  0.35586061E+000
  0.35493096E+000
  0.35432143E+000
  0.35386919E+000
  0.35352992E+000
  0.35327937E+000
  0.35309977E+000
  0.35297705E+000
  0.35289991E+000
  0.35285925E+000
  0.35284770E+000
  0.35285934E+000
  0.35288940E+000
  0.35293399E+000
  0.35299001E+000
  0.35305495E+000
  0.35312679E+000
  0.35320390E+000
  0.35328495E+000
  0.35336887E+000
  0.35345478E+000
  0.35354198E+000
  0.35362987E+000
  0.35371796E+000
  0.35380584E+000
  0.35389315E+000
  0.35397960E+000
  0.35406493E+000
  0.35414891E+000
  0.35423134E+000
  0.35431203E+000
  0.35439082E+000
  0.35446758E+000
  0.35454216E+000
  0.35461447E+000
  0.35468440E+000
  0.35475186E+000
  0.35481681E+000
  0.35487918E+000
  0.35493893E+000
  0.35499605E+000
  0.35505054E+000
  0.35510240E+000
  0.35515165E+000
  0.35519833E+000
  0.35524248E+000
  0.35528418E+000
  0.35532349E+000
  0.35536049E+000
  0.35539528E+000
  0.35542794E+000
  0.35545858E+000
  0.35548730E+000
  0.35551421E+000
  0.35553942E+000
  0.35556304E+000
  0.35558517E+000
  0.35560590E+000
  0.35562534E+000
  0.35564357E+000
  0.35566068E+000
  0.35567673E+000
  0.35569180E+000
  0.35570595E+000
  0.35571923E+000
  0.35573169E+000
  0.35574337E+000
  0.35575433E+000
  0.35576458E+000
  0.35577416E+000
  0.35578310E+000
  0.35579143E+000
  0.35579917E+000
  0.35580636E+000
  0.35581300E+000
  0.35581914E+000
  0.35582479E+000
  0.35582998E+000
  0.35583473E+000
  0.35583907E+000
  0.35584301E+000
  0.35584659E+000
  0.35584983E+000
  0.35585274E+000
  0.35585535E+000
  0.35585769E+000
  0.35585977E+000
  0.35586161E+000
  0.35586323E+000
  0.35586465E+000
  0.35586588E+000
  0.35586695E+000
  0.35586785E+000
  0.35586862E+000
  0.35586926E+000
  0.35586979E+000
  0.35587021E+000
  0.35587053E+000
  0.35587078E+000
  0.35587094E+000
  0.35587104E+000
  0.35587108E+000
  0.35587107E+000
  0.35587102E+000
  0.35587092E+000
  0.35587079E+000
  0.35587063E+000
  0.35587045E+000
  0.35587025E+000
  0.35587003E+000
  0.35586980E+000
  0.35586956E+000
  0.35586931E+000
  0.35586906E+000
  0.35586880E+000
  0.35586854E+000
  0.35586829E+000
  0.35586803E+000
  0.35586778E+000
  0.35586753E+000
  0.35586728E+000
  0.35586704E+000
  0.35586681E+000
  0.35586658E+000
  0.35586635E+000
  0.35586613E+000
  0.35586592E+000
  0.35586571E+000
  0.35586551E+000
  0.35586532E+000
  0.35586513E+000
  0.35586494E+000
  0.35586477E+000
  0.35586459E+000
  0.35586443E+000
  0.35586427E+000
  0.35586411E+000
  0.35586396E+000
  0.35586382E+000
  0.35586368E+000
  0.35586354E+000
  0.35586341E+000
  0.35586329E+000
  0.35586316E+000
  0.35586305E+000
  0.35586294E+000
  0.35586283E+000
  0.35586272E+000
  0.35586263E+000
  0.35586253E+000
  0.35586244E+000
  0.35586235E+000
  0.35586227E+000
  0.35586218E+000
  0.35586211E+000
  0.35586203E+000
  0.35586196E+000
  0.35586189E+000
  0.35586183E+000
  0.35586177E+000
  0.35586171E+000
  0.35586165E+000
  0.35586159E+000
  0.35586154E+000
  0.35586149E+000
  0.35586145E+000
  0.35586140E+000
  0.35586136E+000
  0.35586132E+000
  0.35586128E+000
  0.35586124E+000
  0.35586121E+000
  0.35586117E+000
  0.35586114E+000
  0.35586111E+000
  0.35586108E+000
  0.35586105E+000
  0.35586103E+000
  0.35586100E+000
  0.35586098E+000
  0.35586096E+000
  0.35586093E+000
  0.35586091E+000
  0.35586090E+000
  0.35586088E+000
  0.35586086E+000
  0.35586084E+000
  0.35586083E+000
  0.35586082E+000
  0.35586080E+000
  0.35586079E+000
  0.35586078E+000
  0.35586077E+000
  0.35586076E+000
  0.35586075E+000
  0.35586074E+000
  0.35586073E+000
  0.35586072E+000
  0.35586071E+000
  0.35586070E+000
