  0.16379991E+000  0.15066445E+000  0.42785525E+000  0.18701409E+001
  0.16301686E+000  0.15039042E+000  0.42627548E+000  0.18685171E+001
  0.16221358E+000  0.15048014E+000  0.42525402E+000  0.18668355E+001
  0.16171813E+000  0.15028671E+000  0.42377712E+000  0.18662548E+001
  0.16118452E+000  0.15033591E+000  0.42260667E+000  0.18657075E+001
  0.16087825E+000  0.15026513E+000  0.42151382E+000  0.18654234E+001
  0.16069977E+000  0.15019195E+000  0.42150363E+000  0.18643028E+001
  0.16048834E+000  0.14993473E+000  0.42135361E+000  0.18638474E+001
  0.16016886E+000  0.14988108E+000  0.42093147E+000  0.18638252E+001
  0.15988613E+000  0.14999872E+000  0.42003785E+000  0.18642797E+001
  0.15978737E+000  0.14970846E+000  0.42007892E+000  0.18642011E+001
  0.15976344E+000  0.14967274E+000  0.41999895E+000  0.18640617E+001
  0.15966110E+000  0.14964460E+000  0.41990467E+000  0.18641303E+001
  0.15958435E+000  0.14971844E+000  0.41988543E+000  0.18640982E+001
  0.15949717E+000  0.14977001E+000  0.41993173E+000  0.18641178E+001
  0.15949565E+000  0.14965995E+000  0.41973874E+000  0.18645228E+001
  0.15931290E+000  0.14963818E+000  0.41924422E+000  0.18653803E+001
  0.15933048E+000  0.14964745E+000  0.41929772E+000  0.18655064E+001
  0.15931521E+000  0.14971177E+000  0.41934329E+000  0.18656578E+001
  0.15933879E+000  0.14974227E+000  0.41940027E+000  0.18658253E+001
  0.15936458E+000  0.14977019E+000  0.41924901E+000  0.18662282E+001
  0.15935851E+000  0.14979834E+000  0.41935659E+000  0.18664256E+001
  0.15938703E+000  0.14972054E+000  0.41953427E+000  0.18666419E+001
  0.15941642E+000  0.14975635E+000  0.41961036E+000  0.18668595E+001
  0.15944638E+000  0.14979295E+000  0.41968897E+000  0.18670843E+001
  0.15937964E+000  0.14992674E+000  0.41971810E+000  0.18673668E+001
  0.15937676E+000  0.14999709E+000  0.41980076E+000  0.18676020E+001
  0.15940724E+000  0.15003396E+000  0.41988484E+000  0.18678407E+001
  0.15943757E+000  0.15007061E+000  0.41996996E+000  0.18680819E+001
  0.15946451E+000  0.15011002E+000  0.42005586E+000  0.18683250E+001
  0.15948781E+000  0.15015224E+000  0.42008921E+000  0.18686221E+001
  0.15949118E+000  0.15021337E+000  0.41976670E+000  0.18692760E+001
  0.15950992E+000  0.15025798E+000  0.41925046E+000  0.18701237E+001
  0.15953819E+000  0.15029020E+000  0.41908118E+000  0.18706254E+001
  0.15956589E+000  0.15032317E+000  0.41908171E+000  0.18709547E+001
  0.15959299E+000  0.15035532E+000  0.41915299E+000  0.18712117E+001
  0.15961947E+000  0.15038658E+000  0.41922449E+000  0.18714663E+001
  0.15964534E+000  0.15041690E+000  0.41929596E+000  0.18717185E+001
  0.15967060E+000  0.15044627E+000  0.41936728E+000  0.18719680E+001
  0.15969524E+000  0.15047467E+000  0.41943836E+000  0.18722145E+001
  0.15971929E+000  0.15050208E+000  0.41950909E+000  0.18724579E+001
  0.15974276E+000  0.15052850E+000  0.41957936E+000  0.18726978E+001
  0.15976563E+000  0.15055398E+000  0.41964907E+000  0.18729341E+001
  0.15978803E+000  0.15057842E+000  0.41971811E+000  0.18731667E+001
  0.15980992E+000  0.15060189E+000  0.41978637E+000  0.18733954E+001
  0.15983136E+000  0.15062440E+000  0.41985375E+000  0.18736201E+001
  0.15985236E+000  0.15064598E+000  0.41992014E+000  0.18738405E+001
  0.15987296E+000  0.15066666E+000  0.41998545E+000  0.18740566E+001
  0.15989319E+000  0.15068645E+000  0.42004957E+000  0.18742683E+001
  0.15991309E+000  0.15070541E+000  0.42011243E+000  0.18744755E+001
  0.15993267E+000  0.15072356E+000  0.42017393E+000  0.18746780E+001
  0.15995198E+000  0.15074095E+000  0.42023400E+000  0.18748759E+001
  0.15997102E+000  0.15075762E+000  0.42029258E+000  0.18750689E+001
  0.15998982E+000  0.15077360E+000  0.42034959E+000  0.18752571E+001
  0.16000840E+000  0.15078895E+000  0.42040500E+000  0.18754403E+001
  0.16002677E+000  0.15080370E+000  0.42045876E+000  0.18756185E+001
  0.16004497E+000  0.15081784E+000  0.42051085E+000  0.18757917E+001
  0.16006293E+000  0.15083151E+000  0.42056123E+000  0.18759598E+001
  0.16008068E+000  0.15084470E+000  0.42060990E+000  0.18761228E+001
  0.16009823E+000  0.15085744E+000  0.42065684E+000  0.18762806E+001
  0.16011555E+000  0.15086976E+000  0.42070206E+000  0.18764332E+001
  0.16013264E+000  0.15088168E+000  0.42074558E+000  0.18765806E+001
  0.16014948E+000  0.15089323E+000  0.42078739E+000  0.18767228E+001
  0.16016605E+000  0.15090443E+000  0.42082752E+000  0.18768597E+001
  0.16018234E+000  0.15091529E+000  0.42086600E+000  0.18769915E+001
  0.16019831E+000  0.15092583E+000  0.42090285E+000  0.18771181E+001
  0.16021395E+000  0.15093605E+000  0.42093809E+000  0.18772396E+001
  0.16022923E+000  0.15094597E+000  0.42097177E+000  0.18773559E+001
  0.16024412E+000  0.15095558E+000  0.42100392E+000  0.18774673E+001
  0.16025861E+000  0.15096490E+000  0.42103457E+000  0.18775736E+001
  0.16027267E+000  0.15097392E+000  0.42106377E+000  0.18776751E+001
  0.16028628E+000  0.15098263E+000  0.42109154E+000  0.18777717E+001
  0.16029942E+000  0.15099105E+000  0.42111793E+000  0.18778637E+001
  0.16031207E+000  0.15099916E+000  0.42114299E+000  0.18779510E+001
  0.16032422E+000  0.15100697E+000  0.42116674E+000  0.18780338E+001
  0.16033585E+000  0.15101447E+000  0.42118923E+000  0.18781123E+001
  0.16034697E+000  0.15102167E+000  0.42121051E+000  0.18781865E+001
  0.16035755E+000  0.15102855E+000  0.42123061E+000  0.18782565E+001
  0.16036760E+000  0.15103512E+000  0.42124957E+000  0.18783226E+001
  0.16037712E+000  0.15104137E+000  0.42126743E+000  0.18783849E+001
  0.16038607E+000  0.15104736E+000  0.42128425E+000  0.18784435E+001
  0.16039454E+000  0.15105300E+000  0.42130005E+000  0.18784985E+001
  0.16040249E+000  0.15105833E+000  0.42131488E+000  0.18785501E+001
  0.16040994E+000  0.15106336E+000  0.42132878E+000  0.18785985E+001
  0.16041690E+000  0.15106810E+000  0.42134180E+000  0.18786438E+001
  0.16042339E+000  0.15107255E+000  0.42135397E+000  0.18786861E+001
  0.16042942E+000  0.15107671E+000  0.42136533E+000  0.18787257E+001
  0.16043501E+000  0.15108061E+000  0.42137593E+000  0.18787625E+001
  0.16044018E+000  0.15108424E+000  0.42138580E+000  0.18787969E+001
  0.16044496E+000  0.15108762E+000  0.42139499E+000  0.18788289E+001
  0.16044936E+000  0.15109076E+000  0.42140354E+000  0.18788587E+001
  0.16045341E+000  0.15109367E+000  0.42141147E+000  0.18788864E+001
  0.16045713E+000  0.15109637E+000  0.42141884E+000  0.18789122E+001
  0.16046055E+000  0.15109886E+000  0.42142568E+000  0.18789361E+001
  0.16046368E+000  0.15110116E+000  0.42143203E+000  0.18789584E+001
  0.16046655E+000  0.15110329E+000  0.42143792E+000  0.18789791E+001
  0.16046918E+000  0.15110525E+000  0.42144339E+000  0.18789983E+001
  0.16047159E+000  0.15110705E+000  0.42144846E+000  0.18790162E+001
  0.16047380E+000  0.15110872E+000  0.42145318E+000  0.18790329E+001
  0.16047583E+000  0.15111014E+000  0.42145770E+000  0.18790484E+001
  0.16047770E+000  0.15111156E+000  0.42146180E+000  0.18790629E+001
  0.16047942E+000  0.15111288E+000  0.42146563E+000  0.18790766E+001
  0.16048101E+000  0.15111410E+000  0.42146922E+000  0.18790893E+001
  0.16048248E+000  0.15111524E+000  0.42147260E+000  0.18791014E+001
  0.16048386E+000  0.15111630E+000  0.42147578E+000  0.18791127E+001
  0.16048514E+000  0.15111730E+000  0.42147879E+000  0.18791235E+001
  0.16048635E+000  0.15111823E+000  0.42148165E+000  0.18791337E+001
  0.16048748E+000  0.15111911E+000  0.42148438E+000  0.18791435E+001
  0.16048856E+000  0.15111995E+000  0.42148700E+000  0.18791528E+001
  0.16048958E+000  0.15112075E+000  0.42148951E+000  0.18791617E+001
  0.16049055E+000  0.15112151E+000  0.42149193E+000  0.18791704E+001
  0.16049149E+000  0.15112224E+000  0.42149428E+000  0.18791787E+001
  0.16049240E+000  0.15112295E+000  0.42149656E+000  0.18791868E+001
  0.16049327E+000  0.15112363E+000  0.42149878E+000  0.18791947E+001
  0.16049412E+000  0.15112430E+000  0.42150095E+000  0.18792024E+001
  0.16049495E+000  0.15112495E+000  0.42150308E+000  0.18792098E+001
  0.16049575E+000  0.15112558E+000  0.42150516E+000  0.18792171E+001
  0.16049654E+000  0.15112619E+000  0.42150719E+000  0.18792242E+001
  0.16049731E+000  0.15112679E+000  0.42150919E+000  0.18792312E+001
  0.16049807E+000  0.15112738E+000  0.42151115E+000  0.18792380E+001
  0.16049880E+000  0.15112796E+000  0.42151307E+000  0.18792446E+001
  0.16049952E+000  0.15112852E+000  0.42151495E+000  0.18792510E+001
  0.16050023E+000  0.15112906E+000  0.42151678E+000  0.18792573E+001
  0.16050091E+000  0.15112959E+000  0.42151855E+000  0.18792633E+001
  0.16050158E+000  0.15113011E+000  0.42152028E+000  0.18792691E+001
  0.16050222E+000  0.15113060E+000  0.42152194E+000  0.18792747E+001
  0.16050284E+000  0.15113108E+000  0.42152354E+000  0.18792800E+001
  0.16050344E+000  0.15113153E+000  0.42152507E+000  0.18792851E+001
  0.16050401E+000  0.15113197E+000  0.42152652E+000  0.18792898E+001
  0.16050455E+000  0.15113238E+000  0.42152790E+000  0.18792943E+001
  0.16050506E+000  0.15113277E+000  0.42152919E+000  0.18792985E+001
  0.16050554E+000  0.15113313E+000  0.42153040E+000  0.18793023E+001
  0.16050599E+000  0.15113346E+000  0.42153152E+000  0.18793058E+001
  0.16050640E+000  0.15113377E+000  0.42153255E+000  0.18793090E+001
  0.16050678E+000  0.15113405E+000  0.42153348E+000  0.18793119E+001
  0.16050712E+000  0.15113430E+000  0.42153433E+000  0.18793144E+001
  0.16050743E+000  0.15113452E+000  0.42153508E+000  0.18793166E+001
  0.16050771E+000  0.15113472E+000  0.42153574E+000  0.18793185E+001
  0.16050795E+000  0.15113489E+000  0.42153632E+000  0.18793201E+001
  0.16050815E+000  0.15113503E+000  0.42153680E+000  0.18793214E+001
  0.16050833E+000  0.15113515E+000  0.42153721E+000  0.18793224E+001
  0.16050847E+000  0.15113525E+000  0.42153754E+000  0.18793232E+001
  0.16050859E+000  0.15113532E+000  0.42153779E+000  0.18793237E+001
  0.16050867E+000  0.15113537E+000  0.42153798E+000  0.18793240E+001
  0.16050873E+000  0.15113541E+000  0.42153809E+000  0.18793240E+001
  0.16050877E+000  0.15113542E+000  0.42153815E+000  0.18793238E+001
  0.16050878E+000  0.15113541E+000  0.42153815E+000  0.18793235E+001
  0.16050876E+000  0.15113539E+000  0.42153809E+000  0.18793229E+001
  0.16050873E+000  0.15113536E+000  0.42153798E+000  0.18793222E+001
  0.16050868E+000  0.15113530E+000  0.42153783E+000  0.18793214E+001
  0.16050861E+000  0.15113524E+000  0.42153763E+000  0.18793204E+001
  0.16050852E+000  0.15113516E+000  0.42153739E+000  0.18793192E+001
  0.16050842E+000  0.15113507E+000  0.42153712E+000  0.18793179E+001
  0.16050830E+000  0.15113497E+000  0.42153680E+000  0.18793165E+001
  0.16050817E+000  0.15113486E+000  0.42153645E+000  0.18793150E+001
  0.16050802E+000  0.15113474E+000  0.42153607E+000  0.18793134E+001
  0.16050786E+000  0.15113461E+000  0.42153566E+000  0.18793117E+001
  0.16050770E+000  0.15113447E+000  0.42153522E+000  0.18793099E+001
  0.16050752E+000  0.15113432E+000  0.42153476E+000  0.18793080E+001
  0.16050733E+000  0.15113417E+000  0.42153428E+000  0.18793061E+001
  0.16050713E+000  0.15113401E+000  0.42153378E+000  0.18793041E+001
  0.16050693E+000  0.15113385E+000  0.42153327E+000  0.18793021E+001
  0.16050673E+000  0.15113368E+000  0.42153274E+000  0.18793000E+001
  0.16050652E+000  0.15113352E+000  0.42153221E+000  0.18792980E+001
  0.16050630E+000  0.15113335E+000  0.42153168E+000  0.18792959E+001
  0.16050609E+000  0.15113318E+000  0.42153114E+000  0.18792939E+001
  0.16050588E+000  0.15113301E+000  0.42153062E+000  0.18792920E+001
  0.16050567E+000  0.15113285E+000  0.42153010E+000  0.18792900E+001
  0.16050547E+000  0.15113269E+000  0.42152961E+000  0.18792882E+001
  0.16050527E+000  0.15113253E+000  0.42152913E+000  0.18792865E+001
  0.16050508E+000  0.15113239E+000  0.42152868E+000  0.18792849E+001
  0.16050491E+000  0.15113225E+000  0.42152826E+000  0.18792834E+001
  0.16050474E+000  0.15113213E+000  0.42152787E+000  0.18792820E+001
  0.16050459E+000  0.15113201E+000  0.42152752E+000  0.18792808E+001
  0.16050445E+000  0.15113191E+000  0.42152721E+000  0.18792798E+001
  0.16050433E+000  0.15113182E+000  0.42152695E+000  0.18792790E+001
  0.16050423E+000  0.15113174E+000  0.42152673E+000  0.18792783E+001
  0.16050414E+000  0.15113168E+000  0.42152655E+000  0.18792778E+001
  0.16050407E+000  0.15113164E+000  0.42152643E+000  0.18792775E+001
  0.16050402E+000  0.15113161E+000  0.42152635E+000  0.18792774E+001
  0.16050399E+000  0.15113159E+000  0.42152633E+000  0.18792775E+001
  0.16050398E+000  0.15113159E+000  0.42152634E+000  0.18792777E+001
  0.16050399E+000  0.15113161E+000  0.42152641E+000  0.18792781E+001
  0.16050401E+000  0.15113163E+000  0.42152651E+000  0.18792786E+001
  0.16050405E+000  0.15113167E+000  0.42152665E+000  0.18792793E+001
  0.16050410E+000  0.15113172E+000  0.42152684E+000  0.18792802E+001
  0.16050417E+000  0.15113178E+000  0.42152705E+000  0.18792811E+001
  0.16050426E+000  0.15113185E+000  0.42152729E+000  0.18792821E+001
  0.16050435E+000  0.15113193E+000  0.42152757E+000  0.18792833E+001
  0.16050446E+000  0.15113202E+000  0.42152786E+000  0.18792845E+001
  0.16050457E+000  0.15113212E+000  0.42152817E+000  0.18792857E+001
  0.16050469E+000  0.15113222E+000  0.42152850E+000  0.18792870E+001
  0.16050481E+000  0.15113231E+000  0.42152882E+000  0.18792883E+001
  0.16050493E+000  0.15113241E+000  0.42152915E+000  0.18792896E+001
  0.16050505E+000  0.15113250E+000  0.42152947E+000  0.18792909E+001
  0.16050518E+000  0.15113260E+000  0.42152982E+000  0.18792923E+001
  0.16050533E+000  0.15113274E+000  0.42153027E+000  0.18792939E+001
  0.16050554E+000  0.15113293E+000  0.42153088E+000  0.18792961E+001
  0.16050583E+000  0.15113320E+000  0.42153166E+000  0.18792987E+001
  0.16050615E+000  0.15113350E+000  0.42153247E+000  0.18793011E+001
