 -0.19344894E-001
 -0.19418138E-001
 -0.19465435E-001
 -0.19496672E-001
 -0.19517108E-001
 -0.19529761E-001
 -0.19536738E-001
 -0.19539505E-001
 -0.19539115E-001
 -0.19536358E-001
 -0.19531844E-001
 -0.19526041E-001
 -0.19519360E-001
 -0.19512059E-001
 -0.19504344E-001
 -0.19496387E-001
 -0.19488325E-001
 -0.19480270E-001
 -0.19472308E-001
 -0.19464507E-001
 -0.19456919E-001
 -0.19449582E-001
 -0.19442525E-001
 -0.19435769E-001
 -0.19429328E-001
 -0.19423210E-001
 -0.19417417E-001
 -0.19411951E-001
 -0.19406808E-001
 -0.19401982E-001
 -0.19397467E-001
 -0.19393251E-001
 -0.19389326E-001
 -0.19385679E-001
 -0.19382298E-001
 -0.19379169E-001
 -0.19376280E-001
 -0.19373616E-001
 -0.19371165E-001
 -0.19368912E-001
 -0.19366845E-001
 -0.19364951E-001
 -0.19363217E-001
 -0.19361632E-001
 -0.19360185E-001
 -0.19358865E-001
 -0.19357663E-001
 -0.19356569E-001
 -0.19355574E-001
 -0.19354671E-001
 -0.19353851E-001
 -0.19353109E-001
 -0.19352436E-001
 -0.19351828E-001
 -0.19351278E-001
 -0.19350782E-001
 -0.19350334E-001
 -0.19349930E-001
 -0.19349565E-001
 -0.19349235E-001
 -0.19348938E-001
 -0.19348669E-001
 -0.19348425E-001
 -0.19348204E-001
 -0.19348004E-001
 -0.19347821E-001
 -0.19347655E-001
 -0.19347502E-001
 -0.19347361E-001
 -0.19347232E-001
 -0.19347112E-001
 -0.19347001E-001
 -0.19346897E-001
 -0.19346799E-001
 -0.19346708E-001
 -0.19346621E-001
 -0.19346540E-001
 -0.19346462E-001
 -0.19346388E-001
 -0.19346317E-001
 -0.19346250E-001
 -0.19346186E-001
 -0.19346124E-001
 -0.19346065E-001
 -0.19346008E-001
 -0.19345955E-001
 -0.19345903E-001
 -0.19345854E-001
 -0.19345807E-001
 -0.19345762E-001
 -0.19345720E-001
 -0.19345680E-001
 -0.19345642E-001
 -0.19345606E-001
 -0.19345572E-001
 -0.19345540E-001
 -0.19345510E-001
 -0.19345481E-001
 -0.19345455E-001
 -0.19345429E-001
 -0.19345406E-001
 -0.19345383E-001
 -0.19345362E-001
 -0.19345341E-001
 -0.19345322E-001
 -0.19345304E-001
 -0.19345286E-001
 -0.19345268E-001
 -0.19345252E-001
 -0.19345235E-001
 -0.19345219E-001
 -0.19345203E-001
 -0.19345187E-001
 -0.19345171E-001
 -0.19345155E-001
 -0.19345139E-001
 -0.19345123E-001
 -0.19345107E-001
 -0.19345091E-001
 -0.19345075E-001
 -0.19345059E-001
 -0.19345043E-001
 -0.19345027E-001
 -0.19345012E-001
 -0.19344997E-001
 -0.19344982E-001
 -0.19344969E-001
 -0.19344955E-001
 -0.19344943E-001
 -0.19344931E-001
 -0.19344920E-001
 -0.19344911E-001
 -0.19344902E-001
 -0.19344894E-001
 -0.19344887E-001
 -0.19344881E-001
 -0.19344876E-001
 -0.19344872E-001
 -0.19344868E-001
 -0.19344866E-001
 -0.19344864E-001
 -0.19344863E-001
 -0.19344862E-001
 -0.19344862E-001
 -0.19344862E-001
 -0.19344862E-001
 -0.19344862E-001
 -0.19344863E-001
 -0.19344864E-001
 -0.19344865E-001
 -0.19344865E-001
 -0.19344866E-001
 -0.19344867E-001
 -0.19344868E-001
 -0.19344869E-001
 -0.19344870E-001
 -0.19344871E-001
 -0.19344873E-001
 -0.19344874E-001
 -0.19344875E-001
 -0.19344877E-001
 -0.19344878E-001
 -0.19344880E-001
 -0.19344882E-001
 -0.19344884E-001
 -0.19344886E-001
 -0.19344888E-001
 -0.19344890E-001
 -0.19344892E-001
 -0.19344895E-001
 -0.19344897E-001
 -0.19344899E-001
 -0.19344901E-001
 -0.19344903E-001
 -0.19344905E-001
 -0.19344907E-001
 -0.19344908E-001
 -0.19344909E-001
 -0.19344911E-001
 -0.19344911E-001
 -0.19344912E-001
 -0.19344912E-001
 -0.19344913E-001
 -0.19344912E-001
 -0.19344912E-001
 -0.19344911E-001
 -0.19344911E-001
 -0.19344910E-001
 -0.19344909E-001
 -0.19344907E-001
 -0.19344906E-001
 -0.19344904E-001
 -0.19344903E-001
 -0.19344902E-001
 -0.19344901E-001
 -0.19344900E-001
 -0.19344897E-001
 -0.19344892E-001
 -0.19344882E-001
 -0.19344874E-001
