  0.12219336E+001
  0.12214829E+001
  0.12211506E+001
  0.12208973E+001
  0.12206982E+001
  0.12205403E+001
  0.12204202E+001
  0.12203217E+001
  0.12202419E+001
  0.12201781E+001
  0.12201241E+001
  0.12200814E+001
  0.12200491E+001
  0.12200251E+001
  0.12200076E+001
  0.12199950E+001
  0.12199864E+001
  0.12199811E+001
  0.12199784E+001
  0.12199778E+001
  0.12199794E+001
  0.12199820E+001
  0.12199857E+001
  0.12199903E+001
  0.12199955E+001
  0.12200013E+001
  0.12200074E+001
  0.12200138E+001
  0.12200204E+001
  0.12200270E+001
  0.12200337E+001
  0.12200403E+001
  0.12200468E+001
  0.12200532E+001
  0.12200595E+001
  0.12200657E+001
  0.12200716E+001
  0.12200774E+001
  0.12200830E+001
  0.12200884E+001
  0.12200936E+001
  0.12200986E+001
  0.12201034E+001
  0.12201080E+001
  0.12201124E+001
  0.12201167E+001
  0.12201208E+001
  0.12201247E+001
  0.12201285E+001
  0.12201321E+001
  0.12201357E+001
  0.12201392E+001
  0.12201425E+001
  0.12201457E+001
  0.12201488E+001
  0.12201518E+001
  0.12201546E+001
  0.12201573E+001
  0.12201598E+001
  0.12201623E+001
  0.12201646E+001
  0.12201668E+001
  0.12201690E+001
  0.12201710E+001
  0.12201729E+001
  0.12201748E+001
  0.12201765E+001
  0.12201782E+001
  0.12201798E+001
  0.12201813E+001
  0.12201827E+001
  0.12201840E+001
  0.12201853E+001
  0.12201865E+001
  0.12201876E+001
  0.12201887E+001
  0.12201897E+001
  0.12201906E+001
  0.12201914E+001
  0.12201923E+001
  0.12201930E+001
  0.12201937E+001
  0.12201943E+001
  0.12201949E+001
  0.12201955E+001
  0.12201960E+001
  0.12201965E+001
  0.12201969E+001
  0.12201973E+001
  0.12201977E+001
  0.12201981E+001
  0.12201984E+001
  0.12201987E+001
  0.12201989E+001
  0.12201992E+001
  0.12201994E+001
  0.12201996E+001
  0.12201998E+001
  0.12201999E+001
  0.12202001E+001
  0.12202002E+001
  0.12202003E+001
  0.12202004E+001
  0.12202005E+001
  0.12202006E+001
  0.12202007E+001
  0.12202008E+001
  0.12202008E+001
  0.12202009E+001
  0.12202009E+001
  0.12202009E+001
  0.12202010E+001
  0.12202010E+001
  0.12202010E+001
  0.12202010E+001
  0.12202010E+001
  0.12202011E+001
  0.12202011E+001
  0.12202011E+001
  0.12202011E+001
  0.12202011E+001
  0.12202010E+001
  0.12202010E+001
  0.12202010E+001
  0.12202010E+001
  0.12202010E+001
  0.12202010E+001
  0.12202010E+001
  0.12202010E+001
  0.12202010E+001
  0.12202010E+001
  0.12202010E+001
  0.12202010E+001
  0.12202010E+001
  0.12202010E+001
  0.12202010E+001
  0.12202010E+001
  0.12202010E+001
  0.12202010E+001
  0.12202010E+001
  0.12202010E+001
  0.12202010E+001
  0.12202011E+001
  0.12202011E+001
  0.12202011E+001
  0.12202011E+001
  0.12202012E+001
  0.12202012E+001
  0.12202013E+001
  0.12202013E+001
  0.12202013E+001
  0.12202014E+001
  0.12202014E+001
  0.12202015E+001
  0.12202016E+001
  0.12202016E+001
  0.12202017E+001
  0.12202018E+001
  0.12202018E+001
  0.12202019E+001
  0.12202020E+001
  0.12202020E+001
  0.12202021E+001
  0.12202022E+001
  0.12202023E+001
  0.12202023E+001
  0.12202024E+001
  0.12202025E+001
  0.12202026E+001
  0.12202027E+001
  0.12202028E+001
  0.12202028E+001
  0.12202029E+001
  0.12202030E+001
  0.12202031E+001
  0.12202032E+001
  0.12202032E+001
  0.12202033E+001
  0.12202034E+001
  0.12202035E+001
  0.12202036E+001
  0.12202036E+001
  0.12202037E+001
  0.12202038E+001
  0.12202039E+001
  0.12202039E+001
  0.12202040E+001
  0.12202041E+001
  0.12202041E+001
  0.12202042E+001
  0.12202042E+001
  0.12202043E+001
  0.12202044E+001
  0.12202044E+001
  0.12202045E+001
  0.12202045E+001
  0.12202046E+001
  0.12202046E+001
  0.12202047E+001
  0.12202047E+001
