  0.56417903E+000  0.82648850E+000  0.11760582E+001  0.23469280E+001
  0.56399044E+000  0.82553770E+000  0.11762375E+001  0.23458608E+001
  0.56385927E+000  0.82497489E+000  0.11738786E+001  0.23455839E+001
  0.56375666E+000  0.82451382E+000  0.11768360E+001  0.23452483E+001
  0.56367092E+000  0.82428377E+000  0.11768876E+001  0.23451315E+001
  0.56360329E+000  0.82423444E+000  0.11767147E+001  0.23451208E+001
  0.56354667E+000  0.82419602E+000  0.11765868E+001  0.23451048E+001
  0.56350101E+000  0.82416422E+000  0.11761056E+001  0.23420678E+001
  0.56346325E+000  0.82411259E+000  0.11765147E+001  0.23450042E+001
  0.56343344E+000  0.82405791E+000  0.11765162E+001  0.23449695E+001
  0.56340933E+000  0.82401122E+000  0.11765219E+001  0.23449432E+001
  0.56335395E+000  0.82400602E+000  0.11766251E+001  0.23448311E+001
  0.56333887E+000  0.82398686E+000  0.11766228E+001  0.23448155E+001
  0.56332732E+000  0.82397095E+000  0.11766242E+001  0.23448036E+001
  0.56331873E+000  0.82395780E+000  0.11766282E+001  0.23447950E+001
  0.56331172E+000  0.82394793E+000  0.11766339E+001  0.23447891E+001
  0.56330721E+000  0.82394034E+000  0.11766395E+001  0.23447864E+001
  0.56330415E+000  0.82393404E+000  0.11766477E+001  0.23447847E+001
  0.56330302E+000  0.82392874E+000  0.11766565E+001  0.23447844E+001
  0.56330168E+000  0.82392611E+000  0.11766659E+001  0.23447854E+001
  0.56330265E+000  0.82392327E+000  0.11766755E+001  0.23447873E+001
  0.56330438E+000  0.82392141E+000  0.11766852E+001  0.23447900E+001
  0.56330678E+000  0.82392034E+000  0.11766950E+001  0.23447934E+001
  0.56330972E+000  0.82391997E+000  0.11767048E+001  0.23447972E+001
  0.56331308E+000  0.82392019E+000  0.11767144E+001  0.23448014E+001
  0.56331679E+000  0.82392093E+000  0.11767239E+001  0.23448059E+001
  0.56332077E+000  0.82392078E+000  0.11767344E+001  0.23448105E+001
  0.56332495E+000  0.82392488E+000  0.11767408E+001  0.23448153E+001
  0.56332929E+000  0.82392910E+000  0.11767472E+001  0.23448201E+001
  0.56333375E+000  0.82393340E+000  0.11767534E+001  0.23448249E+001
  0.56333828E+000  0.82393772E+000  0.11767595E+001  0.23448296E+001
  0.56334284E+000  0.82394205E+000  0.11767654E+001  0.23448343E+001
  0.56334742E+000  0.82394635E+000  0.11767711E+001  0.23448388E+001
  0.56335198E+000  0.82395060E+000  0.11767767E+001  0.23448432E+001
  0.56335650E+000  0.82395477E+000  0.11767820E+001  0.23448474E+001
  0.56336096E+000  0.82395869E+000  0.11767873E+001  0.23448513E+001
  0.56336534E+000  0.82396266E+000  0.11767923E+001  0.23448551E+001
  0.56336963E+000  0.82396649E+000  0.11767970E+001  0.23448586E+001
  0.56337381E+000  0.82397019E+000  0.11768015E+001  0.23448619E+001
  0.56337786E+000  0.82397374E+000  0.11768057E+001  0.23448650E+001
  0.56338179E+000  0.82397713E+000  0.11768097E+001  0.23448678E+001
  0.56338556E+000  0.82398036E+000  0.11768135E+001  0.23448704E+001
  0.56338919E+000  0.82398343E+000  0.11768170E+001  0.23448728E+001
  0.56339265E+000  0.82398631E+000  0.11768204E+001  0.23448749E+001
  0.56339595E+000  0.82398903E+000  0.11768235E+001  0.23448768E+001
  0.56339907E+000  0.82399157E+000  0.11768263E+001  0.23448786E+001
  0.56340203E+000  0.82399393E+000  0.11768290E+001  0.23448801E+001
  0.56340481E+000  0.82399612E+000  0.11768315E+001  0.23448815E+001
  0.56340742E+000  0.82399814E+000  0.11768337E+001  0.23448826E+001
  0.56340985E+000  0.82400000E+000  0.11768358E+001  0.23448837E+001
  0.56341212E+000  0.82400170E+000  0.11768377E+001  0.23448846E+001
  0.56341423E+000  0.82400324E+000  0.11768394E+001  0.23448853E+001
  0.56341618E+000  0.82400464E+000  0.11768410E+001  0.23448860E+001
  0.56341797E+000  0.82400591E+000  0.11768424E+001  0.23448865E+001
  0.56341962E+000  0.82400705E+000  0.11768437E+001  0.23448870E+001
  0.56342114E+000  0.82400806E+000  0.11768448E+001  0.23448874E+001
  0.56342253E+000  0.82400897E+000  0.11768459E+001  0.23448877E+001
  0.56342381E+000  0.82400978E+000  0.11768468E+001  0.23448880E+001
  0.56342497E+000  0.82401050E+000  0.11768476E+001  0.23448882E+001
  0.56342604E+000  0.82401114E+000  0.11768484E+001  0.23448884E+001
  0.56342701E+000  0.82401171E+000  0.11768491E+001  0.23448885E+001
  0.56342790E+000  0.82401222E+000  0.11768497E+001  0.23448886E+001
  0.56342872E+000  0.82401266E+000  0.11768503E+001  0.23448887E+001
  0.56342947E+000  0.82401306E+000  0.11768508E+001  0.23448888E+001
  0.56343015E+000  0.82401342E+000  0.11768513E+001  0.23448889E+001
  0.56343078E+000  0.82401373E+000  0.11768517E+001  0.23448890E+001
  0.56343137E+000  0.82401402E+000  0.11768521E+001  0.23448890E+001
  0.56343190E+000  0.82401427E+000  0.11768525E+001  0.23448891E+001
  0.56343239E+000  0.82401450E+000  0.11768529E+001  0.23448891E+001
  0.56343285E+000  0.82401471E+000  0.11768532E+001  0.23448892E+001
  0.56343327E+000  0.82401489E+000  0.11768535E+001  0.23448893E+001
  0.56343366E+000  0.82401506E+000  0.11768538E+001  0.23448894E+001
  0.56343402E+000  0.82401522E+000  0.11768541E+001  0.23448895E+001
  0.56343436E+000  0.82401536E+000  0.11768544E+001  0.23448895E+001
  0.56343466E+000  0.82401549E+000  0.11768546E+001  0.23448896E+001
  0.56343495E+000  0.82401561E+000  0.11768549E+001  0.23448897E+001
  0.56343521E+000  0.82401571E+000  0.11768551E+001  0.23448899E+001
  0.56343546E+000  0.82401581E+000  0.11768554E+001  0.23448900E+001
  0.56343568E+000  0.82401591E+000  0.11768556E+001  0.23448901E+001
  0.56343589E+000  0.82401599E+000  0.11768558E+001  0.23448902E+001
  0.56343608E+000  0.82401607E+000  0.11768560E+001  0.23448904E+001
  0.56343626E+000  0.82401614E+000  0.11768562E+001  0.23448905E+001
  0.56343642E+000  0.82401621E+000  0.11768564E+001  0.23448907E+001
  0.56343656E+000  0.82401627E+000  0.11768566E+001  0.23448908E+001
  0.56343670E+000  0.82401632E+000  0.11768569E+001  0.23448910E+001
  0.56343682E+000  0.82401638E+000  0.11768571E+001  0.23448911E+001
  0.56343693E+000  0.82401643E+000  0.11768573E+001  0.23448913E+001
  0.56343704E+000  0.82401648E+000  0.11768575E+001  0.23448915E+001
  0.56343713E+000  0.82401652E+000  0.11768576E+001  0.23448917E+001
  0.56343721E+000  0.82401656E+000  0.11768578E+001  0.23448919E+001
  0.56343729E+000  0.82401660E+000  0.11768580E+001  0.23448921E+001
  0.56343736E+000  0.82401664E+000  0.11768582E+001  0.23448923E+001
  0.56343743E+000  0.82401668E+000  0.11768584E+001  0.23448925E+001
  0.56343749E+000  0.82401672E+000  0.11768586E+001  0.23448927E+001
  0.56343754E+000  0.82401675E+000  0.11768588E+001  0.23448929E+001
  0.56343759E+000  0.82401679E+000  0.11768590E+001  0.23448931E+001
  0.56343763E+000  0.82401682E+000  0.11768592E+001  0.23448933E+001
  0.56343767E+000  0.82401686E+000  0.11768594E+001  0.23448935E+001
  0.56343771E+000  0.82401689E+000  0.11768596E+001  0.23448938E+001
  0.56343774E+000  0.82401693E+000  0.11768597E+001  0.23448940E+001
  0.56343778E+000  0.82401696E+000  0.11768599E+001  0.23448942E+001
  0.56343780E+000  0.82401699E+000  0.11768601E+001  0.23448945E+001
  0.56343783E+000  0.82401703E+000  0.11768603E+001  0.23448947E+001
  0.56343786E+000  0.82401706E+000  0.11768605E+001  0.23448950E+001
  0.56343788E+000  0.82401710E+000  0.11768606E+001  0.23448952E+001
  0.56343790E+000  0.82401713E+000  0.11768608E+001  0.23448955E+001
  0.56343792E+000  0.82401716E+000  0.11768610E+001  0.23448957E+001
  0.56343794E+000  0.82401720E+000  0.11768611E+001  0.23448960E+001
  0.56343796E+000  0.82401723E+000  0.11768613E+001  0.23448963E+001
  0.56343798E+000  0.82401727E+000  0.11768615E+001  0.23448965E+001
  0.56343800E+000  0.82401730E+000  0.11768616E+001  0.23448968E+001
  0.56343801E+000  0.82401734E+000  0.11768618E+001  0.23448971E+001
  0.56343803E+000  0.82401737E+000  0.11768619E+001  0.23448974E+001
  0.56343804E+000  0.82401740E+000  0.11768621E+001  0.23448976E+001
  0.56343806E+000  0.82401744E+000  0.11768622E+001  0.23448979E+001
  0.56343807E+000  0.82401747E+000  0.11768624E+001  0.23448982E+001
  0.56343809E+000  0.82401751E+000  0.11768625E+001  0.23448985E+001
  0.56343810E+000  0.82401754E+000  0.11768627E+001  0.23448987E+001
  0.56343811E+000  0.82401757E+000  0.11768628E+001  0.23448990E+001
  0.56343813E+000  0.82401761E+000  0.11768630E+001  0.23448993E+001
  0.56343814E+000  0.82401764E+000  0.11768631E+001  0.23448996E+001
  0.56343815E+000  0.82401767E+000  0.11768632E+001  0.23448999E+001
  0.56343816E+000  0.82401770E+000  0.11768633E+001  0.23449001E+001
  0.56343818E+000  0.82401774E+000  0.11768635E+001  0.23449004E+001
  0.56343819E+000  0.82401777E+000  0.11768636E+001  0.23449007E+001
  0.56343820E+000  0.82401780E+000  0.11768637E+001  0.23449010E+001
  0.56343821E+000  0.82401783E+000  0.11768638E+001  0.23449013E+001
  0.56343822E+000  0.82401786E+000  0.11768639E+001  0.23449015E+001
  0.56343823E+000  0.82401789E+000  0.11768640E+001  0.23449018E+001
  0.56343824E+000  0.82401792E+000  0.11768642E+001  0.23449021E+001
  0.56343825E+000  0.82401794E+000  0.11768643E+001  0.23449023E+001
  0.56343826E+000  0.82401797E+000  0.11768644E+001  0.23449026E+001
  0.56343827E+000  0.82401800E+000  0.11768645E+001  0.23449029E+001
  0.56343828E+000  0.82401802E+000  0.11768646E+001  0.23449031E+001
  0.56343829E+000  0.82401805E+000  0.11768647E+001  0.23449034E+001
  0.56343830E+000  0.82401807E+000  0.11768647E+001  0.23449037E+001
  0.56343830E+000  0.82401810E+000  0.11768648E+001  0.23449039E+001
  0.56343831E+000  0.82401812E+000  0.11768649E+001  0.23449042E+001
  0.56343832E+000  0.82401814E+000  0.11768650E+001  0.23449044E+001
  0.56343833E+000  0.82401817E+000  0.11768651E+001  0.23449047E+001
  0.56343834E+000  0.82401819E+000  0.11768652E+001  0.23449049E+001
  0.56343834E+000  0.82401821E+000  0.11768653E+001  0.23449052E+001
  0.56343835E+000  0.82401823E+000  0.11768653E+001  0.23449054E+001
  0.56343836E+000  0.82401825E+000  0.11768654E+001  0.23449056E+001
  0.56343836E+000  0.82401827E+000  0.11768655E+001  0.23449059E+001
  0.56343837E+000  0.82401829E+000  0.11768655E+001  0.23449061E+001
  0.56343838E+000  0.82401831E+000  0.11768656E+001  0.23449063E+001
  0.56343838E+000  0.82401832E+000  0.11768657E+001  0.23449065E+001
  0.56343839E+000  0.82401834E+000  0.11768657E+001  0.23449068E+001
  0.56343839E+000  0.82401836E+000  0.11768658E+001  0.23449070E+001
  0.56343840E+000  0.82401837E+000  0.11768659E+001  0.23449072E+001
  0.56343840E+000  0.82401839E+000  0.11768659E+001  0.23449074E+001
  0.56343841E+000  0.82401840E+000  0.11768660E+001  0.23449076E+001
  0.56343841E+000  0.82401842E+000  0.11768660E+001  0.23449078E+001
  0.56343842E+000  0.82401843E+000  0.11768661E+001  0.23449080E+001
  0.56343842E+000  0.82401845E+000  0.11768661E+001  0.23449082E+001
  0.56343843E+000  0.82401846E+000  0.11768662E+001  0.23449084E+001
  0.56343843E+000  0.82401847E+000  0.11768662E+001  0.23449086E+001
  0.56343844E+000  0.82401848E+000  0.11768663E+001  0.23449088E+001
  0.56343844E+000  0.82401850E+000  0.11768663E+001  0.23449090E+001
  0.56343844E+000  0.82401851E+000  0.11768664E+001  0.23449092E+001
  0.56343845E+000  0.82401852E+000  0.11768664E+001  0.23449094E+001
  0.56343845E+000  0.82401853E+000  0.11768665E+001  0.23449096E+001
  0.56343846E+000  0.82401854E+000  0.11768665E+001  0.23449097E+001
  0.56343846E+000  0.82401855E+000  0.11768665E+001  0.23449099E+001
  0.56343846E+000  0.82401856E+000  0.11768666E+001  0.23449101E+001
  0.56343847E+000  0.82401857E+000  0.11768666E+001  0.23449102E+001
  0.56343847E+000  0.82401858E+000  0.11768666E+001  0.23449104E+001
  0.56343847E+000  0.82401859E+000  0.11768667E+001  0.23449106E+001
  0.56343847E+000  0.82401860E+000  0.11768667E+001  0.23449107E+001
  0.56343848E+000  0.82401860E+000  0.11768667E+001  0.23449109E+001
  0.56343848E+000  0.82401861E+000  0.11768668E+001  0.23449110E+001
  0.56343848E+000  0.82401862E+000  0.11768668E+001  0.23449112E+001
  0.56343848E+000  0.82401863E+000  0.11768668E+001  0.23449113E+001
  0.56343849E+000  0.82401863E+000  0.11768668E+001  0.23449115E+001
  0.56343849E+000  0.82401864E+000  0.11768669E+001  0.23449116E+001
  0.56343849E+000  0.82401865E+000  0.11768669E+001  0.23449117E+001
  0.56343849E+000  0.82401865E+000  0.11768669E+001  0.23449119E+001
  0.56343849E+000  0.82401866E+000  0.11768669E+001  0.23449120E+001
  0.56343850E+000  0.82401866E+000  0.11768670E+001  0.23449121E+001
  0.56343850E+000  0.82401867E+000  0.11768670E+001  0.23449122E+001
  0.56343850E+000  0.82401867E+000  0.11768670E+001  0.23449124E+001
  0.56343850E+000  0.82401868E+000  0.11768670E+001  0.23449125E+001
  0.56343850E+000  0.82401868E+000  0.11768670E+001  0.23449126E+001
  0.56343851E+000  0.82401869E+000  0.11768671E+001  0.23449127E+001
  0.56343851E+000  0.82401869E+000  0.11768671E+001  0.23449128E+001
  0.56343851E+000  0.82401870E+000  0.11768671E+001  0.23449130E+001
  0.56343851E+000  0.82401870E+000  0.11768671E+001  0.23449131E+001
  0.56343851E+000  0.82401871E+000  0.11768671E+001  0.23449132E+001
  0.56343851E+000  0.82401871E+000  0.11768671E+001  0.23449133E+001
  0.56343851E+000  0.82401871E+000  0.11768672E+001  0.23449134E+001
  0.56343852E+000  0.82401872E+000  0.11768672E+001  0.23449135E+001
  0.56343852E+000  0.82401872E+000  0.11768672E+001  0.23449136E+001
  0.56343852E+000  0.82401872E+000  0.11768672E+001  0.23449137E+001
  0.56343852E+000  0.82401873E+000  0.11768672E+001  0.23449138E+001
  0.56343852E+000  0.82401873E+000  0.11768672E+001  0.23449138E+001
  0.56343852E+000  0.82401873E+000  0.11768672E+001  0.23449139E+001
  0.56343852E+000  0.82401874E+000  0.11768673E+001  0.23449140E+001
  0.56343853E+000  0.82401874E+000  0.11768673E+001  0.23449141E+001
  0.56343853E+000  0.82401874E+000  0.11768673E+001  0.23449142E+001
