  0.75069859E+000  0.87035926E+000  0.10632823E+001  0.18108510E+001
  0.75103631E+000  0.86985908E+000  0.10628539E+001  0.18099345E+001
  0.75123063E+000  0.86954285E+000  0.10625004E+001  0.18093382E+001
  0.75134407E+000  0.86933248E+000  0.10622107E+001  0.18089088E+001
  0.75140844E+000  0.86918956E+000  0.10619724E+001  0.18085810E+001
  0.75144124E+000  0.86909140E+000  0.10617763E+001  0.18083223E+001
  0.75145271E+000  0.86902563E+000  0.10616155E+001  0.18081157E+001
  0.75144919E+000  0.86898400E+000  0.10614840E+001  0.18079498E+001
  0.75143486E+000  0.86896079E+000  0.10613770E+001  0.18078165E+001
  0.75141262E+000  0.86895181E+000  0.10612904E+001  0.18077095E+001
  0.75138457E+000  0.86895392E+000  0.10612208E+001  0.18076239E+001
  0.75135227E+000  0.86896468E+000  0.10611654E+001  0.18075560E+001
  0.75131695E+000  0.86898215E+000  0.10611220E+001  0.18075026E+001
  0.75127955E+000  0.86900481E+000  0.10610886E+001  0.18074613E+001
  0.75124082E+000  0.86903138E+000  0.10610634E+001  0.18074299E+001
  0.75120137E+000  0.86906086E+000  0.10610452E+001  0.18074068E+001
  0.75116168E+000  0.86909240E+000  0.10610326E+001  0.18073904E+001
  0.75112215E+000  0.86912532E+000  0.10610247E+001  0.18073798E+001
  0.75108310E+000  0.86915903E+000  0.10610207E+001  0.18073737E+001
  0.75104479E+000  0.86919306E+000  0.10610199E+001  0.18073715E+001
  0.75100742E+000  0.86922701E+000  0.10610219E+001  0.18073726E+001
  0.75097118E+000  0.86926057E+000  0.10610260E+001  0.18073762E+001
  0.75093619E+000  0.86929345E+000  0.10610319E+001  0.18073821E+001
  0.75090256E+000  0.86932544E+000  0.10610394E+001  0.18073896E+001
  0.75087038E+000  0.86935635E+000  0.10610480E+001  0.18073985E+001
  0.75083971E+000  0.86938604E+000  0.10610577E+001  0.18074084E+001
  0.75081059E+000  0.86941439E+000  0.10610681E+001  0.18074192E+001
  0.75078304E+000  0.86944133E+000  0.10610791E+001  0.18074306E+001
  0.75075707E+000  0.86946677E+000  0.10610906E+001  0.18074425E+001
  0.75073269E+000  0.86949069E+000  0.10611025E+001  0.18074547E+001
  0.75070988E+000  0.86951307E+000  0.10611145E+001  0.18074672E+001
  0.75068862E+000  0.86953389E+000  0.10611267E+001  0.18074797E+001
  0.75066886E+000  0.86955318E+000  0.10611390E+001  0.18074921E+001
  0.75065057E+000  0.86957096E+000  0.10611513E+001  0.18075045E+001
  0.75063370E+000  0.86958728E+000  0.10611635E+001  0.18075168E+001
  0.75061819E+000  0.86960217E+000  0.10611756E+001  0.18075288E+001
  0.75060397E+000  0.86961572E+000  0.10611875E+001  0.18075406E+001
  0.75059098E+000  0.86962797E+000  0.10611993E+001  0.18075521E+001
  0.75057914E+000  0.86963901E+000  0.10612108E+001  0.18075633E+001
  0.75056840E+000  0.86964892E+000  0.10612221E+001  0.18075742E+001
  0.75055866E+000  0.86965777E+000  0.10612331E+001  0.18075847E+001
  0.75054986E+000  0.86966565E+000  0.10612438E+001  0.18075948E+001
  0.75054193E+000  0.86967264E+000  0.10612542E+001  0.18076046E+001
  0.75053480E+000  0.86967883E+000  0.10612643E+001  0.18076140E+001
  0.75052840E+000  0.86968428E+000  0.10612740E+001  0.18076231E+001
  0.75052266E+000  0.86968907E+000  0.10612833E+001  0.18076318E+001
  0.75051753E+000  0.86969328E+000  0.10612923E+001  0.18076401E+001
  0.75051295E+000  0.86969698E+000  0.10613009E+001  0.18076481E+001
  0.75050886E+000  0.86970021E+000  0.10613091E+001  0.18076557E+001
  0.75050522E+000  0.86970304E+000  0.10613169E+001  0.18076630E+001
  0.75050198E+000  0.86970552E+000  0.10613243E+001  0.18076700E+001
  0.75049911E+000  0.86970770E+000  0.10613314E+001  0.18076767E+001
  0.75049655E+000  0.86970962E+000  0.10613381E+001  0.18076831E+001
  0.75049429E+000  0.86971131E+000  0.10613444E+001  0.18076892E+001
  0.75049228E+000  0.86971281E+000  0.10613504E+001  0.18076950E+001
  0.75049050E+000  0.86971415E+000  0.10613560E+001  0.18077005E+001
  0.75048893E+000  0.86971534E+000  0.10613613E+001  0.18077058E+001
  0.75048755E+000  0.86971643E+000  0.10613663E+001  0.18077108E+001
  0.75048632E+000  0.86971741E+000  0.10613709E+001  0.18077156E+001
  0.75048524E+000  0.86971831E+000  0.10613753E+001  0.18077201E+001
  0.75048429E+000  0.86971914E+000  0.10613794E+001  0.18077244E+001
  0.75048344E+000  0.86971991E+000  0.10613833E+001  0.18077285E+001
  0.75048270E+000  0.86972064E+000  0.10613869E+001  0.18077324E+001
  0.75048204E+000  0.86972133E+000  0.10613904E+001  0.18077361E+001
  0.75048145E+000  0.86972198E+000  0.10613936E+001  0.18077396E+001
  0.75048093E+000  0.86972261E+000  0.10613966E+001  0.18077428E+001
  0.75048046E+000  0.86972321E+000  0.10613995E+001  0.18077459E+001
  0.75048004E+000  0.86972379E+000  0.10614022E+001  0.18077488E+001
  0.75047966E+000  0.86972435E+000  0.10614047E+001  0.18077516E+001
  0.75047931E+000  0.86972489E+000  0.10614071E+001  0.18077541E+001
  0.75047899E+000  0.86972541E+000  0.10614094E+001  0.18077565E+001
  0.75047868E+000  0.86972592E+000  0.10614116E+001  0.18077587E+001
  0.75047840E+000  0.86972641E+000  0.10614136E+001  0.18077608E+001
  0.75047814E+000  0.86972688E+000  0.10614156E+001  0.18077628E+001
  0.75047788E+000  0.86972734E+000  0.10614175E+001  0.18077646E+001
  0.75047763E+000  0.86972778E+000  0.10614192E+001  0.18077662E+001
  0.75047739E+000  0.86972821E+000  0.10614209E+001  0.18077677E+001
  0.75047715E+000  0.86972862E+000  0.10614225E+001  0.18077691E+001
  0.75047692E+000  0.86972901E+000  0.10614241E+001  0.18077704E+001
  0.75047669E+000  0.86972939E+000  0.10614255E+001  0.18077716E+001
  0.75047646E+000  0.86972975E+000  0.10614269E+001  0.18077727E+001
  0.75047624E+000  0.86973010E+000  0.10614282E+001  0.18077737E+001
  0.75047602E+000  0.86973043E+000  0.10614295E+001  0.18077745E+001
  0.75047579E+000  0.86973074E+000  0.10614307E+001  0.18077753E+001
  0.75047557E+000  0.86973105E+000  0.10614318E+001  0.18077760E+001
  0.75047535E+000  0.86973133E+000  0.10614329E+001  0.18077766E+001
  0.75047513E+000  0.86973161E+000  0.10614339E+001  0.18077772E+001
  0.75047492E+000  0.86973187E+000  0.10614349E+001  0.18077776E+001
  0.75047471E+000  0.86973213E+000  0.10614358E+001  0.18077780E+001
  0.75047450E+000  0.86973237E+000  0.10614366E+001  0.18077783E+001
  0.75047429E+000  0.86973260E+000  0.10614375E+001  0.18077786E+001
  0.75047409E+000  0.86973282E+000  0.10614382E+001  0.18077788E+001
  0.75047389E+000  0.86973303E+000  0.10614390E+001  0.18077789E+001
  0.75047369E+000  0.86973323E+000  0.10614397E+001  0.18077790E+001
  0.75047350E+000  0.86973343E+000  0.10614403E+001  0.18077790E+001
  0.75047331E+000  0.86973361E+000  0.10614410E+001  0.18077790E+001
  0.75047313E+000  0.86973379E+000  0.10614416E+001  0.18077789E+001
  0.75047295E+000  0.86973397E+000  0.10614421E+001  0.18077788E+001
  0.75047277E+000  0.86973413E+000  0.10614427E+001  0.18077787E+001
  0.75047259E+000  0.86973429E+000  0.10614432E+001  0.18077785E+001
  0.75047242E+000  0.86973445E+000  0.10614437E+001  0.18077783E+001
  0.75047225E+000  0.86973460E+000  0.10614442E+001  0.18077780E+001
  0.75047209E+000  0.86973475E+000  0.10614446E+001  0.18077778E+001
  0.75047193E+000  0.86973489E+000  0.10614450E+001  0.18077775E+001
  0.75047176E+000  0.86973503E+000  0.10614455E+001  0.18077772E+001
  0.75047161E+000  0.86973516E+000  0.10614459E+001  0.18077768E+001
  0.75047145E+000  0.86973529E+000  0.10614462E+001  0.18077765E+001
  0.75047129E+000  0.86973542E+000  0.10614466E+001  0.18077762E+001
  0.75047114E+000  0.86973555E+000  0.10614470E+001  0.18077758E+001
  0.75047099E+000  0.86973567E+000  0.10614473E+001  0.18077755E+001
  0.75047083E+000  0.86973579E+000  0.10614476E+001  0.18077752E+001
  0.75047068E+000  0.86973590E+000  0.10614480E+001  0.18077748E+001
  0.75047053E+000  0.86973602E+000  0.10614483E+001  0.18077745E+001
  0.75047038E+000  0.86973613E+000  0.10614486E+001  0.18077742E+001
  0.75047023E+000  0.86973624E+000  0.10614489E+001  0.18077739E+001
  0.75047009E+000  0.86973635E+000  0.10614492E+001  0.18077736E+001
  0.75046994E+000  0.86973645E+000  0.10614494E+001  0.18077734E+001
  0.75046979E+000  0.86973656E+000  0.10614497E+001  0.18077732E+001
  0.75046965E+000  0.86973666E+000  0.10614500E+001  0.18077730E+001
  0.75046951E+000  0.86973676E+000  0.10614502E+001  0.18077728E+001
  0.75046937E+000  0.86973686E+000  0.10614505E+001  0.18077726E+001
  0.75046924E+000  0.86973696E+000  0.10614507E+001  0.18077725E+001
  0.75046911E+000  0.86973705E+000  0.10614510E+001  0.18077724E+001
  0.75046898E+000  0.86973714E+000  0.10614512E+001  0.18077724E+001
  0.75046886E+000  0.86973723E+000  0.10614514E+001  0.18077723E+001
  0.75046874E+000  0.86973732E+000  0.10614517E+001  0.18077723E+001
  0.75046863E+000  0.86973740E+000  0.10614519E+001  0.18077724E+001
  0.75046853E+000  0.86973748E+000  0.10614521E+001  0.18077725E+001
  0.75046843E+000  0.86973756E+000  0.10614523E+001  0.18077726E+001
  0.75046834E+000  0.86973763E+000  0.10614525E+001  0.18077727E+001
  0.75046826E+000  0.86973770E+000  0.10614526E+001  0.18077729E+001
  0.75046819E+000  0.86973777E+000  0.10614528E+001  0.18077731E+001
  0.75046812E+000  0.86973783E+000  0.10614529E+001  0.18077733E+001
  0.75046806E+000  0.86973789E+000  0.10614531E+001  0.18077735E+001
  0.75046801E+000  0.86973794E+000  0.10614532E+001  0.18077738E+001
  0.75046797E+000  0.86973799E+000  0.10614534E+001  0.18077741E+001
  0.75046793E+000  0.86973804E+000  0.10614535E+001  0.18077744E+001
  0.75046790E+000  0.86973808E+000  0.10614536E+001  0.18077747E+001
  0.75046788E+000  0.86973811E+000  0.10614537E+001  0.18077750E+001
  0.75046787E+000  0.86973815E+000  0.10614538E+001  0.18077753E+001
  0.75046786E+000  0.86973818E+000  0.10614538E+001  0.18077757E+001
  0.75046785E+000  0.86973820E+000  0.10614539E+001  0.18077760E+001
  0.75046785E+000  0.86973823E+000  0.10614540E+001  0.18077764E+001
  0.75046786E+000  0.86973825E+000  0.10614540E+001  0.18077768E+001
  0.75046787E+000  0.86973826E+000  0.10614541E+001  0.18077771E+001
  0.75046788E+000  0.86973828E+000  0.10614541E+001  0.18077775E+001
  0.75046789E+000  0.86973829E+000  0.10614541E+001  0.18077778E+001
  0.75046791E+000  0.86973830E+000  0.10614542E+001  0.18077782E+001
  0.75046794E+000  0.86973831E+000  0.10614542E+001  0.18077785E+001
  0.75046796E+000  0.86973831E+000  0.10614542E+001  0.18077789E+001
  0.75046799E+000  0.86973832E+000  0.10614542E+001  0.18077792E+001
  0.75046802E+000  0.86973832E+000  0.10614542E+001  0.18077795E+001
  0.75046805E+000  0.86973832E+000  0.10614542E+001  0.18077799E+001
  0.75046809E+000  0.86973832E+000  0.10614542E+001  0.18077802E+001
  0.75046812E+000  0.86973831E+000  0.10614542E+001  0.18077804E+001
  0.75046816E+000  0.86973831E+000  0.10614542E+001  0.18077807E+001
  0.75046821E+000  0.86973830E+000  0.10614542E+001  0.18077810E+001
  0.75046825E+000  0.86973829E+000  0.10614542E+001  0.18077812E+001
  0.75046829E+000  0.86973828E+000  0.10614542E+001  0.18077815E+001
  0.75046834E+000  0.86973827E+000  0.10614541E+001  0.18077817E+001
  0.75046838E+000  0.86973826E+000  0.10614541E+001  0.18077819E+001
  0.75046843E+000  0.86973825E+000  0.10614541E+001  0.18077821E+001
  0.75046848E+000  0.86973823E+000  0.10614541E+001  0.18077823E+001
  0.75046853E+000  0.86973822E+000  0.10614540E+001  0.18077825E+001
  0.75046857E+000  0.86973820E+000  0.10614540E+001  0.18077826E+001
  0.75046862E+000  0.86973819E+000  0.10614540E+001  0.18077828E+001
  0.75046866E+000  0.86973817E+000  0.10614539E+001  0.18077829E+001
  0.75046871E+000  0.86973815E+000  0.10614539E+001  0.18077831E+001
  0.75046875E+000  0.86973813E+000  0.10614539E+001  0.18077832E+001
  0.75046878E+000  0.86973812E+000  0.10614538E+001  0.18077833E+001
  0.75046882E+000  0.86973810E+000  0.10614538E+001  0.18077834E+001
  0.75046885E+000  0.86973808E+000  0.10614538E+001  0.18077835E+001
  0.75046888E+000  0.86973807E+000  0.10614537E+001  0.18077836E+001
  0.75046890E+000  0.86973805E+000  0.10614537E+001  0.18077837E+001
  0.75046892E+000  0.86973804E+000  0.10614537E+001  0.18077837E+001
  0.75046894E+000  0.86973802E+000  0.10614537E+001  0.18077838E+001
  0.75046895E+000  0.86973801E+000  0.10614537E+001  0.18077839E+001
  0.75046896E+000  0.86973800E+000  0.10614536E+001  0.18077840E+001
  0.75046896E+000  0.86973800E+000  0.10614536E+001  0.18077840E+001
  0.75046895E+000  0.86973799E+000  0.10614536E+001  0.18077841E+001
  0.75046895E+000  0.86973799E+000  0.10614536E+001  0.18077841E+001
  0.75046894E+000  0.86973798E+000  0.10614536E+001  0.18077842E+001
  0.75046892E+000  0.86973798E+000  0.10614536E+001  0.18077843E+001
  0.75046891E+000  0.86973798E+000  0.10614536E+001  0.18077843E+001
  0.75046889E+000  0.86973799E+000  0.10614536E+001  0.18077844E+001
  0.75046887E+000  0.86973799E+000  0.10614536E+001  0.18077844E+001
  0.75046884E+000  0.86973800E+000  0.10614536E+001  0.18077845E+001
  0.75046881E+000  0.86973800E+000  0.10614537E+001  0.18077845E+001
  0.75046879E+000  0.86973801E+000  0.10614537E+001  0.18077846E+001
  0.75046876E+000  0.86973802E+000  0.10614537E+001  0.18077846E+001
  0.75046873E+000  0.86973803E+000  0.10614537E+001  0.18077846E+001
  0.75046869E+000  0.86973804E+000  0.10614537E+001  0.18077847E+001
  0.75046867E+000  0.86973806E+000  0.10614538E+001  0.18077847E+001
  0.75046865E+000  0.86973806E+000  0.10614538E+001  0.18077848E+001
  0.75046863E+000  0.86973806E+000  0.10614538E+001  0.18077848E+001
  0.75046861E+000  0.86973806E+000  0.10614538E+001  0.18077848E+001
  0.75046855E+000  0.86973806E+000  0.10614538E+001  0.18077848E+001
  0.75046845E+000  0.86973809E+000  0.10614538E+001  0.18077848E+001
  0.75046826E+000  0.86973822E+000  0.10614540E+001  0.18077849E+001
  0.75046811E+000  0.86973846E+000  0.10614544E+001  0.18077855E+001
