 -0.26358333E+000
 -0.26363902E+000
 -0.26367067E+000
 -0.26369053E+000
 -0.26370405E+000
 -0.26371379E+000
 -0.26372093E+000
 -0.26372638E+000
 -0.26373049E+000
 -0.26373364E+000
 -0.26373599E+000
 -0.26373772E+000
 -0.26373897E+000
 -0.26373982E+000
 -0.26374037E+000
 -0.26374068E+000
 -0.26374079E+000
 -0.26374076E+000
 -0.26374060E+000
 -0.26374036E+000
 -0.26374004E+000
 -0.26373968E+000
 -0.26373928E+000
 -0.26373885E+000
 -0.26373842E+000
 -0.26373797E+000
 -0.26373751E+000
 -0.26373705E+000
 -0.26373659E+000
 -0.26373615E+000
 -0.26373572E+000
 -0.26373529E+000
 -0.26373489E+000
 -0.26373450E+000
 -0.26373412E+000
 -0.26373377E+000
 -0.26373342E+000
 -0.26373310E+000
 -0.26373279E+000
 -0.26373250E+000
 -0.26373222E+000
 -0.26373196E+000
 -0.26373171E+000
 -0.26373148E+000
 -0.26373126E+000
 -0.26373104E+000
 -0.26373084E+000
 -0.26373065E+000
 -0.26373047E+000
 -0.26373029E+000
 -0.26373013E+000
 -0.26372997E+000
 -0.26372981E+000
 -0.26372966E+000
 -0.26372952E+000
 -0.26372938E+000
 -0.26372924E+000
 -0.26372910E+000
 -0.26372897E+000
 -0.26372884E+000
 -0.26372871E+000
 -0.26372858E+000
 -0.26372846E+000
 -0.26372833E+000
 -0.26372821E+000
 -0.26372808E+000
 -0.26372796E+000
 -0.26372783E+000
 -0.26372771E+000
 -0.26372758E+000
 -0.26372745E+000
 -0.26372733E+000
 -0.26372720E+000
 -0.26372707E+000
 -0.26372694E+000
 -0.26372681E+000
 -0.26372668E+000
 -0.26372655E+000
 -0.26372642E+000
 -0.26372629E+000
 -0.26372615E+000
 -0.26372602E+000
 -0.26372588E+000
 -0.26372574E+000
 -0.26372560E+000
 -0.26372546E+000
 -0.26372532E+000
 -0.26372518E+000
 -0.26372504E+000
 -0.26372490E+000
 -0.26372475E+000
 -0.26372460E+000
 -0.26372446E+000
 -0.26372431E+000
 -0.26372416E+000
 -0.26372402E+000
 -0.26372387E+000
 -0.26372372E+000
 -0.26372357E+000
 -0.26372342E+000
 -0.26372328E+000
 -0.26372313E+000
 -0.26372299E+000
 -0.26372284E+000
 -0.26372270E+000
 -0.26372257E+000
 -0.26372243E+000
 -0.26372230E+000
 -0.26372218E+000
 -0.26372206E+000
 -0.26372195E+000
 -0.26372184E+000
 -0.26372174E+000
 -0.26372165E+000
 -0.26372157E+000
 -0.26372149E+000
 -0.26372143E+000
 -0.26372138E+000
 -0.26372134E+000
 -0.26372131E+000
 -0.26372129E+000
 -0.26372129E+000
 -0.26372129E+000
 -0.26372131E+000
 -0.26372135E+000
 -0.26372140E+000
 -0.26372146E+000
 -0.26372153E+000
 -0.26372162E+000
 -0.26372172E+000
 -0.26372183E+000
 -0.26372195E+000
 -0.26372208E+000
 -0.26372223E+000
 -0.26372238E+000
 -0.26372254E+000
 -0.26372271E+000
 -0.26372288E+000
 -0.26372306E+000
 -0.26372324E+000
 -0.26372342E+000
 -0.26372361E+000
 -0.26372379E+000
 -0.26372398E+000
 -0.26372416E+000
 -0.26372434E+000
 -0.26372452E+000
 -0.26372469E+000
 -0.26372486E+000
 -0.26372503E+000
 -0.26372519E+000
 -0.26372534E+000
 -0.26372549E+000
 -0.26372563E+000
 -0.26372576E+000
 -0.26372589E+000
 -0.26372601E+000
 -0.26372612E+000
 -0.26372623E+000
 -0.26372633E+000
 -0.26372642E+000
 -0.26372651E+000
 -0.26372659E+000
 -0.26372667E+000
 -0.26372674E+000
 -0.26372681E+000
 -0.26372687E+000
 -0.26372692E+000
 -0.26372698E+000
 -0.26372703E+000
 -0.26372707E+000
 -0.26372711E+000
 -0.26372715E+000
 -0.26372719E+000
 -0.26372722E+000
 -0.26372725E+000
 -0.26372728E+000
 -0.26372731E+000
 -0.26372733E+000
 -0.26372735E+000
 -0.26372737E+000
 -0.26372739E+000
 -0.26372741E+000
 -0.26372742E+000
 -0.26372744E+000
 -0.26372745E+000
 -0.26372746E+000
 -0.26372747E+000
 -0.26372748E+000
 -0.26372749E+000
 -0.26372750E+000
 -0.26372751E+000
 -0.26372751E+000
 -0.26372752E+000
 -0.26372753E+000
 -0.26372753E+000
 -0.26372754E+000
 -0.26372754E+000
 -0.26372755E+000
 -0.26372755E+000
