  0.49754971E+000
  0.49770417E+000
  0.49778616E+000
  0.49784457E+000
  0.49789059E+000
  0.49792764E+000
  0.49795755E+000
  0.49798163E+000
  0.49800090E+000
  0.49801620E+000
  0.49802826E+000
  0.49803765E+000
  0.49804485E+000
  0.49805027E+000
  0.49805422E+000
  0.49805699E+000
  0.49805880E+000
  0.49805981E+000
  0.49806019E+000
  0.49806005E+000
  0.49805950E+000
  0.49805862E+000
  0.49805748E+000
  0.49805613E+000
  0.49805462E+000
  0.49805299E+000
  0.49805126E+000
  0.49804948E+000
  0.49804764E+000
  0.49804578E+000
  0.49804391E+000
  0.49804204E+000
  0.49804018E+000
  0.49803834E+000
  0.49803653E+000
  0.49803475E+000
  0.49803301E+000
  0.49803132E+000
  0.49802967E+000
  0.49802807E+000
  0.49802652E+000
  0.49802503E+000
  0.49802360E+000
  0.49802223E+000
  0.49802093E+000
  0.49801968E+000
  0.49801850E+000
  0.49801738E+000
  0.49801633E+000
  0.49801534E+000
  0.49801441E+000
  0.49801354E+000
  0.49801273E+000
  0.49801198E+000
  0.49801128E+000
  0.49801063E+000
  0.49801003E+000
  0.49800948E+000
  0.49800896E+000
  0.49800849E+000
  0.49800805E+000
  0.49800764E+000
  0.49800726E+000
  0.49800691E+000
  0.49800659E+000
  0.49800628E+000
  0.49800600E+000
  0.49800574E+000
  0.49800549E+000
  0.49800526E+000
  0.49800505E+000
  0.49800485E+000
  0.49800466E+000
  0.49800449E+000
  0.49800433E+000
  0.49800417E+000
  0.49800403E+000
  0.49800390E+000
  0.49800377E+000
  0.49800366E+000
  0.49800355E+000
  0.49800344E+000
  0.49800335E+000
  0.49800325E+000
  0.49800317E+000
  0.49800309E+000
  0.49800301E+000
  0.49800293E+000
  0.49800286E+000
  0.49800279E+000
  0.49800273E+000
  0.49800266E+000
  0.49800260E+000
  0.49800254E+000
  0.49800248E+000
  0.49800242E+000
  0.49800236E+000
  0.49800231E+000
  0.49800225E+000
  0.49800219E+000
  0.49800214E+000
  0.49800208E+000
  0.49800203E+000
  0.49800197E+000
  0.49800192E+000
  0.49800186E+000
  0.49800181E+000
  0.49800176E+000
  0.49800170E+000
  0.49800165E+000
  0.49800160E+000
  0.49800155E+000
  0.49800149E+000
  0.49800144E+000
  0.49800139E+000
  0.49800134E+000
  0.49800129E+000
  0.49800124E+000
  0.49800119E+000
  0.49800114E+000
  0.49800109E+000
  0.49800105E+000
  0.49800100E+000
  0.49800095E+000
  0.49800091E+000
  0.49800086E+000
  0.49800082E+000
  0.49800078E+000
  0.49800074E+000
  0.49800069E+000
  0.49800065E+000
  0.49800061E+000
  0.49800058E+000
  0.49800054E+000
  0.49800050E+000
  0.49800046E+000
  0.49800043E+000
  0.49800039E+000
  0.49800036E+000
  0.49800033E+000
  0.49800030E+000
  0.49800027E+000
  0.49800023E+000
  0.49800021E+000
  0.49800018E+000
  0.49800015E+000
  0.49800012E+000
  0.49800010E+000
  0.49800007E+000
  0.49800005E+000
  0.49800002E+000
  0.49800000E+000
  0.49799997E+000
  0.49799995E+000
  0.49799993E+000
  0.49799991E+000
  0.49799989E+000
  0.49799987E+000
  0.49799985E+000
  0.49799983E+000
  0.49799982E+000
  0.49799980E+000
  0.49799978E+000
  0.49799977E+000
  0.49799975E+000
  0.49799974E+000
  0.49799972E+000
  0.49799971E+000
  0.49799969E+000
  0.49799968E+000
  0.49799967E+000
  0.49799966E+000
  0.49799964E+000
  0.49799963E+000
  0.49799962E+000
  0.49799961E+000
  0.49799960E+000
  0.49799959E+000
  0.49799958E+000
  0.49799957E+000
  0.49799956E+000
  0.49799955E+000
  0.49799954E+000
  0.49799954E+000
  0.49799953E+000
  0.49799952E+000
  0.49799951E+000
  0.49799951E+000
  0.49799950E+000
  0.49799949E+000
  0.49799949E+000
  0.49799948E+000
  0.49799947E+000
  0.49799947E+000
  0.49799946E+000
  0.49799946E+000
  0.49799945E+000
  0.49799945E+000
  0.49799944E+000
  0.49799944E+000
