  0.52295840E+000  0.89659245E+000  0.13165329E+001  0.32380904E+001
  0.52315016E+000  0.89682726E+000  0.13170936E+001  0.32389807E+001
  0.52329512E+000  0.89700502E+000  0.13174224E+001  0.32394587E+001
  0.52341370E+000  0.89479598E+000  0.13110580E+001  0.32398105E+001
  0.52351279E+000  0.89726762E+000  0.13178591E+001  0.32400900E+001
  0.52359608E+000  0.89736735E+000  0.13180167E+001  0.32403174E+001
  0.52366619E+000  0.89745098E+000  0.13181455E+001  0.32405038E+001
  0.52372519E+000  0.89752102E+000  0.13182508E+001  0.32406569E+001
  0.52377479E+000  0.89757966E+000  0.13183370E+001  0.32407829E+001
  0.52381646E+000  0.89762863E+000  0.13184074E+001  0.32408867E+001
  0.52385147E+000  0.89766946E+000  0.13184649E+001  0.32409721E+001
  0.52388084E+000  0.89770340E+000  0.13185117E+001  0.32410425E+001
  0.52390545E+000  0.89773154E+000  0.13185498E+001  0.32411003E+001
  0.52392606E+000  0.89775479E+000  0.13185805E+001  0.32411477E+001
  0.52394327E+000  0.89777392E+000  0.13186054E+001  0.32411865E+001
  0.52395763E+000  0.89778958E+000  0.13186253E+001  0.32412180E+001
  0.52396958E+000  0.89780231E+000  0.13186411E+001  0.32412435E+001
  0.52397948E+000  0.89781256E+000  0.13186536E+001  0.32412638E+001
  0.52398765E+000  0.89782074E+000  0.13186634E+001  0.32412800E+001
  0.52399436E+000  0.89782716E+000  0.13186708E+001  0.32412925E+001
  0.52399982E+000  0.89783210E+000  0.13186764E+001  0.32413021E+001
  0.52400424E+000  0.89783581E+000  0.13186804E+001  0.32413092E+001
  0.52400778E+000  0.89783847E+000  0.13186832E+001  0.32413142E+001
  0.52401057E+000  0.89784028E+000  0.13186849E+001  0.32413175E+001
  0.52401273E+000  0.89784137E+000  0.13186857E+001  0.32413194E+001
  0.52401436E+000  0.89784186E+000  0.13186859E+001  0.32413201E+001
  0.52401555E+000  0.89784187E+000  0.13186855E+001  0.32413199E+001
  0.52401636E+000  0.89784147E+000  0.13186846E+001  0.32413189E+001
  0.52401687E+000  0.89784074E+000  0.13186834E+001  0.32413173E+001
  0.52401712E+000  0.89783976E+000  0.13186820E+001  0.32413153E+001
  0.52401716E+000  0.89783858E+000  0.13186803E+001  0.32413130E+001
  0.52401702E+000  0.89783724E+000  0.13186785E+001  0.32413105E+001
  0.52401675E+000  0.89783578E+000  0.13186766E+001  0.32413078E+001
  0.52401636E+000  0.89783424E+000  0.13186747E+001  0.32413050E+001
  0.52401589E+000  0.89783264E+000  0.13186727E+001  0.32413023E+001
  0.52401536E+000  0.89783101E+000  0.13186707E+001  0.32412996E+001
  0.52401477E+000  0.89782936E+000  0.13186687E+001  0.32412970E+001
  0.52401415E+000  0.89782772E+000  0.13186667E+001  0.32412946E+001
  0.52401352E+000  0.89782609E+000  0.13186648E+001  0.32412923E+001
  0.52401287E+000  0.89782449E+000  0.13186630E+001  0.32412902E+001
  0.52401223E+000  0.89782293E+000  0.13186613E+001  0.32412882E+001
  0.52401161E+000  0.89782142E+000  0.13186596E+001  0.32412865E+001
  0.52401100E+000  0.89781996E+000  0.13186580E+001  0.32412850E+001
  0.52401041E+000  0.89781855E+000  0.13186565E+001  0.32412836E+001
  0.52400986E+000  0.89781721E+000  0.13186550E+001  0.32412825E+001
  0.52400934E+000  0.89781592E+000  0.13186537E+001  0.32412816E+001
  0.52400887E+000  0.89781470E+000  0.13186525E+001  0.32412808E+001
  0.52400843E+000  0.89781355E+000  0.13186513E+001  0.32412802E+001
  0.52400804E+000  0.89781246E+000  0.13186503E+001  0.32412798E+001
  0.52400770E+000  0.89781144E+000  0.13186493E+001  0.32412795E+001
  0.52400740E+000  0.89781049E+000  0.13186485E+001  0.32412794E+001
  0.52400715E+000  0.89780960E+000  0.13186477E+001  0.32412794E+001
  0.52400694E+000  0.89780877E+000  0.13186470E+001  0.32412795E+001
  0.52400678E+000  0.89780801E+000  0.13186464E+001  0.32412797E+001
  0.52400665E+000  0.89780730E+000  0.13186458E+001  0.32412800E+001
  0.52400657E+000  0.89780664E+000  0.13186453E+001  0.32412804E+001
  0.52400652E+000  0.89780604E+000  0.13186449E+001  0.32412809E+001
  0.52400651E+000  0.89780549E+000  0.13186446E+001  0.32412814E+001
  0.52400652E+000  0.89780497E+000  0.13186443E+001  0.32412820E+001
  0.52400657E+000  0.89780450E+000  0.13186440E+001  0.32412827E+001
  0.52400663E+000  0.89780406E+000  0.13186438E+001  0.32412834E+001
  0.52400672E+000  0.89780365E+000  0.13186436E+001  0.32412841E+001
  0.52400682E+000  0.89780327E+000  0.13186435E+001  0.32412849E+001
  0.52400693E+000  0.89780291E+000  0.13186434E+001  0.32412856E+001
  0.52400705E+000  0.89780257E+000  0.13186433E+001  0.32412864E+001
  0.52400718E+000  0.89780224E+000  0.13186432E+001  0.32412872E+001
  0.52400731E+000  0.89780192E+000  0.13186431E+001  0.32412880E+001
  0.52400743E+000  0.89780162E+000  0.13186430E+001  0.32412888E+001
  0.52400756E+000  0.89780132E+000  0.13186430E+001  0.32412896E+001
  0.52400769E+000  0.89780104E+000  0.13186429E+001  0.32412904E+001
  0.52400781E+000  0.89780075E+000  0.13186429E+001  0.32412912E+001
  0.52400793E+000  0.89780048E+000  0.13186428E+001  0.32412919E+001
  0.52400805E+000  0.89780022E+000  0.13186428E+001  0.32412927E+001
  0.52400817E+000  0.89779996E+000  0.13186428E+001  0.32412935E+001
  0.52400829E+000  0.89779971E+000  0.13186427E+001  0.32412943E+001
  0.52400840E+000  0.89779947E+000  0.13186427E+001  0.32412950E+001
  0.52400851E+000  0.89779924E+000  0.13186426E+001  0.32412958E+001
  0.52400862E+000  0.89779901E+000  0.13186426E+001  0.32412966E+001
  0.52400872E+000  0.89779879E+000  0.13186425E+001  0.32412973E+001
  0.52400881E+000  0.89779857E+000  0.13186425E+001  0.32412980E+001
  0.52400888E+000  0.89779836E+000  0.13186424E+001  0.32412988E+001
  0.52400895E+000  0.89779815E+000  0.13186424E+001  0.32412995E+001
  0.52400902E+000  0.89779795E+000  0.13186423E+001  0.32413002E+001
  0.52400907E+000  0.89779775E+000  0.13186423E+001  0.32413009E+001
  0.52400912E+000  0.89779756E+000  0.13186422E+001  0.32413016E+001
  0.52400917E+000  0.89779738E+000  0.13186422E+001  0.32413023E+001
  0.52400921E+000  0.89779720E+000  0.13186421E+001  0.32413029E+001
  0.52400924E+000  0.89779703E+000  0.13186421E+001  0.32413036E+001
  0.52400927E+000  0.89779686E+000  0.13186420E+001  0.32413043E+001
  0.52400930E+000  0.89779670E+000  0.13186420E+001  0.32413049E+001
  0.52400932E+000  0.89779655E+000  0.13186419E+001  0.32413056E+001
  0.52400934E+000  0.89779641E+000  0.13186418E+001  0.32413062E+001
  0.52400935E+000  0.89779627E+000  0.13186418E+001  0.32413068E+001
  0.52400936E+000  0.89779614E+000  0.13186417E+001  0.32413075E+001
  0.52400937E+000  0.89779601E+000  0.13186417E+001  0.32413081E+001
  0.52400937E+000  0.89779590E+000  0.13186416E+001  0.32413087E+001
  0.52400937E+000  0.89779579E+000  0.13186416E+001  0.32413093E+001
  0.52400937E+000  0.89779569E+000  0.13186415E+001  0.32413099E+001
  0.52400937E+000  0.89779559E+000  0.13186415E+001  0.32413106E+001
  0.52400937E+000  0.89779550E+000  0.13186414E+001  0.32413112E+001
  0.52400937E+000  0.89779542E+000  0.13186414E+001  0.32413118E+001
  0.52400936E+000  0.89779534E+000  0.13186413E+001  0.32413124E+001
  0.52400936E+000  0.89779527E+000  0.13186413E+001  0.32413130E+001
  0.52400935E+000  0.89779520E+000  0.13186413E+001  0.32413136E+001
  0.52400935E+000  0.89779514E+000  0.13186412E+001  0.32413142E+001
  0.52400934E+000  0.89779509E+000  0.13186412E+001  0.32413148E+001
  0.52400933E+000  0.89779504E+000  0.13186411E+001  0.32413154E+001
  0.52400933E+000  0.89779499E+000  0.13186411E+001  0.32413160E+001
  0.52400932E+000  0.89779495E+000  0.13186411E+001  0.32413166E+001
  0.52400932E+000  0.89779492E+000  0.13186410E+001  0.32413172E+001
  0.52400931E+000  0.89779488E+000  0.13186410E+001  0.32413177E+001
  0.52400931E+000  0.89779485E+000  0.13186410E+001  0.32413183E+001
  0.52400930E+000  0.89779482E+000  0.13186409E+001  0.32413189E+001
  0.52400930E+000  0.89779480E+000  0.13186409E+001  0.32413195E+001
  0.52400929E+000  0.89779478E+000  0.13186409E+001  0.32413200E+001
  0.52400929E+000  0.89779476E+000  0.13186408E+001  0.32413206E+001
  0.52400928E+000  0.89779474E+000  0.13186408E+001  0.32413212E+001
  0.52400928E+000  0.89779472E+000  0.13186408E+001  0.32413217E+001
  0.52400928E+000  0.89779471E+000  0.13186407E+001  0.32413223E+001
  0.52400927E+000  0.89779469E+000  0.13186407E+001  0.32413228E+001
  0.52400927E+000  0.89779468E+000  0.13186407E+001  0.32413233E+001
  0.52400926E+000  0.89779467E+000  0.13186406E+001  0.32413239E+001
  0.52400926E+000  0.89779466E+000  0.13186406E+001  0.32413244E+001
  0.52400926E+000  0.89779465E+000  0.13186406E+001  0.32413249E+001
  0.52400925E+000  0.89779464E+000  0.13186405E+001  0.32413254E+001
  0.52400925E+000  0.89779463E+000  0.13186405E+001  0.32413259E+001
  0.52400924E+000  0.89779462E+000  0.13186405E+001  0.32413264E+001
  0.52400924E+000  0.89779461E+000  0.13186404E+001  0.32413269E+001
  0.52400923E+000  0.89779460E+000  0.13186404E+001  0.32413273E+001
  0.52400922E+000  0.89779459E+000  0.13186404E+001  0.32413278E+001
  0.52400922E+000  0.89779458E+000  0.13186403E+001  0.32413282E+001
  0.52400921E+000  0.89779457E+000  0.13186403E+001  0.32413287E+001
  0.52400921E+000  0.89779456E+000  0.13186403E+001  0.32413291E+001
  0.52400920E+000  0.89779455E+000  0.13186402E+001  0.32413295E+001
  0.52400919E+000  0.89779454E+000  0.13186402E+001  0.32413299E+001
  0.52400918E+000  0.89779453E+000  0.13186402E+001  0.32413303E+001
  0.52400918E+000  0.89779452E+000  0.13186401E+001  0.32413307E+001
  0.52400917E+000  0.89779451E+000  0.13186401E+001  0.32413311E+001
  0.52400916E+000  0.89779449E+000  0.13186400E+001  0.32413315E+001
  0.52400915E+000  0.89779448E+000  0.13186400E+001  0.32413318E+001
  0.52400915E+000  0.89779447E+000  0.13186400E+001  0.32413322E+001
  0.52400914E+000  0.89779446E+000  0.13186399E+001  0.32413325E+001
  0.52400913E+000  0.89779445E+000  0.13186399E+001  0.32413328E+001
  0.52400912E+000  0.89779444E+000  0.13186399E+001  0.32413332E+001
  0.52400911E+000  0.89779443E+000  0.13186398E+001  0.32413335E+001
  0.52400910E+000  0.89779442E+000  0.13186398E+001  0.32413338E+001
  0.52400910E+000  0.89779441E+000  0.13186398E+001  0.32413341E+001
  0.52400909E+000  0.89779440E+000  0.13186397E+001  0.32413344E+001
  0.52400908E+000  0.89779439E+000  0.13186397E+001  0.32413346E+001
  0.52400907E+000  0.89779437E+000  0.13186396E+001  0.32413349E+001
  0.52400906E+000  0.89779436E+000  0.13186396E+001  0.32413352E+001
  0.52400905E+000  0.89779435E+000  0.13186396E+001  0.32413354E+001
  0.52400905E+000  0.89779434E+000  0.13186395E+001  0.32413357E+001
  0.52400904E+000  0.89779433E+000  0.13186395E+001  0.32413359E+001
  0.52400903E+000  0.89779432E+000  0.13186395E+001  0.32413361E+001
  0.52400902E+000  0.89779431E+000  0.13186394E+001  0.32413363E+001
  0.52400901E+000  0.89779430E+000  0.13186394E+001  0.32413365E+001
  0.52400901E+000  0.89779429E+000  0.13186394E+001  0.32413367E+001
  0.52400900E+000  0.89779428E+000  0.13186393E+001  0.32413369E+001
  0.52400899E+000  0.89779427E+000  0.13186393E+001  0.32413371E+001
  0.52400898E+000  0.89779427E+000  0.13186393E+001  0.32413373E+001
  0.52400898E+000  0.89779426E+000  0.13186393E+001  0.32413375E+001
  0.52400897E+000  0.89779425E+000  0.13186392E+001  0.32413377E+001
  0.52400896E+000  0.89779424E+000  0.13186392E+001  0.32413378E+001
  0.52400896E+000  0.89779423E+000  0.13186392E+001  0.32413380E+001
  0.52400895E+000  0.89779422E+000  0.13186391E+001  0.32413381E+001
  0.52400894E+000  0.89779421E+000  0.13186391E+001  0.32413383E+001
  0.52400894E+000  0.89779421E+000  0.13186391E+001  0.32413384E+001
  0.52400893E+000  0.89779420E+000  0.13186391E+001  0.32413385E+001
  0.52400893E+000  0.89779419E+000  0.13186390E+001  0.32413386E+001
  0.52400892E+000  0.89779418E+000  0.13186390E+001  0.32413388E+001
  0.52400892E+000  0.89779418E+000  0.13186390E+001  0.32413389E+001
  0.52400891E+000  0.89779417E+000  0.13186390E+001  0.32413390E+001
  0.52400891E+000  0.89779416E+000  0.13186389E+001  0.32413391E+001
  0.52400890E+000  0.89779416E+000  0.13186389E+001  0.32413392E+001
  0.52400890E+000  0.89779415E+000  0.13186389E+001  0.32413393E+001
  0.52400889E+000  0.89779414E+000  0.13186389E+001  0.32413394E+001
  0.52400889E+000  0.89779414E+000  0.13186389E+001  0.32413394E+001
  0.52400888E+000  0.89779413E+000  0.13186388E+001  0.32413395E+001
  0.52400888E+000  0.89779413E+000  0.13186388E+001  0.32413396E+001
  0.52400887E+000  0.89779412E+000  0.13186388E+001  0.32413397E+001
  0.52400887E+000  0.89779412E+000  0.13186388E+001  0.32413397E+001
  0.52400887E+000  0.89779411E+000  0.13186388E+001  0.32413398E+001
  0.52400886E+000  0.89779411E+000  0.13186387E+001  0.32413398E+001
  0.52400886E+000  0.89779410E+000  0.13186387E+001  0.32413399E+001
  0.52400886E+000  0.89779410E+000  0.13186387E+001  0.32413399E+001
  0.52400885E+000  0.89779409E+000  0.13186387E+001  0.32413400E+001
  0.52400885E+000  0.89779409E+000  0.13186387E+001  0.32413400E+001
  0.52400885E+000  0.89779408E+000  0.13186387E+001  0.32413401E+001
  0.52400884E+000  0.89779408E+000  0.13186386E+001  0.32413401E+001
  0.52400884E+000  0.89779408E+000  0.13186386E+001  0.32413402E+001
  0.52400884E+000  0.89779407E+000  0.13186386E+001  0.32413402E+001
  0.52400884E+000  0.89779407E+000  0.13186386E+001  0.32413402E+001
  0.52400883E+000  0.89779406E+000  0.13186386E+001  0.32413402E+001
  0.52400883E+000  0.89779406E+000  0.13186386E+001  0.32413403E+001
  0.52400883E+000  0.89779406E+000  0.13186385E+001  0.32413403E+001
  0.52400882E+000  0.89779405E+000  0.13186385E+001  0.32413403E+001
  0.52400882E+000  0.89779405E+000  0.13186385E+001  0.32413403E+001
  0.52400882E+000  0.89779404E+000  0.13186385E+001  0.32413403E+001
  0.52400881E+000  0.89779404E+000  0.13186385E+001  0.32413403E+001
