  0.14568105E+001
  0.14571850E+001
  0.14574072E+001
  0.14575743E+001
  0.14577090E+001
  0.14578191E+001
  0.14579093E+001
  0.14579832E+001
  0.14580437E+001
  0.14580929E+001
  0.14581329E+001
  0.14581652E+001
  0.14581912E+001
  0.14582119E+001
  0.14582284E+001
  0.14582412E+001
  0.14582512E+001
  0.14582587E+001
  0.14582642E+001
  0.14582681E+001
  0.14582706E+001
  0.14582721E+001
  0.14582726E+001
  0.14582725E+001
  0.14582717E+001
  0.14582705E+001
  0.14582690E+001
  0.14582671E+001
  0.14582651E+001
  0.14582629E+001
  0.14582606E+001
  0.14582583E+001
  0.14582559E+001
  0.14582535E+001
  0.14582512E+001
  0.14582488E+001
  0.14582466E+001
  0.14582444E+001
  0.14582422E+001
  0.14582402E+001
  0.14582383E+001
  0.14582364E+001
  0.14582346E+001
  0.14582330E+001
  0.14582314E+001
  0.14582299E+001
  0.14582286E+001
  0.14582273E+001
  0.14582261E+001
  0.14582251E+001
  0.14582241E+001
  0.14582232E+001
  0.14582224E+001
  0.14582217E+001
  0.14582210E+001
  0.14582204E+001
  0.14582199E+001
  0.14582195E+001
  0.14582191E+001
  0.14582187E+001
  0.14582184E+001
  0.14582182E+001
  0.14582179E+001
  0.14582177E+001
  0.14582176E+001
  0.14582174E+001
  0.14582173E+001
  0.14582172E+001
  0.14582171E+001
  0.14582170E+001
  0.14582170E+001
  0.14582169E+001
  0.14582169E+001
  0.14582169E+001
  0.14582169E+001
  0.14582169E+001
  0.14582169E+001
  0.14582169E+001
  0.14582169E+001
  0.14582169E+001
  0.14582170E+001
  0.14582170E+001
  0.14582171E+001
  0.14582172E+001
  0.14582172E+001
  0.14582173E+001
  0.14582174E+001
  0.14582175E+001
  0.14582176E+001
  0.14582177E+001
  0.14582178E+001
  0.14582179E+001
  0.14582180E+001
  0.14582181E+001
  0.14582182E+001
  0.14582183E+001
  0.14582184E+001
  0.14582186E+001
  0.14582187E+001
  0.14582188E+001
  0.14582190E+001
  0.14582191E+001
  0.14582192E+001
  0.14582194E+001
  0.14582195E+001
  0.14582197E+001
  0.14582198E+001
  0.14582199E+001
  0.14582201E+001
  0.14582202E+001
  0.14582204E+001
  0.14582205E+001
  0.14582207E+001
  0.14582208E+001
  0.14582209E+001
  0.14582211E+001
  0.14582212E+001
  0.14582214E+001
  0.14582215E+001
  0.14582216E+001
  0.14582218E+001
  0.14582219E+001
  0.14582221E+001
  0.14582222E+001
  0.14582223E+001
  0.14582225E+001
  0.14582226E+001
  0.14582227E+001
  0.14582228E+001
  0.14582230E+001
  0.14582231E+001
  0.14582232E+001
  0.14582233E+001
  0.14582235E+001
  0.14582236E+001
  0.14582237E+001
  0.14582238E+001
  0.14582239E+001
  0.14582240E+001
  0.14582241E+001
  0.14582242E+001
  0.14582244E+001
  0.14582245E+001
  0.14582246E+001
  0.14582247E+001
  0.14582248E+001
  0.14582249E+001
  0.14582250E+001
  0.14582250E+001
  0.14582251E+001
  0.14582252E+001
  0.14582253E+001
  0.14582254E+001
  0.14582255E+001
  0.14582256E+001
  0.14582257E+001
  0.14582257E+001
  0.14582258E+001
  0.14582259E+001
  0.14582260E+001
  0.14582260E+001
  0.14582261E+001
  0.14582262E+001
  0.14582263E+001
  0.14582263E+001
  0.14582264E+001
  0.14582265E+001
  0.14582265E+001
  0.14582266E+001
  0.14582267E+001
  0.14582267E+001
  0.14582268E+001
  0.14582268E+001
  0.14582269E+001
  0.14582269E+001
  0.14582270E+001
  0.14582270E+001
  0.14582271E+001
  0.14582271E+001
  0.14582272E+001
  0.14582272E+001
  0.14582273E+001
  0.14582273E+001
  0.14582274E+001
  0.14582274E+001
  0.14582275E+001
  0.14582275E+001
  0.14582276E+001
  0.14582276E+001
  0.14582276E+001
  0.14582277E+001
  0.14582277E+001
  0.14582277E+001
  0.14582278E+001
  0.14582278E+001
  0.14582278E+001
  0.14582279E+001
  0.14582279E+001
  0.14582279E+001
  0.14582280E+001
