  0.12105870E+002
  0.12105024E+002
  0.12104333E+002
  0.12103773E+002
  0.12103323E+002
  0.12102965E+002
  0.12102685E+002
  0.12102470E+002
  0.12102309E+002
  0.12102193E+002
  0.12102115E+002
  0.12102067E+002
  0.12102045E+002
  0.12102044E+002
  0.12102061E+002
  0.12102092E+002
  0.12102135E+002
  0.12102188E+002
  0.12102248E+002
  0.12102315E+002
  0.12102387E+002
  0.12102463E+002
  0.12102542E+002
  0.12102624E+002
  0.12102707E+002
  0.12102791E+002
  0.12102876E+002
  0.12102962E+002
  0.12103047E+002
  0.12103133E+002
  0.12103218E+002
  0.12103302E+002
  0.12103385E+002
  0.12103468E+002
  0.12103549E+002
  0.12103629E+002
  0.12103707E+002
  0.12103785E+002
  0.12103861E+002
  0.12103935E+002
  0.12104007E+002
  0.12104078E+002
  0.12104148E+002
  0.12104215E+002
  0.12104281E+002
  0.12104345E+002
  0.12104407E+002
  0.12104467E+002
  0.12104525E+002
  0.12104581E+002
  0.12104636E+002
  0.12104688E+002
  0.12104739E+002
  0.12104787E+002
  0.12104834E+002
  0.12104879E+002
  0.12104922E+002
  0.12104963E+002
  0.12105002E+002
  0.12105039E+002
  0.12105075E+002
  0.12105109E+002
  0.12105141E+002
  0.12105171E+002
  0.12105200E+002
  0.12105227E+002
  0.12105253E+002
  0.12105277E+002
  0.12105299E+002
  0.12105321E+002
  0.12105341E+002
  0.12105359E+002
  0.12105377E+002
  0.12105393E+002
  0.12105408E+002
  0.12105423E+002
  0.12105436E+002
  0.12105448E+002
  0.12105459E+002
  0.12105470E+002
  0.12105480E+002
  0.12105490E+002
  0.12105498E+002
  0.12105506E+002
  0.12105514E+002
  0.12105521E+002
  0.12105528E+002
  0.12105535E+002
  0.12105541E+002
  0.12105547E+002
  0.12105552E+002
  0.12105558E+002
  0.12105563E+002
  0.12105568E+002
  0.12105573E+002
  0.12105577E+002
  0.12105582E+002
  0.12105586E+002
  0.12105591E+002
  0.12105595E+002
  0.12105599E+002
  0.12105603E+002
  0.12105607E+002
  0.12105610E+002
  0.12105614E+002
  0.12105618E+002
  0.12105622E+002
  0.12105625E+002
  0.12105629E+002
  0.12105632E+002
  0.12105636E+002
  0.12105639E+002
  0.12105643E+002
  0.12105646E+002
  0.12105650E+002
  0.12105653E+002
  0.12105657E+002
  0.12105660E+002
  0.12105664E+002
  0.12105667E+002
  0.12105671E+002
  0.12105675E+002
  0.12105678E+002
  0.12105682E+002
  0.12105685E+002
  0.12105689E+002
  0.12105692E+002
  0.12105696E+002
  0.12105700E+002
  0.12105703E+002
  0.12105707E+002
  0.12105710E+002
  0.12105714E+002
  0.12105717E+002
  0.12105721E+002
  0.12105725E+002
  0.12105728E+002
  0.12105732E+002
  0.12105735E+002
  0.12105739E+002
  0.12105742E+002
  0.12105746E+002
  0.12105749E+002
  0.12105752E+002
  0.12105756E+002
  0.12105759E+002
  0.12105762E+002
  0.12105766E+002
  0.12105769E+002
  0.12105772E+002
  0.12105775E+002
  0.12105778E+002
  0.12105781E+002
  0.12105785E+002
  0.12105788E+002
  0.12105791E+002
  0.12105793E+002
  0.12105796E+002
  0.12105799E+002
  0.12105802E+002
  0.12105805E+002
  0.12105807E+002
  0.12105810E+002
  0.12105813E+002
  0.12105815E+002
  0.12105818E+002
  0.12105820E+002
  0.12105822E+002
  0.12105825E+002
  0.12105827E+002
  0.12105829E+002
  0.12105831E+002
  0.12105833E+002
  0.12105835E+002
  0.12105837E+002
  0.12105839E+002
  0.12105841E+002
  0.12105843E+002
  0.12105845E+002
  0.12105846E+002
  0.12105848E+002
  0.12105849E+002
  0.12105851E+002
  0.12105852E+002
  0.12105854E+002
  0.12105855E+002
  0.12105857E+002
  0.12105858E+002
  0.12105859E+002
  0.12105860E+002
  0.12105861E+002
  0.12105862E+002
  0.12105863E+002
  0.12105864E+002
  0.12105865E+002
  0.12105866E+002
  0.12105867E+002
  0.12105868E+002
  0.12105868E+002
  0.12105869E+002
