  0.31211734E-007
  0.31239267E-007
  0.31256944E-007
  0.31267963E-007
  0.31274379E-007
  0.31277573E-007
  0.31278501E-007
  0.31277841E-007
  0.31276082E-007
  0.31273583E-007
  0.31270608E-007
  0.31267354E-007
  0.31263968E-007
  0.31260557E-007
  0.31257199E-007
  0.31253950E-007
  0.31250847E-007
  0.31247916E-007
  0.31245170E-007
  0.31242615E-007
  0.31240254E-007
  0.31238081E-007
  0.31236091E-007
  0.31234275E-007
  0.31232620E-007
  0.31231116E-007
  0.31229750E-007
  0.31228509E-007
  0.31227379E-007
  0.31226350E-007
  0.31225408E-007
  0.31224543E-007
  0.31223744E-007
  0.31223003E-007
  0.31222311E-007
  0.31221660E-007
  0.31221045E-007
  0.31220461E-007
  0.31219904E-007
  0.31219371E-007
  0.31218859E-007
  0.31218366E-007
  0.31217893E-007
  0.31217439E-007
  0.31217003E-007
  0.31216586E-007
  0.31216189E-007
  0.31215812E-007
  0.31215455E-007
  0.31215118E-007
  0.31214803E-007
  0.31214509E-007
  0.31214236E-007
  0.31213984E-007
  0.31213752E-007
  0.31213540E-007
  0.31213347E-007
  0.31213172E-007
  0.31213014E-007
  0.31212872E-007
  0.31212745E-007
  0.31212631E-007
  0.31212529E-007
  0.31212438E-007
  0.31212357E-007
  0.31212286E-007
  0.31212223E-007
  0.31212168E-007
  0.31212121E-007
  0.31212079E-007
  0.31212043E-007
  0.31212011E-007
  0.31211984E-007
  0.31211960E-007
  0.31211940E-007
  0.31211923E-007
  0.31211908E-007
  0.31211895E-007
  0.31211884E-007
  0.31211874E-007
  0.31211866E-007
  0.31211859E-007
  0.31211853E-007
  0.31211847E-007
  0.31211842E-007
  0.31211838E-007
  0.31211834E-007
  0.31211830E-007
  0.31211828E-007
  0.31211833E-007
  0.31211841E-007
  0.31211851E-007
  0.31211863E-007
  0.31211876E-007
  0.31211888E-007
  0.31211900E-007
  0.31211911E-007
  0.31211920E-007
  0.31211929E-007
  0.31211936E-007
  0.31211942E-007
  0.31211946E-007
  0.31211950E-007
  0.31211952E-007
  0.31211953E-007
  0.31211954E-007
  0.31211953E-007
  0.31211952E-007
  0.31211950E-007
  0.31211948E-007
  0.31211945E-007
  0.31211942E-007
  0.31211939E-007
  0.31211935E-007
  0.31211931E-007
  0.31211927E-007
  0.31211923E-007
  0.31211918E-007
  0.31211914E-007
  0.31211910E-007
  0.31211905E-007
  0.31211901E-007
  0.31211896E-007
  0.31211892E-007
  0.31211888E-007
  0.31211883E-007
  0.31211879E-007
  0.31211875E-007
  0.31211871E-007
  0.31211867E-007
  0.31211863E-007
  0.31211859E-007
  0.31211855E-007
  0.31211852E-007
  0.31211848E-007
  0.31211845E-007
  0.31211841E-007
  0.31211838E-007
  0.31211835E-007
  0.31211831E-007
  0.31211828E-007
  0.31211825E-007
  0.31211822E-007
  0.31211820E-007
  0.31211817E-007
  0.31211814E-007
  0.31211812E-007
  0.31211809E-007
  0.31211807E-007
  0.31211805E-007
  0.31211802E-007
  0.31211800E-007
  0.31211798E-007
  0.31211796E-007
  0.31211794E-007
  0.31211792E-007
  0.31211790E-007
  0.31211789E-007
  0.31211787E-007
  0.31211785E-007
  0.31211784E-007
  0.31211782E-007
  0.31211781E-007
  0.31211780E-007
  0.31211778E-007
  0.31211777E-007
  0.31211776E-007
  0.31211775E-007
  0.31211773E-007
  0.31211772E-007
  0.31211771E-007
  0.31211770E-007
  0.31211769E-007
  0.31211768E-007
  0.31211768E-007
  0.31211767E-007
  0.31211766E-007
  0.31211765E-007
  0.31211764E-007
  0.31211763E-007
  0.31211762E-007
  0.31211762E-007
  0.31211761E-007
  0.31211760E-007
  0.31211759E-007
  0.31211758E-007
  0.31211757E-007
  0.31211756E-007
  0.31211755E-007
  0.31211754E-007
  0.31211753E-007
  0.31211752E-007
  0.31211751E-007
  0.31211749E-007
  0.31211748E-007
  0.31211746E-007
  0.31211745E-007
  0.31211743E-007
  0.31211741E-007
  0.31211740E-007
