  0.43940133E+000
  0.46281146E+000
  0.46351039E+000
  0.46112463E+000
  0.45842952E+000
  0.45589820E+000
  0.45362219E+000
  0.45161207E+000
  0.44985659E+000
  0.44833534E+000
  0.44702465E+000
  0.44590085E+000
  0.44494114E+000
  0.44412427E+000
  0.44343089E+000
  0.44284373E+000
  0.44234751E+000
  0.44192885E+000
  0.44157615E+000
  0.44127936E+000
  0.44102985E+000
  0.44082018E+000
  0.44064400E+000
  0.44049590E+000
  0.44037127E+000
  0.44026620E+000
  0.44017739E+000
  0.44010204E+000
  0.44003778E+000
  0.43998265E+000
  0.43993501E+000
  0.43989353E+000
  0.43985708E+000
  0.43982474E+000
  0.43979579E+000
  0.43976961E+000
  0.43974574E+000
  0.43972380E+000
  0.43970349E+000
  0.43968458E+000
  0.43966690E+000
  0.43965031E+000
  0.43963470E+000
  0.43961999E+000
  0.43960612E+000
  0.43959302E+000
  0.43958066E+000
  0.43956898E+000
  0.43955794E+000
  0.43954752E+000
  0.43953765E+000
  0.43952833E+000
  0.43951949E+000
  0.43951112E+000
  0.43950318E+000
  0.43949564E+000
  0.43948848E+000
  0.43948168E+000
  0.43947521E+000
  0.43946905E+000
  0.43946320E+000
  0.43945765E+000
  0.43945237E+000
  0.43944737E+000
  0.43944264E+000
  0.43943817E+000
  0.43943396E+000
  0.43943000E+000
  0.43942628E+000
  0.43942282E+000
  0.43941959E+000
  0.43941659E+000
  0.43941381E+000
  0.43941126E+000
  0.43940891E+000
  0.43940677E+000
  0.43940482E+000
  0.43940306E+000
  0.43940147E+000
  0.43940005E+000
  0.43939878E+000
  0.43939766E+000
  0.43939668E+000
  0.43939583E+000
  0.43939509E+000
  0.43939446E+000
  0.43939393E+000
  0.43939350E+000
  0.43939315E+000
  0.43939287E+000
  0.43939266E+000
  0.43939252E+000
  0.43939243E+000
  0.43939239E+000
  0.43939239E+000
  0.43939243E+000
  0.43939251E+000
  0.43939261E+000
  0.43939274E+000
  0.43939289E+000
  0.43939306E+000
  0.43939325E+000
  0.43939344E+000
  0.43939365E+000
  0.43939386E+000
  0.43939408E+000
  0.43939431E+000
  0.43939453E+000
  0.43939476E+000
  0.43939499E+000
  0.43939522E+000
  0.43939544E+000
  0.43939566E+000
  0.43939588E+000
  0.43939609E+000
  0.43939630E+000
  0.43939651E+000
  0.43939671E+000
  0.43939691E+000
  0.43939710E+000
  0.43939728E+000
  0.43939746E+000
  0.43939764E+000
  0.43939781E+000
  0.43939797E+000
  0.43939813E+000
  0.43939829E+000
  0.43939843E+000
  0.43939858E+000
  0.43939871E+000
  0.43939885E+000
  0.43939897E+000
  0.43939910E+000
  0.43939921E+000
  0.43939933E+000
  0.43939944E+000
  0.43939954E+000
  0.43939964E+000
  0.43939974E+000
  0.43939983E+000
  0.43939992E+000
  0.43940000E+000
  0.43940008E+000
  0.43940016E+000
  0.43940023E+000
  0.43940030E+000
  0.43940037E+000
  0.43940043E+000
  0.43940049E+000
  0.43940055E+000
  0.43940061E+000
  0.43940066E+000
  0.43940071E+000
  0.43940076E+000
  0.43940080E+000
  0.43940084E+000
  0.43940088E+000
  0.43940092E+000
  0.43940096E+000
  0.43940099E+000
  0.43940102E+000
  0.43940105E+000
  0.43940108E+000
  0.43940111E+000
  0.43940113E+000
  0.43940116E+000
  0.43940118E+000
  0.43940120E+000
  0.43940122E+000
  0.43940124E+000
  0.43940125E+000
  0.43940127E+000
  0.43940128E+000
  0.43940130E+000
  0.43940131E+000
  0.43940132E+000
  0.43940133E+000
  0.43940134E+000
  0.43940135E+000
  0.43940136E+000
  0.43940137E+000
  0.43940137E+000
  0.43940138E+000
  0.43940139E+000
  0.43940139E+000
  0.43940140E+000
  0.43940140E+000
  0.43940141E+000
  0.43940141E+000
  0.43940142E+000
  0.43940142E+000
  0.43940142E+000
  0.43940143E+000
  0.43940143E+000
  0.43940143E+000
  0.43940143E+000
  0.43940144E+000
  0.43940144E+000
  0.43940146E+000
  0.43940150E+000
