  0.46832715E+000
  0.49309610E+000
  0.49332831E+000
  0.49063681E+000
  0.48785210E+000
  0.48537564E+000
  0.48323629E+000
  0.48140154E+000
  0.47983084E+000
  0.47848660E+000
  0.47733597E+000
  0.47635048E+000
  0.47550588E+000
  0.47478141E+000
  0.47416024E+000
  0.47362620E+000
  0.47316646E+000
  0.47277035E+000
  0.47242864E+000
  0.47213347E+000
  0.47187808E+000
  0.47165671E+000
  0.47146437E+000
  0.47129680E+000
  0.47115034E+000
  0.47102181E+000
  0.47090850E+000
  0.47080806E+000
  0.47071848E+000
  0.47063802E+000
  0.47056519E+000
  0.47049873E+000
  0.47043755E+000
  0.47038074E+000
  0.47032750E+000
  0.47027719E+000
  0.47022925E+000
  0.47018323E+000
  0.47013874E+000
  0.47009547E+000
  0.47005316E+000
  0.47001161E+000
  0.46997065E+000
  0.46993013E+000
  0.46988996E+000
  0.46985004E+000
  0.46981031E+000
  0.46977071E+000
  0.46973122E+000
  0.46969179E+000
  0.46965241E+000
  0.46961306E+000
  0.46957373E+000
  0.46953443E+000
  0.46949515E+000
  0.46945590E+000
  0.46941669E+000
  0.46937753E+000
  0.46933842E+000
  0.46929940E+000
  0.46926048E+000
  0.46922171E+000
  0.46918311E+000
  0.46914474E+000
  0.46910668E+000
  0.46906899E+000
  0.46903176E+000
  0.46899506E+000
  0.46895897E+000
  0.46892357E+000
  0.46888888E+000
  0.46885493E+000
  0.46882175E+000
  0.46878931E+000
  0.46875981E+000
  0.46873334E+000
  0.46870867E+000
  0.46868520E+000
  0.46866271E+000
  0.46864113E+000
  0.46862039E+000
  0.46860048E+000
  0.46858141E+000
  0.46856316E+000
  0.46854576E+000
  0.46852919E+000
  0.46851346E+000
  0.46849856E+000
  0.46848449E+000
  0.46847123E+000
  0.46845877E+000
  0.46844711E+000
  0.46843621E+000
  0.46842606E+000
  0.46841663E+000
  0.46840791E+000
  0.46839986E+000
  0.46839246E+000
  0.46838567E+000
  0.46837947E+000
  0.46837382E+000
  0.46836869E+000
  0.46836405E+000
  0.46835988E+000
  0.46835612E+000
  0.46835277E+000
  0.46834977E+000
  0.46834711E+000
  0.46834476E+000
  0.46834268E+000
  0.46834086E+000
  0.46833926E+000
  0.46833787E+000
  0.46833665E+000
  0.46833560E+000
  0.46833469E+000
  0.46833390E+000
  0.46833323E+000
  0.46833265E+000
  0.46833215E+000
  0.46833172E+000
  0.46833135E+000
  0.46833104E+000
  0.46833077E+000
  0.46833053E+000
  0.46833033E+000
  0.46833015E+000
  0.46833000E+000
  0.46832986E+000
  0.46832973E+000
  0.46832962E+000
  0.46832952E+000
  0.46832942E+000
  0.46832934E+000
  0.46832925E+000
  0.46832918E+000
  0.46832910E+000
  0.46832903E+000
  0.46832896E+000
  0.46832890E+000
  0.46832883E+000
  0.46832877E+000
  0.46832871E+000
  0.46832865E+000
  0.46832859E+000
  0.46832854E+000
  0.46832848E+000
  0.46832843E+000
  0.46832838E+000
  0.46832832E+000
  0.46832828E+000
  0.46832823E+000
  0.46832818E+000
  0.46832813E+000
  0.46832809E+000
  0.46832805E+000
  0.46832801E+000
  0.46832797E+000
  0.46832793E+000
  0.46832789E+000
  0.46832785E+000
  0.46832782E+000
  0.46832778E+000
  0.46832775E+000
  0.46832772E+000
  0.46832769E+000
  0.46832766E+000
  0.46832763E+000
  0.46832760E+000
  0.46832758E+000
  0.46832755E+000
  0.46832753E+000
  0.46832751E+000
  0.46832748E+000
  0.46832746E+000
  0.46832744E+000
  0.46832742E+000
  0.46832740E+000
  0.46832739E+000
  0.46832737E+000
  0.46832735E+000
  0.46832734E+000
  0.46832732E+000
  0.46832731E+000
  0.46832730E+000
  0.46832728E+000
  0.46832727E+000
  0.46832726E+000
  0.46832725E+000
  0.46832724E+000
  0.46832723E+000
  0.46832722E+000
  0.46832721E+000
  0.46832719E+000
  0.46832719E+000
  0.46832718E+000
  0.46832717E+000
  0.46832716E+000
  0.46832717E+000
  0.46832725E+000
