  0.45964246E+000
  0.46000259E+000
  0.46019600E+000
  0.46029308E+000
  0.46033867E+000
  0.46035846E+000
  0.46036587E+000
  0.46036733E+000
  0.46036557E+000
  0.46036160E+000
  0.46035566E+000
  0.46034777E+000
  0.46033791E+000
  0.46032611E+000
  0.46031245E+000
  0.46029706E+000
  0.46028011E+000
  0.46026179E+000
  0.46024229E+000
  0.46022181E+000
  0.46020053E+000
  0.46017863E+000
  0.46015628E+000
  0.46013364E+000
  0.46011084E+000
  0.46008802E+000
  0.46006531E+000
  0.46004281E+000
  0.46002062E+000
  0.45999885E+000
  0.45997756E+000
  0.45995684E+000
  0.45993675E+000
  0.45991736E+000
  0.45989871E+000
  0.45988084E+000
  0.45986378E+000
  0.45984757E+000
  0.45983222E+000
  0.45981774E+000
  0.45980413E+000
  0.45979138E+000
  0.45977948E+000
  0.45976841E+000
  0.45975815E+000
  0.45974866E+000
  0.45973990E+000
  0.45973184E+000
  0.45972444E+000
  0.45971766E+000
  0.45971144E+000
  0.45970575E+000
  0.45970053E+000
  0.45969576E+000
  0.45969139E+000
  0.45968737E+000
  0.45968368E+000
  0.45968029E+000
  0.45967716E+000
  0.45967427E+000
  0.45967159E+000
  0.45966911E+000
  0.45966680E+000
  0.45966467E+000
  0.45966268E+000
  0.45966083E+000
  0.45965912E+000
  0.45965753E+000
  0.45965606E+000
  0.45965470E+000
  0.45965345E+000
  0.45965230E+000
  0.45965124E+000
  0.45965028E+000
  0.45964940E+000
  0.45964861E+000
  0.45964790E+000
  0.45964726E+000
  0.45964668E+000
  0.45964617E+000
  0.45964572E+000
  0.45964533E+000
  0.45964498E+000
  0.45964468E+000
  0.45964442E+000
  0.45964420E+000
  0.45964401E+000
  0.45964386E+000
  0.45964373E+000
  0.45964362E+000
  0.45964353E+000
  0.45964347E+000
  0.45964341E+000
  0.45964338E+000
  0.45964335E+000
  0.45964333E+000
  0.45964333E+000
  0.45964333E+000
  0.45964333E+000
  0.45964334E+000
  0.45964335E+000
  0.45964337E+000
  0.45964338E+000
  0.45964340E+000
  0.45964342E+000
  0.45964344E+000
  0.45964345E+000
  0.45964347E+000
  0.45964349E+000
  0.45964351E+000
  0.45964352E+000
  0.45964354E+000
  0.45964355E+000
  0.45964356E+000
  0.45964357E+000
  0.45964358E+000
  0.45964359E+000
  0.45964360E+000
  0.45964361E+000
  0.45964361E+000
  0.45964362E+000
  0.45964362E+000
  0.45964362E+000
  0.45964363E+000
  0.45964363E+000
  0.45964363E+000
  0.45964364E+000
  0.45964364E+000
  0.45964364E+000
  0.45964364E+000
  0.45964365E+000
  0.45964365E+000
  0.45964365E+000
  0.45964366E+000
  0.45964366E+000
  0.45964367E+000
  0.45964368E+000
  0.45964368E+000
  0.45964369E+000
  0.45964370E+000
  0.45964371E+000
  0.45964372E+000
  0.45964373E+000
  0.45964375E+000
  0.45964376E+000
  0.45964377E+000
  0.45964379E+000
  0.45964380E+000
  0.45964381E+000
  0.45964383E+000
  0.45964384E+000
  0.45964385E+000
  0.45964386E+000
  0.45964387E+000
  0.45964388E+000
  0.45964389E+000
  0.45964390E+000
  0.45964391E+000
  0.45964391E+000
  0.45964391E+000
  0.45964391E+000
  0.45964391E+000
  0.45964391E+000
  0.45964390E+000
  0.45964389E+000
  0.45964388E+000
  0.45964387E+000
  0.45964385E+000
  0.45964384E+000
  0.45964382E+000
  0.45964379E+000
  0.45964377E+000
  0.45964374E+000
  0.45964372E+000
  0.45964369E+000
  0.45964365E+000
  0.45964362E+000
  0.45964359E+000
  0.45964355E+000
  0.45964352E+000
  0.45964348E+000
  0.45964344E+000
  0.45964341E+000
  0.45964337E+000
  0.45964333E+000
  0.45964329E+000
  0.45964326E+000
  0.45964322E+000
  0.45964318E+000
  0.45964315E+000
  0.45964311E+000
  0.45964307E+000
  0.45964303E+000
  0.45964298E+000
  0.45964293E+000
  0.45964285E+000
  0.45964273E+000
  0.45964256E+000
  0.45964221E+000
  0.45964184E+000
