  0.40144338E+000
  0.40142072E+000
  0.40139826E+000
  0.40137462E+000
  0.40135879E+000
  0.40134222E+000
  0.40132650E+000
  0.40131620E+000
  0.40130776E+000
  0.40129994E+000
  0.40129191E+000
  0.40128599E+000
  0.40128625E+000
  0.40128195E+000
  0.40127678E+000
  0.40127229E+000
  0.40127466E+000
  0.40127141E+000
  0.40126763E+000
  0.40127215E+000
  0.40127249E+000
  0.40127226E+000
  0.40127039E+000
  0.40126898E+000
  0.40126963E+000
  0.40126874E+000
  0.40126781E+000
  0.40126826E+000
  0.40126844E+000
  0.40126832E+000
  0.40126811E+000
  0.40126778E+000
  0.40126832E+000
  0.40126952E+000
  0.40127012E+000
  0.40127054E+000
  0.40127093E+000
  0.40127174E+000
  0.40127375E+000
  0.40127414E+000
  0.40127458E+000
  0.40127479E+000
  0.40127539E+000
  0.40127586E+000
  0.40127629E+000
  0.40127665E+000
  0.40127687E+000
  0.40127713E+000
  0.40127796E+000
  0.40127837E+000
  0.40127872E+000
  0.40127903E+000
  0.40127939E+000
  0.40127976E+000
  0.40127954E+000
  0.40127984E+000
  0.40127998E+000
  0.40128014E+000
  0.40128037E+000
  0.40128062E+000
  0.40128060E+000
  0.40128074E+000
  0.40128088E+000
  0.40128063E+000
  0.40128072E+000
  0.40128071E+000
  0.40128073E+000
  0.40128068E+000
  0.40128080E+000
  0.40128084E+000
  0.40128090E+000
  0.40128083E+000
  0.40128082E+000
  0.40128084E+000
  0.40128088E+000
  0.40128091E+000
  0.40128092E+000
  0.40128089E+000
  0.40128085E+000
  0.40128088E+000
  0.40128089E+000
  0.40128092E+000
  0.40128094E+000
  0.40128061E+000
  0.40128063E+000
  0.40128064E+000
  0.40128064E+000
  0.40128065E+000
  0.40128065E+000
  0.40128065E+000
  0.40128066E+000
  0.40128099E+000
  0.40128098E+000
  0.40128098E+000
  0.40128097E+000
  0.40128100E+000
  0.40128099E+000
  0.40128098E+000
  0.40128101E+000
  0.40128102E+000
  0.40128106E+000
  0.40128107E+000
  0.40128110E+000
  0.40128109E+000
  0.40128108E+000
  0.40128109E+000
  0.40128108E+000
  0.40128108E+000
  0.40128109E+000
  0.40128112E+000
  0.40128107E+000
  0.40128107E+000
  0.40128106E+000
  0.40128108E+000
  0.40128107E+000
  0.40128107E+000
  0.40128108E+000
  0.40128113E+000
  0.40128118E+000
  0.40128117E+000
  0.40128116E+000
  0.40128123E+000
  0.40128122E+000
  0.40128121E+000
  0.40128122E+000
  0.40128121E+000
  0.40128121E+000
  0.40128120E+000
  0.40128121E+000
  0.40128121E+000
  0.40128121E+000
  0.40128121E+000
  0.40128121E+000
  0.40128120E+000
  0.40128120E+000
  0.40128124E+000
  0.40128127E+000
  0.40128126E+000
  0.40128126E+000
  0.40128126E+000
  0.40128125E+000
  0.40128125E+000
  0.40128125E+000
  0.40128126E+000
  0.40128126E+000
  0.40128126E+000
  0.40128126E+000
  0.40128126E+000
  0.40128126E+000
  0.40128126E+000
  0.40128126E+000
  0.40128126E+000
  0.40128127E+000
  0.40128127E+000
  0.40128127E+000
  0.40128127E+000
  0.40128128E+000
  0.40128128E+000
  0.40128128E+000
  0.40128128E+000
  0.40128129E+000
  0.40128129E+000
  0.40128130E+000
  0.40128130E+000
  0.40128130E+000
  0.40128131E+000
  0.40128131E+000
  0.40128132E+000
  0.40128132E+000
  0.40128133E+000
  0.40128134E+000
  0.40128134E+000
  0.40128135E+000
  0.40128135E+000
  0.40128136E+000
  0.40128136E+000
  0.40128137E+000
  0.40128137E+000
  0.40128138E+000
  0.40128138E+000
  0.40128139E+000
  0.40128139E+000
  0.40128140E+000
  0.40128141E+000
  0.40128141E+000
  0.40128142E+000
  0.40128142E+000
  0.40128143E+000
  0.40128143E+000
  0.40128144E+000
  0.40128144E+000
  0.40128145E+000
  0.40128145E+000
  0.40128146E+000
  0.40128147E+000
  0.40128147E+000
  0.40128148E+000
  0.40128148E+000
  0.40128148E+000
  0.40128158E+000
