  0.86834739E+000
  0.86909968E+000
  0.86959712E+000
  0.86993178E+000
  0.87016163E+000
  0.87031637E+000
  0.87038655E+000
  0.87043139E+000
  0.87044957E+000
  0.87044108E+000
  0.87041944E+000
  0.87038071E+000
  0.87032808E+000
  0.87026524E+000
  0.87019694E+000
  0.87012574E+000
  0.87005320E+000
  0.86997988E+000
  0.86990662E+000
  0.86983426E+000
  0.86976163E+000
  0.86969154E+000
  0.86962351E+000
  0.86955756E+000
  0.86949375E+000
  0.86943213E+000
  0.86937273E+000
  0.86931557E+000
  0.86926063E+000
  0.86920791E+000
  0.86915738E+000
  0.86910899E+000
  0.86906268E+000
  0.86901841E+000
  0.86897615E+000
  0.86893584E+000
  0.86889742E+000
  0.86886085E+000
  0.86882608E+000
  0.86879304E+000
  0.86876170E+000
  0.86873198E+000
  0.86870384E+000
  0.86867721E+000
  0.86865204E+000
  0.86862829E+000
  0.86860589E+000
  0.86858480E+000
  0.86856499E+000
  0.86854642E+000
  0.86852907E+000
  0.86851293E+000
  0.86849798E+000
  0.86848420E+000
  0.86847152E+000
  0.86845991E+000
  0.86844931E+000
  0.86843965E+000
  0.86843087E+000
  0.86842291E+000
  0.86841570E+000
  0.86840921E+000
  0.86840337E+000
  0.86839815E+000
  0.86839349E+000
  0.86838934E+000
  0.86838567E+000
  0.86838244E+000
  0.86837959E+000
  0.86837710E+000
  0.86837492E+000
  0.86837302E+000
  0.86837136E+000
  0.86836992E+000
  0.86836866E+000
  0.86836756E+000
  0.86836659E+000
  0.86836574E+000
  0.86836497E+000
  0.86836428E+000
  0.86836364E+000
  0.86836305E+000
  0.86836250E+000
  0.86836196E+000
  0.86836145E+000
  0.86836095E+000
  0.86836046E+000
  0.86835997E+000
  0.86835948E+000
  0.86835900E+000
  0.86835852E+000
  0.86835804E+000
  0.86835756E+000
  0.86835709E+000
  0.86835663E+000
  0.86835618E+000
  0.86835573E+000
  0.86835530E+000
  0.86835488E+000
  0.86835447E+000
  0.86835408E+000
  0.86835371E+000
  0.86835335E+000
  0.86835300E+000
  0.86835268E+000
  0.86835237E+000
  0.86835208E+000
  0.86835180E+000
  0.86835154E+000
  0.86835130E+000
  0.86835107E+000
  0.86835086E+000
  0.86835067E+000
  0.86835048E+000
  0.86835031E+000
  0.86835015E+000
  0.86835001E+000
  0.86834987E+000
  0.86834974E+000
  0.86834963E+000
  0.86834952E+000
  0.86834942E+000
  0.86834933E+000
  0.86834924E+000
  0.86834917E+000
  0.86834909E+000
  0.86834902E+000
  0.86834896E+000
  0.86834890E+000
  0.86834885E+000
  0.86834880E+000
  0.86834875E+000
  0.86834870E+000
  0.86834866E+000
  0.86834862E+000
  0.86834858E+000
  0.86834855E+000
  0.86834851E+000
  0.86834848E+000
  0.86834844E+000
  0.86834841E+000
  0.86834838E+000
  0.86834835E+000
  0.86834832E+000
  0.86834829E+000
  0.86834826E+000
  0.86834823E+000
  0.86834820E+000
  0.86834817E+000
  0.86834815E+000
  0.86834812E+000
  0.86834809E+000
  0.86834806E+000
  0.86834803E+000
  0.86834801E+000
  0.86834798E+000
  0.86834795E+000
  0.86834792E+000
  0.86834790E+000
  0.86834787E+000
  0.86834784E+000
  0.86834782E+000
  0.86834779E+000
  0.86834777E+000
  0.86834774E+000
  0.86834772E+000
  0.86834770E+000
  0.86834768E+000
  0.86834766E+000
  0.86834764E+000
  0.86834762E+000
  0.86834760E+000
  0.86834758E+000
  0.86834756E+000
  0.86834755E+000
  0.86834753E+000
  0.86834752E+000
  0.86834751E+000
  0.86834749E+000
  0.86834748E+000
  0.86834747E+000
  0.86834746E+000
  0.86834746E+000
  0.86834745E+000
  0.86834744E+000
  0.86834744E+000
  0.86834743E+000
  0.86834743E+000
  0.86834743E+000
  0.86834743E+000
  0.86834742E+000
  0.86834742E+000
  0.86834742E+000
  0.86834742E+000
  0.86834742E+000
  0.86834743E+000
  0.86834743E+000
  0.86834743E+000
  0.86834745E+000
  0.86834747E+000
