  0.98572865E+000
  0.98575984E+000
  0.98578424E+000
  0.98580313E+000
  0.98581746E+000
  0.98582807E+000
  0.98583567E+000
  0.98584082E+000
  0.98584398E+000
  0.98584555E+000
  0.98584584E+000
  0.98584509E+000
  0.98584353E+000
  0.98584133E+000
  0.98583862E+000
  0.98583554E+000
  0.98583216E+000
  0.98582858E+000
  0.98582486E+000
  0.98582106E+000
  0.98581720E+000
  0.98581334E+000
  0.98580949E+000
  0.98580569E+000
  0.98580196E+000
  0.98579830E+000
  0.98579473E+000
  0.98579126E+000
  0.98578790E+000
  0.98578465E+000
  0.98578153E+000
  0.98577852E+000
  0.98577563E+000
  0.98577287E+000
  0.98577023E+000
  0.98576772E+000
  0.98576533E+000
  0.98576305E+000
  0.98576089E+000
  0.98575884E+000
  0.98575691E+000
  0.98575508E+000
  0.98575334E+000
  0.98575171E+000
  0.98575017E+000
  0.98574872E+000
  0.98574735E+000
  0.98574606E+000
  0.98574485E+000
  0.98574371E+000
  0.98574264E+000
  0.98574163E+000
  0.98574068E+000
  0.98573978E+000
  0.98573894E+000
  0.98573815E+000
  0.98573741E+000
  0.98573671E+000
  0.98573606E+000
  0.98573544E+000
  0.98573487E+000
  0.98573433E+000
  0.98573383E+000
  0.98573336E+000
  0.98573292E+000
  0.98573252E+000
  0.98573214E+000
  0.98573180E+000
  0.98573147E+000
  0.98573118E+000
  0.98573091E+000
  0.98573066E+000
  0.98573044E+000
  0.98573023E+000
  0.98573005E+000
  0.98572989E+000
  0.98572974E+000
  0.98572960E+000
  0.98572949E+000
  0.98572938E+000
  0.98572929E+000
  0.98572922E+000
  0.98572915E+000
  0.98572909E+000
  0.98572904E+000
  0.98572900E+000
  0.98572897E+000
  0.98572894E+000
  0.98572892E+000
  0.98572890E+000
  0.98572889E+000
  0.98572888E+000
  0.98572887E+000
  0.98572887E+000
  0.98572887E+000
  0.98572888E+000
  0.98572888E+000
  0.98572888E+000
  0.98572889E+000
  0.98572890E+000
  0.98572891E+000
  0.98572891E+000
  0.98572892E+000
  0.98572893E+000
  0.98572894E+000
  0.98572895E+000
  0.98572896E+000
  0.98572897E+000
  0.98572898E+000
  0.98572898E+000
  0.98572899E+000
  0.98572900E+000
  0.98572901E+000
  0.98572901E+000
  0.98572902E+000
  0.98572903E+000
  0.98572903E+000
  0.98572904E+000
  0.98572904E+000
  0.98572905E+000
  0.98572905E+000
  0.98572905E+000
  0.98572906E+000
  0.98572906E+000
  0.98572906E+000
  0.98572907E+000
  0.98572907E+000
  0.98572907E+000
  0.98572907E+000
  0.98572908E+000
  0.98572908E+000
  0.98572908E+000
  0.98572908E+000
  0.98572908E+000
  0.98572909E+000
  0.98572909E+000
  0.98572909E+000
  0.98572909E+000
  0.98572909E+000
  0.98572909E+000
  0.98572910E+000
  0.98572910E+000
  0.98572910E+000
  0.98572910E+000
  0.98572910E+000
  0.98572910E+000
  0.98572910E+000
  0.98572910E+000
  0.98572910E+000
  0.98572910E+000
  0.98572910E+000
  0.98572910E+000
  0.98572910E+000
  0.98572910E+000
  0.98572910E+000
  0.98572910E+000
  0.98572909E+000
  0.98572909E+000
  0.98572909E+000
  0.98572908E+000
  0.98572908E+000
  0.98572907E+000
  0.98572906E+000
  0.98572906E+000
  0.98572905E+000
  0.98572904E+000
  0.98572903E+000
  0.98572902E+000
  0.98572901E+000
  0.98572900E+000
  0.98572899E+000
  0.98572898E+000
  0.98572897E+000
  0.98572895E+000
  0.98572894E+000
  0.98572893E+000
  0.98572891E+000
  0.98572890E+000
  0.98572889E+000
  0.98572887E+000
  0.98572886E+000
  0.98572885E+000
  0.98572883E+000
  0.98572882E+000
  0.98572880E+000
  0.98572879E+000
  0.98572878E+000
  0.98572876E+000
  0.98572875E+000
  0.98572874E+000
  0.98572872E+000
  0.98572871E+000
  0.98572870E+000
  0.98572868E+000
  0.98572866E+000
  0.98572864E+000
  0.98572861E+000
  0.98572856E+000
  0.98572850E+000
  0.98572846E+000
