  0.94043165E+000
  0.94043191E+000
  0.94043203E+000
  0.94043205E+000
  0.94043202E+000
  0.94043196E+000
  0.94043188E+000
  0.94043178E+000
  0.94043169E+000
  0.94043160E+000
  0.94043151E+000
  0.94043143E+000
  0.94043136E+000
  0.94043130E+000
  0.94043125E+000
  0.94043121E+000
  0.94043117E+000
  0.94043115E+000
  0.94043113E+000
  0.94043111E+000
  0.94043111E+000
  0.94043110E+000
  0.94043111E+000
  0.94043112E+000
  0.94043113E+000
  0.94043114E+000
  0.94043116E+000
  0.94043118E+000
  0.94043121E+000
  0.94043123E+000
  0.94043126E+000
  0.94043129E+000
  0.94043132E+000
  0.94043136E+000
  0.94043139E+000
  0.94043142E+000
  0.94043146E+000
  0.94043149E+000
  0.94043152E+000
  0.94043156E+000
  0.94043159E+000
  0.94043162E+000
  0.94043166E+000
  0.94043169E+000
  0.94043172E+000
  0.94043175E+000
  0.94043178E+000
  0.94043181E+000
  0.94043184E+000
  0.94043186E+000
  0.94043189E+000
  0.94043192E+000
  0.94043194E+000
  0.94043196E+000
  0.94043198E+000
  0.94043200E+000
  0.94043202E+000
  0.94043204E+000
  0.94043205E+000
  0.94043207E+000
  0.94043208E+000
  0.94043209E+000
  0.94043210E+000
  0.94043211E+000
  0.94043211E+000
  0.94043212E+000
  0.94043212E+000
  0.94043212E+000
  0.94043213E+000
  0.94043213E+000
  0.94043213E+000
  0.94043213E+000
  0.94043213E+000
  0.94043213E+000
  0.94043212E+000
  0.94043212E+000
  0.94043212E+000
  0.94043212E+000
  0.94043212E+000
  0.94043212E+000
  0.94043212E+000
  0.94043212E+000
  0.94043213E+000
  0.94043213E+000
  0.94043213E+000
  0.94043214E+000
  0.94043214E+000
  0.94043215E+000
  0.94043216E+000
  0.94043217E+000
  0.94043218E+000
  0.94043219E+000
  0.94043220E+000
  0.94043221E+000
  0.94043222E+000
  0.94043223E+000
  0.94043224E+000
  0.94043226E+000
  0.94043227E+000
  0.94043228E+000
  0.94043230E+000
  0.94043231E+000
  0.94043232E+000
  0.94043233E+000
  0.94043234E+000
  0.94043236E+000
  0.94043237E+000
  0.94043238E+000
  0.94043239E+000
  0.94043240E+000
  0.94043241E+000
  0.94043241E+000
  0.94043242E+000
  0.94043243E+000
  0.94043243E+000
  0.94043244E+000
  0.94043244E+000
  0.94043245E+000
  0.94043245E+000
  0.94043245E+000
  0.94043245E+000
  0.94043245E+000
  0.94043245E+000
  0.94043245E+000
  0.94043245E+000
  0.94043244E+000
  0.94043244E+000
  0.94043243E+000
  0.94043243E+000
  0.94043242E+000
  0.94043241E+000
  0.94043241E+000
  0.94043240E+000
  0.94043239E+000
  0.94043238E+000
  0.94043236E+000
  0.94043235E+000
  0.94043234E+000
  0.94043233E+000
  0.94043231E+000
  0.94043230E+000
  0.94043228E+000
  0.94043227E+000
  0.94043225E+000
  0.94043223E+000
  0.94043222E+000
  0.94043220E+000
  0.94043218E+000
  0.94043216E+000
  0.94043214E+000
  0.94043212E+000
  0.94043210E+000
  0.94043208E+000
  0.94043206E+000
  0.94043204E+000
  0.94043202E+000
  0.94043200E+000
  0.94043198E+000
  0.94043196E+000
  0.94043195E+000
  0.94043193E+000
  0.94043191E+000
  0.94043189E+000
  0.94043187E+000
  0.94043185E+000
  0.94043183E+000
  0.94043181E+000
  0.94043180E+000
  0.94043178E+000
  0.94043176E+000
  0.94043175E+000
  0.94043173E+000
  0.94043172E+000
  0.94043171E+000
  0.94043169E+000
  0.94043168E+000
  0.94043167E+000
  0.94043166E+000
  0.94043165E+000
  0.94043164E+000
  0.94043163E+000
  0.94043162E+000
  0.94043161E+000
  0.94043160E+000
  0.94043160E+000
  0.94043159E+000
  0.94043158E+000
  0.94043158E+000
  0.94043158E+000
  0.94043157E+000
  0.94043157E+000
  0.94043156E+000
  0.94043156E+000
  0.94043156E+000
  0.94043156E+000
  0.94043156E+000
  0.94043156E+000
  0.94043156E+000
  0.94043156E+000
  0.94043156E+000
