  0.00000000E+000  0.00000000E+000  0.00000000E+000  0.00000000E+000  0.00000000E+000  0.00000000E+000  0.73610814E+000  0.15014936E+002  0.73432918E+002  0.25718227E+003  0.26897861E+003
  0.00000000E+000  0.00000000E+000  0.00000000E+000  0.00000000E+000  0.00000000E+000  0.00000000E+000  0.73611852E+000  0.15015100E+002  0.73433049E+002  0.25718245E+003  0.26897917E+003
  0.00000000E+000  0.00000000E+000  0.00000000E+000  0.00000000E+000  0.00000000E+000  0.00000000E+000  0.73612637E+000  0.15015221E+002  0.73433107E+002  0.25718259E+003  0.26897959E+003
  0.00000000E+000  0.00000000E+000  0.00000000E+000  0.00000000E+000  0.00000000E+000  0.00000000E+000  0.73613222E+000  0.15015311E+002  0.73433136E+002  0.25718270E+003  0.26897990E+003
  0.00000000E+000  0.00000000E+000  0.00000000E+000  0.00000000E+000  0.00000000E+000  0.00000000E+000  0.73613647E+000  0.15015377E+002  0.73433151E+002  0.25718277E+003  0.26898012E+003
  0.00000000E+000  0.00000000E+000  0.00000000E+000  0.00000000E+000  0.00000000E+000  0.00000000E+000  0.73613944E+000  0.15015426E+002  0.73433158E+002  0.25718282E+003  0.26898027E+003
  0.00000000E+000  0.00000000E+000  0.00000000E+000  0.00000000E+000  0.00000000E+000  0.00000000E+000  0.73614139E+000  0.15015462E+002  0.73433160E+002  0.25718285E+003  0.26898036E+003
  0.00000000E+000  0.00000000E+000  0.00000000E+000  0.00000000E+000  0.00000000E+000  0.00000000E+000  0.73614250E+000  0.15015487E+002  0.73433158E+002  0.25718286E+003  0.26898040E+003
  0.00000000E+000  0.00000000E+000  0.00000000E+000  0.00000000E+000  0.00000000E+000  0.00000000E+000  0.73614288E+000  0.15015503E+002  0.73433154E+002  0.25718286E+003  0.26898040E+003
  0.00000000E+000  0.00000000E+000  0.00000000E+000  0.00000000E+000  0.00000000E+000  0.00000000E+000  0.73614273E+000  0.15015513E+002  0.73433147E+002  0.25718286E+003  0.26898037E+003
  0.00000000E+000  0.00000000E+000  0.00000000E+000  0.00000000E+000  0.00000000E+000  0.00000000E+000  0.73614217E+000  0.15015517E+002  0.73433140E+002  0.25718284E+003  0.26898032E+003
  0.00000000E+000  0.00000000E+000  0.00000000E+000  0.00000000E+000  0.00000000E+000  0.00000000E+000  0.73614128E+000  0.15015516E+002  0.73433131E+002  0.25718282E+003  0.26898025E+003
  0.00000000E+000  0.00000000E+000  0.00000000E+000  0.00000000E+000  0.00000000E+000  0.00000000E+000  0.73614014E+000  0.15015512E+002  0.73433121E+002  0.25718279E+003  0.26898017E+003
  0.00000000E+000  0.00000000E+000  0.00000000E+000  0.00000000E+000  0.00000000E+000  0.00000000E+000  0.73613880E+000  0.15015505E+002  0.73433112E+002  0.25718276E+003  0.26898008E+003
  0.00000000E+000  0.00000000E+000  0.00000000E+000  0.00000000E+000  0.00000000E+000  0.00000000E+000  0.73613731E+000  0.15015496E+002  0.73433102E+002  0.25718273E+003  0.26897999E+003
  0.00000000E+000  0.00000000E+000  0.00000000E+000  0.00000000E+000  0.00000000E+000  0.00000000E+000  0.73613569E+000  0.15015484E+002  0.73433092E+002  0.25718270E+003  0.26897989E+003
  0.00000000E+000  0.00000000E+000  0.00000000E+000  0.00000000E+000  0.00000000E+000  0.00000000E+000  0.73613398E+000  0.15015472E+002  0.73433082E+002  0.25718267E+003  0.26897979E+003
  0.00000000E+000  0.00000000E+000  0.00000000E+000  0.00000000E+000  0.00000000E+000  0.00000000E+000  0.73613221E+000  0.15015457E+002  0.73433072E+002  0.25718264E+003  0.26897968E+003
  0.00000000E+000  0.00000000E+000  0.00000000E+000  0.00000000E+000  0.00000000E+000  0.00000000E+000  0.73613038E+000  0.15015442E+002  0.73433062E+002  0.25718260E+003  0.26897958E+003
  0.00000000E+000  0.00000000E+000  0.00000000E+000  0.00000000E+000  0.00000000E+000  0.00000000E+000  0.73612851E+000  0.15015426E+002  0.73433053E+002  0.25718257E+003  0.26897948E+003
  0.00000000E+000  0.00000000E+000  0.00000000E+000  0.00000000E+000  0.00000000E+000  0.00000000E+000  0.73612662E+000  0.15015410E+002  0.73433043E+002  0.25718254E+003  0.26897939E+003
  0.00000000E+000  0.00000000E+000  0.00000000E+000  0.00000000E+000  0.00000000E+000  0.00000000E+000  0.73612471E+000  0.15015392E+002  0.73433034E+002  0.25718251E+003  0.26897929E+003
  0.00000000E+000  0.00000000E+000  0.00000000E+000  0.00000000E+000  0.00000000E+000  0.00000000E+000  0.73612279E+000  0.15015375E+002  0.73433026E+002  0.25718248E+003  0.26897920E+003
  0.00000000E+000  0.00000000E+000  0.00000000E+000  0.00000000E+000  0.00000000E+000  0.00000000E+000  0.73612087E+000  0.15015357E+002  0.73433017E+002  0.25718245E+003  0.26897912E+003
  0.00000000E+000  0.00000000E+000  0.00000000E+000  0.00000000E+000  0.00000000E+000  0.00000000E+000  0.73611895E+000  0.15015339E+002  0.73433009E+002  0.25718243E+003  0.26897904E+003
  0.00000000E+000  0.00000000E+000  0.00000000E+000  0.00000000E+000  0.00000000E+000  0.00000000E+000  0.73611703E+000  0.15015321E+002  0.73433001E+002  0.25718240E+003  0.26897896E+003
  0.00000000E+000  0.00000000E+000  0.00000000E+000  0.00000000E+000  0.00000000E+000  0.00000000E+000  0.73611512E+000  0.15015303E+002  0.73432993E+002  0.25718238E+003  0.26897889E+003
  0.00000000E+000  0.00000000E+000  0.00000000E+000  0.00000000E+000  0.00000000E+000  0.00000000E+000  0.73611322E+000  0.15015285E+002  0.73432986E+002  0.25718236E+003  0.26897882E+003
  0.00000000E+000  0.00000000E+000  0.00000000E+000  0.00000000E+000  0.00000000E+000  0.00000000E+000  0.73611133E+000  0.15015267E+002  0.73432978E+002  0.25718234E+003  0.26897876E+003
  0.00000000E+000  0.00000000E+000  0.00000000E+000  0.00000000E+000  0.00000000E+000  0.00000000E+000  0.73610945E+000  0.15015248E+002  0.73432971E+002  0.25718232E+003  0.26897871E+003
  0.00000000E+000  0.00000000E+000  0.00000000E+000  0.00000000E+000  0.00000000E+000  0.00000000E+000  0.73610759E+000  0.15015230E+002  0.73432965E+002  0.25718231E+003  0.26897866E+003
  0.00000000E+000  0.00000000E+000  0.00000000E+000  0.00000000E+000  0.00000000E+000  0.00000000E+000  0.73610574E+000  0.15015212E+002  0.73432958E+002  0.25718229E+003  0.26897861E+003
  0.00000000E+000  0.00000000E+000  0.00000000E+000  0.00000000E+000  0.00000000E+000  0.00000000E+000  0.73610390E+000  0.15015193E+002  0.73432951E+002  0.25718228E+003  0.26897858E+003
  0.00000000E+000  0.00000000E+000  0.00000000E+000  0.00000000E+000  0.00000000E+000  0.00000000E+000  0.73610207E+000  0.15015175E+002  0.73432945E+002  0.25718227E+003  0.26897854E+003
  0.00000000E+000  0.00000000E+000  0.00000000E+000  0.00000000E+000  0.00000000E+000  0.00000000E+000  0.73610026E+000  0.15015156E+002  0.73432939E+002  0.25718226E+003  0.26897851E+003
  0.00000000E+000  0.00000000E+000  0.00000000E+000  0.00000000E+000  0.00000000E+000  0.00000000E+000  0.73609846E+000  0.15015137E+002  0.73432933E+002  0.25718225E+003  0.26897849E+003
  0.00000000E+000  0.00000000E+000  0.00000000E+000  0.00000000E+000  0.00000000E+000  0.00000000E+000  0.73609667E+000  0.15015118E+002  0.73432927E+002  0.25718225E+003  0.26897846E+003
  0.00000000E+000  0.00000000E+000  0.00000000E+000  0.00000000E+000  0.00000000E+000  0.00000000E+000  0.73609490E+000  0.15015099E+002  0.73432921E+002  0.25718224E+003  0.26897845E+003
  0.00000000E+000  0.00000000E+000  0.00000000E+000  0.00000000E+000  0.00000000E+000  0.00000000E+000  0.73609314E+000  0.15015079E+002  0.73432915E+002  0.25718224E+003  0.26897844E+003
  0.00000000E+000  0.00000000E+000  0.00000000E+000  0.00000000E+000  0.00000000E+000  0.00000000E+000  0.73609138E+000  0.15015060E+002  0.73432909E+002  0.25718223E+003  0.26897843E+003
  0.00000000E+000  0.00000000E+000  0.00000000E+000  0.00000000E+000  0.00000000E+000  0.00000000E+000  0.73608964E+000  0.15015040E+002  0.73432903E+002  0.25718223E+003  0.26897842E+003
  0.00000000E+000  0.00000000E+000  0.00000000E+000  0.00000000E+000  0.00000000E+000  0.00000000E+000  0.73608790E+000  0.15015019E+002  0.73432898E+002  0.25718223E+003  0.26897842E+003
  0.00000000E+000  0.00000000E+000  0.00000000E+000  0.00000000E+000  0.00000000E+000  0.00000000E+000  0.73608617E+000  0.15014998E+002  0.73432892E+002  0.25718223E+003  0.26897842E+003
  0.00000000E+000  0.00000000E+000  0.00000000E+000  0.00000000E+000  0.00000000E+000  0.00000000E+000  0.73608445E+000  0.15014977E+002  0.73432886E+002  0.25718223E+003  0.26897842E+003
  0.00000000E+000  0.00000000E+000  0.00000000E+000  0.00000000E+000  0.00000000E+000  0.00000000E+000  0.73608274E+000  0.15014955E+002  0.73432880E+002  0.25718223E+003  0.26897843E+003
  0.00000000E+000  0.00000000E+000  0.00000000E+000  0.00000000E+000  0.00000000E+000  0.00000000E+000  0.73608103E+000  0.15014933E+002  0.73432874E+002  0.25718223E+003  0.26897843E+003
  0.00000000E+000  0.00000000E+000  0.00000000E+000  0.00000000E+000  0.00000000E+000  0.00000000E+000  0.73607933E+000  0.15014911E+002  0.73432867E+002  0.25718224E+003  0.26897844E+003
  0.00000000E+000  0.00000000E+000  0.00000000E+000  0.00000000E+000  0.00000000E+000  0.00000000E+000  0.73607763E+000  0.15014887E+002  0.73432861E+002  0.25718224E+003  0.26897845E+003
  0.00000000E+000  0.00000000E+000  0.00000000E+000  0.00000000E+000  0.00000000E+000  0.00000000E+000  0.73607595E+000  0.15014863E+002  0.73432854E+002  0.25718224E+003  0.26897846E+003
  0.00000000E+000  0.00000000E+000  0.00000000E+000  0.00000000E+000  0.00000000E+000  0.00000000E+000  0.73607427E+000  0.15014839E+002  0.73432848E+002  0.25718224E+003  0.26897847E+003
  0.00000000E+000  0.00000000E+000  0.00000000E+000  0.00000000E+000  0.00000000E+000  0.00000000E+000  0.73607260E+000  0.15014814E+002  0.73432841E+002  0.25718225E+003  0.26897848E+003
  0.00000000E+000  0.00000000E+000  0.00000000E+000  0.00000000E+000  0.00000000E+000  0.00000000E+000  0.73607095E+000  0.15014789E+002  0.73432833E+002  0.25718225E+003  0.26897849E+003
  0.00000000E+000  0.00000000E+000  0.00000000E+000  0.00000000E+000  0.00000000E+000  0.00000000E+000  0.73606932E+000  0.15014763E+002  0.73432825E+002  0.25718225E+003  0.26897851E+003
  0.00000000E+000  0.00000000E+000  0.00000000E+000  0.00000000E+000  0.00000000E+000  0.00000000E+000  0.73606771E+000  0.15014736E+002  0.73432817E+002  0.25718226E+003  0.26897852E+003
  0.00000000E+000  0.00000000E+000  0.00000000E+000  0.00000000E+000  0.00000000E+000  0.00000000E+000  0.73606612E+000  0.15014709E+002  0.73432808E+002  0.25718226E+003  0.26897853E+003
  0.00000000E+000  0.00000000E+000  0.00000000E+000  0.00000000E+000  0.00000000E+000  0.00000000E+000  0.73606457E+000  0.15014682E+002  0.73432799E+002  0.25718226E+003  0.26897854E+003
  0.00000000E+000  0.00000000E+000  0.00000000E+000  0.00000000E+000  0.00000000E+000  0.00000000E+000  0.73606307E+000  0.15014655E+002  0.73432789E+002  0.25718227E+003  0.26897855E+003
  0.00000000E+000  0.00000000E+000  0.00000000E+000  0.00000000E+000  0.00000000E+000  0.00000000E+000  0.73606161E+000  0.15014627E+002  0.73432778E+002  0.25718227E+003  0.26897856E+003
  0.00000000E+000  0.00000000E+000  0.00000000E+000  0.00000000E+000  0.00000000E+000  0.00000000E+000  0.73606021E+000  0.15014599E+002  0.73432767E+002  0.25718227E+003  0.26897857E+003
  0.00000000E+000  0.00000000E+000  0.00000000E+000  0.00000000E+000  0.00000000E+000  0.00000000E+000  0.73605887E+000  0.15014571E+002  0.73432754E+002  0.25718227E+003  0.26897857E+003
  0.00000000E+000  0.00000000E+000  0.00000000E+000  0.00000000E+000  0.00000000E+000  0.00000000E+000  0.73605761E+000  0.15014543E+002  0.73432741E+002  0.25718227E+003  0.26897858E+003
  0.00000000E+000  0.00000000E+000  0.00000000E+000  0.00000000E+000  0.00000000E+000  0.00000000E+000  0.73605643E+000  0.15014514E+002  0.73432726E+002  0.25718228E+003  0.26897859E+003
  0.00000000E+000  0.00000000E+000  0.00000000E+000  0.00000000E+000  0.00000000E+000  0.00000000E+000  0.73605535E+000  0.15014486E+002  0.73432709E+002  0.25718228E+003  0.26897859E+003
  0.00000000E+000  0.00000000E+000  0.00000000E+000  0.00000000E+000  0.00000000E+000  0.00000000E+000  0.73605436E+000  0.15014458E+002  0.73432692E+002  0.25718228E+003  0.26897860E+003
  0.00000000E+000  0.00000000E+000  0.00000000E+000  0.00000000E+000  0.00000000E+000  0.00000000E+000  0.73605349E+000  0.15014430E+002  0.73432672E+002  0.25718228E+003  0.26897860E+003
  0.00000000E+000  0.00000000E+000  0.00000000E+000  0.00000000E+000  0.00000000E+000  0.00000000E+000  0.73605273E+000  0.15014402E+002  0.73432651E+002  0.25718228E+003  0.26897860E+003
  0.00000000E+000  0.00000000E+000  0.00000000E+000  0.00000000E+000  0.00000000E+000  0.00000000E+000  0.73605209E+000  0.15014375E+002  0.73432627E+002  0.25718228E+003  0.26897861E+003
  0.00000000E+000  0.00000000E+000  0.00000000E+000  0.00000000E+000  0.00000000E+000  0.00000000E+000  0.73605158E+000  0.15014347E+002  0.73432602E+002  0.25718228E+003  0.26897861E+003
  0.00000000E+000  0.00000000E+000  0.00000000E+000  0.00000000E+000  0.00000000E+000  0.00000000E+000  0.73605120E+000  0.15014320E+002  0.73432574E+002  0.25718228E+003  0.26897861E+003
  0.00000000E+000  0.00000000E+000  0.00000000E+000  0.00000000E+000  0.00000000E+000  0.00000000E+000  0.73605095E+000  0.15014292E+002  0.73432544E+002  0.25718228E+003  0.26897861E+003
  0.00000000E+000  0.00000000E+000  0.00000000E+000  0.00000000E+000  0.00000000E+000  0.00000000E+000  0.73605083E+000  0.15014265E+002  0.73432511E+002  0.25718228E+003  0.26897862E+003
  0.00000000E+000  0.00000000E+000  0.00000000E+000  0.00000000E+000  0.00000000E+000  0.00000000E+000  0.73605084E+000  0.15014237E+002  0.73432475E+002  0.25718228E+003  0.26897862E+003
  0.00000000E+000  0.00000000E+000  0.00000000E+000  0.00000000E+000  0.00000000E+000  0.00000000E+000  0.73605098E+000  0.15014209E+002  0.73432436E+002  0.25718228E+003  0.26897862E+003
  0.00000000E+000  0.00000000E+000  0.00000000E+000  0.00000000E+000  0.00000000E+000  0.00000000E+000  0.73605124E+000  0.15014181E+002  0.73432394E+002  0.25718228E+003  0.26897862E+003
  0.00000000E+000  0.00000000E+000  0.00000000E+000  0.00000000E+000  0.00000000E+000  0.00000000E+000  0.73605163E+000  0.15014153E+002  0.73432349E+002  0.25718228E+003  0.26897862E+003
  0.00000000E+000  0.00000000E+000  0.00000000E+000  0.00000000E+000  0.00000000E+000  0.00000000E+000  0.73605213E+000  0.15014124E+002  0.73432301E+002  0.25718228E+003  0.26897862E+003
  0.00000000E+000  0.00000000E+000  0.00000000E+000  0.00000000E+000  0.00000000E+000  0.00000000E+000  0.73605273E+000  0.15014095E+002  0.73432248E+002  0.25718228E+003  0.26897862E+003
  0.00000000E+000  0.00000000E+000  0.00000000E+000  0.00000000E+000  0.00000000E+000  0.00000000E+000  0.73605344E+000  0.15014065E+002  0.73432193E+002  0.25718228E+003  0.26897862E+003
  0.00000000E+000  0.00000000E+000  0.00000000E+000  0.00000000E+000  0.00000000E+000  0.00000000E+000  0.73605424E+000  0.15014035E+002  0.73432133E+002  0.25718228E+003  0.26897862E+003
  0.00000000E+000  0.00000000E+000  0.00000000E+000  0.00000000E+000  0.00000000E+000  0.00000000E+000  0.73605512E+000  0.15014005E+002  0.73432070E+002  0.25718227E+003  0.26897862E+003
  0.00000000E+000  0.00000000E+000  0.00000000E+000  0.00000000E+000  0.00000000E+000  0.00000000E+000  0.73605607E+000  0.15013974E+002  0.73432002E+002  0.25718227E+003  0.26897862E+003
  0.00000000E+000  0.00000000E+000  0.00000000E+000  0.00000000E+000  0.00000000E+000  0.00000000E+000  0.73605709E+000  0.15013943E+002  0.73431931E+002  0.25718227E+003  0.26897862E+003
  0.00000000E+000  0.00000000E+000  0.00000000E+000  0.00000000E+000  0.00000000E+000  0.00000000E+000  0.73605817E+000  0.15013912E+002  0.73431856E+002  0.25718227E+003  0.26897861E+003
  0.00000000E+000  0.00000000E+000  0.00000000E+000  0.00000000E+000  0.00000000E+000  0.00000000E+000  0.73605930E+000  0.15013881E+002  0.73431776E+002  0.25718227E+003  0.26897861E+003
  0.00000000E+000  0.00000000E+000  0.00000000E+000  0.00000000E+000  0.00000000E+000  0.00000000E+000  0.73606047E+000  0.15013851E+002  0.73431693E+002  0.25718227E+003  0.26897861E+003
  0.00000000E+000  0.00000000E+000  0.00000000E+000  0.00000000E+000  0.00000000E+000  0.00000000E+000  0.73606167E+000  0.15013821E+002  0.73431605E+002  0.25718227E+003  0.26897861E+003
  0.00000000E+000  0.00000000E+000  0.00000000E+000  0.00000000E+000  0.00000000E+000  0.00000000E+000  0.73606290E+000  0.15013792E+002  0.73431514E+002  0.25718226E+003  0.26897861E+003
  0.00000000E+000  0.00000000E+000  0.00000000E+000  0.00000000E+000  0.00000000E+000  0.00000000E+000  0.73606416E+000  0.15013764E+002  0.73431419E+002  0.25718226E+003  0.26897861E+003
  0.00000000E+000  0.00000000E+000  0.00000000E+000  0.00000000E+000  0.00000000E+000  0.00000000E+000  0.73606542E+000  0.15013738E+002  0.73431321E+002  0.25718226E+003  0.26897861E+003
  0.00000000E+000  0.00000000E+000  0.00000000E+000  0.00000000E+000  0.00000000E+000  0.00000000E+000  0.73606670E+000  0.15013713E+002  0.73431220E+002  0.25718226E+003  0.26897861E+003
  0.00000000E+000  0.00000000E+000  0.00000000E+000  0.00000000E+000  0.00000000E+000  0.00000000E+000  0.73606798E+000  0.15013690E+002  0.73431115E+002  0.25718225E+003  0.26897861E+003
  0.00000000E+000  0.00000000E+000  0.00000000E+000  0.00000000E+000  0.00000000E+000  0.00000000E+000  0.73606927E+000  0.15013670E+002  0.73431008E+002  0.25718225E+003  0.26897860E+003
  0.00000000E+000  0.00000000E+000  0.00000000E+000  0.00000000E+000  0.00000000E+000  0.00000000E+000  0.73607055E+000  0.15013652E+002  0.73430899E+002  0.25718225E+003  0.26897860E+003
  0.00000000E+000  0.00000000E+000  0.00000000E+000  0.00000000E+000  0.00000000E+000  0.00000000E+000  0.73607182E+000  0.15013637E+002  0.73430787E+002  0.25718224E+003  0.26897860E+003
  0.00000000E+000  0.00000000E+000  0.00000000E+000  0.00000000E+000  0.00000000E+000  0.00000000E+000  0.73607308E+000  0.15013624E+002  0.73430674E+002  0.25718224E+003  0.26897860E+003
  0.00000000E+000  0.00000000E+000  0.00000000E+000  0.00000000E+000  0.00000000E+000  0.00000000E+000  0.73607433E+000  0.15013615E+002  0.73430559E+002  0.25718223E+003  0.26897859E+003
  0.00000000E+000  0.00000000E+000  0.00000000E+000  0.00000000E+000  0.00000000E+000  0.00000000E+000  0.73607557E+000  0.15013609E+002  0.73430443E+002  0.25718223E+003  0.26897859E+003
  0.00000000E+000  0.00000000E+000  0.00000000E+000  0.00000000E+000  0.00000000E+000  0.00000000E+000  0.73607678E+000  0.15013606E+002  0.73430325E+002  0.25718222E+003  0.26897859E+003
  0.00000000E+000  0.00000000E+000  0.00000000E+000  0.00000000E+000  0.00000000E+000  0.00000000E+000  0.73607798E+000  0.15013607E+002  0.73430208E+002  0.25718222E+003  0.26897858E+003
  0.00000000E+000  0.00000000E+000  0.00000000E+000  0.00000000E+000  0.00000000E+000  0.00000000E+000  0.73607915E+000  0.15013611E+002  0.73430090E+002  0.25718221E+003  0.26897858E+003
  0.00000000E+000  0.00000000E+000  0.00000000E+000  0.00000000E+000  0.00000000E+000  0.00000000E+000  0.73608030E+000  0.15013618E+002  0.73429972E+002  0.25718220E+003  0.26897857E+003
  0.00000000E+000  0.00000000E+000  0.00000000E+000  0.00000000E+000  0.00000000E+000  0.00000000E+000  0.73608142E+000  0.15013628E+002  0.73429855E+002  0.25718219E+003  0.26897857E+003
  0.00000000E+000  0.00000000E+000  0.00000000E+000  0.00000000E+000  0.00000000E+000  0.00000000E+000  0.73608252E+000  0.15013642E+002  0.73429739E+002  0.25718218E+003  0.26897856E+003
  0.00000000E+000  0.00000000E+000  0.00000000E+000  0.00000000E+000  0.00000000E+000  0.00000000E+000  0.73608359E+000  0.15013658E+002  0.73429624E+002  0.25718217E+003  0.26897856E+003
  0.00000000E+000  0.00000000E+000  0.00000000E+000  0.00000000E+000  0.00000000E+000  0.00000000E+000  0.73608463E+000  0.15013677E+002  0.73429512E+002  0.25718216E+003  0.26897855E+003
  0.00000000E+000  0.00000000E+000  0.00000000E+000  0.00000000E+000  0.00000000E+000  0.00000000E+000  0.73608564E+000  0.15013699E+002  0.73429402E+002  0.25718214E+003  0.26897854E+003
  0.00000000E+000  0.00000000E+000  0.00000000E+000  0.00000000E+000  0.00000000E+000  0.00000000E+000  0.73608662E+000  0.15013723E+002  0.73429296E+002  0.25718213E+003  0.26897853E+003
  0.00000000E+000  0.00000000E+000  0.00000000E+000  0.00000000E+000  0.00000000E+000  0.00000000E+000  0.73608756E+000  0.15013750E+002  0.73429194E+002  0.25718211E+003  0.26897853E+003
  0.00000000E+000  0.00000000E+000  0.00000000E+000  0.00000000E+000  0.00000000E+000  0.00000000E+000  0.73608848E+000  0.15013778E+002  0.73429097E+002  0.25718210E+003  0.26897852E+003
  0.00000000E+000  0.00000000E+000  0.00000000E+000  0.00000000E+000  0.00000000E+000  0.00000000E+000  0.73608936E+000  0.15013809E+002  0.73429006E+002  0.25718208E+003  0.26897851E+003
  0.00000000E+000  0.00000000E+000  0.00000000E+000  0.00000000E+000  0.00000000E+000  0.00000000E+000  0.73609021E+000  0.15013840E+002  0.73428922E+002  0.25718206E+003  0.26897850E+003
  0.00000000E+000  0.00000000E+000  0.00000000E+000  0.00000000E+000  0.00000000E+000  0.00000000E+000  0.73609103E+000  0.15013873E+002  0.73428845E+002  0.25718205E+003  0.26897848E+003
  0.00000000E+000  0.00000000E+000  0.00000000E+000  0.00000000E+000  0.00000000E+000  0.00000000E+000  0.73609182E+000  0.15013907E+002  0.73428777E+002  0.25718203E+003  0.26897847E+003
  0.00000000E+000  0.00000000E+000  0.00000000E+000  0.00000000E+000  0.00000000E+000  0.00000000E+000  0.73609257E+000  0.15013942E+002  0.73428718E+002  0.25718201E+003  0.26897846E+003
  0.00000000E+000  0.00000000E+000  0.00000000E+000  0.00000000E+000  0.00000000E+000  0.00000000E+000  0.73609329E+000  0.15013977E+002  0.73428669E+002  0.25718199E+003  0.26897845E+003
  0.00000000E+000  0.00000000E+000  0.00000000E+000  0.00000000E+000  0.00000000E+000  0.00000000E+000  0.73609398E+000  0.15014013E+002  0.73428631E+002  0.25718196E+003  0.26897843E+003
  0.00000000E+000  0.00000000E+000  0.00000000E+000  0.00000000E+000  0.00000000E+000  0.00000000E+000  0.73609464E+000  0.15014049E+002  0.73428604E+002  0.25718194E+003  0.26897842E+003
  0.00000000E+000  0.00000000E+000  0.00000000E+000  0.00000000E+000  0.00000000E+000  0.00000000E+000  0.73609527E+000  0.15014085E+002  0.73428589E+002  0.25718192E+003  0.26897841E+003
  0.00000000E+000  0.00000000E+000  0.00000000E+000  0.00000000E+000  0.00000000E+000  0.00000000E+000  0.73609587E+000  0.15014120E+002  0.73428585E+002  0.25718190E+003  0.26897839E+003
  0.00000000E+000  0.00000000E+000  0.00000000E+000  0.00000000E+000  0.00000000E+000  0.00000000E+000  0.73609644E+000  0.15014155E+002  0.73428594E+002  0.25718188E+003  0.26897838E+003
  0.00000000E+000  0.00000000E+000  0.00000000E+000  0.00000000E+000  0.00000000E+000  0.00000000E+000  0.73609699E+000  0.15014190E+002  0.73428615E+002  0.25718186E+003  0.26897837E+003
  0.00000000E+000  0.00000000E+000  0.00000000E+000  0.00000000E+000  0.00000000E+000  0.00000000E+000  0.73609751E+000  0.15014224E+002  0.73428647E+002  0.25718183E+003  0.26897835E+003
  0.00000000E+000  0.00000000E+000  0.00000000E+000  0.00000000E+000  0.00000000E+000  0.00000000E+000  0.73609800E+000  0.15014258E+002  0.73428691E+002  0.25718181E+003  0.26897834E+003
  0.00000000E+000  0.00000000E+000  0.00000000E+000  0.00000000E+000  0.00000000E+000  0.00000000E+000  0.73609848E+000  0.15014290E+002  0.73428746E+002  0.25718179E+003  0.26897833E+003
  0.00000000E+000  0.00000000E+000  0.00000000E+000  0.00000000E+000  0.00000000E+000  0.00000000E+000  0.73609892E+000  0.15014322E+002  0.73428812E+002  0.25718177E+003  0.26897831E+003
  0.00000000E+000  0.00000000E+000  0.00000000E+000  0.00000000E+000  0.00000000E+000  0.00000000E+000  0.73609935E+000  0.15014352E+002  0.73428888E+002  0.25718175E+003  0.26897830E+003
  0.00000000E+000  0.00000000E+000  0.00000000E+000  0.00000000E+000  0.00000000E+000  0.00000000E+000  0.73609976E+000  0.15014382E+002  0.73428973E+002  0.25718173E+003  0.26897829E+003
  0.00000000E+000  0.00000000E+000  0.00000000E+000  0.00000000E+000  0.00000000E+000  0.00000000E+000  0.73610015E+000  0.15014411E+002  0.73429066E+002  0.25718172E+003  0.26897828E+003
  0.00000000E+000  0.00000000E+000  0.00000000E+000  0.00000000E+000  0.00000000E+000  0.00000000E+000  0.73610052E+000  0.15014438E+002  0.73429166E+002  0.25718170E+003  0.26897826E+003
  0.00000000E+000  0.00000000E+000  0.00000000E+000  0.00000000E+000  0.00000000E+000  0.00000000E+000  0.73610087E+000  0.15014464E+002  0.73429273E+002  0.25718169E+003  0.26897825E+003
  0.00000000E+000  0.00000000E+000  0.00000000E+000  0.00000000E+000  0.00000000E+000  0.00000000E+000  0.73610121E+000  0.15014490E+002  0.73429386E+002  0.25718167E+003  0.26897825E+003
  0.00000000E+000  0.00000000E+000  0.00000000E+000  0.00000000E+000  0.00000000E+000  0.00000000E+000  0.73610154E+000  0.15014514E+002  0.73429503E+002  0.25718166E+003  0.26897824E+003
  0.00000000E+000  0.00000000E+000  0.00000000E+000  0.00000000E+000  0.00000000E+000  0.00000000E+000  0.73610185E+000  0.15014537E+002  0.73429624E+002  0.25718165E+003  0.26897823E+003
  0.00000000E+000  0.00000000E+000  0.00000000E+000  0.00000000E+000  0.00000000E+000  0.00000000E+000  0.73610215E+000  0.15014559E+002  0.73429747E+002  0.25718164E+003  0.26897822E+003
  0.00000000E+000  0.00000000E+000  0.00000000E+000  0.00000000E+000  0.00000000E+000  0.00000000E+000  0.73610243E+000  0.15014581E+002  0.73429873E+002  0.25718164E+003  0.26897822E+003
  0.00000000E+000  0.00000000E+000  0.00000000E+000  0.00000000E+000  0.00000000E+000  0.00000000E+000  0.73610271E+000  0.15014601E+002  0.73429999E+002  0.25718164E+003  0.26897822E+003
  0.00000000E+000  0.00000000E+000  0.00000000E+000  0.00000000E+000  0.00000000E+000  0.00000000E+000  0.73610297E+000  0.15014620E+002  0.73430125E+002  0.25718163E+003  0.26897821E+003
  0.00000000E+000  0.00000000E+000  0.00000000E+000  0.00000000E+000  0.00000000E+000  0.00000000E+000  0.73610323E+000  0.15014638E+002  0.73430251E+002  0.25718163E+003  0.26897821E+003
  0.00000000E+000  0.00000000E+000  0.00000000E+000  0.00000000E+000  0.00000000E+000  0.00000000E+000  0.73610347E+000  0.15014655E+002  0.73430376E+002  0.25718164E+003  0.26897821E+003
  0.00000000E+000  0.00000000E+000  0.00000000E+000  0.00000000E+000  0.00000000E+000  0.00000000E+000  0.73610371E+000  0.15014672E+002  0.73430499E+002  0.25718164E+003  0.26897821E+003
  0.00000000E+000  0.00000000E+000  0.00000000E+000  0.00000000E+000  0.00000000E+000  0.00000000E+000  0.73610394E+000  0.15014687E+002  0.73430620E+002  0.25718165E+003  0.26897822E+003
  0.00000000E+000  0.00000000E+000  0.00000000E+000  0.00000000E+000  0.00000000E+000  0.00000000E+000  0.73610416E+000  0.15014702E+002  0.73430738E+002  0.25718166E+003  0.26897822E+003
  0.00000000E+000  0.00000000E+000  0.00000000E+000  0.00000000E+000  0.00000000E+000  0.00000000E+000  0.73610437E+000  0.15014716E+002  0.73430852E+002  0.25718167E+003  0.26897823E+003
  0.00000000E+000  0.00000000E+000  0.00000000E+000  0.00000000E+000  0.00000000E+000  0.00000000E+000  0.73610457E+000  0.15014729E+002  0.73430964E+002  0.25718168E+003  0.26897823E+003
  0.00000000E+000  0.00000000E+000  0.00000000E+000  0.00000000E+000  0.00000000E+000  0.00000000E+000  0.73610477E+000  0.15014742E+002  0.73431071E+002  0.25718169E+003  0.26897824E+003
  0.00000000E+000  0.00000000E+000  0.00000000E+000  0.00000000E+000  0.00000000E+000  0.00000000E+000  0.73610496E+000  0.15014754E+002  0.73431175E+002  0.25718170E+003  0.26897825E+003
  0.00000000E+000  0.00000000E+000  0.00000000E+000  0.00000000E+000  0.00000000E+000  0.00000000E+000  0.73610515E+000  0.15014765E+002  0.73431274E+002  0.25718172E+003  0.26897826E+003
  0.00000000E+000  0.00000000E+000  0.00000000E+000  0.00000000E+000  0.00000000E+000  0.00000000E+000  0.73610532E+000  0.15014776E+002  0.73431370E+002  0.25718174E+003  0.26897827E+003
  0.00000000E+000  0.00000000E+000  0.00000000E+000  0.00000000E+000  0.00000000E+000  0.00000000E+000  0.73610549E+000  0.15014786E+002  0.73431461E+002  0.25718175E+003  0.26897828E+003
  0.00000000E+000  0.00000000E+000  0.00000000E+000  0.00000000E+000  0.00000000E+000  0.00000000E+000  0.73610566E+000  0.15014795E+002  0.73431549E+002  0.25718177E+003  0.26897829E+003
  0.00000000E+000  0.00000000E+000  0.00000000E+000  0.00000000E+000  0.00000000E+000  0.00000000E+000  0.73610582E+000  0.15014804E+002  0.73431632E+002  0.25718179E+003  0.26897830E+003
  0.00000000E+000  0.00000000E+000  0.00000000E+000  0.00000000E+000  0.00000000E+000  0.00000000E+000  0.73610597E+000  0.15014812E+002  0.73431711E+002  0.25718181E+003  0.26897831E+003
  0.00000000E+000  0.00000000E+000  0.00000000E+000  0.00000000E+000  0.00000000E+000  0.00000000E+000  0.73610612E+000  0.15014820E+002  0.73431786E+002  0.25718183E+003  0.26897832E+003
  0.00000000E+000  0.00000000E+000  0.00000000E+000  0.00000000E+000  0.00000000E+000  0.00000000E+000  0.73610627E+000  0.15014828E+002  0.73431857E+002  0.25718185E+003  0.26897833E+003
  0.00000000E+000  0.00000000E+000  0.00000000E+000  0.00000000E+000  0.00000000E+000  0.00000000E+000  0.73610640E+000  0.15014835E+002  0.73431924E+002  0.25718187E+003  0.26897835E+003
  0.00000000E+000  0.00000000E+000  0.00000000E+000  0.00000000E+000  0.00000000E+000  0.00000000E+000  0.73610654E+000  0.15014842E+002  0.73431987E+002  0.25718189E+003  0.26897836E+003
  0.00000000E+000  0.00000000E+000  0.00000000E+000  0.00000000E+000  0.00000000E+000  0.00000000E+000  0.73610666E+000  0.15014848E+002  0.73432047E+002  0.25718191E+003  0.26897837E+003
  0.00000000E+000  0.00000000E+000  0.00000000E+000  0.00000000E+000  0.00000000E+000  0.00000000E+000  0.73610679E+000  0.15014854E+002  0.73432104E+002  0.25718192E+003  0.26897838E+003
  0.00000000E+000  0.00000000E+000  0.00000000E+000  0.00000000E+000  0.00000000E+000  0.00000000E+000  0.73610690E+000  0.15014860E+002  0.73432157E+002  0.25718194E+003  0.26897839E+003
  0.00000000E+000  0.00000000E+000  0.00000000E+000  0.00000000E+000  0.00000000E+000  0.00000000E+000  0.73610701E+000  0.15014865E+002  0.73432208E+002  0.25718196E+003  0.26897841E+003
  0.00000000E+000  0.00000000E+000  0.00000000E+000  0.00000000E+000  0.00000000E+000  0.00000000E+000  0.73610712E+000  0.15014870E+002  0.73432255E+002  0.25718198E+003  0.26897842E+003
  0.00000000E+000  0.00000000E+000  0.00000000E+000  0.00000000E+000  0.00000000E+000  0.00000000E+000  0.73610722E+000  0.15014875E+002  0.73432299E+002  0.25718199E+003  0.26897843E+003
  0.00000000E+000  0.00000000E+000  0.00000000E+000  0.00000000E+000  0.00000000E+000  0.00000000E+000  0.73610731E+000  0.15014879E+002  0.73432341E+002  0.25718201E+003  0.26897844E+003
  0.00000000E+000  0.00000000E+000  0.00000000E+000  0.00000000E+000  0.00000000E+000  0.00000000E+000  0.73610740E+000  0.15014883E+002  0.73432380E+002  0.25718203E+003  0.26897845E+003
  0.00000000E+000  0.00000000E+000  0.00000000E+000  0.00000000E+000  0.00000000E+000  0.00000000E+000  0.73610749E+000  0.15014887E+002  0.73432417E+002  0.25718204E+003  0.26897846E+003
  0.00000000E+000  0.00000000E+000  0.00000000E+000  0.00000000E+000  0.00000000E+000  0.00000000E+000  0.73610756E+000  0.15014891E+002  0.73432451E+002  0.25718205E+003  0.26897847E+003
  0.00000000E+000  0.00000000E+000  0.00000000E+000  0.00000000E+000  0.00000000E+000  0.00000000E+000  0.73610764E+000  0.15014895E+002  0.73432484E+002  0.25718207E+003  0.26897848E+003
  0.00000000E+000  0.00000000E+000  0.00000000E+000  0.00000000E+000  0.00000000E+000  0.00000000E+000  0.73610770E+000  0.15014898E+002  0.73432514E+002  0.25718208E+003  0.26897848E+003
  0.00000000E+000  0.00000000E+000  0.00000000E+000  0.00000000E+000  0.00000000E+000  0.00000000E+000  0.73610776E+000  0.15014901E+002  0.73432542E+002  0.25718209E+003  0.26897849E+003
  0.00000000E+000  0.00000000E+000  0.00000000E+000  0.00000000E+000  0.00000000E+000  0.00000000E+000  0.73610781E+000  0.15014904E+002  0.73432569E+002  0.25718210E+003  0.26897850E+003
  0.00000000E+000  0.00000000E+000  0.00000000E+000  0.00000000E+000  0.00000000E+000  0.00000000E+000  0.73610786E+000  0.15014906E+002  0.73432594E+002  0.25718211E+003  0.26897851E+003
  0.00000000E+000  0.00000000E+000  0.00000000E+000  0.00000000E+000  0.00000000E+000  0.00000000E+000  0.73610790E+000  0.15014909E+002  0.73432617E+002  0.25718212E+003  0.26897851E+003
  0.00000000E+000  0.00000000E+000  0.00000000E+000  0.00000000E+000  0.00000000E+000  0.00000000E+000  0.73610793E+000  0.15014911E+002  0.73432639E+002  0.25718213E+003  0.26897852E+003
  0.00000000E+000  0.00000000E+000  0.00000000E+000  0.00000000E+000  0.00000000E+000  0.00000000E+000  0.73610796E+000  0.15014914E+002  0.73432660E+002  0.25718214E+003  0.26897853E+003
  0.00000000E+000  0.00000000E+000  0.00000000E+000  0.00000000E+000  0.00000000E+000  0.00000000E+000  0.73610798E+000  0.15014916E+002  0.73432679E+002  0.25718215E+003  0.26897853E+003
  0.00000000E+000  0.00000000E+000  0.00000000E+000  0.00000000E+000  0.00000000E+000  0.00000000E+000  0.73610800E+000  0.15014917E+002  0.73432697E+002  0.25718216E+003  0.26897854E+003
  0.00000000E+000  0.00000000E+000  0.00000000E+000  0.00000000E+000  0.00000000E+000  0.00000000E+000  0.73610801E+000  0.15014919E+002  0.73432713E+002  0.25718217E+003  0.26897854E+003
  0.00000000E+000  0.00000000E+000  0.00000000E+000  0.00000000E+000  0.00000000E+000  0.00000000E+000  0.73610801E+000  0.15014921E+002  0.73432729E+002  0.25718217E+003  0.26897855E+003
  0.00000000E+000  0.00000000E+000  0.00000000E+000  0.00000000E+000  0.00000000E+000  0.00000000E+000  0.73610801E+000  0.15014922E+002  0.73432744E+002  0.25718218E+003  0.26897855E+003
  0.00000000E+000  0.00000000E+000  0.00000000E+000  0.00000000E+000  0.00000000E+000  0.00000000E+000  0.73610801E+000  0.15014923E+002  0.73432757E+002  0.25718219E+003  0.26897856E+003
  0.00000000E+000  0.00000000E+000  0.00000000E+000  0.00000000E+000  0.00000000E+000  0.00000000E+000  0.73610800E+000  0.15014924E+002  0.73432770E+002  0.25718219E+003  0.26897856E+003
  0.00000000E+000  0.00000000E+000  0.00000000E+000  0.00000000E+000  0.00000000E+000  0.00000000E+000  0.73610799E+000  0.15014925E+002  0.73432782E+002  0.25718220E+003  0.26897856E+003
  0.00000000E+000  0.00000000E+000  0.00000000E+000  0.00000000E+000  0.00000000E+000  0.00000000E+000  0.73610798E+000  0.15014926E+002  0.73432792E+002  0.25718220E+003  0.26897857E+003
  0.00000000E+000  0.00000000E+000  0.00000000E+000  0.00000000E+000  0.00000000E+000  0.00000000E+000  0.73610796E+000  0.15014927E+002  0.73432803E+002  0.25718221E+003  0.26897857E+003
  0.00000000E+000  0.00000000E+000  0.00000000E+000  0.00000000E+000  0.00000000E+000  0.00000000E+000  0.73610794E+000  0.15014928E+002  0.73432812E+002  0.25718221E+003  0.26897857E+003
  0.00000000E+000  0.00000000E+000  0.00000000E+000  0.00000000E+000  0.00000000E+000  0.00000000E+000  0.73610792E+000  0.15014928E+002  0.73432821E+002  0.25718222E+003  0.26897858E+003
  0.00000000E+000  0.00000000E+000  0.00000000E+000  0.00000000E+000  0.00000000E+000  0.00000000E+000  0.73610789E+000  0.15014928E+002  0.73432829E+002  0.25718222E+003  0.26897858E+003
  0.00000000E+000  0.00000000E+000  0.00000000E+000  0.00000000E+000  0.00000000E+000  0.00000000E+000  0.73610787E+000  0.15014929E+002  0.73432836E+002  0.25718222E+003  0.26897858E+003
  0.00000000E+000  0.00000000E+000  0.00000000E+000  0.00000000E+000  0.00000000E+000  0.00000000E+000  0.73610784E+000  0.15014929E+002  0.73432843E+002  0.25718223E+003  0.26897858E+003
  0.00000000E+000  0.00000000E+000  0.00000000E+000  0.00000000E+000  0.00000000E+000  0.00000000E+000  0.73610782E+000  0.15014929E+002  0.73432849E+002  0.25718223E+003  0.26897858E+003
  0.00000000E+000  0.00000000E+000  0.00000000E+000  0.00000000E+000  0.00000000E+000  0.00000000E+000  0.73610780E+000  0.15014929E+002  0.73432854E+002  0.25718223E+003  0.26897859E+003
  0.00000000E+000  0.00000000E+000  0.00000000E+000  0.00000000E+000  0.00000000E+000  0.00000000E+000  0.73610778E+000  0.15014929E+002  0.73432859E+002  0.25718224E+003  0.26897859E+003
  0.00000000E+000  0.00000000E+000  0.00000000E+000  0.00000000E+000  0.00000000E+000  0.00000000E+000  0.73610776E+000  0.15014929E+002  0.73432864E+002  0.25718224E+003  0.26897859E+003
  0.00000000E+000  0.00000000E+000  0.00000000E+000  0.00000000E+000  0.00000000E+000  0.00000000E+000  0.73610774E+000  0.15014929E+002  0.73432868E+002  0.25718224E+003  0.26897859E+003
  0.00000000E+000  0.00000000E+000  0.00000000E+000  0.00000000E+000  0.00000000E+000  0.00000000E+000  0.73610772E+000  0.15014929E+002  0.73432872E+002  0.25718224E+003  0.26897859E+003
  0.00000000E+000  0.00000000E+000  0.00000000E+000  0.00000000E+000  0.00000000E+000  0.00000000E+000  0.73610771E+000  0.15014929E+002  0.73432875E+002  0.25718225E+003  0.26897859E+003
  0.00000000E+000  0.00000000E+000  0.00000000E+000  0.00000000E+000  0.00000000E+000  0.00000000E+000  0.73610770E+000  0.15014929E+002  0.73432877E+002  0.25718225E+003  0.26897860E+003
  0.00000000E+000  0.00000000E+000  0.00000000E+000  0.00000000E+000  0.00000000E+000  0.00000000E+000  0.73610770E+000  0.15014928E+002  0.73432880E+002  0.25718225E+003  0.26897860E+003
  0.00000000E+000  0.00000000E+000  0.00000000E+000  0.00000000E+000  0.00000000E+000  0.00000000E+000  0.73610769E+000  0.15014928E+002  0.73432882E+002  0.25718225E+003  0.26897860E+003
  0.00000000E+000  0.00000000E+000  0.00000000E+000  0.00000000E+000  0.00000000E+000  0.00000000E+000  0.73610770E+000  0.15014928E+002  0.73432883E+002  0.25718225E+003  0.26897860E+003
