  0.30514966E+000  0.32575249E+000  0.40864563E+000  0.51583021E+000  0.65318244E+000  0.95469578E+000  0.13948922E+001  0.21721727E+001  0.28287393E+001  0.38543784E+001  0.46891743E+001
  0.30503838E+000  0.32563541E+000  0.40856313E+000  0.51616149E+000  0.65317607E+000  0.95449974E+000  0.13946850E+001  0.21721727E+001  0.28285452E+001  0.38541985E+001  0.46890022E+001
  0.30494366E+000  0.32553775E+000  0.40849281E+000  0.51610180E+000  0.65318749E+000  0.95357113E+000  0.13945601E+001  0.21721727E+001  0.28283224E+001  0.38540994E+001  0.46888592E+001
  0.30486335E+000  0.32545564E+000  0.40843311E+000  0.51605094E+000  0.65317941E+000  0.95336667E+000  0.13944873E+001  0.21721727E+001  0.28280987E+001  0.38539615E+001  0.46886557E+001
  0.30479539E+000  0.32538644E+000  0.40838254E+000  0.51600776E+000  0.65318717E+000  0.95318498E+000  0.13943610E+001  0.21721727E+001  0.28281713E+001  0.38538899E+001  0.46883733E+001
  0.30473794E+000  0.32532809E+000  0.40833978E+000  0.51614275E+000  0.65318416E+000  0.95302936E+000  0.13942860E+001  0.21721727E+001  0.28280517E+001  0.38537915E+001  0.46885049E+001
  0.30468942E+000  0.32527892E+000  0.40867035E+000  0.51610489E+000  0.65318512E+000  0.95291244E+000  0.13942227E+001  0.21721727E+001  0.28279886E+001  0.38536471E+001  0.46884370E+001
  0.30464846E+000  0.32523752E+000  0.40862602E+000  0.51615563E+000  0.65318798E+000  0.95279769E+000  0.13942088E+001  0.21721727E+001  0.28278313E+001  0.38536149E+001  0.46883266E+001
  0.30461388E+000  0.32520268E+000  0.40858864E+000  0.51612431E+000  0.65318511E+000  0.95271479E+000  0.13941607E+001  0.21721727E+001  0.28278333E+001  0.38536059E+001  0.46883194E+001
  0.30458469E+000  0.32517337E+000  0.40855718E+000  0.51609796E+000  0.65318356E+000  0.95263961E+000  0.13940957E+001  0.21721727E+001  0.28277414E+001  0.38535519E+001  0.46882554E+001
  0.30456001E+000  0.32514872E+000  0.40853071E+000  0.51607581E+000  0.65318226E+000  0.95257888E+000  0.13940932E+001  0.21721727E+001  0.28277891E+001  0.38535321E+001  0.46881280E+001
  0.30453913E+000  0.32512799E+000  0.40850847E+000  0.51605718E+000  0.65318789E+000  0.95252354E+000  0.13940436E+001  0.21721727E+001  0.28276714E+001  0.38535054E+001  0.46880211E+001
  0.30452143E+000  0.32511052E+000  0.40848977E+000  0.51604152E+000  0.65318710E+000  0.95246748E+000  0.13940054E+001  0.21721727E+001  0.28276031E+001  0.38534705E+001  0.46880210E+001
  0.30450638E+000  0.32509580E+000  0.40847405E+000  0.51602832E+000  0.65318724E+000  0.95243082E+000  0.13939866E+001  0.21721727E+001  0.28277036E+001  0.38534519E+001  0.46881509E+001
  0.30449355E+000  0.32508337E+000  0.40846082E+000  0.51616836E+000  0.65318587E+000  0.95239958E+000  0.13939709E+001  0.21721727E+001  0.28276671E+001  0.38534338E+001  0.46880941E+001
  0.30448256E+000  0.32507284E+000  0.40844965E+000  0.51615719E+000  0.65318541E+000  0.95237283E+000  0.13939576E+001  0.21721727E+001  0.28276661E+001  0.38534212E+001  0.46881231E+001
  0.30447310E+000  0.32506390E+000  0.40844020E+000  0.51614766E+000  0.65318501E+000  0.95234979E+000  0.13939465E+001  0.21721727E+001  0.28276421E+001  0.38534043E+001  0.46881185E+001
  0.30446493E+000  0.32505629E+000  0.40843218E+000  0.51613951E+000  0.65318468E+000  0.95232984E+000  0.13939371E+001  0.21721727E+001  0.28276220E+001  0.38533997E+001  0.46880774E+001
  0.30445783E+000  0.32504980E+000  0.40842536E+000  0.51613250E+000  0.65318440E+000  0.95231249E+000  0.13939291E+001  0.21721727E+001  0.28276227E+001  0.38533768E+001  0.46880920E+001
  0.30445164E+000  0.32504424E+000  0.40841954E+000  0.51612646E+000  0.65318417E+000  0.95229729E+000  0.13939224E+001  0.21721727E+001  0.28275805E+001  0.38533572E+001  0.46880652E+001
  0.30444619E+000  0.32503947E+000  0.40841456E+000  0.51612123E+000  0.65318397E+000  0.95228390E+000  0.13939167E+001  0.21721727E+001  0.28275627E+001  0.38533405E+001  0.46880423E+001
  0.30444136E+000  0.32503535E+000  0.40841028E+000  0.51611666E+000  0.65318380E+000  0.95226572E+000  0.13939118E+001  0.21721727E+001  0.28275498E+001  0.38533260E+001  0.46880227E+001
  0.30443706E+000  0.32503178E+000  0.40840658E+000  0.51611264E+000  0.65318366E+000  0.95225575E+000  0.13939077E+001  0.21721727E+001  0.28275416E+001  0.38533135E+001  0.46880683E+001
  0.30443319E+000  0.32502866E+000  0.40840336E+000  0.51610909E+000  0.65318354E+000  0.95224674E+000  0.13939041E+001  0.21721727E+001  0.28275345E+001  0.38533025E+001  0.46880494E+001
  0.30442968E+000  0.32502593E+000  0.40840054E+000  0.51610591E+000  0.65318343E+000  0.95223855E+000  0.13939247E+001  0.21721727E+001  0.28275932E+001  0.38532929E+001  0.46880325E+001
  0.30442646E+000  0.32502352E+000  0.40839805E+000  0.51610305E+000  0.65318334E+000  0.95223101E+000  0.13939180E+001  0.21721727E+001  0.28275936E+001  0.38532844E+001  0.46880172E+001
  0.30442349E+000  0.32502137E+000  0.40839582E+000  0.51610045E+000  0.65318326E+000  0.95222402E+000  0.13939119E+001  0.21721727E+001  0.28275859E+001  0.38532767E+001  0.46880033E+001
  0.30442073E+000  0.32501945E+000  0.40839382E+000  0.51609806E+000  0.65318319E+000  0.95221747E+000  0.13939062E+001  0.21721727E+001  0.28275789E+001  0.38532698E+001  0.46879904E+001
  0.30441814E+000  0.32501771E+000  0.40839199E+000  0.51609585E+000  0.65318313E+000  0.95221129E+000  0.13939010E+001  0.21721727E+001  0.28275724E+001  0.38532635E+001  0.46879784E+001
  0.30441568E+000  0.32501613E+000  0.40839032E+000  0.51609379E+000  0.65318307E+000  0.95219016E+000  0.13938961E+001  0.21721727E+001  0.28275489E+001  0.38532577E+001  0.46879672E+001
  0.30441335E+000  0.32501468E+000  0.40838877E+000  0.51609185E+000  0.65318302E+000  0.95218515E+000  0.13938915E+001  0.21721727E+001  0.28275433E+001  0.38532523E+001  0.46879566E+001
  0.30441111E+000  0.32501335E+000  0.40838732E+000  0.51609001E+000  0.65318298E+000  0.95218039E+000  0.13938873E+001  0.21721727E+001  0.28275380E+001  0.38532472E+001  0.46879466E+001
  0.30440896E+000  0.32501212E+000  0.40838595E+000  0.51608825E+000  0.65318293E+000  0.95217583E+000  0.13939089E+001  0.21721727E+001  0.28275330E+001  0.38532425E+001  0.46879370E+001
  0.30440688E+000  0.32501097E+000  0.40838466E+000  0.51608657E+000  0.65318289E+000  0.95217145E+000  0.13939039E+001  0.21721727E+001  0.28275281E+001  0.38532379E+001  0.46879278E+001
  0.30440487E+000  0.32500990E+000  0.40838342E+000  0.51608496E+000  0.65318286E+000  0.95216722E+000  0.13938991E+001  0.21721727E+001  0.28275234E+001  0.38532336E+001  0.46879189E+001
  0.30440292E+000  0.32500889E+000  0.40838224E+000  0.51608340E+000  0.65318282E+000  0.95216311E+000  0.13938944E+001  0.21721727E+001  0.28275189E+001  0.38532295E+001  0.46879103E+001
  0.30440101E+000  0.32500795E+000  0.40838110E+000  0.51608190E+000  0.65318279E+000  0.95215913E+000  0.13938898E+001  0.21721727E+001  0.28275145E+001  0.38532255E+001  0.46879019E+001
  0.30439915E+000  0.32500705E+000  0.40838001E+000  0.51608044E+000  0.65318275E+000  0.95215524E+000  0.13938854E+001  0.21721727E+001  0.28275102E+001  0.38532216E+001  0.46878938E+001
  0.30439734E+000  0.32500621E+000  0.40837895E+000  0.51607902E+000  0.65318272E+000  0.95215145E+000  0.13938811E+001  0.21721727E+001  0.28275061E+001  0.38532179E+001  0.46878860E+001
  0.30439557E+000  0.32500542E+000  0.40837793E+000  0.51607765E+000  0.65318269E+000  0.95214774E+000  0.13938783E+001  0.21721727E+001  0.28275021E+001  0.38532143E+001  0.46878783E+001
  0.30439384E+000  0.32500467E+000  0.40837695E+000  0.51607631E+000  0.65318266E+000  0.95214411E+000  0.13938774E+001  0.21721727E+001  0.28274981E+001  0.38532109E+001  0.46878736E+001
  0.30439215E+000  0.32500396E+000  0.40837599E+000  0.51607501E+000  0.65318264E+000  0.95214056E+000  0.13938765E+001  0.21721727E+001  0.28274943E+001  0.38532075E+001  0.46878694E+001
  0.30439049E+000  0.32500329E+000  0.40837506E+000  0.51607375E+000  0.65318261E+000  0.95213707E+000  0.13938756E+001  0.21721727E+001  0.28274906E+001  0.38532042E+001  0.46878654E+001
  0.30438887E+000  0.32500265E+000  0.40837417E+000  0.51607252E+000  0.65318259E+000  0.95213364E+000  0.13938748E+001  0.21721727E+001  0.28274869E+001  0.38532011E+001  0.46878614E+001
  0.30438728E+000  0.32500204E+000  0.40837330E+000  0.51607132E+000  0.65318256E+000  0.95213028E+000  0.13938740E+001  0.21721727E+001  0.28274834E+001  0.38531980E+001  0.46878576E+001
  0.30438573E+000  0.32500146E+000  0.40837246E+000  0.51607016E+000  0.65318254E+000  0.95212697E+000  0.13938732E+001  0.21721727E+001  0.28274799E+001  0.38531951E+001  0.46878540E+001
  0.30438421E+000  0.32500090E+000  0.40837164E+000  0.51606902E+000  0.65318251E+000  0.95212371E+000  0.13938725E+001  0.21721727E+001  0.28274765E+001  0.38531922E+001  0.46878504E+001
  0.30438272E+000  0.32500037E+000  0.40837084E+000  0.51606791E+000  0.65318249E+000  0.95212050E+000  0.13938718E+001  0.21721727E+001  0.28275616E+001  0.38533312E+001  0.46878469E+001
  0.30438126E+000  0.32499986E+000  0.40837007E+000  0.51606683E+000  0.65318247E+000  0.95218626E+000  0.13938711E+001  0.21721727E+001  0.28275578E+001  0.38533282E+001  0.46878435E+001
  0.30437983E+000  0.32499936E+000  0.40836932E+000  0.51606578E+000  0.65318245E+000  0.95219364E+000  0.13938704E+001  0.21721727E+001  0.28275542E+001  0.38533253E+001  0.46878403E+001
  0.30437843E+000  0.32499888E+000  0.40836859E+000  0.51606475E+000  0.65318243E+000  0.95280510E+000  0.13938697E+001  0.21721727E+001  0.28275507E+001  0.38533225E+001  0.46878371E+001
  0.30437706E+000  0.32499842E+000  0.40836788E+000  0.51606374E+000  0.65318241E+000  0.95343049E+000  0.13938691E+001  0.21721727E+001  0.28275472E+001  0.38533197E+001  0.46878340E+001
  0.30437572E+000  0.32499797E+000  0.40836719E+000  0.51606276E+000  0.65318239E+000  0.95349520E+000  0.13938684E+001  0.21721727E+001  0.28275280E+001  0.38533170E+001  0.46880195E+001
  0.30437441E+000  0.32499753E+000  0.40836652E+000  0.51606181E+000  0.65318237E+000  0.95347614E+000  0.13938678E+001  0.21721727E+001  0.28275581E+001  0.38533144E+001  0.46880155E+001
  0.30437314E+000  0.32499710E+000  0.40836587E+000  0.51606088E+000  0.65318235E+000  0.95348784E+000  0.13938672E+001  0.21721727E+001  0.28275556E+001  0.38533118E+001  0.46880116E+001
  0.30437189E+000  0.32499668E+000  0.40836523E+000  0.51605997E+000  0.65318234E+000  0.95349875E+000  0.13938667E+001  0.21721727E+001  0.28275530E+001  0.38533093E+001  0.46880077E+001
  0.30437068E+000  0.32499628E+000  0.40836462E+000  0.51605909E+000  0.65318232E+000  0.95350890E+000  0.13938661E+001  0.21721727E+001  0.28275506E+001  0.38533069E+001  0.46880040E+001
  0.30436950E+000  0.32499588E+000  0.40836402E+000  0.51605824E+000  0.65318230E+000  0.95351834E+000  0.13938656E+001  0.21721727E+001  0.28275482E+001  0.38533046E+001  0.46880004E+001
  0.30436835E+000  0.32499550E+000  0.40836345E+000  0.51605741E+000  0.65318229E+000  0.95352712E+000  0.13938650E+001  0.21721727E+001  0.28275459E+001  0.38533023E+001  0.46879969E+001
  0.30436724E+000  0.32499512E+000  0.40836289E+000  0.51605661E+000  0.65318227E+000  0.95353528E+000  0.13938645E+001  0.21721727E+001  0.28275437E+001  0.38533001E+001  0.46879935E+001
  0.30436616E+000  0.32499476E+000  0.40836235E+000  0.51605583E+000  0.65318226E+000  0.95354287E+000  0.13938640E+001  0.21721727E+001  0.28275415E+001  0.38532980E+001  0.46879902E+001
  0.30436513E+000  0.32499440E+000  0.40836183E+000  0.51605509E+000  0.65318224E+000  0.95354993E+000  0.13938635E+001  0.21721727E+001  0.28275239E+001  0.38532959E+001  0.46879870E+001
  0.30436413E+000  0.32499406E+000  0.40836133E+000  0.51605437E+000  0.65318223E+000  0.95355651E+000  0.13938631E+001  0.21721727E+001  0.28275219E+001  0.38532939E+001  0.46879840E+001
  0.30436317E+000  0.32499374E+000  0.40836086E+000  0.51605368E+000  0.65318221E+000  0.95356263E+000  0.13938626E+001  0.21721727E+001  0.28275200E+001  0.38532921E+001  0.46879811E+001
  0.30436226E+000  0.32499343E+000  0.40836040E+000  0.51605303E+000  0.65318220E+000  0.95356834E+000  0.13938622E+001  0.21721727E+001  0.28275182E+001  0.38532903E+001  0.46879784E+001
  0.30436139E+000  0.32499313E+000  0.40835997E+000  0.51605241E+000  0.65318219E+000  0.95357366E+000  0.13938618E+001  0.21721727E+001  0.28275164E+001  0.38532886E+001  0.46879757E+001
  0.30436057E+000  0.32499286E+000  0.40835956E+000  0.51605182E+000  0.65318218E+000  0.95357863E+000  0.13938614E+001  0.21721727E+001  0.28275148E+001  0.38532870E+001  0.46879733E+001
  0.30435979E+000  0.32499260E+000  0.40835917E+000  0.51605126E+000  0.65318216E+000  0.95358327E+000  0.13938611E+001  0.21721727E+001  0.28275132E+001  0.38532855E+001  0.46879709E+001
  0.30435905E+000  0.32499235E+000  0.40835881E+000  0.51605074E+000  0.65318215E+000  0.95358760E+000  0.13938607E+001  0.21721727E+001  0.28275118E+001  0.38532840E+001  0.46879687E+001
  0.30435835E+000  0.32499212E+000  0.40835847E+000  0.51605024E+000  0.65318214E+000  0.95359164E+000  0.13938604E+001  0.21721727E+001  0.28275104E+001  0.38532827E+001  0.46879667E+001
  0.30435770E+000  0.32499190E+000  0.40835815E+000  0.51604978E+000  0.65318213E+000  0.95359541E+000  0.13938601E+001  0.21721727E+001  0.28275091E+001  0.38532814E+001  0.46879647E+001
  0.30435709E+000  0.32499170E+000  0.40835785E+000  0.51604935E+000  0.65318213E+000  0.95359893E+000  0.13938598E+001  0.21721727E+001  0.28275079E+001  0.38532802E+001  0.46879629E+001
  0.30435652E+000  0.32499152E+000  0.40835757E+000  0.51604894E+000  0.65318212E+000  0.95360221E+000  0.13938596E+001  0.21721727E+001  0.28275068E+001  0.38533196E+001  0.46879613E+001
  0.30435598E+000  0.32499135E+000  0.40835731E+000  0.51604857E+000  0.65318211E+000  0.95360527E+000  0.13938593E+001  0.21721727E+001  0.28275057E+001  0.38533183E+001  0.46879597E+001
  0.30435549E+000  0.32499119E+000  0.40835707E+000  0.51604822E+000  0.65318210E+000  0.95360812E+000  0.13938591E+001  0.21721727E+001  0.28275048E+001  0.38533171E+001  0.46879583E+001
  0.30435503E+000  0.32499104E+000  0.40835684E+000  0.51604790E+000  0.65318210E+000  0.95361078E+000  0.13938589E+001  0.21721727E+001  0.28275039E+001  0.38533160E+001  0.46879569E+001
  0.30435461E+000  0.32499091E+000  0.40835664E+000  0.51604760E+000  0.65318209E+000  0.95361326E+000  0.13938587E+001  0.21721727E+001  0.28275030E+001  0.38533150E+001  0.46879557E+001
  0.30435421E+000  0.32499079E+000  0.40835645E+000  0.51604733E+000  0.65318208E+000  0.95361556E+000  0.13938585E+001  0.21721727E+001  0.28275023E+001  0.38533141E+001  0.46879546E+001
  0.30435386E+000  0.32499068E+000  0.40835628E+000  0.51604708E+000  0.65318208E+000  0.95361770E+000  0.13938584E+001  0.21721727E+001  0.28275016E+001  0.38533132E+001  0.46879536E+001
  0.30435353E+000  0.32499057E+000  0.40835612E+000  0.51604685E+000  0.65318207E+000  0.95361969E+000  0.13938582E+001  0.21721727E+001  0.28275009E+001  0.38533125E+001  0.46879526E+001
  0.30435322E+000  0.32499048E+000  0.40835598E+000  0.51604664E+000  0.65318207E+000  0.95362154E+000  0.13938581E+001  0.21721727E+001  0.28275004E+001  0.38533118E+001  0.46879518E+001
  0.30435295E+000  0.32499040E+000  0.40835585E+000  0.51604645E+000  0.65318207E+000  0.95362325E+000  0.13938579E+001  0.21721727E+001  0.28274998E+001  0.38533111E+001  0.46879510E+001
  0.30435270E+000  0.32499033E+000  0.40835573E+000  0.51604628E+000  0.65318206E+000  0.95362485E+000  0.13938578E+001  0.21721727E+001  0.28274993E+001  0.38533105E+001  0.46879503E+001
  0.30435247E+000  0.32499026E+000  0.40835562E+000  0.51604612E+000  0.65318206E+000  0.95362626E+000  0.13938577E+001  0.21721727E+001  0.28274989E+001  0.38533100E+001  0.46879497E+001
  0.30435227E+000  0.32499020E+000  0.40835552E+000  0.51604598E+000  0.65318206E+000  0.95362637E+000  0.13938576E+001  0.21721727E+001  0.28274985E+001  0.38533183E+001  0.46879492E+001
  0.30435209E+000  0.32499015E+000  0.40835544E+000  0.51604585E+000  0.65318205E+000  0.95362649E+000  0.13938576E+001  0.21721727E+001  0.28274982E+001  0.38533180E+001  0.46879487E+001
  0.30435192E+000  0.32499010E+000  0.40835536E+000  0.51604574E+000  0.65318205E+000  0.95362661E+000  0.13938575E+001  0.21721727E+001  0.28274978E+001  0.38533177E+001  0.46879482E+001
  0.30435177E+000  0.32499006E+000  0.40835529E+000  0.51604564E+000  0.65318205E+000  0.95362672E+000  0.13938574E+001  0.21721727E+001  0.28274976E+001  0.38533175E+001  0.46879478E+001
  0.30435164E+000  0.32499002E+000  0.40835523E+000  0.51604555E+000  0.65318205E+000  0.95362684E+000  0.13938574E+001  0.21721727E+001  0.28274973E+001  0.38533172E+001  0.46879475E+001
  0.30435153E+000  0.32498999E+000  0.40835517E+000  0.51604547E+000  0.65318205E+000  0.95362696E+000  0.13938573E+001  0.21721727E+001  0.28274971E+001  0.38533170E+001  0.46879472E+001
  0.30435142E+000  0.32498996E+000  0.40835513E+000  0.51604540E+000  0.65318204E+000  0.95362708E+000  0.13938573E+001  0.21721727E+001  0.28274969E+001  0.38533169E+001  0.46879470E+001
  0.30435133E+000  0.32498994E+000  0.40835509E+000  0.51604534E+000  0.65318204E+000  0.95362720E+000  0.13938572E+001  0.21721727E+001  0.28274967E+001  0.38533167E+001  0.46879468E+001
  0.30435126E+000  0.32498992E+000  0.40835505E+000  0.51604528E+000  0.65318204E+000  0.95362732E+000  0.13938572E+001  0.21721727E+001  0.28274966E+001  0.38533166E+001  0.46879466E+001
  0.30435119E+000  0.32498991E+000  0.40835502E+000  0.51604524E+000  0.65318204E+000  0.95362743E+000  0.13938572E+001  0.21721727E+001  0.28275478E+001  0.38533165E+001  0.46879464E+001
  0.30435113E+000  0.32498989E+000  0.40835500E+000  0.51604520E+000  0.65318204E+000  0.95362754E+000  0.13938571E+001  0.21721727E+001  0.28275476E+001  0.38533164E+001  0.46879463E+001
  0.30435108E+000  0.32498988E+000  0.40835498E+000  0.51604516E+000  0.65318204E+000  0.95362765E+000  0.13938571E+001  0.21721727E+001  0.28275475E+001  0.38533163E+001  0.46879462E+001
  0.30435104E+000  0.32498988E+000  0.40835496E+000  0.51604514E+000  0.65318204E+000  0.95362776E+000  0.13938571E+001  0.21721727E+001  0.28275474E+001  0.38533162E+001  0.46879461E+001
  0.30435101E+000  0.32498987E+000  0.40835495E+000  0.51604511E+000  0.65318204E+000  0.95362787E+000  0.13938571E+001  0.21721727E+001  0.28275473E+001  0.38533162E+001  0.46879461E+001
  0.30435098E+000  0.32498987E+000  0.40835494E+000  0.51604509E+000  0.65318204E+000  0.95362797E+000  0.13938571E+001  0.21721727E+001  0.28275473E+001  0.38533161E+001  0.46879460E+001
  0.30435095E+000  0.32498987E+000  0.40835493E+000  0.51604508E+000  0.65318204E+000  0.95362807E+000  0.13938571E+001  0.21721727E+001  0.28275472E+001  0.38533161E+001  0.46879460E+001
  0.30435094E+000  0.32498987E+000  0.40835492E+000  0.51604506E+000  0.65318204E+000  0.95362817E+000  0.13938570E+001  0.21721727E+001  0.28275472E+001  0.38533161E+001  0.46879460E+001
  0.30435092E+000  0.32498987E+000  0.40835491E+000  0.51604506E+000  0.65318204E+000  0.95362827E+000  0.13938570E+001  0.21721727E+001  0.28275471E+001  0.38533160E+001  0.46879460E+001
  0.30435091E+000  0.32498987E+000  0.40835491E+000  0.51604505E+000  0.65318204E+000  0.95362836E+000  0.13938570E+001  0.21721727E+001  0.28275471E+001  0.38533160E+001  0.46879460E+001
  0.30435091E+000  0.32498987E+000  0.40835491E+000  0.51604504E+000  0.65318204E+000  0.95362846E+000  0.13938570E+001  0.21721727E+001  0.28275471E+001  0.38533160E+001  0.46879460E+001
  0.30435091E+000  0.32498988E+000  0.40835491E+000  0.51604504E+000  0.65318204E+000  0.95362855E+000  0.13938570E+001  0.21721727E+001  0.28275471E+001  0.38533160E+001  0.46879461E+001
  0.30435091E+000  0.32498988E+000  0.40835491E+000  0.51604504E+000  0.65318204E+000  0.95362864E+000  0.13938570E+001  0.21721727E+001  0.28275471E+001  0.38533160E+001  0.46879461E+001
  0.30435091E+000  0.32498989E+000  0.40835491E+000  0.51604504E+000  0.65318204E+000  0.95362872E+000  0.13938570E+001  0.21721727E+001  0.28275471E+001  0.38533160E+001  0.46879461E+001
  0.30435091E+000  0.32498990E+000  0.40835491E+000  0.51604504E+000  0.65318204E+000  0.95362881E+000  0.13938570E+001  0.21721727E+001  0.28275471E+001  0.38533160E+001  0.46879462E+001
  0.30435092E+000  0.32498990E+000  0.40835491E+000  0.51604505E+000  0.65318204E+000  0.95362889E+000  0.13938570E+001  0.21721727E+001  0.28275471E+001  0.38533160E+001  0.46879462E+001
  0.30435092E+000  0.32498991E+000  0.40835491E+000  0.51604505E+000  0.65318204E+000  0.95362897E+000  0.13938570E+001  0.21721727E+001  0.28275471E+001  0.38533160E+001  0.46879463E+001
  0.30435093E+000  0.32498992E+000  0.40835492E+000  0.51604505E+000  0.65318204E+000  0.95362905E+000  0.13938570E+001  0.21721727E+001  0.28275471E+001  0.38533160E+001  0.46879463E+001
  0.30435094E+000  0.32498992E+000  0.40835492E+000  0.51604506E+000  0.65318204E+000  0.95362913E+000  0.13938570E+001  0.21721727E+001  0.28275471E+001  0.38533161E+001  0.46879464E+001
  0.30435095E+000  0.32498993E+000  0.40835492E+000  0.51604507E+000  0.65318204E+000  0.95362921E+000  0.13938570E+001  0.21721727E+001  0.28275472E+001  0.38533161E+001  0.46879464E+001
  0.30435096E+000  0.32498994E+000  0.40835493E+000  0.51604507E+000  0.65318204E+000  0.95362928E+000  0.13938570E+001  0.21721727E+001  0.28275472E+001  0.38533161E+001  0.46879465E+001
  0.30435097E+000  0.32498995E+000  0.40835493E+000  0.51604508E+000  0.65318204E+000  0.95362936E+000  0.13938570E+001  0.21721727E+001  0.28275472E+001  0.38533161E+001  0.46879466E+001
  0.30435098E+000  0.32498995E+000  0.40835494E+000  0.51604508E+000  0.65318204E+000  0.95362943E+000  0.13938571E+001  0.21721727E+001  0.28275472E+001  0.38533161E+001  0.46879466E+001
  0.30435099E+000  0.32498996E+000  0.40835494E+000  0.51604509E+000  0.65318204E+000  0.95362950E+000  0.13938571E+001  0.21721727E+001  0.28275472E+001  0.38533161E+001  0.46879467E+001
  0.30435100E+000  0.32498997E+000  0.40835494E+000  0.51604510E+000  0.65318204E+000  0.95362957E+000  0.13938571E+001  0.21721727E+001  0.28275473E+001  0.38533162E+001  0.46879467E+001
  0.30435101E+000  0.32498997E+000  0.40835495E+000  0.51604510E+000  0.65318204E+000  0.95362963E+000  0.13938571E+001  0.21721727E+001  0.28275473E+001  0.38533162E+001  0.46879468E+001
  0.30435102E+000  0.32498998E+000  0.40835495E+000  0.51604511E+000  0.65318204E+000  0.95362970E+000  0.13938571E+001  0.21721727E+001  0.28275473E+001  0.38533162E+001  0.46879469E+001
  0.30435103E+000  0.32498999E+000  0.40835496E+000  0.51604512E+000  0.65318204E+000  0.95362976E+000  0.13938571E+001  0.21721727E+001  0.28275473E+001  0.38533162E+001  0.46879469E+001
  0.30435104E+000  0.32498999E+000  0.40835496E+000  0.51604512E+000  0.65318204E+000  0.95362982E+000  0.13938571E+001  0.21721727E+001  0.28275473E+001  0.38533162E+001  0.46879470E+001
  0.30435105E+000  0.32499000E+000  0.40835497E+000  0.51604513E+000  0.65318204E+000  0.95362988E+000  0.13938571E+001  0.21721727E+001  0.28275474E+001  0.38533162E+001  0.46879470E+001
  0.30435106E+000  0.32499001E+000  0.40835497E+000  0.51604514E+000  0.65318204E+000  0.95362994E+000  0.13938571E+001  0.21721727E+001  0.28275474E+001  0.38533163E+001  0.46879471E+001
  0.30435107E+000  0.32499001E+000  0.40835497E+000  0.51604514E+000  0.65318204E+000  0.95363000E+000  0.13938571E+001  0.21721727E+001  0.28275474E+001  0.38533163E+001  0.46879471E+001
  0.30435108E+000  0.32499002E+000  0.40835498E+000  0.51604515E+000  0.65318204E+000  0.95363006E+000  0.13938571E+001  0.21721727E+001  0.28275474E+001  0.38533163E+001  0.46879472E+001
  0.30435109E+000  0.32499003E+000  0.40835498E+000  0.51604516E+000  0.65318204E+000  0.95363011E+000  0.13938571E+001  0.21721727E+001  0.28275475E+001  0.38533163E+001  0.46879472E+001
  0.30435110E+000  0.32499003E+000  0.40835499E+000  0.51604516E+000  0.65318204E+000  0.95363016E+000  0.13938571E+001  0.21721727E+001  0.28275475E+001  0.38533163E+001  0.46879473E+001
  0.30435111E+000  0.32499004E+000  0.40835499E+000  0.51604517E+000  0.65318204E+000  0.95363022E+000  0.13938571E+001  0.21721727E+001  0.28275475E+001  0.38533163E+001  0.46879473E+001
  0.30435112E+000  0.32499004E+000  0.40835499E+000  0.51604517E+000  0.65318204E+000  0.95363027E+000  0.13938571E+001  0.21721727E+001  0.28275475E+001  0.38533164E+001  0.46879474E+001
  0.30435113E+000  0.32499005E+000  0.40835500E+000  0.51604518E+000  0.65318204E+000  0.95363031E+000  0.13938571E+001  0.21721727E+001  0.28275475E+001  0.38533164E+001  0.46879474E+001
  0.30435114E+000  0.32499005E+000  0.40835500E+000  0.51604519E+000  0.65318204E+000  0.95363036E+000  0.13938571E+001  0.21721727E+001  0.28275475E+001  0.38533164E+001  0.46879475E+001
  0.30435115E+000  0.32499006E+000  0.40835500E+000  0.51604519E+000  0.65318204E+000  0.95363041E+000  0.13938571E+001  0.21721727E+001  0.28275476E+001  0.38533164E+001  0.46879475E+001
  0.30435116E+000  0.32499006E+000  0.40835501E+000  0.51604520E+000  0.65318204E+000  0.95363045E+000  0.13938571E+001  0.21721727E+001  0.28275476E+001  0.38533164E+001  0.46879475E+001
  0.30435117E+000  0.32499007E+000  0.40835501E+000  0.51604520E+000  0.65318204E+000  0.95363050E+000  0.13938571E+001  0.21721727E+001  0.28275476E+001  0.38533164E+001  0.46879476E+001
  0.30435118E+000  0.32499007E+000  0.40835501E+000  0.51604521E+000  0.65318204E+000  0.95363054E+000  0.13938571E+001  0.21721727E+001  0.28275476E+001  0.38533164E+001  0.46879476E+001
  0.30435118E+000  0.32499008E+000  0.40835502E+000  0.51604521E+000  0.65318204E+000  0.95363058E+000  0.13938571E+001  0.21721727E+001  0.28275476E+001  0.38533165E+001  0.46879477E+001
  0.30435119E+000  0.32499008E+000  0.40835502E+000  0.51604522E+000  0.65318204E+000  0.95363062E+000  0.13938571E+001  0.21721727E+001  0.28275477E+001  0.38533165E+001  0.46879477E+001
  0.30435120E+000  0.32499009E+000  0.40835502E+000  0.51604522E+000  0.65318204E+000  0.95363066E+000  0.13938571E+001  0.21721727E+001  0.28275477E+001  0.38533165E+001  0.46879477E+001
  0.30435121E+000  0.32499009E+000  0.40835502E+000  0.51604522E+000  0.65318204E+000  0.95363070E+000  0.13938571E+001  0.21721727E+001  0.28275477E+001  0.38533165E+001  0.46879478E+001
  0.30435121E+000  0.32499010E+000  0.40835503E+000  0.51604523E+000  0.65318204E+000  0.95363074E+000  0.13938571E+001  0.21721727E+001  0.28275477E+001  0.38533165E+001  0.46879478E+001
  0.30435122E+000  0.32499010E+000  0.40835503E+000  0.51604523E+000  0.65318204E+000  0.95363077E+000  0.13938572E+001  0.21721727E+001  0.28275477E+001  0.38533165E+001  0.46879478E+001
  0.30435123E+000  0.32499010E+000  0.40835503E+000  0.51604524E+000  0.65318204E+000  0.95363081E+000  0.13938572E+001  0.21721727E+001  0.28275477E+001  0.38533165E+001  0.46879479E+001
  0.30435123E+000  0.32499011E+000  0.40835503E+000  0.51604524E+000  0.65318204E+000  0.95363084E+000  0.13938572E+001  0.21721727E+001  0.28275477E+001  0.38533165E+001  0.46879479E+001
  0.30435124E+000  0.32499011E+000  0.40835504E+000  0.51604524E+000  0.65318204E+000  0.95363087E+000  0.13938572E+001  0.21721727E+001  0.28274965E+001  0.38533165E+001  0.46879479E+001
  0.30435124E+000  0.32499011E+000  0.40835504E+000  0.51604525E+000  0.65318204E+000  0.95363090E+000  0.13938572E+001  0.21721727E+001  0.28274965E+001  0.38533166E+001  0.46879479E+001
  0.30435125E+000  0.32499012E+000  0.40835504E+000  0.51604525E+000  0.65318204E+000  0.95363094E+000  0.13938572E+001  0.21721727E+001  0.28274965E+001  0.38533166E+001  0.46879480E+001
  0.30435125E+000  0.32499012E+000  0.40835504E+000  0.51604525E+000  0.65318204E+000  0.95363096E+000  0.13938572E+001  0.21721727E+001  0.28274965E+001  0.38533166E+001  0.46879480E+001
  0.30435126E+000  0.32499012E+000  0.40835505E+000  0.51604526E+000  0.65318204E+000  0.95363099E+000  0.13938572E+001  0.21721727E+001  0.28274966E+001  0.38533166E+001  0.46879480E+001
  0.30435126E+000  0.32499013E+000  0.40835505E+000  0.51604526E+000  0.65318204E+000  0.95363102E+000  0.13938572E+001  0.21721727E+001  0.28274966E+001  0.38533166E+001  0.46879480E+001
  0.30435127E+000  0.32499013E+000  0.40835505E+000  0.51604526E+000  0.65318204E+000  0.95363105E+000  0.13938572E+001  0.21721727E+001  0.28274966E+001  0.38533166E+001  0.46879481E+001
  0.30435127E+000  0.32499013E+000  0.40835505E+000  0.51604527E+000  0.65318204E+000  0.95363107E+000  0.13938572E+001  0.21721727E+001  0.28274966E+001  0.38533166E+001  0.46879481E+001
  0.30435128E+000  0.32499014E+000  0.40835505E+000  0.51604527E+000  0.65318204E+000  0.95363110E+000  0.13938572E+001  0.21721727E+001  0.28274966E+001  0.38533166E+001  0.46879481E+001
  0.30435128E+000  0.32499014E+000  0.40835505E+000  0.51604527E+000  0.65318204E+000  0.95363112E+000  0.13938572E+001  0.21721727E+001  0.28274966E+001  0.38533166E+001  0.46879481E+001
  0.30435129E+000  0.32499014E+000  0.40835506E+000  0.51604527E+000  0.65318204E+000  0.95363115E+000  0.13938572E+001  0.21721727E+001  0.28274966E+001  0.38533166E+001  0.46879482E+001
  0.30435129E+000  0.32499014E+000  0.40835506E+000  0.51604528E+000  0.65318204E+000  0.95363117E+000  0.13938572E+001  0.21721727E+001  0.28274966E+001  0.38533166E+001  0.46879482E+001
  0.30435129E+000  0.32499014E+000  0.40835506E+000  0.51604528E+000  0.65318204E+000  0.95363119E+000  0.13938572E+001  0.21721727E+001  0.28274966E+001  0.38533166E+001  0.46879482E+001
  0.30435130E+000  0.32499015E+000  0.40835506E+000  0.51604528E+000  0.65318204E+000  0.95363121E+000  0.13938572E+001  0.21721727E+001  0.28274966E+001  0.38533166E+001  0.46879482E+001
  0.30435130E+000  0.32499015E+000  0.40835506E+000  0.51604528E+000  0.65318204E+000  0.95363123E+000  0.13938572E+001  0.21721727E+001  0.28274966E+001  0.38533166E+001  0.46879482E+001
  0.30435130E+000  0.32499015E+000  0.40835506E+000  0.51604529E+000  0.65318204E+000  0.95363125E+000  0.13938572E+001  0.21721727E+001  0.28274966E+001  0.38533167E+001  0.46879483E+001
  0.30435131E+000  0.32499015E+000  0.40835506E+000  0.51604529E+000  0.65318204E+000  0.95363127E+000  0.13938572E+001  0.21721727E+001  0.28274966E+001  0.38533167E+001  0.46879483E+001
  0.30435131E+000  0.32499015E+000  0.40835506E+000  0.51604529E+000  0.65318204E+000  0.95363129E+000  0.13938572E+001  0.21721727E+001  0.28274966E+001  0.38533167E+001  0.46879483E+001
  0.30435131E+000  0.32499016E+000  0.40835507E+000  0.51604529E+000  0.65318204E+000  0.95363131E+000  0.13938572E+001  0.21721727E+001  0.28274967E+001  0.38533167E+001  0.46879483E+001
  0.30435132E+000  0.32499016E+000  0.40835507E+000  0.51604529E+000  0.65318204E+000  0.95363133E+000  0.13938572E+001  0.21721727E+001  0.28274967E+001  0.38533167E+001  0.46879483E+001
  0.30435132E+000  0.32499016E+000  0.40835507E+000  0.51604529E+000  0.65318204E+000  0.95363134E+000  0.13938572E+001  0.21721727E+001  0.28274967E+001  0.38533167E+001  0.46879483E+001
  0.30435132E+000  0.32499016E+000  0.40835507E+000  0.51604530E+000  0.65318204E+000  0.95363136E+000  0.13938572E+001  0.21721727E+001  0.28274967E+001  0.38533167E+001  0.46879483E+001
  0.30435132E+000  0.32499016E+000  0.40835507E+000  0.51604530E+000  0.65318204E+000  0.95363137E+000  0.13938572E+001  0.21721727E+001  0.28274967E+001  0.38533167E+001  0.46879484E+001
  0.30435133E+000  0.32499016E+000  0.40835507E+000  0.51604530E+000  0.65318204E+000  0.95363139E+000  0.13938572E+001  0.21721727E+001  0.28274967E+001  0.38533167E+001  0.46879484E+001
  0.30435133E+000  0.32499016E+000  0.40835507E+000  0.51604530E+000  0.65318204E+000  0.95363140E+000  0.13938572E+001  0.21721727E+001  0.28274967E+001  0.38533167E+001  0.46879484E+001
  0.30435133E+000  0.32499017E+000  0.40835507E+000  0.51604530E+000  0.65318204E+000  0.95363142E+000  0.13938572E+001  0.21721727E+001  0.28274967E+001  0.38533167E+001  0.46879484E+001
  0.30435133E+000  0.32499017E+000  0.40835507E+000  0.51604530E+000  0.65318204E+000  0.95363143E+000  0.13938572E+001  0.21721727E+001  0.28274967E+001  0.38533167E+001  0.46879484E+001
  0.30435133E+000  0.32499017E+000  0.40835507E+000  0.51604530E+000  0.65318204E+000  0.95363144E+000  0.13938572E+001  0.21721727E+001  0.28274967E+001  0.38533167E+001  0.46879484E+001
  0.30435134E+000  0.32499017E+000  0.40835507E+000  0.51604530E+000  0.65318204E+000  0.95363145E+000  0.13938572E+001  0.21721727E+001  0.28274967E+001  0.38533167E+001  0.46879484E+001
  0.30435134E+000  0.32499017E+000  0.40835507E+000  0.51604531E+000  0.65318204E+000  0.95363147E+000  0.13938572E+001  0.21721727E+001  0.28274967E+001  0.38533167E+001  0.46879484E+001
  0.30435134E+000  0.32499017E+000  0.40835508E+000  0.51604531E+000  0.65318204E+000  0.95363148E+000  0.13938572E+001  0.21721727E+001  0.28274967E+001  0.38533167E+001  0.46879484E+001
  0.30435134E+000  0.32499017E+000  0.40835508E+000  0.51604531E+000  0.65318204E+000  0.95363149E+000  0.13938572E+001  0.21721727E+001  0.28274967E+001  0.38533167E+001  0.46879485E+001
  0.30435134E+000  0.32499017E+000  0.40835508E+000  0.51604531E+000  0.65318204E+000  0.95363150E+000  0.13938572E+001  0.21721727E+001  0.28274967E+001  0.38533167E+001  0.46879485E+001
  0.30435134E+000  0.32499017E+000  0.40835508E+000  0.51604531E+000  0.65318204E+000  0.95363151E+000  0.13938572E+001  0.21721727E+001  0.28274967E+001  0.38533167E+001  0.46879485E+001
  0.30435134E+000  0.32499017E+000  0.40835508E+000  0.51604531E+000  0.65318204E+000  0.95363152E+000  0.13938572E+001  0.21721727E+001  0.28274967E+001  0.38533167E+001  0.46879485E+001
  0.30435134E+000  0.32499017E+000  0.40835508E+000  0.51604531E+000  0.65318204E+000  0.95363153E+000  0.13938572E+001  0.21721727E+001  0.28274967E+001  0.38533167E+001  0.46879485E+001
  0.30435135E+000  0.32499018E+000  0.40835508E+000  0.51604531E+000  0.65318204E+000  0.95363154E+000  0.13938572E+001  0.21721727E+001  0.28274967E+001  0.38533167E+001  0.46879485E+001
  0.30435135E+000  0.32499018E+000  0.40835508E+000  0.51604531E+000  0.65318204E+000  0.95363155E+000  0.13938572E+001  0.21721727E+001  0.28274967E+001  0.38533167E+001  0.46879485E+001
  0.30435135E+000  0.32499018E+000  0.40835508E+000  0.51604531E+000  0.65318204E+000  0.95363156E+000  0.13938572E+001  0.21721727E+001  0.28274967E+001  0.38533167E+001  0.46879485E+001
  0.30435135E+000  0.32499018E+000  0.40835508E+000  0.51604531E+000  0.65318204E+000  0.95363156E+000  0.13938572E+001  0.21721727E+001  0.28274967E+001  0.38533167E+001  0.46879485E+001
  0.30435135E+000  0.32499018E+000  0.40835508E+000  0.51604531E+000  0.65318204E+000  0.95363157E+000  0.13938572E+001  0.21721727E+001  0.28274967E+001  0.38533167E+001  0.46879485E+001
  0.30435135E+000  0.32499018E+000  0.40835508E+000  0.51604531E+000  0.65318204E+000  0.95363158E+000  0.13938572E+001  0.21721727E+001  0.28274967E+001  0.38533167E+001  0.46879485E+001
  0.30435135E+000  0.32499018E+000  0.40835508E+000  0.51604531E+000  0.65318204E+000  0.95363159E+000  0.13938572E+001  0.21721727E+001  0.28274967E+001  0.38533167E+001  0.46879485E+001
  0.30435135E+000  0.32499018E+000  0.40835508E+000  0.51604531E+000  0.65318204E+000  0.95363159E+000  0.13938572E+001  0.21721727E+001  0.28274967E+001  0.38533167E+001  0.46879485E+001
  0.30435135E+000  0.32499018E+000  0.40835508E+000  0.51604531E+000  0.65318204E+000  0.95363160E+000  0.13938572E+001  0.21721727E+001  0.28274967E+001  0.38533167E+001  0.46879485E+001
  0.30435135E+000  0.32499018E+000  0.40835508E+000  0.51604531E+000  0.65318204E+000  0.95363161E+000  0.13938572E+001  0.21721727E+001  0.28274967E+001  0.38533167E+001  0.46879486E+001
  0.30435135E+000  0.32499018E+000  0.40835508E+000  0.51604531E+000  0.65318204E+000  0.95363161E+000  0.13938572E+001  0.21721727E+001  0.28274967E+001  0.38533167E+001  0.46879486E+001
  0.30435135E+000  0.32499018E+000  0.40835508E+000  0.51604531E+000  0.65318204E+000  0.95363162E+000  0.13938572E+001  0.21721727E+001  0.28274967E+001  0.38533167E+001  0.46879486E+001
  0.30435135E+000  0.32499018E+000  0.40835508E+000  0.51604531E+000  0.65318204E+000  0.95363162E+000  0.13938572E+001  0.21721727E+001  0.28274967E+001  0.38533167E+001  0.46879486E+001
  0.30435135E+000  0.32499018E+000  0.40835508E+000  0.51604531E+000  0.65318204E+000  0.95363163E+000  0.13938572E+001  0.21721727E+001  0.28274967E+001  0.38533167E+001  0.46879486E+001
  0.30435135E+000  0.32499018E+000  0.40835508E+000  0.51604531E+000  0.65318204E+000  0.95363163E+000  0.13938572E+001  0.21721727E+001  0.28274967E+001  0.38533167E+001  0.46879486E+001
  0.30435135E+000  0.32499018E+000  0.40835508E+000  0.51604531E+000  0.65318204E+000  0.95363163E+000  0.13938572E+001  0.21721727E+001  0.28274967E+001  0.38533167E+001  0.46879486E+001
  0.30435135E+000  0.32499018E+000  0.40835508E+000  0.51604531E+000  0.65318204E+000  0.95363164E+000  0.13938572E+001  0.21721727E+001  0.28274966E+001  0.38533167E+001  0.46879486E+001
  0.30435135E+000  0.32499018E+000  0.40835508E+000  0.51604531E+000  0.65318204E+000  0.95363164E+000  0.13938571E+001  0.21721727E+001  0.28274966E+001  0.38533167E+001  0.46879486E+001
  0.30435135E+000  0.32499017E+000  0.40835508E+000  0.51604529E+000  0.65318204E+000  0.95363164E+000  0.13938571E+001  0.21721727E+001  0.28274966E+001  0.38533167E+001  0.46879485E+001
  0.30435134E+000  0.32499017E+000  0.40835507E+000  0.51604529E+000  0.65318204E+000  0.95363162E+000  0.13938571E+001  0.21721727E+001  0.28274966E+001  0.38533167E+001  0.46879485E+001
