  0.11912394E-001
  0.12190663E-001
  0.12427073E-001
  0.12627955E-001
  0.12798625E-001
  0.12943607E-001
  0.13066778E-001
  0.13171430E-001
  0.13260361E-001
  0.13335942E-001
  0.13400186E-001
  0.13454796E-001
  0.13501215E-001
  0.13540667E-001
  0.13574191E-001
  0.13602663E-001
  0.13626830E-001
  0.13647324E-001
  0.13664686E-001
  0.13679372E-001
  0.13691775E-001
  0.13702227E-001
  0.13711013E-001
  0.13718379E-001
  0.13724534E-001
  0.13729656E-001
  0.13733901E-001
  0.13737402E-001
  0.13740273E-001
  0.13742612E-001
  0.13744505E-001
  0.13746024E-001
  0.13747231E-001
  0.13748181E-001
  0.13748918E-001
  0.13749481E-001
  0.13749903E-001
  0.13750211E-001
  0.13750428E-001
  0.13750574E-001
  0.13750663E-001
  0.13750708E-001
  0.13750720E-001
  0.13750707E-001
  0.13750676E-001
  0.13750631E-001
  0.13750577E-001
  0.13750517E-001
  0.13750454E-001
  0.13750388E-001
  0.13750323E-001
  0.13750258E-001
  0.13750195E-001
  0.13750134E-001
  0.13750075E-001
  0.13750019E-001
  0.13749967E-001
  0.13749918E-001
  0.13749873E-001
  0.13749831E-001
  0.13749793E-001
  0.13749759E-001
  0.13749728E-001
  0.13749700E-001
  0.13749676E-001
  0.13749654E-001
  0.13749635E-001
  0.13749618E-001
  0.13749605E-001
  0.13749593E-001
  0.13749584E-001
  0.13749577E-001
  0.13749572E-001
  0.13749569E-001
  0.13749567E-001
  0.13749567E-001
  0.13749569E-001
  0.13749572E-001
  0.13749577E-001
  0.13749583E-001
  0.13749589E-001
  0.13749597E-001
  0.13749605E-001
  0.13749614E-001
  0.13749624E-001
  0.13749634E-001
  0.13749644E-001
  0.13749655E-001
  0.13749666E-001
  0.13749676E-001
  0.13749687E-001
  0.13749698E-001
  0.13749708E-001
  0.13749718E-001
  0.13749729E-001
  0.13749738E-001
  0.13749748E-001
  0.13749757E-001
  0.13749766E-001
  0.13749775E-001
  0.13749784E-001
  0.13749792E-001
  0.13749800E-001
  0.13749808E-001
  0.13749816E-001
  0.13749824E-001
  0.13749832E-001
  0.13749839E-001
  0.13749847E-001
  0.13749855E-001
  0.13749862E-001
  0.13749870E-001
  0.13749878E-001
  0.13749885E-001
  0.13749893E-001
  0.13749901E-001
  0.13749909E-001
  0.13749917E-001
  0.13749926E-001
  0.13749934E-001
  0.13749942E-001
  0.13749950E-001
  0.13749957E-001
  0.13749965E-001
  0.13749972E-001
  0.13749979E-001
  0.13749986E-001
  0.13749992E-001
  0.13749998E-001
  0.13750003E-001
  0.13750007E-001
  0.13750012E-001
  0.13750015E-001
  0.13750018E-001
  0.13750021E-001
  0.13750023E-001
  0.13750024E-001
  0.13750025E-001
  0.13750026E-001
  0.13750026E-001
  0.13750026E-001
  0.13750026E-001
  0.13750025E-001
  0.13750024E-001
  0.13750024E-001
  0.13750023E-001
  0.13750022E-001
  0.13750021E-001
  0.13750020E-001
  0.13750019E-001
  0.13750019E-001
  0.13750018E-001
  0.13750017E-001
  0.13750016E-001
  0.13750015E-001
  0.13750015E-001
  0.13750014E-001
  0.13750013E-001
  0.13750012E-001
  0.13750011E-001
  0.13750010E-001
  0.13750009E-001
  0.13750008E-001
  0.13750007E-001
  0.13750006E-001
  0.13750005E-001
  0.13750004E-001
  0.13750002E-001
  0.13750001E-001
  0.13750000E-001
  0.13749998E-001
  0.13749997E-001
  0.13749996E-001
  0.13749995E-001
  0.13749994E-001
  0.13749993E-001
  0.13749992E-001
  0.13749991E-001
  0.13749991E-001
  0.13749990E-001
  0.13749990E-001
  0.13749990E-001
  0.13749990E-001
  0.13749990E-001
  0.13749990E-001
  0.13749991E-001
  0.13749991E-001
  0.13749992E-001
  0.13749993E-001
  0.13749994E-001
  0.13749994E-001
  0.13749995E-001
  0.13749996E-001
  0.13749997E-001
  0.13749996E-001
  0.13749996E-001
  0.13749996E-001
  0.13750000E-001
  0.13750014E-001
  0.13750026E-001
