  0.13055423E+002
  0.13055346E+002
  0.13055270E+002
  0.13055201E+002
  0.13055140E+002
  0.13055085E+002
  0.13055037E+002
  0.13054995E+002
  0.13054958E+002
  0.13054925E+002
  0.13054895E+002
  0.13054869E+002
  0.13054846E+002
  0.13054825E+002
  0.13054807E+002
  0.13054790E+002
  0.13054774E+002
  0.13054760E+002
  0.13054748E+002
  0.13054736E+002
  0.13054725E+002
  0.13054715E+002
  0.13054705E+002
  0.13054696E+002
  0.13054688E+002
  0.13054680E+002
  0.13054672E+002
  0.13054665E+002
  0.13054657E+002
  0.13054650E+002
  0.13054644E+002
  0.13054637E+002
  0.13054630E+002
  0.13054623E+002
  0.13054617E+002
  0.13054610E+002
  0.13054604E+002
  0.13054597E+002
  0.13054590E+002
  0.13054583E+002
  0.13054576E+002
  0.13054569E+002
  0.13054562E+002
  0.13054554E+002
  0.13054547E+002
  0.13054539E+002
  0.13054531E+002
  0.13054523E+002
  0.13054514E+002
  0.13054506E+002
  0.13054497E+002
  0.13054488E+002
  0.13054479E+002
  0.13054469E+002
  0.13054459E+002
  0.13054449E+002
  0.13054439E+002
  0.13054428E+002
  0.13054418E+002
  0.13054407E+002
  0.13054395E+002
  0.13054384E+002
  0.13054372E+002
  0.13054360E+002
  0.13054347E+002
  0.13054334E+002
  0.13054321E+002
  0.13054308E+002
  0.13054295E+002
  0.13054281E+002
  0.13054267E+002
  0.13054252E+002
  0.13054237E+002
  0.13054222E+002
  0.13054207E+002
  0.13054192E+002
  0.13054176E+002
  0.13054160E+002
  0.13054144E+002
  0.13054127E+002
  0.13054110E+002
  0.13054093E+002
  0.13054076E+002
  0.13054059E+002
  0.13054041E+002
  0.13054024E+002
  0.13054006E+002
  0.13053988E+002
  0.13053970E+002
  0.13053952E+002
  0.13053934E+002
  0.13053916E+002
  0.13053897E+002
  0.13053879E+002
  0.13053862E+002
  0.13053844E+002
  0.13053826E+002
  0.13053809E+002
  0.13053792E+002
  0.13053775E+002
  0.13053759E+002
  0.13053743E+002
  0.13053728E+002
  0.13053714E+002
  0.13053700E+002
  0.13053686E+002
  0.13053674E+002
  0.13053662E+002
  0.13053651E+002
  0.13053641E+002
  0.13053632E+002
  0.13053624E+002
  0.13053617E+002
  0.13053612E+002
  0.13053607E+002
  0.13053604E+002
  0.13053602E+002
  0.13053601E+002
  0.13053601E+002
  0.13053603E+002
  0.13053606E+002
  0.13053610E+002
  0.13053616E+002
  0.13053623E+002
  0.13053631E+002
  0.13053641E+002
  0.13053652E+002
  0.13053665E+002
  0.13053678E+002
  0.13053693E+002
  0.13053710E+002
  0.13053728E+002
  0.13053747E+002
  0.13053767E+002
  0.13053789E+002
  0.13053813E+002
  0.13053837E+002
  0.13053863E+002
  0.13053891E+002
  0.13053919E+002
  0.13053949E+002
  0.13053980E+002
  0.13054013E+002
  0.13054046E+002
  0.13054081E+002
  0.13054117E+002
  0.13054154E+002
  0.13054191E+002
  0.13054229E+002
  0.13054269E+002
  0.13054308E+002
  0.13054348E+002
  0.13054389E+002
  0.13054429E+002
  0.13054470E+002
  0.13054510E+002
  0.13054551E+002
  0.13054591E+002
  0.13054630E+002
  0.13054669E+002
  0.13054707E+002
  0.13054745E+002
  0.13054782E+002
  0.13054817E+002
  0.13054852E+002
  0.13054885E+002
  0.13054917E+002
  0.13054949E+002
  0.13054978E+002
  0.13055007E+002
  0.13055034E+002
  0.13055060E+002
  0.13055085E+002
  0.13055108E+002
  0.13055130E+002
  0.13055151E+002
  0.13055171E+002
  0.13055189E+002
  0.13055207E+002
  0.13055223E+002
  0.13055238E+002
  0.13055252E+002
  0.13055265E+002
  0.13055278E+002
  0.13055289E+002
  0.13055300E+002
  0.13055310E+002
  0.13055319E+002
  0.13055327E+002
  0.13055335E+002
  0.13055342E+002
  0.13055349E+002
  0.13055355E+002
  0.13055360E+002
  0.13055365E+002
  0.13055370E+002
  0.13055374E+002
  0.13055378E+002
  0.13055382E+002
  0.13055385E+002
