  0.35488844E+000  0.45477285E+000  0.20667408E+001  0.49354196E+002
  0.35426382E+000  0.45472954E+000  0.20526724E+001  0.49368623E+002
  0.35380408E+000  0.45516169E+000  0.20496398E+001  0.49371382E+002
  0.35369052E+000  0.45475887E+000  0.20528683E+001  0.49368394E+002
  0.35325158E+000  0.45500719E+000  0.20566266E+001  0.49364579E+002
  0.35310976E+000  0.45511843E+000  0.20588178E+001  0.49362200E+002
  0.35308661E+000  0.45509931E+000  0.20605955E+001  0.49360272E+002
  0.35307166E+000  0.45438330E+000  0.20633253E+001  0.49358104E+002
  0.35303772E+000  0.45443328E+000  0.20651829E+001  0.49356080E+002
  0.35296784E+000  0.45444738E+000  0.20663251E+001  0.49354861E+002
  0.35297214E+000  0.45503721E+000  0.20667081E+001  0.49353767E+002
  0.35297973E+000  0.45503808E+000  0.20676927E+001  0.49352669E+002
  0.35276156E+000  0.45497931E+000  0.20686072E+001  0.49351938E+002
  0.35277900E+000  0.45493597E+000  0.20691789E+001  0.49351308E+002
  0.35277227E+000  0.45489856E+000  0.20698004E+001  0.49350655E+002
  0.35278579E+000  0.45487337E+000  0.20703508E+001  0.49350048E+002
  0.35278868E+000  0.45486107E+000  0.20706693E+001  0.49349677E+002
  0.35280286E+000  0.45484380E+000  0.20709390E+001  0.49349354E+002
  0.35281648E+000  0.45482461E+000  0.20711562E+001  0.49349091E+002
  0.35282338E+000  0.45481625E+000  0.20709870E+001  0.49349214E+002
  0.35283736E+000  0.45449429E+000  0.20713218E+001  0.49349143E+002
  0.35285105E+000  0.45447951E+000  0.20713100E+001  0.49349114E+002
  0.35286440E+000  0.45446637E+000  0.20710618E+001  0.49349324E+002
  0.35287734E+000  0.45445479E+000  0.20700184E+001  0.49350330E+002
  0.35288986E+000  0.45444471E+000  0.20700908E+001  0.49350221E+002
  0.35290191E+000  0.45445449E+000  0.20701299E+001  0.49350128E+002
  0.35291350E+000  0.45444712E+000  0.20701746E+001  0.49350047E+002
  0.35292455E+000  0.45444102E+000  0.20702086E+001  0.49349979E+002
  0.35293516E+000  0.45443597E+000  0.20702333E+001  0.49349919E+002
  0.35294528E+000  0.45443191E+000  0.20702504E+001  0.49349868E+002
  0.35295490E+000  0.45442874E+000  0.20702611E+001  0.49349823E+002
  0.35296404E+000  0.45442634E+000  0.20702665E+001  0.49349784E+002
  0.35297269E+000  0.45442462E+000  0.20702349E+001  0.49349782E+002
  0.35298087E+000  0.45442346E+000  0.20702326E+001  0.49349750E+002
  0.35298858E+000  0.45442278E+000  0.20702278E+001  0.49349721E+002
  0.35299582E+000  0.45442249E+000  0.20702210E+001  0.49349694E+002
  0.35300262E+000  0.45442250E+000  0.20702128E+001  0.49349669E+002
  0.35300899E+000  0.45442275E+000  0.20702038E+001  0.49349644E+002
  0.35301493E+000  0.45442317E+000  0.20701942E+001  0.49349620E+002
  0.35302047E+000  0.45442370E+000  0.20701845E+001  0.49349596E+002
  0.35302561E+000  0.45442429E+000  0.20701749E+001  0.49349572E+002
  0.35303039E+000  0.45442492E+000  0.20701657E+001  0.49349547E+002
  0.35303480E+000  0.45442554E+000  0.20701570E+001  0.49349521E+002
  0.35303888E+000  0.45442613E+000  0.20701490E+001  0.49349495E+002
  0.35304264E+000  0.45442667E+000  0.20701416E+001  0.49349467E+002
  0.35304609E+000  0.45442715E+000  0.20701350E+001  0.49349439E+002
  0.35304927E+000  0.45442757E+000  0.20701293E+001  0.49349409E+002
  0.35305217E+000  0.45442790E+000  0.20701243E+001  0.49349378E+002
  0.35305484E+000  0.45442816E+000  0.20701200E+001  0.49349346E+002
  0.35305727E+000  0.45442835E+000  0.20701164E+001  0.49349312E+002
  0.35305949E+000  0.45442846E+000  0.20701135E+001  0.49349278E+002
  0.35306151E+000  0.45442850E+000  0.20701112E+001  0.49349242E+002
  0.35306335E+000  0.45442849E+000  0.20701094E+001  0.49349204E+002
  0.35306502E+000  0.45442842E+000  0.20701081E+001  0.49349166E+002
  0.35306654E+000  0.45442830E+000  0.20701071E+001  0.49349126E+002
  0.35306792E+000  0.45442814E+000  0.20701065E+001  0.49349086E+002
  0.35306917E+000  0.45442795E+000  0.20701062E+001  0.49349044E+002
  0.35307030E+000  0.45442773E+000  0.20701060E+001  0.49349001E+002
  0.35307133E+000  0.45442750E+000  0.20701061E+001  0.49348957E+002
  0.35307226E+000  0.45442726E+000  0.20701062E+001  0.49348912E+002
  0.35307311E+000  0.45442701E+000  0.20701064E+001  0.49348865E+002
  0.35307387E+000  0.45442677E+000  0.20701067E+001  0.49348818E+002
  0.35307456E+000  0.45442655E+000  0.20701070E+001  0.49348770E+002
  0.35307520E+000  0.45442633E+000  0.20701073E+001  0.49348720E+002
  0.35307577E+000  0.45442614E+000  0.20701076E+001  0.49348669E+002
  0.35307630E+000  0.45442598E+000  0.20701079E+001  0.49348618E+002
  0.35307678E+000  0.45442585E+000  0.20701083E+001  0.49348565E+002
  0.35307723E+000  0.45442576E+000  0.20701087E+001  0.49348511E+002
  0.35307764E+000  0.45442571E+000  0.20701091E+001  0.49348456E+002
  0.35307803E+000  0.45442570E+000  0.20701096E+001  0.49348399E+002
  0.35307839E+000  0.45442574E+000  0.20701103E+001  0.49348341E+002
  0.35307873E+000  0.45442583E+000  0.20701110E+001  0.49348282E+002
  0.35307905E+000  0.45442597E+000  0.20701119E+001  0.49348222E+002
  0.35307936E+000  0.45442616E+000  0.20701130E+001  0.49348160E+002
  0.35307965E+000  0.45442640E+000  0.20701143E+001  0.49348098E+002
  0.35307993E+000  0.45442670E+000  0.20701158E+001  0.49348033E+002
  0.35308021E+000  0.45442704E+000  0.20701174E+001  0.49347968E+002
  0.35308047E+000  0.45442743E+000  0.20701193E+001  0.49347901E+002
  0.35308073E+000  0.45442786E+000  0.20701213E+001  0.49347833E+002
  0.35308098E+000  0.45442835E+000  0.20701235E+001  0.49347764E+002
  0.35308122E+000  0.45442887E+000  0.20701259E+001  0.49347694E+002
  0.35308146E+000  0.45442943E+000  0.20701283E+001  0.49347623E+002
  0.35308170E+000  0.45443003E+000  0.20701308E+001  0.49347551E+002
  0.35308194E+000  0.45443066E+000  0.20701333E+001  0.49347478E+002
  0.35308218E+000  0.45443132E+000  0.20701358E+001  0.49347404E+002
  0.35308243E+000  0.45443202E+000  0.20701383E+001  0.49347330E+002
  0.35308268E+000  0.45443275E+000  0.20701407E+001  0.49347255E+002
  0.35308295E+000  0.45443350E+000  0.20701430E+001  0.49347180E+002
  0.35308323E+000  0.45443429E+000  0.20701452E+001  0.49347105E+002
  0.35308354E+000  0.45443512E+000  0.20701473E+001  0.49347029E+002
  0.35308388E+000  0.45443598E+000  0.20701492E+001  0.49346954E+002
  0.35308426E+000  0.45443688E+000  0.20701510E+001  0.49346878E+002
  0.35308468E+000  0.45443783E+000  0.20701527E+001  0.49346803E+002
  0.35308516E+000  0.45443884E+000  0.20701544E+001  0.49346728E+002
  0.35308571E+000  0.45443991E+000  0.20701559E+001  0.49346653E+002
  0.35308634E+000  0.45444105E+000  0.20701574E+001  0.49346579E+002
  0.35308705E+000  0.45444226E+000  0.20701590E+001  0.49346506E+002
  0.35308787E+000  0.45444357E+000  0.20701606E+001  0.49346433E+002
  0.35308879E+000  0.45444497E+000  0.20701624E+001  0.49346362E+002
  0.35308983E+000  0.45444648E+000  0.20701643E+001  0.49346291E+002
  0.35309099E+000  0.45444811E+000  0.20701664E+001  0.49346222E+002
  0.35309229E+000  0.45444987E+000  0.20701688E+001  0.49346154E+002
  0.35309373E+000  0.45445176E+000  0.20701716E+001  0.49346087E+002
  0.35309531E+000  0.45445379E+000  0.20701747E+001  0.49346022E+002
  0.35309703E+000  0.45445597E+000  0.20701782E+001  0.49345959E+002
  0.35309890E+000  0.45445830E+000  0.20701823E+001  0.49345899E+002
  0.35310091E+000  0.45446079E+000  0.20701869E+001  0.49345840E+002
  0.35310304E+000  0.45446343E+000  0.20701920E+001  0.49345784E+002
  0.35310531E+000  0.45446623E+000  0.20701978E+001  0.49345731E+002
  0.35310768E+000  0.45446918E+000  0.20702041E+001  0.49345680E+002
  0.35311015E+000  0.45447227E+000  0.20702112E+001  0.49345633E+002
  0.35311271E+000  0.45447550E+000  0.20702188E+001  0.49345588E+002
  0.35311533E+000  0.45447885E+000  0.20702272E+001  0.49345548E+002
  0.35311800E+000  0.45448232E+000  0.20702362E+001  0.49345511E+002
  0.35312069E+000  0.45448588E+000  0.20702458E+001  0.49345478E+002
  0.35312338E+000  0.45448952E+000  0.20702561E+001  0.49345449E+002
  0.35312606E+000  0.45449321E+000  0.20702669E+001  0.49345424E+002
  0.35312869E+000  0.45449694E+000  0.20702783E+001  0.49345404E+002
  0.35313127E+000  0.45450068E+000  0.20702901E+001  0.49345389E+002
  0.35313377E+000  0.45450442E+000  0.20703023E+001  0.49345379E+002
  0.35313618E+000  0.45450812E+000  0.20703149E+001  0.49345373E+002
  0.35313847E+000  0.45451176E+000  0.20703276E+001  0.49345373E+002
  0.35314064E+000  0.45451533E+000  0.20703405E+001  0.49345379E+002
  0.35314268E+000  0.45451880E+000  0.20703535E+001  0.49345390E+002
  0.35314457E+000  0.45452214E+000  0.20703664E+001  0.49345407E+002
  0.35314630E+000  0.45452535E+000  0.20703791E+001  0.49345429E+002
  0.35314788E+000  0.45452840E+000  0.20703916E+001  0.49345458E+002
  0.35314930E+000  0.45453128E+000  0.20704038E+001  0.49345493E+002
  0.35315056E+000  0.45453399E+000  0.20704156E+001  0.49345534E+002
  0.35315167E+000  0.45453650E+000  0.20704269E+001  0.49345581E+002
  0.35315262E+000  0.45453882E+000  0.20704377E+001  0.49345635E+002
  0.35315342E+000  0.45454095E+000  0.20704478E+001  0.49345695E+002
  0.35315409E+000  0.45454287E+000  0.20704573E+001  0.49345761E+002
  0.35315462E+000  0.45454460E+000  0.20704660E+001  0.49345834E+002
  0.35315502E+000  0.45454614E+000  0.20704740E+001  0.49345914E+002
  0.35315532E+000  0.45454749E+000  0.20704813E+001  0.49346000E+002
  0.35315551E+000  0.45454866E+000  0.20704879E+001  0.49346092E+002
  0.35315560E+000  0.45454965E+000  0.20704937E+001  0.49346191E+002
  0.35315561E+000  0.45455049E+000  0.20704987E+001  0.49346296E+002
  0.35315555E+000  0.45455118E+000  0.20705030E+001  0.49346407E+002
  0.35315542E+000  0.45455172E+000  0.20705067E+001  0.49346524E+002
  0.35315524E+000  0.45455214E+000  0.20705097E+001  0.49346647E+002
  0.35315501E+000  0.45455245E+000  0.20705120E+001  0.49346775E+002
  0.35315475E+000  0.45455265E+000  0.20705138E+001  0.49346909E+002
  0.35315445E+000  0.45455276E+000  0.20705151E+001  0.49347047E+002
  0.35315413E+000  0.45455279E+000  0.20705158E+001  0.49347191E+002
  0.35315380E+000  0.45455275E+000  0.20705162E+001  0.49347338E+002
  0.35315345E+000  0.45455266E+000  0.20705161E+001  0.49347489E+002
  0.35315310E+000  0.45455251E+000  0.20705158E+001  0.49347644E+002
  0.35315274E+000  0.45455233E+000  0.20705151E+001  0.49347801E+002
  0.35315239E+000  0.45455211E+000  0.20705141E+001  0.49347961E+002
  0.35315204E+000  0.45455187E+000  0.20705130E+001  0.49348122E+002
  0.35315170E+000  0.45455160E+000  0.20705117E+001  0.49348285E+002
  0.35315137E+000  0.45455133E+000  0.20705102E+001  0.49348449E+002
  0.35315105E+000  0.45455105E+000  0.20705087E+001  0.49348612E+002
  0.35315074E+000  0.45455076E+000  0.20705071E+001  0.49348776E+002
  0.35315045E+000  0.45455048E+000  0.20705054E+001  0.49348938E+002
  0.35315017E+000  0.45455019E+000  0.20705037E+001  0.49349100E+002
  0.35314990E+000  0.45454992E+000  0.20705020E+001  0.49349259E+002
  0.35314965E+000  0.45454965E+000  0.20705003E+001  0.49349416E+002
  0.35314942E+000  0.45454939E+000  0.20704987E+001  0.49349570E+002
  0.35314920E+000  0.45454914E+000  0.20704971E+001  0.49349721E+002
  0.35314899E+000  0.45454890E+000  0.20704955E+001  0.49349868E+002
  0.35314880E+000  0.45454868E+000  0.20704940E+001  0.49350011E+002
  0.35314862E+000  0.45454847E+000  0.20704925E+001  0.49350150E+002
  0.35314845E+000  0.45454827E+000  0.20704912E+001  0.49350284E+002
  0.35314830E+000  0.45454808E+000  0.20704899E+001  0.49350414E+002
  0.35314815E+000  0.45454791E+000  0.20704886E+001  0.49350538E+002
  0.35314802E+000  0.45454774E+000  0.20704875E+001  0.49350658E+002
  0.35314790E+000  0.45454759E+000  0.20704864E+001  0.49350772E+002
  0.35314779E+000  0.45454746E+000  0.20704854E+001  0.49350881E+002
  0.35314769E+000  0.45454733E+000  0.20704844E+001  0.49350985E+002
  0.35314760E+000  0.45454721E+000  0.20704835E+001  0.49351084E+002
  0.35314751E+000  0.45454710E+000  0.20704827E+001  0.49351177E+002
  0.35314743E+000  0.45454700E+000  0.20704819E+001  0.49351266E+002
  0.35314736E+000  0.45454691E+000  0.20704812E+001  0.49351349E+002
  0.35314730E+000  0.45454683E+000  0.20704806E+001  0.49351428E+002
  0.35314724E+000  0.45454675E+000  0.20704800E+001  0.49351502E+002
  0.35314718E+000  0.45454668E+000  0.20704794E+001  0.49351571E+002
  0.35314713E+000  0.45454662E+000  0.20704789E+001  0.49351636E+002
  0.35314709E+000  0.45454656E+000  0.20704785E+001  0.49351697E+002
  0.35314705E+000  0.45454651E+000  0.20704780E+001  0.49351753E+002
  0.35314701E+000  0.45454646E+000  0.20704777E+001  0.49351806E+002
  0.35314698E+000  0.45454641E+000  0.20704773E+001  0.49351855E+002
  0.35314694E+000  0.45454637E+000  0.20704770E+001  0.49351901E+002
  0.35314691E+000  0.45454634E+000  0.20704767E+001  0.49351943E+002
  0.35314689E+000  0.45454630E+000  0.20704764E+001  0.49351982E+002
  0.35314686E+000  0.45454627E+000  0.20704761E+001  0.49352019E+002
  0.35314684E+000  0.45454624E+000  0.20704759E+001  0.49352052E+002
  0.35314682E+000  0.45454621E+000  0.20704757E+001  0.49352083E+002
  0.35314680E+000  0.45454619E+000  0.20704755E+001  0.49352112E+002
  0.35314678E+000  0.45454616E+000  0.20704753E+001  0.49352138E+002
  0.35314676E+000  0.45454614E+000  0.20704751E+001  0.49352163E+002
  0.35314674E+000  0.45454612E+000  0.20704750E+001  0.49352185E+002
  0.35314673E+000  0.45454610E+000  0.20704748E+001  0.49352206E+002
  0.35314671E+000  0.45454608E+000  0.20704747E+001  0.49352225E+002
  0.35314670E+000  0.45454606E+000  0.20704746E+001  0.49352242E+002
  0.35314669E+000  0.45454605E+000  0.20704745E+001  0.49352258E+002
  0.35314668E+000  0.45454602E+000  0.20704744E+001  0.49352273E+002
  0.35314666E+000  0.45454600E+000  0.20704743E+001  0.49352286E+002
