  0.35595597E+000
  0.35403439E+000
  0.35293203E+000
  0.35214851E+000
  0.35157853E+000
  0.35117551E+000
  0.35090440E+000
  0.35073711E+000
  0.35065126E+000
  0.35062916E+000
  0.35065688E+000
  0.35072344E+000
  0.35082032E+000
  0.35094097E+000
  0.35108012E+000
  0.35123358E+000
  0.35139801E+000
  0.35157209E+000
  0.35175344E+000
  0.35193963E+000
  0.35212885E+000
  0.35231960E+000
  0.35251060E+000
  0.35270078E+000
  0.35288919E+000
  0.35307505E+000
  0.35325765E+000
  0.35343635E+000
  0.35361061E+000
  0.35377996E+000
  0.35394393E+000
  0.35410214E+000
  0.35425425E+000
  0.35439997E+000
  0.35453904E+000
  0.35467127E+000
  0.35479651E+000
  0.35491465E+000
  0.35502564E+000
  0.35512949E+000
  0.35522624E+000
  0.35531598E+000
  0.35539886E+000
  0.35547505E+000
  0.35554476E+000
  0.35560825E+000
  0.35566579E+000
  0.35571768E+000
  0.35576424E+000
  0.35580578E+000
  0.35584267E+000
  0.35587522E+000
  0.35590378E+000
  0.35592868E+000
  0.35595024E+000
  0.35596878E+000
  0.35598458E+000
  0.35599794E+000
  0.35600911E+000
  0.35601835E+000
  0.35602590E+000
  0.35603199E+000
  0.35603680E+000
  0.35604050E+000
  0.35604326E+000
  0.35604518E+000
  0.35604639E+000
  0.35604699E+000
  0.35604708E+000
  0.35604675E+000
  0.35604608E+000
  0.35604513E+000
  0.35604395E+000
  0.35604258E+000
  0.35604107E+000
  0.35603944E+000
  0.35603773E+000
  0.35603594E+000
  0.35603412E+000
  0.35603226E+000
  0.35603039E+000
  0.35602851E+000
  0.35602664E+000
  0.35602478E+000
  0.35602294E+000
  0.35602111E+000
  0.35601932E+000
  0.35601755E+000
  0.35601582E+000
  0.35601411E+000
  0.35601245E+000
  0.35601082E+000
  0.35600923E+000
  0.35600767E+000
  0.35600616E+000
  0.35600468E+000
  0.35600324E+000
  0.35600184E+000
  0.35600047E+000
  0.35599914E+000
  0.35599785E+000
  0.35599659E+000
  0.35599537E+000
  0.35599418E+000
  0.35599302E+000
  0.35599190E+000
  0.35599080E+000
  0.35598974E+000
  0.35598871E+000
  0.35598771E+000
  0.35598673E+000
  0.35598578E+000
  0.35598486E+000
  0.35598396E+000
  0.35598309E+000
  0.35598224E+000
  0.35598142E+000
  0.35598062E+000
  0.35597984E+000
  0.35597909E+000
  0.35597835E+000
  0.35597764E+000
  0.35597694E+000
  0.35597627E+000
  0.35597561E+000
  0.35597498E+000
  0.35597436E+000
  0.35597376E+000
  0.35597318E+000
  0.35597261E+000
  0.35597206E+000
  0.35597153E+000
  0.35597101E+000
  0.35597051E+000
  0.35597002E+000
  0.35596955E+000
  0.35596909E+000
  0.35596865E+000
  0.35596822E+000
  0.35596780E+000
  0.35596739E+000
  0.35596700E+000
  0.35596662E+000
  0.35596625E+000
  0.35596590E+000
  0.35596555E+000
  0.35596522E+000
  0.35596489E+000
  0.35596458E+000
  0.35596428E+000
  0.35596398E+000
  0.35596370E+000
  0.35596343E+000
  0.35596316E+000
  0.35596290E+000
  0.35596266E+000
  0.35596242E+000
  0.35596219E+000
  0.35596196E+000
  0.35596175E+000
  0.35596154E+000
  0.35596134E+000
  0.35596114E+000
  0.35596095E+000
  0.35596077E+000
  0.35596060E+000
  0.35596043E+000
  0.35596027E+000
  0.35596011E+000
  0.35595996E+000
  0.35595981E+000
  0.35595967E+000
  0.35595953E+000
  0.35595940E+000
  0.35595928E+000
  0.35595915E+000
  0.35595904E+000
  0.35595892E+000
  0.35595881E+000
  0.35595871E+000
  0.35595861E+000
  0.35595851E+000
  0.35595842E+000
  0.35595833E+000
  0.35595824E+000
  0.35595815E+000
  0.35595807E+000
  0.35595800E+000
  0.35595792E+000
  0.35595785E+000
  0.35595778E+000
  0.35595771E+000
  0.35595764E+000
  0.35595758E+000
  0.35595752E+000
  0.35595746E+000
  0.35595741E+000
  0.35595736E+000
  0.35595731E+000
  0.35595727E+000
