  0.16181071E+000  0.15084620E+000  0.42484308E+000  0.18749606E+001
  0.16105158E+000  0.15015828E+000  0.42051882E+000  0.18730088E+001
  0.16043225E+000  0.14973845E+000  0.42189253E+000  0.18667629E+001
  0.15997622E+000  0.14936944E+000  0.42067297E+000  0.18642424E+001
  0.15945535E+000  0.14927151E+000  0.41992700E+000  0.18620710E+001
  0.15912833E+000  0.14907877E+000  0.41980586E+000  0.18599901E+001
  0.15895819E+000  0.14858715E+000  0.41903617E+000  0.18593692E+001
  0.15875586E+000  0.14841634E+000  0.41875109E+000  0.18585175E+001
  0.15848916E+000  0.14850267E+000  0.41822478E+000  0.18581556E+001
  0.15839389E+000  0.14844320E+000  0.41785177E+000  0.18579763E+001
  0.15822014E+000  0.14849896E+000  0.41710904E+000  0.18584217E+001
  0.15805994E+000  0.14865230E+000  0.41674989E+000  0.18586075E+001
  0.15806201E+000  0.14864760E+000  0.41674273E+000  0.18586265E+001
  0.15808837E+000  0.14864836E+000  0.41637259E+000  0.18591316E+001
  0.15809381E+000  0.14872750E+000  0.41591917E+000  0.18597857E+001
  0.15814001E+000  0.14878494E+000  0.41600989E+000  0.18599756E+001
  0.15819455E+000  0.14864214E+000  0.41632657E+000  0.18602102E+001
  0.15822823E+000  0.14873799E+000  0.41645194E+000  0.18604806E+001
  0.15819532E+000  0.14890879E+000  0.41653743E+000  0.18608315E+001
  0.15827192E+000  0.14897603E+000  0.41667733E+000  0.18611600E+001
  0.15834070E+000  0.14905507E+000  0.41683114E+000  0.18614998E+001
  0.15841060E+000  0.14913534E+000  0.41699040E+000  0.18618534E+001
  0.15848094E+000  0.14921611E+000  0.41693745E+000  0.18624338E+001
  0.15855119E+000  0.14929682E+000  0.41710338E+000  0.18628062E+001
  0.15862090E+000  0.14925563E+000  0.41739247E+000  0.18631842E+001
  0.15867961E+000  0.14934485E+000  0.41751223E+000  0.18636153E+001
  0.15874719E+000  0.14942270E+000  0.41768085E+000  0.18640001E+001
  0.15881331E+000  0.14949901E+000  0.41785024E+000  0.18643849E+001
  0.15887779E+000  0.14957343E+000  0.41801922E+000  0.18647694E+001
  0.15894046E+000  0.14964604E+000  0.41817108E+000  0.18651689E+001
  0.15900121E+000  0.14971655E+000  0.41833785E+000  0.18655502E+001
  0.15905996E+000  0.14978487E+000  0.41850314E+000  0.18659289E+001
  0.15911664E+000  0.14985090E+000  0.41866672E+000  0.18663044E+001
  0.15917123E+000  0.14991459E+000  0.41882839E+000  0.18666762E+001
  0.15922372E+000  0.14997588E+000  0.41898796E+000  0.18670440E+001
  0.15927412E+000  0.15003477E+000  0.41914527E+000  0.18674074E+001
  0.15932247E+000  0.15009122E+000  0.41930018E+000  0.18677662E+001
  0.15936879E+000  0.15014526E+000  0.41945255E+000  0.18681201E+001
  0.15941317E+000  0.15019690E+000  0.41960226E+000  0.18684689E+001
  0.15945565E+000  0.15024616E+000  0.41974918E+000  0.18688125E+001
  0.15949634E+000  0.15029309E+000  0.41990825E+000  0.18691357E+001
  0.15953530E+000  0.15033773E+000  0.41918203E+000  0.18703356E+001
  0.15957265E+000  0.15038015E+000  0.41885493E+000  0.18711276E+001
  0.15960848E+000  0.15042040E+000  0.41895523E+000  0.18714833E+001
  0.15964288E+000  0.15045856E+000  0.41906666E+000  0.18718186E+001
  0.15967597E+000  0.15049471E+000  0.41917633E+000  0.18721464E+001
  0.15970783E+000  0.15052892E+000  0.41928409E+000  0.18724664E+001
  0.15973859E+000  0.15056128E+000  0.41938978E+000  0.18727789E+001
  0.15976832E+000  0.15059188E+000  0.41949327E+000  0.18730836E+001
  0.15979712E+000  0.15062082E+000  0.41959440E+000  0.18733806E+001
  0.15982509E+000  0.15064819E+000  0.41969306E+000  0.18736699E+001
  0.15985229E+000  0.15067408E+000  0.41978910E+000  0.18739514E+001
  0.15987880E+000  0.15069859E+000  0.41988242E+000  0.18742252E+001
  0.15990468E+000  0.15072180E+000  0.41997293E+000  0.18744911E+001
  0.15992998E+000  0.15074380E+000  0.42006052E+000  0.18747491E+001
  0.15995476E+000  0.15076469E+000  0.42014513E+000  0.18749992E+001
  0.15997904E+000  0.15078453E+000  0.42022670E+000  0.18752414E+001
  0.16000286E+000  0.15080340E+000  0.42030520E+000  0.18754756E+001
  0.16002623E+000  0.15082139E+000  0.42038060E+000  0.18757018E+001
  0.16004918E+000  0.15083855E+000  0.42045290E+000  0.18759199E+001
  0.16007170E+000  0.15085495E+000  0.42052210E+000  0.18761300E+001
  0.16009380E+000  0.15087065E+000  0.42058823E+000  0.18763320E+001
  0.16011546E+000  0.15088568E+000  0.42065130E+000  0.18765259E+001
  0.16013669E+000  0.15090009E+000  0.42071137E+000  0.18767118E+001
  0.16015745E+000  0.15091393E+000  0.42076849E+000  0.18768897E+001
  0.16017773E+000  0.15092722E+000  0.42082272E+000  0.18770596E+001
  0.16019752E+000  0.15093999E+000  0.42087411E+000  0.18772216E+001
  0.16021678E+000  0.15095209E+000  0.42092293E+000  0.18773758E+001
  0.16023550E+000  0.15096365E+000  0.42096913E+000  0.18775223E+001
  0.16025364E+000  0.15097476E+000  0.42101271E+000  0.18776612E+001
  0.16027119E+000  0.15098544E+000  0.42105376E+000  0.18777926E+001
  0.16028812E+000  0.15099570E+000  0.42109235E+000  0.18779167E+001
  0.16030441E+000  0.15100554E+000  0.42112859E+000  0.18780337E+001
  0.16032004E+000  0.15101496E+000  0.42116254E+000  0.18781438E+001
  0.16033500E+000  0.15102397E+000  0.42119430E+000  0.18782471E+001
  0.16034927E+000  0.15103258E+000  0.42122396E+000  0.18783439E+001
  0.16036285E+000  0.15104078E+000  0.42125160E+000  0.18784343E+001
  0.16037571E+000  0.15104859E+000  0.42127730E+000  0.18785186E+001
  0.16038787E+000  0.15105599E+000  0.42130115E+000  0.18785971E+001
  0.16039933E+000  0.15106300E+000  0.42132324E+000  0.18786699E+001
  0.16041008E+000  0.15106962E+000  0.42134365E+000  0.18787374E+001
  0.16042013E+000  0.15107585E+000  0.42136245E+000  0.18787997E+001
  0.16042950E+000  0.15108170E+000  0.42137974E+000  0.18788572E+001
  0.16043820E+000  0.15108719E+000  0.42139559E+000  0.18789100E+001
  0.16044625E+000  0.15109230E+000  0.42141008E+000  0.18789584E+001
  0.16045367E+000  0.15109707E+000  0.42142329E+000  0.18790027E+001
  0.16046048E+000  0.15110149E+000  0.42143529E+000  0.18790431E+001
  0.16046671E+000  0.15110557E+000  0.42144617E+000  0.18790798E+001
  0.16047237E+000  0.15110934E+000  0.42145598E+000  0.18791131E+001
  0.16047751E+000  0.15111279E+000  0.42146481E+000  0.18791431E+001
  0.16048214E+000  0.15111596E+000  0.42147272E+000  0.18791702E+001
  0.16048631E+000  0.15111884E+000  0.42147978E+000  0.18791945E+001
  0.16049003E+000  0.15112145E+000  0.42148605E+000  0.18792162E+001
  0.16049334E+000  0.15112382E+000  0.42149159E+000  0.18792355E+001
  0.16049627E+000  0.15112595E+000  0.42149647E+000  0.18792527E+001
  0.16049884E+000  0.15112785E+000  0.42150073E+000  0.18792678E+001
  0.16050109E+000  0.15112955E+000  0.42150444E+000  0.18792811E+001
  0.16050305E+000  0.15113106E+000  0.42150764E+000  0.18792927E+001
  0.16050473E+000  0.15113240E+000  0.42151039E+000  0.18793027E+001
  0.16050617E+000  0.15113357E+000  0.42151272E+000  0.18793114E+001
  0.16050739E+000  0.15113455E+000  0.42151472E+000  0.18793188E+001
  0.16050841E+000  0.15113530E+000  0.42151648E+000  0.18793251E+001
  0.16050925E+000  0.15113593E+000  0.42151796E+000  0.18793303E+001
  0.16050994E+000  0.15113645E+000  0.42151917E+000  0.18793347E+001
  0.16051049E+000  0.15113687E+000  0.42152015E+000  0.18793382E+001
  0.16051092E+000  0.15113721E+000  0.42152093E+000  0.18793410E+001
  0.16051124E+000  0.15113746E+000  0.42152154E+000  0.18793432E+001
  0.16051146E+000  0.15113765E+000  0.42152200E+000  0.18793448E+001
  0.16051161E+000  0.15113778E+000  0.42152233E+000  0.18793459E+001
  0.16051169E+000  0.15113785E+000  0.42152255E+000  0.18793465E+001
  0.16051171E+000  0.15113789E+000  0.42152268E+000  0.18793468E+001
  0.16051168E+000  0.15113788E+000  0.42152274E+000  0.18793468E+001
  0.16051161E+000  0.15113784E+000  0.42152273E+000  0.18793464E+001
  0.16051151E+000  0.15113777E+000  0.42152268E+000  0.18793458E+001
  0.16051138E+000  0.15113768E+000  0.42152260E+000  0.18793450E+001
  0.16051122E+000  0.15113757E+000  0.42152248E+000  0.18793439E+001
  0.16051105E+000  0.15113744E+000  0.42152235E+000  0.18793428E+001
  0.16051086E+000  0.15113730E+000  0.42152221E+000  0.18793414E+001
  0.16051066E+000  0.15113715E+000  0.42152207E+000  0.18793400E+001
  0.16051045E+000  0.15113699E+000  0.42152193E+000  0.18793385E+001
  0.16051024E+000  0.15113683E+000  0.42152180E+000  0.18793368E+001
  0.16051003E+000  0.15113666E+000  0.42152168E+000  0.18793351E+001
  0.16050981E+000  0.15113649E+000  0.42152158E+000  0.18793334E+001
  0.16050960E+000  0.15113632E+000  0.42152150E+000  0.18793316E+001
  0.16050938E+000  0.15113615E+000  0.42152143E+000  0.18793298E+001
  0.16050917E+000  0.15113598E+000  0.42152139E+000  0.18793279E+001
  0.16050897E+000  0.15113582E+000  0.42152138E+000  0.18793261E+001
  0.16050877E+000  0.15113565E+000  0.42152138E+000  0.18793242E+001
  0.16050857E+000  0.15113549E+000  0.42152142E+000  0.18793223E+001
  0.16050838E+000  0.15113534E+000  0.42152147E+000  0.18793205E+001
  0.16050820E+000  0.15113518E+000  0.42152156E+000  0.18793186E+001
  0.16050802E+000  0.15113504E+000  0.42152166E+000  0.18793168E+001
  0.16050785E+000  0.15113489E+000  0.42152179E+000  0.18793150E+001
  0.16050769E+000  0.15113476E+000  0.42152194E+000  0.18793132E+001
  0.16050754E+000  0.15113463E+000  0.42152211E+000  0.18793115E+001
  0.16050739E+000  0.15113450E+000  0.42152230E+000  0.18793098E+001
  0.16050725E+000  0.15113438E+000  0.42152251E+000  0.18793081E+001
  0.16050712E+000  0.15113427E+000  0.42152273E+000  0.18793065E+001
  0.16050700E+000  0.15113416E+000  0.42152296E+000  0.18793050E+001
  0.16050688E+000  0.15113406E+000  0.42152320E+000  0.18793035E+001
  0.16050677E+000  0.15113396E+000  0.42152345E+000  0.18793021E+001
  0.16050667E+000  0.15113387E+000  0.42152371E+000  0.18793007E+001
  0.16050657E+000  0.15113379E+000  0.42152398E+000  0.18792994E+001
  0.16050648E+000  0.15113371E+000  0.42152424E+000  0.18792982E+001
  0.16050640E+000  0.15113364E+000  0.42152451E+000  0.18792970E+001
  0.16050632E+000  0.15113357E+000  0.42152478E+000  0.18792959E+001
  0.16050625E+000  0.15113350E+000  0.42152504E+000  0.18792949E+001
  0.16050618E+000  0.15113344E+000  0.42152530E+000  0.18792940E+001
  0.16050612E+000  0.15113339E+000  0.42152556E+000  0.18792931E+001
  0.16050606E+000  0.15113333E+000  0.42152581E+000  0.18792923E+001
  0.16050601E+000  0.15113328E+000  0.42152606E+000  0.18792915E+001
  0.16050596E+000  0.15113324E+000  0.42152629E+000  0.18792909E+001
  0.16050591E+000  0.15113320E+000  0.42152652E+000  0.18792903E+001
  0.16050587E+000  0.15113316E+000  0.42152674E+000  0.18792897E+001
  0.16050583E+000  0.15113312E+000  0.42152695E+000  0.18792893E+001
  0.16050580E+000  0.15113309E+000  0.42152715E+000  0.18792889E+001
  0.16050576E+000  0.15113306E+000  0.42152735E+000  0.18792885E+001
  0.16050573E+000  0.15113304E+000  0.42152753E+000  0.18792883E+001
  0.16050571E+000  0.15113301E+000  0.42152771E+000  0.18792881E+001
  0.16050568E+000  0.15113299E+000  0.42152787E+000  0.18792879E+001
  0.16050566E+000  0.15113297E+000  0.42152803E+000  0.18792878E+001
  0.16050564E+000  0.15113295E+000  0.42152818E+000  0.18792877E+001
  0.16050562E+000  0.15113293E+000  0.42152833E+000  0.18792877E+001
  0.16050561E+000  0.15113292E+000  0.42152846E+000  0.18792877E+001
  0.16050559E+000  0.15113291E+000  0.42152859E+000  0.18792877E+001
  0.16050558E+000  0.15113290E+000  0.42152871E+000  0.18792878E+001
  0.16050557E+000  0.15113289E+000  0.42152883E+000  0.18792879E+001
  0.16050556E+000  0.15113288E+000  0.42152894E+000  0.18792881E+001
  0.16050556E+000  0.15113287E+000  0.42152904E+000  0.18792882E+001
  0.16050555E+000  0.15113287E+000  0.42152914E+000  0.18792884E+001
  0.16050555E+000  0.15113286E+000  0.42152923E+000  0.18792886E+001
  0.16050554E+000  0.15113286E+000  0.42152932E+000  0.18792888E+001
  0.16050554E+000  0.15113285E+000  0.42152940E+000  0.18792890E+001
  0.16050554E+000  0.15113285E+000  0.42152948E+000  0.18792892E+001
  0.16050554E+000  0.15113285E+000  0.42152955E+000  0.18792894E+001
  0.16050554E+000  0.15113285E+000  0.42152962E+000  0.18792896E+001
  0.16050554E+000  0.15113285E+000  0.42152968E+000  0.18792898E+001
  0.16050554E+000  0.15113285E+000  0.42152974E+000  0.18792900E+001
  0.16050554E+000  0.15113285E+000  0.42152979E+000  0.18792902E+001
  0.16050554E+000  0.15113285E+000  0.42152984E+000  0.18792904E+001
  0.16050554E+000  0.15113284E+000  0.42152988E+000  0.18792905E+001
  0.16050554E+000  0.15113284E+000  0.42152992E+000  0.18792907E+001
  0.16050554E+000  0.15113284E+000  0.42152996E+000  0.18792909E+001
  0.16050553E+000  0.15113284E+000  0.42152999E+000  0.18792910E+001
  0.16050553E+000  0.15113284E+000  0.42153002E+000  0.18792911E+001
  0.16050553E+000  0.15113284E+000  0.42153005E+000  0.18792912E+001
  0.16050553E+000  0.15113284E+000  0.42153007E+000  0.18792914E+001
  0.16050553E+000  0.15113283E+000  0.42153009E+000  0.18792914E+001
  0.16050552E+000  0.15113283E+000  0.42153010E+000  0.18792915E+001
  0.16050552E+000  0.15113283E+000  0.42153012E+000  0.18792916E+001
  0.16050552E+000  0.15113282E+000  0.42153013E+000  0.18792917E+001
  0.16050551E+000  0.15113282E+000  0.42153013E+000  0.18792917E+001
  0.16050551E+000  0.15113281E+000  0.42153014E+000  0.18792917E+001
  0.16050550E+000  0.15113281E+000  0.42153014E+000  0.18792918E+001
  0.16050550E+000  0.15113280E+000  0.42153014E+000  0.18792918E+001
  0.16050549E+000  0.15113280E+000  0.42153014E+000  0.18792918E+001
  0.16050549E+000  0.15113280E+000  0.42153015E+000  0.18792918E+001
  0.16050549E+000  0.15113280E+000  0.42153016E+000  0.18792918E+001
  0.16050549E+000  0.15113280E+000  0.42153015E+000  0.18792918E+001
  0.16050548E+000  0.15113278E+000  0.42153008E+000  0.18792915E+001
