 -0.12669534E+000  0.50575348E-001  0.10589126E+001  0.44103129E+000
 -0.12783357E+000  0.49217834E-001  0.10526187E+001  0.44213460E+000
 -0.12853896E+000  0.48436185E-001  0.10482771E+001  0.44355381E+000
 -0.12902165E+000  0.47898769E-001  0.10449609E+001  0.44475600E+000
 -0.12936521E+000  0.47519272E-001  0.10423835E+001  0.44577658E+000
 -0.12960352E+000  0.47264149E-001  0.10403833E+001  0.44665814E+000
 -0.12976086E+000  0.47109303E-001  0.10388408E+001  0.44742837E+000
 -0.12985549E+000  0.47031557E-001  0.10376645E+001  0.44810790E+000
 -0.12990154E+000  0.47011441E-001  0.10367828E+001  0.44871231E+000
 -0.12991000E+000  0.47033579E-001  0.10361392E+001  0.44925386E+000
 -0.12988948E+000  0.47086191E-001  0.10356891E+001  0.44974170E+000
 -0.12984678E+000  0.47160389E-001  0.10353974E+001  0.45018277E+000
 -0.12978709E+000  0.47249701E-001  0.10352359E+001  0.45058275E+000
 -0.12971443E+000  0.47349505E-001  0.10351826E+001  0.45094623E+000
 -0.12963198E+000  0.47456365E-001  0.10352192E+001  0.45127693E+000
 -0.12954226E+000  0.47567752E-001  0.10353310E+001  0.45157787E+000
 -0.12944728E+000  0.47681825E-001  0.10355062E+001  0.45185136E+000
 -0.12934791E+000  0.47798321E-001  0.10357381E+001  0.45209987E+000
 -0.12924547E+000  0.47916128E-001  0.10360182E+001  0.45232490E+000
 -0.12914129E+000  0.48033993E-001  0.10363379E+001  0.45252788E+000
 -0.12903641E+000  0.48151054E-001  0.10366905E+001  0.45271032E+000
 -0.12893163E+000  0.48266651E-001  0.10370699E+001  0.45287349E+000
 -0.12882764E+000  0.48380268E-001  0.10374713E+001  0.45301850E+000
 -0.12872500E+000  0.48491498E-001  0.10378903E+001  0.45314631E+000
 -0.12862414E+000  0.48600018E-001  0.10383231E+001  0.45325775E+000
 -0.12852543E+000  0.48705567E-001  0.10387665E+001  0.45335354E+000
 -0.12842919E+000  0.48807931E-001  0.10392175E+001  0.45343432E+000
 -0.12833565E+000  0.48906935E-001  0.10396735E+001  0.45350064E+000
 -0.12824500E+000  0.49002436E-001  0.10401320E+001  0.45355301E+000
 -0.12815740E+000  0.49094327E-001  0.10405910E+001  0.45359188E+000
 -0.12807297E+000  0.49182504E-001  0.10410486E+001  0.45361765E+000
 -0.12799181E+000  0.49266888E-001  0.10415028E+001  0.45363072E+000
 -0.12791395E+000  0.49347416E-001  0.10419521E+001  0.45363147E+000
 -0.12783939E+000  0.49424050E-001  0.10423950E+001  0.45362026E+000
 -0.12776816E+000  0.49496772E-001  0.10428301E+001  0.45359746E+000
 -0.12770026E+000  0.49565584E-001  0.10432563E+001  0.45356345E+000
 -0.12763567E+000  0.49630511E-001  0.10436726E+001  0.45351860E+000
 -0.12757433E+000  0.49691595E-001  0.10440780E+001  0.45346333E+000
 -0.12751618E+000  0.49748899E-001  0.10444718E+001  0.45339806E+000
 -0.12746115E+000  0.49802505E-001  0.10448534E+001  0.45332323E+000
 -0.12740914E+000  0.49852509E-001  0.10452223E+001  0.45323932E+000
 -0.12736007E+000  0.49899024E-001  0.10455782E+001  0.45314680E+000
 -0.12731380E+000  0.49942175E-001  0.10459209E+001  0.45304620E+000
 -0.12727024E+000  0.49982099E-001  0.10462503E+001  0.45293804E+000
 -0.12722925E+000  0.50018941E-001  0.10465665E+001  0.45282286E+000
 -0.12719073E+000  0.50052854E-001  0.10468697E+001  0.45270119E+000
 -0.12715456E+000  0.50083996E-001  0.10471602E+001  0.45257359E+000
 -0.12712061E+000  0.50112527E-001  0.10474382E+001  0.45244059E+000
 -0.12708878E+000  0.50138610E-001  0.10477044E+001  0.45230274E+000
 -0.12705896E+000  0.50162407E-001  0.10479592E+001  0.45216055E+000
 -0.12703104E+000  0.50184080E-001  0.10482031E+001  0.45201451E+000
 -0.12700493E+000  0.50203787E-001  0.10484369E+001  0.45186511E+000
 -0.12698054E+000  0.50221680E-001  0.10486612E+001  0.45171280E+000
 -0.12695778E+000  0.50237908E-001  0.10488766E+001  0.45155801E+000
 -0.12693658E+000  0.50252612E-001  0.10490838E+001  0.45140112E+000
 -0.12691686E+000  0.50265927E-001  0.10492835E+001  0.45124251E+000
 -0.12689856E+000  0.50277982E-001  0.10494764E+001  0.45108250E+000
 -0.12688160E+000  0.50288899E-001  0.10496631E+001  0.45092140E+000
 -0.12686592E+000  0.50298797E-001  0.10498441E+001  0.45075946E+000
 -0.12685145E+000  0.50307788E-001  0.10500202E+001  0.45059692E+000
 -0.12683813E+000  0.50315984E-001  0.10501918E+001  0.45043399E+000
 -0.12682589E+000  0.50323485E-001  0.10503595E+001  0.45027084E+000
 -0.12681465E+000  0.50330385E-001  0.10505238E+001  0.45010764E+000
 -0.12680438E+000  0.50336761E-001  0.10506851E+001  0.44994454E+000
 -0.12679501E+000  0.50342677E-001  0.10508437E+001  0.44978167E+000
 -0.12678649E+000  0.50348189E-001  0.10509999E+001  0.44961918E+000
 -0.12677878E+000  0.50353346E-001  0.10511538E+001  0.44945717E+000
 -0.12677181E+000  0.50358197E-001  0.10513058E+001  0.44929575E+000
 -0.12676554E+000  0.50362793E-001  0.10514561E+001  0.44913503E+000
 -0.12675991E+000  0.50367177E-001  0.10516047E+001  0.44897509E+000
 -0.12675486E+000  0.50371392E-001  0.10517518E+001  0.44881602E+000
 -0.12675034E+000  0.50375461E-001  0.10518975E+001  0.44865792E+000
 -0.12674630E+000  0.50379406E-001  0.10520418E+001  0.44850087E+000
 -0.12674271E+000  0.50383251E-001  0.10521848E+001  0.44834497E+000
 -0.12673953E+000  0.50387011E-001  0.10523265E+001  0.44819031E+000
 -0.12673670E+000  0.50390701E-001  0.10524668E+001  0.44803696E+000
 -0.12673419E+000  0.50394333E-001  0.10526058E+001  0.44788501E+000
 -0.12673197E+000  0.50397917E-001  0.10527433E+001  0.44773453E+000
 -0.12673001E+000  0.50401460E-001  0.10528794E+001  0.44758560E+000
 -0.12672827E+000  0.50404968E-001  0.10530141E+001  0.44743829E+000
 -0.12672672E+000  0.50408447E-001  0.10531472E+001  0.44729266E+000
 -0.12672535E+000  0.50411898E-001  0.10532788E+001  0.44714876E+000
 -0.12672413E+000  0.50415325E-001  0.10534087E+001  0.44700665E+000
 -0.12672303E+000  0.50418729E-001  0.10535371E+001  0.44686638E+000
 -0.12672204E+000  0.50422112E-001  0.10536637E+001  0.44672798E+000
 -0.12672115E+000  0.50425473E-001  0.10537886E+001  0.44659149E+000
 -0.12672033E+000  0.50428812E-001  0.10539119E+001  0.44645695E+000
 -0.12671959E+000  0.50432129E-001  0.10540333E+001  0.44632437E+000
 -0.12671889E+000  0.50435423E-001  0.10541530E+001  0.44619378E+000
 -0.12671825E+000  0.50438693E-001  0.10542708E+001  0.44606519E+000
 -0.12671764E+000  0.50441938E-001  0.10543869E+001  0.44593863E+000
 -0.12671706E+000  0.50445156E-001  0.10545011E+001  0.44581409E+000
 -0.12671651E+000  0.50448347E-001  0.10546135E+001  0.44569161E+000
 -0.12671598E+000  0.50451508E-001  0.10547240E+001  0.44557117E+000
 -0.12671547E+000  0.50454639E-001  0.10548327E+001  0.44545279E+000
 -0.12671497E+000  0.50457736E-001  0.10549395E+001  0.44533647E+000
 -0.12671449E+000  0.50460800E-001  0.10550444E+001  0.44522222E+000
 -0.12671401E+000  0.50463828E-001  0.10551475E+001  0.44511004E+000
 -0.12671354E+000  0.50466819E-001  0.10552487E+001  0.44499993E+000
 -0.12671308E+000  0.50469771E-001  0.10553480E+001  0.44489189E+000
 -0.12671262E+000  0.50472683E-001  0.10554454E+001  0.44478591E+000
 -0.12671217E+000  0.50475553E-001  0.10555410E+001  0.44468201E+000
 -0.12671172E+000  0.50478381E-001  0.10556347E+001  0.44458016E+000
 -0.12671128E+000  0.50481165E-001  0.10557265E+001  0.44448038E+000
 -0.12671085E+000  0.50483903E-001  0.10558164E+001  0.44438265E+000
 -0.12671042E+000  0.50486595E-001  0.10559045E+001  0.44428696E+000
 -0.12671000E+000  0.50489240E-001  0.10559907E+001  0.44419332E+000
 -0.12670958E+000  0.50491836E-001  0.10560750E+001  0.44410169E+000
 -0.12670916E+000  0.50494383E-001  0.10561575E+001  0.44401208E+000
 -0.12670876E+000  0.50496881E-001  0.10562382E+001  0.44392447E+000
 -0.12670836E+000  0.50499328E-001  0.10563171E+001  0.44383885E+000
 -0.12670796E+000  0.50501725E-001  0.10563942E+001  0.44375519E+000
 -0.12670757E+000  0.50504070E-001  0.10564695E+001  0.44367348E+000
 -0.12670719E+000  0.50506363E-001  0.10565430E+001  0.44359370E+000
 -0.12670682E+000  0.50508605E-001  0.10566148E+001  0.44351583E+000
 -0.12670646E+000  0.50510794E-001  0.10566848E+001  0.44343985E+000
 -0.12670610E+000  0.50512931E-001  0.10567531E+001  0.44336574E+000
 -0.12670575E+000  0.50515017E-001  0.10568198E+001  0.44329346E+000
 -0.12670541E+000  0.50517050E-001  0.10568847E+001  0.44322300E+000
 -0.12670507E+000  0.50519031E-001  0.10569481E+001  0.44315434E+000
 -0.12670475E+000  0.50520961E-001  0.10570098E+001  0.44308743E+000
 -0.12670443E+000  0.50522840E-001  0.10570699E+001  0.44302226E+000
 -0.12670412E+000  0.50524668E-001  0.10571284E+001  0.44295880E+000
 -0.12670382E+000  0.50526445E-001  0.10571854E+001  0.44289702E+000
 -0.12670352E+000  0.50528173E-001  0.10572409E+001  0.44283690E+000
 -0.12670324E+000  0.50529851E-001  0.10572949E+001  0.44277840E+000
 -0.12670296E+000  0.50531481E-001  0.10573474E+001  0.44272149E+000
 -0.12670269E+000  0.50533063E-001  0.10573985E+001  0.44266615E+000
 -0.12670243E+000  0.50534598E-001  0.10574482E+001  0.44261234E+000
 -0.12670217E+000  0.50536086E-001  0.10574965E+001  0.44256004E+000
 -0.12670192E+000  0.50537529E-001  0.10575434E+001  0.44250922E+000
 -0.12670168E+000  0.50538926E-001  0.10575890E+001  0.44245985E+000
 -0.12670145E+000  0.50540280E-001  0.10576333E+001  0.44241190E+000
 -0.12670123E+000  0.50541590E-001  0.10576764E+001  0.44236533E+000
 -0.12670101E+000  0.50542859E-001  0.10577181E+001  0.44232013E+000
 -0.12670080E+000  0.50544085E-001  0.10577587E+001  0.44227625E+000
 -0.12670059E+000  0.50545272E-001  0.10577980E+001  0.44223368E+000
 -0.12670040E+000  0.50546418E-001  0.10578362E+001  0.44219238E+000
 -0.12670021E+000  0.50547526E-001  0.10578732E+001  0.44215233E+000
 -0.12670002E+000  0.50548597E-001  0.10579091E+001  0.44211349E+000
 -0.12669984E+000  0.50549630E-001  0.10579440E+001  0.44207584E+000
 -0.12669967E+000  0.50550628E-001  0.10579777E+001  0.44203935E+000
 -0.12669950E+000  0.50551591E-001  0.10580104E+001  0.44200399E+000
 -0.12669934E+000  0.50552520E-001  0.10580421E+001  0.44196974E+000
 -0.12669919E+000  0.50553416E-001  0.10580728E+001  0.44193656E+000
 -0.12669904E+000  0.50554280E-001  0.10581025E+001  0.44190444E+000
 -0.12669889E+000  0.50555112E-001  0.10581313E+001  0.44187334E+000
 -0.12669875E+000  0.50555915E-001  0.10581592E+001  0.44184324E+000
 -0.12669862E+000  0.50556688E-001  0.10581861E+001  0.44181412E+000
 -0.12669849E+000  0.50557432E-001  0.10582122E+001  0.44178594E+000
 -0.12669837E+000  0.50558149E-001  0.10582375E+001  0.44175869E+000
 -0.12669825E+000  0.50558839E-001  0.10582619E+001  0.44173233E+000
 -0.12669813E+000  0.50559503E-001  0.10582855E+001  0.44170684E+000
 -0.12669802E+000  0.50560142E-001  0.10583083E+001  0.44168221E+000
 -0.12669791E+000  0.50560757E-001  0.10583304E+001  0.44165840E+000
 -0.12669781E+000  0.50561348E-001  0.10583517E+001  0.44163540E+000
 -0.12669771E+000  0.50561916E-001  0.10583723E+001  0.44161317E+000
 -0.12669762E+000  0.50562463E-001  0.10583922E+001  0.44159170E+000
 -0.12669752E+000  0.50562988E-001  0.10584114E+001  0.44157097E+000
 -0.12669744E+000  0.50563493E-001  0.10584300E+001  0.44155096E+000
 -0.12669735E+000  0.50563977E-001  0.10584479E+001  0.44153163E+000
 -0.12669727E+000  0.50564443E-001  0.10584652E+001  0.44151298E+000
 -0.12669719E+000  0.50564891E-001  0.10584819E+001  0.44149499E+000
 -0.12669712E+000  0.50565320E-001  0.10584980E+001  0.44147762E+000
 -0.12669704E+000  0.50565733E-001  0.10585135E+001  0.44146087E+000
 -0.12669697E+000  0.50566129E-001  0.10585285E+001  0.44144471E+000
 -0.12669691E+000  0.50566509E-001  0.10585430E+001  0.44142913E+000
 -0.12669684E+000  0.50566873E-001  0.10585569E+001  0.44141410E+000
 -0.12669678E+000  0.50567223E-001  0.10585704E+001  0.44139962E+000
 -0.12669672E+000  0.50567559E-001  0.10585833E+001  0.44138566E+000
 -0.12669667E+000  0.50567881E-001  0.10585958E+001  0.44137220E+000
 -0.12669661E+000  0.50568190E-001  0.10586079E+001  0.44135924E+000
 -0.12669656E+000  0.50568486E-001  0.10586195E+001  0.44134674E+000
 -0.12669651E+000  0.50568771E-001  0.10586306E+001  0.44133471E+000
 -0.12669646E+000  0.50569043E-001  0.10586414E+001  0.44132312E+000
 -0.12669641E+000  0.50569304E-001  0.10586518E+001  0.44131195E+000
 -0.12669637E+000  0.50569555E-001  0.10586618E+001  0.44130120E+000
 -0.12669633E+000  0.50569795E-001  0.10586714E+001  0.44129085E+000
 -0.12669629E+000  0.50570025E-001  0.10586807E+001  0.44128088E+000
 -0.12669625E+000  0.50570246E-001  0.10586896E+001  0.44127128E+000
 -0.12669621E+000  0.50570457E-001  0.10586982E+001  0.44126205E+000
 -0.12669618E+000  0.50570660E-001  0.10587064E+001  0.44125316E+000
 -0.12669614E+000  0.50570855E-001  0.10587144E+001  0.44124460E+000
 -0.12669611E+000  0.50571041E-001  0.10587220E+001  0.44123636E+000
 -0.12669608E+000  0.50571220E-001  0.10587294E+001  0.44122844E+000
 -0.12669605E+000  0.50571391E-001  0.10587365E+001  0.44122081E+000
 -0.12669602E+000  0.50571556E-001  0.10587433E+001  0.44121347E+000
 -0.12669599E+000  0.50571714E-001  0.10587499E+001  0.44120640E+000
 -0.12669596E+000  0.50571866E-001  0.10587562E+001  0.44119960E+000
 -0.12669594E+000  0.50572012E-001  0.10587623E+001  0.44119306E+000
 -0.12669591E+000  0.50572152E-001  0.10587681E+001  0.44118675E+000
 -0.12669589E+000  0.50572287E-001  0.10587738E+001  0.44118067E+000
 -0.12669586E+000  0.50572417E-001  0.10587792E+001  0.44117482E+000
 -0.12669584E+000  0.50572543E-001  0.10587845E+001  0.44116917E+000
 -0.12669582E+000  0.50572664E-001  0.10587895E+001  0.44116372E+000
 -0.12669580E+000  0.50572781E-001  0.10587944E+001  0.44115846E+000
 -0.12669578E+000  0.50572896E-001  0.10587992E+001  0.44115337E+000
 -0.12669575E+000  0.50573008E-001  0.10588037E+001  0.44114844E+000
 -0.12669572E+000  0.50573121E-001  0.10588082E+001  0.44114364E+000
 -0.12669569E+000  0.50573233E-001  0.10588126E+001  0.44113900E+000
