 -0.34612332E-001
 -0.34771214E-001
 -0.34865791E-001
 -0.34932409E-001
 -0.34979493E-001
 -0.35011800E-001
 -0.35032684E-001
 -0.35044707E-001
 -0.35049860E-001
 -0.35049701E-001
 -0.35045451E-001
 -0.35038076E-001
 -0.35028337E-001
 -0.35016837E-001
 -0.35004053E-001
 -0.34990360E-001
 -0.34976057E-001
 -0.34961382E-001
 -0.34946526E-001
 -0.34931637E-001
 -0.34916832E-001
 -0.34902201E-001
 -0.34887815E-001
 -0.34873730E-001
 -0.34859995E-001
 -0.34846647E-001
 -0.34833713E-001
 -0.34821218E-001
 -0.34809175E-001
 -0.34797596E-001
 -0.34786493E-001
 -0.34775870E-001
 -0.34765731E-001
 -0.34756073E-001
 -0.34746894E-001
 -0.34738185E-001
 -0.34729939E-001
 -0.34722142E-001
 -0.34714783E-001
 -0.34707845E-001
 -0.34701313E-001
 -0.34695170E-001
 -0.34689398E-001
 -0.34683980E-001
 -0.34678897E-001
 -0.34674132E-001
 -0.34669669E-001
 -0.34665490E-001
 -0.34661580E-001
 -0.34657925E-001
 -0.34654511E-001
 -0.34651325E-001
 -0.34648354E-001
 -0.34645587E-001
 -0.34643014E-001
 -0.34640624E-001
 -0.34638408E-001
 -0.34636357E-001
 -0.34634462E-001
 -0.34632715E-001
 -0.34631107E-001
 -0.34629630E-001
 -0.34628277E-001
 -0.34627040E-001
 -0.34625912E-001
 -0.34624885E-001
 -0.34623953E-001
 -0.34623108E-001
 -0.34622344E-001
 -0.34621655E-001
 -0.34621034E-001
 -0.34620475E-001
 -0.34619974E-001
 -0.34619524E-001
 -0.34619120E-001
 -0.34618758E-001
 -0.34618434E-001
 -0.34618144E-001
 -0.34617882E-001
 -0.34617647E-001
 -0.34617435E-001
 -0.34617244E-001
 -0.34617069E-001
 -0.34616910E-001
 -0.34616763E-001
 -0.34616628E-001
 -0.34616502E-001
 -0.34616385E-001
 -0.34616274E-001
 -0.34616169E-001
 -0.34616069E-001
 -0.34615973E-001
 -0.34615880E-001
 -0.34615790E-001
 -0.34615702E-001
 -0.34615617E-001
 -0.34615533E-001
 -0.34615451E-001
 -0.34615370E-001
 -0.34615291E-001
 -0.34615212E-001
 -0.34615135E-001
 -0.34615059E-001
 -0.34614983E-001
 -0.34614909E-001
 -0.34614836E-001
 -0.34614764E-001
 -0.34614694E-001
 -0.34614624E-001
 -0.34614556E-001
 -0.34614488E-001
 -0.34614422E-001
 -0.34614358E-001
 -0.34614294E-001
 -0.34614232E-001
 -0.34614171E-001
 -0.34614112E-001
 -0.34614054E-001
 -0.34613997E-001
 -0.34613942E-001
 -0.34613888E-001
 -0.34613835E-001
 -0.34613784E-001
 -0.34613734E-001
 -0.34613686E-001
 -0.34613638E-001
 -0.34613592E-001
 -0.34613548E-001
 -0.34613505E-001
 -0.34613463E-001
 -0.34613422E-001
 -0.34613382E-001
 -0.34613344E-001
 -0.34613307E-001
 -0.34613271E-001
 -0.34613236E-001
 -0.34613202E-001
 -0.34613170E-001
 -0.34613138E-001
 -0.34613108E-001
 -0.34613078E-001
 -0.34613050E-001
 -0.34613022E-001
 -0.34612996E-001
 -0.34612970E-001
 -0.34612945E-001
 -0.34612921E-001
 -0.34612898E-001
 -0.34612876E-001
 -0.34612854E-001
 -0.34612834E-001
 -0.34612814E-001
 -0.34612794E-001
 -0.34612776E-001
 -0.34612758E-001
 -0.34612741E-001
 -0.34612724E-001
 -0.34612708E-001
 -0.34612693E-001
 -0.34612678E-001
 -0.34612664E-001
 -0.34612650E-001
 -0.34612637E-001
 -0.34612625E-001
 -0.34612613E-001
 -0.34612601E-001
 -0.34612590E-001
 -0.34612579E-001
 -0.34612569E-001
 -0.34612559E-001
 -0.34612549E-001
 -0.34612540E-001
 -0.34612531E-001
 -0.34612523E-001
 -0.34612514E-001
 -0.34612507E-001
 -0.34612499E-001
 -0.34612492E-001
 -0.34612485E-001
 -0.34612478E-001
 -0.34612472E-001
 -0.34612466E-001
 -0.34612460E-001
 -0.34612455E-001
 -0.34612449E-001
 -0.34612444E-001
 -0.34612439E-001
 -0.34612434E-001
 -0.34612430E-001
 -0.34612426E-001
 -0.34612421E-001
 -0.34612417E-001
 -0.34612414E-001
 -0.34612410E-001
 -0.34612407E-001
 -0.34612404E-001
 -0.34612401E-001
 -0.34612399E-001
 -0.34612397E-001
 -0.34612396E-001
