  0.41386576E+000
  0.41310466E+000
  0.41264214E+000
  0.41230286E+000
  0.41205217E+000
  0.41187086E+000
  0.41174484E+000
  0.41166297E+000
  0.41161635E+000
  0.41159784E+000
  0.41160183E+000
  0.41162370E+000
  0.41165971E+000
  0.41170685E+000
  0.41176270E+000
  0.41182529E+000
  0.41189316E+000
  0.41196510E+000
  0.41204009E+000
  0.41211729E+000
  0.41219600E+000
  0.41227562E+000
  0.41235565E+000
  0.41243563E+000
  0.41251520E+000
  0.41259401E+000
  0.41267175E+000
  0.41274815E+000
  0.41282295E+000
  0.41289611E+000
  0.41296737E+000
  0.41303650E+000
  0.41310327E+000
  0.41316752E+000
  0.41322909E+000
  0.41328788E+000
  0.41334377E+000
  0.41339671E+000
  0.41344664E+000
  0.41349354E+000
  0.41353741E+000
  0.41357826E+000
  0.41361613E+000
  0.41365108E+000
  0.41368318E+000
  0.41371252E+000
  0.41373921E+000
  0.41376336E+000
  0.41378509E+000
  0.41380455E+000
  0.41382185E+000
  0.41383715E+000
  0.41385059E+000
  0.41386232E+000
  0.41387247E+000
  0.41388119E+000
  0.41388861E+000
  0.41389485E+000
  0.41390005E+000
  0.41390432E+000
  0.41390777E+000
  0.41391050E+000
  0.41391260E+000
  0.41391416E+000
  0.41391525E+000
  0.41391594E+000
  0.41391630E+000
  0.41391638E+000
  0.41391622E+000
  0.41391587E+000
  0.41391536E+000
  0.41391473E+000
  0.41391399E+000
  0.41391318E+000
  0.41391231E+000
  0.41391139E+000
  0.41391044E+000
  0.41390948E+000
  0.41390849E+000
  0.41390751E+000
  0.41390652E+000
  0.41390553E+000
  0.41390456E+000
  0.41390359E+000
  0.41390263E+000
  0.41390169E+000
  0.41390076E+000
  0.41389984E+000
  0.41389894E+000
  0.41389806E+000
  0.41389720E+000
  0.41389635E+000
  0.41389551E+000
  0.41389470E+000
  0.41389390E+000
  0.41389312E+000
  0.41389236E+000
  0.41389161E+000
  0.41389088E+000
  0.41389017E+000
  0.41388947E+000
  0.41388879E+000
  0.41388812E+000
  0.41388748E+000
  0.41388685E+000
  0.41388623E+000
  0.41388563E+000
  0.41388504E+000
  0.41388447E+000
  0.41388391E+000
  0.41388337E+000
  0.41388284E+000
  0.41388233E+000
  0.41388183E+000
  0.41388134E+000
  0.41388086E+000
  0.41388040E+000
  0.41387995E+000
  0.41387951E+000
  0.41387908E+000
  0.41387867E+000
  0.41387826E+000
  0.41387787E+000
  0.41387749E+000
  0.41387711E+000
  0.41387675E+000
  0.41387640E+000
  0.41387606E+000
  0.41387572E+000
  0.41387540E+000
  0.41387508E+000
  0.41387478E+000
  0.41387448E+000
  0.41387419E+000
  0.41387391E+000
  0.41387364E+000
  0.41387337E+000
  0.41387312E+000
  0.41387287E+000
  0.41387263E+000
  0.41387239E+000
  0.41387216E+000
  0.41387194E+000
  0.41387173E+000
  0.41387152E+000
  0.41387132E+000
  0.41387113E+000
  0.41387094E+000
  0.41387075E+000
  0.41387058E+000
  0.41387040E+000
  0.41387024E+000
  0.41387008E+000
  0.41386992E+000
  0.41386977E+000
  0.41386962E+000
  0.41386948E+000
  0.41386935E+000
  0.41386922E+000
  0.41386909E+000
  0.41386897E+000
  0.41386885E+000
  0.41386873E+000
  0.41386862E+000
  0.41386851E+000
  0.41386841E+000
  0.41386831E+000
  0.41386821E+000
  0.41386812E+000
  0.41386803E+000
  0.41386794E+000
  0.41386786E+000
  0.41386778E+000
  0.41386770E+000
  0.41386763E+000
  0.41386755E+000
  0.41386748E+000
  0.41386742E+000
  0.41386735E+000
  0.41386729E+000
  0.41386723E+000
  0.41386717E+000
  0.41386712E+000
  0.41386706E+000
  0.41386701E+000
  0.41386696E+000
  0.41386691E+000
  0.41386687E+000
  0.41386682E+000
  0.41386678E+000
  0.41386674E+000
  0.41386670E+000
  0.41386666E+000
  0.41386663E+000
  0.41386659E+000
  0.41386656E+000
  0.41386652E+000
  0.41386649E+000
  0.41386646E+000
  0.41386642E+000
