  0.27828375E+001
  0.28311859E+001
  0.28288461E+001
  0.28247515E+001
  0.28212772E+001
  0.28182416E+001
  0.28155070E+001
  0.28130265E+001
  0.28107732E+001
  0.28087265E+001
  0.28068462E+001
  0.28051274E+001
  0.28035535E+001
  0.28021109E+001
  0.28007876E+001
  0.27995743E+001
  0.27984510E+001
  0.27974060E+001
  0.27964328E+001
  0.27955217E+001
  0.27946700E+001
  0.27938745E+001
  0.27931323E+001
  0.27924407E+001
  0.27917976E+001
  0.27912013E+001
  0.27906608E+001
  0.27901883E+001
  0.27897738E+001
  0.27893934E+001
  0.27890577E+001
  0.27887636E+001
  0.27885065E+001
  0.27882816E+001
  0.27880848E+001
  0.27879125E+001
  0.27877613E+001
  0.27876286E+001
  0.27875119E+001
  0.27874092E+001
  0.27873186E+001
  0.27872385E+001
  0.27871675E+001
  0.27871045E+001
  0.27870485E+001
  0.27869986E+001
  0.27869542E+001
  0.27869146E+001
  0.27868794E+001
  0.27868481E+001
  0.27868204E+001
  0.27867960E+001
  0.27867745E+001
  0.27867557E+001
  0.27867395E+001
  0.27867255E+001
  0.27867136E+001
  0.27867036E+001
  0.27866953E+001
  0.27866886E+001
  0.27866832E+001
  0.27866791E+001
  0.27866761E+001
  0.27866740E+001
  0.27866727E+001
  0.27866722E+001
  0.27866723E+001
  0.27866729E+001
  0.27866739E+001
  0.27866753E+001
  0.27866769E+001
  0.27866789E+001
  0.27866810E+001
  0.27866833E+001
  0.27866857E+001
  0.27866882E+001
  0.27866907E+001
  0.27866933E+001
  0.27866960E+001
  0.27866986E+001
  0.27867012E+001
  0.27867039E+001
  0.27867065E+001
  0.27867092E+001
  0.27867117E+001
  0.27867143E+001
  0.27867169E+001
  0.27867194E+001
  0.27867219E+001
  0.27867244E+001
  0.27867268E+001
  0.27867292E+001
  0.27867316E+001
  0.27867339E+001
  0.27867362E+001
  0.27867385E+001
  0.27867408E+001
  0.27867431E+001
  0.27867453E+001
  0.27867475E+001
  0.27867496E+001
  0.27867518E+001
  0.27867539E+001
  0.27867560E+001
  0.27867581E+001
  0.27867602E+001
  0.27867622E+001
  0.27867642E+001
  0.27867662E+001
  0.27867682E+001
  0.27867702E+001
  0.27867722E+001
  0.27867741E+001
  0.27867760E+001
  0.27867780E+001
  0.27867799E+001
  0.27867818E+001
  0.27867836E+001
  0.27867855E+001
  0.27867873E+001
  0.27867892E+001
  0.27867910E+001
  0.27867928E+001
  0.27867946E+001
  0.27867964E+001
  0.27867981E+001
  0.27867999E+001
  0.27868016E+001
  0.27868034E+001
  0.27868051E+001
  0.27868068E+001
  0.27868085E+001
  0.27868101E+001
  0.27868118E+001
  0.27868134E+001
  0.27868150E+001
  0.27868166E+001
  0.27868182E+001
  0.27868198E+001
  0.27868213E+001
  0.27868229E+001
  0.27868244E+001
  0.27868259E+001
  0.27868274E+001
  0.27868288E+001
  0.27868303E+001
  0.27868317E+001
  0.27868331E+001
  0.27868345E+001
  0.27868359E+001
  0.27868372E+001
  0.27868385E+001
  0.27868398E+001
  0.27868411E+001
  0.27868424E+001
  0.27868437E+001
  0.27868449E+001
  0.27868461E+001
  0.27868473E+001
  0.27868485E+001
  0.27868496E+001
  0.27868507E+001
  0.27868519E+001
  0.27868529E+001
  0.27868540E+001
  0.27868551E+001
  0.27868561E+001
  0.27868571E+001
  0.27868581E+001
  0.27868591E+001
  0.27868600E+001
  0.27868610E+001
  0.27868619E+001
  0.27868628E+001
  0.27868636E+001
  0.27868645E+001
  0.27868653E+001
  0.27868662E+001
  0.27868670E+001
  0.27868678E+001
  0.27868685E+001
  0.27868693E+001
  0.27868700E+001
  0.27868707E+001
  0.27868714E+001
  0.27868721E+001
  0.27868728E+001
  0.27868734E+001
  0.27868741E+001
  0.27868747E+001
  0.27868753E+001
  0.27868759E+001
  0.27868764E+001
  0.27868770E+001
  0.27868775E+001
  0.27868781E+001
  0.27868786E+001
  0.27868791E+001
  0.27868796E+001
  0.27868802E+001
