  0.65397384E+000
  0.65444484E+000
  0.65464694E+000
  0.65476963E+000
  0.65484029E+000
  0.65487653E+000
  0.65488953E+000
  0.65488685E+000
  0.65487398E+000
  0.65485463E+000
  0.65483141E+000
  0.65480618E+000
  0.65478023E+000
  0.65475445E+000
  0.65472941E+000
  0.65470478E+000
  0.65468098E+000
  0.65465841E+000
  0.65463731E+000
  0.65461780E+000
  0.65459994E+000
  0.65458378E+000
  0.65456931E+000
  0.65455656E+000
  0.65454553E+000
  0.65453617E+000
  0.65452844E+000
  0.65452228E+000
  0.65451761E+000
  0.65450918E+000
  0.65449895E+000
  0.65448864E+000
  0.65447940E+000
  0.65447190E+000
  0.65446650E+000
  0.65446331E+000
  0.65446228E+000
  0.65446324E+000
  0.65446597E+000
  0.65447021E+000
  0.65447567E+000
  0.65448209E+000
  0.65448921E+000
  0.65449681E+000
  0.65450470E+000
  0.65451270E+000
  0.65452068E+000
  0.65452854E+000
  0.65453619E+000
  0.65454359E+000
  0.65455069E+000
  0.65455747E+000
  0.65456392E+000
  0.65457004E+000
  0.65457584E+000
  0.65458132E+000
  0.65458649E+000
  0.65459137E+000
  0.65459597E+000
  0.65460030E+000
  0.65460436E+000
  0.65460819E+000
  0.65461178E+000
  0.65461516E+000
  0.65461835E+000
  0.65462138E+000
  0.65462426E+000
  0.65462702E+000
  0.65462965E+000
  0.65463216E+000
  0.65463454E+000
  0.65463678E+000
  0.65463886E+000
  0.65464079E+000
  0.65464255E+000
  0.65464372E+000
  0.65464404E+000
  0.65464407E+000
  0.65464399E+000
  0.65464385E+000
  0.65464368E+000
  0.65464348E+000
  0.65464326E+000
  0.65464304E+000
  0.65464280E+000
  0.65464256E+000
  0.65464232E+000
  0.65464208E+000
  0.65464184E+000
  0.65464162E+000
  0.65464140E+000
  0.65464119E+000
  0.65464099E+000
  0.65464081E+000
  0.65464064E+000
  0.65464048E+000
  0.65464034E+000
  0.65464021E+000
  0.65464009E+000
  0.65463999E+000
  0.65463990E+000
  0.65463982E+000
  0.65463975E+000
  0.65463970E+000
  0.65463965E+000
  0.65463961E+000
  0.65463959E+000
  0.65463957E+000
  0.65463955E+000
  0.65463955E+000
  0.65463955E+000
  0.65463955E+000
  0.65463956E+000
  0.65463958E+000
  0.65463959E+000
  0.65463961E+000
  0.65463964E+000
  0.65463966E+000
  0.65463969E+000
  0.65463971E+000
  0.65463974E+000
  0.65463977E+000
  0.65463980E+000
  0.65463983E+000
  0.65463986E+000
  0.65463989E+000
  0.65463991E+000
  0.65463994E+000
  0.65463997E+000
  0.65464000E+000
  0.65464002E+000
  0.65464004E+000
  0.65464007E+000
  0.65464009E+000
  0.65464011E+000
  0.65464013E+000
  0.65464015E+000
  0.65464017E+000
  0.65464019E+000
  0.65464021E+000
  0.65464022E+000
  0.65464024E+000
  0.65464025E+000
  0.65464027E+000
  0.65464028E+000
  0.65464029E+000
  0.65464030E+000
  0.65464031E+000
  0.65464032E+000
  0.65464033E+000
  0.65464034E+000
  0.65464035E+000
  0.65464036E+000
  0.65464036E+000
  0.65464037E+000
  0.65464038E+000
  0.65464038E+000
  0.65464039E+000
  0.65464039E+000
  0.65464039E+000
  0.65464040E+000
  0.65464040E+000
  0.65464040E+000
  0.65464041E+000
  0.65464041E+000
  0.65464041E+000
  0.65464041E+000
  0.65464041E+000
  0.65464042E+000
  0.65464042E+000
  0.65464042E+000
  0.65464042E+000
  0.65464042E+000
  0.65464042E+000
  0.65464042E+000
  0.65464042E+000
  0.65464042E+000
  0.65464042E+000
  0.65464042E+000
  0.65464042E+000
  0.65464042E+000
  0.65464042E+000
  0.65464042E+000
  0.65464042E+000
  0.65464042E+000
  0.65464041E+000
  0.65464041E+000
  0.65464041E+000
  0.65464041E+000
  0.65464041E+000
  0.65464041E+000
  0.65464041E+000
  0.65464041E+000
  0.65464041E+000
  0.65464040E+000
  0.65464040E+000
  0.65464040E+000
  0.65464040E+000
  0.65464040E+000
  0.65464041E+000
