  0.66899563E+000  0.84260325E+000  0.10925072E+001  0.21660884E+001
  0.67417141E+000  0.84027754E+000  0.10919931E+001  0.21657969E+001
  0.67463589E+000  0.84158953E+000  0.10919300E+001  0.21661576E+001
  0.67435827E+000  0.84328687E+000  0.10919274E+001  0.21664467E+001
  0.67392819E+000  0.84487541E+000  0.10919428E+001  0.21666700E+001
  0.67375411E+000  0.84597890E+000  0.10919807E+001  0.21668528E+001
  0.67382229E+000  0.84665552E+000  0.10920409E+001  0.21670047E+001
  0.67395584E+000  0.84712850E+000  0.10921173E+001  0.21671321E+001
  0.67409094E+000  0.84749249E+000  0.10922052E+001  0.21672397E+001
  0.67420788E+000  0.84778935E+000  0.10923011E+001  0.21673309E+001
  0.67430309E+000  0.84803932E+000  0.10924026E+001  0.21674094E+001
  0.67437870E+000  0.84825395E+000  0.10925065E+001  0.21674772E+001
  0.67443804E+000  0.84844063E+000  0.10926115E+001  0.21675363E+001
  0.67448393E+000  0.84860423E+000  0.10927166E+001  0.21675881E+001
  0.67451893E+000  0.84874846E+000  0.10928211E+001  0.21676337E+001
  0.67454517E+000  0.84887628E+000  0.10929241E+001  0.21676740E+001
  0.67456629E+000  0.84899210E+000  0.10930251E+001  0.21677093E+001
  0.67458071E+000  0.84909565E+000  0.10931241E+001  0.21677410E+001
  0.67458884E+000  0.84918755E+000  0.10932206E+001  0.21677692E+001
  0.67459229E+000  0.84926931E+000  0.10933140E+001  0.21677940E+001
  0.67459214E+000  0.84934201E+000  0.10934040E+001  0.21678159E+001
  0.67458927E+000  0.84940655E+000  0.10934906E+001  0.21678351E+001
  0.67458445E+000  0.84946371E+000  0.10935736E+001  0.21678521E+001
  0.67457836E+000  0.84951412E+000  0.10936529E+001  0.21678669E+001
  0.67457155E+000  0.84955834E+000  0.10937285E+001  0.21678799E+001
  0.67456452E+000  0.84959684E+000  0.10938005E+001  0.21678913E+001
  0.67455769E+000  0.84963004E+000  0.10938690E+001  0.21679012E+001
  0.67455142E+000  0.84965833E+000  0.10939338E+001  0.21679098E+001
  0.67454601E+000  0.84968206E+000  0.10939952E+001  0.21679172E+001
  0.67454167E+000  0.84970154E+000  0.10940532E+001  0.21679235E+001
  0.67453858E+000  0.84971708E+000  0.10941077E+001  0.21679289E+001
  0.67453687E+000  0.84972899E+000  0.10941590E+001  0.21679335E+001
  0.67453662E+000  0.84973754E+000  0.10942071E+001  0.21679373E+001
  0.67453799E+000  0.84974298E+000  0.10942521E+001  0.21679404E+001
  0.67454094E+000  0.84974563E+000  0.10942941E+001  0.21679429E+001
  0.67454542E+000  0.84974582E+000  0.10943332E+001  0.21679448E+001
  0.67455130E+000  0.84974387E+000  0.10943695E+001  0.21679463E+001
  0.67455847E+000  0.84974009E+000  0.10944032E+001  0.21679474E+001
  0.67456675E+000  0.84973479E+000  0.10944344E+001  0.21679481E+001
  0.67457598E+000  0.84972825E+000  0.10944632E+001  0.21679484E+001
  0.67458598E+000  0.84972075E+000  0.10944898E+001  0.21679485E+001
  0.67459656E+000  0.84971252E+000  0.10945142E+001  0.21679483E+001
  0.67460755E+000  0.84970378E+000  0.10945368E+001  0.21679479E+001
  0.67461877E+000  0.84969474E+000  0.10945575E+001  0.21679472E+001
  0.67463007E+000  0.84968555E+000  0.10945765E+001  0.21679463E+001
  0.67464130E+000  0.84967636E+000  0.10945940E+001  0.21679453E+001
  0.67465234E+000  0.84966729E+000  0.10946101E+001  0.21679441E+001
  0.67466309E+000  0.84965840E+000  0.10946249E+001  0.21679428E+001
  0.67467346E+000  0.84964978E+000  0.10946386E+001  0.21679414E+001
  0.67468338E+000  0.84964147E+000  0.10946512E+001  0.21679398E+001
  0.67469282E+000  0.84963349E+000  0.10946630E+001  0.21679381E+001
  0.67470173E+000  0.84962586E+000  0.10946740E+001  0.21679364E+001
  0.67471009E+000  0.84961858E+000  0.10946842E+001  0.21679345E+001
  0.67471790E+000  0.84961165E+000  0.10946939E+001  0.21679326E+001
  0.67472517E+000  0.84960506E+000  0.10947031E+001  0.21679306E+001
  0.67473191E+000  0.84959881E+000  0.10947118E+001  0.21679286E+001
  0.67473813E+000  0.84959289E+000  0.10947201E+001  0.21679266E+001
  0.67474385E+000  0.84958728E+000  0.10947281E+001  0.21679245E+001
  0.67474911E+000  0.84958198E+000  0.10947359E+001  0.21679225E+001
  0.67475391E+000  0.84957700E+000  0.10947435E+001  0.21679204E+001
  0.67475829E+000  0.84957232E+000  0.10947510E+001  0.21679183E+001
  0.67476225E+000  0.84956794E+000  0.10947583E+001  0.21679163E+001
  0.67476583E+000  0.84956385E+000  0.10947656E+001  0.21679144E+001
  0.67476903E+000  0.84956004E+000  0.10947728E+001  0.21679124E+001
  0.67477190E+000  0.84955651E+000  0.10947800E+001  0.21679106E+001
  0.67477446E+000  0.84955323E+000  0.10947873E+001  0.21679088E+001
  0.67477675E+000  0.84955023E+000  0.10947945E+001  0.21679071E+001
  0.67477877E+000  0.84954748E+000  0.10948017E+001  0.21679054E+001
  0.67478056E+000  0.84954501E+000  0.10948090E+001  0.21679039E+001
  0.67478212E+000  0.84954279E+000  0.10948164E+001  0.21679025E+001
  0.67478347E+000  0.84954083E+000  0.10948237E+001  0.21679011E+001
  0.67478463E+000  0.84953911E+000  0.10948312E+001  0.21678999E+001
  0.67478563E+000  0.84953762E+000  0.10948386E+001  0.21678988E+001
  0.67478648E+000  0.84953635E+000  0.10948462E+001  0.21678978E+001
  0.67478719E+000  0.84953529E+000  0.10948537E+001  0.21678970E+001
  0.67478778E+000  0.84953442E+000  0.10948613E+001  0.21678962E+001
  0.67478827E+000  0.84953375E+000  0.10948690E+001  0.21678956E+001
  0.67478868E+000  0.84953325E+000  0.10948766E+001  0.21678951E+001
  0.67478900E+000  0.84953291E+000  0.10948843E+001  0.21678948E+001
  0.67478926E+000  0.84953273E+000  0.10948919E+001  0.21678945E+001
  0.67478947E+000  0.84953268E+000  0.10948996E+001  0.21678944E+001
  0.67478963E+000  0.84953277E+000  0.10949073E+001  0.21678945E+001
  0.67478976E+000  0.84953298E+000  0.10949149E+001  0.21678946E+001
  0.67478986E+000  0.84953329E+000  0.10949225E+001  0.21678949E+001
  0.67478993E+000  0.84953371E+000  0.10949301E+001  0.21678953E+001
  0.67479000E+000  0.84953422E+000  0.10949377E+001  0.21678959E+001
  0.67479005E+000  0.84953480E+000  0.10949452E+001  0.21678965E+001
  0.67479009E+000  0.84953547E+000  0.10949526E+001  0.21678974E+001
  0.67479014E+000  0.84953619E+000  0.10949600E+001  0.21678983E+001
  0.67479018E+000  0.84953698E+000  0.10949674E+001  0.21678993E+001
  0.67479023E+000  0.84953782E+000  0.10949747E+001  0.21679005E+001
  0.67479028E+000  0.84953871E+000  0.10949819E+001  0.21679018E+001
  0.67479034E+000  0.84953964E+000  0.10949890E+001  0.21679033E+001
  0.67479041E+000  0.84954060E+000  0.10949960E+001  0.21679048E+001
  0.67479048E+000  0.84954159E+000  0.10950030E+001  0.21679065E+001
  0.67479057E+000  0.84954261E+000  0.10950098E+001  0.21679083E+001
  0.67479066E+000  0.84954365E+000  0.10950166E+001  0.21679102E+001
  0.67479076E+000  0.84954471E+000  0.10950233E+001  0.21679122E+001
  0.67479087E+000  0.84954578E+000  0.10950299E+001  0.21679143E+001
  0.67479099E+000  0.84954687E+000  0.10950364E+001  0.21679165E+001
  0.67479111E+000  0.84954796E+000  0.10950428E+001  0.21679189E+001
  0.67479125E+000  0.84954906E+000  0.10950491E+001  0.21679213E+001
  0.67479139E+000  0.84955015E+000  0.10950552E+001  0.21679239E+001
  0.67479153E+000  0.84955125E+000  0.10950613E+001  0.21679265E+001
  0.67479169E+000  0.84955235E+000  0.10950673E+001  0.21679293E+001
  0.67479184E+000  0.84955343E+000  0.10950732E+001  0.21679321E+001
  0.67479200E+000  0.84955452E+000  0.10950789E+001  0.21679351E+001
  0.67479217E+000  0.84955559E+000  0.10950845E+001  0.21679381E+001
  0.67479234E+000  0.84955666E+000  0.10950901E+001  0.21679412E+001
  0.67479251E+000  0.84955771E+000  0.10950955E+001  0.21679444E+001
  0.67479268E+000  0.84955875E+000  0.10951008E+001  0.21679477E+001
  0.67479285E+000  0.84955977E+000  0.10951060E+001  0.21679510E+001
  0.67479302E+000  0.84956078E+000  0.10951111E+001  0.21679545E+001
  0.67479320E+000  0.84956178E+000  0.10951161E+001  0.21679580E+001
  0.67479337E+000  0.84956275E+000  0.10951209E+001  0.21679615E+001
  0.67479354E+000  0.84956371E+000  0.10951257E+001  0.21679651E+001
  0.67479372E+000  0.84956465E+000  0.10951304E+001  0.21679688E+001
  0.67479389E+000  0.84956557E+000  0.10951349E+001  0.21679726E+001
  0.67479406E+000  0.84956648E+000  0.10951394E+001  0.21679763E+001
  0.67479422E+000  0.84956736E+000  0.10951437E+001  0.21679802E+001
  0.67479439E+000  0.84956822E+000  0.10951479E+001  0.21679841E+001
  0.67479455E+000  0.84956907E+000  0.10951520E+001  0.21679880E+001
  0.67479471E+000  0.84956989E+000  0.10951561E+001  0.21679919E+001
  0.67479487E+000  0.84957069E+000  0.10951600E+001  0.21679959E+001
  0.67479502E+000  0.84957147E+000  0.10951638E+001  0.21679999E+001
  0.67479517E+000  0.84957223E+000  0.10951676E+001  0.21680040E+001
  0.67479532E+000  0.84957297E+000  0.10951712E+001  0.21680080E+001
  0.67479547E+000  0.84957370E+000  0.10951747E+001  0.21680121E+001
  0.67479561E+000  0.84957440E+000  0.10951782E+001  0.21680162E+001
  0.67479575E+000  0.84957508E+000  0.10951816E+001  0.21680203E+001
  0.67479589E+000  0.84957574E+000  0.10951848E+001  0.21680245E+001
  0.67479602E+000  0.84957638E+000  0.10951880E+001  0.21680286E+001
  0.67479615E+000  0.84957700E+000  0.10951911E+001  0.21680327E+001
  0.67479627E+000  0.84957761E+000  0.10951941E+001  0.21680369E+001
  0.67479640E+000  0.84957819E+000  0.10951970E+001  0.21680410E+001
  0.67479651E+000  0.84957876E+000  0.10951999E+001  0.21680451E+001
  0.67479663E+000  0.84957931E+000  0.10952026E+001  0.21680493E+001
  0.67479674E+000  0.84957984E+000  0.10952053E+001  0.21680534E+001
  0.67479685E+000  0.84958035E+000  0.10952079E+001  0.21680575E+001
  0.67479696E+000  0.84958085E+000  0.10952104E+001  0.21680616E+001
  0.67479706E+000  0.84958133E+000  0.10952129E+001  0.21680656E+001
  0.67479716E+000  0.84958179E+000  0.10952153E+001  0.21680697E+001
  0.67479726E+000  0.84958224E+000  0.10952176E+001  0.21680737E+001
  0.67479735E+000  0.84958267E+000  0.10952198E+001  0.21680777E+001
  0.67479744E+000  0.84958309E+000  0.10952220E+001  0.21680817E+001
  0.67479753E+000  0.84958349E+000  0.10952241E+001  0.21680857E+001
  0.67479761E+000  0.84958388E+000  0.10952262E+001  0.21680896E+001
  0.67479769E+000  0.84958426E+000  0.10952281E+001  0.21680935E+001
  0.67479777E+000  0.84958462E+000  0.10952300E+001  0.21680974E+001
  0.67479785E+000  0.84958497E+000  0.10952319E+001  0.21681012E+001
  0.67479792E+000  0.84958530E+000  0.10952337E+001  0.21681050E+001
  0.67479800E+000  0.84958563E+000  0.10952354E+001  0.21681088E+001
  0.67479807E+000  0.84958594E+000  0.10952371E+001  0.21681125E+001
  0.67479813E+000  0.84958624E+000  0.10952388E+001  0.21681162E+001
  0.67479820E+000  0.84958653E+000  0.10952403E+001  0.21681198E+001
  0.67479826E+000  0.84958681E+000  0.10952419E+001  0.21681234E+001
  0.67479832E+000  0.84958708E+000  0.10952433E+001  0.21681270E+001
  0.67479838E+000  0.84958733E+000  0.10952448E+001  0.21681305E+001
  0.67479843E+000  0.84958758E+000  0.10952461E+001  0.21681340E+001
  0.67479849E+000  0.84958782E+000  0.10952475E+001  0.21681374E+001
  0.67479854E+000  0.84958805E+000  0.10952488E+001  0.21681408E+001
  0.67479859E+000  0.84958827E+000  0.10952500E+001  0.21681442E+001
  0.67479864E+000  0.84958848E+000  0.10952512E+001  0.21681475E+001
  0.67479868E+000  0.84958868E+000  0.10952524E+001  0.21681507E+001
  0.67479873E+000  0.84958888E+000  0.10952535E+001  0.21681539E+001
  0.67479877E+000  0.84958907E+000  0.10952546E+001  0.21681571E+001
  0.67479881E+000  0.84958925E+000  0.10952556E+001  0.21681602E+001
  0.67479885E+000  0.84958942E+000  0.10952566E+001  0.21681632E+001
  0.67479889E+000  0.84958959E+000  0.10952576E+001  0.21681662E+001
  0.67479893E+000  0.84958974E+000  0.10952585E+001  0.21681692E+001
  0.67479896E+000  0.84958990E+000  0.10952594E+001  0.21681721E+001
  0.67479900E+000  0.84959004E+000  0.10952603E+001  0.21681750E+001
  0.67479903E+000  0.84959019E+000  0.10952611E+001  0.21681778E+001
  0.67479906E+000  0.84959032E+000  0.10952619E+001  0.21681806E+001
  0.67479909E+000  0.84959045E+000  0.10952627E+001  0.21681833E+001
  0.67479912E+000  0.84959058E+000  0.10952635E+001  0.21681859E+001
  0.67479915E+000  0.84959070E+000  0.10952642E+001  0.21681886E+001
  0.67479917E+000  0.84959081E+000  0.10952649E+001  0.21681911E+001
  0.67479920E+000  0.84959092E+000  0.10952656E+001  0.21681936E+001
  0.67479922E+000  0.84959103E+000  0.10952662E+001  0.21681961E+001
  0.67479925E+000  0.84959113E+000  0.10952669E+001  0.21681985E+001
  0.67479927E+000  0.84959123E+000  0.10952675E+001  0.21682009E+001
  0.67479929E+000  0.84959132E+000  0.10952680E+001  0.21682033E+001
  0.67479931E+000  0.84959141E+000  0.10952686E+001  0.21682055E+001
  0.67479933E+000  0.84959150E+000  0.10952691E+001  0.21682078E+001
  0.67479934E+000  0.84959158E+000  0.10952696E+001  0.21682100E+001
  0.67479936E+000  0.84959166E+000  0.10952701E+001  0.21682121E+001
  0.67479938E+000  0.84959173E+000  0.10952706E+001  0.21682142E+001
  0.67479939E+000  0.84959181E+000  0.10952711E+001  0.21682162E+001
  0.67479940E+000  0.84959188E+000  0.10952715E+001  0.21682182E+001
  0.67479942E+000  0.84959195E+000  0.10952720E+001  0.21682202E+001
  0.67479943E+000  0.84959202E+000  0.10952724E+001  0.21682221E+001
  0.67479944E+000  0.84959208E+000  0.10952728E+001  0.21682240E+001
  0.67479945E+000  0.84959214E+000  0.10952732E+001  0.21682258E+001
  0.67479945E+000  0.84959220E+000  0.10952735E+001  0.21682276E+001
  0.67479946E+000  0.84959226E+000  0.10952739E+001  0.21682293E+001
  0.67479947E+000  0.84959232E+000  0.10952742E+001  0.21682311E+001
  0.67479947E+000  0.84959237E+000  0.10952745E+001  0.21682327E+001
  0.67479948E+000  0.84959242E+000  0.10952749E+001  0.21682343E+001
  0.67479948E+000  0.84959246E+000  0.10952752E+001  0.21682359E+001
