 -0.33862844E+000
 -0.33979964E+000
 -0.33906522E+000
 -0.33846537E+000
 -0.33800094E+000
 -0.33762495E+000
 -0.33731441E+000
 -0.33705371E+000
 -0.33683385E+000
 -0.33664772E+000
 -0.33648930E+000
 -0.33635300E+000
 -0.33623440E+000
 -0.33613086E+000
 -0.33604013E+000
 -0.33596036E+000
 -0.33589005E+000
 -0.33582795E+000
 -0.33577295E+000
 -0.33572416E+000
 -0.33568084E+000
 -0.33564234E+000
 -0.33560813E+000
 -0.33557771E+000
 -0.33555072E+000
 -0.33552674E+000
 -0.33550547E+000
 -0.33548666E+000
 -0.33547004E+000
 -0.33545539E+000
 -0.33544252E+000
 -0.33543122E+000
 -0.33542134E+000
 -0.33541273E+000
 -0.33540524E+000
 -0.33539875E+000
 -0.33539315E+000
 -0.33538834E+000
 -0.33538422E+000
 -0.33538072E+000
 -0.33537777E+000
 -0.33537530E+000
 -0.33537327E+000
 -0.33537161E+000
 -0.33537030E+000
 -0.33536929E+000
 -0.33536856E+000
 -0.33536808E+000
 -0.33536782E+000
 -0.33536778E+000
 -0.33536792E+000
 -0.33536824E+000
 -0.33536873E+000
 -0.33536937E+000
 -0.33537016E+000
 -0.33537108E+000
 -0.33537213E+000
 -0.33537331E+000
 -0.33537459E+000
 -0.33537599E+000
 -0.33537749E+000
 -0.33537908E+000
 -0.33538077E+000
 -0.33538255E+000
 -0.33538440E+000
 -0.33538634E+000
 -0.33538835E+000
 -0.33539043E+000
 -0.33539258E+000
 -0.33539480E+000
 -0.33539708E+000
 -0.33539942E+000
 -0.33540182E+000
 -0.33540427E+000
 -0.33540678E+000
 -0.33540935E+000
 -0.33541196E+000
 -0.33541462E+000
 -0.33541733E+000
 -0.33542008E+000
 -0.33542288E+000
 -0.33542572E+000
 -0.33542859E+000
 -0.33543151E+000
 -0.33543446E+000
 -0.33543744E+000
 -0.33544045E+000
 -0.33544349E+000
 -0.33544656E+000
 -0.33544965E+000
 -0.33545276E+000
 -0.33545589E+000
 -0.33545904E+000
 -0.33546220E+000
 -0.33546537E+000
 -0.33546855E+000
 -0.33547174E+000
 -0.33547494E+000
 -0.33547813E+000
 -0.33548133E+000
 -0.33548452E+000
 -0.33548771E+000
 -0.33549090E+000
 -0.33549408E+000
 -0.33549724E+000
 -0.33550040E+000
 -0.33550354E+000
 -0.33550666E+000
 -0.33550977E+000
 -0.33551286E+000
 -0.33551592E+000
 -0.33551897E+000
 -0.33552199E+000
 -0.33552499E+000
 -0.33552797E+000
 -0.33553091E+000
 -0.33553383E+000
 -0.33553672E+000
 -0.33553959E+000
 -0.33554242E+000
 -0.33554522E+000
 -0.33554798E+000
 -0.33555072E+000
 -0.33555342E+000
 -0.33555609E+000
 -0.33555873E+000
 -0.33556133E+000
 -0.33556389E+000
 -0.33556642E+000
 -0.33556891E+000
 -0.33557137E+000
 -0.33557379E+000
 -0.33557618E+000
 -0.33557853E+000
 -0.33558084E+000
 -0.33558312E+000
 -0.33558536E+000
 -0.33558756E+000
 -0.33558973E+000
 -0.33559186E+000
 -0.33559395E+000
 -0.33559601E+000
 -0.33559803E+000
 -0.33560001E+000
 -0.33560196E+000
 -0.33560388E+000
 -0.33560576E+000
 -0.33560760E+000
 -0.33560941E+000
 -0.33561118E+000
 -0.33561292E+000
 -0.33561463E+000
 -0.33561630E+000
 -0.33561794E+000
 -0.33561954E+000
 -0.33562111E+000
 -0.33562265E+000
 -0.33562416E+000
 -0.33562564E+000
 -0.33562708E+000
 -0.33562850E+000
 -0.33562988E+000
 -0.33563123E+000
 -0.33563256E+000
 -0.33563385E+000
 -0.33563512E+000
 -0.33563636E+000
 -0.33563757E+000
 -0.33563875E+000
 -0.33563990E+000
 -0.33564103E+000
 -0.33564213E+000
 -0.33564321E+000
 -0.33564426E+000
 -0.33564529E+000
 -0.33564629E+000
 -0.33564727E+000
 -0.33564822E+000
 -0.33564915E+000
 -0.33565006E+000
 -0.33565094E+000
 -0.33565180E+000
 -0.33565264E+000
 -0.33565346E+000
 -0.33565426E+000
 -0.33565504E+000
 -0.33565580E+000
 -0.33565654E+000
 -0.33565726E+000
 -0.33565796E+000
 -0.33565864E+000
 -0.33565930E+000
 -0.33565995E+000
 -0.33566058E+000
 -0.33566119E+000
 -0.33566179E+000
 -0.33566237E+000
 -0.33566293E+000
 -0.33566348E+000
 -0.33566402E+000
