  0.95353694E+000
  0.95320131E+000
  0.95287371E+000
  0.95260741E+000
  0.95239775E+000
  0.95222023E+000
  0.95206617E+000
  0.95193178E+000
  0.95181348E+000
  0.95170854E+000
  0.95161513E+000
  0.95153200E+000
  0.95145790E+000
  0.95139173E+000
  0.95133256E+000
  0.95127958E+000
  0.95123214E+000
  0.95118959E+000
  0.95115128E+000
  0.95111675E+000
  0.95108559E+000
  0.95105744E+000
  0.95103198E+000
  0.95100893E+000
  0.95098805E+000
  0.95096915E+000
  0.95095202E+000
  0.95093650E+000
  0.95092244E+000
  0.95090968E+000
  0.95089812E+000
  0.95088764E+000
  0.95087812E+000
  0.95086949E+000
  0.95086164E+000
  0.95085451E+000
  0.95084802E+000
  0.95084211E+000
  0.95083672E+000
  0.95083180E+000
  0.95082731E+000
  0.95082320E+000
  0.95081944E+000
  0.95081599E+000
  0.95081284E+000
  0.95080995E+000
  0.95080730E+000
  0.95080488E+000
  0.95080266E+000
  0.95080062E+000
  0.95079876E+000
  0.95079706E+000
  0.95079550E+000
  0.95079408E+000
  0.95079277E+000
  0.95079156E+000
  0.95079045E+000
  0.95078942E+000
  0.95078846E+000
  0.95078755E+000
  0.95078669E+000
  0.95078587E+000
  0.95078508E+000
  0.95078430E+000
  0.95078354E+000
  0.95078278E+000
  0.95078202E+000
  0.95078126E+000
  0.95078049E+000
  0.95077970E+000
  0.95077891E+000
  0.95077809E+000
  0.95077726E+000
  0.95077640E+000
  0.95077553E+000
  0.95077464E+000
  0.95077373E+000
  0.95077280E+000
  0.95077186E+000
  0.95077090E+000
  0.95076992E+000
  0.95076894E+000
  0.95076794E+000
  0.95076693E+000
  0.95076591E+000
  0.95076488E+000
  0.95076385E+000
  0.95076281E+000
  0.95076178E+000
  0.95076074E+000
  0.95075970E+000
  0.95075866E+000
  0.95075762E+000
  0.95075659E+000
  0.95075556E+000
  0.95075453E+000
  0.95075352E+000
  0.95075251E+000
  0.95075151E+000
  0.95075051E+000
  0.95074953E+000
  0.95074856E+000
  0.95074760E+000
  0.95074665E+000
  0.95074571E+000
  0.95074479E+000
  0.95074387E+000
  0.95074297E+000
  0.95074209E+000
  0.95074122E+000
  0.95074036E+000
  0.95073952E+000
  0.95073869E+000
  0.95073787E+000
  0.95073707E+000
  0.95073629E+000
  0.95073552E+000
  0.95073476E+000
  0.95073402E+000
  0.95073329E+000
  0.95073258E+000
  0.95073188E+000
  0.95073120E+000
  0.95073053E+000
  0.95072987E+000
  0.95072923E+000
  0.95072860E+000
  0.95072799E+000
  0.95072739E+000
  0.95072681E+000
  0.95072623E+000
  0.95072567E+000
  0.95072513E+000
  0.95072460E+000
  0.95072408E+000
  0.95072357E+000
  0.95072307E+000
  0.95072259E+000
  0.95072212E+000
  0.95072166E+000
  0.95072121E+000
  0.95072077E+000
  0.95072035E+000
  0.95071993E+000
  0.95071953E+000
  0.95071914E+000
  0.95071875E+000
  0.95071838E+000
  0.95071802E+000
  0.95071767E+000
  0.95071732E+000
  0.95071699E+000
  0.95071667E+000
  0.95071635E+000
  0.95071604E+000
  0.95071575E+000
  0.95071546E+000
  0.95071517E+000
  0.95071490E+000
  0.95071464E+000
  0.95071438E+000
  0.95071413E+000
  0.95071388E+000
  0.95071365E+000
  0.95071342E+000
  0.95071320E+000
  0.95071298E+000
  0.95071277E+000
  0.95071257E+000
  0.95071237E+000
  0.95071218E+000
  0.95071200E+000
  0.95071182E+000
  0.95071165E+000
  0.95071148E+000
  0.95071131E+000
  0.95071116E+000
  0.95071100E+000
  0.95071086E+000
  0.95071071E+000
  0.95071057E+000
  0.95071044E+000
  0.95071031E+000
  0.95071018E+000
  0.95071006E+000
  0.95070994E+000
  0.95070983E+000
  0.95070972E+000
  0.95070961E+000
  0.95070951E+000
  0.95070941E+000
  0.95070931E+000
  0.95070922E+000
  0.95070913E+000
  0.95070904E+000
  0.95070896E+000
  0.95070888E+000
  0.95070880E+000
  0.95070873E+000
  0.95070866E+000
