 -0.12433774E+000  0.73259015E-001  0.45422249E+001  0.47333624E+002
 -0.12508088E+000  0.71914345E-001  0.45388675E+001  0.47328664E+002
 -0.12556324E+000  0.71097612E-001  0.45364951E+001  0.47325004E+002
 -0.12591607E+000  0.70536521E-001  0.45346329E+001  0.47322041E+002
 -0.12617604E+000  0.70146204E-001  0.45331439E+001  0.47319592E+002
 -0.12633178E+000  0.69868477E-001  0.45319523E+001  0.47317553E+002
 -0.12642431E+000  0.69698623E-001  0.45310038E+001  0.47315847E+002
 -0.12647911E+000  0.69620163E-001  0.45302553E+001  0.47314417E+002
 -0.12650400E+000  0.69607743E-001  0.45296719E+001  0.47313214E+002
 -0.12650521E+000  0.69641929E-001  0.45292251E+001  0.47312200E+002
 -0.12648766E+000  0.69708398E-001  0.45288920E+001  0.47311346E+002
 -0.12645529E+000  0.69796724E-001  0.45286538E+001  0.47310626E+002
 -0.12641143E+000  0.69899082E-001  0.45284947E+001  0.47310019E+002
 -0.12635877E+000  0.70009930E-001  0.45284014E+001  0.47309507E+002
 -0.12629948E+000  0.70125403E-001  0.45283631E+001  0.47309077E+002
 -0.12623533E+000  0.70242847E-001  0.45283708E+001  0.47308716E+002
 -0.12616776E+000  0.70360447E-001  0.45284169E+001  0.47308414E+002
 -0.12609795E+000  0.70476970E-001  0.45284954E+001  0.47308164E+002
 -0.12602681E+000  0.70591639E-001  0.45286010E+001  0.47307957E+002
 -0.12595508E+000  0.70703961E-001  0.45287294E+001  0.47307788E+002
 -0.12588337E+000  0.70813630E-001  0.45288767E+001  0.47307651E+002
 -0.12581216E+000  0.70920463E-001  0.45290399E+001  0.47307544E+002
 -0.12574184E+000  0.71024352E-001  0.45292162E+001  0.47307461E+002
 -0.12567273E+000  0.71125265E-001  0.45294032E+001  0.47307400E+002
 -0.12560507E+000  0.71223168E-001  0.45295988E+001  0.47307357E+002
 -0.12553908E+000  0.71318029E-001  0.45298013E+001  0.47307331E+002
 -0.12547493E+000  0.71409822E-001  0.45300088E+001  0.47307319E+002
 -0.12541275E+000  0.71498522E-001  0.45302200E+001  0.47307319E+002
 -0.12535267E+000  0.71584104E-001  0.45304335E+001  0.47307330E+002
 -0.12529476E+000  0.71666542E-001  0.45306481E+001  0.47307349E+002
 -0.12523908E+000  0.71745808E-001  0.45308626E+001  0.47307376E+002
 -0.12518568E+000  0.71821880E-001  0.45310761E+001  0.47307409E+002
 -0.12513458E+000  0.71894739E-001  0.45312876E+001  0.47307448E+002
 -0.12508580E+000  0.71964374E-001  0.45314963E+001  0.47307490E+002
 -0.12503931E+000  0.72030781E-001  0.45317015E+001  0.47307536E+002
 -0.12499510E+000  0.72093968E-001  0.45319026E+001  0.47307585E+002
 -0.12495314E+000  0.72153950E-001  0.45320989E+001  0.47307636E+002
 -0.12491338E+000  0.72210759E-001  0.45322901E+001  0.47307689E+002
 -0.12487576E+000  0.72264434E-001  0.45324757E+001  0.47307743E+002
 -0.12484021E+000  0.72315030E-001  0.45326554E+001  0.47307799E+002
 -0.12480667E+000  0.72362611E-001  0.45328291E+001  0.47307855E+002
 -0.12477506E+000  0.72407256E-001  0.45329966E+001  0.47307912E+002
 -0.12474530E+000  0.72449050E-001  0.45331579E+001  0.47307970E+002
 -0.12471730E+000  0.72488091E-001  0.45333130E+001  0.47308028E+002
 -0.12469099E+000  0.72524483E-001  0.45334620E+001  0.47308088E+002
 -0.12466627E+000  0.72558340E-001  0.45336050E+001  0.47308148E+002
 -0.12464307E+000  0.72589780E-001  0.45337424E+001  0.47308210E+002
 -0.12462131E+000  0.72618925E-001  0.45338743E+001  0.47308274E+002
 -0.12460092E+000  0.72645904E-001  0.45340011E+001  0.47308339E+002
 -0.12458182E+000  0.72670844E-001  0.45341231E+001  0.47308406E+002
 -0.12456394E+000  0.72693878E-001  0.45342407E+001  0.47308475E+002
 -0.12454723E+000  0.72715136E-001  0.45343543E+001  0.47308546E+002
 -0.12453161E+000  0.72734749E-001  0.45344643E+001  0.47308620E+002
 -0.12451705E+000  0.72752844E-001  0.45345711E+001  0.47308697E+002
 -0.12450347E+000  0.72769548E-001  0.45346751E+001  0.47308778E+002
 -0.12449084E+000  0.72784983E-001  0.45347766E+001  0.47308861E+002
 -0.12447911E+000  0.72799265E-001  0.45348761E+001  0.47308948E+002
 -0.12446823E+000  0.72812509E-001  0.45349739E+001  0.47309039E+002
 -0.12445815E+000  0.72824821E-001  0.45350704E+001  0.47309133E+002
 -0.12444885E+000  0.72836300E-001  0.45351658E+001  0.47309232E+002
 -0.12444026E+000  0.72847042E-001  0.45352603E+001  0.47309334E+002
 -0.12443237E+000  0.72857133E-001  0.45353544E+001  0.47309441E+002
 -0.12442512E+000  0.72866653E-001  0.45354481E+001  0.47309552E+002
 -0.12441848E+000  0.72875675E-001  0.45355418E+001  0.47309667E+002
 -0.12441241E+000  0.72884263E-001  0.45356355E+001  0.47309787E+002
 -0.12440688E+000  0.72892477E-001  0.45357294E+001  0.47309911E+002
 -0.12440184E+000  0.72900369E-001  0.45358236E+001  0.47310039E+002
 -0.12439727E+000  0.72907984E-001  0.45359183E+001  0.47310171E+002
 -0.12439313E+000  0.72915362E-001  0.45360135E+001  0.47310308E+002
 -0.12438938E+000  0.72922538E-001  0.45361093E+001  0.47310449E+002
 -0.12438600E+000  0.72929540E-001  0.45362057E+001  0.47310595E+002
 -0.12438296E+000  0.72936393E-001  0.45363028E+001  0.47310745E+002
 -0.12438021E+000  0.72943119E-001  0.45364005E+001  0.47310898E+002
 -0.12437775E+000  0.72949734E-001  0.45364989E+001  0.47311056E+002
 -0.12437553E+000  0.72956252E-001  0.45365979E+001  0.47311218E+002
 -0.12437354E+000  0.72962685E-001  0.45366976E+001  0.47311384E+002
 -0.12437176E+000  0.72969042E-001  0.45367978E+001  0.47311554E+002
 -0.12437015E+000  0.72975330E-001  0.45368986E+001  0.47311727E+002
 -0.12436870E+000  0.72981553E-001  0.45369999E+001  0.47311904E+002
 -0.12436740E+000  0.72987716E-001  0.45371015E+001  0.47312085E+002
 -0.12436622E+000  0.72993821E-001  0.45372036E+001  0.47312269E+002
 -0.12436515E+000  0.72999870E-001  0.45373059E+001  0.47312457E+002
 -0.12436417E+000  0.73005864E-001  0.45374084E+001  0.47312648E+002
 -0.12436327E+000  0.73011802E-001  0.45375110E+001  0.47312842E+002
 -0.12436245E+000  0.73017684E-001  0.45376136E+001  0.47313039E+002
 -0.12436169E+000  0.73023508E-001  0.45377161E+001  0.47313239E+002
 -0.12436098E+000  0.73029275E-001  0.45378184E+001  0.47313442E+002
 -0.12436032E+000  0.73034982E-001  0.45379205E+001  0.47313648E+002
 -0.12435969E+000  0.73040628E-001  0.45380222E+001  0.47313856E+002
 -0.12435909E+000  0.73046210E-001  0.45381234E+001  0.47314067E+002
 -0.12435852E+000  0.73051727E-001  0.45382240E+001  0.47314280E+002
 -0.12435798E+000  0.73057177E-001  0.45383240E+001  0.47314496E+002
 -0.12435745E+000  0.73062558E-001  0.45384232E+001  0.47314714E+002
 -0.12435694E+000  0.73067868E-001  0.45385215E+001  0.47314934E+002
 -0.12435644E+000  0.73073104E-001  0.45386188E+001  0.47315156E+002
 -0.12435595E+000  0.73078265E-001  0.45387151E+001  0.47315379E+002
 -0.12435548E+000  0.73083350E-001  0.45388103E+001  0.47315605E+002
 -0.12435501E+000  0.73088355E-001  0.45389043E+001  0.47315832E+002
 -0.12435455E+000  0.73093281E-001  0.45389970E+001  0.47316060E+002
 -0.12435410E+000  0.73098124E-001  0.45390884E+001  0.47316290E+002
 -0.12435365E+000  0.73102884E-001  0.45391783E+001  0.47316520E+002
 -0.12435321E+000  0.73107558E-001  0.45392668E+001  0.47316752E+002
 -0.12435278E+000  0.73112147E-001  0.45393538E+001  0.47316985E+002
 -0.12435236E+000  0.73116649E-001  0.45394392E+001  0.47317219E+002
 -0.12435193E+000  0.73121062E-001  0.45395230E+001  0.47317453E+002
 -0.12435152E+000  0.73125386E-001  0.45396052E+001  0.47317687E+002
 -0.12435111E+000  0.73129621E-001  0.45396857E+001  0.47317923E+002
 -0.12435071E+000  0.73133765E-001  0.45397646E+001  0.47318158E+002
 -0.12435032E+000  0.73137818E-001  0.45398417E+001  0.47318393E+002
 -0.12434993E+000  0.73141780E-001  0.45399172E+001  0.47318629E+002
 -0.12434955E+000  0.73145651E-001  0.45399909E+001  0.47318864E+002
 -0.12434918E+000  0.73149430E-001  0.45400628E+001  0.47319099E+002
 -0.12434881E+000  0.73153118E-001  0.45401331E+001  0.47319333E+002
 -0.12434845E+000  0.73156715E-001  0.45402016E+001  0.47319568E+002
 -0.12434810E+000  0.73160221E-001  0.45402684E+001  0.47319801E+002
 -0.12434776E+000  0.73163637E-001  0.45403335E+001  0.47320034E+002
 -0.12434742E+000  0.73166963E-001  0.45403968E+001  0.47320265E+002
 -0.12434709E+000  0.73170200E-001  0.45404585E+001  0.47320496E+002
 -0.12434677E+000  0.73173348E-001  0.45405186E+001  0.47320726E+002
 -0.12434646E+000  0.73176409E-001  0.45405769E+001  0.47320954E+002
 -0.12434616E+000  0.73179383E-001  0.45406337E+001  0.47321182E+002
 -0.12434586E+000  0.73182271E-001  0.45406888E+001  0.47321407E+002
 -0.12434557E+000  0.73185075E-001  0.45407423E+001  0.47321632E+002
 -0.12434529E+000  0.73187796E-001  0.45407943E+001  0.47321854E+002
 -0.12434502E+000  0.73190434E-001  0.45408448E+001  0.47322075E+002
 -0.12434475E+000  0.73192992E-001  0.45408937E+001  0.47322295E+002
 -0.12434450E+000  0.73195470E-001  0.45409412E+001  0.47322512E+002
 -0.12434425E+000  0.73197870E-001  0.45409872E+001  0.47322728E+002
 -0.12434401E+000  0.73200194E-001  0.45410318E+001  0.47322942E+002
 -0.12434377E+000  0.73202442E-001  0.45410750E+001  0.47323153E+002
 -0.12434354E+000  0.73204617E-001  0.45411169E+001  0.47323363E+002
 -0.12434332E+000  0.73206720E-001  0.45411574E+001  0.47323570E+002
 -0.12434311E+000  0.73208752E-001  0.45411966E+001  0.47323775E+002
 -0.12434291E+000  0.73210716E-001  0.45412346E+001  0.47323978E+002
 -0.12434271E+000  0.73212612E-001  0.45412713E+001  0.47324179E+002
 -0.12434251E+000  0.73214443E-001  0.45413068E+001  0.47324377E+002
 -0.12434233E+000  0.73216209E-001  0.45413411E+001  0.47324573E+002
 -0.12434215E+000  0.73217913E-001  0.45413743E+001  0.47324766E+002
 -0.12434198E+000  0.73219557E-001  0.45414063E+001  0.47324957E+002
 -0.12434181E+000  0.73221141E-001  0.45414373E+001  0.47325145E+002
 -0.12434165E+000  0.73222668E-001  0.45414672E+001  0.47325331E+002
 -0.12434149E+000  0.73224139E-001  0.45414960E+001  0.47325515E+002
 -0.12434134E+000  0.73225556E-001  0.45415239E+001  0.47325695E+002
 -0.12434120E+000  0.73226920E-001  0.45415508E+001  0.47325874E+002
 -0.12434106E+000  0.73228233E-001  0.45415768E+001  0.47326049E+002
 -0.12434092E+000  0.73229496E-001  0.45416018E+001  0.47326222E+002
 -0.12434079E+000  0.73230711E-001  0.45416259E+001  0.47326392E+002
 -0.12434067E+000  0.73231880E-001  0.45416492E+001  0.47326560E+002
 -0.12434055E+000  0.73233004E-001  0.45416716E+001  0.47326725E+002
 -0.12434043E+000  0.73234084E-001  0.45416932E+001  0.47326887E+002
 -0.12434032E+000  0.73235122E-001  0.45417141E+001  0.47327047E+002
 -0.12434022E+000  0.73236119E-001  0.45417341E+001  0.47327204E+002
 -0.12434011E+000  0.73237077E-001  0.45417535E+001  0.47327358E+002
 -0.12434001E+000  0.73237996E-001  0.45417721E+001  0.47327510E+002
 -0.12433992E+000  0.73238879E-001  0.45417900E+001  0.47327659E+002
 -0.12433983E+000  0.73239727E-001  0.45418072E+001  0.47327805E+002
 -0.12433974E+000  0.73240540E-001  0.45418238E+001  0.47327949E+002
 -0.12433966E+000  0.73241320E-001  0.45418398E+001  0.47328090E+002
 -0.12433958E+000  0.73242069E-001  0.45418551E+001  0.47328228E+002
 -0.12433950E+000  0.73242787E-001  0.45418699E+001  0.47328364E+002
 -0.12433943E+000  0.73243475E-001  0.45418841E+001  0.47328497E+002
 -0.12433936E+000  0.73244135E-001  0.45418978E+001  0.47328628E+002
 -0.12433929E+000  0.73244767E-001  0.45419109E+001  0.47328756E+002
 -0.12433922E+000  0.73245374E-001  0.45419236E+001  0.47328882E+002
 -0.12433916E+000  0.73245954E-001  0.45419357E+001  0.47329005E+002
 -0.12433910E+000  0.73246511E-001  0.45419473E+001  0.47329125E+002
 -0.12433904E+000  0.73247044E-001  0.45419585E+001  0.47329244E+002
 -0.12433899E+000  0.73247555E-001  0.45419693E+001  0.47329359E+002
 -0.12433893E+000  0.73248044E-001  0.45419796E+001  0.47329473E+002
 -0.12433888E+000  0.73248512E-001  0.45419896E+001  0.47329583E+002
 -0.12433883E+000  0.73248961E-001  0.45419991E+001  0.47329692E+002
 -0.12433879E+000  0.73249390E-001  0.45420083E+001  0.47329798E+002
 -0.12433874E+000  0.73249801E-001  0.45420170E+001  0.47329902E+002
 -0.12433870E+000  0.73250194E-001  0.45420255E+001  0.47330004E+002
 -0.12433866E+000  0.73250570E-001  0.45420336E+001  0.47330103E+002
 -0.12433862E+000  0.73250930E-001  0.45420413E+001  0.47330200E+002
 -0.12433858E+000  0.73251275E-001  0.45420488E+001  0.47330295E+002
 -0.12433855E+000  0.73251605E-001  0.45420560E+001  0.47330387E+002
 -0.12433851E+000  0.73251920E-001  0.45420628E+001  0.47330478E+002
 -0.12433848E+000  0.73252222E-001  0.45420694E+001  0.47330567E+002
 -0.12433845E+000  0.73252511E-001  0.45420757E+001  0.47330653E+002
 -0.12433842E+000  0.73252787E-001  0.45420818E+001  0.47330737E+002
 -0.12433839E+000  0.73253051E-001  0.45420876E+001  0.47330820E+002
 -0.12433836E+000  0.73253305E-001  0.45420932E+001  0.47330900E+002
 -0.12433833E+000  0.73253547E-001  0.45420985E+001  0.47330978E+002
 -0.12433831E+000  0.73253779E-001  0.45421036E+001  0.47331055E+002
 -0.12433828E+000  0.73254001E-001  0.45421086E+001  0.47331129E+002
 -0.12433826E+000  0.73254214E-001  0.45421133E+001  0.47331202E+002
 -0.12433824E+000  0.73254417E-001  0.45421178E+001  0.47331273E+002
 -0.12433822E+000  0.73254613E-001  0.45421222E+001  0.47331342E+002
 -0.12433820E+000  0.73254801E-001  0.45421264E+001  0.47331410E+002
 -0.12433818E+000  0.73254981E-001  0.45421304E+001  0.47331476E+002
 -0.12433816E+000  0.73255154E-001  0.45421342E+001  0.47331540E+002
 -0.12433814E+000  0.73255321E-001  0.45421380E+001  0.47331602E+002
 -0.12433812E+000  0.73255482E-001  0.45421415E+001  0.47331663E+002
 -0.12433811E+000  0.73255637E-001  0.45421450E+001  0.47331722E+002
 -0.12433809E+000  0.73255787E-001  0.45421483E+001  0.47331780E+002
 -0.12433807E+000  0.73255932E-001  0.45421515E+001  0.47331836E+002
 -0.12433806E+000  0.73256075E-001  0.45421547E+001  0.47331891E+002
 -0.12433804E+000  0.73256214E-001  0.45421577E+001  0.47331944E+002
