  0.82917970E+000
  0.82883079E+000
  0.82852719E+000
  0.82823834E+000
  0.82798798E+000
  0.82777381E+000
  0.82759918E+000
  0.82744428E+000
  0.82731485E+000
  0.82720205E+000
  0.82710038E+000
  0.82701650E+000
  0.82694305E+000
  0.82687450E+000
  0.82682420E+000
  0.82677702E+000
  0.82673566E+000
  0.82669881E+000
  0.82666563E+000
  0.82663640E+000
  0.82661015E+000
  0.82658737E+000
  0.82656725E+000
  0.82654926E+000
  0.82653310E+000
  0.82651856E+000
  0.82650542E+000
  0.82649352E+000
  0.82648269E+000
  0.82647279E+000
  0.82646371E+000
  0.82645533E+000
  0.82644743E+000
  0.82644020E+000
  0.82643348E+000
  0.82642708E+000
  0.82642118E+000
  0.82641566E+000
  0.82641046E+000
  0.82640552E+000
  0.82640082E+000
  0.82639634E+000
  0.82639206E+000
  0.82638797E+000
  0.82638406E+000
  0.82638033E+000
  0.82637679E+000
  0.82637342E+000
  0.82637022E+000
  0.82636722E+000
  0.82636440E+000
  0.82636180E+000
  0.82635933E+000
  0.82635694E+000
  0.82635469E+000
  0.82635252E+000
  0.82635039E+000
  0.82634834E+000
  0.82634638E+000
  0.82634452E+000
  0.82634275E+000
  0.82634107E+000
  0.82633947E+000
  0.82633795E+000
  0.82633650E+000
  0.82633512E+000
  0.82633381E+000
  0.82633257E+000
  0.82633138E+000
  0.82633025E+000
  0.82632918E+000
  0.82632816E+000
  0.82632719E+000
  0.82632627E+000
  0.82632539E+000
  0.82632456E+000
  0.82632378E+000
  0.82632303E+000
  0.82632233E+000
  0.82632166E+000
  0.82632103E+000
  0.82632043E+000
  0.82631986E+000
  0.82631933E+000
  0.82631882E+000
  0.82631835E+000
  0.82631790E+000
  0.82631747E+000
  0.82631707E+000
  0.82631668E+000
  0.82631632E+000
  0.82631598E+000
  0.82631565E+000
  0.82631534E+000
  0.82631505E+000
  0.82631476E+000
  0.82631449E+000
  0.82631424E+000
  0.82631399E+000
  0.82631375E+000
  0.82631351E+000
  0.82631329E+000
  0.82631307E+000
  0.82631286E+000
  0.82631265E+000
  0.82631245E+000
  0.82631225E+000
  0.82631206E+000
  0.82631187E+000
  0.82631168E+000
  0.82631149E+000
  0.82631130E+000
  0.82631112E+000
  0.82631094E+000
  0.82631076E+000
  0.82631058E+000
  0.82631040E+000
  0.82631022E+000
  0.82631004E+000
  0.82630987E+000
  0.82630969E+000
  0.82630951E+000
  0.82630934E+000
  0.82630917E+000
  0.82630899E+000
  0.82630882E+000
  0.82630865E+000
  0.82630848E+000
  0.82630831E+000
  0.82630815E+000
  0.82630798E+000
  0.82630781E+000
  0.82630765E+000
  0.82630749E+000
  0.82630733E+000
  0.82630717E+000
  0.82630701E+000
  0.82630685E+000
  0.82630670E+000
  0.82630655E+000
  0.82630640E+000
  0.82630625E+000
  0.82630611E+000
  0.82630596E+000
  0.82630582E+000
  0.82630568E+000
  0.82630555E+000
  0.82630541E+000
  0.82630528E+000
  0.82630515E+000
  0.82630503E+000
  0.82630490E+000
  0.82630478E+000
  0.82630466E+000
  0.82630455E+000
  0.82630444E+000
  0.82630433E+000
  0.82630422E+000
  0.82630411E+000
  0.82630401E+000
  0.82630391E+000
  0.82630382E+000
  0.82630372E+000
  0.82630363E+000
  0.82630354E+000
  0.82630346E+000
  0.82630337E+000
  0.82630329E+000
  0.82630321E+000
  0.82630314E+000
  0.82630306E+000
  0.82630299E+000
  0.82630292E+000
  0.82630286E+000
  0.82630279E+000
  0.82630273E+000
  0.82630267E+000
  0.82630262E+000
  0.82630256E+000
  0.82630251E+000
  0.82630246E+000
  0.82630241E+000
  0.82630236E+000
  0.82630232E+000
  0.82630227E+000
  0.82630223E+000
  0.82630219E+000
  0.82630215E+000
  0.82630212E+000
  0.82630208E+000
  0.82630205E+000
  0.82630201E+000
  0.82630198E+000
  0.82630195E+000
  0.82630193E+000
  0.82630190E+000
  0.82630187E+000
  0.82630185E+000
  0.82630182E+000
  0.82630179E+000
