  0.14265804E+002
  0.14263572E+002
  0.14261942E+002
  0.14260700E+002
  0.14259746E+002
  0.14259024E+002
  0.14258486E+002
  0.14258078E+002
  0.14257784E+002
  0.14257575E+002
  0.14257436E+002
  0.14257362E+002
  0.14257332E+002
  0.14257339E+002
  0.14257393E+002
  0.14257463E+002
  0.14257551E+002
  0.14257652E+002
  0.14257763E+002
  0.14257884E+002
  0.14258012E+002
  0.14258146E+002
  0.14258283E+002
  0.14258422E+002
  0.14258561E+002
  0.14258701E+002
  0.14258841E+002
  0.14258981E+002
  0.14259119E+002
  0.14259256E+002
  0.14259391E+002
  0.14259524E+002
  0.14259654E+002
  0.14259783E+002
  0.14259910E+002
  0.14260034E+002
  0.14260155E+002
  0.14260274E+002
  0.14260391E+002
  0.14260504E+002
  0.14260615E+002
  0.14260723E+002
  0.14260829E+002
  0.14260932E+002
  0.14261033E+002
  0.14261131E+002
  0.14261227E+002
  0.14261320E+002
  0.14261412E+002
  0.14261501E+002
  0.14261587E+002
  0.14261671E+002
  0.14261752E+002
  0.14261830E+002
  0.14261905E+002
  0.14261978E+002
  0.14262048E+002
  0.14262116E+002
  0.14262182E+002
  0.14262245E+002
  0.14262307E+002
  0.14262366E+002
  0.14262423E+002
  0.14262478E+002
  0.14262530E+002
  0.14262581E+002
  0.14262629E+002
  0.14262676E+002
  0.14262720E+002
  0.14262762E+002
  0.14262803E+002
  0.14262841E+002
  0.14262878E+002
  0.14262913E+002
  0.14262946E+002
  0.14262978E+002
  0.14263008E+002
  0.14263036E+002
  0.14263063E+002
  0.14263088E+002
  0.14263112E+002
  0.14263135E+002
  0.14263156E+002
  0.14263176E+002
  0.14263195E+002
  0.14263213E+002
  0.14263230E+002
  0.14263246E+002
  0.14263261E+002
  0.14263276E+002
  0.14263289E+002
  0.14263303E+002
  0.14263315E+002
  0.14263327E+002
  0.14263338E+002
  0.14263350E+002
  0.14263360E+002
  0.14263371E+002
  0.14263381E+002
  0.14263392E+002
  0.14263402E+002
  0.14263412E+002
  0.14263422E+002
  0.14263432E+002
  0.14263443E+002
  0.14263454E+002
  0.14263464E+002
  0.14263476E+002
  0.14263487E+002
  0.14263499E+002
  0.14263511E+002
  0.14263524E+002
  0.14263537E+002
  0.14263551E+002
  0.14263565E+002
  0.14263579E+002
  0.14263594E+002
  0.14263610E+002
  0.14263626E+002
  0.14263643E+002
  0.14263661E+002
  0.14263679E+002
  0.14263698E+002
  0.14263717E+002
  0.14263737E+002
  0.14263758E+002
  0.14263779E+002
  0.14263801E+002
  0.14263824E+002
  0.14263847E+002
  0.14263871E+002
  0.14263896E+002
  0.14263921E+002
  0.14263947E+002
  0.14263973E+002
  0.14264000E+002
  0.14264027E+002
  0.14264055E+002
  0.14264083E+002
  0.14264112E+002
  0.14264142E+002
  0.14264171E+002
  0.14264202E+002
  0.14264232E+002
  0.14264263E+002
  0.14264294E+002
  0.14264326E+002
  0.14264357E+002
  0.14264389E+002
  0.14264421E+002
  0.14264453E+002
  0.14264486E+002
  0.14264518E+002
  0.14264550E+002
  0.14264583E+002
  0.14264615E+002
  0.14264647E+002
  0.14264679E+002
  0.14264711E+002
  0.14264743E+002
  0.14264775E+002
  0.14264806E+002
  0.14264837E+002
  0.14264867E+002
  0.14264898E+002
  0.14264927E+002
  0.14264957E+002
  0.14264986E+002
  0.14265014E+002
  0.14265042E+002
  0.14265070E+002
  0.14265097E+002
  0.14265123E+002
  0.14265149E+002
  0.14265174E+002
  0.14265199E+002
  0.14265223E+002
  0.14265246E+002
  0.14265269E+002
  0.14265291E+002
  0.14265313E+002
  0.14265334E+002
  0.14265354E+002
  0.14265374E+002
  0.14265393E+002
  0.14265411E+002
  0.14265429E+002
  0.14265446E+002
  0.14265462E+002
  0.14265478E+002
  0.14265493E+002
  0.14265508E+002
  0.14265522E+002
  0.14265536E+002
  0.14265549E+002
  0.14265561E+002
  0.14265573E+002
  0.14265584E+002
  0.14265595E+002
  0.14265606E+002
