  0.62552493E+000
  0.62553261E+000
  0.62553994E+000
  0.62554675E+000
  0.62555303E+000
  0.62555881E+000
  0.62556413E+000
  0.62556902E+000
  0.62557351E+000
  0.62557764E+000
  0.62558144E+000
  0.62558493E+000
  0.62558814E+000
  0.62559109E+000
  0.62559380E+000
  0.62559629E+000
  0.62559858E+000
  0.62560067E+000
  0.62560259E+000
  0.62560434E+000
  0.62560593E+000
  0.62560737E+000
  0.62560867E+000
  0.62560984E+000
  0.62561088E+000
  0.62561179E+000
  0.62561260E+000
  0.62561329E+000
  0.62561388E+000
  0.62561436E+000
  0.62561476E+000
  0.62561506E+000
  0.62561528E+000
  0.62561541E+000
  0.62561546E+000
  0.62561544E+000
  0.62561534E+000
  0.62561517E+000
  0.62561494E+000
  0.62561463E+000
  0.62561426E+000
  0.62561384E+000
  0.62561335E+000
  0.62561280E+000
  0.62561221E+000
  0.62561156E+000
  0.62561086E+000
  0.62561011E+000
  0.62560933E+000
  0.62560850E+000
  0.62560763E+000
  0.62560673E+000
  0.62560580E+000
  0.62560484E+000
  0.62560385E+000
  0.62560284E+000
  0.62560181E+000
  0.62560076E+000
  0.62559969E+000
  0.62559861E+000
  0.62559751E+000
  0.62559641E+000
  0.62559530E+000
  0.62559419E+000
  0.62559307E+000
  0.62559195E+000
  0.62559082E+000
  0.62558970E+000
  0.62558858E+000
  0.62558746E+000
  0.62558634E+000
  0.62558523E+000
  0.62558412E+000
  0.62558301E+000
  0.62558192E+000
  0.62558082E+000
  0.62557974E+000
  0.62557866E+000
  0.62557759E+000
  0.62557652E+000
  0.62557547E+000
  0.62557442E+000
  0.62557338E+000
  0.62557234E+000
  0.62557132E+000
  0.62557030E+000
  0.62556930E+000
  0.62556830E+000
  0.62556731E+000
  0.62556633E+000
  0.62556537E+000
  0.62556441E+000
  0.62556346E+000
  0.62556253E+000
  0.62556160E+000
  0.62556069E+000
  0.62555978E+000
  0.62555889E+000
  0.62555801E+000
  0.62555715E+000
  0.62555629E+000
  0.62555545E+000
  0.62555462E+000
  0.62555380E+000
  0.62555300E+000
  0.62555221E+000
  0.62555143E+000
  0.62555067E+000
  0.62554992E+000
  0.62554918E+000
  0.62554846E+000
  0.62554775E+000
  0.62554706E+000
  0.62554638E+000
  0.62554571E+000
  0.62554506E+000
  0.62554442E+000
  0.62554380E+000
  0.62554319E+000
  0.62554260E+000
  0.62554202E+000
  0.62554145E+000
  0.62554090E+000
  0.62554037E+000
  0.62553984E+000
  0.62553933E+000
  0.62553884E+000
  0.62553835E+000
  0.62553788E+000
  0.62553743E+000
  0.62553699E+000
  0.62553655E+000
  0.62553614E+000
  0.62553573E+000
  0.62553534E+000
  0.62553496E+000
  0.62553459E+000
  0.62553423E+000
  0.62553388E+000
  0.62553355E+000
  0.62553322E+000
  0.62553291E+000
  0.62553261E+000
  0.62553231E+000
  0.62553203E+000
  0.62553175E+000
  0.62553149E+000
  0.62553123E+000
  0.62553099E+000
  0.62553075E+000
  0.62553052E+000
  0.62553030E+000
  0.62553008E+000
  0.62552988E+000
  0.62552968E+000
  0.62552949E+000
  0.62552930E+000
  0.62552913E+000
  0.62552895E+000
  0.62552879E+000
  0.62552863E+000
  0.62552848E+000
  0.62552833E+000
  0.62552819E+000
  0.62552806E+000
  0.62552793E+000
  0.62552780E+000
  0.62552768E+000
  0.62552757E+000
  0.62552746E+000
  0.62552735E+000
  0.62552725E+000
  0.62552715E+000
  0.62552705E+000
  0.62552696E+000
  0.62552688E+000
  0.62552679E+000
  0.62552671E+000
  0.62552664E+000
  0.62552656E+000
  0.62552649E+000
  0.62552643E+000
  0.62552636E+000
  0.62552630E+000
  0.62552624E+000
  0.62552618E+000
  0.62552613E+000
  0.62552608E+000
  0.62552603E+000
  0.62552598E+000
  0.62552593E+000
  0.62552589E+000
  0.62552585E+000
  0.62552581E+000
  0.62552577E+000
  0.62552573E+000
  0.62552570E+000
  0.62552567E+000
  0.62552563E+000
  0.62552560E+000
