  0.56916454E+000
  0.56922848E+000
  0.56897603E+000
  0.56872635E+000
  0.56853806E+000
  0.56841478E+000
  0.56834720E+000
  0.56832191E+000
  0.56832765E+000
  0.56835396E+000
  0.56839346E+000
  0.56844041E+000
  0.56849139E+000
  0.56854430E+000
  0.56859747E+000
  0.56864976E+000
  0.56870040E+000
  0.56874883E+000
  0.56879471E+000
  0.56883778E+000
  0.56887795E+000
  0.56891515E+000
  0.56894937E+000
  0.56898062E+000
  0.56900900E+000
  0.56903461E+000
  0.56905756E+000
  0.56907795E+000
  0.56909589E+000
  0.56911153E+000
  0.56912503E+000
  0.56913653E+000
  0.56914617E+000
  0.56915411E+000
  0.56916051E+000
  0.56916551E+000
  0.56916927E+000
  0.56917193E+000
  0.56917366E+000
  0.56917460E+000
  0.56917488E+000
  0.56917463E+000
  0.56917397E+000
  0.56917301E+000
  0.56917186E+000
  0.56917059E+000
  0.56916927E+000
  0.56916798E+000
  0.56916675E+000
  0.56916563E+000
  0.56916463E+000
  0.56916377E+000
  0.56916306E+000
  0.56916250E+000
  0.56916209E+000
  0.56916181E+000
  0.56916165E+000
  0.56916159E+000
  0.56916163E+000
  0.56916174E+000
  0.56916190E+000
  0.56916211E+000
  0.56916235E+000
  0.56916261E+000
  0.56916288E+000
  0.56916314E+000
  0.56916341E+000
  0.56916366E+000
  0.56916389E+000
  0.56916411E+000
  0.56916431E+000
  0.56916449E+000
  0.56916466E+000
  0.56916480E+000
  0.56916492E+000
  0.56916503E+000
  0.56916512E+000
  0.56916520E+000
  0.56916526E+000
  0.56916531E+000
  0.56916535E+000
  0.56916538E+000
  0.56916541E+000
  0.56916542E+000
  0.56916544E+000
  0.56916545E+000
  0.56916545E+000
  0.56916545E+000
  0.56916545E+000
  0.56916545E+000
  0.56916545E+000
  0.56916544E+000
  0.56916544E+000
  0.56916543E+000
  0.56916543E+000
  0.56916543E+000
  0.56916542E+000
  0.56916542E+000
  0.56916541E+000
  0.56916541E+000
  0.56916541E+000
  0.56916540E+000
  0.56916540E+000
  0.56916540E+000
  0.56916540E+000
  0.56916539E+000
  0.56916539E+000
  0.56916539E+000
  0.56916539E+000
  0.56916538E+000
  0.56916538E+000
  0.56916538E+000
  0.56916537E+000
  0.56916537E+000
  0.56916536E+000
  0.56916536E+000
  0.56916535E+000
  0.56916535E+000
  0.56916534E+000
  0.56916534E+000
  0.56916533E+000
  0.56916532E+000
  0.56916532E+000
  0.56916531E+000
  0.56916531E+000
  0.56916530E+000
  0.56916530E+000
  0.56916530E+000
  0.56916529E+000
  0.56916529E+000
  0.56916529E+000
  0.56916529E+000
  0.56916529E+000
  0.56916529E+000
  0.56916528E+000
  0.56916528E+000
  0.56916528E+000
  0.56916528E+000
  0.56916528E+000
  0.56916528E+000
  0.56916528E+000
  0.56916527E+000
  0.56916527E+000
  0.56916526E+000
  0.56916526E+000
  0.56916525E+000
  0.56916524E+000
  0.56916523E+000
  0.56916523E+000
  0.56916522E+000
  0.56916521E+000
  0.56916519E+000
  0.56916518E+000
  0.56916517E+000
  0.56916516E+000
  0.56916514E+000
  0.56916513E+000
  0.56916512E+000
  0.56916510E+000
  0.56916509E+000
  0.56916507E+000
  0.56916506E+000
  0.56916504E+000
  0.56916503E+000
  0.56916501E+000
  0.56916500E+000
  0.56916498E+000
  0.56916497E+000
  0.56916496E+000
  0.56916494E+000
  0.56916493E+000
  0.56916491E+000
  0.56916490E+000
  0.56916489E+000
  0.56916487E+000
  0.56916486E+000
  0.56916485E+000
  0.56916484E+000
  0.56916483E+000
  0.56916482E+000
  0.56916480E+000
  0.56916479E+000
  0.56916478E+000
  0.56916477E+000
  0.56916476E+000
  0.56916476E+000
  0.56916475E+000
  0.56916474E+000
  0.56916473E+000
  0.56916472E+000
  0.56916472E+000
  0.56916471E+000
  0.56916470E+000
  0.56916469E+000
  0.56916468E+000
  0.56916467E+000
  0.56916467E+000
  0.56916467E+000
  0.56916477E+000
  0.56916492E+000
