  0.11818371E+000
  0.11944143E+000
  0.12018827E+000
  0.12061587E+000
  0.12084360E+000
  0.12094316E+000
  0.12095977E+000
  0.12092202E+000
  0.12084841E+000
  0.12075166E+000
  0.12064035E+000
  0.12052052E+000
  0.12039646E+000
  0.12027121E+000
  0.12014693E+000
  0.12002514E+000
  0.11990686E+000
  0.11979279E+000
  0.11968339E+000
  0.11957894E+000
  0.11947955E+000
  0.11938525E+000
  0.11929603E+000
  0.11921180E+000
  0.11913245E+000
  0.11905786E+000
  0.11898786E+000
  0.11892231E+000
  0.11886104E+000
  0.11880387E+000
  0.11875063E+000
  0.11870115E+000
  0.11865525E+000
  0.11861276E+000
  0.11857350E+000
  0.11853730E+000
  0.11850398E+000
  0.11847338E+000
  0.11844532E+000
  0.11841965E+000
  0.11839621E+000
  0.11837484E+000
  0.11835539E+000
  0.11833772E+000
  0.11832169E+000
  0.11830719E+000
  0.11829407E+000
  0.11828224E+000
  0.11827159E+000
  0.11826200E+000
  0.11825339E+000
  0.11824567E+000
  0.11823877E+000
  0.11823259E+000
  0.11822708E+000
  0.11822217E+000
  0.11821780E+000
  0.11821392E+000
  0.11821047E+000
  0.11820741E+000
  0.11820469E+000
  0.11820229E+000
  0.11820016E+000
  0.11819828E+000
  0.11819661E+000
  0.11819514E+000
  0.11819383E+000
  0.11819267E+000
  0.11819165E+000
  0.11819074E+000
  0.11818993E+000
  0.11818922E+000
  0.11818858E+000
  0.11818802E+000
  0.11818752E+000
  0.11818707E+000
  0.11818667E+000
  0.11818632E+000
  0.11818601E+000
  0.11818573E+000
  0.11818549E+000
  0.11818527E+000
  0.11818508E+000
  0.11818491E+000
  0.11818476E+000
  0.11818463E+000
  0.11818452E+000
  0.11818443E+000
  0.11818434E+000
  0.11818427E+000
  0.11818422E+000
  0.11818417E+000
  0.11818413E+000
  0.11818410E+000
  0.11818407E+000
  0.11818405E+000
  0.11818404E+000
  0.11818403E+000
  0.11818403E+000
  0.11818403E+000
  0.11818403E+000
  0.11818403E+000
  0.11818404E+000
  0.11818405E+000
  0.11818406E+000
  0.11818407E+000
  0.11818408E+000
  0.11818409E+000
  0.11818410E+000
  0.11818411E+000
  0.11818412E+000
  0.11818413E+000
  0.11818414E+000
  0.11818415E+000
  0.11818416E+000
  0.11818417E+000
  0.11818418E+000
  0.11818418E+000
  0.11818419E+000
  0.11818420E+000
  0.11818420E+000
  0.11818420E+000
  0.11818421E+000
  0.11818421E+000
  0.11818421E+000
  0.11818421E+000
  0.11818421E+000
  0.11818421E+000
  0.11818421E+000
  0.11818421E+000
  0.11818421E+000
  0.11818421E+000
  0.11818420E+000
  0.11818420E+000
  0.11818420E+000
  0.11818419E+000
  0.11818419E+000
  0.11818418E+000
  0.11818418E+000
  0.11818417E+000
  0.11818416E+000
  0.11818416E+000
  0.11818415E+000
  0.11818414E+000
  0.11818413E+000
  0.11818412E+000
  0.11818411E+000
  0.11818410E+000
  0.11818409E+000
  0.11818408E+000
  0.11818407E+000
  0.11818406E+000
  0.11818405E+000
  0.11818404E+000
  0.11818403E+000
  0.11818402E+000
  0.11818401E+000
  0.11818400E+000
  0.11818399E+000
  0.11818398E+000
  0.11818397E+000
  0.11818396E+000
  0.11818395E+000
  0.11818394E+000
  0.11818393E+000
  0.11818392E+000
  0.11818391E+000
  0.11818390E+000
  0.11818389E+000
  0.11818388E+000
  0.11818388E+000
  0.11818387E+000
  0.11818386E+000
  0.11818386E+000
  0.11818385E+000
  0.11818384E+000
  0.11818384E+000
  0.11818383E+000
  0.11818383E+000
  0.11818383E+000
  0.11818382E+000
  0.11818382E+000
  0.11818382E+000
  0.11818381E+000
  0.11818381E+000
  0.11818381E+000
  0.11818381E+000
  0.11818381E+000
  0.11818381E+000
  0.11818381E+000
  0.11818381E+000
  0.11818380E+000
  0.11818380E+000
  0.11818380E+000
  0.11818380E+000
  0.11818379E+000
  0.11818377E+000
  0.11818372E+000
  0.11818360E+000
  0.11818368E+000
