  0.51602526E+000
  0.51604397E+000
  0.51606000E+000
  0.51607377E+000
  0.51608564E+000
  0.51609573E+000
  0.51610441E+000
  0.51611191E+000
  0.51611840E+000
  0.51612404E+000
  0.51612896E+000
  0.51613325E+000
  0.51613699E+000
  0.51614027E+000
  0.51614314E+000
  0.51614565E+000
  0.51614785E+000
  0.51614978E+000
  0.51615145E+000
  0.51615291E+000
  0.51615417E+000
  0.51615526E+000
  0.51615618E+000
  0.51615696E+000
  0.51615761E+000
  0.51615814E+000
  0.51615855E+000
  0.51615886E+000
  0.51615906E+000
  0.51615918E+000
  0.51615920E+000
  0.51615914E+000
  0.51615900E+000
  0.51615878E+000
  0.51615848E+000
  0.51615811E+000
  0.51615766E+000
  0.51615713E+000
  0.51615654E+000
  0.51615587E+000
  0.51615513E+000
  0.51615432E+000
  0.51615343E+000
  0.51615248E+000
  0.51615145E+000
  0.51615035E+000
  0.51614919E+000
  0.51614795E+000
  0.51614665E+000
  0.51614528E+000
  0.51614384E+000
  0.51614233E+000
  0.51614077E+000
  0.51613914E+000
  0.51613745E+000
  0.51613570E+000
  0.51613390E+000
  0.51613205E+000
  0.51613015E+000
  0.51612820E+000
  0.51612620E+000
  0.51612417E+000
  0.51612210E+000
  0.51612000E+000
  0.51611787E+000
  0.51611571E+000
  0.51611353E+000
  0.51611133E+000
  0.51610911E+000
  0.51610689E+000
  0.51610466E+000
  0.51610242E+000
  0.51610019E+000
  0.51609796E+000
  0.51609573E+000
  0.51609352E+000
  0.51609132E+000
  0.51608915E+000
  0.51608699E+000
  0.51608485E+000
  0.51608274E+000
  0.51608067E+000
  0.51607862E+000
  0.51607661E+000
  0.51607463E+000
  0.51607269E+000
  0.51607080E+000
  0.51606894E+000
  0.51606713E+000
  0.51606536E+000
  0.51606363E+000
  0.51606196E+000
  0.51606033E+000
  0.51605874E+000
  0.51605721E+000
  0.51605572E+000
  0.51605428E+000
  0.51605289E+000
  0.51605155E+000
  0.51605026E+000
  0.51604901E+000
  0.51604781E+000
  0.51604666E+000
  0.51604555E+000
  0.51604449E+000
  0.51604347E+000
  0.51604249E+000
  0.51604156E+000
  0.51604067E+000
  0.51603981E+000
  0.51603900E+000
  0.51603823E+000
  0.51603749E+000
  0.51603679E+000
  0.51603612E+000
  0.51603548E+000
  0.51603488E+000
  0.51603431E+000
  0.51603377E+000
  0.51603326E+000
  0.51603277E+000
  0.51603232E+000
  0.51603188E+000
  0.51603148E+000
  0.51603109E+000
  0.51603073E+000
  0.51603039E+000
  0.51603006E+000
  0.51602976E+000
  0.51602948E+000
  0.51602921E+000
  0.51602896E+000
  0.51602872E+000
  0.51602850E+000
  0.51602829E+000
  0.51602809E+000
  0.51602791E+000
  0.51602774E+000
  0.51602758E+000
  0.51602743E+000
  0.51602729E+000
  0.51602716E+000
  0.51602703E+000
  0.51602692E+000
  0.51602681E+000
  0.51602671E+000
  0.51602661E+000
  0.51602652E+000
  0.51602644E+000
  0.51602636E+000
  0.51602629E+000
  0.51602622E+000
  0.51602615E+000
  0.51602609E+000
  0.51602604E+000
  0.51602599E+000
  0.51602594E+000
  0.51602589E+000
  0.51602584E+000
  0.51602580E+000
  0.51602576E+000
  0.51602573E+000
  0.51602569E+000
  0.51602566E+000
  0.51602563E+000
  0.51602560E+000
  0.51602557E+000
  0.51602555E+000
  0.51602553E+000
  0.51602550E+000
  0.51602548E+000
  0.51602546E+000
  0.51602544E+000
  0.51602543E+000
  0.51602541E+000
  0.51602540E+000
  0.51602539E+000
  0.51602537E+000
  0.51602536E+000
  0.51602535E+000
  0.51602535E+000
  0.51602534E+000
  0.51602533E+000
  0.51602533E+000
  0.51602532E+000
  0.51602532E+000
  0.51602531E+000
  0.51602531E+000
  0.51602531E+000
  0.51602531E+000
  0.51602531E+000
  0.51602531E+000
  0.51602531E+000
  0.51602531E+000
  0.51602531E+000
  0.51602531E+000
  0.51602531E+000
  0.51602531E+000
  0.51602531E+000
  0.51602531E+000
