  0.65828589E-006
  0.65696370E-006
  0.65698077E-006
  0.65735230E-006
  0.65784777E-006
  0.65834705E-006
  0.65879504E-006
  0.65917239E-006
  0.65947842E-006
  0.65971965E-006
  0.65990446E-006
  0.66004151E-006
  0.66013863E-006
  0.66020255E-006
  0.66023911E-006
  0.66025282E-006
  0.66024787E-006
  0.66022791E-006
  0.66019560E-006
  0.66015347E-006
  0.66010360E-006
  0.66004770E-006
  0.65998722E-006
  0.65992340E-006
  0.65985725E-006
  0.65978965E-006
  0.65972135E-006
  0.65965295E-006
  0.65958498E-006
  0.65951789E-006
  0.65945205E-006
  0.65938776E-006
  0.65932527E-006
  0.65926480E-006
  0.65920651E-006
  0.65915052E-006
  0.65909693E-006
  0.65904581E-006
  0.65899720E-006
  0.65895112E-006
  0.65890756E-006
  0.65886651E-006
  0.65882793E-006
  0.65879177E-006
  0.65875797E-006
  0.65872645E-006
  0.65869715E-006
  0.65866995E-006
  0.65864478E-006
  0.65862152E-006
  0.65860007E-006
  0.65858032E-006
  0.65856215E-006
  0.65854547E-006
  0.65853016E-006
  0.65851611E-006
  0.65850321E-006
  0.65849137E-006
  0.65848049E-006
  0.65847047E-006
  0.65846124E-006
  0.65845272E-006
  0.65844482E-006
  0.65843749E-006
  0.65843067E-006
  0.65842429E-006
  0.65841832E-006
  0.65841270E-006
  0.65840741E-006
  0.65840240E-006
  0.65839766E-006
  0.65839315E-006
  0.65838884E-006
  0.65838473E-006
  0.65838079E-006
  0.65837701E-006
  0.65837337E-006
  0.65836988E-006
  0.65836650E-006
  0.65836325E-006
  0.65836011E-006
  0.65835707E-006
  0.65835414E-006
  0.65835130E-006
  0.65834856E-006
  0.65834590E-006
  0.65834333E-006
  0.65834084E-006
  0.65833844E-006
  0.65833611E-006
  0.65833386E-006
  0.65833169E-006
  0.65832959E-006
  0.65832757E-006
  0.65832561E-006
  0.65832372E-006
  0.65832191E-006
  0.65832015E-006
  0.65831847E-006
  0.65831685E-006
  0.65831529E-006
  0.65831379E-006
  0.65831235E-006
  0.65831097E-006
  0.65830965E-006
  0.65830838E-006
  0.65830717E-006
  0.65830602E-006
  0.65830491E-006
  0.65830386E-006
  0.65830285E-006
  0.65830189E-006
  0.65830098E-006
  0.65830011E-006
  0.65829929E-006
  0.65829851E-006
  0.65829777E-006
  0.65829706E-006
  0.65829640E-006
  0.65829577E-006
  0.65829517E-006
  0.65829461E-006
  0.65829408E-006
  0.65829358E-006
  0.65829311E-006
  0.65829266E-006
  0.65829225E-006
  0.65829185E-006
  0.65829148E-006
  0.65829113E-006
  0.65829081E-006
  0.65829050E-006
  0.65829021E-006
  0.65828994E-006
  0.65828968E-006
  0.65828945E-006
  0.65828922E-006
  0.65828901E-006
  0.65828881E-006
  0.65828863E-006
  0.65828846E-006
  0.65828829E-006
  0.65828814E-006
  0.65828800E-006
  0.65828786E-006
  0.65828774E-006
  0.65828762E-006
  0.65828751E-006
  0.65828740E-006
  0.65828731E-006
  0.65828722E-006
  0.65828713E-006
  0.65828705E-006
  0.65828697E-006
  0.65828690E-006
  0.65828683E-006
  0.65828677E-006
  0.65828671E-006
  0.65828665E-006
  0.65828660E-006
  0.65828655E-006
  0.65828650E-006
  0.65828645E-006
  0.65828641E-006
  0.65828637E-006
  0.65828633E-006
  0.65828629E-006
  0.65828626E-006
  0.65828622E-006
  0.65828619E-006
  0.65828616E-006
  0.65828614E-006
  0.65828611E-006
  0.65828609E-006
  0.65828607E-006
  0.65828605E-006
  0.65828603E-006
  0.65828601E-006
  0.65828600E-006
  0.65828598E-006
  0.65828597E-006
  0.65828596E-006
  0.65828595E-006
  0.65828595E-006
  0.65828594E-006
  0.65828594E-006
  0.65828593E-006
  0.65828593E-006
  0.65828593E-006
  0.65828593E-006
  0.65828593E-006
  0.65828593E-006
  0.65828593E-006
  0.65828593E-006
  0.65828594E-006
  0.65828594E-006
  0.65828593E-006
  0.65828592E-006
  0.65828593E-006
  0.65828598E-006
