  0.29112395E+000
  0.29107038E+000
  0.29112179E+000
  0.29121558E+000
  0.29131822E+000
  0.29141386E+000
  0.29149641E+000
  0.29156410E+000
  0.29161728E+000
  0.29165725E+000
  0.29168566E+000
  0.29170421E+000
  0.29171450E+000
  0.29171798E+000
  0.29171595E+000
  0.29170949E+000
  0.29169950E+000
  0.29168678E+000
  0.29167196E+000
  0.29165559E+000
  0.29163810E+000
  0.29161985E+000
  0.29160113E+000
  0.29158217E+000
  0.29156315E+000
  0.29154423E+000
  0.29152551E+000
  0.29150709E+000
  0.29148904E+000
  0.29147140E+000
  0.29145422E+000
  0.29143752E+000
  0.29142133E+000
  0.29140565E+000
  0.29139051E+000
  0.29137592E+000
  0.29136187E+000
  0.29134839E+000
  0.29133546E+000
  0.29132310E+000
  0.29131131E+000
  0.29130008E+000
  0.29128943E+000
  0.29127934E+000
  0.29126982E+000
  0.29126085E+000
  0.29125242E+000
  0.29124453E+000
  0.29123716E+000
  0.29123030E+000
  0.29122391E+000
  0.29121798E+000
  0.29121249E+000
  0.29120741E+000
  0.29120272E+000
  0.29119839E+000
  0.29119439E+000
  0.29119070E+000
  0.29118729E+000
  0.29118413E+000
  0.29118121E+000
  0.29117850E+000
  0.29117598E+000
  0.29117363E+000
  0.29117144E+000
  0.29116938E+000
  0.29116745E+000
  0.29116563E+000
  0.29116391E+000
  0.29116228E+000
  0.29116073E+000
  0.29115925E+000
  0.29115784E+000
  0.29115649E+000
  0.29115520E+000
  0.29115395E+000
  0.29115275E+000
  0.29115160E+000
  0.29115049E+000
  0.29114942E+000
  0.29114838E+000
  0.29114738E+000
  0.29114641E+000
  0.29114547E+000
  0.29114456E+000
  0.29114369E+000
  0.29114284E+000
  0.29114202E+000
  0.29114122E+000
  0.29114046E+000
  0.29113971E+000
  0.29113900E+000
  0.29113831E+000
  0.29113764E+000
  0.29113700E+000
  0.29113637E+000
  0.29113578E+000
  0.29113520E+000
  0.29113465E+000
  0.29113411E+000
  0.29113360E+000
  0.29113311E+000
  0.29113264E+000
  0.29113218E+000
  0.29113175E+000
  0.29113133E+000
  0.29113094E+000
  0.29113056E+000
  0.29113019E+000
  0.29112985E+000
  0.29112952E+000
  0.29112920E+000
  0.29112890E+000
  0.29112862E+000
  0.29112835E+000
  0.29112809E+000
  0.29112785E+000
  0.29112762E+000
  0.29112740E+000
  0.29112719E+000
  0.29112700E+000
  0.29112681E+000
  0.29112664E+000
  0.29112647E+000
  0.29112632E+000
  0.29112617E+000
  0.29112603E+000
  0.29112590E+000
  0.29112578E+000
  0.29112567E+000
  0.29112556E+000
  0.29112546E+000
  0.29112536E+000
  0.29112527E+000
  0.29112519E+000
  0.29112511E+000
  0.29112504E+000
  0.29112497E+000
  0.29112491E+000
  0.29112484E+000
  0.29112479E+000
  0.29112473E+000
  0.29112468E+000
  0.29112464E+000
  0.29112459E+000
  0.29112455E+000
  0.29112451E+000
  0.29112448E+000
  0.29112445E+000
  0.29112442E+000
  0.29112439E+000
  0.29112436E+000
  0.29112433E+000
  0.29112431E+000
  0.29112429E+000
  0.29112427E+000
  0.29112425E+000
  0.29112423E+000
  0.29112422E+000
  0.29112420E+000
  0.29112419E+000
  0.29112417E+000
  0.29112416E+000
  0.29112415E+000
  0.29112414E+000
  0.29112413E+000
  0.29112412E+000
  0.29112411E+000
  0.29112410E+000
  0.29112410E+000
  0.29112409E+000
  0.29112408E+000
  0.29112408E+000
  0.29112407E+000
  0.29112406E+000
  0.29112406E+000
  0.29112405E+000
  0.29112405E+000
  0.29112405E+000
  0.29112404E+000
  0.29112404E+000
  0.29112403E+000
  0.29112403E+000
  0.29112403E+000
  0.29112402E+000
  0.29112402E+000
  0.29112402E+000
  0.29112401E+000
  0.29112401E+000
  0.29112401E+000
  0.29112401E+000
  0.29112400E+000
  0.29112400E+000
  0.29112400E+000
  0.29112400E+000
  0.29112399E+000
  0.29112399E+000
  0.29112399E+000
  0.29112398E+000
  0.29112399E+000
