  0.10785936E+001
  0.10814846E+001
  0.10836987E+001
  0.10853825E+001
  0.10866477E+001
  0.10875743E+001
  0.10882293E+001
  0.10886666E+001
  0.10889293E+001
  0.10890525E+001
  0.10890647E+001
  0.10889887E+001
  0.10888435E+001
  0.10886445E+001
  0.10884039E+001
  0.10881318E+001
  0.10878362E+001
  0.10875238E+001
  0.10872000E+001
  0.10868691E+001
  0.10865347E+001
  0.10861996E+001
  0.10858662E+001
  0.10855364E+001
  0.10852116E+001
  0.10848931E+001
  0.10845819E+001
  0.10842787E+001
  0.10839841E+001
  0.10836987E+001
  0.10834228E+001
  0.10831565E+001
  0.10829001E+001
  0.10826537E+001
  0.10824172E+001
  0.10821906E+001
  0.10819738E+001
  0.10817668E+001
  0.10815693E+001
  0.10813811E+001
  0.10812020E+001
  0.10810319E+001
  0.10808704E+001
  0.10807172E+001
  0.10805722E+001
  0.10804350E+001
  0.10803053E+001
  0.10801829E+001
  0.10800675E+001
  0.10799588E+001
  0.10798565E+001
  0.10797603E+001
  0.10796701E+001
  0.10795855E+001
  0.10795062E+001
  0.10794321E+001
  0.10793628E+001
  0.10792982E+001
  0.10792380E+001
  0.10791820E+001
  0.10791300E+001
  0.10790817E+001
  0.10790370E+001
  0.10789956E+001
  0.10789575E+001
  0.10789223E+001
  0.10788899E+001
  0.10788602E+001
  0.10788330E+001
  0.10788081E+001
  0.10787854E+001
  0.10787647E+001
  0.10787459E+001
  0.10787288E+001
  0.10787134E+001
  0.10786995E+001
  0.10786870E+001
  0.10786757E+001
  0.10786656E+001
  0.10786566E+001
  0.10786486E+001
  0.10786415E+001
  0.10786352E+001
  0.10786296E+001
  0.10786246E+001
  0.10786203E+001
  0.10786165E+001
  0.10786132E+001
  0.10786103E+001
  0.10786078E+001
  0.10786056E+001
  0.10786037E+001
  0.10786021E+001
  0.10786007E+001
  0.10785994E+001
  0.10785984E+001
  0.10785975E+001
  0.10785968E+001
  0.10785962E+001
  0.10785956E+001
  0.10785952E+001
  0.10785948E+001
  0.10785945E+001
  0.10785942E+001
  0.10785940E+001
  0.10785938E+001
  0.10785936E+001
  0.10785935E+001
  0.10785934E+001
  0.10785933E+001
  0.10785933E+001
  0.10785932E+001
  0.10785932E+001
  0.10785932E+001
  0.10785932E+001
  0.10785932E+001
  0.10785932E+001
  0.10785933E+001
  0.10785933E+001
  0.10785934E+001
  0.10785934E+001
  0.10785935E+001
  0.10785936E+001
  0.10785937E+001
  0.10785938E+001
  0.10785939E+001
  0.10785940E+001
  0.10785941E+001
  0.10785942E+001
  0.10785942E+001
  0.10785943E+001
  0.10785943E+001
  0.10785944E+001
  0.10785944E+001
  0.10785944E+001
  0.10785944E+001
  0.10785944E+001
  0.10785944E+001
  0.10785943E+001
  0.10785943E+001
  0.10785942E+001
  0.10785942E+001
  0.10785941E+001
  0.10785940E+001
  0.10785939E+001
  0.10785939E+001
  0.10785938E+001
  0.10785937E+001
  0.10785936E+001
  0.10785936E+001
  0.10785935E+001
  0.10785934E+001
  0.10785934E+001
  0.10785934E+001
  0.10785933E+001
  0.10785933E+001
  0.10785933E+001
  0.10785932E+001
  0.10785932E+001
  0.10785932E+001
  0.10785932E+001
  0.10785933E+001
  0.10785933E+001
  0.10785933E+001
  0.10785934E+001
  0.10785934E+001
  0.10785935E+001
  0.10785935E+001
  0.10785936E+001
  0.10785936E+001
  0.10785937E+001
  0.10785938E+001
  0.10785939E+001
  0.10785940E+001
  0.10785941E+001
  0.10785942E+001
  0.10785943E+001
  0.10785944E+001
  0.10785945E+001
  0.10785946E+001
  0.10785947E+001
  0.10785948E+001
  0.10785949E+001
  0.10785950E+001
  0.10785950E+001
  0.10785951E+001
  0.10785952E+001
  0.10785952E+001
  0.10785953E+001
  0.10785953E+001
  0.10785954E+001
  0.10785954E+001
  0.10785954E+001
  0.10785955E+001
  0.10785955E+001
  0.10785956E+001
  0.10785957E+001
  0.10785959E+001
  0.10785962E+001
  0.10785949E+001
