  0.86993818E+000
  0.87003790E+000
  0.87010973E+000
  0.87016577E+000
  0.87020566E+000
  0.87023571E+000
  0.87025728E+000
  0.87027197E+000
  0.87028123E+000
  0.87028617E+000
  0.87028766E+000
  0.87028640E+000
  0.87028293E+000
  0.87027774E+000
  0.87027119E+000
  0.87026359E+000
  0.87025519E+000
  0.87024620E+000
  0.87023678E+000
  0.87022705E+000
  0.87021713E+000
  0.87020711E+000
  0.87019705E+000
  0.87018703E+000
  0.87017708E+000
  0.87016724E+000
  0.87015756E+000
  0.87014805E+000
  0.87013874E+000
  0.87012964E+000
  0.87012076E+000
  0.87011213E+000
  0.87010375E+000
  0.87009563E+000
  0.87008777E+000
  0.87008018E+000
  0.87007286E+000
  0.87006583E+000
  0.87005907E+000
  0.87005259E+000
  0.87004640E+000
  0.87004048E+000
  0.87003485E+000
  0.87002950E+000
  0.87002442E+000
  0.87001961E+000
  0.87001508E+000
  0.87001081E+000
  0.87000680E+000
  0.87000305E+000
  0.86999954E+000
  0.86999627E+000
  0.86999324E+000
  0.86999043E+000
  0.86998784E+000
  0.86998545E+000
  0.86998326E+000
  0.86998126E+000
  0.86997943E+000
  0.86997777E+000
  0.86997626E+000
  0.86997490E+000
  0.86997367E+000
  0.86997256E+000
  0.86997157E+000
  0.86997068E+000
  0.86996988E+000
  0.86996916E+000
  0.86996852E+000
  0.86996794E+000
  0.86996742E+000
  0.86996695E+000
  0.86996652E+000
  0.86996612E+000
  0.86996575E+000
  0.86996540E+000
  0.86996507E+000
  0.86996475E+000
  0.86996444E+000
  0.86996414E+000
  0.86996383E+000
  0.86996352E+000
  0.86996321E+000
  0.86996289E+000
  0.86996257E+000
  0.86996224E+000
  0.86996189E+000
  0.86996154E+000
  0.86996118E+000
  0.86996081E+000
  0.86996043E+000
  0.86996004E+000
  0.86995964E+000
  0.86995923E+000
  0.86995881E+000
  0.86995838E+000
  0.86995795E+000
  0.86995751E+000
  0.86995707E+000
  0.86995662E+000
  0.86995616E+000
  0.86995570E+000
  0.86995524E+000
  0.86995477E+000
  0.86995430E+000
  0.86995384E+000
  0.86995337E+000
  0.86995290E+000
  0.86995243E+000
  0.86995196E+000
  0.86995149E+000
  0.86995102E+000
  0.86995056E+000
  0.86995010E+000
  0.86994964E+000
  0.86994919E+000
  0.86994874E+000
  0.86994829E+000
  0.86994785E+000
  0.86994742E+000
  0.86994699E+000
  0.86994657E+000
  0.86994616E+000
  0.86994575E+000
  0.86994535E+000
  0.86994495E+000
  0.86994457E+000
  0.86994419E+000
  0.86994382E+000
  0.86994346E+000
  0.86994311E+000
  0.86994277E+000
  0.86994243E+000
  0.86994211E+000
  0.86994179E+000
  0.86994149E+000
  0.86994119E+000
  0.86994090E+000
  0.86994062E+000
  0.86994035E+000
  0.86994010E+000
  0.86993985E+000
  0.86993961E+000
  0.86993938E+000
  0.86993916E+000
  0.86993894E+000
  0.86993874E+000
  0.86993855E+000
  0.86993836E+000
  0.86993819E+000
  0.86993802E+000
  0.86993786E+000
  0.86993771E+000
  0.86993757E+000
  0.86993744E+000
  0.86993732E+000
  0.86993720E+000
  0.86993709E+000
  0.86993699E+000
  0.86993689E+000
  0.86993681E+000
  0.86993673E+000
  0.86993665E+000
  0.86993658E+000
  0.86993652E+000
  0.86993647E+000
  0.86993642E+000
  0.86993637E+000
  0.86993633E+000
  0.86993630E+000
  0.86993627E+000
  0.86993624E+000
  0.86993622E+000
  0.86993621E+000
  0.86993620E+000
  0.86993619E+000
  0.86993618E+000
  0.86993618E+000
  0.86993618E+000
  0.86993619E+000
  0.86993620E+000
  0.86993621E+000
  0.86993622E+000
  0.86993624E+000
  0.86993626E+000
  0.86993628E+000
  0.86993630E+000
  0.86993632E+000
  0.86993635E+000
  0.86993637E+000
  0.86993640E+000
  0.86993643E+000
  0.86993646E+000
  0.86993649E+000
  0.86993652E+000
  0.86993655E+000
  0.86993659E+000
  0.86993662E+000
  0.86993666E+000
  0.86993669E+000
