  0.87122398E+000
  0.87122768E+000
  0.87123093E+000
  0.87123390E+000
  0.87123638E+000
  0.87123853E+000
  0.87124037E+000
  0.87124195E+000
  0.87124331E+000
  0.87124442E+000
  0.87124539E+000
  0.87124621E+000
  0.87124692E+000
  0.87124751E+000
  0.87124802E+000
  0.87124846E+000
  0.87124884E+000
  0.87124916E+000
  0.87124944E+000
  0.87124968E+000
  0.87124988E+000
  0.87125005E+000
  0.87125019E+000
  0.87125031E+000
  0.87125041E+000
  0.87125049E+000
  0.87125056E+000
  0.87125061E+000
  0.87125065E+000
  0.87125067E+000
  0.87125069E+000
  0.87125070E+000
  0.87125069E+000
  0.87125068E+000
  0.87125067E+000
  0.87125064E+000
  0.87125061E+000
  0.87125057E+000
  0.87125053E+000
  0.87125048E+000
  0.87125043E+000
  0.87125037E+000
  0.87125030E+000
  0.87125023E+000
  0.87125016E+000
  0.87125008E+000
  0.87124999E+000
  0.87124990E+000
  0.87124980E+000
  0.87124970E+000
  0.87124959E+000
  0.87124948E+000
  0.87124936E+000
  0.87124923E+000
  0.87124911E+000
  0.87124897E+000
  0.87124883E+000
  0.87124869E+000
  0.87124854E+000
  0.87124838E+000
  0.87124821E+000
  0.87124804E+000
  0.87124786E+000
  0.87124768E+000
  0.87124748E+000
  0.87124728E+000
  0.87124707E+000
  0.87124685E+000
  0.87124663E+000
  0.87124640E+000
  0.87124616E+000
  0.87124591E+000
  0.87124566E+000
  0.87124539E+000
  0.87124512E+000
  0.87124485E+000
  0.87124456E+000
  0.87124427E+000
  0.87124398E+000
  0.87124368E+000
  0.87124337E+000
  0.87124305E+000
  0.87124273E+000
  0.87124241E+000
  0.87124208E+000
  0.87124175E+000
  0.87124141E+000
  0.87124107E+000
  0.87124073E+000
  0.87124038E+000
  0.87124003E+000
  0.87123967E+000
  0.87123932E+000
  0.87123896E+000
  0.87123860E+000
  0.87123823E+000
  0.87123787E+000
  0.87123750E+000
  0.87123713E+000
  0.87123677E+000
  0.87123640E+000
  0.87123603E+000
  0.87123565E+000
  0.87123528E+000
  0.87123491E+000
  0.87123454E+000
  0.87123417E+000
  0.87123381E+000
  0.87123344E+000
  0.87123308E+000
  0.87123271E+000
  0.87123235E+000
  0.87123199E+000
  0.87123164E+000
  0.87123129E+000
  0.87123094E+000
  0.87123060E+000
  0.87123026E+000
  0.87122993E+000
  0.87122960E+000
  0.87122927E+000
  0.87122896E+000
  0.87122864E+000
  0.87122834E+000
  0.87122804E+000
  0.87122775E+000
  0.87122746E+000
  0.87122719E+000
  0.87122692E+000
  0.87122665E+000
  0.87122640E+000
  0.87122615E+000
  0.87122591E+000
  0.87122568E+000
  0.87122546E+000
  0.87122525E+000
  0.87122505E+000
  0.87122485E+000
  0.87122466E+000
  0.87122449E+000
  0.87122432E+000
  0.87122416E+000
  0.87122401E+000
  0.87122386E+000
  0.87122373E+000
  0.87122360E+000
  0.87122348E+000
  0.87122338E+000
  0.87122327E+000
  0.87122318E+000
  0.87122310E+000
  0.87122302E+000
  0.87122295E+000
  0.87122288E+000
  0.87122283E+000
  0.87122278E+000
  0.87122273E+000
  0.87122270E+000
  0.87122266E+000
  0.87122264E+000
  0.87122262E+000
  0.87122260E+000
  0.87122259E+000
  0.87122259E+000
  0.87122258E+000
  0.87122259E+000
  0.87122259E+000
  0.87122260E+000
  0.87122261E+000
  0.87122263E+000
  0.87122265E+000
  0.87122267E+000
  0.87122269E+000
  0.87122272E+000
  0.87122274E+000
  0.87122277E+000
  0.87122280E+000
  0.87122283E+000
  0.87122286E+000
  0.87122289E+000
  0.87122292E+000
  0.87122296E+000
  0.87122299E+000
  0.87122302E+000
  0.87122305E+000
  0.87122309E+000
  0.87122312E+000
  0.87122315E+000
  0.87122318E+000
  0.87122321E+000
  0.87122325E+000
  0.87122328E+000
  0.87122331E+000
  0.87122333E+000
  0.87122336E+000
  0.87122339E+000
  0.87122342E+000
  0.87122344E+000
  0.87122347E+000
  0.87122349E+000
