  0.00000000E+000  0.00000000E+000  0.00000000E+000  0.00000000E+000  0.00000000E+000  0.00000000E+000  0.10074799E+002  0.40841547E+002  0.75421165E+002  0.12687923E+003  0.15902277E+003
  0.00000000E+000  0.00000000E+000  0.00000000E+000  0.00000000E+000  0.00000000E+000  0.00000000E+000  0.10073594E+002  0.40839302E+002  0.75418651E+002  0.12687663E+003  0.15902032E+003
  0.00000000E+000  0.00000000E+000  0.00000000E+000  0.00000000E+000  0.00000000E+000  0.00000000E+000  0.10072594E+002  0.40837568E+002  0.75416760E+002  0.12687471E+003  0.15901857E+003
  0.00000000E+000  0.00000000E+000  0.00000000E+000  0.00000000E+000  0.00000000E+000  0.00000000E+000  0.10071755E+002  0.40836142E+002  0.75415206E+002  0.12687315E+003  0.15901715E+003
  0.00000000E+000  0.00000000E+000  0.00000000E+000  0.00000000E+000  0.00000000E+000  0.00000000E+000  0.10071044E+002  0.40834948E+002  0.75413905E+002  0.12687184E+003  0.15901597E+003
  0.00000000E+000  0.00000000E+000  0.00000000E+000  0.00000000E+000  0.00000000E+000  0.00000000E+000  0.10070438E+002  0.40833937E+002  0.75412805E+002  0.12687074E+003  0.15901498E+003
  0.00000000E+000  0.00000000E+000  0.00000000E+000  0.00000000E+000  0.00000000E+000  0.00000000E+000  0.10069919E+002  0.40833076E+002  0.75411869E+002  0.12686980E+003  0.15901415E+003
  0.00000000E+000  0.00000000E+000  0.00000000E+000  0.00000000E+000  0.00000000E+000  0.00000000E+000  0.10069471E+002  0.40832339E+002  0.75411069E+002  0.12686901E+003  0.15901344E+003
  0.00000000E+000  0.00000000E+000  0.00000000E+000  0.00000000E+000  0.00000000E+000  0.00000000E+000  0.10069084E+002  0.40831704E+002  0.75410382E+002  0.12686834E+003  0.15901285E+003
  0.00000000E+000  0.00000000E+000  0.00000000E+000  0.00000000E+000  0.00000000E+000  0.00000000E+000  0.10068749E+002  0.40831157E+002  0.75409790E+002  0.12686776E+003  0.15901235E+003
  0.00000000E+000  0.00000000E+000  0.00000000E+000  0.00000000E+000  0.00000000E+000  0.00000000E+000  0.10068456E+002  0.40830682E+002  0.75409278E+002  0.12686727E+003  0.15901192E+003
  0.00000000E+000  0.00000000E+000  0.00000000E+000  0.00000000E+000  0.00000000E+000  0.00000000E+000  0.10068202E+002  0.40830270E+002  0.75408835E+002  0.12686684E+003  0.15901155E+003
  0.00000000E+000  0.00000000E+000  0.00000000E+000  0.00000000E+000  0.00000000E+000  0.00000000E+000  0.10067979E+002  0.40829912E+002  0.75408450E+002  0.12686648E+003  0.15901124E+003
  0.00000000E+000  0.00000000E+000  0.00000000E+000  0.00000000E+000  0.00000000E+000  0.00000000E+000  0.10067785E+002  0.40829599E+002  0.75408115E+002  0.12686617E+003  0.15901098E+003
  0.00000000E+000  0.00000000E+000  0.00000000E+000  0.00000000E+000  0.00000000E+000  0.00000000E+000  0.10067615E+002  0.40829327E+002  0.75407823E+002  0.12686590E+003  0.15901076E+003
  0.00000000E+000  0.00000000E+000  0.00000000E+000  0.00000000E+000  0.00000000E+000  0.00000000E+000  0.10067467E+002  0.40829091E+002  0.75407571E+002  0.12686567E+003  0.15901057E+003
  0.00000000E+000  0.00000000E+000  0.00000000E+000  0.00000000E+000  0.00000000E+000  0.00000000E+000  0.10067339E+002  0.40828887E+002  0.75407352E+002  0.12686547E+003  0.15901041E+003
  0.00000000E+000  0.00000000E+000  0.00000000E+000  0.00000000E+000  0.00000000E+000  0.00000000E+000  0.10067228E+002  0.40828710E+002  0.75407163E+002  0.12686531E+003  0.15901028E+003
  0.00000000E+000  0.00000000E+000  0.00000000E+000  0.00000000E+000  0.00000000E+000  0.00000000E+000  0.10067132E+002  0.40828558E+002  0.75407000E+002  0.12686517E+003  0.15901017E+003
  0.00000000E+000  0.00000000E+000  0.00000000E+000  0.00000000E+000  0.00000000E+000  0.00000000E+000  0.10067050E+002  0.40828426E+002  0.75406858E+002  0.12686505E+003  0.15901009E+003
  0.00000000E+000  0.00000000E+000  0.00000000E+000  0.00000000E+000  0.00000000E+000  0.00000000E+000  0.10066980E+002  0.40828314E+002  0.75406737E+002  0.12686495E+003  0.15901002E+003
  0.00000000E+000  0.00000000E+000  0.00000000E+000  0.00000000E+000  0.00000000E+000  0.00000000E+000  0.10066921E+002  0.40828218E+002  0.75406633E+002  0.12686487E+003  0.15900996E+003
  0.00000000E+000  0.00000000E+000  0.00000000E+000  0.00000000E+000  0.00000000E+000  0.00000000E+000  0.10066872E+002  0.40828137E+002  0.75406544E+002  0.12686480E+003  0.15900992E+003
  0.00000000E+000  0.00000000E+000  0.00000000E+000  0.00000000E+000  0.00000000E+000  0.00000000E+000  0.10066832E+002  0.40828069E+002  0.75406468E+002  0.12686475E+003  0.15900989E+003
  0.00000000E+000  0.00000000E+000  0.00000000E+000  0.00000000E+000  0.00000000E+000  0.00000000E+000  0.10066800E+002  0.40828013E+002  0.75406405E+002  0.12686471E+003  0.15900987E+003
  0.00000000E+000  0.00000000E+000  0.00000000E+000  0.00000000E+000  0.00000000E+000  0.00000000E+000  0.10066777E+002  0.40827968E+002  0.75406352E+002  0.12686467E+003  0.15900986E+003
  0.00000000E+000  0.00000000E+000  0.00000000E+000  0.00000000E+000  0.00000000E+000  0.00000000E+000  0.10066760E+002  0.40827932E+002  0.75406308E+002  0.12686465E+003  0.15900986E+003
  0.00000000E+000  0.00000000E+000  0.00000000E+000  0.00000000E+000  0.00000000E+000  0.00000000E+000  0.10066751E+002  0.40827905E+002  0.75406273E+002  0.12686463E+003  0.15900987E+003
  0.00000000E+000  0.00000000E+000  0.00000000E+000  0.00000000E+000  0.00000000E+000  0.00000000E+000  0.10066748E+002  0.40827885E+002  0.75406246E+002  0.12686462E+003  0.15900988E+003
  0.00000000E+000  0.00000000E+000  0.00000000E+000  0.00000000E+000  0.00000000E+000  0.00000000E+000  0.10066750E+002  0.40827871E+002  0.75406225E+002  0.12686462E+003  0.15900989E+003
  0.00000000E+000  0.00000000E+000  0.00000000E+000  0.00000000E+000  0.00000000E+000  0.00000000E+000  0.10066759E+002  0.40827864E+002  0.75406209E+002  0.12686462E+003  0.15900992E+003
  0.00000000E+000  0.00000000E+000  0.00000000E+000  0.00000000E+000  0.00000000E+000  0.00000000E+000  0.10066773E+002  0.40827862E+002  0.75406199E+002  0.12686462E+003  0.15900994E+003
  0.00000000E+000  0.00000000E+000  0.00000000E+000  0.00000000E+000  0.00000000E+000  0.00000000E+000  0.10066792E+002  0.40827865E+002  0.75406194E+002  0.12686463E+003  0.15900997E+003
  0.00000000E+000  0.00000000E+000  0.00000000E+000  0.00000000E+000  0.00000000E+000  0.00000000E+000  0.10066816E+002  0.40827871E+002  0.75406192E+002  0.12686464E+003  0.15901001E+003
  0.00000000E+000  0.00000000E+000  0.00000000E+000  0.00000000E+000  0.00000000E+000  0.00000000E+000  0.10066845E+002  0.40827881E+002  0.75406194E+002  0.12686466E+003  0.15901004E+003
  0.00000000E+000  0.00000000E+000  0.00000000E+000  0.00000000E+000  0.00000000E+000  0.00000000E+000  0.10066878E+002  0.40827895E+002  0.75406199E+002  0.12686467E+003  0.15901008E+003
  0.00000000E+000  0.00000000E+000  0.00000000E+000  0.00000000E+000  0.00000000E+000  0.00000000E+000  0.10066916E+002  0.40827911E+002  0.75406206E+002  0.12686469E+003  0.15901012E+003
  0.00000000E+000  0.00000000E+000  0.00000000E+000  0.00000000E+000  0.00000000E+000  0.00000000E+000  0.10066958E+002  0.40827929E+002  0.75406216E+002  0.12686471E+003  0.15901016E+003
  0.00000000E+000  0.00000000E+000  0.00000000E+000  0.00000000E+000  0.00000000E+000  0.00000000E+000  0.10067005E+002  0.40827949E+002  0.75406227E+002  0.12686473E+003  0.15901021E+003
  0.00000000E+000  0.00000000E+000  0.00000000E+000  0.00000000E+000  0.00000000E+000  0.00000000E+000  0.10067055E+002  0.40827971E+002  0.75406241E+002  0.12686475E+003  0.15901025E+003
  0.00000000E+000  0.00000000E+000  0.00000000E+000  0.00000000E+000  0.00000000E+000  0.00000000E+000  0.10067110E+002  0.40827995E+002  0.75406256E+002  0.12686477E+003  0.15901030E+003
  0.00000000E+000  0.00000000E+000  0.00000000E+000  0.00000000E+000  0.00000000E+000  0.00000000E+000  0.10067168E+002  0.40828020E+002  0.75406272E+002  0.12686479E+003  0.15901034E+003
  0.00000000E+000  0.00000000E+000  0.00000000E+000  0.00000000E+000  0.00000000E+000  0.00000000E+000  0.10067231E+002  0.40828046E+002  0.75406289E+002  0.12686481E+003  0.15901039E+003
  0.00000000E+000  0.00000000E+000  0.00000000E+000  0.00000000E+000  0.00000000E+000  0.00000000E+000  0.10067297E+002  0.40828073E+002  0.75406308E+002  0.12686483E+003  0.15901044E+003
  0.00000000E+000  0.00000000E+000  0.00000000E+000  0.00000000E+000  0.00000000E+000  0.00000000E+000  0.10067367E+002  0.40828102E+002  0.75406328E+002  0.12686485E+003  0.15901049E+003
  0.00000000E+000  0.00000000E+000  0.00000000E+000  0.00000000E+000  0.00000000E+000  0.00000000E+000  0.10067441E+002  0.40828131E+002  0.75406349E+002  0.12686487E+003  0.15901054E+003
  0.00000000E+000  0.00000000E+000  0.00000000E+000  0.00000000E+000  0.00000000E+000  0.00000000E+000  0.10067518E+002  0.40828161E+002  0.75406371E+002  0.12686489E+003  0.15901059E+003
  0.00000000E+000  0.00000000E+000  0.00000000E+000  0.00000000E+000  0.00000000E+000  0.00000000E+000  0.10067598E+002  0.40828192E+002  0.75406393E+002  0.12686491E+003  0.15901065E+003
  0.00000000E+000  0.00000000E+000  0.00000000E+000  0.00000000E+000  0.00000000E+000  0.00000000E+000  0.10067681E+002  0.40828224E+002  0.75406417E+002  0.12686494E+003  0.15901070E+003
  0.00000000E+000  0.00000000E+000  0.00000000E+000  0.00000000E+000  0.00000000E+000  0.00000000E+000  0.10067768E+002  0.40828258E+002  0.75406442E+002  0.12686496E+003  0.15901076E+003
  0.00000000E+000  0.00000000E+000  0.00000000E+000  0.00000000E+000  0.00000000E+000  0.00000000E+000  0.10067858E+002  0.40828293E+002  0.75406467E+002  0.12686498E+003  0.15901081E+003
  0.00000000E+000  0.00000000E+000  0.00000000E+000  0.00000000E+000  0.00000000E+000  0.00000000E+000  0.10067950E+002  0.40828329E+002  0.75406493E+002  0.12686500E+003  0.15901087E+003
  0.00000000E+000  0.00000000E+000  0.00000000E+000  0.00000000E+000  0.00000000E+000  0.00000000E+000  0.10068045E+002  0.40828367E+002  0.75406520E+002  0.12686502E+003  0.15901092E+003
  0.00000000E+000  0.00000000E+000  0.00000000E+000  0.00000000E+000  0.00000000E+000  0.00000000E+000  0.10068143E+002  0.40828407E+002  0.75406548E+002  0.12686504E+003  0.15901098E+003
  0.00000000E+000  0.00000000E+000  0.00000000E+000  0.00000000E+000  0.00000000E+000  0.00000000E+000  0.10068243E+002  0.40828448E+002  0.75406577E+002  0.12686506E+003  0.15901104E+003
  0.00000000E+000  0.00000000E+000  0.00000000E+000  0.00000000E+000  0.00000000E+000  0.00000000E+000  0.10068345E+002  0.40828492E+002  0.75406607E+002  0.12686508E+003  0.15901110E+003
  0.00000000E+000  0.00000000E+000  0.00000000E+000  0.00000000E+000  0.00000000E+000  0.00000000E+000  0.10068449E+002  0.40828538E+002  0.75406637E+002  0.12686509E+003  0.15901116E+003
  0.00000000E+000  0.00000000E+000  0.00000000E+000  0.00000000E+000  0.00000000E+000  0.00000000E+000  0.10068555E+002  0.40828587E+002  0.75406668E+002  0.12686511E+003  0.15901122E+003
  0.00000000E+000  0.00000000E+000  0.00000000E+000  0.00000000E+000  0.00000000E+000  0.00000000E+000  0.10068663E+002  0.40828639E+002  0.75406699E+002  0.12686513E+003  0.15901128E+003
  0.00000000E+000  0.00000000E+000  0.00000000E+000  0.00000000E+000  0.00000000E+000  0.00000000E+000  0.10068772E+002  0.40828694E+002  0.75406732E+002  0.12686515E+003  0.15901134E+003
  0.00000000E+000  0.00000000E+000  0.00000000E+000  0.00000000E+000  0.00000000E+000  0.00000000E+000  0.10068883E+002  0.40828752E+002  0.75406765E+002  0.12686517E+003  0.15901140E+003
  0.00000000E+000  0.00000000E+000  0.00000000E+000  0.00000000E+000  0.00000000E+000  0.00000000E+000  0.10068994E+002  0.40828814E+002  0.75406798E+002  0.12686518E+003  0.15901147E+003
  0.00000000E+000  0.00000000E+000  0.00000000E+000  0.00000000E+000  0.00000000E+000  0.00000000E+000  0.10069107E+002  0.40828879E+002  0.75406832E+002  0.12686520E+003  0.15901153E+003
  0.00000000E+000  0.00000000E+000  0.00000000E+000  0.00000000E+000  0.00000000E+000  0.00000000E+000  0.10069220E+002  0.40828948E+002  0.75406867E+002  0.12686522E+003  0.15901160E+003
  0.00000000E+000  0.00000000E+000  0.00000000E+000  0.00000000E+000  0.00000000E+000  0.00000000E+000  0.10069334E+002  0.40829021E+002  0.75406902E+002  0.12686523E+003  0.15901166E+003
  0.00000000E+000  0.00000000E+000  0.00000000E+000  0.00000000E+000  0.00000000E+000  0.00000000E+000  0.10069448E+002  0.40829098E+002  0.75406938E+002  0.12686525E+003  0.15901172E+003
  0.00000000E+000  0.00000000E+000  0.00000000E+000  0.00000000E+000  0.00000000E+000  0.00000000E+000  0.10069563E+002  0.40829179E+002  0.75406974E+002  0.12686526E+003  0.15901179E+003
  0.00000000E+000  0.00000000E+000  0.00000000E+000  0.00000000E+000  0.00000000E+000  0.00000000E+000  0.10069677E+002  0.40829263E+002  0.75407011E+002  0.12686528E+003  0.15901185E+003
  0.00000000E+000  0.00000000E+000  0.00000000E+000  0.00000000E+000  0.00000000E+000  0.00000000E+000  0.10069792E+002  0.40829352E+002  0.75407049E+002  0.12686529E+003  0.15901192E+003
  0.00000000E+000  0.00000000E+000  0.00000000E+000  0.00000000E+000  0.00000000E+000  0.00000000E+000  0.10069906E+002  0.40829444E+002  0.75407088E+002  0.12686530E+003  0.15901198E+003
  0.00000000E+000  0.00000000E+000  0.00000000E+000  0.00000000E+000  0.00000000E+000  0.00000000E+000  0.10070019E+002  0.40829540E+002  0.75407128E+002  0.12686532E+003  0.15901204E+003
  0.00000000E+000  0.00000000E+000  0.00000000E+000  0.00000000E+000  0.00000000E+000  0.00000000E+000  0.10070132E+002  0.40829640E+002  0.75407169E+002  0.12686533E+003  0.15901211E+003
  0.00000000E+000  0.00000000E+000  0.00000000E+000  0.00000000E+000  0.00000000E+000  0.00000000E+000  0.10070244E+002  0.40829743E+002  0.75407212E+002  0.12686534E+003  0.15901217E+003
  0.00000000E+000  0.00000000E+000  0.00000000E+000  0.00000000E+000  0.00000000E+000  0.00000000E+000  0.10070355E+002  0.40829849E+002  0.75407256E+002  0.12686535E+003  0.15901223E+003
  0.00000000E+000  0.00000000E+000  0.00000000E+000  0.00000000E+000  0.00000000E+000  0.00000000E+000  0.10070465E+002  0.40829959E+002  0.75407302E+002  0.12686536E+003  0.15901229E+003
  0.00000000E+000  0.00000000E+000  0.00000000E+000  0.00000000E+000  0.00000000E+000  0.00000000E+000  0.10070573E+002  0.40830072E+002  0.75407350E+002  0.12686537E+003  0.15901235E+003
  0.00000000E+000  0.00000000E+000  0.00000000E+000  0.00000000E+000  0.00000000E+000  0.00000000E+000  0.10070681E+002  0.40830189E+002  0.75407401E+002  0.12686537E+003  0.15901241E+003
  0.00000000E+000  0.00000000E+000  0.00000000E+000  0.00000000E+000  0.00000000E+000  0.00000000E+000  0.10070787E+002  0.40830308E+002  0.75407453E+002  0.12686538E+003  0.15901247E+003
  0.00000000E+000  0.00000000E+000  0.00000000E+000  0.00000000E+000  0.00000000E+000  0.00000000E+000  0.10070892E+002  0.40830429E+002  0.75407509E+002  0.12686539E+003  0.15901253E+003
  0.00000000E+000  0.00000000E+000  0.00000000E+000  0.00000000E+000  0.00000000E+000  0.00000000E+000  0.10070995E+002  0.40830553E+002  0.75407566E+002  0.12686540E+003  0.15901259E+003
  0.00000000E+000  0.00000000E+000  0.00000000E+000  0.00000000E+000  0.00000000E+000  0.00000000E+000  0.10071096E+002  0.40830679E+002  0.75407626E+002  0.12686540E+003  0.15901264E+003
  0.00000000E+000  0.00000000E+000  0.00000000E+000  0.00000000E+000  0.00000000E+000  0.00000000E+000  0.10071195E+002  0.40830807E+002  0.75407689E+002  0.12686541E+003  0.15901270E+003
  0.00000000E+000  0.00000000E+000  0.00000000E+000  0.00000000E+000  0.00000000E+000  0.00000000E+000  0.10071293E+002  0.40830937E+002  0.75407755E+002  0.12686542E+003  0.15901275E+003
  0.00000000E+000  0.00000000E+000  0.00000000E+000  0.00000000E+000  0.00000000E+000  0.00000000E+000  0.10071389E+002  0.40831069E+002  0.75407823E+002  0.12686542E+003  0.15901280E+003
  0.00000000E+000  0.00000000E+000  0.00000000E+000  0.00000000E+000  0.00000000E+000  0.00000000E+000  0.10071483E+002  0.40831202E+002  0.75407894E+002  0.12686543E+003  0.15901286E+003
  0.00000000E+000  0.00000000E+000  0.00000000E+000  0.00000000E+000  0.00000000E+000  0.00000000E+000  0.10071575E+002  0.40831337E+002  0.75407968E+002  0.12686544E+003  0.15901291E+003
  0.00000000E+000  0.00000000E+000  0.00000000E+000  0.00000000E+000  0.00000000E+000  0.00000000E+000  0.10071665E+002  0.40831472E+002  0.75408044E+002  0.12686544E+003  0.15901296E+003
  0.00000000E+000  0.00000000E+000  0.00000000E+000  0.00000000E+000  0.00000000E+000  0.00000000E+000  0.10071753E+002  0.40831609E+002  0.75408123E+002  0.12686545E+003  0.15901300E+003
  0.00000000E+000  0.00000000E+000  0.00000000E+000  0.00000000E+000  0.00000000E+000  0.00000000E+000  0.10071839E+002  0.40831747E+002  0.75408204E+002  0.12686546E+003  0.15901305E+003
  0.00000000E+000  0.00000000E+000  0.00000000E+000  0.00000000E+000  0.00000000E+000  0.00000000E+000  0.10071923E+002  0.40831886E+002  0.75408288E+002  0.12686546E+003  0.15901310E+003
  0.00000000E+000  0.00000000E+000  0.00000000E+000  0.00000000E+000  0.00000000E+000  0.00000000E+000  0.10072005E+002  0.40832025E+002  0.75408375E+002  0.12686547E+003  0.15901314E+003
  0.00000000E+000  0.00000000E+000  0.00000000E+000  0.00000000E+000  0.00000000E+000  0.00000000E+000  0.10072084E+002  0.40832165E+002  0.75408463E+002  0.12686548E+003  0.15901319E+003
  0.00000000E+000  0.00000000E+000  0.00000000E+000  0.00000000E+000  0.00000000E+000  0.00000000E+000  0.10072162E+002  0.40832305E+002  0.75408555E+002  0.12686549E+003  0.15901323E+003
  0.00000000E+000  0.00000000E+000  0.00000000E+000  0.00000000E+000  0.00000000E+000  0.00000000E+000  0.10072239E+002  0.40832446E+002  0.75408648E+002  0.12686551E+003  0.15901327E+003
  0.00000000E+000  0.00000000E+000  0.00000000E+000  0.00000000E+000  0.00000000E+000  0.00000000E+000  0.10072313E+002  0.40832587E+002  0.75408744E+002  0.12686552E+003  0.15901331E+003
  0.00000000E+000  0.00000000E+000  0.00000000E+000  0.00000000E+000  0.00000000E+000  0.00000000E+000  0.10072385E+002  0.40832728E+002  0.75408842E+002  0.12686553E+003  0.15901335E+003
  0.00000000E+000  0.00000000E+000  0.00000000E+000  0.00000000E+000  0.00000000E+000  0.00000000E+000  0.10072455E+002  0.40832869E+002  0.75408942E+002  0.12686555E+003  0.15901339E+003
  0.00000000E+000  0.00000000E+000  0.00000000E+000  0.00000000E+000  0.00000000E+000  0.00000000E+000  0.10072524E+002  0.40833010E+002  0.75409044E+002  0.12686557E+003  0.15901342E+003
  0.00000000E+000  0.00000000E+000  0.00000000E+000  0.00000000E+000  0.00000000E+000  0.00000000E+000  0.10072590E+002  0.40833151E+002  0.75409148E+002  0.12686559E+003  0.15901346E+003
  0.00000000E+000  0.00000000E+000  0.00000000E+000  0.00000000E+000  0.00000000E+000  0.00000000E+000  0.10072655E+002  0.40833292E+002  0.75409255E+002  0.12686561E+003  0.15901349E+003
  0.00000000E+000  0.00000000E+000  0.00000000E+000  0.00000000E+000  0.00000000E+000  0.00000000E+000  0.10072718E+002  0.40833433E+002  0.75409363E+002  0.12686563E+003  0.15901353E+003
  0.00000000E+000  0.00000000E+000  0.00000000E+000  0.00000000E+000  0.00000000E+000  0.00000000E+000  0.10072780E+002  0.40833574E+002  0.75409474E+002  0.12686566E+003  0.15901356E+003
  0.00000000E+000  0.00000000E+000  0.00000000E+000  0.00000000E+000  0.00000000E+000  0.00000000E+000  0.10072839E+002  0.40833714E+002  0.75409586E+002  0.12686568E+003  0.15901360E+003
  0.00000000E+000  0.00000000E+000  0.00000000E+000  0.00000000E+000  0.00000000E+000  0.00000000E+000  0.10072898E+002  0.40833854E+002  0.75409700E+002  0.12686571E+003  0.15901363E+003
  0.00000000E+000  0.00000000E+000  0.00000000E+000  0.00000000E+000  0.00000000E+000  0.00000000E+000  0.10072954E+002  0.40833993E+002  0.75409817E+002  0.12686575E+003  0.15901366E+003
  0.00000000E+000  0.00000000E+000  0.00000000E+000  0.00000000E+000  0.00000000E+000  0.00000000E+000  0.10073009E+002  0.40834132E+002  0.75409935E+002  0.12686578E+003  0.15901369E+003
  0.00000000E+000  0.00000000E+000  0.00000000E+000  0.00000000E+000  0.00000000E+000  0.00000000E+000  0.10073063E+002  0.40834270E+002  0.75410054E+002  0.12686582E+003  0.15901372E+003
  0.00000000E+000  0.00000000E+000  0.00000000E+000  0.00000000E+000  0.00000000E+000  0.00000000E+000  0.10073115E+002  0.40834408E+002  0.75410176E+002  0.12686586E+003  0.15901375E+003
  0.00000000E+000  0.00000000E+000  0.00000000E+000  0.00000000E+000  0.00000000E+000  0.00000000E+000  0.10073166E+002  0.40834545E+002  0.75410299E+002  0.12686590E+003  0.15901378E+003
  0.00000000E+000  0.00000000E+000  0.00000000E+000  0.00000000E+000  0.00000000E+000  0.00000000E+000  0.10073215E+002  0.40834682E+002  0.75410424E+002  0.12686594E+003  0.15901381E+003
  0.00000000E+000  0.00000000E+000  0.00000000E+000  0.00000000E+000  0.00000000E+000  0.00000000E+000  0.10073263E+002  0.40834817E+002  0.75410551E+002  0.12686599E+003  0.15901384E+003
  0.00000000E+000  0.00000000E+000  0.00000000E+000  0.00000000E+000  0.00000000E+000  0.00000000E+000  0.10073310E+002  0.40834952E+002  0.75410679E+002  0.12686604E+003  0.15901388E+003
  0.00000000E+000  0.00000000E+000  0.00000000E+000  0.00000000E+000  0.00000000E+000  0.00000000E+000  0.10073355E+002  0.40835086E+002  0.75410809E+002  0.12686609E+003  0.15901391E+003
  0.00000000E+000  0.00000000E+000  0.00000000E+000  0.00000000E+000  0.00000000E+000  0.00000000E+000  0.10073399E+002  0.40835219E+002  0.75410940E+002  0.12686615E+003  0.15901394E+003
  0.00000000E+000  0.00000000E+000  0.00000000E+000  0.00000000E+000  0.00000000E+000  0.00000000E+000  0.10073442E+002  0.40835352E+002  0.75411073E+002  0.12686621E+003  0.15901397E+003
  0.00000000E+000  0.00000000E+000  0.00000000E+000  0.00000000E+000  0.00000000E+000  0.00000000E+000  0.10073484E+002  0.40835483E+002  0.75411207E+002  0.12686627E+003  0.15901400E+003
  0.00000000E+000  0.00000000E+000  0.00000000E+000  0.00000000E+000  0.00000000E+000  0.00000000E+000  0.10073525E+002  0.40835613E+002  0.75411342E+002  0.12686633E+003  0.15901403E+003
  0.00000000E+000  0.00000000E+000  0.00000000E+000  0.00000000E+000  0.00000000E+000  0.00000000E+000  0.10073565E+002  0.40835742E+002  0.75411479E+002  0.12686640E+003  0.15901406E+003
  0.00000000E+000  0.00000000E+000  0.00000000E+000  0.00000000E+000  0.00000000E+000  0.00000000E+000  0.10073603E+002  0.40835870E+002  0.75411616E+002  0.12686647E+003  0.15901409E+003
  0.00000000E+000  0.00000000E+000  0.00000000E+000  0.00000000E+000  0.00000000E+000  0.00000000E+000  0.10073641E+002  0.40835997E+002  0.75411755E+002  0.12686655E+003  0.15901412E+003
  0.00000000E+000  0.00000000E+000  0.00000000E+000  0.00000000E+000  0.00000000E+000  0.00000000E+000  0.10073677E+002  0.40836122E+002  0.75411895E+002  0.12686662E+003  0.15901416E+003
  0.00000000E+000  0.00000000E+000  0.00000000E+000  0.00000000E+000  0.00000000E+000  0.00000000E+000  0.10073713E+002  0.40836246E+002  0.75412035E+002  0.12686670E+003  0.15901419E+003
  0.00000000E+000  0.00000000E+000  0.00000000E+000  0.00000000E+000  0.00000000E+000  0.00000000E+000  0.10073748E+002  0.40836369E+002  0.75412177E+002  0.12686678E+003  0.15901423E+003
  0.00000000E+000  0.00000000E+000  0.00000000E+000  0.00000000E+000  0.00000000E+000  0.00000000E+000  0.10073781E+002  0.40836491E+002  0.75412319E+002  0.12686687E+003  0.15901426E+003
  0.00000000E+000  0.00000000E+000  0.00000000E+000  0.00000000E+000  0.00000000E+000  0.00000000E+000  0.10073814E+002  0.40836611E+002  0.75412461E+002  0.12686695E+003  0.15901430E+003
  0.00000000E+000  0.00000000E+000  0.00000000E+000  0.00000000E+000  0.00000000E+000  0.00000000E+000  0.10073846E+002  0.40836730E+002  0.75412604E+002  0.12686705E+003  0.15901433E+003
  0.00000000E+000  0.00000000E+000  0.00000000E+000  0.00000000E+000  0.00000000E+000  0.00000000E+000  0.10073877E+002  0.40836847E+002  0.75412748E+002  0.12686714E+003  0.15901437E+003
  0.00000000E+000  0.00000000E+000  0.00000000E+000  0.00000000E+000  0.00000000E+000  0.00000000E+000  0.10073907E+002  0.40836962E+002  0.75412891E+002  0.12686724E+003  0.15901441E+003
  0.00000000E+000  0.00000000E+000  0.00000000E+000  0.00000000E+000  0.00000000E+000  0.00000000E+000  0.10073936E+002  0.40837076E+002  0.75413035E+002  0.12686733E+003  0.15901445E+003
  0.00000000E+000  0.00000000E+000  0.00000000E+000  0.00000000E+000  0.00000000E+000  0.00000000E+000  0.10073965E+002  0.40837189E+002  0.75413180E+002  0.12686744E+003  0.15901449E+003
  0.00000000E+000  0.00000000E+000  0.00000000E+000  0.00000000E+000  0.00000000E+000  0.00000000E+000  0.10073993E+002  0.40837300E+002  0.75413324E+002  0.12686754E+003  0.15901453E+003
  0.00000000E+000  0.00000000E+000  0.00000000E+000  0.00000000E+000  0.00000000E+000  0.00000000E+000  0.10074020E+002  0.40837409E+002  0.75413468E+002  0.12686765E+003  0.15901458E+003
  0.00000000E+000  0.00000000E+000  0.00000000E+000  0.00000000E+000  0.00000000E+000  0.00000000E+000  0.10074046E+002  0.40837516E+002  0.75413612E+002  0.12686776E+003  0.15901462E+003
  0.00000000E+000  0.00000000E+000  0.00000000E+000  0.00000000E+000  0.00000000E+000  0.00000000E+000  0.10074071E+002  0.40837622E+002  0.75413755E+002  0.12686787E+003  0.15901467E+003
  0.00000000E+000  0.00000000E+000  0.00000000E+000  0.00000000E+000  0.00000000E+000  0.00000000E+000  0.10074096E+002  0.40837726E+002  0.75413899E+002  0.12686798E+003  0.15901472E+003
  0.00000000E+000  0.00000000E+000  0.00000000E+000  0.00000000E+000  0.00000000E+000  0.00000000E+000  0.10074120E+002  0.40837828E+002  0.75414042E+002  0.12686810E+003  0.15901476E+003
  0.00000000E+000  0.00000000E+000  0.00000000E+000  0.00000000E+000  0.00000000E+000  0.00000000E+000  0.10074143E+002  0.40837929E+002  0.75414184E+002  0.12686822E+003  0.15901481E+003
  0.00000000E+000  0.00000000E+000  0.00000000E+000  0.00000000E+000  0.00000000E+000  0.00000000E+000  0.10074166E+002  0.40838027E+002  0.75414326E+002  0.12686834E+003  0.15901487E+003
  0.00000000E+000  0.00000000E+000  0.00000000E+000  0.00000000E+000  0.00000000E+000  0.00000000E+000  0.10074187E+002  0.40838124E+002  0.75414467E+002  0.12686846E+003  0.15901492E+003
  0.00000000E+000  0.00000000E+000  0.00000000E+000  0.00000000E+000  0.00000000E+000  0.00000000E+000  0.10074209E+002  0.40838219E+002  0.75414607E+002  0.12686859E+003  0.15901497E+003
  0.00000000E+000  0.00000000E+000  0.00000000E+000  0.00000000E+000  0.00000000E+000  0.00000000E+000  0.10074229E+002  0.40838313E+002  0.75414746E+002  0.12686872E+003  0.15901503E+003
  0.00000000E+000  0.00000000E+000  0.00000000E+000  0.00000000E+000  0.00000000E+000  0.00000000E+000  0.10074249E+002  0.40838404E+002  0.75414884E+002  0.12686885E+003  0.15901508E+003
  0.00000000E+000  0.00000000E+000  0.00000000E+000  0.00000000E+000  0.00000000E+000  0.00000000E+000  0.10074269E+002  0.40838494E+002  0.75415022E+002  0.12686898E+003  0.15901514E+003
  0.00000000E+000  0.00000000E+000  0.00000000E+000  0.00000000E+000  0.00000000E+000  0.00000000E+000  0.10074287E+002  0.40838582E+002  0.75415158E+002  0.12686911E+003  0.15901520E+003
  0.00000000E+000  0.00000000E+000  0.00000000E+000  0.00000000E+000  0.00000000E+000  0.00000000E+000  0.10074306E+002  0.40838668E+002  0.75415293E+002  0.12686924E+003  0.15901526E+003
  0.00000000E+000  0.00000000E+000  0.00000000E+000  0.00000000E+000  0.00000000E+000  0.00000000E+000  0.10074323E+002  0.40838752E+002  0.75415427E+002  0.12686938E+003  0.15901533E+003
  0.00000000E+000  0.00000000E+000  0.00000000E+000  0.00000000E+000  0.00000000E+000  0.00000000E+000  0.10074340E+002  0.40838834E+002  0.75415559E+002  0.12686952E+003  0.15901539E+003
  0.00000000E+000  0.00000000E+000  0.00000000E+000  0.00000000E+000  0.00000000E+000  0.00000000E+000  0.10074357E+002  0.40838915E+002  0.75415690E+002  0.12686966E+003  0.15901546E+003
  0.00000000E+000  0.00000000E+000  0.00000000E+000  0.00000000E+000  0.00000000E+000  0.00000000E+000  0.10074373E+002  0.40838994E+002  0.75415820E+002  0.12686980E+003  0.15901552E+003
  0.00000000E+000  0.00000000E+000  0.00000000E+000  0.00000000E+000  0.00000000E+000  0.00000000E+000  0.10074388E+002  0.40839070E+002  0.75415948E+002  0.12686994E+003  0.15901559E+003
  0.00000000E+000  0.00000000E+000  0.00000000E+000  0.00000000E+000  0.00000000E+000  0.00000000E+000  0.10074403E+002  0.40839146E+002  0.75416075E+002  0.12687008E+003  0.15901566E+003
  0.00000000E+000  0.00000000E+000  0.00000000E+000  0.00000000E+000  0.00000000E+000  0.00000000E+000  0.10074418E+002  0.40839219E+002  0.75416200E+002  0.12687022E+003  0.15901573E+003
  0.00000000E+000  0.00000000E+000  0.00000000E+000  0.00000000E+000  0.00000000E+000  0.00000000E+000  0.10074432E+002  0.40839291E+002  0.75416323E+002  0.12687036E+003  0.15901580E+003
  0.00000000E+000  0.00000000E+000  0.00000000E+000  0.00000000E+000  0.00000000E+000  0.00000000E+000  0.10074445E+002  0.40839361E+002  0.75416445E+002  0.12687051E+003  0.15901588E+003
  0.00000000E+000  0.00000000E+000  0.00000000E+000  0.00000000E+000  0.00000000E+000  0.00000000E+000  0.10074459E+002  0.40839429E+002  0.75416565E+002  0.12687065E+003  0.15901595E+003
  0.00000000E+000  0.00000000E+000  0.00000000E+000  0.00000000E+000  0.00000000E+000  0.00000000E+000  0.10074471E+002  0.40839496E+002  0.75416683E+002  0.12687080E+003  0.15901603E+003
  0.00000000E+000  0.00000000E+000  0.00000000E+000  0.00000000E+000  0.00000000E+000  0.00000000E+000  0.10074483E+002  0.40839561E+002  0.75416799E+002  0.12687094E+003  0.15901611E+003
  0.00000000E+000  0.00000000E+000  0.00000000E+000  0.00000000E+000  0.00000000E+000  0.00000000E+000  0.10074495E+002  0.40839624E+002  0.75416914E+002  0.12687109E+003  0.15901618E+003
  0.00000000E+000  0.00000000E+000  0.00000000E+000  0.00000000E+000  0.00000000E+000  0.00000000E+000  0.10074507E+002  0.40839686E+002  0.75417027E+002  0.12687123E+003  0.15901626E+003
  0.00000000E+000  0.00000000E+000  0.00000000E+000  0.00000000E+000  0.00000000E+000  0.00000000E+000  0.10074518E+002  0.40839746E+002  0.75417138E+002  0.12687138E+003  0.15901634E+003
  0.00000000E+000  0.00000000E+000  0.00000000E+000  0.00000000E+000  0.00000000E+000  0.00000000E+000  0.10074528E+002  0.40839804E+002  0.75417247E+002  0.12687152E+003  0.15901643E+003
  0.00000000E+000  0.00000000E+000  0.00000000E+000  0.00000000E+000  0.00000000E+000  0.00000000E+000  0.10074539E+002  0.40839861E+002  0.75417354E+002  0.12687167E+003  0.15901651E+003
  0.00000000E+000  0.00000000E+000  0.00000000E+000  0.00000000E+000  0.00000000E+000  0.00000000E+000  0.10074549E+002  0.40839916E+002  0.75417459E+002  0.12687181E+003  0.15901659E+003
  0.00000000E+000  0.00000000E+000  0.00000000E+000  0.00000000E+000  0.00000000E+000  0.00000000E+000  0.10074558E+002  0.40839970E+002  0.75417562E+002  0.12687196E+003  0.15901668E+003
  0.00000000E+000  0.00000000E+000  0.00000000E+000  0.00000000E+000  0.00000000E+000  0.00000000E+000  0.10074567E+002  0.40840022E+002  0.75417663E+002  0.12687210E+003  0.15901676E+003
  0.00000000E+000  0.00000000E+000  0.00000000E+000  0.00000000E+000  0.00000000E+000  0.00000000E+000  0.10074576E+002  0.40840073E+002  0.75417763E+002  0.12687225E+003  0.15901685E+003
  0.00000000E+000  0.00000000E+000  0.00000000E+000  0.00000000E+000  0.00000000E+000  0.00000000E+000  0.10074585E+002  0.40840123E+002  0.75417860E+002  0.12687239E+003  0.15901693E+003
  0.00000000E+000  0.00000000E+000  0.00000000E+000  0.00000000E+000  0.00000000E+000  0.00000000E+000  0.10074593E+002  0.40840171E+002  0.75417955E+002  0.12687253E+003  0.15901702E+003
  0.00000000E+000  0.00000000E+000  0.00000000E+000  0.00000000E+000  0.00000000E+000  0.00000000E+000  0.10074601E+002  0.40840217E+002  0.75418049E+002  0.12687267E+003  0.15901711E+003
  0.00000000E+000  0.00000000E+000  0.00000000E+000  0.00000000E+000  0.00000000E+000  0.00000000E+000  0.10074609E+002  0.40840263E+002  0.75418140E+002  0.12687281E+003  0.15901719E+003
  0.00000000E+000  0.00000000E+000  0.00000000E+000  0.00000000E+000  0.00000000E+000  0.00000000E+000  0.10074616E+002  0.40840307E+002  0.75418230E+002  0.12687295E+003  0.15901728E+003
  0.00000000E+000  0.00000000E+000  0.00000000E+000  0.00000000E+000  0.00000000E+000  0.00000000E+000  0.10074623E+002  0.40840349E+002  0.75418317E+002  0.12687309E+003  0.15901737E+003
  0.00000000E+000  0.00000000E+000  0.00000000E+000  0.00000000E+000  0.00000000E+000  0.00000000E+000  0.10074630E+002  0.40840391E+002  0.75418403E+002  0.12687323E+003  0.15901746E+003
  0.00000000E+000  0.00000000E+000  0.00000000E+000  0.00000000E+000  0.00000000E+000  0.00000000E+000  0.10074637E+002  0.40840431E+002  0.75418486E+002  0.12687336E+003  0.15901755E+003
  0.00000000E+000  0.00000000E+000  0.00000000E+000  0.00000000E+000  0.00000000E+000  0.00000000E+000  0.10074643E+002  0.40840470E+002  0.75418568E+002  0.12687350E+003  0.15901764E+003
  0.00000000E+000  0.00000000E+000  0.00000000E+000  0.00000000E+000  0.00000000E+000  0.00000000E+000  0.10074650E+002  0.40840508E+002  0.75418648E+002  0.12687363E+003  0.15901773E+003
  0.00000000E+000  0.00000000E+000  0.00000000E+000  0.00000000E+000  0.00000000E+000  0.00000000E+000  0.10074656E+002  0.40840544E+002  0.75418726E+002  0.12687376E+003  0.15901782E+003
  0.00000000E+000  0.00000000E+000  0.00000000E+000  0.00000000E+000  0.00000000E+000  0.00000000E+000  0.10074661E+002  0.40840580E+002  0.75418802E+002  0.12687389E+003  0.15901790E+003
  0.00000000E+000  0.00000000E+000  0.00000000E+000  0.00000000E+000  0.00000000E+000  0.00000000E+000  0.10074667E+002  0.40840614E+002  0.75418876E+002  0.12687402E+003  0.15901799E+003
  0.00000000E+000  0.00000000E+000  0.00000000E+000  0.00000000E+000  0.00000000E+000  0.00000000E+000  0.10074672E+002  0.40840648E+002  0.75418948E+002  0.12687415E+003  0.15901808E+003
  0.00000000E+000  0.00000000E+000  0.00000000E+000  0.00000000E+000  0.00000000E+000  0.00000000E+000  0.10074677E+002  0.40840680E+002  0.75419019E+002  0.12687428E+003  0.15901817E+003
  0.00000000E+000  0.00000000E+000  0.00000000E+000  0.00000000E+000  0.00000000E+000  0.00000000E+000  0.10074682E+002  0.40840711E+002  0.75419088E+002  0.12687440E+003  0.15901826E+003
  0.00000000E+000  0.00000000E+000  0.00000000E+000  0.00000000E+000  0.00000000E+000  0.00000000E+000  0.10074687E+002  0.40840741E+002  0.75419155E+002  0.12687452E+003  0.15901835E+003
  0.00000000E+000  0.00000000E+000  0.00000000E+000  0.00000000E+000  0.00000000E+000  0.00000000E+000  0.10074691E+002  0.40840771E+002  0.75419220E+002  0.12687464E+003  0.15901844E+003
  0.00000000E+000  0.00000000E+000  0.00000000E+000  0.00000000E+000  0.00000000E+000  0.00000000E+000  0.10074696E+002  0.40840799E+002  0.75419283E+002  0.12687476E+003  0.15901852E+003
  0.00000000E+000  0.00000000E+000  0.00000000E+000  0.00000000E+000  0.00000000E+000  0.00000000E+000  0.10074700E+002  0.40840826E+002  0.75419345E+002  0.12687488E+003  0.15901861E+003
  0.00000000E+000  0.00000000E+000  0.00000000E+000  0.00000000E+000  0.00000000E+000  0.00000000E+000  0.10074704E+002  0.40840853E+002  0.75419405E+002  0.12687499E+003  0.15901870E+003
  0.00000000E+000  0.00000000E+000  0.00000000E+000  0.00000000E+000  0.00000000E+000  0.00000000E+000  0.10074708E+002  0.40840878E+002  0.75419464E+002  0.12687511E+003  0.15901878E+003
  0.00000000E+000  0.00000000E+000  0.00000000E+000  0.00000000E+000  0.00000000E+000  0.00000000E+000  0.10074711E+002  0.40840903E+002  0.75419520E+002  0.12687522E+003  0.15901887E+003
  0.00000000E+000  0.00000000E+000  0.00000000E+000  0.00000000E+000  0.00000000E+000  0.00000000E+000  0.10074715E+002  0.40840927E+002  0.75419576E+002  0.12687533E+003  0.15901895E+003
  0.00000000E+000  0.00000000E+000  0.00000000E+000  0.00000000E+000  0.00000000E+000  0.00000000E+000  0.10074718E+002  0.40840950E+002  0.75419629E+002  0.12687543E+003  0.15901904E+003
  0.00000000E+000  0.00000000E+000  0.00000000E+000  0.00000000E+000  0.00000000E+000  0.00000000E+000  0.10074722E+002  0.40840972E+002  0.75419682E+002  0.12687554E+003  0.15901912E+003
  0.00000000E+000  0.00000000E+000  0.00000000E+000  0.00000000E+000  0.00000000E+000  0.00000000E+000  0.10074725E+002  0.40840994E+002  0.75419732E+002  0.12687564E+003  0.15901920E+003
  0.00000000E+000  0.00000000E+000  0.00000000E+000  0.00000000E+000  0.00000000E+000  0.00000000E+000  0.10074728E+002  0.40841014E+002  0.75419781E+002  0.12687574E+003  0.15901929E+003
  0.00000000E+000  0.00000000E+000  0.00000000E+000  0.00000000E+000  0.00000000E+000  0.00000000E+000  0.10074731E+002  0.40841034E+002  0.75419829E+002  0.12687584E+003  0.15901937E+003
  0.00000000E+000  0.00000000E+000  0.00000000E+000  0.00000000E+000  0.00000000E+000  0.00000000E+000  0.10074733E+002  0.40841054E+002  0.75419875E+002  0.12687594E+003  0.15901945E+003
  0.00000000E+000  0.00000000E+000  0.00000000E+000  0.00000000E+000  0.00000000E+000  0.00000000E+000  0.10074736E+002  0.40841072E+002  0.75419920E+002  0.12687604E+003  0.15901953E+003
  0.00000000E+000  0.00000000E+000  0.00000000E+000  0.00000000E+000  0.00000000E+000  0.00000000E+000  0.10074739E+002  0.40841090E+002  0.75419963E+002  0.12687613E+003  0.15901960E+003
  0.00000000E+000  0.00000000E+000  0.00000000E+000  0.00000000E+000  0.00000000E+000  0.00000000E+000  0.10074741E+002  0.40841108E+002  0.75420006E+002  0.12687622E+003  0.15901968E+003
  0.00000000E+000  0.00000000E+000  0.00000000E+000  0.00000000E+000  0.00000000E+000  0.00000000E+000  0.10074743E+002  0.40841124E+002  0.75420046E+002  0.12687631E+003  0.15901976E+003
