  0.36642139E+000  0.42606400E+000  0.52317349E+000  0.61308946E+000  0.85249612E+000  0.10561766E+001  0.15729889E+001  0.24798440E+001  0.37745721E+001  0.92169032E+001  0.97437175E+001
  0.36732913E+000  0.42716510E+000  0.52544171E+000  0.61598402E+000  0.85377910E+000  0.10577160E+001  0.15755973E+001  0.24860035E+001  0.37777323E+001  0.92193395E+001  0.97461927E+001
  0.36782360E+000  0.42807255E+000  0.52682147E+000  0.61713336E+000  0.85484490E+000  0.10590381E+001  0.15776090E+001  0.24905859E+001  0.37803500E+001  0.92194386E+001  0.97479224E+001
  0.36825932E+000  0.42882661E+000  0.52799960E+000  0.61801068E+000  0.85570696E+000  0.10601117E+001  0.15804110E+001  0.24948805E+001  0.37825233E+001  0.92228845E+001  0.97494965E+001
  0.36857124E+000  0.42947171E+000  0.52909627E+000  0.61871965E+000  0.85645644E+000  0.10609536E+001  0.15827024E+001  0.24983902E+001  0.37843570E+001  0.92242210E+001  0.97510531E+001
  0.36888246E+000  0.43000077E+000  0.52975669E+000  0.61934337E+000  0.85707242E+000  0.10616839E+001  0.15846088E+001  0.25012330E+001  0.37857370E+001  0.92252848E+001  0.97518844E+001
  0.36910327E+000  0.43041207E+000  0.53035277E+000  0.61986030E+000  0.85756927E+000  0.10623077E+001  0.15860765E+001  0.25035231E+001  0.37870721E+001  0.92262769E+001  0.97530946E+001
  0.36927961E+000  0.43081359E+000  0.53090782E+000  0.62027176E+000  0.85798050E+000  0.10627997E+001  0.15873978E+001  0.25053557E+001  0.37880426E+001  0.92268774E+001  0.97535866E+001
  0.36947849E+000  0.43111500E+000  0.53131606E+000  0.62061778E+000  0.85834589E+000  0.10632739E+001  0.15884781E+001  0.25069427E+001  0.37889365E+001  0.92276791E+001  0.97541386E+001
  0.36955690E+000  0.43135986E+000  0.53168970E+000  0.62090000E+000  0.85862631E+000  0.10636266E+001  0.15894015E+001  0.25080859E+001  0.37896525E+001  0.92282042E+001  0.97546528E+001
  0.36966793E+000  0.43155287E+000  0.53205785E+000  0.62112073E+000  0.85884744E+000  0.10638839E+001  0.15901170E+001  0.25092727E+001  0.37902437E+001  0.92286683E+001  0.97554233E+001
  0.36976109E+000  0.43172400E+000  0.53225626E+000  0.62135001E+000  0.85908204E+000  0.10641660E+001  0.15907857E+001  0.25102360E+001  0.37905724E+001  0.92289895E+001  0.97558599E+001
  0.36983932E+000  0.43186768E+000  0.53246934E+000  0.62148242E+000  0.85922942E+000  0.10643673E+001  0.15913204E+001  0.25110388E+001  0.37911137E+001  0.92291541E+001  0.97561257E+001
  0.36990506E+000  0.43198839E+000  0.53270403E+000  0.62164940E+000  0.85939512E+000  0.10645403E+001  0.15917385E+001  0.25113060E+001  0.37914876E+001  0.92296111E+001  0.97563563E+001
  0.36996021E+000  0.43208959E+000  0.53279418E+000  0.62176826E+000  0.85950917E+000  0.10646980E+001  0.15920978E+001  0.25115154E+001  0.37916605E+001  0.92298260E+001  0.97562422E+001
  0.37000656E+000  0.43217460E+000  0.53290914E+000  0.62187899E+000  0.85962062E+000  0.10648072E+001  0.15924360E+001  0.25116768E+001  0.37920724E+001  0.92295982E+001  0.97564089E+001
  0.37004552E+000  0.43224838E+000  0.53288954E+000  0.62195122E+000  0.85970905E+000  0.10649231E+001  0.15924837E+001  0.25120617E+001  0.37920766E+001  0.92297588E+001  0.97565615E+001
  0.37007814E+000  0.43231222E+000  0.53272440E+000  0.62203030E+000  0.85977459E+000  0.10650184E+001  0.15927146E+001  0.25122536E+001  0.37923169E+001  0.92298935E+001  0.97566895E+001
  0.37010547E+000  0.43236578E+000  0.53278189E+000  0.62205506E+000  0.85983873E+000  0.10650867E+001  0.15927858E+001  0.25123276E+001  0.37926078E+001  0.92300900E+001  0.97567968E+001
  0.37013501E+000  0.43241062E+000  0.53282598E+000  0.62210654E+000  0.85988856E+000  0.10651531E+001  0.15924401E+001  0.25124332E+001  0.37927427E+001  0.92303626E+001  0.97568866E+001
  0.37016090E+000  0.43244806E+000  0.53285901E+000  0.62215464E+000  0.85992391E+000  0.10651971E+001  0.15924474E+001  0.25125567E+001  0.37928407E+001  0.92305743E+001  0.97569615E+001
  0.37018246E+000  0.43247921E+000  0.53288295E+000  0.62219481E+000  0.85995334E+000  0.10652333E+001  0.15922808E+001  0.25126586E+001  0.37929222E+001  0.92306456E+001  0.97570239E+001
  0.37020034E+000  0.43250504E+000  0.53289950E+000  0.62222824E+000  0.85997775E+000  0.10652631E+001  0.15923392E+001  0.25128025E+001  0.37929898E+001  0.92302998E+001  0.97570756E+001
  0.37021511E+000  0.43252634E+000  0.53291006E+000  0.62225592E+000  0.85999790E+000  0.10652874E+001  0.15911665E+001  0.25129153E+001  0.37930456E+001  0.92303447E+001  0.97570912E+001
  0.37022723E+000  0.43254382E+000  0.53291580E+000  0.62227873E+000  0.86004360E+000  0.10653072E+001  0.15912165E+001  0.25130079E+001  0.37930913E+001  0.92303815E+001  0.97572074E+001
  0.37023712E+000  0.43255807E+000  0.53291770E+000  0.62229741E+000  0.86005770E+000  0.10653533E+001  0.15912785E+001  0.25130510E+001  0.37931287E+001  0.92304115E+001  0.97573802E+001
  0.37024512E+000  0.43256959E+000  0.53291659E+000  0.62231260E+000  0.86007352E+000  0.10653665E+001  0.15913221E+001  0.25131443E+001  0.37931225E+001  0.92304359E+001  0.97574274E+001
  0.37025155E+000  0.43257884E+000  0.53291314E+000  0.62232486E+000  0.86007829E+000  0.10653770E+001  0.15913412E+001  0.25131932E+001  0.37931474E+001  0.92304523E+001  0.97574654E+001
  0.37025666E+000  0.43258617E+000  0.53288147E+000  0.62233465E+000  0.86008558E+000  0.10653854E+001  0.15913503E+001  0.25132321E+001  0.37931673E+001  0.92304638E+001  0.97574956E+001
  0.37026068E+000  0.43259192E+000  0.53288982E+000  0.62234241E+000  0.86009132E+000  0.10653919E+001  0.15913523E+001  0.25132626E+001  0.37931829E+001  0.92304728E+001  0.97575194E+001
  0.37026379E+000  0.43259637E+000  0.53289628E+000  0.62234846E+000  0.86009576E+000  0.10653969E+001  0.15913490E+001  0.25132863E+001  0.37931951E+001  0.92304798E+001  0.97576898E+001
  0.37026616E+000  0.43259974E+000  0.53290119E+000  0.62235312E+000  0.86009916E+000  0.10654007E+001  0.15913421E+001  0.25133043E+001  0.37932043E+001  0.92304852E+001  0.97577011E+001
  0.37026794E+000  0.43260225E+000  0.53290486E+000  0.62235665E+000  0.86010171E+000  0.10654035E+001  0.15911896E+001  0.25133177E+001  0.37932113E+001  0.92304892E+001  0.97577096E+001
  0.37026923E+000  0.43260406E+000  0.53290752E+000  0.62233215E+000  0.86010358E+000  0.10654056E+001  0.15911930E+001  0.25133275E+001  0.37932164E+001  0.92304921E+001  0.97577158E+001
  0.37027014E+000  0.43260532E+000  0.53290939E+000  0.62233395E+000  0.86010491E+000  0.10654070E+001  0.15911953E+001  0.25133343E+001  0.37932192E+001  0.92304942E+001  0.97577203E+001
  0.37027076E+000  0.43260615E+000  0.53291063E+000  0.62233517E+000  0.86010582E+000  0.10654080E+001  0.15911967E+001  0.25133389E+001  0.37932210E+001  0.92304956E+001  0.97577234E+001
  0.37027115E+000  0.43260665E+000  0.53291140E+000  0.62233596E+000  0.86010641E+000  0.10654086E+001  0.15911975E+001  0.25133418E+001  0.37932221E+001  0.92304966E+001  0.97577255E+001
  0.37027138E+000  0.43260691E+000  0.53291182E+000  0.62233640E+000  0.86010676E+000  0.10654089E+001  0.15911978E+001  0.25133435E+001  0.37932228E+001  0.92304971E+001  0.97577268E+001
  0.37027148E+000  0.43260699E+000  0.53291197E+000  0.62233659E+000  0.86010694E+000  0.10654090E+001  0.15911977E+001  0.25133442E+001  0.37932232E+001  0.92304974E+001  0.97577275E+001
  0.37027150E+000  0.43260695E+000  0.53291195E+000  0.62233661E+000  0.86010700E+000  0.10654091E+001  0.15911975E+001  0.25133442E+001  0.37932233E+001  0.92304975E+001  0.97577278E+001
  0.37027146E+000  0.43260683E+000  0.53291181E+000  0.62233651E+000  0.86010698E+000  0.10654090E+001  0.15911972E+001  0.25133438E+001  0.37932233E+001  0.92304975E+001  0.97577278E+001
  0.37027139E+000  0.43260667E+000  0.53291161E+000  0.62233634E+000  0.86010691E+000  0.10654089E+001  0.15911967E+001  0.25133432E+001  0.37932232E+001  0.92304974E+001  0.97577277E+001
  0.37027131E+000  0.43260648E+000  0.53291137E+000  0.62233614E+000  0.86010683E+000  0.10654087E+001  0.15911963E+001  0.25133425E+001  0.37932230E+001  0.92304972E+001  0.97577275E+001
  0.37027123E+000  0.43260629E+000  0.53291112E+000  0.62233593E+000  0.86010673E+000  0.10654086E+001  0.15911959E+001  0.25133418E+001  0.37932229E+001  0.92304971E+001  0.97577273E+001
  0.37027115E+000  0.43260611E+000  0.53291089E+000  0.62233574E+000  0.86010664E+000  0.10654085E+001  0.15911955E+001  0.25133410E+001  0.37932227E+001  0.92304970E+001  0.97577271E+001
  0.37027107E+000  0.43260595E+000  0.53291067E+000  0.62233556E+000  0.86010657E+000  0.10654084E+001  0.15911952E+001  0.25133404E+001  0.37932225E+001  0.92304968E+001  0.97577269E+001
  0.37027101E+000  0.43260580E+000  0.53291048E+000  0.62233540E+000  0.86010651E+000  0.10654083E+001  0.15911949E+001  0.25133398E+001  0.37932224E+001  0.92304968E+001  0.97577268E+001
  0.37027097E+000  0.43260568E+000  0.53291032E+000  0.62233527E+000  0.86010646E+000  0.10654082E+001  0.15911946E+001  0.25133394E+001  0.37932223E+001  0.92304967E+001  0.97577267E+001
  0.37027093E+000  0.43260557E+000  0.53291019E+000  0.62233517E+000  0.86010643E+000  0.10654081E+001  0.15911944E+001  0.25133390E+001  0.37932223E+001  0.92304966E+001  0.97577266E+001
  0.37027091E+000  0.43260549E+000  0.53291008E+000  0.62233508E+000  0.86010642E+000  0.10654081E+001  0.15911942E+001  0.25133388E+001  0.37932223E+001  0.92304966E+001  0.97577266E+001
  0.37027089E+000  0.43260542E+000  0.53291000E+000  0.62233502E+000  0.86010641E+000  0.10654080E+001  0.15911941E+001  0.25133386E+001  0.37932222E+001  0.92304966E+001  0.97577266E+001
  0.37027089E+000  0.43260536E+000  0.53290993E+000  0.62233497E+000  0.86010642E+000  0.10654080E+001  0.15911940E+001  0.25133385E+001  0.37932222E+001  0.92304966E+001  0.97577267E+001
  0.37027088E+000  0.43260531E+000  0.53290988E+000  0.62233493E+000  0.86010643E+000  0.10654080E+001  0.15911939E+001  0.25133384E+001  0.37932223E+001  0.92304966E+001  0.97577267E+001
  0.37027089E+000  0.43260528E+000  0.53290984E+000  0.62233491E+000  0.86010645E+000  0.10654080E+001  0.15911938E+001  0.25133383E+001  0.37932223E+001  0.92304967E+001  0.97577268E+001
  0.37027089E+000  0.43260525E+000  0.53290981E+000  0.62233490E+000  0.86010647E+000  0.10654080E+001  0.15911938E+001  0.25133383E+001  0.37932223E+001  0.92304967E+001  0.97577269E+001
  0.37027090E+000  0.43260522E+000  0.53290979E+000  0.62233489E+000  0.86010649E+000  0.10654080E+001  0.15911937E+001  0.25133384E+001  0.37932224E+001  0.92304967E+001  0.97577270E+001
  0.37027091E+000  0.43260521E+000  0.53290977E+000  0.62233489E+000  0.86010651E+000  0.10654081E+001  0.15911937E+001  0.25133384E+001  0.37932224E+001  0.92304968E+001  0.97577270E+001
  0.37027092E+000  0.43260519E+000  0.53290976E+000  0.62233488E+000  0.86010653E+000  0.10654081E+001  0.15911937E+001  0.25133384E+001  0.37932225E+001  0.92304968E+001  0.97577271E+001
  0.37027092E+000  0.43260517E+000  0.53290974E+000  0.62233487E+000  0.86010654E+000  0.10654081E+001  0.15911936E+001  0.25133385E+001  0.37932225E+001  0.92304968E+001  0.97577272E+001
  0.37027092E+000  0.43260514E+000  0.53290972E+000  0.62233486E+000  0.86010655E+000  0.10654081E+001  0.15911936E+001  0.25133385E+001  0.37932225E+001  0.92304968E+001  0.97577272E+001
  0.37027093E+000  0.43260512E+000  0.53290970E+000  0.62233485E+000  0.86010655E+000  0.10654081E+001  0.15911936E+001  0.25133385E+001  0.37932225E+001  0.92304968E+001  0.97577272E+001
  0.37027093E+000  0.43260510E+000  0.53290968E+000  0.62233483E+000  0.86010656E+000  0.10654081E+001  0.15911935E+001  0.25133385E+001  0.37932225E+001  0.92304968E+001  0.97577272E+001
  0.37027092E+000  0.43260508E+000  0.53290965E+000  0.62233481E+000  0.86010656E+000  0.10654081E+001  0.15911935E+001  0.25133385E+001  0.37932225E+001  0.92304968E+001  0.97577272E+001
  0.37027092E+000  0.43260505E+000  0.53290962E+000  0.62233479E+000  0.86010655E+000  0.10654080E+001  0.15911934E+001  0.25133384E+001  0.37932225E+001  0.92304968E+001  0.97577272E+001
  0.37027091E+000  0.43260503E+000  0.53290959E+000  0.62233476E+000  0.86010654E+000  0.10654080E+001  0.15911934E+001  0.25133384E+001  0.37932225E+001  0.92304968E+001  0.97577272E+001
  0.37027090E+000  0.43260500E+000  0.53290956E+000  0.62233473E+000  0.86010652E+000  0.10654080E+001  0.15911933E+001  0.25133384E+001  0.37932225E+001  0.92304968E+001  0.97577272E+001
  0.37027088E+000  0.43260497E+000  0.53290952E+000  0.62233470E+000  0.86010650E+000  0.10654080E+001  0.15911933E+001  0.25133383E+001  0.37932224E+001  0.92304967E+001  0.97577271E+001
  0.37027086E+000  0.43260493E+000  0.53290947E+000  0.62233465E+000  0.86010648E+000  0.10654079E+001  0.15911932E+001  0.25133382E+001  0.37932224E+001  0.92304967E+001  0.97577270E+001
  0.37027084E+000  0.43260489E+000  0.53290942E+000  0.62233461E+000  0.86010645E+000  0.10654079E+001  0.15911932E+001  0.25133381E+001  0.37932223E+001  0.92304966E+001  0.97577269E+001
  0.37027082E+000  0.43260485E+000  0.53290937E+000  0.62233456E+000  0.86010642E+000  0.10654079E+001  0.15911931E+001  0.25133380E+001  0.37932223E+001  0.92304966E+001  0.97577268E+001
  0.37027080E+000  0.43260481E+000  0.53290932E+000  0.62233451E+000  0.86010638E+000  0.10654078E+001  0.15911930E+001  0.25133378E+001  0.37932222E+001  0.92304965E+001  0.97577267E+001
  0.37027077E+000  0.43260477E+000  0.53290926E+000  0.62233446E+000  0.86010634E+000  0.10654078E+001  0.15911929E+001  0.25133377E+001  0.37932221E+001  0.92304965E+001  0.97577266E+001
  0.37027075E+000  0.43260473E+000  0.53290921E+000  0.62233440E+000  0.86010631E+000  0.10654077E+001  0.15911929E+001  0.25133375E+001  0.37932221E+001  0.92304964E+001  0.97577265E+001
  0.37027072E+000  0.43260469E+000  0.53290915E+000  0.62233434E+000  0.86010626E+000  0.10654077E+001  0.15911928E+001  0.25133374E+001  0.37932220E+001  0.92304963E+001  0.97577263E+001
  0.37027069E+000  0.43260465E+000  0.53290909E+000  0.62233429E+000  0.86010622E+000  0.10654076E+001  0.15911927E+001  0.25133372E+001  0.37932219E+001  0.92304963E+001  0.97577262E+001
  0.37027066E+000  0.43260460E+000  0.53290903E+000  0.62233423E+000  0.86010618E+000  0.10654076E+001  0.15911926E+001  0.25133371E+001  0.37932218E+001  0.92304962E+001  0.97577261E+001
  0.37027063E+000  0.43260456E+000  0.53290897E+000  0.62233417E+000  0.86010613E+000  0.10654075E+001  0.15911925E+001  0.25133369E+001  0.37932217E+001  0.92304961E+001  0.97577259E+001
  0.37027059E+000  0.43260451E+000  0.53290890E+000  0.62233410E+000  0.86010608E+000  0.10654075E+001  0.15911925E+001  0.25133367E+001  0.37932216E+001  0.92304961E+001  0.97577258E+001
  0.37027056E+000  0.43260447E+000  0.53290884E+000  0.62233404E+000  0.86010603E+000  0.10654074E+001  0.15911924E+001  0.25133365E+001  0.37932215E+001  0.92304960E+001  0.97577256E+001
  0.37027053E+000  0.43260442E+000  0.53290878E+000  0.62233398E+000  0.86010598E+000  0.10654074E+001  0.15911923E+001  0.25133363E+001  0.37932215E+001  0.92304959E+001  0.97577254E+001
  0.37027049E+000  0.43260438E+000  0.53290871E+000  0.62233391E+000  0.86010593E+000  0.10654073E+001  0.15911922E+001  0.25133362E+001  0.37932214E+001  0.92304958E+001  0.97577253E+001
  0.37027046E+000  0.43260433E+000  0.53290865E+000  0.62233385E+000  0.86010588E+000  0.10654072E+001  0.15911921E+001  0.25133360E+001  0.37932213E+001  0.92304957E+001  0.97577251E+001
  0.37027043E+000  0.43260429E+000  0.53290858E+000  0.62233379E+000  0.86010583E+000  0.10654072E+001  0.15911920E+001  0.25133358E+001  0.37932212E+001  0.92304956E+001  0.97577249E+001
  0.37027039E+000  0.43260424E+000  0.53290852E+000  0.62233372E+000  0.86010578E+000  0.10654071E+001  0.15911919E+001  0.25133356E+001  0.37932211E+001  0.92304956E+001  0.97577248E+001
  0.37027036E+000  0.43260420E+000  0.53290846E+000  0.62233366E+000  0.86010573E+000  0.10654071E+001  0.15911918E+001  0.25133354E+001  0.37932210E+001  0.92304955E+001  0.97577246E+001
  0.37027032E+000  0.43260416E+000  0.53290839E+000  0.62233359E+000  0.86010567E+000  0.10654070E+001  0.15911918E+001  0.25133352E+001  0.37932209E+001  0.92304954E+001  0.97577244E+001
  0.37027029E+000  0.43260411E+000  0.53290833E+000  0.62233353E+000  0.86010562E+000  0.10654070E+001  0.15911917E+001  0.25133350E+001  0.37932208E+001  0.92304953E+001  0.97577243E+001
  0.37027026E+000  0.43260407E+000  0.53290827E+000  0.62233347E+000  0.86010557E+000  0.10654069E+001  0.15911916E+001  0.25133348E+001  0.37932207E+001  0.92304952E+001  0.97577241E+001
  0.37027022E+000  0.43260403E+000  0.53290821E+000  0.62233341E+000  0.86010552E+000  0.10654069E+001  0.15911915E+001  0.25133346E+001  0.37932206E+001  0.92304952E+001  0.97577239E+001
  0.37027019E+000  0.43260399E+000  0.53290815E+000  0.62233334E+000  0.86010547E+000  0.10654068E+001  0.15911914E+001  0.25133344E+001  0.37932205E+001  0.92304951E+001  0.97577238E+001
  0.37027016E+000  0.43260395E+000  0.53290809E+000  0.62233328E+000  0.86010543E+000  0.10654068E+001  0.15911913E+001  0.25133342E+001  0.37932204E+001  0.92304950E+001  0.97577236E+001
  0.37027013E+000  0.43260391E+000  0.53290803E+000  0.62233323E+000  0.86010538E+000  0.10654067E+001  0.15911913E+001  0.25133341E+001  0.37932203E+001  0.92304949E+001  0.97577235E+001
  0.37027010E+000  0.43260387E+000  0.53290798E+000  0.62233317E+000  0.86010533E+000  0.10654067E+001  0.15911912E+001  0.25133339E+001  0.37932202E+001  0.92304949E+001  0.97577233E+001
  0.37027007E+000  0.43260383E+000  0.53290792E+000  0.62233311E+000  0.86010529E+000  0.10654066E+001  0.15911911E+001  0.25133337E+001  0.37932202E+001  0.92304948E+001  0.97577232E+001
  0.37027004E+000  0.43260380E+000  0.53290787E+000  0.62233306E+000  0.86010524E+000  0.10654066E+001  0.15911910E+001  0.25133335E+001  0.37932201E+001  0.92304947E+001  0.97577230E+001
  0.37027001E+000  0.43260376E+000  0.53290782E+000  0.62233300E+000  0.86010520E+000  0.10654065E+001  0.15911910E+001  0.25133334E+001  0.37932200E+001  0.92304946E+001  0.97577229E+001
  0.37026998E+000  0.43260373E+000  0.53290777E+000  0.62233295E+000  0.86010516E+000  0.10654065E+001  0.15911909E+001  0.25133332E+001  0.37932199E+001  0.92304946E+001  0.97577227E+001
  0.37026995E+000  0.43260370E+000  0.53290772E+000  0.62233290E+000  0.86010511E+000  0.10654064E+001  0.15911908E+001  0.25133330E+001  0.37932198E+001  0.92304945E+001  0.97577226E+001
  0.37026992E+000  0.43260366E+000  0.53290767E+000  0.62233286E+000  0.86010507E+000  0.10654064E+001  0.15911908E+001  0.25133329E+001  0.37932198E+001  0.92304944E+001  0.97577224E+001
  0.37026990E+000  0.43260363E+000  0.53290762E+000  0.62233281E+000  0.86010503E+000  0.10654063E+001  0.15911907E+001  0.25133327E+001  0.37932197E+001  0.92304944E+001  0.97577223E+001
  0.37026987E+000  0.43260360E+000  0.53290758E+000  0.62233276E+000  0.86010500E+000  0.10654063E+001  0.15911906E+001  0.25133326E+001  0.37932196E+001  0.92304943E+001  0.97577222E+001
  0.37026985E+000  0.43260358E+000  0.53290754E+000  0.62233272E+000  0.86010496E+000  0.10654063E+001  0.15911906E+001  0.25133324E+001  0.37932196E+001  0.92304943E+001  0.97577220E+001
  0.37026982E+000  0.43260355E+000  0.53290750E+000  0.62233268E+000  0.86010492E+000  0.10654062E+001  0.15911905E+001  0.25133323E+001  0.37932195E+001  0.92304942E+001  0.97577219E+001
  0.37026980E+000  0.43260352E+000  0.53290746E+000  0.62233264E+000  0.86010489E+000  0.10654062E+001  0.15911905E+001  0.25133322E+001  0.37932194E+001  0.92304941E+001  0.97577218E+001
  0.37026978E+000  0.43260350E+000  0.53290742E+000  0.62233261E+000  0.86010485E+000  0.10654062E+001  0.15911904E+001  0.25133320E+001  0.37932194E+001  0.92304941E+001  0.97577217E+001
  0.37026976E+000  0.43260347E+000  0.53290738E+000  0.62233257E+000  0.86010482E+000  0.10654061E+001  0.15911904E+001  0.25133319E+001  0.37932193E+001  0.92304940E+001  0.97577216E+001
  0.37026974E+000  0.43260345E+000  0.53290734E+000  0.62233254E+000  0.86010479E+000  0.10654061E+001  0.15911903E+001  0.25133318E+001  0.37932192E+001  0.92304940E+001  0.97577214E+001
  0.37026972E+000  0.43260343E+000  0.53290731E+000  0.62233251E+000  0.86010476E+000  0.10654061E+001  0.15911903E+001  0.25133317E+001  0.37932192E+001  0.92304939E+001  0.97577213E+001
  0.37026970E+000  0.43260341E+000  0.53290728E+000  0.62233248E+000  0.86010473E+000  0.10654060E+001  0.15911902E+001  0.25133316E+001  0.37932191E+001  0.92304939E+001  0.97577212E+001
  0.37026968E+000  0.43260339E+000  0.53290725E+000  0.62233245E+000  0.86010470E+000  0.10654060E+001  0.15911902E+001  0.25133315E+001  0.37932191E+001  0.92304938E+001  0.97577211E+001
  0.37026966E+000  0.43260337E+000  0.53290722E+000  0.62233242E+000  0.86010467E+000  0.10654060E+001  0.15911901E+001  0.25133314E+001  0.37932190E+001  0.92304938E+001  0.97577210E+001
  0.37026964E+000  0.43260335E+000  0.53290719E+000  0.62233240E+000  0.86010465E+000  0.10654060E+001  0.15911901E+001  0.25133313E+001  0.37932190E+001  0.92304938E+001  0.97577209E+001
  0.37026963E+000  0.43260333E+000  0.53290716E+000  0.62233238E+000  0.86010462E+000  0.10654059E+001  0.15911900E+001  0.25133312E+001  0.37932189E+001  0.92304937E+001  0.97577208E+001
  0.37026961E+000  0.43260331E+000  0.53290714E+000  0.62233236E+000  0.86010460E+000  0.10654059E+001  0.15911900E+001  0.25133311E+001  0.37932189E+001  0.92304937E+001  0.97577207E+001
  0.37026960E+000  0.43260330E+000  0.53290711E+000  0.62233234E+000  0.86010458E+000  0.10654059E+001  0.15911900E+001  0.25133310E+001  0.37932188E+001  0.92304936E+001  0.97577206E+001
  0.37026958E+000  0.43260328E+000  0.53290709E+000  0.62233232E+000  0.86010455E+000  0.10654059E+001  0.15911899E+001  0.25133309E+001  0.37932188E+001  0.92304936E+001  0.97577206E+001
  0.37026957E+000  0.43260327E+000  0.53290707E+000  0.62233231E+000  0.86010453E+000  0.10654058E+001  0.15911899E+001  0.25133308E+001  0.37932188E+001  0.92304936E+001  0.97577205E+001
  0.37026955E+000  0.43260326E+000  0.53290705E+000  0.62233230E+000  0.86010451E+000  0.10654058E+001  0.15911899E+001  0.25133307E+001  0.37932187E+001  0.92304935E+001  0.97577204E+001
  0.37026954E+000  0.43260324E+000  0.53290703E+000  0.62233229E+000  0.86010449E+000  0.10654058E+001  0.15911898E+001  0.25133307E+001  0.37932187E+001  0.92304935E+001  0.97577203E+001
  0.37026953E+000  0.43260323E+000  0.53290701E+000  0.62233228E+000  0.86010448E+000  0.10654058E+001  0.15911898E+001  0.25133306E+001  0.37932187E+001  0.92304935E+001  0.97577203E+001
  0.37026952E+000  0.43260322E+000  0.53290700E+000  0.62233227E+000  0.86010446E+000  0.10654058E+001  0.15911898E+001  0.25133305E+001  0.37932186E+001  0.92304935E+001  0.97577202E+001
  0.37026951E+000  0.43260321E+000  0.53290698E+000  0.62233226E+000  0.86010444E+000  0.10654058E+001  0.15911898E+001  0.25133305E+001  0.37932186E+001  0.92304934E+001  0.97577201E+001
  0.37026950E+000  0.43260320E+000  0.53290697E+000  0.62233226E+000  0.86010443E+000  0.10654057E+001  0.15911897E+001  0.25133304E+001  0.37932186E+001  0.92304934E+001  0.97577201E+001
  0.37026949E+000  0.43260320E+000  0.53290696E+000  0.62233225E+000  0.86010442E+000  0.10654057E+001  0.15911897E+001  0.25133304E+001  0.37932186E+001  0.92304934E+001  0.97577200E+001
  0.37026948E+000  0.43260319E+000  0.53290695E+000  0.62233225E+000  0.86010441E+000  0.10654057E+001  0.15911897E+001  0.25133303E+001  0.37932185E+001  0.92304934E+001  0.97577200E+001
  0.37026948E+000  0.43260318E+000  0.53290694E+000  0.62233225E+000  0.86010440E+000  0.10654057E+001  0.15911897E+001  0.25133303E+001  0.37932185E+001  0.92304934E+001  0.97577199E+001
  0.37026947E+000  0.43260318E+000  0.53290693E+000  0.62233225E+000  0.86010439E+000  0.10654057E+001  0.15911897E+001  0.25133302E+001  0.37932185E+001  0.92304933E+001  0.97577199E+001
  0.37026947E+000  0.43260318E+000  0.53290693E+000  0.62233226E+000  0.86010438E+000  0.10654057E+001  0.15911897E+001  0.25133302E+001  0.37932185E+001  0.92304933E+001  0.97577199E+001
  0.37026946E+000  0.43260317E+000  0.53290692E+000  0.62233226E+000  0.86010437E+000  0.10654057E+001  0.15911897E+001  0.25133302E+001  0.37932185E+001  0.92304933E+001  0.97577198E+001
  0.37026946E+000  0.43260317E+000  0.53290692E+000  0.62233226E+000  0.86010437E+000  0.10654057E+001  0.15911896E+001  0.25133302E+001  0.37932185E+001  0.92304933E+001  0.97577198E+001
  0.37026945E+000  0.43260317E+000  0.53290692E+000  0.62233227E+000  0.86010436E+000  0.10654057E+001  0.15911896E+001  0.25133302E+001  0.37932184E+001  0.92304933E+001  0.97577198E+001
  0.37026945E+000  0.43260317E+000  0.53290692E+000  0.62233228E+000  0.86010436E+000  0.10654057E+001  0.15911896E+001  0.25133302E+001  0.37932184E+001  0.92304933E+001  0.97577198E+001
  0.37026945E+000  0.43260317E+000  0.53290692E+000  0.62233228E+000  0.86010436E+000  0.10654057E+001  0.15911896E+001  0.25133302E+001  0.37932184E+001  0.92304933E+001  0.97577198E+001
  0.37026945E+000  0.43260317E+000  0.53290692E+000  0.62233229E+000  0.86010436E+000  0.10654057E+001  0.15911896E+001  0.25133302E+001  0.37932184E+001  0.92304933E+001  0.97577198E+001
  0.37026945E+000  0.43260317E+000  0.53290692E+000  0.62233230E+000  0.86010436E+000  0.10654057E+001  0.15911896E+001  0.25133302E+001  0.37932184E+001  0.92304933E+001  0.97577198E+001
  0.37026945E+000  0.43260317E+000  0.53290692E+000  0.62233231E+000  0.86010436E+000  0.10654057E+001  0.15911896E+001  0.25133302E+001  0.37932184E+001  0.92304933E+001  0.97577198E+001
  0.37026945E+000  0.43260318E+000  0.53290693E+000  0.62233232E+000  0.86010436E+000  0.10654057E+001  0.15911896E+001  0.25133302E+001  0.37932184E+001  0.92304933E+001  0.97577198E+001
  0.37026945E+000  0.43260318E+000  0.53290693E+000  0.62233233E+000  0.86010436E+000  0.10654057E+001  0.15911897E+001  0.25133302E+001  0.37932184E+001  0.92304933E+001  0.97577198E+001
  0.37026945E+000  0.43260318E+000  0.53290694E+000  0.62233234E+000  0.86010436E+000  0.10654057E+001  0.15911897E+001  0.25133303E+001  0.37932184E+001  0.92304933E+001  0.97577198E+001
  0.37026946E+000  0.43260319E+000  0.53290694E+000  0.62233236E+000  0.86010437E+000  0.10654057E+001  0.15911897E+001  0.25133303E+001  0.37932185E+001  0.92304933E+001  0.97577198E+001
  0.37026946E+000  0.43260319E+000  0.53290695E+000  0.62233237E+000  0.86010437E+000  0.10654057E+001  0.15911897E+001  0.25133303E+001  0.37932185E+001  0.92304933E+001  0.97577198E+001
  0.37026946E+000  0.43260320E+000  0.53290696E+000  0.62233238E+000  0.86010437E+000  0.10654057E+001  0.15911897E+001  0.25133304E+001  0.37932185E+001  0.92304933E+001  0.97577198E+001
  0.37026947E+000  0.43260320E+000  0.53290697E+000  0.62233239E+000  0.86010438E+000  0.10654057E+001  0.15911897E+001  0.25133304E+001  0.37932185E+001  0.92304933E+001  0.97577198E+001
  0.37026947E+000  0.43260321E+000  0.53290697E+000  0.62233240E+000  0.86010438E+000  0.10654057E+001  0.15911897E+001  0.25133304E+001  0.37932185E+001  0.92304933E+001  0.97577198E+001
  0.37026947E+000  0.43260321E+000  0.53290698E+000  0.62233242E+000  0.86010439E+000  0.10654058E+001  0.15911897E+001  0.25133305E+001  0.37932185E+001  0.92304934E+001  0.97577199E+001
  0.37026948E+000  0.43260322E+000  0.53290699E+000  0.62233243E+000  0.86010440E+000  0.10654058E+001  0.15911897E+001  0.25133305E+001  0.37932185E+001  0.92304934E+001  0.97577199E+001
  0.37026948E+000  0.43260322E+000  0.53290700E+000  0.62233244E+000  0.86010440E+000  0.10654058E+001  0.15911897E+001  0.25133306E+001  0.37932185E+001  0.92304934E+001  0.97577199E+001
  0.37026948E+000  0.43260323E+000  0.53290701E+000  0.62233245E+000  0.86010441E+000  0.10654058E+001  0.15911897E+001  0.25133306E+001  0.37932185E+001  0.92304934E+001  0.97577199E+001
  0.37026949E+000  0.43260324E+000  0.53290702E+000  0.62233246E+000  0.86010442E+000  0.10654058E+001  0.15911898E+001  0.25133307E+001  0.37932185E+001  0.92304934E+001  0.97577200E+001
  0.37026949E+000  0.43260324E+000  0.53290703E+000  0.62233248E+000  0.86010442E+000  0.10654058E+001  0.15911898E+001  0.25133307E+001  0.37932186E+001  0.92304934E+001  0.97577200E+001
  0.37026950E+000  0.43260325E+000  0.53290704E+000  0.62233249E+000  0.86010443E+000  0.10654058E+001  0.15911898E+001  0.25133308E+001  0.37932186E+001  0.92304934E+001  0.97577200E+001
  0.37026950E+000  0.43260325E+000  0.53290704E+000  0.62233250E+000  0.86010444E+000  0.10654058E+001  0.15911898E+001  0.25133308E+001  0.37932186E+001  0.92304934E+001  0.97577201E+001
  0.37026951E+000  0.43260326E+000  0.53290705E+000  0.62233251E+000  0.86010444E+000  0.10654058E+001  0.15911898E+001  0.25133309E+001  0.37932186E+001  0.92304934E+001  0.97577201E+001
  0.37026951E+000  0.43260327E+000  0.53290706E+000  0.62233252E+000  0.86010445E+000  0.10654058E+001  0.15911898E+001  0.25133309E+001  0.37932186E+001  0.92304934E+001  0.97577201E+001
  0.37026952E+000  0.43260327E+000  0.53290707E+000  0.62233253E+000  0.86010446E+000  0.10654058E+001  0.15911898E+001  0.25133310E+001  0.37932186E+001  0.92304935E+001  0.97577202E+001
  0.37026952E+000  0.43260328E+000  0.53290708E+000  0.62233254E+000  0.86010446E+000  0.10654059E+001  0.15911899E+001  0.25133310E+001  0.37932186E+001  0.92304935E+001  0.97577202E+001
  0.37026953E+000  0.43260329E+000  0.53290709E+000  0.62233256E+000  0.86010447E+000  0.10654059E+001  0.15911899E+001  0.25133311E+001  0.37932187E+001  0.92304935E+001  0.97577203E+001
  0.37026953E+000  0.43260329E+000  0.53290710E+000  0.62233257E+000  0.86010448E+000  0.10654059E+001  0.15911899E+001  0.25133311E+001  0.37932187E+001  0.92304935E+001  0.97577203E+001
  0.37026954E+000  0.43260330E+000  0.53290711E+000  0.62233258E+000  0.86010449E+000  0.10654059E+001  0.15911899E+001  0.25133311E+001  0.37932187E+001  0.92304935E+001  0.97577203E+001
  0.37026954E+000  0.43260330E+000  0.53290712E+000  0.62233259E+000  0.86010449E+000  0.10654059E+001  0.15911899E+001  0.25133312E+001  0.37932187E+001  0.92304935E+001  0.97577204E+001
  0.37026954E+000  0.43260331E+000  0.53290713E+000  0.62233260E+000  0.86010450E+000  0.10654059E+001  0.15911899E+001  0.25133312E+001  0.37932187E+001  0.92304935E+001  0.97577204E+001
  0.37026955E+000  0.43260331E+000  0.53290713E+000  0.62233260E+000  0.86010451E+000  0.10654059E+001  0.15911899E+001  0.25133313E+001  0.37932187E+001  0.92304935E+001  0.97577205E+001
  0.37026955E+000  0.43260332E+000  0.53290714E+000  0.62233261E+000  0.86010451E+000  0.10654059E+001  0.15911899E+001  0.25133313E+001  0.37932187E+001  0.92304935E+001  0.97577205E+001
  0.37026956E+000  0.43260332E+000  0.53290715E+000  0.62233262E+000  0.86010452E+000  0.10654059E+001  0.15911899E+001  0.25133314E+001  0.37932187E+001  0.92304936E+001  0.97577206E+001
  0.37026956E+000  0.43260333E+000  0.53290716E+000  0.62233263E+000  0.86010452E+000  0.10654059E+001  0.15911900E+001  0.25133314E+001  0.37932187E+001  0.92304936E+001  0.97577206E+001
  0.37026956E+000  0.43260333E+000  0.53290716E+000  0.62233264E+000  0.86010453E+000  0.10654059E+001  0.15911900E+001  0.25133314E+001  0.37932188E+001  0.92304936E+001  0.97577206E+001
  0.37026957E+000  0.43260334E+000  0.53290717E+000  0.62233264E+000  0.86010453E+000  0.10654059E+001  0.15911900E+001  0.25133315E+001  0.37932188E+001  0.92304936E+001  0.97577207E+001
  0.37026957E+000  0.43260334E+000  0.53290717E+000  0.62233265E+000  0.86010453E+000  0.10654059E+001  0.15911900E+001  0.25133315E+001  0.37932188E+001  0.92304936E+001  0.97577207E+001
  0.37026957E+000  0.43260334E+000  0.53290718E+000  0.62233265E+000  0.86010454E+000  0.10654059E+001  0.15911900E+001  0.25133315E+001  0.37932188E+001  0.92304936E+001  0.97577207E+001
  0.37026957E+000  0.43260335E+000  0.53290718E+000  0.62233266E+000  0.86010454E+000  0.10654059E+001  0.15911900E+001  0.25133315E+001  0.37932188E+001  0.92304936E+001  0.97577208E+001
  0.37026957E+000  0.43260335E+000  0.53290718E+000  0.62233266E+000  0.86010454E+000  0.10654059E+001  0.15911900E+001  0.25133316E+001  0.37932188E+001  0.92304936E+001  0.97577208E+001
  0.37026957E+000  0.43260335E+000  0.53290718E+000  0.62233266E+000  0.86010454E+000  0.10654059E+001  0.15911900E+001  0.25133316E+001  0.37932188E+001  0.92304936E+001  0.97577208E+001
  0.37026957E+000  0.43260335E+000  0.53290719E+000  0.62233267E+000  0.86010454E+000  0.10654059E+001  0.15911900E+001  0.25133316E+001  0.37932188E+001  0.92304936E+001  0.97577209E+001
  0.37026957E+000  0.43260335E+000  0.53290719E+000  0.62233267E+000  0.86010454E+000  0.10654059E+001  0.15911900E+001  0.25133316E+001  0.37932188E+001  0.92304936E+001  0.97577209E+001
  0.37026957E+000  0.43260335E+000  0.53290719E+000  0.62233267E+000  0.86010454E+000  0.10654059E+001  0.15911900E+001  0.25133316E+001  0.37932188E+001  0.92304936E+001  0.97577209E+001
  0.37026957E+000  0.43260335E+000  0.53290719E+000  0.62233267E+000  0.86010454E+000  0.10654059E+001  0.15911900E+001  0.25133316E+001  0.37932188E+001  0.92304936E+001  0.97577209E+001
  0.37026957E+000  0.43260335E+000  0.53290718E+000  0.62233267E+000  0.86010454E+000  0.10654059E+001  0.15911900E+001  0.25133316E+001  0.37932188E+001  0.92304936E+001  0.97577209E+001
  0.37026957E+000  0.43260335E+000  0.53290718E+000  0.62233266E+000  0.86010454E+000  0.10654059E+001  0.15911900E+001  0.25133316E+001  0.37932188E+001  0.92304936E+001  0.97577209E+001
  0.37026957E+000  0.43260334E+000  0.53290718E+000  0.62233266E+000  0.86010453E+000  0.10654059E+001  0.15911900E+001  0.25133316E+001  0.37932188E+001  0.92304936E+001  0.97577210E+001
  0.37026957E+000  0.43260334E+000  0.53290718E+000  0.62233266E+000  0.86010453E+000  0.10654059E+001  0.15911900E+001  0.25133316E+001  0.37932188E+001  0.92304936E+001  0.97577210E+001
  0.37026956E+000  0.43260334E+000  0.53290717E+000  0.62233266E+000  0.86010453E+000  0.10654059E+001  0.15911900E+001  0.25133316E+001  0.37932188E+001  0.92304936E+001  0.97577210E+001
  0.37026956E+000  0.43260334E+000  0.53290717E+000  0.62233265E+000  0.86010452E+000  0.10654059E+001  0.15911900E+001  0.25133316E+001  0.37932187E+001  0.92304936E+001  0.97577210E+001
  0.37026956E+000  0.43260333E+000  0.53290716E+000  0.62233265E+000  0.86010452E+000  0.10654059E+001  0.15911899E+001  0.25133316E+001  0.37932187E+001  0.92304936E+001  0.97577210E+001
  0.37026956E+000  0.43260333E+000  0.53290716E+000  0.62233264E+000  0.86010451E+000  0.10654059E+001  0.15911899E+001  0.25133316E+001  0.37932187E+001  0.92304935E+001  0.97577210E+001
  0.37026955E+000  0.43260333E+000  0.53290715E+000  0.62233264E+000  0.86010451E+000  0.10654059E+001  0.15911899E+001  0.25133316E+001  0.37932187E+001  0.92304935E+001  0.97577210E+001
  0.37026955E+000  0.43260332E+000  0.53290715E+000  0.62233264E+000  0.86010450E+000  0.10654059E+001  0.15911899E+001  0.25133315E+001  0.37932187E+001  0.92304935E+001  0.97577210E+001
  0.37026955E+000  0.43260332E+000  0.53290714E+000  0.62233263E+000  0.86010450E+000  0.10654059E+001  0.15911899E+001  0.25133315E+001  0.37932187E+001  0.92304935E+001  0.97577210E+001
  0.37026954E+000  0.43260332E+000  0.53290714E+000  0.62233263E+000  0.86010450E+000  0.10654059E+001  0.15911899E+001  0.25133315E+001  0.37932187E+001  0.92304935E+001  0.97577210E+001
  0.37026954E+000  0.43260331E+000  0.53290713E+000  0.62233262E+000  0.86010449E+000  0.10654059E+001  0.15911899E+001  0.25133315E+001  0.37932187E+001  0.92304935E+001  0.97577210E+001
  0.37026954E+000  0.43260331E+000  0.53290713E+000  0.62233262E+000  0.86010449E+000  0.10654059E+001  0.15911899E+001  0.25133315E+001  0.37932187E+001  0.92304935E+001  0.97577210E+001
  0.37026954E+000  0.43260331E+000  0.53290712E+000  0.62233261E+000  0.86010448E+000  0.10654059E+001  0.15911899E+001  0.25133315E+001  0.37932187E+001  0.92304935E+001  0.97577210E+001
  0.37026953E+000  0.43260330E+000  0.53290712E+000  0.62233261E+000  0.86010448E+000  0.10654059E+001  0.15911899E+001  0.25133315E+001  0.37932187E+001  0.92304935E+001  0.97577210E+001
  0.37026953E+000  0.43260330E+000  0.53290711E+000  0.62233260E+000  0.86010447E+000  0.10654059E+001  0.15911899E+001  0.25133314E+001  0.37932187E+001  0.92304935E+001  0.97577210E+001
  0.37026953E+000  0.43260330E+000  0.53290711E+000  0.62233260E+000  0.86010447E+000  0.10654059E+001  0.15911899E+001  0.25133314E+001  0.37932186E+001  0.92304935E+001  0.97577210E+001
  0.37026953E+000  0.43260330E+000  0.53290711E+000  0.62233260E+000  0.86010447E+000  0.10654059E+001  0.15911899E+001  0.25133314E+001  0.37932186E+001  0.92304935E+001  0.97577210E+001
  0.37026953E+000  0.43260329E+000  0.53290711E+000  0.62233260E+000  0.86010447E+000  0.10654059E+001  0.15911899E+001  0.25133314E+001  0.37932186E+001  0.92304935E+001  0.97577210E+001
  0.37026952E+000  0.43260329E+000  0.53290711E+000  0.62233259E+000  0.86010447E+000  0.10654059E+001  0.15911899E+001  0.25133314E+001  0.37932186E+001  0.92304935E+001  0.97577210E+001
  0.37026952E+000  0.43260329E+000  0.53290711E+000  0.62233259E+000  0.86010446E+000  0.10654059E+001  0.15911899E+001  0.25133314E+001  0.37932186E+001  0.92304935E+001  0.97577210E+001
  0.37026950E+000  0.43260327E+000  0.53290706E+000  0.62233256E+000  0.86010444E+000  0.10654058E+001  0.15911898E+001  0.25133312E+001  0.37932186E+001  0.92304934E+001  0.97577209E+001
  0.37026948E+000  0.43260321E+000  0.53290699E+000  0.62233248E+000  0.86010441E+000  0.10654058E+001  0.15911898E+001  0.25133310E+001  0.37932185E+001  0.92304934E+001  0.97577208E+001
