  0.30451028E+000  0.32504105E+000  0.40680464E+000  0.51415080E+000  0.65079404E+000  0.95851481E+000  0.14124999E+001  0.22627413E+001  0.30469683E+001  0.44114089E+001  0.53751951E+001
  0.30453413E+000  0.32507577E+000  0.40740741E+000  0.51467074E+000  0.65149105E+000  0.95853710E+000  0.14125867E+001  0.22628472E+001  0.30471192E+001  0.44115801E+001  0.53752985E+001
  0.30455371E+000  0.32510498E+000  0.40767231E+000  0.51494492E+000  0.65189002E+000  0.95858520E+000  0.14126990E+001  0.22629567E+001  0.30471806E+001  0.44116581E+001  0.53753478E+001
  0.30457003E+000  0.32512969E+000  0.40771953E+000  0.51502811E+000  0.65218454E+000  0.95862685E+000  0.14127807E+001  0.22630526E+001  0.30472231E+001  0.44117228E+001  0.53754515E+001
  0.30458374E+000  0.32515072E+000  0.40775810E+000  0.51534284E+000  0.65243126E+000  0.95866295E+000  0.14128153E+001  0.22631013E+001  0.30472625E+001  0.44118781E+001  0.53754810E+001
  0.30459532E+000  0.32516869E+000  0.40779332E+000  0.51560161E+000  0.65262195E+000  0.95869426E+000  0.14128893E+001  0.22631311E+001  0.30472956E+001  0.44119512E+001  0.53755288E+001
  0.30460514E+000  0.32518411E+000  0.40785221E+000  0.51570764E+000  0.65278040E+000  0.95872000E+000  0.14129083E+001  0.22631538E+001  0.30473235E+001  0.44120129E+001  0.53755692E+001
  0.30461351E+000  0.32519741E+000  0.40835377E+000  0.51587957E+000  0.65293578E+000  0.95869390E+000  0.14129245E+001  0.22631716E+001  0.30473614E+001  0.44120652E+001  0.53756034E+001
  0.30462067E+000  0.32520894E+000  0.40837741E+000  0.51594333E+000  0.65304649E+000  0.95867677E+000  0.14129384E+001  0.22632414E+001  0.30473978E+001  0.44121097E+001  0.53756324E+001
  0.30462682E+000  0.32521896E+000  0.40839745E+000  0.51602351E+000  0.65313996E+000  0.95867049E+000  0.14129502E+001  0.22633165E+001  0.30474289E+001  0.44121476E+001  0.53756572E+001
  0.30463213E+000  0.32522772E+000  0.40857155E+000  0.51603903E+000  0.65323202E+000  0.95867534E+000  0.14129605E+001  0.22632831E+001  0.30474555E+001  0.44121800E+001  0.53757118E+001
  0.30463671E+000  0.32523541E+000  0.40858568E+000  0.51605225E+000  0.65330359E+000  0.95869049E+000  0.14129693E+001  0.22633221E+001  0.30474783E+001  0.44122079E+001  0.53757305E+001
  0.30464069E+000  0.32524219E+000  0.40859775E+000  0.51606353E+000  0.65336098E+000  0.95871472E+000  0.14129770E+001  0.22633561E+001  0.30474979E+001  0.44122318E+001  0.53757466E+001
  0.30464415E+000  0.32524821E+000  0.40860811E+000  0.51607319E+000  0.65340991E+000  0.95874662E+000  0.14129837E+001  0.22633858E+001  0.30475149E+001  0.44122525E+001  0.53757604E+001
  0.30464717E+000  0.32525357E+000  0.40861701E+000  0.51608149E+000  0.65345180E+000  0.95878477E+000  0.14129896E+001  0.22634117E+001  0.30475296E+001  0.44122704E+001  0.53757724E+001
  0.30464981E+000  0.32525836E+000  0.40862472E+000  0.51608868E+000  0.65348797E+000  0.95882788E+000  0.14129948E+001  0.22634343E+001  0.30475423E+001  0.44122859E+001  0.53757828E+001
  0.30465211E+000  0.32526266E+000  0.40863139E+000  0.51609491E+000  0.65351931E+000  0.95886049E+000  0.14129993E+001  0.22634539E+001  0.30475534E+001  0.44125508E+001  0.53757918E+001
  0.30465412E+000  0.32526653E+000  0.40863718E+000  0.51610033E+000  0.65354651E+000  0.95886688E+000  0.14130033E+001  0.22634709E+001  0.30475630E+001  0.44125604E+001  0.53757996E+001
  0.30465587E+000  0.32527002E+000  0.40864220E+000  0.51610504E+000  0.65357021E+000  0.95887251E+000  0.14130068E+001  0.22634856E+001  0.30475713E+001  0.44125687E+001  0.53758064E+001
  0.30465739E+000  0.32527317E+000  0.40864654E+000  0.51610913E+000  0.65359081E+000  0.95887747E+000  0.14130099E+001  0.22633071E+001  0.30475784E+001  0.44125759E+001  0.53758122E+001
  0.30465872E+000  0.32527603E+000  0.40865030E+000  0.51611268E+000  0.65360870E+000  0.95888183E+000  0.14130126E+001  0.22633178E+001  0.30475846E+001  0.44125820E+001  0.53758172E+001
  0.30465988E+000  0.32527862E+000  0.40865354E+000  0.51611575E+000  0.65362421E+000  0.95888567E+000  0.14130150E+001  0.22633272E+001  0.30475899E+001  0.44125873E+001  0.53758214E+001
  0.30466088E+000  0.32528098E+000  0.40865632E+000  0.51611840E+000  0.65363764E+000  0.95888903E+000  0.14130171E+001  0.22633354E+001  0.30475945E+001  0.44125918E+001  0.53758251E+001
  0.30466174E+000  0.32528313E+000  0.40865870E+000  0.51612068E+000  0.65364923E+000  0.95889198E+000  0.14130189E+001  0.22633426E+001  0.30475983E+001  0.44125957E+001  0.53758281E+001
  0.30466249E+000  0.32528510E+000  0.40866072E+000  0.51612264E+000  0.65365920E+000  0.95889456E+000  0.14130205E+001  0.22633489E+001  0.30476016E+001  0.44125989E+001  0.53758307E+001
  0.30466312E+000  0.32528691E+000  0.40866244E+000  0.51612430E+000  0.65366774E+000  0.95889681E+000  0.14130219E+001  0.22633543E+001  0.30476043E+001  0.44126016E+001  0.53758328E+001
  0.30466367E+000  0.32528858E+000  0.40866387E+000  0.51612571E+000  0.65367502E+000  0.95889877E+000  0.14130231E+001  0.22633590E+001  0.30476066E+001  0.44126039E+001  0.53758346E+001
  0.30466413E+000  0.32529011E+000  0.40866508E+000  0.51612691E+000  0.65368127E+000  0.95890047E+000  0.14130242E+001  0.22633631E+001  0.30476085E+001  0.44126057E+001  0.53758360E+001
  0.30466451E+000  0.32529152E+000  0.40866610E+000  0.51612794E+000  0.65368680E+000  0.95890191E+000  0.14130251E+001  0.22633664E+001  0.30476099E+001  0.44126072E+001  0.53758371E+001
  0.30466483E+000  0.32529281E+000  0.40866690E+000  0.51612878E+000  0.65369128E+000  0.95890315E+000  0.14130258E+001  0.22633692E+001  0.30476111E+001  0.44126083E+001  0.53758379E+001
  0.30466509E+000  0.32529401E+000  0.40866752E+000  0.51612943E+000  0.65369487E+000  0.95890421E+000  0.14130264E+001  0.22633716E+001  0.30476119E+001  0.44126091E+001  0.53758385E+001
  0.30466531E+000  0.32529513E+000  0.40866799E+000  0.51612995E+000  0.65369768E+000  0.95890511E+000  0.14130270E+001  0.22633735E+001  0.30476125E+001  0.44126097E+001  0.53758389E+001
  0.30466549E+000  0.32529617E+000  0.40866834E+000  0.51613034E+000  0.65369986E+000  0.95890589E+000  0.14130274E+001  0.22633751E+001  0.30476129E+001  0.44126100E+001  0.53758392E+001
  0.30466564E+000  0.32529716E+000  0.40866858E+000  0.51613063E+000  0.65370151E+000  0.95890655E+000  0.14130278E+001  0.22633763E+001  0.30476131E+001  0.44126102E+001  0.53758393E+001
  0.30466577E+000  0.32529809E+000  0.40866873E+000  0.51613084E+000  0.65370271E+000  0.95890712E+000  0.14130280E+001  0.22633774E+001  0.30476132E+001  0.44126103E+001  0.53758393E+001
  0.30466588E+000  0.32529897E+000  0.40866882E+000  0.51613098E+000  0.65370356E+000  0.95890761E+000  0.14130283E+001  0.22633782E+001  0.30476131E+001  0.44126103E+001  0.53758392E+001
  0.30466597E+000  0.32529981E+000  0.40866885E+000  0.51613107E+000  0.65370412E+000  0.95890803E+000  0.14130285E+001  0.22633788E+001  0.30476130E+001  0.44126102E+001  0.53758390E+001
  0.30466605E+000  0.32530061E+000  0.40866885E+000  0.51613112E+000  0.65370445E+000  0.95890840E+000  0.14130286E+001  0.22633794E+001  0.30476129E+001  0.44126100E+001  0.53758389E+001
  0.30466613E+000  0.32530137E+000  0.40866881E+000  0.51613113E+000  0.65370459E+000  0.95890873E+000  0.14130288E+001  0.22633798E+001  0.30476127E+001  0.44126098E+001  0.53758386E+001
  0.30466620E+000  0.32530211E+000  0.40866875E+000  0.51613112E+000  0.65370461E+000  0.95890902E+000  0.14130289E+001  0.22633800E+001  0.30476124E+001  0.44126096E+001  0.53758384E+001
  0.30466627E+000  0.32530281E+000  0.40866868E+000  0.51613109E+000  0.65370452E+000  0.95890927E+000  0.14130289E+001  0.22633803E+001  0.30476122E+001  0.44126093E+001  0.53758381E+001
  0.30466633E+000  0.32530348E+000  0.40866859E+000  0.51613105E+000  0.65370436E+000  0.95890950E+000  0.14130290E+001  0.22633804E+001  0.30476119E+001  0.44126091E+001  0.53758379E+001
  0.30466639E+000  0.32530413E+000  0.40866850E+000  0.51613100E+000  0.65370415E+000  0.95890971E+000  0.14130290E+001  0.22633806E+001  0.30476117E+001  0.44126088E+001  0.53758376E+001
  0.30466646E+000  0.32530474E+000  0.40866841E+000  0.51613094E+000  0.65370392E+000  0.95890989E+000  0.14130291E+001  0.22633806E+001  0.30476114E+001  0.44126085E+001  0.53758374E+001
  0.30466652E+000  0.32530533E+000  0.40866833E+000  0.51613089E+000  0.65370368E+000  0.95891006E+000  0.14130291E+001  0.22633807E+001  0.30476111E+001  0.44126083E+001  0.53758371E+001
  0.30466658E+000  0.32530589E+000  0.40866824E+000  0.51613083E+000  0.65370343E+000  0.95891021E+000  0.14130291E+001  0.22633807E+001  0.30476109E+001  0.44126080E+001  0.53758369E+001
  0.30466665E+000  0.32530642E+000  0.40866816E+000  0.51613077E+000  0.65370319E+000  0.95891035E+000  0.14130291E+001  0.22633807E+001  0.30476106E+001  0.44126078E+001  0.53758366E+001
  0.30466671E+000  0.32530692E+000  0.40866808E+000  0.51613072E+000  0.65370296E+000  0.95891047E+000  0.14130291E+001  0.22633808E+001  0.30476104E+001  0.44126075E+001  0.53758364E+001
  0.30466677E+000  0.32530739E+000  0.40866801E+000  0.51613067E+000  0.65370274E+000  0.95891058E+000  0.14130291E+001  0.22633808E+001  0.30476102E+001  0.44126073E+001  0.53758362E+001
  0.30466684E+000  0.32530783E+000  0.40866794E+000  0.51613062E+000  0.65370254E+000  0.95891068E+000  0.14130291E+001  0.22633808E+001  0.30476100E+001  0.44126071E+001  0.53758360E+001
  0.30466690E+000  0.32530824E+000  0.40866787E+000  0.51613057E+000  0.65370235E+000  0.95891077E+000  0.14130291E+001  0.22633808E+001  0.30476098E+001  0.44126069E+001  0.53758358E+001
  0.30466696E+000  0.32530862E+000  0.40866782E+000  0.51613052E+000  0.65370217E+000  0.95891084E+000  0.14130290E+001  0.22633808E+001  0.30476096E+001  0.44126067E+001  0.53758356E+001
  0.30466702E+000  0.32530897E+000  0.40866776E+000  0.51613048E+000  0.65370201E+000  0.95891091E+000  0.14130290E+001  0.22633808E+001  0.30476094E+001  0.44126066E+001  0.53758355E+001
  0.30466707E+000  0.32530930E+000  0.40866771E+000  0.51613044E+000  0.65370186E+000  0.95891096E+000  0.14130290E+001  0.22633809E+001  0.30476092E+001  0.44126064E+001  0.53758353E+001
  0.30466713E+000  0.32530959E+000  0.40866766E+000  0.51613040E+000  0.65370172E+000  0.95891100E+000  0.14130290E+001  0.22633809E+001  0.30476091E+001  0.44126062E+001  0.53758351E+001
  0.30466718E+000  0.32530986E+000  0.40866761E+000  0.51613036E+000  0.65370158E+000  0.95891104E+000  0.14130289E+001  0.22633810E+001  0.30476089E+001  0.44126061E+001  0.53758350E+001
  0.30466723E+000  0.32531011E+000  0.40866756E+000  0.51613032E+000  0.65370146E+000  0.95891106E+000  0.14130289E+001  0.22633811E+001  0.30476087E+001  0.44126059E+001  0.53758348E+001
  0.30466728E+000  0.32531033E+000  0.40866752E+000  0.51613028E+000  0.65370134E+000  0.95891108E+000  0.14130288E+001  0.22633813E+001  0.30476086E+001  0.44126058E+001  0.53758347E+001
  0.30466732E+000  0.32531052E+000  0.40866748E+000  0.51613024E+000  0.65370122E+000  0.95891110E+000  0.14130288E+001  0.22633814E+001  0.30476085E+001  0.44126056E+001  0.53758345E+001
  0.30466736E+000  0.32531070E+000  0.40866744E+000  0.51613020E+000  0.65370111E+000  0.95891111E+000  0.14130288E+001  0.22633816E+001  0.30476083E+001  0.44126055E+001  0.53758344E+001
  0.30466740E+000  0.32531086E+000  0.40866740E+000  0.51613017E+000  0.65370101E+000  0.95891112E+000  0.14130287E+001  0.22633818E+001  0.30476082E+001  0.44126054E+001  0.53758343E+001
  0.30466744E+000  0.32531099E+000  0.40866736E+000  0.51613013E+000  0.65370091E+000  0.95891112E+000  0.14130287E+001  0.22633820E+001  0.30476081E+001  0.44126052E+001  0.53758341E+001
  0.30466747E+000  0.32531112E+000  0.40866732E+000  0.51613010E+000  0.65370081E+000  0.95891112E+000  0.14130287E+001  0.22633823E+001  0.30476080E+001  0.44126051E+001  0.53758340E+001
  0.30466750E+000  0.32531122E+000  0.40866729E+000  0.51613007E+000  0.65370072E+000  0.95891112E+000  0.14130287E+001  0.22633825E+001  0.30476079E+001  0.44126050E+001  0.53758339E+001
  0.30466753E+000  0.32531132E+000  0.40866726E+000  0.51613004E+000  0.65370063E+000  0.95891113E+000  0.14130286E+001  0.22633828E+001  0.30476078E+001  0.44126049E+001  0.53758338E+001
  0.30466756E+000  0.32531140E+000  0.40866723E+000  0.51613001E+000  0.65370054E+000  0.95891113E+000  0.14130286E+001  0.22633832E+001  0.30476077E+001  0.44126048E+001  0.53758337E+001
  0.30466759E+000  0.32531147E+000  0.40866720E+000  0.51612998E+000  0.65370046E+000  0.95891113E+000  0.14130286E+001  0.22633835E+001  0.30476076E+001  0.44126047E+001  0.53758336E+001
  0.30466761E+000  0.32531153E+000  0.40866718E+000  0.51612996E+000  0.65370039E+000  0.95891114E+000  0.14130286E+001  0.22633839E+001  0.30476076E+001  0.44126046E+001  0.53758335E+001
  0.30466763E+000  0.32531158E+000  0.40866715E+000  0.51612994E+000  0.65370032E+000  0.95891115E+000  0.14130286E+001  0.22633842E+001  0.30476075E+001  0.44126046E+001  0.53758335E+001
  0.30466765E+000  0.32531162E+000  0.40866713E+000  0.51612991E+000  0.65370025E+000  0.95891116E+000  0.14130286E+001  0.22633846E+001  0.30476074E+001  0.44126045E+001  0.53758334E+001
  0.30466767E+000  0.32531166E+000  0.40866711E+000  0.51612989E+000  0.65370019E+000  0.95891118E+000  0.14130286E+001  0.22633850E+001  0.30476074E+001  0.44126044E+001  0.53758333E+001
  0.30466769E+000  0.32531169E+000  0.40866709E+000  0.51612988E+000  0.65370014E+000  0.95891119E+000  0.14130287E+001  0.22633855E+001  0.30476073E+001  0.44126044E+001  0.53758333E+001
  0.30466771E+000  0.32531172E+000  0.40866708E+000  0.51612986E+000  0.65370009E+000  0.95891122E+000  0.14130287E+001  0.22633859E+001  0.30476073E+001  0.44126043E+001  0.53758332E+001
  0.30466772E+000  0.32531175E+000  0.40866706E+000  0.51612985E+000  0.65370004E+000  0.95891124E+000  0.14130287E+001  0.22633864E+001  0.30476073E+001  0.44126043E+001  0.53758332E+001
  0.30466774E+000  0.32531177E+000  0.40866705E+000  0.51612983E+000  0.65370000E+000  0.95891127E+000  0.14130287E+001  0.22633868E+001  0.30476073E+001  0.44126043E+001  0.53758332E+001
  0.30466775E+000  0.32531179E+000  0.40866704E+000  0.51612982E+000  0.65369996E+000  0.95891130E+000  0.14130288E+001  0.22633873E+001  0.30476072E+001  0.44126042E+001  0.53758331E+001
  0.30466776E+000  0.32531180E+000  0.40866703E+000  0.51612981E+000  0.65369993E+000  0.95891134E+000  0.14130288E+001  0.22633878E+001  0.30476072E+001  0.44126042E+001  0.53758331E+001
  0.30466777E+000  0.32531182E+000  0.40866702E+000  0.51612981E+000  0.65369990E+000  0.95891138E+000  0.14130289E+001  0.22633883E+001  0.30476072E+001  0.44126042E+001  0.53758331E+001
  0.30466778E+000  0.32531183E+000  0.40866701E+000  0.51612980E+000  0.65369988E+000  0.95891142E+000  0.14130289E+001  0.22633888E+001  0.30476072E+001  0.44126042E+001  0.53758331E+001
  0.30466779E+000  0.32531184E+000  0.40866701E+000  0.51612979E+000  0.65369985E+000  0.95891147E+000  0.14130290E+001  0.22633893E+001  0.30476072E+001  0.44126041E+001  0.53758330E+001
  0.30466780E+000  0.32531186E+000  0.40866700E+000  0.51612979E+000  0.65369984E+000  0.95891152E+000  0.14130291E+001  0.22633898E+001  0.30476072E+001  0.44126041E+001  0.53758330E+001
  0.30466781E+000  0.32531187E+000  0.40866700E+000  0.51612979E+000  0.65369982E+000  0.95891157E+000  0.14130291E+001  0.22633903E+001  0.30476072E+001  0.44126041E+001  0.53758330E+001
  0.30466782E+000  0.32531188E+000  0.40866699E+000  0.51612978E+000  0.65369981E+000  0.95891162E+000  0.14130292E+001  0.22633909E+001  0.30476072E+001  0.44126041E+001  0.53758330E+001
  0.30466782E+000  0.32531189E+000  0.40866699E+000  0.51612978E+000  0.65369980E+000  0.95891168E+000  0.14130293E+001  0.22633914E+001  0.30476072E+001  0.44126041E+001  0.53758330E+001
  0.30466783E+000  0.32531189E+000  0.40866699E+000  0.51612978E+000  0.65369979E+000  0.95891174E+000  0.14130293E+001  0.22633920E+001  0.30476073E+001  0.44126041E+001  0.53758330E+001
  0.30466784E+000  0.32531190E+000  0.40866699E+000  0.51612978E+000  0.65369978E+000  0.95891180E+000  0.14130294E+001  0.22633926E+001  0.30476073E+001  0.44126041E+001  0.53758330E+001
  0.30466784E+000  0.32531191E+000  0.40866699E+000  0.51612978E+000  0.65369978E+000  0.95891186E+000  0.14130295E+001  0.22633932E+001  0.30476073E+001  0.44126041E+001  0.53758330E+001
  0.30466785E+000  0.32531192E+000  0.40866699E+000  0.51612979E+000  0.65369977E+000  0.95891192E+000  0.14130296E+001  0.22633939E+001  0.30476073E+001  0.44126041E+001  0.53758330E+001
  0.30466786E+000  0.32531193E+000  0.40866699E+000  0.51612979E+000  0.65369977E+000  0.95891199E+000  0.14130296E+001  0.22633945E+001  0.30476074E+001  0.44126042E+001  0.53758330E+001
  0.30466786E+000  0.32531194E+000  0.40866699E+000  0.51612979E+000  0.65369977E+000  0.95891205E+000  0.14130297E+001  0.22633951E+001  0.30476074E+001  0.44126042E+001  0.53758330E+001
  0.30466787E+000  0.32531195E+000  0.40866700E+000  0.51612979E+000  0.65369977E+000  0.95891212E+000  0.14130298E+001  0.22633958E+001  0.30476074E+001  0.44126042E+001  0.53758331E+001
  0.30466788E+000  0.32531196E+000  0.40866700E+000  0.51612980E+000  0.65369977E+000  0.95891219E+000  0.14130299E+001  0.22633965E+001  0.30476075E+001  0.44126042E+001  0.53758331E+001
  0.30466788E+000  0.32531197E+000  0.40866700E+000  0.51612980E+000  0.65369977E+000  0.95891226E+000  0.14130300E+001  0.22633972E+001  0.30476075E+001  0.44126042E+001  0.53758331E+001
  0.30466789E+000  0.32531198E+000  0.40866700E+000  0.51612980E+000  0.65369978E+000  0.95891234E+000  0.14130300E+001  0.22633979E+001  0.30476075E+001  0.44126042E+001  0.53758331E+001
  0.30466790E+000  0.32531199E+000  0.40866701E+000  0.51612981E+000  0.65369978E+000  0.95891241E+000  0.14130301E+001  0.22633986E+001  0.30476076E+001  0.44126042E+001  0.53758331E+001
  0.30466790E+000  0.32531200E+000  0.40866701E+000  0.51612981E+000  0.65369979E+000  0.95891248E+000  0.14130302E+001  0.22633993E+001  0.30476076E+001  0.44126043E+001  0.53758331E+001
  0.30466791E+000  0.32531201E+000  0.40866702E+000  0.51612982E+000  0.65369979E+000  0.95891255E+000  0.14130303E+001  0.22634000E+001  0.30476077E+001  0.44126043E+001  0.53758332E+001
  0.30466792E+000  0.32531202E+000  0.40866702E+000  0.51612982E+000  0.65369980E+000  0.95891263E+000  0.14130304E+001  0.22634007E+001  0.30476077E+001  0.44126043E+001  0.53758332E+001
  0.30466792E+000  0.32531203E+000  0.40866702E+000  0.51612983E+000  0.65369980E+000  0.95891270E+000  0.14130305E+001  0.22634015E+001  0.30476077E+001  0.44126043E+001  0.53758332E+001
  0.30466793E+000  0.32531204E+000  0.40866703E+000  0.51612984E+000  0.65369981E+000  0.95891278E+000  0.14130306E+001  0.22634022E+001  0.30476078E+001  0.44126043E+001  0.53758332E+001
  0.30466794E+000  0.32531205E+000  0.40866703E+000  0.51612984E+000  0.65369982E+000  0.95891285E+000  0.14130306E+001  0.22634030E+001  0.30476078E+001  0.44126044E+001  0.53758332E+001
  0.30466794E+000  0.32531206E+000  0.40866704E+000  0.51612985E+000  0.65369983E+000  0.95891293E+000  0.14130307E+001  0.22634038E+001  0.30476079E+001  0.44126044E+001  0.53758332E+001
  0.30466795E+000  0.32531207E+000  0.40866704E+000  0.51612985E+000  0.65369983E+000  0.95891300E+000  0.14130308E+001  0.22634045E+001  0.30476079E+001  0.44126044E+001  0.53758333E+001
  0.30466796E+000  0.32531208E+000  0.40866705E+000  0.51612986E+000  0.65369984E+000  0.95891308E+000  0.14130309E+001  0.22634053E+001  0.30476080E+001  0.44126044E+001  0.53758333E+001
  0.30466796E+000  0.32531209E+000  0.40866705E+000  0.51612986E+000  0.65369985E+000  0.95891315E+000  0.14130310E+001  0.22634061E+001  0.30476080E+001  0.44126045E+001  0.53758333E+001
  0.30466797E+000  0.32531210E+000  0.40866706E+000  0.51612987E+000  0.65369986E+000  0.95891323E+000  0.14130311E+001  0.22634068E+001  0.30476081E+001  0.44126045E+001  0.53758333E+001
  0.30466798E+000  0.32531211E+000  0.40866706E+000  0.51612988E+000  0.65369987E+000  0.95891330E+000  0.14130311E+001  0.22634076E+001  0.30476081E+001  0.44126045E+001  0.53758333E+001
  0.30466798E+000  0.32531212E+000  0.40866707E+000  0.51612988E+000  0.65369987E+000  0.95891338E+000  0.14130312E+001  0.22634084E+001  0.30476082E+001  0.44126045E+001  0.53758334E+001
  0.30466799E+000  0.32531213E+000  0.40866708E+000  0.51612989E+000  0.65369988E+000  0.95891345E+000  0.14130313E+001  0.22634092E+001  0.30476082E+001  0.44126046E+001  0.53758334E+001
  0.30466800E+000  0.32531214E+000  0.40866708E+000  0.51612989E+000  0.65369989E+000  0.95891352E+000  0.14130314E+001  0.22634100E+001  0.30476083E+001  0.44126046E+001  0.53758334E+001
  0.30466800E+000  0.32531215E+000  0.40866709E+000  0.51612990E+000  0.65369990E+000  0.95891360E+000  0.14130315E+001  0.22634108E+001  0.30476083E+001  0.44126046E+001  0.53758334E+001
  0.30466801E+000  0.32531216E+000  0.40866709E+000  0.51612991E+000  0.65369991E+000  0.95891367E+000  0.14130315E+001  0.22634116E+001  0.30476084E+001  0.44126046E+001  0.53758334E+001
  0.30466801E+000  0.32531217E+000  0.40866710E+000  0.51612991E+000  0.65369992E+000  0.95891374E+000  0.14130316E+001  0.22634124E+001  0.30476084E+001  0.44126046E+001  0.53758335E+001
  0.30466802E+000  0.32531218E+000  0.40866710E+000  0.51612992E+000  0.65369993E+000  0.95891381E+000  0.14130317E+001  0.22634132E+001  0.30476085E+001  0.44126047E+001  0.53758335E+001
  0.30466803E+000  0.32531219E+000  0.40866711E+000  0.51612992E+000  0.65369993E+000  0.95891388E+000  0.14130318E+001  0.22634140E+001  0.30476085E+001  0.44126047E+001  0.53758335E+001
  0.30466803E+000  0.32531220E+000  0.40866711E+000  0.51612993E+000  0.65369994E+000  0.95891394E+000  0.14130319E+001  0.22634148E+001  0.30476086E+001  0.44126047E+001  0.53758335E+001
  0.30466804E+000  0.32531221E+000  0.40866712E+000  0.51612994E+000  0.65369995E+000  0.95891401E+000  0.14130319E+001  0.22634156E+001  0.30476086E+001  0.44126047E+001  0.53758335E+001
  0.30466804E+000  0.32531222E+000  0.40866712E+000  0.51612994E+000  0.65369996E+000  0.95891408E+000  0.14130320E+001  0.22634164E+001  0.30476087E+001  0.44126048E+001  0.53758336E+001
  0.30466805E+000  0.32531223E+000  0.40866713E+000  0.51612995E+000  0.65369997E+000  0.95891414E+000  0.14130321E+001  0.22634172E+001  0.30476087E+001  0.44126048E+001  0.53758336E+001
  0.30466805E+000  0.32531224E+000  0.40866713E+000  0.51612995E+000  0.65369997E+000  0.95891420E+000  0.14130322E+001  0.22634179E+001  0.30476088E+001  0.44126048E+001  0.53758336E+001
  0.30466806E+000  0.32531224E+000  0.40866713E+000  0.51612996E+000  0.65369998E+000  0.95891427E+000  0.14130322E+001  0.22634187E+001  0.30476088E+001  0.44126048E+001  0.53758336E+001
  0.30466807E+000  0.32531225E+000  0.40866714E+000  0.51612996E+000  0.65369999E+000  0.95891433E+000  0.14130323E+001  0.22634195E+001  0.30476089E+001  0.44126049E+001  0.53758336E+001
  0.30466807E+000  0.32531226E+000  0.40866714E+000  0.51612997E+000  0.65370000E+000  0.95891439E+000  0.14130324E+001  0.22634203E+001  0.30476089E+001  0.44126049E+001  0.53758336E+001
  0.30466808E+000  0.32531227E+000  0.40866715E+000  0.51612997E+000  0.65370000E+000  0.95891445E+000  0.14130324E+001  0.22634211E+001  0.30476090E+001  0.44126049E+001  0.53758337E+001
  0.30466808E+000  0.32531228E+000  0.40866715E+000  0.51612998E+000  0.65370001E+000  0.95891451E+000  0.14130325E+001  0.22634218E+001  0.30476090E+001  0.44126049E+001  0.53758337E+001
  0.30466808E+000  0.32531228E+000  0.40866715E+000  0.51612998E+000  0.65370002E+000  0.95891456E+000  0.14130326E+001  0.22634226E+001  0.30476091E+001  0.44126049E+001  0.53758337E+001
  0.30466809E+000  0.32531229E+000  0.40866716E+000  0.51612998E+000  0.65370002E+000  0.95891462E+000  0.14130326E+001  0.22634234E+001  0.30476091E+001  0.44126050E+001  0.53758337E+001
  0.30466809E+000  0.32531230E+000  0.40866716E+000  0.51612999E+000  0.65370003E+000  0.95891467E+000  0.14130327E+001  0.22634241E+001  0.30476092E+001  0.44126050E+001  0.53758337E+001
  0.30466810E+000  0.32531231E+000  0.40866717E+000  0.51612999E+000  0.65370004E+000  0.95891472E+000  0.14130328E+001  0.22634249E+001  0.30476092E+001  0.44126050E+001  0.53758337E+001
  0.30466810E+000  0.32531231E+000  0.40866717E+000  0.51613000E+000  0.65370004E+000  0.95891478E+000  0.14130328E+001  0.22634256E+001  0.30476093E+001  0.44126050E+001  0.53758337E+001
  0.30466811E+000  0.32531232E+000  0.40866717E+000  0.51613000E+000  0.65370005E+000  0.95891483E+000  0.14130329E+001  0.22634264E+001  0.30476093E+001  0.44126050E+001  0.53758338E+001
  0.30466811E+000  0.32531233E+000  0.40866718E+000  0.51613000E+000  0.65370006E+000  0.95891488E+000  0.14130329E+001  0.22634271E+001  0.30476094E+001  0.44126051E+001  0.53758338E+001
  0.30466811E+000  0.32531233E+000  0.40866718E+000  0.51613001E+000  0.65370006E+000  0.95891492E+000  0.14130330E+001  0.22634278E+001  0.30476094E+001  0.44126051E+001  0.53758338E+001
  0.30466812E+000  0.32531234E+000  0.40866718E+000  0.51613001E+000  0.65370007E+000  0.95891497E+000  0.14130331E+001  0.22634286E+001  0.30476095E+001  0.44126051E+001  0.53758338E+001
  0.30466812E+000  0.32531234E+000  0.40866719E+000  0.51613001E+000  0.65370007E+000  0.95891502E+000  0.14130331E+001  0.22634293E+001  0.30476095E+001  0.44126051E+001  0.53758338E+001
  0.30466812E+000  0.32531235E+000  0.40866719E+000  0.51613002E+000  0.65370008E+000  0.95891506E+000  0.14130332E+001  0.22634300E+001  0.30476096E+001  0.44126052E+001  0.53758338E+001
  0.30466813E+000  0.32531235E+000  0.40866719E+000  0.51613002E+000  0.65370008E+000  0.95891511E+000  0.14130332E+001  0.22634307E+001  0.30476096E+001  0.44126052E+001  0.53758338E+001
  0.30466813E+000  0.32531236E+000  0.40866719E+000  0.51613002E+000  0.65370009E+000  0.95891515E+000  0.14130333E+001  0.22634314E+001  0.30476097E+001  0.44126052E+001  0.53758338E+001
  0.30466813E+000  0.32531236E+000  0.40866720E+000  0.51613003E+000  0.65370009E+000  0.95891519E+000  0.14130333E+001  0.22634321E+001  0.30476097E+001  0.44126052E+001  0.53758339E+001
  0.30466814E+000  0.32531237E+000  0.40866720E+000  0.51613003E+000  0.65370010E+000  0.95891523E+000  0.14130334E+001  0.22634327E+001  0.30476098E+001  0.44126052E+001  0.53758339E+001
  0.30466814E+000  0.32531237E+000  0.40866720E+000  0.51613003E+000  0.65370010E+000  0.95891527E+000  0.14130334E+001  0.22634334E+001  0.30476098E+001  0.44126053E+001  0.53758339E+001
  0.30466814E+000  0.32531238E+000  0.40866720E+000  0.51613004E+000  0.65370010E+000  0.95891531E+000  0.14130335E+001  0.22634340E+001  0.30476099E+001  0.44126053E+001  0.53758339E+001
  0.30466815E+000  0.32531238E+000  0.40866721E+000  0.51613004E+000  0.65370011E+000  0.95891534E+000  0.14130335E+001  0.22634347E+001  0.30476099E+001  0.44126053E+001  0.53758339E+001
  0.30466815E+000  0.32531239E+000  0.40866721E+000  0.51613004E+000  0.65370011E+000  0.95891538E+000  0.14130336E+001  0.22634353E+001  0.30476099E+001  0.44126053E+001  0.53758339E+001
  0.30466815E+000  0.32531239E+000  0.40866721E+000  0.51613004E+000  0.65370012E+000  0.95891541E+000  0.14130336E+001  0.22634359E+001  0.30476100E+001  0.44126053E+001  0.53758339E+001
  0.30466815E+000  0.32531240E+000  0.40866721E+000  0.51613004E+000  0.65370012E+000  0.95891545E+000  0.14130336E+001  0.22634366E+001  0.30476100E+001  0.44126053E+001  0.53758339E+001
  0.30466816E+000  0.32531240E+000  0.40866721E+000  0.51613005E+000  0.65370012E+000  0.95891548E+000  0.14130337E+001  0.22634372E+001  0.30476101E+001  0.44126054E+001  0.53758339E+001
  0.30466816E+000  0.32531240E+000  0.40866722E+000  0.51613005E+000  0.65370013E+000  0.95891551E+000  0.14130337E+001  0.22634378E+001  0.30476101E+001  0.44126054E+001  0.53758339E+001
  0.30466816E+000  0.32531241E+000  0.40866722E+000  0.51613005E+000  0.65370013E+000  0.95891554E+000  0.14130338E+001  0.22634383E+001  0.30476102E+001  0.44126054E+001  0.53758339E+001
  0.30466816E+000  0.32531241E+000  0.40866722E+000  0.51613005E+000  0.65370013E+000  0.95891557E+000  0.14130338E+001  0.22634389E+001  0.30476102E+001  0.44126054E+001  0.53758339E+001
  0.30466816E+000  0.32531241E+000  0.40866722E+000  0.51613006E+000  0.65370014E+000  0.95891560E+000  0.14130338E+001  0.22634395E+001  0.30476102E+001  0.44126054E+001  0.53758339E+001
  0.30466817E+000  0.32531242E+000  0.40866722E+000  0.51613006E+000  0.65370014E+000  0.95891563E+000  0.14130339E+001  0.22634400E+001  0.30476103E+001  0.44126055E+001  0.53758340E+001
  0.30466817E+000  0.32531242E+000  0.40866722E+000  0.51613006E+000  0.65370014E+000  0.95891565E+000  0.14130339E+001  0.22634406E+001  0.30476103E+001  0.44126055E+001  0.53758340E+001
  0.30466817E+000  0.32531242E+000  0.40866723E+000  0.51613006E+000  0.65370014E+000  0.95891568E+000  0.14130339E+001  0.22634411E+001  0.30476104E+001  0.44126055E+001  0.53758340E+001
  0.30466817E+000  0.32531243E+000  0.40866723E+000  0.51613006E+000  0.65370015E+000  0.95891571E+000  0.14130340E+001  0.22634416E+001  0.30476104E+001  0.44126055E+001  0.53758340E+001
  0.30466817E+000  0.32531243E+000  0.40866723E+000  0.51613006E+000  0.65370015E+000  0.95891573E+000  0.14130340E+001  0.22634422E+001  0.30476104E+001  0.44126055E+001  0.53758340E+001
  0.30466818E+000  0.32531243E+000  0.40866723E+000  0.51613006E+000  0.65370015E+000  0.95891575E+000  0.14130340E+001  0.22634427E+001  0.30476105E+001  0.44126055E+001  0.53758340E+001
  0.30466818E+000  0.32531243E+000  0.40866723E+000  0.51613007E+000  0.65370015E+000  0.95891578E+000  0.14130341E+001  0.22634431E+001  0.30476105E+001  0.44126056E+001  0.53758340E+001
  0.30466818E+000  0.32531244E+000  0.40866723E+000  0.51613007E+000  0.65370016E+000  0.95891580E+000  0.14130341E+001  0.22634436E+001  0.30476105E+001  0.44126056E+001  0.53758340E+001
  0.30466818E+000  0.32531244E+000  0.40866723E+000  0.51613007E+000  0.65370016E+000  0.95891582E+000  0.14130341E+001  0.22634441E+001  0.30476106E+001  0.44126056E+001  0.53758340E+001
  0.30466818E+000  0.32531244E+000  0.40866723E+000  0.51613007E+000  0.65370016E+000  0.95891584E+000  0.14130341E+001  0.22634446E+001  0.30476106E+001  0.44126056E+001  0.53758340E+001
  0.30466818E+000  0.32531244E+000  0.40866724E+000  0.51613007E+000  0.65370016E+000  0.95891586E+000  0.14130342E+001  0.22634450E+001  0.30476107E+001  0.44126056E+001  0.53758340E+001
  0.30466818E+000  0.32531244E+000  0.40866724E+000  0.51613007E+000  0.65370016E+000  0.95891588E+000  0.14130342E+001  0.22634454E+001  0.30476107E+001  0.44126056E+001  0.53758340E+001
  0.30466818E+000  0.32531245E+000  0.40866724E+000  0.51613007E+000  0.65370016E+000  0.95891590E+000  0.14130342E+001  0.22634459E+001  0.30476107E+001  0.44126057E+001  0.53758340E+001
  0.30466819E+000  0.32531245E+000  0.40866724E+000  0.51613007E+000  0.65370017E+000  0.95891592E+000  0.14130342E+001  0.22634463E+001  0.30476107E+001  0.44126057E+001  0.53758340E+001
  0.30466819E+000  0.32531245E+000  0.40866724E+000  0.51613007E+000  0.65370017E+000  0.95891593E+000  0.14130343E+001  0.22634467E+001  0.30476108E+001  0.44126057E+001  0.53758340E+001
  0.30466819E+000  0.32531245E+000  0.40866724E+000  0.51613008E+000  0.65370017E+000  0.95891595E+000  0.14130343E+001  0.22634471E+001  0.30476108E+001  0.44126057E+001  0.53758340E+001
  0.30466819E+000  0.32531245E+000  0.40866724E+000  0.51613008E+000  0.65370017E+000  0.95891597E+000  0.14130343E+001  0.22634475E+001  0.30476108E+001  0.44126057E+001  0.53758340E+001
  0.30466819E+000  0.32531245E+000  0.40866724E+000  0.51613008E+000  0.65370017E+000  0.95891598E+000  0.14130343E+001  0.22634479E+001  0.30476109E+001  0.44126057E+001  0.53758340E+001
  0.30466819E+000  0.32531246E+000  0.40866724E+000  0.51613008E+000  0.65370017E+000  0.95891600E+000  0.14130344E+001  0.22634482E+001  0.30476109E+001  0.44126057E+001  0.53758340E+001
  0.30466819E+000  0.32531246E+000  0.40866724E+000  0.51613008E+000  0.65370017E+000  0.95891601E+000  0.14130344E+001  0.22634486E+001  0.30476109E+001  0.44126058E+001  0.53758340E+001
  0.30466819E+000  0.32531246E+000  0.40866724E+000  0.51613008E+000  0.65370017E+000  0.95891602E+000  0.14130344E+001  0.22634490E+001  0.30476110E+001  0.44126058E+001  0.53758340E+001
  0.30466819E+000  0.32531246E+000  0.40866724E+000  0.51613008E+000  0.65370018E+000  0.95891604E+000  0.14130344E+001  0.22634493E+001  0.30476110E+001  0.44126058E+001  0.53758340E+001
  0.30466819E+000  0.32531246E+000  0.40866724E+000  0.51613008E+000  0.65370018E+000  0.95891605E+000  0.14130344E+001  0.22634496E+001  0.30476110E+001  0.44126058E+001  0.53758340E+001
  0.30466819E+000  0.32531246E+000  0.40866724E+000  0.51613008E+000  0.65370018E+000  0.95891606E+000  0.14130344E+001  0.22634500E+001  0.30476110E+001  0.44126058E+001  0.53758340E+001
  0.30466819E+000  0.32531246E+000  0.40866724E+000  0.51613008E+000  0.65370018E+000  0.95891607E+000  0.14130345E+001  0.22634503E+001  0.30476111E+001  0.44126058E+001  0.53758341E+001
  0.30466820E+000  0.32531246E+000  0.40866725E+000  0.51613008E+000  0.65370018E+000  0.95891609E+000  0.14130345E+001  0.22634506E+001  0.30476111E+001  0.44126058E+001  0.53758341E+001
  0.30466820E+000  0.32531247E+000  0.40866725E+000  0.51613008E+000  0.65370018E+000  0.95891610E+000  0.14130345E+001  0.22634509E+001  0.30476111E+001  0.44126059E+001  0.53758341E+001
  0.30466820E+000  0.32531247E+000  0.40866725E+000  0.51613008E+000  0.65370018E+000  0.95891611E+000  0.14130345E+001  0.22634512E+001  0.30476111E+001  0.44126059E+001  0.53758341E+001
  0.30466820E+000  0.32531247E+000  0.40866725E+000  0.51613008E+000  0.65370018E+000  0.95891612E+000  0.14130345E+001  0.22634515E+001  0.30476112E+001  0.44126059E+001  0.53758341E+001
  0.30466820E+000  0.32531247E+000  0.40866725E+000  0.51613008E+000  0.65370018E+000  0.95891613E+000  0.14130345E+001  0.22634517E+001  0.30476112E+001  0.44126059E+001  0.53758341E+001
  0.30466820E+000  0.32531247E+000  0.40866725E+000  0.51613008E+000  0.65370018E+000  0.95891614E+000  0.14130345E+001  0.22634520E+001  0.30476112E+001  0.44126059E+001  0.53758341E+001
  0.30466820E+000  0.32531247E+000  0.40866725E+000  0.51613009E+000  0.65370018E+000  0.95891615E+000  0.14130346E+001  0.22634523E+001  0.30476112E+001  0.44126059E+001  0.53758341E+001
  0.30466820E+000  0.32531247E+000  0.40866725E+000  0.51613009E+000  0.65370018E+000  0.95891615E+000  0.14130346E+001  0.22634525E+001  0.30476112E+001  0.44126059E+001  0.53758341E+001
  0.30466820E+000  0.32531247E+000  0.40866725E+000  0.51613009E+000  0.65370018E+000  0.95891616E+000  0.14130346E+001  0.22634528E+001  0.30476113E+001  0.44126059E+001  0.53758341E+001
  0.30466820E+000  0.32531247E+000  0.40866725E+000  0.51613009E+000  0.65370018E+000  0.95891617E+000  0.14130346E+001  0.22634530E+001  0.30476113E+001  0.44126060E+001  0.53758341E+001
  0.30466820E+000  0.32531247E+000  0.40866725E+000  0.51613009E+000  0.65370019E+000  0.95891618E+000  0.14130346E+001  0.22634532E+001  0.30476113E+001  0.44126060E+001  0.53758341E+001
  0.30466820E+000  0.32531247E+000  0.40866725E+000  0.51613009E+000  0.65370019E+000  0.95891619E+000  0.14130346E+001  0.22634535E+001  0.30476113E+001  0.44126060E+001  0.53758341E+001
  0.30466820E+000  0.32531247E+000  0.40866725E+000  0.51613009E+000  0.65370019E+000  0.95891619E+000  0.14130346E+001  0.22634537E+001  0.30476113E+001  0.44126060E+001  0.53758341E+001
  0.30466820E+000  0.32531247E+000  0.40866725E+000  0.51613009E+000  0.65370019E+000  0.95891620E+000  0.14130346E+001  0.22634539E+001  0.30476114E+001  0.44126060E+001  0.53758341E+001
  0.30466820E+000  0.32531248E+000  0.40866725E+000  0.51613009E+000  0.65370019E+000  0.95891621E+000  0.14130347E+001  0.22634541E+001  0.30476114E+001  0.44126060E+001  0.53758341E+001
  0.30466820E+000  0.32531248E+000  0.40866725E+000  0.51613009E+000  0.65370019E+000  0.95891621E+000  0.14130347E+001  0.22634543E+001  0.30476114E+001  0.44126060E+001  0.53758341E+001
  0.30466820E+000  0.32531248E+000  0.40866725E+000  0.51613009E+000  0.65370019E+000  0.95891622E+000  0.14130347E+001  0.22634545E+001  0.30476114E+001  0.44126060E+001  0.53758341E+001
  0.30466820E+000  0.32531248E+000  0.40866725E+000  0.51613009E+000  0.65370019E+000  0.95891623E+000  0.14130347E+001  0.22634547E+001  0.30476114E+001  0.44126060E+001  0.53758341E+001
  0.30466820E+000  0.32531248E+000  0.40866725E+000  0.51613009E+000  0.65370019E+000  0.95891623E+000  0.14130347E+001  0.22634548E+001  0.30476114E+001  0.44126061E+001  0.53758341E+001
  0.30466820E+000  0.32531248E+000  0.40866725E+000  0.51613009E+000  0.65370019E+000  0.95891624E+000  0.14130347E+001  0.22634550E+001  0.30476115E+001  0.44126061E+001  0.53758341E+001
  0.30466820E+000  0.32531248E+000  0.40866725E+000  0.51613009E+000  0.65370019E+000  0.95891625E+000  0.14130347E+001  0.22634552E+001  0.30476115E+001  0.44126061E+001  0.53758341E+001
  0.30466821E+000  0.32531248E+000  0.40866725E+000  0.51613009E+000  0.65370019E+000  0.95891625E+000  0.14130347E+001  0.22634554E+001  0.30476115E+001  0.44126061E+001  0.53758341E+001
  0.30466821E+000  0.32531248E+000  0.40866726E+000  0.51613010E+000  0.65370019E+000  0.95891626E+000  0.14130347E+001  0.22634555E+001  0.30476115E+001  0.44126061E+001  0.53758341E+001
  0.30466821E+000  0.32531248E+000  0.40866726E+000  0.51613010E+000  0.65370019E+000  0.95891627E+000  0.14130347E+001  0.22634557E+001  0.30476115E+001  0.44126061E+001  0.53758341E+001
