  0.13771830E+000
  0.14201447E+000
  0.14552701E+000
  0.14840758E+000
  0.15079024E+000
  0.15279656E+000
  0.15447310E+000
  0.15587630E+000
  0.15705802E+000
  0.15804424E+000
  0.15886615E+000
  0.15955464E+000
  0.16013251E+000
  0.16061883E+000
  0.16102826E+000
  0.16137188E+000
  0.16166019E+000
  0.16190246E+000
  0.16210575E+000
  0.16227593E+000
  0.16241803E+000
  0.16253628E+000
  0.16263433E+000
  0.16271526E+000
  0.16278173E+000
  0.16283603E+000
  0.16288002E+000
  0.16291537E+000
  0.16294352E+000
  0.16296570E+000
  0.16298295E+000
  0.16299619E+000
  0.16300616E+000
  0.16301351E+000
  0.16301880E+000
  0.16302247E+000
  0.16302491E+000
  0.16302641E+000
  0.16302723E+000
  0.16302757E+000
  0.16302758E+000
  0.16302738E+000
  0.16302707E+000
  0.16302670E+000
  0.16302634E+000
  0.16302600E+000
  0.16302572E+000
  0.16302551E+000
  0.16302536E+000
  0.16302527E+000
  0.16302524E+000
  0.16302525E+000
  0.16302528E+000
  0.16302533E+000
  0.16302539E+000
  0.16302544E+000
  0.16302550E+000
  0.16302557E+000
  0.16302561E+000
  0.16302564E+000
  0.16302566E+000
  0.16302565E+000
  0.16302563E+000
  0.16302559E+000
  0.16302553E+000
  0.16302546E+000
  0.16302537E+000
  0.16302527E+000
  0.16302515E+000
  0.16302503E+000
  0.16302489E+000
  0.16302474E+000
  0.16302458E+000
  0.16302441E+000
  0.16302424E+000
  0.16302406E+000
  0.16302388E+000
  0.16302369E+000
  0.16302350E+000
  0.16302330E+000
  0.16302310E+000
  0.16302290E+000
  0.16302270E+000
  0.16302250E+000
  0.16302230E+000
  0.16302210E+000
  0.16302190E+000
  0.16302170E+000
  0.16302151E+000
  0.16302131E+000
  0.16302113E+000
  0.16302094E+000
  0.16302076E+000
  0.16302058E+000
  0.16302041E+000
  0.16302023E+000
  0.16302007E+000
  0.16301991E+000
  0.16301975E+000
  0.16301960E+000
  0.16301945E+000
  0.16301930E+000
  0.16301916E+000
  0.16301903E+000
  0.16301889E+000
  0.16301877E+000
  0.16301864E+000
  0.16301853E+000
  0.16301841E+000
  0.16301830E+000
  0.16301819E+000
  0.16301809E+000
  0.16301799E+000
  0.16301790E+000
  0.16301781E+000
  0.16301772E+000
  0.16301764E+000
  0.16301756E+000
  0.16301749E+000
  0.16301742E+000
  0.16301736E+000
  0.16301730E+000
  0.16301725E+000
  0.16301720E+000
  0.16301716E+000
  0.16301712E+000
  0.16301708E+000
  0.16301705E+000
  0.16301703E+000
  0.16301701E+000
  0.16301700E+000
  0.16301699E+000
  0.16301698E+000
  0.16301698E+000
  0.16301698E+000
  0.16301698E+000
  0.16301699E+000
  0.16301700E+000
  0.16301702E+000
  0.16301703E+000
  0.16301705E+000
  0.16301707E+000
  0.16301709E+000
  0.16301711E+000
  0.16301713E+000
  0.16301716E+000
  0.16301718E+000
  0.16301721E+000
  0.16301723E+000
  0.16301726E+000
  0.16301728E+000
  0.16301731E+000
  0.16301733E+000
  0.16301736E+000
  0.16301738E+000
  0.16301741E+000
  0.16301743E+000
  0.16301746E+000
  0.16301748E+000
  0.16301750E+000
  0.16301753E+000
  0.16301755E+000
  0.16301757E+000
  0.16301758E+000
  0.16301760E+000
  0.16301762E+000
  0.16301763E+000
  0.16301764E+000
  0.16301765E+000
  0.16301766E+000
  0.16301766E+000
  0.16301766E+000
  0.16301767E+000
  0.16301766E+000
  0.16301766E+000
  0.16301766E+000
  0.16301765E+000
  0.16301764E+000
  0.16301763E+000
  0.16301762E+000
  0.16301760E+000
  0.16301759E+000
  0.16301758E+000
  0.16301756E+000
  0.16301754E+000
  0.16301753E+000
  0.16301751E+000
  0.16301750E+000
  0.16301748E+000
  0.16301746E+000
  0.16301745E+000
  0.16301743E+000
  0.16301742E+000
  0.16301741E+000
  0.16301741E+000
  0.16301740E+000
  0.16301740E+000
  0.16301738E+000
  0.16301730E+000
  0.16301720E+000
