    0.00447213638973
    0.02529822308732
    0.06524157209407
    0.11781013399349
    0.18028629151620
    0.21378328583838
    0.18028629151620
    0.11781013399349
    0.06524157209407
    0.02529822308732
    0.00467370406237
    0.00146051693772
    0.00445026933582
    0.00912207896159
    0.01536880450259
    0.02312362560076
    0.03233779782944
    0.04297304136885
    0.05499796614822
    0.06838609234601
    0.08311443269597
    0.09916283258634
    0.11651343984108
    0.13515004527060
    0.15505781565257
    0.17622356917616
    0.19863494913751
    0.22228011967855
    0.24714882508958
    0.27323111418776
    0.30051711283522
    0.32899857440014
    0.35866720419532
    0.38951444254377
    0.42153384293513
    0.45471742327995
    0.48905812734186
    0.52455136357058
    0.56118896249234
    0.59896493804634
    0.63787590054597
    0.67791395944929
    0.71907378784873
    0.76135308096155
    0.80474404623812
    0.84924188926413
    0.89484531540049
    0.94154648696187
    0.98934104795993
    1.03822866727316
    1.08820134472370
    1.13925509105448
    1.19139051145847
    1.24460104708040
    0.63573692811931
