  0.13345637E+002
  0.13346776E+002
  0.13347753E+002
  0.13348594E+002
  0.13349324E+002
  0.13349962E+002
  0.13350523E+002
  0.13351019E+002
  0.13351459E+002
  0.13351850E+002
  0.13352201E+002
  0.13352516E+002
  0.13352800E+002
  0.13353057E+002
  0.13353291E+002
  0.13353504E+002
  0.13353699E+002
  0.13353878E+002
  0.13354042E+002
  0.13354192E+002
  0.13354330E+002
  0.13354457E+002
  0.13354575E+002
  0.13354683E+002
  0.13354782E+002
  0.13354875E+002
  0.13354960E+002
  0.13355039E+002
  0.13355112E+002
  0.13355179E+002
  0.13355242E+002
  0.13355299E+002
  0.13355353E+002
  0.13355402E+002
  0.13355447E+002
  0.13355490E+002
  0.13355528E+002
  0.13355564E+002
  0.13355597E+002
  0.13355627E+002
  0.13355655E+002
  0.13355679E+002
  0.13355702E+002
  0.13355722E+002
  0.13355739E+002
  0.13355754E+002
  0.13355767E+002
  0.13355777E+002
  0.13355785E+002
  0.13355791E+002
  0.13355794E+002
  0.13355795E+002
  0.13355793E+002
  0.13355790E+002
  0.13355783E+002
  0.13355774E+002
  0.13355763E+002
  0.13355749E+002
  0.13355733E+002
  0.13355714E+002
  0.13355693E+002
  0.13355669E+002
  0.13355642E+002
  0.13355613E+002
  0.13355581E+002
  0.13355547E+002
  0.13355510E+002
  0.13355470E+002
  0.13355428E+002
  0.13355383E+002
  0.13355335E+002
  0.13355285E+002
  0.13355233E+002
  0.13355177E+002
  0.13355120E+002
  0.13355059E+002
  0.13354997E+002
  0.13354931E+002
  0.13354864E+002
  0.13354794E+002
  0.13354722E+002
  0.13354648E+002
  0.13354572E+002
  0.13354493E+002
  0.13354413E+002
  0.13354331E+002
  0.13354247E+002
  0.13354162E+002
  0.13354074E+002
  0.13353986E+002
  0.13353896E+002
  0.13353804E+002
  0.13353711E+002
  0.13353617E+002
  0.13353523E+002
  0.13353427E+002
  0.13353330E+002
  0.13353232E+002
  0.13353134E+002
  0.13353035E+002
  0.13352936E+002
  0.13352836E+002
  0.13352736E+002
  0.13352635E+002
  0.13352535E+002
  0.13352434E+002
  0.13352333E+002
  0.13352232E+002
  0.13352132E+002
  0.13352031E+002
  0.13351931E+002
  0.13351830E+002
  0.13351731E+002
  0.13351631E+002
  0.13351532E+002
  0.13351433E+002
  0.13351335E+002
  0.13351238E+002
  0.13351141E+002
  0.13351044E+002
  0.13350949E+002
  0.13350854E+002
  0.13350759E+002
  0.13350666E+002
  0.13350573E+002
  0.13350481E+002
  0.13350390E+002
  0.13350300E+002
  0.13350210E+002
  0.13350122E+002
  0.13350034E+002
  0.13349948E+002
  0.13349862E+002
  0.13349777E+002
  0.13349694E+002
  0.13349611E+002
  0.13349529E+002
  0.13349448E+002
  0.13349369E+002
  0.13349290E+002
  0.13349212E+002
  0.13349136E+002
  0.13349060E+002
  0.13348986E+002
  0.13348912E+002
  0.13348840E+002
  0.13348768E+002
  0.13348698E+002
  0.13348629E+002
  0.13348560E+002
  0.13348493E+002
  0.13348427E+002
  0.13348362E+002
  0.13348298E+002
  0.13348235E+002
  0.13348173E+002
  0.13348113E+002
  0.13348053E+002
  0.13347994E+002
  0.13347936E+002
  0.13347880E+002
  0.13347824E+002
  0.13347769E+002
  0.13347716E+002
  0.13347663E+002
  0.13347611E+002
  0.13347561E+002
  0.13347511E+002
  0.13347462E+002
  0.13347414E+002
  0.13347368E+002
  0.13347322E+002
  0.13347277E+002
  0.13347233E+002
  0.13347190E+002
  0.13347148E+002
  0.13347106E+002
  0.13347066E+002
  0.13347026E+002
  0.13346988E+002
  0.13346950E+002
  0.13346913E+002
  0.13346877E+002
  0.13346842E+002
  0.13346807E+002
  0.13346773E+002
  0.13346740E+002
  0.13346708E+002
  0.13346677E+002
  0.13346646E+002
  0.13346616E+002
  0.13346587E+002
  0.13346559E+002
  0.13346531E+002
  0.13346504E+002
  0.13346478E+002
  0.13346452E+002
  0.13346427E+002
  0.13346403E+002
  0.13346379E+002
