  0.18072893E-001
  0.17995739E-001
  0.18048832E-001
  0.18089009E-001
  0.18117969E-001
  0.18140016E-001
  0.18157179E-001
  0.18170691E-001
  0.18181407E-001
  0.18189950E-001
  0.18196797E-001
  0.18202301E-001
  0.18206746E-001
  0.18210374E-001
  0.18213349E-001
  0.18215810E-001
  0.18217750E-001
  0.18219414E-001
  0.18220769E-001
  0.18221794E-001
  0.18222541E-001
  0.18223054E-001
  0.18223369E-001
  0.18223553E-001
  0.18223628E-001
  0.18223613E-001
  0.18223524E-001
  0.18223373E-001
  0.18223172E-001
  0.18222934E-001
  0.18222668E-001
  0.18222382E-001
  0.18222084E-001
  0.18221782E-001
  0.18221482E-001
  0.18221190E-001
  0.18220910E-001
  0.18220648E-001
  0.18220405E-001
  0.18220187E-001
  0.18219994E-001
  0.18219828E-001
  0.18219691E-001
  0.18219582E-001
  0.18219501E-001
  0.18219448E-001
  0.18219421E-001
  0.18219418E-001
  0.18219439E-001
  0.18219480E-001
  0.18219539E-001
  0.18219614E-001
  0.18219702E-001
  0.18219800E-001
  0.18219906E-001
  0.18220018E-001
  0.18220133E-001
  0.18220249E-001
  0.18220365E-001
  0.18220478E-001
  0.18220587E-001
  0.18220691E-001
  0.18220788E-001
  0.18220876E-001
  0.18220954E-001
  0.18221023E-001
  0.18221081E-001
  0.18221127E-001
  0.18221162E-001
  0.18221185E-001
  0.18221195E-001
  0.18221194E-001
  0.18221179E-001
  0.18221153E-001
  0.18221113E-001
  0.18221061E-001
  0.18220997E-001
  0.18220921E-001
  0.18220833E-001
  0.18220734E-001
  0.18220623E-001
  0.18220501E-001
  0.18220369E-001
  0.18220227E-001
  0.18220075E-001
  0.18219914E-001
  0.18219744E-001
  0.18219566E-001
  0.18219380E-001
  0.18219187E-001
  0.18218986E-001
  0.18218779E-001
  0.18218566E-001
  0.18218348E-001
  0.18218124E-001
  0.18217896E-001
  0.18217664E-001
  0.18217428E-001
  0.18217188E-001
  0.18216946E-001
  0.18216701E-001
  0.18216454E-001
  0.18216205E-001
  0.18215955E-001
  0.18215704E-001
  0.18215451E-001
  0.18215199E-001
  0.18214946E-001
  0.18214693E-001
  0.18214441E-001
  0.18214189E-001
  0.18213938E-001
  0.18213688E-001
  0.18213439E-001
  0.18213191E-001
  0.18212945E-001
  0.18212701E-001
  0.18212458E-001
  0.18212218E-001
  0.18211979E-001
  0.18211743E-001
  0.18211509E-001
  0.18211278E-001
  0.18211049E-001
  0.18210823E-001
  0.18210599E-001
  0.18210378E-001
  0.18210160E-001
  0.18209944E-001
  0.18209732E-001
  0.18209522E-001
  0.18209316E-001
  0.18209112E-001
  0.18208911E-001
  0.18208714E-001
  0.18208519E-001
  0.18208328E-001
  0.18208139E-001
  0.18207954E-001
  0.18207771E-001
  0.18207592E-001
  0.18207415E-001
  0.18207242E-001
  0.18207072E-001
  0.18206905E-001
  0.18206740E-001
  0.18206579E-001
  0.18206421E-001
  0.18206265E-001
  0.18206113E-001
  0.18205963E-001
  0.18205817E-001
  0.18205673E-001
  0.18205532E-001
  0.18205393E-001
  0.18205258E-001
  0.18205125E-001
  0.18204995E-001
  0.18204868E-001
  0.18204743E-001
  0.18204621E-001
  0.18204502E-001
  0.18204385E-001
  0.18204270E-001
  0.18204158E-001
  0.18204048E-001
  0.18203941E-001
  0.18203836E-001
  0.18203734E-001
  0.18203634E-001
  0.18203536E-001
  0.18203440E-001
  0.18203347E-001
  0.18203255E-001
  0.18203166E-001
  0.18203079E-001
  0.18202994E-001
  0.18202911E-001
  0.18202830E-001
  0.18202751E-001
  0.18202673E-001
  0.18202598E-001
  0.18202524E-001
  0.18202453E-001
  0.18202383E-001
  0.18202315E-001
  0.18202248E-001
  0.18202183E-001
  0.18202120E-001
  0.18202059E-001
  0.18201999E-001
  0.18201940E-001
  0.18201883E-001
  0.18201828E-001
  0.18201774E-001
  0.18201721E-001
  0.18201670E-001
  0.18201620E-001
  0.18201572E-001
  0.18201525E-001
