 -0.20854691E-001
 -0.20529819E-001
 -0.20341310E-001
 -0.20210094E-001
 -0.20122069E-001
 -0.20065743E-001
 -0.20034827E-001
 -0.20019852E-001
 -0.20019049E-001
 -0.20027733E-001
 -0.20043861E-001
 -0.20066993E-001
 -0.20092277E-001
 -0.20121062E-001
 -0.20154837E-001
 -0.20184404E-001
 -0.20217283E-001
 -0.20250276E-001
 -0.20283249E-001
 -0.20315959E-001
 -0.20348032E-001
 -0.20379470E-001
 -0.20410227E-001
 -0.20439945E-001
 -0.20468453E-001
 -0.20495676E-001
 -0.20521550E-001
 -0.20546048E-001
 -0.20569162E-001
 -0.20590901E-001
 -0.20611285E-001
 -0.20630342E-001
 -0.20648112E-001
 -0.20664793E-001
 -0.20680238E-001
 -0.20694530E-001
 -0.20707884E-001
 -0.20720162E-001
 -0.20731451E-001
 -0.20741825E-001
 -0.20751354E-001
 -0.20760104E-001
 -0.20768140E-001
 -0.20775521E-001
 -0.20782305E-001
 -0.20788544E-001
 -0.20794287E-001
 -0.20799576E-001
 -0.20804451E-001
 -0.20808943E-001
 -0.20813077E-001
 -0.20816873E-001
 -0.20820180E-001
 -0.20823191E-001
 -0.20825963E-001
 -0.20828330E-001
 -0.20830491E-001
 -0.20832486E-001
 -0.20834318E-001
 -0.20835990E-001
 -0.20837513E-001
 -0.20838895E-001
 -0.20840148E-001
 -0.20841282E-001
 -0.20842309E-001
 -0.20843238E-001
 -0.20844078E-001
 -0.20844838E-001
 -0.20845526E-001
 -0.20846148E-001
 -0.20846712E-001
 -0.20847224E-001
 -0.20847689E-001
 -0.20848113E-001
 -0.20848499E-001
 -0.20848851E-001
 -0.20849174E-001
 -0.20849471E-001
 -0.20849744E-001
 -0.20849995E-001
 -0.20850228E-001
 -0.20850445E-001
 -0.20850640E-001
 -0.20850818E-001
 -0.20850987E-001
 -0.20851148E-001
 -0.20851301E-001
 -0.20851446E-001
 -0.20851583E-001
 -0.20851714E-001
 -0.20851837E-001
 -0.20851955E-001
 -0.20852067E-001
 -0.20852173E-001
 -0.20852275E-001
 -0.20852372E-001
 -0.20852464E-001
 -0.20852553E-001
 -0.20852637E-001
 -0.20852718E-001
 -0.20852796E-001
 -0.20852870E-001
 -0.20852941E-001
 -0.20853009E-001
 -0.20853074E-001
 -0.20853137E-001
 -0.20853197E-001
 -0.20853254E-001
 -0.20853310E-001
 -0.20853363E-001
 -0.20853414E-001
 -0.20853464E-001
 -0.20853511E-001
 -0.20853556E-001
 -0.20853600E-001
 -0.20853642E-001
 -0.20853683E-001
 -0.20853722E-001
 -0.20853760E-001
 -0.20853796E-001
 -0.20853831E-001
 -0.20853865E-001
 -0.20853897E-001
 -0.20853928E-001
 -0.20853959E-001
 -0.20853988E-001
 -0.20854016E-001
 -0.20854043E-001
 -0.20854069E-001
 -0.20854094E-001
 -0.20854119E-001
 -0.20854142E-001
 -0.20854165E-001
 -0.20854187E-001
 -0.20854208E-001
 -0.20854229E-001
 -0.20854248E-001
 -0.20854267E-001
 -0.20854286E-001
 -0.20854304E-001
 -0.20854321E-001
 -0.20854337E-001
 -0.20854353E-001
 -0.20854369E-001
 -0.20854384E-001
 -0.20854398E-001
 -0.20854412E-001
 -0.20854426E-001
 -0.20854439E-001
 -0.20854451E-001
 -0.20854463E-001
 -0.20854475E-001
 -0.20854486E-001
 -0.20854497E-001
 -0.20854507E-001
 -0.20854518E-001
 -0.20854527E-001
 -0.20854537E-001
 -0.20854546E-001
 -0.20854554E-001
 -0.20854563E-001
 -0.20854570E-001
 -0.20854578E-001
 -0.20854585E-001
 -0.20854592E-001
 -0.20854599E-001
 -0.20854605E-001
 -0.20854611E-001
 -0.20854617E-001
 -0.20854623E-001
 -0.20854628E-001
 -0.20854633E-001
 -0.20854637E-001
 -0.20854642E-001
 -0.20854646E-001
 -0.20854649E-001
 -0.20854653E-001
 -0.20854656E-001
 -0.20854659E-001
 -0.20854662E-001
 -0.20854665E-001
 -0.20854667E-001
 -0.20854669E-001
 -0.20854671E-001
 -0.20854673E-001
 -0.20854675E-001
 -0.20854676E-001
 -0.20854677E-001
 -0.20854679E-001
 -0.20854680E-001
 -0.20854680E-001
 -0.20854681E-001
 -0.20854682E-001
 -0.20854683E-001
 -0.20854683E-001
 -0.20854684E-001
 -0.20854684E-001
 -0.20854685E-001
 -0.20854685E-001
 -0.20854685E-001
