  0.41386576E+000
  0.41546911E+000
  0.41645652E+000
  0.41717215E+000
  0.41769878E+000
  0.41807998E+000
  0.41834635E+000
  0.41852144E+000
  0.41862377E+000
  0.41866917E+000
  0.41866891E+000
  0.41863160E+000
  0.41856447E+000
  0.41847372E+000
  0.41836412E+000
  0.41823957E+000
  0.41810306E+000
  0.41795705E+000
  0.41780358E+000
  0.41764432E+000
  0.41748076E+000
  0.41731454E+000
  0.41714804E+000
  0.41698193E+000
  0.41681686E+000
  0.41665336E+000
  0.41649194E+000
  0.41633308E+000
  0.41617710E+000
  0.41602408E+000
  0.41587459E+000
  0.41572913E+000
  0.41558811E+000
  0.41545191E+000
  0.41532084E+000
  0.41519516E+000
  0.41507511E+000
  0.41496085E+000
  0.41485251E+000
  0.41475019E+000
  0.41465392E+000
  0.41456371E+000
  0.41447951E+000
  0.41440126E+000
  0.41432883E+000
  0.41426209E+000
  0.41420087E+000
  0.41414495E+000
  0.41409413E+000
  0.41404815E+000
  0.41400677E+000
  0.41396971E+000
  0.41393671E+000
  0.41390746E+000
  0.41388171E+000
  0.41385916E+000
  0.41383954E+000
  0.41382259E+000
  0.41380804E+000
  0.41379565E+000
  0.41378520E+000
  0.41377646E+000
  0.41376923E+000
  0.41376334E+000
  0.41375861E+000
  0.41375489E+000
  0.41375204E+000
  0.41374995E+000
  0.41374851E+000
  0.41374761E+000
  0.41374719E+000
  0.41374717E+000
  0.41374749E+000
  0.41374809E+000
  0.41374894E+000
  0.41374999E+000
  0.41375122E+000
  0.41375259E+000
  0.41375409E+000
  0.41375569E+000
  0.41375738E+000
  0.41375914E+000
  0.41376097E+000
  0.41376285E+000
  0.41376477E+000
  0.41376672E+000
  0.41376870E+000
  0.41377070E+000
  0.41377272E+000
  0.41377474E+000
  0.41377678E+000
  0.41377881E+000
  0.41378084E+000
  0.41378286E+000
  0.41378487E+000
  0.41378687E+000
  0.41378885E+000
  0.41379081E+000
  0.41379276E+000
  0.41379467E+000
  0.41379657E+000
  0.41379843E+000
  0.41380027E+000
  0.41380208E+000
  0.41380386E+000
  0.41380561E+000
  0.41380732E+000
  0.41380901E+000
  0.41381065E+000
  0.41381227E+000
  0.41381385E+000
  0.41381540E+000
  0.41381691E+000
  0.41381839E+000
  0.41381984E+000
  0.41382125E+000
  0.41382263E+000
  0.41382397E+000
  0.41382528E+000
  0.41382656E+000
  0.41382781E+000
  0.41382902E+000
  0.41383020E+000
  0.41383136E+000
  0.41383248E+000
  0.41383357E+000
  0.41383463E+000
  0.41383566E+000
  0.41383667E+000
  0.41383764E+000
  0.41383859E+000
  0.41383951E+000
  0.41384040E+000
  0.41384127E+000
  0.41384211E+000
  0.41384293E+000
  0.41384372E+000
  0.41384449E+000
  0.41384524E+000
  0.41384596E+000
  0.41384666E+000
  0.41384734E+000
  0.41384799E+000
  0.41384863E+000
  0.41384925E+000
  0.41384984E+000
  0.41385042E+000
  0.41385098E+000
  0.41385152E+000
  0.41385204E+000
  0.41385254E+000
  0.41385303E+000
  0.41385350E+000
  0.41385396E+000
  0.41385440E+000
  0.41385482E+000
  0.41385523E+000
  0.41385563E+000
  0.41385601E+000
  0.41385638E+000
  0.41385673E+000
  0.41385708E+000
  0.41385741E+000
  0.41385773E+000
  0.41385804E+000
  0.41385833E+000
  0.41385862E+000
  0.41385889E+000
  0.41385916E+000
  0.41385942E+000
  0.41385966E+000
  0.41385990E+000
  0.41386013E+000
  0.41386035E+000
  0.41386056E+000
  0.41386077E+000
  0.41386096E+000
  0.41386115E+000
  0.41386133E+000
  0.41386151E+000
  0.41386168E+000
  0.41386184E+000
  0.41386200E+000
  0.41386215E+000
  0.41386229E+000
  0.41386243E+000
  0.41386256E+000
  0.41386269E+000
  0.41386281E+000
  0.41386293E+000
  0.41386304E+000
  0.41386315E+000
  0.41386326E+000
  0.41386336E+000
  0.41386345E+000
  0.41386355E+000
  0.41386364E+000
  0.41386373E+000
  0.41386382E+000
  0.41386392E+000
