  0.12211272E+001
  0.12206007E+001
  0.12200666E+001
  0.12196173E+001
  0.12192330E+001
  0.12189003E+001
  0.12186118E+001
  0.12183598E+001
  0.12181385E+001
  0.12179434E+001
  0.12177706E+001
  0.12176175E+001
  0.12174815E+001
  0.12173601E+001
  0.12172514E+001
  0.12171539E+001
  0.12170660E+001
  0.12169861E+001
  0.12169136E+001
  0.12168480E+001
  0.12167884E+001
  0.12167341E+001
  0.12166846E+001
  0.12166393E+001
  0.12165979E+001
  0.12165600E+001
  0.12165252E+001
  0.12164931E+001
  0.12164637E+001
  0.12164365E+001
  0.12164114E+001
  0.12163883E+001
  0.12163668E+001
  0.12163470E+001
  0.12163285E+001
  0.12163114E+001
  0.12162955E+001
  0.12162806E+001
  0.12162667E+001
  0.12162537E+001
  0.12162415E+001
  0.12162300E+001
  0.12162192E+001
  0.12162091E+001
  0.12161995E+001
  0.12161905E+001
  0.12161821E+001
  0.12161741E+001
  0.12161665E+001
  0.12161594E+001
  0.12161527E+001
  0.12161464E+001
  0.12161404E+001
  0.12161348E+001
  0.12161295E+001
  0.12161245E+001
  0.12161198E+001
  0.12161153E+001
  0.12161110E+001
  0.12161070E+001
  0.12161031E+001
  0.12160994E+001
  0.12160959E+001
  0.12160925E+001
  0.12160892E+001
  0.12160861E+001
  0.12160830E+001
  0.12160799E+001
  0.12160770E+001
  0.12160741E+001
  0.12160712E+001
  0.12160684E+001
  0.12160656E+001
  0.12160628E+001
  0.12160600E+001
  0.12160573E+001
  0.12160545E+001
  0.12160518E+001
  0.12160490E+001
  0.12160463E+001
  0.12160435E+001
  0.12160407E+001
  0.12160379E+001
  0.12160351E+001
  0.12160323E+001
  0.12160295E+001
  0.12160267E+001
  0.12160238E+001
  0.12160210E+001
  0.12160181E+001
  0.12160152E+001
  0.12160122E+001
  0.12160093E+001
  0.12160063E+001
  0.12160034E+001
  0.12160004E+001
  0.12159974E+001
  0.12159944E+001
  0.12159914E+001
  0.12159883E+001
  0.12159853E+001
  0.12159823E+001
  0.12159792E+001
  0.12159762E+001
  0.12159731E+001
  0.12159700E+001
  0.12159670E+001
  0.12159639E+001
  0.12159609E+001
  0.12159578E+001
  0.12159548E+001
  0.12159518E+001
  0.12159488E+001
  0.12159458E+001
  0.12159428E+001
  0.12159398E+001
  0.12159368E+001
  0.12159339E+001
  0.12159310E+001
  0.12159281E+001
  0.12159252E+001
  0.12159223E+001
  0.12159195E+001
  0.12159167E+001
  0.12159139E+001
  0.12159111E+001
  0.12159084E+001
  0.12159057E+001
  0.12159030E+001
  0.12159004E+001
  0.12158977E+001
  0.12158951E+001
  0.12158926E+001
  0.12158900E+001
  0.12158875E+001
  0.12158851E+001
  0.12158826E+001
  0.12158802E+001
  0.12158778E+001
  0.12158755E+001
  0.12158732E+001
  0.12158709E+001
  0.12158687E+001
  0.12158665E+001
  0.12158643E+001
  0.12158621E+001
  0.12158600E+001
  0.12158579E+001
  0.12158559E+001
  0.12158539E+001
  0.12158519E+001
  0.12158500E+001
  0.12158480E+001
  0.12158462E+001
  0.12158443E+001
  0.12158425E+001
  0.12158407E+001
  0.12158389E+001
  0.12158372E+001
  0.12158355E+001
  0.12158339E+001
  0.12158322E+001
  0.12158307E+001
  0.12158291E+001
  0.12158276E+001
  0.12158260E+001
  0.12158246E+001
  0.12158231E+001
  0.12158217E+001
  0.12158203E+001
  0.12158190E+001
  0.12158176E+001
  0.12158163E+001
  0.12158150E+001
  0.12158138E+001
  0.12158126E+001
  0.12158114E+001
  0.12158102E+001
  0.12158091E+001
  0.12158079E+001
  0.12158069E+001
  0.12158058E+001
  0.12158047E+001
  0.12158037E+001
  0.12158027E+001
  0.12158018E+001
  0.12158008E+001
  0.12157999E+001
  0.12157990E+001
  0.12157981E+001
  0.12157972E+001
  0.12157964E+001
  0.12157956E+001
  0.12157948E+001
  0.12157940E+001
  0.12157932E+001
  0.12157925E+001
  0.12157918E+001
  0.12157911E+001
  0.12157904E+001
