  0.25921504E+001
  0.24065806E+001
  0.23944250E+001
  0.23997558E+001
  0.24085972E+001
  0.24186900E+001
  0.24290609E+001
  0.24393526E+001
  0.24493118E+001
  0.24588136E+001
  0.24677739E+001
  0.24762145E+001
  0.24841678E+001
  0.24916537E+001
  0.24986983E+001
  0.25053309E+001
  0.25115736E+001
  0.25174426E+001
  0.25229312E+001
  0.25280584E+001
  0.25328510E+001
  0.25373237E+001
  0.25414866E+001
  0.25453481E+001
  0.25489154E+001
  0.25522038E+001
  0.25552187E+001
  0.25579678E+001
  0.25604602E+001
  0.25627057E+001
  0.25647157E+001
  0.25665025E+001
  0.25680797E+001
  0.25694619E+001
  0.25706644E+001
  0.25717034E+001
  0.25725951E+001
  0.25733562E+001
  0.25740026E+001
  0.25745500E+001
  0.25750132E+001
  0.25754057E+001
  0.25757398E+001
  0.25760267E+001
  0.25762757E+001
  0.25764950E+001
  0.25766915E+001
  0.25768704E+001
  0.25770363E+001
  0.25771922E+001
  0.25773406E+001
  0.25774832E+001
  0.25776210E+001
  0.25777547E+001
  0.25778846E+001
  0.25780108E+001
  0.25781332E+001
  0.25782517E+001
  0.25783661E+001
  0.25784763E+001
  0.25785822E+001
  0.25786836E+001
  0.25787806E+001
  0.25788731E+001
  0.25789612E+001
  0.25790449E+001
  0.25791244E+001
  0.25791996E+001
  0.25792707E+001
  0.25793377E+001
  0.25794008E+001
  0.25794601E+001
  0.25795156E+001
  0.25795675E+001
  0.25796158E+001
  0.25796606E+001
  0.25797021E+001
  0.25797404E+001
  0.25797754E+001
  0.25798075E+001
  0.25798366E+001
  0.25798629E+001
  0.25798866E+001
  0.25799077E+001
  0.25799264E+001
  0.25799428E+001
  0.25799571E+001
  0.25799693E+001
  0.25799798E+001
  0.25799885E+001
  0.25799956E+001
  0.25800013E+001
  0.25800056E+001
  0.25800088E+001
  0.25800108E+001
  0.25800119E+001
  0.25800121E+001
  0.25800115E+001
  0.25800102E+001
  0.25800083E+001
  0.25800058E+001
  0.25800029E+001
  0.25799996E+001
  0.25799959E+001
  0.25799919E+001
  0.25799876E+001
  0.25799831E+001
  0.25799785E+001
  0.25799736E+001
  0.25799687E+001
  0.25799636E+001
  0.25799584E+001
  0.25799532E+001
  0.25799479E+001
  0.25799425E+001
  0.25799372E+001
  0.25799318E+001
  0.25799264E+001
  0.25799210E+001
  0.25799156E+001
  0.25799102E+001
  0.25799048E+001
  0.25798994E+001
  0.25798941E+001
  0.25798888E+001
  0.25798835E+001
  0.25798782E+001
  0.25798730E+001
  0.25798678E+001
  0.25798626E+001
  0.25798575E+001
  0.25798525E+001
  0.25798474E+001
  0.25798425E+001
  0.25798375E+001
  0.25798326E+001
  0.25798278E+001
  0.25798230E+001
  0.25798183E+001
  0.25798136E+001
  0.25798090E+001
  0.25798044E+001
  0.25797999E+001
  0.25797955E+001
  0.25797911E+001
  0.25797867E+001
  0.25797825E+001
  0.25797783E+001
  0.25797741E+001
  0.25797700E+001
  0.25797660E+001
  0.25797620E+001
  0.25797581E+001
  0.25797542E+001
  0.25797504E+001
  0.25797467E+001
  0.25797430E+001
  0.25797394E+001
  0.25797359E+001
  0.25797324E+001
  0.25797290E+001
  0.25797256E+001
  0.25797223E+001
  0.25797191E+001
  0.25797159E+001
  0.25797128E+001
  0.25797098E+001
  0.25797068E+001
  0.25797038E+001
  0.25797010E+001
  0.25796981E+001
  0.25796954E+001
  0.25796927E+001
  0.25796900E+001
  0.25796874E+001
  0.25796849E+001
  0.25796824E+001
  0.25796800E+001
  0.25796776E+001
  0.25796753E+001
  0.25796730E+001
  0.25796708E+001
  0.25796686E+001
  0.25796665E+001
  0.25796645E+001
  0.25796624E+001
  0.25796605E+001
  0.25796585E+001
  0.25796566E+001
  0.25796548E+001
  0.25796530E+001
  0.25796512E+001
  0.25796495E+001
  0.25796479E+001
  0.25796462E+001
  0.25796446E+001
  0.25796431E+001
  0.25796415E+001
  0.25796398E+001
  0.25796379E+001
