  0.78033533E+000
  0.76697190E+000
  0.76430450E+000
  0.76480649E+000
  0.76583931E+000
  0.76677919E+000
  0.76749624E+000
  0.76803571E+000
  0.76843064E+000
  0.76871451E+000
  0.76891653E+000
  0.76905432E+000
  0.76914971E+000
  0.76925301E+000
  0.76960278E+000
  0.77036653E+000
  0.77125216E+000
  0.77212939E+000
  0.77263482E+000
  0.77300212E+000
  0.77331213E+000
  0.77359121E+000
  0.77383167E+000
  0.77402951E+000
  0.77420477E+000
  0.77436482E+000
  0.77451195E+000
  0.77464682E+000
  0.77476987E+000
  0.77488155E+000
  0.77498242E+000
  0.77507311E+000
  0.77515433E+000
  0.77522682E+000
  0.77529134E+000
  0.77534863E+000
  0.77539941E+000
  0.77544438E+000
  0.77548417E+000
  0.77551938E+000
  0.77555057E+000
  0.77557821E+000
  0.77560277E+000
  0.77562463E+000
  0.77564414E+000
  0.77566161E+000
  0.77567732E+000
  0.77569149E+000
  0.77570432E+000
  0.77571598E+000
  0.77572662E+000
  0.77573634E+000
  0.77574525E+000
  0.77575342E+000
  0.77576091E+000
  0.77576777E+000
  0.77577404E+000
  0.77577978E+000
  0.77578503E+000
  0.77578981E+000
  0.77579414E+000
  0.77579805E+000
  0.77580156E+000
  0.77580470E+000
  0.77580750E+000
  0.77580997E+000
  0.77581213E+000
  0.77581402E+000
  0.77581565E+000
  0.77581703E+000
  0.77581820E+000
  0.77581917E+000
  0.77581995E+000
  0.77582057E+000
  0.77582104E+000
  0.77582138E+000
  0.77582160E+000
  0.77582171E+000
  0.77582173E+000
  0.77582167E+000
  0.77582153E+000
  0.77582134E+000
  0.77582109E+000
  0.77582079E+000
  0.77582046E+000
  0.77582009E+000
  0.77581971E+000
  0.77581930E+000
  0.77581888E+000
  0.77581846E+000
  0.77581804E+000
  0.77581762E+000
  0.77581722E+000
  0.77581683E+000
  0.77581646E+000
  0.77581612E+000
  0.77581580E+000
  0.77581552E+000
  0.77581527E+000
  0.77581507E+000
  0.77581492E+000
  0.77581481E+000
  0.77581475E+000
  0.77581473E+000
  0.77581477E+000
  0.77581485E+000
  0.77581498E+000
  0.77581515E+000
  0.77581536E+000
  0.77581561E+000
  0.77581588E+000
  0.77581617E+000
  0.77581648E+000
  0.77581679E+000
  0.77581710E+000
  0.77581740E+000
  0.77581768E+000
  0.77581793E+000
  0.77581815E+000
  0.77581833E+000
  0.77581846E+000
  0.77581853E+000
  0.77581855E+000
  0.77581852E+000
  0.77581842E+000
  0.77581826E+000
  0.77581804E+000
  0.77581776E+000
  0.77581743E+000
  0.77581704E+000
  0.77581661E+000
  0.77581615E+000
  0.77581564E+000
  0.77581512E+000
  0.77581457E+000
  0.77581400E+000
  0.77581343E+000
  0.77581286E+000
  0.77581229E+000
  0.77581174E+000
  0.77581120E+000
  0.77581069E+000
  0.77581019E+000
  0.77580973E+000
  0.77580929E+000
  0.77580889E+000
  0.77580852E+000
  0.77580819E+000
  0.77580789E+000
  0.77580762E+000
  0.77580738E+000
  0.77580717E+000
  0.77580700E+000
  0.77580684E+000
  0.77580671E+000
  0.77580661E+000
  0.77580652E+000
  0.77580644E+000
  0.77580638E+000
  0.77580633E+000
  0.77580629E+000
  0.77580626E+000
  0.77580623E+000
  0.77580620E+000
  0.77580618E+000
  0.77580616E+000
  0.77580613E+000
  0.77580611E+000
  0.77580608E+000
  0.77580605E+000
  0.77580602E+000
  0.77580599E+000
  0.77580596E+000
  0.77580592E+000
  0.77580589E+000
  0.77580585E+000
  0.77580582E+000
  0.77580579E+000
  0.77580576E+000
  0.77580573E+000
  0.77580570E+000
  0.77580568E+000
  0.77580566E+000
  0.77580564E+000
  0.77580563E+000
  0.77580563E+000
  0.77580563E+000
  0.77580563E+000
  0.77580564E+000
  0.77580566E+000
  0.77580568E+000
  0.77580570E+000
  0.77580573E+000
  0.77580576E+000
  0.77580579E+000
  0.77580584E+000
  0.77580591E+000
  0.77580604E+000
  0.77580629E+000
  0.77580675E+000
