  0.56408054E+000  0.82778917E+000  0.11695403E+001  0.24069764E+001
  0.56315398E+000  0.82647390E+000  0.11701619E+001  0.24072283E+001
  0.56272352E+000  0.82564811E+000  0.11699685E+001  0.24070378E+001
  0.56243246E+000  0.82499034E+000  0.11695009E+001  0.24058202E+001
  0.56217945E+000  0.82443569E+000  0.11693520E+001  0.24066484E+001
  0.56198757E+000  0.82397125E+000  0.11690540E+001  0.24064639E+001
  0.56182091E+000  0.82356019E+000  0.11687901E+001  0.24063035E+001
  0.56167741E+000  0.82323502E+000  0.11685046E+001  0.24061758E+001
  0.56155240E+000  0.82294752E+000  0.11682528E+001  0.24060646E+001
  0.56144490E+000  0.82270574E+000  0.11666958E+001  0.24072746E+001
  0.56134920E+000  0.82247632E+000  0.11665086E+001  0.24071744E+001
  0.56126439E+000  0.82229571E+000  0.11663082E+001  0.24071042E+001
  0.56118874E+000  0.82212511E+000  0.11661670E+001  0.24070185E+001
  0.54710891E+000  0.80270164E+000  0.11660317E+001  0.24069391E+001
  0.56105952E+000  0.82184510E+000  0.11659174E+001  0.24068808E+001
  0.56100324E+000  0.82173660E+000  0.11658126E+001  0.24068134E+001
  0.54694254E+000  0.80231988E+000  0.11657353E+001  0.24067517E+001
  0.54689350E+000  0.80222553E+000  0.11641398E+001  0.23953825E+001
  0.56086123E+000  0.82145658E+000  0.11651152E+001  0.24071052E+001
  0.56082091E+000  0.82138519E+000  0.11650485E+001  0.24070571E+001
  0.56078345E+000  0.82132038E+000  0.11649885E+001  0.24070129E+001
  0.56074855E+000  0.82126170E+000  0.11649337E+001  0.24069725E+001
  0.56071573E+000  0.82120836E+000  0.11648831E+001  0.24069349E+001
  0.56068485E+000  0.82115984E+000  0.11648350E+001  0.24069002E+001
  0.56065593E+000  0.82111564E+000  0.11645374E+001  0.24071203E+001
  0.56062878E+000  0.82107535E+000  0.11645007E+001  0.24070846E+001
  0.56060326E+000  0.82103859E+000  0.11644663E+001  0.24070516E+001
  0.56057923E+000  0.82100501E+000  0.11644341E+001  0.24070210E+001
  0.56055625E+000  0.82097362E+000  0.11644042E+001  0.24069929E+001
  0.56053466E+000  0.82094495E+000  0.11643767E+001  0.24069668E+001
  0.56051437E+000  0.82091922E+000  0.11643511E+001  0.24069427E+001
  0.56049526E+000  0.82089593E+000  0.11643277E+001  0.24069206E+001
  0.56047722E+000  0.82087479E+000  0.11643063E+001  0.24069002E+001
  0.56046015E+000  0.82085557E+000  0.11642868E+001  0.24068816E+001
  0.56044396E+000  0.82083804E+000  0.11642691E+001  0.24068645E+001
  0.56042860E+000  0.82082203E+000  0.11642530E+001  0.24068488E+001
  0.56041399E+000  0.82080735E+000  0.11642384E+001  0.24068344E+001
  0.56040009E+000  0.82079388E+000  0.11642252E+001  0.24068213E+001
  0.56038687E+000  0.82078148E+000  0.11642132E+001  0.24068092E+001
  0.56037428E+000  0.82077004E+000  0.11642023E+001  0.24067982E+001
  0.56036230E+000  0.82075945E+000  0.11641923E+001  0.24067882E+001
  0.56035091E+000  0.82074964E+000  0.11641833E+001  0.24067791E+001
  0.56033966E+000  0.82074095E+000  0.11641749E+001  0.24067708E+001
  0.56032939E+000  0.82073247E+000  0.11641673E+001  0.24067633E+001
  0.56031965E+000  0.82072457E+000  0.11641603E+001  0.24067564E+001
  0.56031045E+000  0.82071721E+000  0.11641538E+001  0.24067502E+001
  0.56030177E+000  0.82071034E+000  0.11641478E+001  0.24067446E+001
  0.56029359E+000  0.82070394E+000  0.11641423E+001  0.24067396E+001
  0.56028592E+000  0.82069796E+000  0.11641371E+001  0.24067351E+001
  0.56027874E+000  0.82069240E+000  0.11641324E+001  0.24067310E+001
  0.56027205E+000  0.82068721E+000  0.11641279E+001  0.24067274E+001
  0.56026582E+000  0.82068240E+000  0.11641238E+001  0.24067241E+001
  0.56026004E+000  0.82067792E+000  0.11641200E+001  0.24067212E+001
  0.56025470E+000  0.82067332E+000  0.11641170E+001  0.24067186E+001
  0.56024978E+000  0.82067221E+000  0.11641109E+001  0.24067163E+001
  0.56024526E+000  0.82067106E+000  0.11641055E+001  0.24067142E+001
  0.56024112E+000  0.82067003E+000  0.11641004E+001  0.24067124E+001
  0.56023733E+000  0.82066909E+000  0.11640957E+001  0.24067107E+001
  0.56023388E+000  0.82066825E+000  0.11640913E+001  0.24067092E+001
  0.56023074E+000  0.82066748E+000  0.11640872E+001  0.24067078E+001
  0.56022789E+000  0.82066678E+000  0.11640833E+001  0.24067065E+001
  0.56022530E+000  0.82066615E+000  0.11640797E+001  0.24067052E+001
  0.56022296E+000  0.82066610E+000  0.11640758E+001  0.24067041E+001
  0.56022084E+000  0.82066545E+000  0.11640726E+001  0.24067029E+001
  0.56021892E+000  0.82066483E+000  0.11640697E+001  0.24067018E+001
  0.56021718E+000  0.82066422E+000  0.11640669E+001  0.24067006E+001
  0.56021561E+000  0.82066362E+000  0.11640642E+001  0.24066994E+001
  0.56021418E+000  0.82066302E+000  0.11640686E+001  0.24066913E+001
  0.56021289E+000  0.82066240E+000  0.11640661E+001  0.24066900E+001
  0.56021171E+000  0.82066177E+000  0.11640637E+001  0.24066887E+001
  0.56021063E+000  0.82066111E+000  0.11640614E+001  0.24066873E+001
  0.56020964E+000  0.82066042E+000  0.11640591E+001  0.24066859E+001
  0.56020873E+000  0.82065969E+000  0.11640568E+001  0.24066843E+001
  0.56020789E+000  0.82065892E+000  0.11640545E+001  0.24066827E+001
  0.56020711E+000  0.82065810E+000  0.11640522E+001  0.24066811E+001
  0.56020638E+000  0.82065724E+000  0.11640500E+001  0.24066793E+001
  0.56020570E+000  0.82065632E+000  0.11640479E+001  0.24066774E+001
  0.56020506E+000  0.82065535E+000  0.11640457E+001  0.24066755E+001
  0.56020444E+000  0.82065431E+000  0.11640435E+001  0.24066734E+001
  0.56020385E+000  0.82065322E+000  0.11640412E+001  0.24066713E+001
  0.56020329E+000  0.82065207E+000  0.11640390E+001  0.24066692E+001
  0.56020274E+000  0.82065086E+000  0.11640367E+001  0.24066669E+001
  0.56020221E+000  0.82064959E+000  0.11640344E+001  0.24066646E+001
  0.56020168E+000  0.82064825E+000  0.11640321E+001  0.24066622E+001
  0.56020117E+000  0.82064685E+000  0.11640297E+001  0.24066597E+001
  0.56020066E+000  0.82064538E+000  0.11640273E+001  0.24066572E+001
  0.56020015E+000  0.82064386E+000  0.11640249E+001  0.24066547E+001
  0.56019965E+000  0.82064227E+000  0.11640224E+001  0.24066520E+001
  0.56019915E+000  0.82064062E+000  0.11640199E+001  0.24066493E+001
  0.56019864E+000  0.82063842E+000  0.11640178E+001  0.24066466E+001
  0.56019814E+000  0.82063644E+000  0.11640154E+001  0.24066438E+001
  0.56019763E+000  0.82063453E+000  0.11640129E+001  0.24066410E+001
  0.56019712E+000  0.82063257E+000  0.11640103E+001  0.24066381E+001
  0.56019661E+000  0.82063056E+000  0.11640077E+001  0.24066351E+001
  0.56019609E+000  0.82062849E+000  0.11640050E+001  0.24066321E+001
  0.56019558E+000  0.82062637E+000  0.11640023E+001  0.24066291E+001
  0.56019506E+000  0.82062420E+000  0.11639996E+001  0.24066260E+001
  0.56019453E+000  0.82062199E+000  0.11639969E+001  0.24066228E+001
  0.56019401E+000  0.82061973E+000  0.11639942E+001  0.24066197E+001
  0.56019348E+000  0.82061728E+000  0.11639915E+001  0.24066164E+001
  0.56019295E+000  0.82061596E+000  0.11639878E+001  0.24066131E+001
  0.56019243E+000  0.82061551E+000  0.11639831E+001  0.24066098E+001
  0.56019190E+000  0.82061506E+000  0.11639783E+001  0.24066064E+001
  0.56019137E+000  0.82061461E+000  0.11639735E+001  0.24066030E+001
  0.56019084E+000  0.82061416E+000  0.11639687E+001  0.24065995E+001
  0.56019032E+000  0.82061372E+000  0.11639639E+001  0.24065960E+001
  0.56018980E+000  0.82061328E+000  0.11639591E+001  0.24065924E+001
  0.56018928E+000  0.82061284E+000  0.11639542E+001  0.24065888E+001
  0.56018877E+000  0.82061241E+000  0.11639494E+001  0.24065851E+001
  0.56018826E+000  0.82061198E+000  0.11639446E+001  0.24065814E+001
  0.56018776E+000  0.82061155E+000  0.11639397E+001  0.24065777E+001
  0.56018726E+000  0.82061112E+000  0.11639349E+001  0.24065739E+001
  0.56018677E+000  0.82061070E+000  0.11639301E+001  0.24065700E+001
  0.56018628E+000  0.82061028E+000  0.11639254E+001  0.24065661E+001
  0.56018580E+000  0.82060987E+000  0.11639206E+001  0.24065622E+001
  0.56018533E+000  0.82060946E+000  0.11639159E+001  0.24065582E+001
  0.56018487E+000  0.82060905E+000  0.11639113E+001  0.24065541E+001
  0.56018442E+000  0.82060865E+000  0.11639066E+001  0.24065501E+001
  0.56018397E+000  0.82060826E+000  0.11639021E+001  0.24065459E+001
  0.56018354E+000  0.82060787E+000  0.11638975E+001  0.24065418E+001
  0.56018311E+000  0.82060748E+000  0.11638931E+001  0.24065376E+001
  0.56018269E+000  0.82060710E+000  0.11638886E+001  0.24065333E+001
  0.56018228E+000  0.82060673E+000  0.11638843E+001  0.24065290E+001
  0.56018189E+000  0.82060636E+000  0.11638800E+001  0.24065247E+001
  0.56018150E+000  0.82060600E+000  0.11638757E+001  0.24065203E+001
  0.56018112E+000  0.82060564E+000  0.11638716E+001  0.24065160E+001
  0.56018075E+000  0.82060530E+000  0.11638675E+001  0.24065115E+001
  0.56018039E+000  0.82060496E+000  0.11638634E+001  0.24065071E+001
  0.56018004E+000  0.82060462E+000  0.11638594E+001  0.24065026E+001
  0.56017970E+000  0.82060429E+000  0.11638555E+001  0.24064981E+001
  0.56017937E+000  0.82060397E+000  0.11638517E+001  0.24064935E+001
  0.56017905E+000  0.82060366E+000  0.11638480E+001  0.24064890E+001
  0.56017874E+000  0.82060336E+000  0.11638443E+001  0.24064844E+001
  0.56017843E+000  0.82060306E+000  0.11638407E+001  0.24064798E+001
  0.56017814E+000  0.82060277E+000  0.11638371E+001  0.24064752E+001
  0.56017786E+000  0.82060248E+000  0.11638336E+001  0.24064706E+001
  0.56017758E+000  0.82060221E+000  0.11638303E+001  0.24064659E+001
  0.56017732E+000  0.82060194E+000  0.11638269E+001  0.24064613E+001
  0.56017706E+000  0.82060167E+000  0.11638237E+001  0.24064566E+001
  0.56017681E+000  0.82060142E+000  0.11638205E+001  0.24064519E+001
  0.56017657E+000  0.82060117E+000  0.11638174E+001  0.24064473E+001
  0.56017634E+000  0.82060093E+000  0.11638144E+001  0.24064426E+001
  0.56017611E+000  0.82060069E+000  0.11638114E+001  0.24064379E+001
  0.56017590E+000  0.82060047E+000  0.11638085E+001  0.24064332E+001
  0.56017569E+000  0.82060024E+000  0.11638057E+001  0.24064286E+001
  0.56017549E+000  0.82060003E+000  0.11638030E+001  0.24064239E+001
  0.56017529E+000  0.82059982E+000  0.11638003E+001  0.24064192E+001
  0.56017510E+000  0.82059962E+000  0.11637977E+001  0.24064146E+001
  0.56017492E+000  0.82059943E+000  0.11637952E+001  0.24064100E+001
  0.56017475E+000  0.82059924E+000  0.11637927E+001  0.24064053E+001
  0.56017458E+000  0.82059905E+000  0.11637903E+001  0.24064007E+001
  0.56017442E+000  0.82059888E+000  0.11637879E+001  0.24063962E+001
  0.56017426E+000  0.82059870E+000  0.11637857E+001  0.24063916E+001
  0.56017411E+000  0.82059854E+000  0.11637834E+001  0.24063871E+001
  0.56017397E+000  0.82059838E+000  0.11637813E+001  0.24063826E+001
  0.56017383E+000  0.82059822E+000  0.11637792E+001  0.24063781E+001
  0.56017370E+000  0.82059807E+000  0.11637771E+001  0.24063736E+001
  0.56017357E+000  0.82059793E+000  0.11637752E+001  0.24063692E+001
  0.56017345E+000  0.82059779E+000  0.11637732E+001  0.24063648E+001
  0.56017333E+000  0.82059765E+000  0.11637714E+001  0.24063604E+001
  0.56017321E+000  0.82059752E+000  0.11637696E+001  0.24063561E+001
  0.56017310E+000  0.82059740E+000  0.11637678E+001  0.24063518E+001
  0.56017300E+000  0.82059727E+000  0.11637661E+001  0.24063475E+001
  0.56017290E+000  0.82059716E+000  0.11637645E+001  0.24063433E+001
  0.56017280E+000  0.82059704E+000  0.11637629E+001  0.24063391E+001
  0.56017271E+000  0.82059694E+000  0.11637613E+001  0.24063350E+001
  0.56017262E+000  0.82059683E+000  0.11637598E+001  0.24063309E+001
  0.56017253E+000  0.82059673E+000  0.11637583E+001  0.24063268E+001
  0.56017245E+000  0.82059663E+000  0.11637569E+001  0.24063228E+001
  0.56017237E+000  0.82059654E+000  0.11637556E+001  0.24063189E+001
  0.56017230E+000  0.82059645E+000  0.11637542E+001  0.24063150E+001
  0.56017222E+000  0.82059636E+000  0.11637530E+001  0.24063111E+001
  0.56017215E+000  0.82059628E+000  0.11637517E+001  0.24063073E+001
  0.56017209E+000  0.82059620E+000  0.11637505E+001  0.24063035E+001
  0.56017202E+000  0.82059612E+000  0.11637494E+001  0.24062998E+001
  0.56017196E+000  0.82059604E+000  0.11637482E+001  0.24062961E+001
  0.56017190E+000  0.82059597E+000  0.11637471E+001  0.24062925E+001
  0.56017185E+000  0.82059590E+000  0.11637461E+001  0.24062890E+001
  0.56017179E+000  0.82059584E+000  0.11637451E+001  0.24062854E+001
  0.56017174E+000  0.82059577E+000  0.11637441E+001  0.24062820E+001
  0.56017169E+000  0.82059571E+000  0.11637432E+001  0.24062786E+001
  0.56017164E+000  0.82059565E+000  0.11637422E+001  0.24062752E+001
  0.56017160E+000  0.82059559E+000  0.11637414E+001  0.24062719E+001
  0.56017155E+000  0.82059554E+000  0.11637405E+001  0.24062687E+001
  0.56017151E+000  0.82059549E+000  0.11637397E+001  0.24062655E+001
  0.56017147E+000  0.82059544E+000  0.11637389E+001  0.24062624E+001
  0.56017143E+000  0.82059539E+000  0.11637381E+001  0.24062593E+001
  0.56017140E+000  0.82059534E+000  0.11637374E+001  0.24062563E+001
  0.56017136E+000  0.82059530E+000  0.11637367E+001  0.24062533E+001
  0.56017133E+000  0.82059526E+000  0.11637360E+001  0.24062504E+001
  0.56017130E+000  0.82059521E+000  0.11637353E+001  0.24062475E+001
  0.56017127E+000  0.82059518E+000  0.11637347E+001  0.24062447E+001
  0.56017124E+000  0.82059514E+000  0.11637341E+001  0.24062420E+001
  0.56017121E+000  0.82059510E+000  0.11637335E+001  0.24062393E+001
  0.56017118E+000  0.82059507E+000  0.11637329E+001  0.24062367E+001
  0.56017116E+000  0.82059504E+000  0.11637323E+001  0.24062341E+001
  0.56017113E+000  0.82059501E+000  0.11637318E+001  0.24062315E+001
  0.56017111E+000  0.82059498E+000  0.11637313E+001  0.24062290E+001
  0.56017109E+000  0.82059495E+000  0.11637308E+001  0.24062266E+001
  0.56017106E+000  0.82059491E+000  0.11637303E+001  0.24062242E+001
