 -0.35693456E+000
 -0.35690488E+000
 -0.35691709E+000
 -0.35693642E+000
 -0.35695498E+000
 -0.35697120E+000
 -0.35698505E+000
 -0.35699676E+000
 -0.35700669E+000
 -0.35701510E+000
 -0.35702225E+000
 -0.35702834E+000
 -0.35703355E+000
 -0.35703803E+000
 -0.35704187E+000
 -0.35704519E+000
 -0.35704805E+000
 -0.35705054E+000
 -0.35705270E+000
 -0.35705458E+000
 -0.35705623E+000
 -0.35705767E+000
 -0.35705895E+000
 -0.35706007E+000
 -0.35706107E+000
 -0.35706196E+000
 -0.35706276E+000
 -0.35706347E+000
 -0.35706412E+000
 -0.35706472E+000
 -0.35706526E+000
 -0.35706576E+000
 -0.35706622E+000
 -0.35706665E+000
 -0.35706706E+000
 -0.35706744E+000
 -0.35706781E+000
 -0.35706816E+000
 -0.35706849E+000
 -0.35706881E+000
 -0.35706913E+000
 -0.35706943E+000
 -0.35706973E+000
 -0.35707002E+000
 -0.35707030E+000
 -0.35707058E+000
 -0.35707086E+000
 -0.35707113E+000
 -0.35707140E+000
 -0.35707167E+000
 -0.35707193E+000
 -0.35707220E+000
 -0.35707246E+000
 -0.35707272E+000
 -0.35707299E+000
 -0.35707325E+000
 -0.35707352E+000
 -0.35707378E+000
 -0.35707405E+000
 -0.35707433E+000
 -0.35707460E+000
 -0.35707489E+000
 -0.35707517E+000
 -0.35707547E+000
 -0.35707577E+000
 -0.35707608E+000
 -0.35707640E+000
 -0.35707673E+000
 -0.35707707E+000
 -0.35707742E+000
 -0.35707779E+000
 -0.35707817E+000
 -0.35707857E+000
 -0.35707899E+000
 -0.35707942E+000
 -0.35707987E+000
 -0.35708034E+000
 -0.35708084E+000
 -0.35708135E+000
 -0.35708189E+000
 -0.35708245E+000
 -0.35708304E+000
 -0.35708365E+000
 -0.35708428E+000
 -0.35708494E+000
 -0.35708563E+000
 -0.35708634E+000
 -0.35708708E+000
 -0.35708784E+000
 -0.35708863E+000
 -0.35708944E+000
 -0.35709028E+000
 -0.35709115E+000
 -0.35709204E+000
 -0.35709295E+000
 -0.35709389E+000
 -0.35709484E+000
 -0.35709583E+000
 -0.35709683E+000
 -0.35709786E+000
 -0.35709890E+000
 -0.35709997E+000
 -0.35710106E+000
 -0.35710216E+000
 -0.35710328E+000
 -0.35710443E+000
 -0.35710559E+000
 -0.35710676E+000
 -0.35710795E+000
 -0.35710916E+000
 -0.35711039E+000
 -0.35711162E+000
 -0.35711288E+000
 -0.35711414E+000
 -0.35711542E+000
 -0.35711672E+000
 -0.35711802E+000
 -0.35711934E+000
 -0.35712067E+000
 -0.35712201E+000
 -0.35712336E+000
 -0.35712473E+000
 -0.35712611E+000
 -0.35712749E+000
 -0.35712889E+000
 -0.35713030E+000
 -0.35713172E+000
 -0.35713314E+000
 -0.35713458E+000
 -0.35713603E+000
 -0.35713748E+000
 -0.35713895E+000
 -0.35714042E+000
 -0.35714190E+000
 -0.35714338E+000
 -0.35714487E+000
 -0.35714636E+000
 -0.35714786E+000
 -0.35714935E+000
 -0.35715084E+000
 -0.35715233E+000
 -0.35715382E+000
 -0.35715529E+000
 -0.35715675E+000
 -0.35715820E+000
 -0.35715964E+000
 -0.35716105E+000
 -0.35716243E+000
 -0.35716379E+000
 -0.35716512E+000
 -0.35716641E+000
 -0.35716767E+000
 -0.35716888E+000
 -0.35717004E+000
 -0.35717115E+000
 -0.35717220E+000
 -0.35717320E+000
 -0.35717413E+000
 -0.35717499E+000
 -0.35717578E+000
 -0.35717650E+000
 -0.35717715E+000
 -0.35717771E+000
 -0.35717819E+000
 -0.35717859E+000
 -0.35717890E+000
 -0.35717913E+000
 -0.35717927E+000
 -0.35717932E+000
 -0.35717928E+000
 -0.35717915E+000
 -0.35717893E+000
 -0.35717863E+000
 -0.35717823E+000
 -0.35717776E+000
 -0.35717720E+000
 -0.35717656E+000
 -0.35717584E+000
 -0.35717504E+000
 -0.35717417E+000
 -0.35717323E+000
 -0.35717222E+000
 -0.35717115E+000
 -0.35717002E+000
 -0.35716883E+000
 -0.35716759E+000
 -0.35716630E+000
 -0.35716496E+000
 -0.35716359E+000
 -0.35716217E+000
 -0.35716072E+000
 -0.35715924E+000
 -0.35715774E+000
 -0.35715621E+000
 -0.35715466E+000
 -0.35715309E+000
 -0.35715151E+000
 -0.35714992E+000
 -0.35714832E+000
 -0.35714669E+000
