  0.50279947E+000
  0.50121414E+000
  0.50046859E+000
  0.49994495E+000
  0.49953769E+000
  0.49921210E+000
  0.49894711E+000
  0.49873142E+000
  0.49855638E+000
  0.49841446E+000
  0.49829838E+000
  0.49820318E+000
  0.49812510E+000
  0.49806095E+000
  0.49800876E+000
  0.49796595E+000
  0.49793079E+000
  0.49790204E+000
  0.49787867E+000
  0.49785988E+000
  0.49784501E+000
  0.49783349E+000
  0.49782485E+000
  0.49781869E+000
  0.49781459E+000
  0.49781232E+000
  0.49781162E+000
  0.49781226E+000
  0.49781402E+000
  0.49781672E+000
  0.49782019E+000
  0.49782427E+000
  0.49782882E+000
  0.49783372E+000
  0.49783884E+000
  0.49784410E+000
  0.49784941E+000
  0.49785468E+000
  0.49785985E+000
  0.49786488E+000
  0.49786972E+000
  0.49787432E+000
  0.49787867E+000
  0.49788274E+000
  0.49788654E+000
  0.49789004E+000
  0.49789326E+000
  0.49789619E+000
  0.49789886E+000
  0.49790127E+000
  0.49790343E+000
  0.49790536E+000
  0.49790708E+000
  0.49790861E+000
  0.49790996E+000
  0.49791116E+000
  0.49791222E+000
  0.49791316E+000
  0.49791399E+000
  0.49791473E+000
  0.49791540E+000
  0.49791600E+000
  0.49791656E+000
  0.49791708E+000
  0.49791757E+000
  0.49791805E+000
  0.49791851E+000
  0.49791897E+000
  0.49791944E+000
  0.49791992E+000
  0.49792041E+000
  0.49792092E+000
  0.49792146E+000
  0.49792202E+000
  0.49792260E+000
  0.49792322E+000
  0.49792386E+000
  0.49792454E+000
  0.49792524E+000
  0.49792598E+000
  0.49792675E+000
  0.49792755E+000
  0.49792838E+000
  0.49792924E+000
  0.49793012E+000
  0.49793103E+000
  0.49793196E+000
  0.49793292E+000
  0.49793389E+000
  0.49793489E+000
  0.49793590E+000
  0.49793693E+000
  0.49793798E+000
  0.49793903E+000
  0.49794009E+000
  0.49794117E+000
  0.49794225E+000
  0.49794333E+000
  0.49794442E+000
  0.49794551E+000
  0.49794660E+000
  0.49794769E+000
  0.49794878E+000
  0.49794986E+000
  0.49795094E+000
  0.49795201E+000
  0.49795308E+000
  0.49795413E+000
  0.49795518E+000
  0.49795622E+000
  0.49795725E+000
  0.49795826E+000
  0.49795926E+000
  0.49796025E+000
  0.49796123E+000
  0.49796219E+000
  0.49796314E+000
  0.49796407E+000
  0.49796499E+000
  0.49796590E+000
  0.49796678E+000
  0.49796766E+000
  0.49796851E+000
  0.49796935E+000
  0.49797017E+000
  0.49797098E+000
  0.49797177E+000
  0.49797255E+000
  0.49797330E+000
  0.49797404E+000
  0.49797477E+000
  0.49797548E+000
  0.49797617E+000
  0.49797685E+000
  0.49797751E+000
  0.49797816E+000
  0.49797879E+000
  0.49797940E+000
  0.49798000E+000
  0.49798058E+000
  0.49798115E+000
  0.49798171E+000
  0.49798225E+000
  0.49798278E+000
  0.49798329E+000
  0.49798379E+000
  0.49798428E+000
  0.49798475E+000
  0.49798521E+000
  0.49798566E+000
  0.49798609E+000
  0.49798651E+000
  0.49798692E+000
  0.49798732E+000
  0.49798771E+000
  0.49798809E+000
  0.49798845E+000
  0.49798881E+000
  0.49798915E+000
  0.49798949E+000
  0.49798981E+000
  0.49799013E+000
  0.49799044E+000
  0.49799073E+000
  0.49799102E+000
  0.49799130E+000
  0.49799157E+000
  0.49799183E+000
  0.49799208E+000
  0.49799233E+000
  0.49799257E+000
  0.49799280E+000
  0.49799302E+000
  0.49799324E+000
  0.49799345E+000
  0.49799365E+000
  0.49799385E+000
  0.49799404E+000
  0.49799422E+000
  0.49799440E+000
  0.49799457E+000
  0.49799474E+000
  0.49799490E+000
  0.49799505E+000
  0.49799521E+000
  0.49799535E+000
  0.49799549E+000
  0.49799563E+000
  0.49799576E+000
  0.49799589E+000
  0.49799601E+000
  0.49799613E+000
  0.49799624E+000
  0.49799635E+000
  0.49799646E+000
  0.49799657E+000
  0.49799667E+000
  0.49799676E+000
  0.49799686E+000
  0.49799695E+000
