  0.53570663E+000  0.91580421E+000  0.13362317E+001  0.31134632E+001
  0.53221107E+000  0.91031142E+000  0.13257464E+001  0.30987222E+001
  0.53040253E+000  0.90747930E+000  0.13209227E+001  0.30915114E+001
  0.52907643E+000  0.90540382E+000  0.13175804E+001  0.30862841E+001
  0.52801957E+000  0.90374967E+000  0.13150005E+001  0.30821446E+001
  0.52716505E+000  0.90241248E+000  0.13129645E+001  0.30788082E+001
  0.52646799E+000  0.90132248E+000  0.13113334E+001  0.30760990E+001
  0.52589467E+000  0.90042836E+000  0.13100161E+001  0.30738833E+001
  0.52542005E+000  0.89969079E+000  0.13089423E+001  0.30720523E+001
  0.52502597E+000  0.89907907E+000  0.13080644E+001  0.30705430E+001
  0.52469776E+000  0.89856909E+000  0.13073380E+001  0.30692797E+001
  0.52442143E+000  0.89814024E+000  0.13067310E+001  0.30682173E+001
  0.52418636E+000  0.89777596E+000  0.13062231E+001  0.30673121E+001
  0.52398531E+000  0.89746493E+000  0.13057936E+001  0.30665359E+001
  0.52381245E+000  0.89719803E+000  0.13054212E+001  0.30658669E+001
  0.52366299E+000  0.89696806E+000  0.13050956E+001  0.30652869E+001
  0.52352704E+000  0.89675935E+000  0.13047941E+001  0.30647563E+001
  0.52340875E+000  0.89657840E+000  0.13045296E+001  0.30642932E+001
  0.52330812E+000  0.89642504E+000  0.13043034E+001  0.30638981E+001
  0.52322205E+000  0.89629435E+000  0.13041082E+001  0.30635581E+001
  0.52314850E+000  0.89618314E+000  0.13039400E+001  0.30632656E+001
  0.52308584E+000  0.89608880E+000  0.13037951E+001  0.30630144E+001
  0.52303264E+000  0.89600906E+000  0.13036705E+001  0.30627989E+001
  0.52298771E+000  0.89594199E+000  0.13024404E+001  0.30585293E+001
  0.52294997E+000  0.89588592E+000  0.13034810E+001  0.30624574E+001
  0.49020792E+000  0.88066501E+000  0.13034108E+001  0.30623240E+001
  0.52289259E+000  0.89580118E+000  0.13033538E+001  0.30622113E+001
  0.52287144E+000  0.89577011E+000  0.13033081E+001  0.30621166E+001
  0.52285440E+000  0.89574514E+000  0.13032717E+001  0.30620373E+001
  0.52284101E+000  0.89572550E+000  0.13032434E+001  0.30619716E+001
  0.52283076E+000  0.89571041E+000  0.13032231E+001  0.30619176E+001
  0.52282319E+000  0.89569914E+000  0.13032114E+001  0.30618737E+001
  0.52281787E+000  0.89569104E+000  0.13032023E+001  0.30618381E+001
  0.52281444E+000  0.89568552E+000  0.13031957E+001  0.30618094E+001
  0.52281255E+000  0.89568206E+000  0.13031909E+001  0.30617865E+001
  0.52281190E+000  0.89568020E+000  0.13031877E+001  0.30617680E+001
  0.52281220E+000  0.89567953E+000  0.13031858E+001  0.30617532E+001
  0.52281323E+000  0.89567971E+000  0.13031849E+001  0.30617410E+001
  0.52281477E+000  0.89568042E+000  0.13031847E+001  0.30617307E+001
  0.52281664E+000  0.89568143E+000  0.13031847E+001  0.30617216E+001
  0.52281868E+000  0.89568252E+000  0.13031849E+001  0.30617133E+001
  0.52282078E+000  0.89568353E+000  0.13031849E+001  0.30617052E+001
  0.52282282E+000  0.89568432E+000  0.13031847E+001  0.30616971E+001
  0.52282472E+000  0.89568481E+000  0.13031840E+001  0.30616887E+001
  0.52282642E+000  0.89568493E+000  0.13031829E+001  0.30616797E+001
  0.52282786E+000  0.89568463E+000  0.13031812E+001  0.30616701E+001
  0.52282903E+000  0.89568389E+000  0.13031789E+001  0.30616597E+001
  0.52282989E+000  0.89568271E+000  0.13031760E+001  0.30616486E+001
  0.52283044E+000  0.89568111E+000  0.13031725E+001  0.30616367E+001
  0.52283069E+000  0.89567911E+000  0.13031685E+001  0.30616241E+001
  0.52283064E+000  0.89567675E+000  0.13031639E+001  0.30616108E+001
  0.52283032E+000  0.89567406E+000  0.13031589E+001  0.30615970E+001
  0.52282975E+000  0.89567108E+000  0.13031534E+001  0.30615827E+001
  0.52282895E+000  0.89566788E+000  0.13031476E+001  0.30615681E+001
  0.52282795E+000  0.89566448E+000  0.13031416E+001  0.30615531E+001
  0.52282677E+000  0.89566093E+000  0.13031352E+001  0.30615380E+001
  0.52282543E+000  0.89565725E+000  0.13031287E+001  0.30615227E+001
  0.52282395E+000  0.89565348E+000  0.13031220E+001  0.30615073E+001
  0.52282235E+000  0.89564964E+000  0.13031151E+001  0.30614919E+001
  0.52282064E+000  0.89564574E+000  0.13031081E+001  0.30614765E+001
  0.52281885E+000  0.89564182E+000  0.13031010E+001  0.30614611E+001
  0.52281699E+000  0.89563790E+000  0.13030938E+001  0.30614458E+001
  0.52281510E+000  0.89563404E+000  0.13030867E+001  0.30614308E+001
  0.52281321E+000  0.89563027E+000  0.13030796E+001  0.30614161E+001
  0.52281134E+000  0.89562662E+000  0.13030727E+001  0.30614017E+001
  0.52280949E+000  0.89562309E+000  0.13030658E+001  0.30613877E+001
  0.52280765E+000  0.89561966E+000  0.13030590E+001  0.30613740E+001
  0.52280583E+000  0.89561632E+000  0.13030522E+001  0.30613606E+001
  0.52280402E+000  0.89561308E+000  0.13030455E+001  0.30613475E+001
  0.52280223E+000  0.89560993E+000  0.13030388E+001  0.30613346E+001
  0.52280049E+000  0.89560692E+000  0.13030323E+001  0.30613222E+001
  0.52279878E+000  0.89560403E+000  0.13030258E+001  0.30613101E+001
  0.52279711E+000  0.89560125E+000  0.13030194E+001  0.30612983E+001
  0.48979901E+000  0.88028572E+000  0.13030131E+001  0.30612869E+001
  0.48979721E+000  0.88028310E+000  0.13030069E+001  0.30612758E+001
  0.48979549E+000  0.88028062E+000  0.13030007E+001  0.30612650E+001
  0.48979386E+000  0.88027827E+000  0.13029947E+001  0.30612545E+001
  0.48979231E+000  0.88027605E+000  0.13029886E+001  0.30612443E+001
  0.48979084E+000  0.88027394E+000  0.13029827E+001  0.30612343E+001
  0.48978944E+000  0.88027195E+000  0.13029768E+001  0.30612247E+001
  0.48978812E+000  0.88027006E+000  0.13029709E+001  0.30612153E+001
  0.48978686E+000  0.88026827E+000  0.13029651E+001  0.30612061E+001
  0.48978566E+000  0.88026657E+000  0.13029593E+001  0.30611971E+001
  0.48978452E+000  0.88026495E+000  0.13029536E+001  0.30611884E+001
  0.48978344E+000  0.88026341E+000  0.13029478E+001  0.30611798E+001
  0.48978241E+000  0.88026194E+000  0.13029421E+001  0.30611714E+001
  0.48978142E+000  0.88026054E+000  0.13029364E+001  0.30611631E+001
  0.48978049E+000  0.88025919E+000  0.13029307E+001  0.30611550E+001
  0.48977959E+000  0.88025789E+000  0.13029251E+001  0.30611470E+001
  0.48977873E+000  0.88025663E+000  0.13029194E+001  0.30611392E+001
  0.48977791E+000  0.88025542E+000  0.13029137E+001  0.30611314E+001
  0.48977713E+000  0.88025424E+000  0.13029080E+001  0.30611237E+001
  0.48977637E+000  0.88025310E+000  0.13029024E+001  0.30611161E+001
  0.48977565E+000  0.88025198E+000  0.13028967E+001  0.30611085E+001
  0.48977495E+000  0.88025088E+000  0.13028910E+001  0.30611010E+001
  0.48977427E+000  0.88024980E+000  0.13028853E+001  0.30610935E+001
  0.48977362E+000  0.88024874E+000  0.13028796E+001  0.30610861E+001
  0.48977300E+000  0.88024770E+000  0.13028740E+001  0.30610787E+001
  0.48977239E+000  0.88024666E+000  0.13028683E+001  0.30610713E+001
  0.48977180E+000  0.88024564E+000  0.13028626E+001  0.30610639E+001
  0.48977123E+000  0.88024463E+000  0.13028569E+001  0.30610565E+001
  0.48977068E+000  0.88024362E+000  0.13028513E+001  0.30610492E+001
  0.48977014E+000  0.88024262E+000  0.13028456E+001  0.30610418E+001
  0.48976963E+000  0.88024163E+000  0.13028400E+001  0.30610344E+001
  0.48976912E+000  0.88024064E+000  0.13028344E+001  0.30610270E+001
  0.48976864E+000  0.88023966E+000  0.13028288E+001  0.30610196E+001
  0.48976817E+000  0.88023868E+000  0.13028232E+001  0.30610122E+001
  0.48976771E+000  0.88023771E+000  0.13028177E+001  0.30610047E+001
  0.48976727E+000  0.88023675E+000  0.13028122E+001  0.30609973E+001
  0.48976684E+000  0.88023579E+000  0.13028067E+001  0.30609898E+001
  0.48976642E+000  0.88023484E+000  0.13028013E+001  0.30609823E+001
  0.48976602E+000  0.88023389E+000  0.13027959E+001  0.30609748E+001
  0.48976564E+000  0.88023295E+000  0.13027906E+001  0.30609673E+001
  0.48976527E+000  0.88023202E+000  0.13027853E+001  0.30609597E+001
  0.48976491E+000  0.88023110E+000  0.13027800E+001  0.30609522E+001
  0.48976456E+000  0.88023018E+000  0.13027749E+001  0.30609446E+001
  0.48976423E+000  0.88022928E+000  0.13027697E+001  0.30609370E+001
  0.48976391E+000  0.88022839E+000  0.13027647E+001  0.30609294E+001
  0.48976360E+000  0.88022750E+000  0.13027597E+001  0.30609218E+001
  0.48976330E+000  0.88022663E+000  0.13027547E+001  0.30609142E+001
  0.48976302E+000  0.88022577E+000  0.13027499E+001  0.30609066E+001
  0.48976275E+000  0.88022492E+000  0.13027451E+001  0.30608990E+001
  0.48976249E+000  0.88022408E+000  0.13027403E+001  0.30608914E+001
  0.48976224E+000  0.88022325E+000  0.13027357E+001  0.30608838E+001
  0.48976200E+000  0.88022244E+000  0.13027311E+001  0.30608762E+001
  0.48976177E+000  0.88022165E+000  0.13027266E+001  0.30608686E+001
  0.48976156E+000  0.88022086E+000  0.13027222E+001  0.30608610E+001
  0.48976135E+000  0.88022009E+000  0.13027178E+001  0.30608534E+001
  0.48976115E+000  0.88021934E+000  0.13027135E+001  0.30608459E+001
  0.48976096E+000  0.88021860E+000  0.13027093E+001  0.30608383E+001
  0.48976078E+000  0.88021787E+000  0.13027052E+001  0.30608308E+001
  0.48976061E+000  0.88021716E+000  0.13027012E+001  0.30608233E+001
  0.48976045E+000  0.88021647E+000  0.13026972E+001  0.30608158E+001
  0.48976030E+000  0.88021579E+000  0.13026933E+001  0.30608084E+001
  0.48976015E+000  0.88021513E+000  0.13026895E+001  0.30608010E+001
  0.48976002E+000  0.88021448E+000  0.13026858E+001  0.30607936E+001
  0.48975988E+000  0.88021384E+000  0.13026822E+001  0.30607863E+001
  0.48975976E+000  0.88021323E+000  0.13026786E+001  0.30607790E+001
  0.48975964E+000  0.88021262E+000  0.13026751E+001  0.30607718E+001
  0.48975953E+000  0.88021204E+000  0.13026717E+001  0.30607646E+001
  0.48975943E+000  0.88021146E+000  0.13026684E+001  0.30607574E+001
  0.48975933E+000  0.88021091E+000  0.13026651E+001  0.30607503E+001
  0.48975924E+000  0.88021036E+000  0.13026620E+001  0.30607432E+001
  0.48975915E+000  0.88020984E+000  0.13026589E+001  0.30607362E+001
  0.48975906E+000  0.88020932E+000  0.13026559E+001  0.30607293E+001
  0.48975899E+000  0.88020882E+000  0.13026529E+001  0.30607224E+001
  0.48975891E+000  0.88020834E+000  0.13026500E+001  0.30607155E+001
  0.48975884E+000  0.88020787E+000  0.13026472E+001  0.30607088E+001
  0.48975878E+000  0.88020741E+000  0.13026445E+001  0.30607021E+001
  0.48975872E+000  0.88020697E+000  0.13026419E+001  0.30606954E+001
  0.48975866E+000  0.88020654E+000  0.13026393E+001  0.30606888E+001
  0.48975860E+000  0.88020612E+000  0.13026368E+001  0.30606823E+001
  0.48975855E+000  0.88020571E+000  0.13026343E+001  0.30606759E+001
  0.48975851E+000  0.88020532E+000  0.13026319E+001  0.30606695E+001
  0.48975846E+000  0.88020494E+000  0.13026296E+001  0.30606632E+001
  0.48975842E+000  0.88020457E+000  0.13026274E+001  0.30606570E+001
  0.48975838E+000  0.88020422E+000  0.13026252E+001  0.30606508E+001
  0.48975835E+000  0.88020387E+000  0.13026231E+001  0.30606448E+001
  0.48975831E+000  0.88020354E+000  0.13026210E+001  0.30606388E+001
  0.48975828E+000  0.88020321E+000  0.13026190E+001  0.30606328E+001
  0.48975825E+000  0.88020290E+000  0.13026171E+001  0.30606270E+001
  0.48975822E+000  0.88020260E+000  0.13026152E+001  0.30606212E+001
  0.48975820E+000  0.88020230E+000  0.13026133E+001  0.30606155E+001
  0.48975817E+000  0.88020202E+000  0.13026116E+001  0.30606099E+001
  0.48975815E+000  0.88020175E+000  0.13026098E+001  0.30606044E+001
  0.48975813E+000  0.88020148E+000  0.13026082E+001  0.30605990E+001
  0.48975811E+000  0.88020123E+000  0.13026066E+001  0.30605936E+001
  0.48975810E+000  0.88020098E+000  0.13026050E+001  0.30605883E+001
  0.48975808E+000  0.88020075E+000  0.13026035E+001  0.30605831E+001
  0.48975806E+000  0.88020052E+000  0.13026020E+001  0.30605780E+001
  0.48975805E+000  0.88020030E+000  0.13026006E+001  0.30605730E+001
  0.48975804E+000  0.88020008E+000  0.13025992E+001  0.30605680E+001
  0.48975803E+000  0.88019988E+000  0.13025979E+001  0.30605631E+001
  0.48975802E+000  0.88019968E+000  0.13025966E+001  0.30605583E+001
  0.48975801E+000  0.88019949E+000  0.13025953E+001  0.30605536E+001
  0.48975800E+000  0.88019930E+000  0.13025941E+001  0.30605490E+001
  0.48975799E+000  0.88019912E+000  0.13025929E+001  0.30605445E+001
  0.48975798E+000  0.88019895E+000  0.13025918E+001  0.30605400E+001
  0.48975798E+000  0.88019879E+000  0.13025907E+001  0.30605356E+001
  0.48975797E+000  0.88019863E+000  0.13025897E+001  0.30605313E+001
  0.48975796E+000  0.88019847E+000  0.13025886E+001  0.30605271E+001
  0.48975796E+000  0.88019832E+000  0.13025877E+001  0.30605229E+001
  0.48975795E+000  0.88019818E+000  0.13025867E+001  0.30605189E+001
  0.48975795E+000  0.88019804E+000  0.13025858E+001  0.30605149E+001
  0.48975795E+000  0.88019791E+000  0.13025849E+001  0.30605110E+001
  0.48975794E+000  0.88019779E+000  0.13025840E+001  0.30605072E+001
  0.48975794E+000  0.88019766E+000  0.13025832E+001  0.30605034E+001
  0.48975794E+000  0.88019755E+000  0.13025824E+001  0.30604998E+001
  0.48975794E+000  0.88019743E+000  0.13025816E+001  0.30604962E+001
  0.48975794E+000  0.88019732E+000  0.13025809E+001  0.30604927E+001
  0.48975794E+000  0.88019722E+000  0.13025802E+001  0.30604892E+001
  0.48975794E+000  0.88019712E+000  0.13025795E+001  0.30604858E+001
  0.48975794E+000  0.88019702E+000  0.13025788E+001  0.30604826E+001
  0.48975794E+000  0.88019693E+000  0.13025782E+001  0.30604793E+001
  0.48975794E+000  0.88019684E+000  0.13025775E+001  0.30604762E+001
  0.48975794E+000  0.88019676E+000  0.13025770E+001  0.30604731E+001
  0.48975794E+000  0.88019668E+000  0.13025764E+001  0.30604701E+001
  0.48975794E+000  0.88019660E+000  0.13025758E+001  0.30604672E+001
  0.48975795E+000  0.88019653E+000  0.13025753E+001  0.30604643E+001
  0.48975795E+000  0.88019646E+000  0.13025748E+001  0.30604616E+001
