 -0.12433774E+000  0.73259015E-001  0.45422249E+001  0.47333624E+002
 -0.12300238E+000  0.75693348E-001  0.45481401E+001  0.47340102E+002
 -0.12213071E+000  0.77101391E-001  0.45523666E+001  0.47344944E+002
 -0.12150002E+000  0.78024376E-001  0.45557178E+001  0.47348915E+002
 -0.12103941E+000  0.78633072E-001  0.45584198E+001  0.47352241E+002
 -0.12070901E+000  0.79018404E-001  0.45606001E+001  0.47355047E+002
 -0.12048059E+000  0.79240746E-001  0.45623532E+001  0.47357424E+002
 -0.12033393E+000  0.79343681E-001  0.45637534E+001  0.47359445E+002
 -0.12025188E+000  0.79359309E-001  0.45648618E+001  0.47361168E+002
 -0.12022042E+000  0.79311441E-001  0.45657281E+001  0.47362641E+002
 -0.12022887E+000  0.79217462E-001  0.45663924E+001  0.47363902E+002
 -0.12026884E+000  0.79090201E-001  0.45668872E+001  0.47364985E+002
 -0.12033334E+000  0.78939773E-001  0.45672407E+001  0.47365916E+002
 -0.12041675E+000  0.78773623E-001  0.45674759E+001  0.47366718E+002
 -0.12051460E+000  0.78597282E-001  0.45676118E+001  0.47367411E+002
 -0.12062326E+000  0.78414856E-001  0.45676640E+001  0.47368010E+002
 -0.12073984E+000  0.78229401E-001  0.45676456E+001  0.47368529E+002
 -0.12086196E+000  0.78043203E-001  0.45675677E+001  0.47368979E+002
 -0.12098775E+000  0.77859154E-001  0.45674394E+001  0.47369370E+002
 -0.12111569E+000  0.77678424E-001  0.45672683E+001  0.47369710E+002
 -0.12124455E+000  0.77501327E-001  0.45670612E+001  0.47370006E+002
 -0.12137334E+000  0.77328125E-001  0.45668234E+001  0.47370264E+002
 -0.12150125E+000  0.77159049E-001  0.45665600E+001  0.47370489E+002
 -0.12162764E+000  0.76994237E-001  0.45662749E+001  0.47370686E+002
 -0.12175200E+000  0.76833859E-001  0.45659720E+001  0.47370859E+002
 -0.12187388E+000  0.76677874E-001  0.45656544E+001  0.47371011E+002
 -0.12199293E+000  0.76526455E-001  0.45653252E+001  0.47371145E+002
 -0.12210884E+000  0.76379765E-001  0.45649870E+001  0.47371264E+002
 -0.12222139E+000  0.76237949E-001  0.45646422E+001  0.47371370E+002
 -0.12233039E+000  0.76101130E-001  0.45642931E+001  0.47371466E+002
 -0.12243568E+000  0.75969415E-001  0.45639415E+001  0.47371554E+002
 -0.12253708E+000  0.75842880E-001  0.45635894E+001  0.47371635E+002
 -0.12263450E+000  0.75721581E-001  0.45632385E+001  0.47371711E+002
 -0.12272790E+000  0.75605543E-001  0.45628901E+001  0.47371782E+002
 -0.12281730E+000  0.75494768E-001  0.45625458E+001  0.47371851E+002
 -0.12290272E+000  0.75389231E-001  0.45622067E+001  0.47371918E+002
 -0.12298422E+000  0.75288883E-001  0.45618739E+001  0.47371984E+002
 -0.12306186E+000  0.75193649E-001  0.45615482E+001  0.47372049E+002
 -0.12313575E+000  0.75103436E-001  0.45612304E+001  0.47372114E+002
 -0.12320599E+000  0.75018130E-001  0.45609211E+001  0.47372180E+002
 -0.12327271E+000  0.74937601E-001  0.45606207E+001  0.47372245E+002
 -0.12333604E+000  0.74861704E-001  0.45603296E+001  0.47372310E+002
 -0.12339611E+000  0.74790286E-001  0.45600478E+001  0.47372376E+002
 -0.12345309E+000  0.74723181E-001  0.45597754E+001  0.47372441E+002
 -0.12350709E+000  0.74660221E-001  0.45595123E+001  0.47372505E+002
 -0.12355828E+000  0.74601229E-001  0.45592582E+001  0.47372569E+002
 -0.12360679E+000  0.74546026E-001  0.45590128E+001  0.47372631E+002
 -0.12365274E+000  0.74494431E-001  0.45587755E+001  0.47372690E+002
 -0.12369627E+000  0.74446260E-001  0.45585460E+001  0.47372747E+002
 -0.12373748E+000  0.74401331E-001  0.45583234E+001  0.47372801E+002
 -0.12377650E+000  0.74359456E-001  0.45581073E+001  0.47372851E+002
 -0.12381341E+000  0.74320452E-001  0.45578970E+001  0.47372896E+002
 -0.12384830E+000  0.74284133E-001  0.45576916E+001  0.47372935E+002
 -0.12388126E+000  0.74250313E-001  0.45574904E+001  0.47372969E+002
 -0.12391237E+000  0.74218811E-001  0.45572929E+001  0.47372996E+002
 -0.12394168E+000  0.74189445E-001  0.45570982E+001  0.47373016E+002
 -0.12396928E+000  0.74162038E-001  0.45569057E+001  0.47373027E+002
 -0.12399522E+000  0.74136415E-001  0.45567148E+001  0.47373030E+002
 -0.12401956E+000  0.74112411E-001  0.45565249E+001  0.47373024E+002
 -0.12404236E+000  0.74089863E-001  0.45563354E+001  0.47373009E+002
 -0.12406368E+000  0.74068621E-001  0.45561460E+001  0.47372983E+002
 -0.12408358E+000  0.74048540E-001  0.45559562E+001  0.47372947E+002
 -0.12410211E+000  0.74029487E-001  0.45557657E+001  0.47372901E+002
 -0.12411933E+000  0.74011339E-001  0.45555741E+001  0.47372843E+002
 -0.12413530E+000  0.73993985E-001  0.45553812E+001  0.47372774E+002
 -0.12415009E+000  0.73977324E-001  0.45551869E+001  0.47372693E+002
 -0.12416375E+000  0.73961266E-001  0.45549910E+001  0.47372600E+002
 -0.12417634E+000  0.73945733E-001  0.45547934E+001  0.47372495E+002
 -0.12418792E+000  0.73930655E-001  0.45545941E+001  0.47372378E+002
 -0.12419857E+000  0.73915973E-001  0.45543931E+001  0.47372250E+002
 -0.12420832E+000  0.73901637E-001  0.45541904E+001  0.47372109E+002
 -0.12421725E+000  0.73887604E-001  0.45539861E+001  0.47371956E+002
 -0.12422542E+000  0.73873839E-001  0.45537802E+001  0.47371791E+002
 -0.12423287E+000  0.73860311E-001  0.45535729E+001  0.47371614E+002
 -0.12423966E+000  0.73846998E-001  0.45533644E+001  0.47371425E+002
 -0.12424584E+000  0.73833881E-001  0.45531547E+001  0.47371225E+002
 -0.12425148E+000  0.73820944E-001  0.45529440E+001  0.47371014E+002
 -0.12425660E+000  0.73808176E-001  0.45527326E+001  0.47370791E+002
 -0.12426126E+000  0.73795569E-001  0.45525206E+001  0.47370558E+002
 -0.12426550E+000  0.73783117E-001  0.45523082E+001  0.47370314E+002
 -0.12426936E+000  0.73770814E-001  0.45520956E+001  0.47370060E+002
 -0.12427288E+000  0.73758659E-001  0.45518830E+001  0.47369795E+002
 -0.12427609E+000  0.73746650E-001  0.45516707E+001  0.47369522E+002
 -0.12427902E+000  0.73734786E-001  0.45514588E+001  0.47369239E+002
 -0.12428170E+000  0.73723069E-001  0.45512475E+001  0.47368947E+002
 -0.12428416E+000  0.73711498E-001  0.45510371E+001  0.47368646E+002
 -0.12428643E+000  0.73700075E-001  0.45508277E+001  0.47368338E+002
 -0.12428852E+000  0.73688801E-001  0.45506196E+001  0.47368021E+002
 -0.12429046E+000  0.73677680E-001  0.45504130E+001  0.47367698E+002
 -0.12429226E+000  0.73666711E-001  0.45502079E+001  0.47367367E+002
 -0.12429393E+000  0.73655897E-001  0.45500047E+001  0.47367029E+002
 -0.12429550E+000  0.73645241E-001  0.45498035E+001  0.47366685E+002
 -0.12429698E+000  0.73634744E-001  0.45496044E+001  0.47366335E+002
 -0.12429837E+000  0.73624408E-001  0.45494076E+001  0.47365980E+002
 -0.12429969E+000  0.73614235E-001  0.45492133E+001  0.47365620E+002
 -0.12430094E+000  0.73604227E-001  0.45490215E+001  0.47365254E+002
 -0.12430213E+000  0.73594386E-001  0.45488325E+001  0.47364884E+002
 -0.12430327E+000  0.73584713E-001  0.45486463E+001  0.47364510E+002
 -0.12430437E+000  0.73575210E-001  0.45484631E+001  0.47364132E+002
 -0.12430542E+000  0.73565878E-001  0.45482829E+001  0.47363751E+002
 -0.12430644E+000  0.73556718E-001  0.45481058E+001  0.47363367E+002
 -0.12430742E+000  0.73547732E-001  0.45479319E+001  0.47362979E+002
 -0.12430837E+000  0.73538921E-001  0.45477613E+001  0.47362590E+002
 -0.12430929E+000  0.73530286E-001  0.45475941E+001  0.47362198E+002
 -0.12431018E+000  0.73521827E-001  0.45474302E+001  0.47361804E+002
 -0.12431105E+000  0.73513545E-001  0.45472697E+001  0.47361409E+002
 -0.12431190E+000  0.73505441E-001  0.45471126E+001  0.47361012E+002
 -0.12431272E+000  0.73497514E-001  0.45469591E+001  0.47360615E+002
 -0.12431352E+000  0.73489765E-001  0.45468090E+001  0.47360216E+002
 -0.12431430E+000  0.73482194E-001  0.45466624E+001  0.47359817E+002
 -0.12431506E+000  0.73474800E-001  0.45465193E+001  0.47359418E+002
 -0.12431580E+000  0.73467583E-001  0.45463796E+001  0.47359019E+002
 -0.12431653E+000  0.73460542E-001  0.45462435E+001  0.47358621E+002
 -0.12431723E+000  0.73453677E-001  0.45461107E+001  0.47358223E+002
 -0.12431792E+000  0.73446987E-001  0.45459814E+001  0.47357825E+002
 -0.12431859E+000  0.73440470E-001  0.45458555E+001  0.47357429E+002
 -0.12431924E+000  0.73434125E-001  0.45457330E+001  0.47357033E+002
 -0.12431988E+000  0.73427950E-001  0.45456137E+001  0.47356640E+002
 -0.12432049E+000  0.73421945E-001  0.45454978E+001  0.47356247E+002
 -0.12432110E+000  0.73416107E-001  0.45453850E+001  0.47355857E+002
 -0.12432168E+000  0.73410434E-001  0.45452755E+001  0.47355468E+002
 -0.12432225E+000  0.73404924E-001  0.45451691E+001  0.47355082E+002
 -0.12432280E+000  0.73399576E-001  0.45450658E+001  0.47354698E+002
 -0.12432334E+000  0.73394386E-001  0.45449655E+001  0.47354316E+002
 -0.12432386E+000  0.73389353E-001  0.45448682E+001  0.47353937E+002
 -0.12432437E+000  0.73384473E-001  0.45447738E+001  0.47353560E+002
 -0.12432486E+000  0.73379745E-001  0.45446823E+001  0.47353187E+002
 -0.12432534E+000  0.73375165E-001  0.45445936E+001  0.47352816E+002
 -0.12432580E+000  0.73370731E-001  0.45445076E+001  0.47352449E+002
 -0.12432625E+000  0.73366439E-001  0.45444244E+001  0.47352085E+002
 -0.12432669E+000  0.73362288E-001  0.45443437E+001  0.47351724E+002
 -0.12432711E+000  0.73358274E-001  0.45442657E+001  0.47351367E+002
 -0.12432751E+000  0.73354394E-001  0.45441901E+001  0.47351013E+002
 -0.12432791E+000  0.73350644E-001  0.45441170E+001  0.47350663E+002
 -0.12432829E+000  0.73347023E-001  0.45440463E+001  0.47350317E+002
 -0.12432865E+000  0.73343527E-001  0.45439779E+001  0.47349975E+002
 -0.12432901E+000  0.73340152E-001  0.45439118E+001  0.47349636E+002
 -0.12432935E+000  0.73336896E-001  0.45438479E+001  0.47349302E+002
 -0.12432968E+000  0.73333756E-001  0.45437862E+001  0.47348971E+002
 -0.12433000E+000  0.73330728E-001  0.45437265E+001  0.47348645E+002
 -0.12433031E+000  0.73327810E-001  0.45436689E+001  0.47348322E+002
 -0.12433061E+000  0.73324998E-001  0.45436133E+001  0.47348004E+002
 -0.12433090E+000  0.73322289E-001  0.45435596E+001  0.47347690E+002
 -0.12433117E+000  0.73319681E-001  0.45435078E+001  0.47347381E+002
 -0.12433144E+000  0.73317170E-001  0.45434578E+001  0.47347075E+002
 -0.12433170E+000  0.73314753E-001  0.45434096E+001  0.47346774E+002
 -0.12433195E+000  0.73312428E-001  0.45433631E+001  0.47346478E+002
 -0.12433218E+000  0.73310192E-001  0.45433183E+001  0.47346186E+002
 -0.12433241E+000  0.73308041E-001  0.45432751E+001  0.47345898E+002
 -0.12433263E+000  0.73305974E-001  0.45432334E+001  0.47345615E+002
 -0.12433285E+000  0.73303987E-001  0.45431933E+001  0.47345336E+002
 -0.12433305E+000  0.73302078E-001  0.45431546E+001  0.47345061E+002
 -0.12433325E+000  0.73300244E-001  0.45431174E+001  0.47344791E+002
 -0.12433343E+000  0.73298482E-001  0.45430816E+001  0.47344525E+002
 -0.12433361E+000  0.73296791E-001  0.45430470E+001  0.47344264E+002
 -0.12433379E+000  0.73295167E-001  0.45430138E+001  0.47344008E+002
 -0.12433396E+000  0.73293609E-001  0.45429818E+001  0.47343755E+002
 -0.12433412E+000  0.73292113E-001  0.45429510E+001  0.47343507E+002
 -0.12433427E+000  0.73290678E-001  0.45429214E+001  0.47343264E+002
 -0.12433442E+000  0.73289302E-001  0.45428929E+001  0.47343025E+002
 -0.12433456E+000  0.73287982E-001  0.45428656E+001  0.47342790E+002
 -0.12433470E+000  0.73286716E-001  0.45428392E+001  0.47342559E+002
 -0.12433483E+000  0.73285503E-001  0.45428139E+001  0.47342333E+002
 -0.12433495E+000  0.73284339E-001  0.45427896E+001  0.47342111E+002
 -0.12433507E+000  0.73283225E-001  0.45427662E+001  0.47341893E+002
 -0.12433519E+000  0.73282156E-001  0.45427437E+001  0.47341680E+002
 -0.12433530E+000  0.73281133E-001  0.45427221E+001  0.47341471E+002
 -0.12433541E+000  0.73280152E-001  0.45427013E+001  0.47341266E+002
 -0.12433551E+000  0.73279213E-001  0.45426814E+001  0.47341065E+002
 -0.12433561E+000  0.73278314E-001  0.45426622E+001  0.47340868E+002
 -0.12433570E+000  0.73277452E-001  0.45426439E+001  0.47340675E+002
 -0.12433579E+000  0.73276628E-001  0.45426262E+001  0.47340486E+002
 -0.12433587E+000  0.73275838E-001  0.45426092E+001  0.47340301E+002
 -0.12433596E+000  0.73275083E-001  0.45425930E+001  0.47340120E+002
 -0.12433603E+000  0.73274360E-001  0.45425774E+001  0.47339943E+002
 -0.12433611E+000  0.73273668E-001  0.45425624E+001  0.47339770E+002
 -0.12433618E+000  0.73273005E-001  0.45425480E+001  0.47339600E+002
 -0.12433625E+000  0.73272372E-001  0.45425342E+001  0.47339434E+002
 -0.12433632E+000  0.73271766E-001  0.45425210E+001  0.47339272E+002
 -0.12433638E+000  0.73271186E-001  0.45425083E+001  0.47339114E+002
 -0.12433644E+000  0.73270632E-001  0.45424961E+001  0.47338959E+002
 -0.12433650E+000  0.73270102E-001  0.45424844E+001  0.47338808E+002
 -0.12433655E+000  0.73269595E-001  0.45424732E+001  0.47338660E+002
 -0.12433661E+000  0.73269111E-001  0.45424625E+001  0.47338516E+002
 -0.12433666E+000  0.73268648E-001  0.45424522E+001  0.47338375E+002
 -0.12433671E+000  0.73268206E-001  0.45424423E+001  0.47338237E+002
 -0.12433675E+000  0.73267783E-001  0.45424329E+001  0.47338103E+002
 -0.12433680E+000  0.73267379E-001  0.45424238E+001  0.47337971E+002
 -0.12433684E+000  0.73266994E-001  0.45424151E+001  0.47337843E+002
 -0.12433688E+000  0.73266627E-001  0.45424068E+001  0.47337719E+002
 -0.12433692E+000  0.73266276E-001  0.45423989E+001  0.47337597E+002
 -0.12433696E+000  0.73265942E-001  0.45423912E+001  0.47337478E+002
 -0.12433699E+000  0.73265623E-001  0.45423840E+001  0.47337363E+002
 -0.12433703E+000  0.73265320E-001  0.45423770E+001  0.47337250E+002
 -0.12433706E+000  0.73265031E-001  0.45423704E+001  0.47337140E+002
 -0.12433709E+000  0.73264758E-001  0.45423640E+001  0.47337033E+002
 -0.12433712E+000  0.73264498E-001  0.45423580E+001  0.47336929E+002
 -0.12433714E+000  0.73264254E-001  0.45423522E+001  0.47336827E+002
 -0.12433717E+000  0.73264027E-001  0.45423468E+001  0.47336729E+002
 -0.12433718E+000  0.73263818E-001  0.45423416E+001  0.47336633E+002
