  0.63791181E+000
  0.63646012E+000
  0.63591969E+000
  0.63551305E+000
  0.63519916E+000
  0.63495081E+000
  0.63475148E+000
  0.63459307E+000
  0.63446376E+000
  0.63435701E+000
  0.63426902E+000
  0.63419635E+000
  0.63413603E+000
  0.63408584E+000
  0.63404144E+000
  0.63400500E+000
  0.63397545E+000
  0.63395141E+000
  0.63393202E+000
  0.63391704E+000
  0.63390578E+000
  0.63389757E+000
  0.63389191E+000
  0.63388837E+000
  0.63388661E+000
  0.63388632E+000
  0.63388724E+000
  0.63388917E+000
  0.63389190E+000
  0.63389550E+000
  0.63389974E+000
  0.63390417E+000
  0.63390874E+000
  0.63391340E+000
  0.63391810E+000
  0.63392279E+000
  0.63392742E+000
  0.63393196E+000
  0.63393637E+000
  0.63394063E+000
  0.63394471E+000
  0.63394859E+000
  0.63395227E+000
  0.63395574E+000
  0.63395900E+000
  0.63396205E+000
  0.63396490E+000
  0.63396756E+000
  0.63397003E+000
  0.63397233E+000
  0.63397448E+000
  0.63397648E+000
  0.63397835E+000
  0.63398010E+000
  0.63398175E+000
  0.63398330E+000
  0.63398477E+000
  0.63398616E+000
  0.63398750E+000
  0.63398879E+000
  0.63399003E+000
  0.63399125E+000
  0.63399246E+000
  0.63399365E+000
  0.63399485E+000
  0.63399604E+000
  0.63399725E+000
  0.63399846E+000
  0.63399968E+000
  0.63400089E+000
  0.63400210E+000
  0.63400329E+000
  0.63400448E+000
  0.63400567E+000
  0.63400684E+000
  0.63400802E+000
  0.63400920E+000
  0.63401040E+000
  0.63401160E+000
  0.63401279E+000
  0.63401397E+000
  0.63401514E+000
  0.63401630E+000
  0.63401744E+000
  0.63401857E+000
  0.63401967E+000
  0.63402076E+000
  0.63402183E+000
  0.63402288E+000
  0.63402390E+000
  0.63402489E+000
  0.63402587E+000
  0.63402681E+000
  0.63402773E+000
  0.63402862E+000
  0.63402949E+000
  0.63403033E+000
  0.63403115E+000
  0.63403193E+000
  0.63403270E+000
  0.63403343E+000
  0.63403415E+000
  0.63403484E+000
  0.63403550E+000
  0.63403615E+000
  0.63403678E+000
  0.63403738E+000
  0.63403797E+000
  0.63403853E+000
  0.63403908E+000
  0.63403962E+000
  0.63404014E+000
  0.63404064E+000
  0.63404113E+000
  0.63404161E+000
  0.63404207E+000
  0.63404252E+000
  0.63404296E+000
  0.63404339E+000
  0.63404381E+000
  0.63404422E+000
  0.63404462E+000
  0.63404502E+000
  0.63404540E+000
  0.63404577E+000
  0.63404614E+000
  0.63404650E+000
  0.63404685E+000
  0.63404720E+000
  0.63404753E+000
  0.63404786E+000
  0.63404818E+000
  0.63404850E+000
  0.63404881E+000
  0.63404911E+000
  0.63404941E+000
  0.63404970E+000
  0.63404998E+000
  0.63405026E+000
  0.63405053E+000
  0.63405079E+000
  0.63405105E+000
  0.63405130E+000
  0.63405155E+000
  0.63405179E+000
  0.63405202E+000
  0.63405225E+000
  0.63405247E+000
  0.63405269E+000
  0.63405290E+000
  0.63405311E+000
  0.63405331E+000
  0.63405351E+000
  0.63405370E+000
  0.63405389E+000
  0.63405407E+000
  0.63405424E+000
  0.63405442E+000
  0.63405458E+000
  0.63405475E+000
  0.63405490E+000
  0.63405506E+000
  0.63405521E+000
  0.63405535E+000
  0.63405549E+000
  0.63405563E+000
  0.63405576E+000
  0.63405589E+000
  0.63405602E+000
  0.63405614E+000
  0.63405626E+000
  0.63405638E+000
  0.63405649E+000
  0.63405660E+000
  0.63405670E+000
  0.63405680E+000
  0.63405690E+000
  0.63405700E+000
  0.63405709E+000
  0.63405718E+000
  0.63405727E+000
  0.63405735E+000
  0.63405743E+000
  0.63405751E+000
  0.63405759E+000
  0.63405767E+000
  0.63405774E+000
  0.63405781E+000
  0.63405788E+000
  0.63405794E+000
  0.63405800E+000
  0.63405807E+000
  0.63405813E+000
  0.63405818E+000
  0.63405824E+000
  0.63405829E+000
  0.63405835E+000
  0.63405840E+000
  0.63405845E+000
  0.63405849E+000
