  0.18372552E+001
  0.18302154E+001
  0.18263383E+001
  0.18234450E+001
  0.18211129E+001
  0.18191905E+001
  0.18175927E+001
  0.18162568E+001
  0.18151339E+001
  0.18141832E+001
  0.18133738E+001
  0.18126857E+001
  0.18120986E+001
  0.18115956E+001
  0.18111632E+001
  0.18107907E+001
  0.18104690E+001
  0.18101904E+001
  0.18099486E+001
  0.18097385E+001
  0.18095558E+001
  0.18093969E+001
  0.18092586E+001
  0.18091384E+001
  0.18090343E+001
  0.18089445E+001
  0.18088670E+001
  0.18088005E+001
  0.18087436E+001
  0.18086951E+001
  0.18086539E+001
  0.18086189E+001
  0.18085893E+001
  0.18085642E+001
  0.18085430E+001
  0.18085248E+001
  0.18085093E+001
  0.18084958E+001
  0.18084840E+001
  0.18084734E+001
  0.18084637E+001
  0.18084546E+001
  0.18084461E+001
  0.18084378E+001
  0.18084297E+001
  0.18084217E+001
  0.18084137E+001
  0.18084057E+001
  0.18083976E+001
  0.18083896E+001
  0.18083816E+001
  0.18083735E+001
  0.18083655E+001
  0.18083576E+001
  0.18083498E+001
  0.18083421E+001
  0.18083346E+001
  0.18083272E+001
  0.18083201E+001
  0.18083132E+001
  0.18083065E+001
  0.18083000E+001
  0.18082938E+001
  0.18082878E+001
  0.18082822E+001
  0.18082767E+001
  0.18082716E+001
  0.18082667E+001
  0.18082620E+001
  0.18082577E+001
  0.18082535E+001
  0.18082497E+001
  0.18082460E+001
  0.18082426E+001
  0.18082394E+001
  0.18082365E+001
  0.18082338E+001
  0.18082312E+001
  0.18082289E+001
  0.18082267E+001
  0.18082248E+001
  0.18082229E+001
  0.18082213E+001
  0.18082198E+001
  0.18082184E+001
  0.18082172E+001
  0.18082161E+001
  0.18082151E+001
  0.18082142E+001
  0.18082134E+001
  0.18082127E+001
  0.18082121E+001
  0.18082115E+001
  0.18082110E+001
  0.18082105E+001
  0.18082101E+001
  0.18082098E+001
  0.18082095E+001
  0.18082092E+001
  0.18082090E+001
  0.18082088E+001
  0.18082086E+001
  0.18082085E+001
  0.18082083E+001
  0.18082082E+001
  0.18082081E+001
  0.18082080E+001
  0.18082079E+001
  0.18082079E+001
  0.18082078E+001
  0.18082077E+001
  0.18082077E+001
  0.18082076E+001
  0.18082076E+001
  0.18082076E+001
  0.18082075E+001
  0.18082075E+001
  0.18082075E+001
  0.18082075E+001
  0.18082074E+001
  0.18082074E+001
  0.18082074E+001
  0.18082074E+001
  0.18082074E+001
  0.18082073E+001
  0.18082073E+001
  0.18082073E+001
  0.18082073E+001
  0.18082073E+001
  0.18082072E+001
  0.18082072E+001
  0.18082072E+001
  0.18082072E+001
  0.18082072E+001
  0.18082072E+001
  0.18082072E+001
  0.18082071E+001
  0.18082071E+001
  0.18082071E+001
  0.18082071E+001
  0.18082071E+001
  0.18082071E+001
  0.18082071E+001
  0.18082070E+001
  0.18082070E+001
  0.18082070E+001
  0.18082070E+001
  0.18082070E+001
  0.18082070E+001
  0.18082070E+001
  0.18082070E+001
  0.18082070E+001
  0.18082069E+001
  0.18082069E+001
  0.18082069E+001
  0.18082069E+001
  0.18082069E+001
  0.18082069E+001
  0.18082069E+001
  0.18082069E+001
  0.18082069E+001
  0.18082069E+001
  0.18082068E+001
  0.18082068E+001
  0.18082068E+001
  0.18082068E+001
  0.18082068E+001
  0.18082068E+001
  0.18082068E+001
  0.18082068E+001
  0.18082068E+001
  0.18082068E+001
  0.18082068E+001
  0.18082068E+001
  0.18082068E+001
  0.18082067E+001
  0.18082067E+001
  0.18082067E+001
  0.18082067E+001
  0.18082067E+001
  0.18082067E+001
  0.18082067E+001
  0.18082067E+001
  0.18082067E+001
  0.18082067E+001
  0.18082067E+001
  0.18082067E+001
  0.18082067E+001
  0.18082067E+001
  0.18082067E+001
  0.18082067E+001
  0.18082067E+001
  0.18082067E+001
  0.18082067E+001
  0.18082067E+001
  0.18082067E+001
  0.18082067E+001
  0.18082067E+001
  0.18082067E+001
  0.18082067E+001
