  0.27425832E+000
  0.26845947E+000
  0.26684547E+000
  0.26655513E+000
  0.26681111E+000
  0.26730962E+000
  0.26791060E+000
  0.26854278E+000
  0.26916852E+000
  0.26976761E+000
  0.27032948E+000
  0.27084898E+000
  0.27132427E+000
  0.27175543E+000
  0.27214382E+000
  0.27249145E+000
  0.27280076E+000
  0.27307441E+000
  0.27331507E+000
  0.27352538E+000
  0.27370793E+000
  0.27386541E+000
  0.27400036E+000
  0.27411489E+000
  0.27421093E+000
  0.27429030E+000
  0.27435474E+000
  0.27440619E+000
  0.27444631E+000
  0.27447640E+000
  0.27449755E+000
  0.27451083E+000
  0.27451728E+000
  0.27451790E+000
  0.27451365E+000
  0.27450541E+000
  0.27449398E+000
  0.27448012E+000
  0.27446449E+000
  0.27444766E+000
  0.27443014E+000
  0.27441236E+000
  0.27439466E+000
  0.27437732E+000
  0.27436056E+000
  0.27434453E+000
  0.27432933E+000
  0.27431502E+000
  0.27430163E+000
  0.27428916E+000
  0.27427759E+000
  0.27426687E+000
  0.27425697E+000
  0.27424783E+000
  0.27423942E+000
  0.27423167E+000
  0.27422455E+000
  0.27421802E+000
  0.27421204E+000
  0.27420659E+000
  0.27420165E+000
  0.27419719E+000
  0.27419319E+000
  0.27418965E+000
  0.27418653E+000
  0.27418382E+000
  0.27418152E+000
  0.27417959E+000
  0.27417802E+000
  0.27417679E+000
  0.27417588E+000
  0.27417527E+000
  0.27417494E+000
  0.27417486E+000
  0.27417501E+000
  0.27417536E+000
  0.27417591E+000
  0.27417662E+000
  0.27417748E+000
  0.27417846E+000
  0.27417956E+000
  0.27418075E+000
  0.27418202E+000
  0.27418336E+000
  0.27418475E+000
  0.27418618E+000
  0.27418765E+000
  0.27418914E+000
  0.27419066E+000
  0.27419218E+000
  0.27419371E+000
  0.27419524E+000
  0.27419677E+000
  0.27419830E+000
  0.27419981E+000
  0.27420132E+000
  0.27420281E+000
  0.27420429E+000
  0.27420575E+000
  0.27420719E+000
  0.27420861E+000
  0.27421001E+000
  0.27421140E+000
  0.27421276E+000
  0.27421410E+000
  0.27421542E+000
  0.27421671E+000
  0.27421798E+000
  0.27421923E+000
  0.27422045E+000
  0.27422165E+000
  0.27422282E+000
  0.27422397E+000
  0.27422509E+000
  0.27422619E+000
  0.27422726E+000
  0.27422831E+000
  0.27422933E+000
  0.27423033E+000
  0.27423130E+000
  0.27423224E+000
  0.27423316E+000
  0.27423406E+000
  0.27423493E+000
  0.27423578E+000
  0.27423660E+000
  0.27423740E+000
  0.27423817E+000
  0.27423892E+000
  0.27423965E+000
  0.27424035E+000
  0.27424104E+000
  0.27424170E+000
  0.27424233E+000
  0.27424295E+000
  0.27424355E+000
  0.27424413E+000
  0.27424468E+000
  0.27424522E+000
  0.27424574E+000
  0.27424624E+000
  0.27424673E+000
  0.27424719E+000
  0.27424764E+000
  0.27424807E+000
  0.27424849E+000
  0.27424889E+000
  0.27424927E+000
  0.27424964E+000
  0.27425000E+000
  0.27425034E+000
  0.27425067E+000
  0.27425099E+000
  0.27425130E+000
  0.27425159E+000
  0.27425187E+000
  0.27425214E+000
  0.27425240E+000
  0.27425265E+000
  0.27425289E+000
  0.27425311E+000
  0.27425333E+000
  0.27425355E+000
  0.27425375E+000
  0.27425394E+000
  0.27425413E+000
  0.27425430E+000
  0.27425447E+000
  0.27425464E+000
  0.27425479E+000
  0.27425494E+000
  0.27425509E+000
  0.27425523E+000
  0.27425536E+000
  0.27425548E+000
  0.27425560E+000
  0.27425572E+000
  0.27425583E+000
  0.27425594E+000
  0.27425604E+000
  0.27425614E+000
  0.27425623E+000
  0.27425632E+000
  0.27425640E+000
  0.27425649E+000
  0.27425657E+000
  0.27425664E+000
  0.27425671E+000
  0.27425678E+000
  0.27425685E+000
  0.27425691E+000
  0.27425697E+000
  0.27425703E+000
  0.27425709E+000
  0.27425715E+000
  0.27425720E+000
  0.27425725E+000
  0.27425730E+000
  0.27425735E+000
  0.27425739E+000
