  0.46506690E+000
  0.45976609E+000
  0.45911691E+000
  0.45927479E+000
  0.45972827E+000
  0.46025324E+000
  0.46075329E+000
  0.46119306E+000
  0.46156698E+000
  0.46188072E+000
  0.46214459E+000
  0.46236929E+000
  0.46256373E+000
  0.46273421E+000
  0.46288571E+000
  0.46302215E+000
  0.46314634E+000
  0.46326035E+000
  0.46336581E+000
  0.46346401E+000
  0.46355591E+000
  0.46364230E+000
  0.46372382E+000
  0.46380098E+000
  0.46387421E+000
  0.46394386E+000
  0.46401023E+000
  0.46407355E+000
  0.46413400E+000
  0.46419175E+000
  0.46424693E+000
  0.46429965E+000
  0.46435000E+000
  0.46439806E+000
  0.46444388E+000
  0.46448750E+000
  0.46452899E+000
  0.46456836E+000
  0.46460564E+000
  0.46464086E+000
  0.46467404E+000
  0.46470522E+000
  0.46473443E+000
  0.46476172E+000
  0.46478714E+000
  0.46481074E+000
  0.46483260E+000
  0.46485279E+000
  0.46487139E+000
  0.46488847E+000
  0.46490413E+000
  0.46491847E+000
  0.46493156E+000
  0.46494351E+000
  0.46495440E+000
  0.46496433E+000
  0.46497338E+000
  0.46498162E+000
  0.46498914E+000
  0.46499600E+000
  0.46500227E+000
  0.46500800E+000
  0.46501325E+000
  0.46501806E+000
  0.46502248E+000
  0.46502653E+000
  0.46503026E+000
  0.46503369E+000
  0.46503683E+000
  0.46503973E+000
  0.46504238E+000
  0.46504482E+000
  0.46504705E+000
  0.46504909E+000
  0.46505096E+000
  0.46505265E+000
  0.46505420E+000
  0.46505560E+000
  0.46505687E+000
  0.46505801E+000
  0.46505904E+000
  0.46505996E+000
  0.46506079E+000
  0.46506152E+000
  0.46506217E+000
  0.46506274E+000
  0.46506325E+000
  0.46506369E+000
  0.46506407E+000
  0.46506440E+000
  0.46506468E+000
  0.46506491E+000
  0.46506511E+000
  0.46506527E+000
  0.46506540E+000
  0.46506550E+000
  0.46506558E+000
  0.46506563E+000
  0.46506566E+000
  0.46506568E+000
  0.46506568E+000
  0.46506566E+000
  0.46506563E+000
  0.46506560E+000
  0.46506555E+000
  0.46506550E+000
  0.46506544E+000
  0.46506537E+000
  0.46506530E+000
  0.46506523E+000
  0.46506516E+000
  0.46506509E+000
  0.46506502E+000
  0.46506495E+000
  0.46506488E+000
  0.46506481E+000
  0.46506474E+000
  0.46506468E+000
  0.46506462E+000
  0.46506457E+000
  0.46506452E+000
  0.46506447E+000
  0.46506443E+000
  0.46506439E+000
  0.46506435E+000
  0.46506432E+000
  0.46506429E+000
  0.46506427E+000
  0.46506425E+000
  0.46506423E+000
  0.46506422E+000
  0.46506421E+000
  0.46506420E+000
  0.46506419E+000
  0.46506418E+000
  0.46506418E+000
  0.46506417E+000
  0.46506417E+000
  0.46506417E+000
  0.46506416E+000
  0.46506416E+000
  0.46506416E+000
  0.46506416E+000
  0.46506415E+000
  0.46506415E+000
  0.46506414E+000
  0.46506414E+000
  0.46506413E+000
  0.46506413E+000
  0.46506412E+000
  0.46506412E+000
  0.46506411E+000
  0.46506410E+000
  0.46506410E+000
  0.46506409E+000
  0.46506409E+000
  0.46506409E+000
  0.46506409E+000
  0.46506409E+000
  0.46506409E+000
  0.46506410E+000
  0.46506411E+000
  0.46506412E+000
  0.46506413E+000
  0.46506415E+000
  0.46506417E+000
  0.46506419E+000
  0.46506422E+000
  0.46506425E+000
  0.46506428E+000
  0.46506432E+000
  0.46506436E+000
  0.46506440E+000
  0.46506445E+000
  0.46506450E+000
  0.46506456E+000
  0.46506461E+000
  0.46506467E+000
  0.46506474E+000
  0.46506480E+000
  0.46506487E+000
  0.46506494E+000
  0.46506501E+000
  0.46506509E+000
  0.46506516E+000
  0.46506524E+000
  0.46506531E+000
  0.46506539E+000
  0.46506547E+000
  0.46506555E+000
  0.46506563E+000
  0.46506572E+000
  0.46506580E+000
  0.46506590E+000
  0.46506601E+000
  0.46506614E+000
  0.46506634E+000
  0.46506663E+000
  0.46506726E+000
  0.46506770E+000
