  0.46832715E+000
  0.43959883E+000
  0.43473726E+000
  0.43269254E+000
  0.43230007E+000
  0.43284942E+000
  0.43397167E+000
  0.43545656E+000
  0.43717977E+000
  0.43905868E+000
  0.44103728E+000
  0.44305873E+000
  0.44509017E+000
  0.44712320E+000
  0.44915087E+000
  0.45120617E+000
  0.45326601E+000
  0.45531570E+000
  0.45734795E+000
  0.45909877E+000
  0.46059461E+000
  0.46187119E+000
  0.46295883E+000
  0.46388362E+000
  0.46466806E+000
  0.46533159E+000
  0.46589100E+000
  0.46636084E+000
  0.46675374E+000
  0.46708068E+000
  0.46735321E+000
  0.46758099E+000
  0.46776967E+000
  0.46792444E+000
  0.46805005E+000
  0.46815104E+000
  0.46823102E+000
  0.46829336E+000
  0.46834107E+000
  0.46837678E+000
  0.46840277E+000
  0.46842097E+000
  0.46843303E+000
  0.46844030E+000
  0.46844389E+000
  0.46844471E+000
  0.46844348E+000
  0.46844077E+000
  0.46843701E+000
  0.46843254E+000
  0.46842761E+000
  0.46842239E+000
  0.46841703E+000
  0.46841162E+000
  0.46840623E+000
  0.46840091E+000
  0.46839571E+000
  0.46839065E+000
  0.46838577E+000
  0.46838110E+000
  0.46837666E+000
  0.46837246E+000
  0.46836852E+000
  0.46836485E+000
  0.46836144E+000
  0.46835826E+000
  0.46835530E+000
  0.46835254E+000
  0.46834996E+000
  0.46834754E+000
  0.46834530E+000
  0.46834323E+000
  0.46834135E+000
  0.46833967E+000
  0.46833820E+000
  0.46833695E+000
  0.46833589E+000
  0.46833501E+000
  0.46833419E+000
  0.46833337E+000
  0.46833267E+000
  0.46833204E+000
  0.46833147E+000
  0.46833097E+000
  0.46833051E+000
  0.46833010E+000
  0.46832972E+000
  0.46832937E+000
  0.46832904E+000
  0.46832874E+000
  0.46832846E+000
  0.46832820E+000
  0.46832795E+000
  0.46832772E+000
  0.46832750E+000
  0.46832729E+000
  0.46832710E+000
  0.46832691E+000
  0.46832674E+000
  0.46832658E+000
  0.46832643E+000
  0.46832629E+000
  0.46832616E+000
  0.46832604E+000
  0.46832593E+000
  0.46832583E+000
  0.46832574E+000
  0.46832566E+000
  0.46832559E+000
  0.46832553E+000
  0.46832547E+000
  0.46832543E+000
  0.46832539E+000
  0.46832535E+000
  0.46832532E+000
  0.46832530E+000
  0.46832528E+000
  0.46832526E+000
  0.46832525E+000
  0.46832525E+000
  0.46832524E+000
  0.46832524E+000
  0.46832524E+000
  0.46832524E+000
  0.46832524E+000
  0.46832525E+000
  0.46832525E+000
  0.46832526E+000
  0.46832526E+000
  0.46832527E+000
  0.46832528E+000
  0.46832529E+000
  0.46832530E+000
  0.46832530E+000
  0.46832531E+000
  0.46832532E+000
  0.46832533E+000
  0.46832534E+000
  0.46832535E+000
  0.46832536E+000
  0.46832537E+000
  0.46832538E+000
  0.46832539E+000
  0.46832541E+000
  0.46832542E+000
  0.46832543E+000
  0.46832544E+000
  0.46832545E+000
  0.46832547E+000
  0.46832548E+000
  0.46832549E+000
  0.46832551E+000
  0.46832552E+000
  0.46832554E+000
  0.46832555E+000
  0.46832557E+000
  0.46832558E+000
  0.46832560E+000
  0.46832562E+000
  0.46832563E+000
  0.46832565E+000
  0.46832567E+000
  0.46832569E+000
  0.46832570E+000
  0.46832572E+000
  0.46832574E+000
  0.46832576E+000
  0.46832578E+000
  0.46832580E+000
  0.46832582E+000
  0.46832584E+000
  0.46832586E+000
  0.46832588E+000
  0.46832590E+000
  0.46832592E+000
  0.46832594E+000
  0.46832596E+000
  0.46832598E+000
  0.46832600E+000
  0.46832602E+000
  0.46832604E+000
  0.46832606E+000
  0.46832608E+000
  0.46832611E+000
  0.46832613E+000
  0.46832615E+000
  0.46832617E+000
  0.46832619E+000
  0.46832621E+000
  0.46832623E+000
  0.46832625E+000
  0.46832627E+000
  0.46832629E+000
  0.46832631E+000
  0.46832633E+000
  0.46832635E+000
  0.46832637E+000
  0.46832639E+000
  0.46832640E+000
  0.46832640E+000
