  0.82700648E+000
  0.82687404E+000
  0.82677137E+000
  0.82669586E+000
  0.82663992E+000
  0.82659855E+000
  0.82656838E+000
  0.82654693E+000
  0.82653233E+000
  0.82652312E+000
  0.82651809E+000
  0.82651638E+000
  0.82651737E+000
  0.82652053E+000
  0.82652544E+000
  0.82653175E+000
  0.82653918E+000
  0.82654751E+000
  0.82655655E+000
  0.82656617E+000
  0.82657623E+000
  0.82658661E+000
  0.82659719E+000
  0.82660782E+000
  0.82661844E+000
  0.82662898E+000
  0.82663939E+000
  0.82664962E+000
  0.82665965E+000
  0.82666946E+000
  0.82667904E+000
  0.82668835E+000
  0.82669736E+000
  0.82670606E+000
  0.82671443E+000
  0.82672247E+000
  0.82673016E+000
  0.82673752E+000
  0.82674453E+000
  0.82675122E+000
  0.82675758E+000
  0.82676362E+000
  0.82676936E+000
  0.82677479E+000
  0.82677995E+000
  0.82678483E+000
  0.82678945E+000
  0.82679383E+000
  0.82679797E+000
  0.82680190E+000
  0.82680563E+000
  0.82680917E+000
  0.82681254E+000
  0.82681574E+000
  0.82681881E+000
  0.82682174E+000
  0.82682456E+000
  0.82682727E+000
  0.82682989E+000
  0.82683243E+000
  0.82683491E+000
  0.82683732E+000
  0.82683968E+000
  0.82684201E+000
  0.82684431E+000
  0.82684658E+000
  0.82684883E+000
  0.82685108E+000
  0.82685332E+000
  0.82685556E+000
  0.82685780E+000
  0.82686006E+000
  0.82686232E+000
  0.82686459E+000
  0.82686688E+000
  0.82686918E+000
  0.82687149E+000
  0.82687382E+000
  0.82687617E+000
  0.82687854E+000
  0.82688092E+000
  0.82688332E+000
  0.82688573E+000
  0.82688816E+000
  0.82689060E+000
  0.82689305E+000
  0.82689550E+000
  0.82689796E+000
  0.82690043E+000
  0.82690290E+000
  0.82690536E+000
  0.82690783E+000
  0.82691028E+000
  0.82691274E+000
  0.82691518E+000
  0.82691761E+000
  0.82692002E+000
  0.82692242E+000
  0.82692480E+000
  0.82692716E+000
  0.82692949E+000
  0.82693180E+000
  0.82693409E+000
  0.82693634E+000
  0.82693857E+000
  0.82694077E+000
  0.82694293E+000
  0.82694506E+000
  0.82694715E+000
  0.82694921E+000
  0.82695124E+000
  0.82695322E+000
  0.82695516E+000
  0.82695707E+000
  0.82695894E+000
  0.82696076E+000
  0.82696255E+000
  0.82696429E+000
  0.82696599E+000
  0.82696765E+000
  0.82696927E+000
  0.82697085E+000
  0.82697238E+000
  0.82697388E+000
  0.82697533E+000
  0.82697674E+000
  0.82697811E+000
  0.82697945E+000
  0.82698074E+000
  0.82698199E+000
  0.82698320E+000
  0.82698437E+000
  0.82698551E+000
  0.82698660E+000
  0.82698766E+000
  0.82698869E+000
  0.82698967E+000
  0.82699062E+000
  0.82699154E+000
  0.82699243E+000
  0.82699328E+000
  0.82699409E+000
  0.82699488E+000
  0.82699563E+000
  0.82699636E+000
  0.82699705E+000
  0.82699772E+000
  0.82699836E+000
  0.82699897E+000
  0.82699955E+000
  0.82700011E+000
  0.82700064E+000
  0.82700115E+000
  0.82700163E+000
  0.82700209E+000
  0.82700253E+000
  0.82700295E+000
  0.82700334E+000
  0.82700372E+000
  0.82700407E+000
  0.82700441E+000
  0.82700473E+000
  0.82700503E+000
  0.82700532E+000
  0.82700558E+000
  0.82700584E+000
  0.82700607E+000
  0.82700629E+000
  0.82700650E+000
  0.82700670E+000
  0.82700688E+000
  0.82700705E+000
  0.82700721E+000
  0.82700735E+000
  0.82700749E+000
  0.82700761E+000
  0.82700773E+000
  0.82700784E+000
  0.82700793E+000
  0.82700802E+000
  0.82700810E+000
  0.82700817E+000
  0.82700824E+000
  0.82700830E+000
  0.82700835E+000
  0.82700839E+000
  0.82700843E+000
  0.82700847E+000
  0.82700850E+000
  0.82700852E+000
  0.82700854E+000
  0.82700855E+000
  0.82700856E+000
  0.82700857E+000
  0.82700857E+000
  0.82700857E+000
  0.82700857E+000
  0.82700856E+000
  0.82700855E+000
  0.82700853E+000
