  0.12339461E+001
  0.12299870E+001
  0.12277763E+001
  0.12260842E+001
  0.12247104E+001
  0.12235731E+001
  0.12226252E+001
  0.12218318E+001
  0.12211653E+001
  0.12206017E+001
  0.12201250E+001
  0.12197206E+001
  0.12193765E+001
  0.12190827E+001
  0.12188310E+001
  0.12186131E+001
  0.12184237E+001
  0.12182591E+001
  0.12181157E+001
  0.12179907E+001
  0.12178818E+001
  0.12177870E+001
  0.12177045E+001
  0.12176328E+001
  0.12175706E+001
  0.12175169E+001
  0.12174706E+001
  0.12174308E+001
  0.12173947E+001
  0.12173645E+001
  0.12173396E+001
  0.12173193E+001
  0.12173027E+001
  0.12172892E+001
  0.12172784E+001
  0.12172696E+001
  0.12172626E+001
  0.12172570E+001
  0.12172524E+001
  0.12172487E+001
  0.12172456E+001
  0.12172429E+001
  0.12172405E+001
  0.12172383E+001
  0.12172363E+001
  0.12172343E+001
  0.12172323E+001
  0.12172302E+001
  0.12172282E+001
  0.12172261E+001
  0.12172240E+001
  0.12172218E+001
  0.12172196E+001
  0.12172174E+001
  0.12172153E+001
  0.12172131E+001
  0.12172110E+001
  0.12172089E+001
  0.12172068E+001
  0.12172049E+001
  0.12172029E+001
  0.12172011E+001
  0.12171993E+001
  0.12171975E+001
  0.12171958E+001
  0.12171942E+001
  0.12171927E+001
  0.12171912E+001
  0.12171898E+001
  0.12171885E+001
  0.12171872E+001
  0.12171860E+001
  0.12171848E+001
  0.12171837E+001
  0.12171827E+001
  0.12171817E+001
  0.12171808E+001
  0.12171799E+001
  0.12171791E+001
  0.12171783E+001
  0.12171775E+001
  0.12171769E+001
  0.12171762E+001
  0.12171756E+001
  0.12171751E+001
  0.12171745E+001
  0.12171741E+001
  0.12171736E+001
  0.12171732E+001
  0.12171728E+001
  0.12171725E+001
  0.12171721E+001
  0.12171718E+001
  0.12171716E+001
  0.12171713E+001
  0.12171711E+001
  0.12171708E+001
  0.12171706E+001
  0.12171705E+001
  0.12171703E+001
  0.12171701E+001
  0.12171700E+001
  0.12171698E+001
  0.12171697E+001
  0.12171696E+001
  0.12171695E+001
  0.12171694E+001
  0.12171693E+001
  0.12171692E+001
  0.12171691E+001
  0.12171691E+001
  0.12171690E+001
  0.12171689E+001
  0.12171688E+001
  0.12171688E+001
  0.12171687E+001
  0.12171687E+001
  0.12171686E+001
  0.12171686E+001
  0.12171685E+001
  0.12171685E+001
  0.12171684E+001
  0.12171684E+001
  0.12171683E+001
  0.12171683E+001
  0.12171683E+001
  0.12171682E+001
  0.12171682E+001
  0.12171682E+001
  0.12171681E+001
  0.12171681E+001
  0.12171681E+001
  0.12171680E+001
  0.12171680E+001
  0.12171680E+001
  0.12171680E+001
  0.12171679E+001
  0.12171679E+001
  0.12171679E+001
  0.12171679E+001
  0.12171678E+001
  0.12171678E+001
  0.12171678E+001
  0.12171678E+001
  0.12171677E+001
  0.12171677E+001
  0.12171677E+001
  0.12171677E+001
  0.12171677E+001
  0.12171676E+001
  0.12171676E+001
  0.12171676E+001
  0.12171676E+001
  0.12171676E+001
  0.12171676E+001
  0.12171675E+001
  0.12171675E+001
  0.12171675E+001
  0.12171675E+001
  0.12171675E+001
  0.12171675E+001
  0.12171675E+001
  0.12171674E+001
  0.12171674E+001
  0.12171674E+001
  0.12171674E+001
  0.12171674E+001
  0.12171674E+001
  0.12171674E+001
  0.12171674E+001
  0.12171673E+001
  0.12171673E+001
  0.12171673E+001
  0.12171673E+001
  0.12171673E+001
  0.12171673E+001
  0.12171673E+001
  0.12171673E+001
  0.12171673E+001
  0.12171673E+001
  0.12171673E+001
  0.12171672E+001
  0.12171672E+001
  0.12171672E+001
  0.12171672E+001
  0.12171672E+001
  0.12171672E+001
  0.12171672E+001
  0.12171672E+001
  0.12171672E+001
  0.12171672E+001
  0.12171672E+001
  0.12171672E+001
  0.12171672E+001
  0.12171672E+001
  0.12171672E+001
  0.12171672E+001
  0.12171672E+001
  0.12171672E+001
  0.12171672E+001
