  0.37258266E+000  0.43387031E+000  0.53566607E+000  0.62786700E+000  0.86541491E+000  0.10762062E+001  0.16142684E+001  0.25553501E+001  0.39239817E+001  0.93265842E+001  0.97878921E+001
  0.37186526E+000  0.43256159E+000  0.53403698E+000  0.62595773E+000  0.86378788E+000  0.10727425E+001  0.16092322E+001  0.25482815E+001  0.39227896E+001  0.93260994E+001  0.97873792E+001
  0.37126141E+000  0.43143699E+000  0.53269958E+000  0.62437751E+000  0.86238820E+000  0.10706191E+001  0.16049678E+001  0.25417411E+001  0.39216566E+001  0.93254745E+001  0.97871194E+001
  0.37073262E+000  0.43041177E+000  0.53157110E+000  0.62302872E+000  0.86113072E+000  0.10690376E+001  0.16013537E+001  0.25366182E+001  0.39211424E+001  0.93249526E+001  0.97868699E+001
  0.37030263E+000  0.42983341E+000  0.53058730E+000  0.62192765E+000  0.86028397E+000  0.10678818E+001  0.15976526E+001  0.25315636E+001  0.39195484E+001  0.93245179E+001  0.97863921E+001
  0.36983817E+000  0.42876701E+000  0.52982152E+000  0.62100188E+000  0.85952901E+000  0.10668937E+001  0.15946721E+001  0.25284535E+001  0.39151067E+001  0.93241497E+001  0.97864251E+001
  0.36949496E+000  0.42819261E+000  0.52915600E+000  0.62022351E+000  0.85885218E+000  0.10660726E+001  0.15932579E+001  0.25250971E+001  0.39140134E+001  0.93238424E+001  0.97863201E+001
  0.36920627E+000  0.42780108E+000  0.52859222E+000  0.61955370E+000  0.85828654E+000  0.10653833E+001  0.15918412E+001  0.25224582E+001  0.39132495E+001  0.93235064E+001  0.97861482E+001
  0.36896326E+000  0.42740625E+000  0.52813040E+000  0.61898459E+000  0.85780634E+000  0.10647920E+001  0.15904927E+001  0.25201418E+001  0.39109439E+001  0.93233653E+001  0.97859994E+001
  0.36877968E+000  0.42705019E+000  0.52777833E+000  0.61854408E+000  0.85737990E+000  0.10642835E+001  0.15892087E+001  0.25181630E+001  0.39095580E+001  0.93228032E+001  0.97858742E+001
  0.36862802E+000  0.42685469E+000  0.52743501E+000  0.61813780E+000  0.85705820E+000  0.10638207E+001  0.15881889E+001  0.25164926E+001  0.39096329E+001  0.93226511E+001  0.97857694E+001
  0.36849985E+000  0.42660842E+000  0.52713612E+000  0.61781523E+000  0.85677179E+000  0.10634548E+001  0.15872612E+001  0.25154235E+001  0.39095581E+001  0.93225573E+001  0.97856808E+001
  0.36841563E+000  0.42643577E+000  0.52692581E+000  0.61753010E+000  0.85651939E+000  0.10632070E+001  0.15864741E+001  0.25150724E+001  0.39086183E+001  0.93223943E+001  0.97856058E+001
  0.36834716E+000  0.42628283E+000  0.52671665E+000  0.61729345E+000  0.85630043E+000  0.10629761E+001  0.15858473E+001  0.25140370E+001  0.39085724E+001  0.93223137E+001  0.97855529E+001
  0.36828921E+000  0.42624737E+000  0.52653496E+000  0.61709278E+000  0.85613863E+000  0.10627066E+001  0.15852926E+001  0.25131741E+001  0.39084851E+001  0.93225533E+001  0.97855151E+001
  0.36824016E+000  0.42627073E+000  0.52639938E+000  0.61691554E+000  0.85599597E+000  0.10625145E+001  0.15848331E+001  0.25124171E+001  0.39085050E+001  0.93223954E+001  0.97854431E+001
  0.36832854E+000  0.42632214E+000  0.52627216E+000  0.61677457E+000  0.85582562E+000  0.10624249E+001  0.15844285E+001  0.25117866E+001  0.39084879E+001  0.93221681E+001  0.97854046E+001
  0.36827458E+000  0.42605041E+000  0.52617497E+000  0.61665439E+000  0.85576458E+000  0.10622934E+001  0.15840627E+001  0.25112602E+001  0.39083887E+001  0.93221464E+001  0.97853720E+001
  0.36822900E+000  0.42603007E+000  0.52608409E+000  0.61655056E+000  0.85561779E+000  0.10621555E+001  0.15837809E+001  0.25108022E+001  0.39085262E+001  0.93223926E+001  0.97853445E+001
  0.36819056E+000  0.42601165E+000  0.52601739E+000  0.61646386E+000  0.85557887E+000  0.10620835E+001  0.15835518E+001  0.25104221E+001  0.39085008E+001  0.93223559E+001  0.97853213E+001
  0.36818591E+000  0.42599359E+000  0.52595009E+000  0.61639066E+000  0.85550585E+000  0.10620155E+001  0.15833680E+001  0.25101007E+001  0.39084959E+001  0.93221728E+001  0.97853017E+001
  0.36815785E+000  0.42597615E+000  0.52589857E+000  0.61632879E+000  0.85546280E+000  0.10619597E+001  0.15832060E+001  0.25098306E+001  0.39084551E+001  0.93221570E+001  0.97852852E+001
  0.36813430E+000  0.42595949E+000  0.52585530E+000  0.61627695E+000  0.85542666E+000  0.10619015E+001  0.15830415E+001  0.25095975E+001  0.39084155E+001  0.93221552E+001  0.97852714E+001
  0.36811463E+000  0.42594381E+000  0.52581913E+000  0.61623366E+000  0.85539645E+000  0.10618564E+001  0.15829428E+001  0.25094033E+001  0.39084011E+001  0.93221537E+001  0.97852598E+001
  0.36809823E+000  0.42592924E+000  0.52578897E+000  0.61623465E+000  0.85534593E+000  0.10618005E+001  0.15828208E+001  0.25092349E+001  0.39083811E+001  0.93221524E+001  0.97851751E+001
  0.36808460E+000  0.42591586E+000  0.52576551E+000  0.61638280E+000  0.85534108E+000  0.10617626E+001  0.15827522E+001  0.25090719E+001  0.39084394E+001  0.93221513E+001  0.97851703E+001
  0.36807334E+000  0.42590371E+000  0.52574613E+000  0.61639022E+000  0.85531781E+000  0.10617315E+001  0.15826717E+001  0.25089619E+001  0.39084720E+001  0.93221504E+001  0.97851663E+001
  0.36806406E+000  0.42589279E+000  0.52573012E+000  0.61639402E+000  0.85529864E+000  0.10617060E+001  0.15826240E+001  0.25088927E+001  0.39084573E+001  0.93221497E+001  0.97851630E+001
  0.36805645E+000  0.42588309E+000  0.52571226E+000  0.61639553E+000  0.85528324E+000  0.10616872E+001  0.15825708E+001  0.25088276E+001  0.39084455E+001  0.93221491E+001  0.97851603E+001
  0.36805024E+000  0.42587591E+000  0.52570084E+000  0.61639571E+000  0.85527561E+000  0.10616755E+001  0.15825338E+001  0.25087804E+001  0.39084360E+001  0.93221486E+001  0.97851581E+001
  0.36804520E+000  0.42587314E+000  0.52569158E+000  0.61639521E+000  0.85526631E+000  0.10616699E+001  0.15825040E+001  0.25087277E+001  0.39084284E+001  0.93221482E+001  0.97851563E+001
  0.36804114E+000  0.42587175E+000  0.52568411E+000  0.61638976E+000  0.85525127E+000  0.10616654E+001  0.15824862E+001  0.25086918E+001  0.39084224E+001  0.93221479E+001  0.97851549E+001
  0.36803787E+000  0.42587234E+000  0.52567812E+000  0.61638533E+000  0.85524451E+000  0.10616617E+001  0.15824718E+001  0.25086586E+001  0.39084624E+001  0.93221476E+001  0.97851537E+001
  0.36803526E+000  0.42587429E+000  0.52567335E+000  0.61638208E+000  0.85523910E+000  0.10616587E+001  0.15824602E+001  0.25085799E+001  0.39084605E+001  0.93221474E+001  0.97851528E+001
  0.36803318E+000  0.42587615E+000  0.52566957E+000  0.61637978E+000  0.85523479E+000  0.10616562E+001  0.15824512E+001  0.25085735E+001  0.39084590E+001  0.93221473E+001  0.97851520E+001
  0.36803153E+000  0.42587798E+000  0.52566659E+000  0.61637823E+000  0.85523137E+000  0.10616543E+001  0.15824285E+001  0.25085684E+001  0.39084577E+001  0.93221471E+001  0.97851514E+001
  0.36803022E+000  0.42587979E+000  0.52566424E+000  0.61637729E+000  0.85522865E+000  0.10616527E+001  0.15824211E+001  0.25085643E+001  0.39084568E+001  0.93221470E+001  0.97851509E+001
  0.36802918E+000  0.42588159E+000  0.52566240E+000  0.61637681E+000  0.85522649E+000  0.10616515E+001  0.15824152E+001  0.25085611E+001  0.39084561E+001  0.93221469E+001  0.97851506E+001
  0.36802835E+000  0.42588338E+000  0.52566095E+000  0.61637668E+000  0.85522477E+000  0.10616504E+001  0.15824107E+001  0.25085551E+001  0.39084555E+001  0.93221469E+001  0.97851502E+001
  0.36802768E+000  0.42588516E+000  0.52565981E+000  0.61637682E+000  0.85522338E+000  0.10616496E+001  0.15824071E+001  0.25085502E+001  0.39084550E+001  0.93221468E+001  0.97851500E+001
  0.36802714E+000  0.42588690E+000  0.52565890E+000  0.61637714E+000  0.85522224E+000  0.10616489E+001  0.15824043E+001  0.25085463E+001  0.39084546E+001  0.93221468E+001  0.97851498E+001
  0.36802669E+000  0.42594015E+000  0.52565816E+000  0.61648032E+000  0.85522129E+000  0.10616483E+001  0.15824020E+001  0.25085430E+001  0.39084543E+001  0.93221467E+001  0.97851496E+001
  0.36802630E+000  0.42596550E+000  0.52565755E+000  0.61652828E+000  0.85522047E+000  0.10616478E+001  0.15824000E+001  0.25085402E+001  0.39084541E+001  0.93221467E+001  0.97851495E+001
  0.36802596E+000  0.42598528E+000  0.52565702E+000  0.61656207E+000  0.85521976E+000  0.10616474E+001  0.15823984E+001  0.25085378E+001  0.39084539E+001  0.93221467E+001  0.97851493E+001
  0.36802566E+000  0.42600403E+000  0.52565656E+000  0.61659411E+000  0.85521912E+000  0.10616470E+001  0.15823970E+001  0.25085357E+001  0.39084537E+001  0.93221467E+001  0.97851492E+001
  0.36802537E+000  0.42602174E+000  0.52565614E+000  0.61660002E+000  0.85521852E+000  0.10616466E+001  0.15823957E+001  0.25085337E+001  0.39084535E+001  0.93221466E+001  0.97851491E+001
  0.36802510E+000  0.42604366E+000  0.52565576E+000  0.61659966E+000  0.85521796E+000  0.10616462E+001  0.15823945E+001  0.25085318E+001  0.39084534E+001  0.93221466E+001  0.97851490E+001
  0.36802484E+000  0.42607691E+000  0.52565539E+000  0.61659931E+000  0.85521742E+000  0.10616458E+001  0.15823934E+001  0.25085300E+001  0.39084532E+001  0.93221466E+001  0.97851489E+001
  0.36802459E+000  0.42615164E+000  0.52565503E+000  0.61659897E+000  0.85521688E+000  0.10616454E+001  0.15823923E+001  0.25085283E+001  0.39084531E+001  0.93221466E+001  0.97851488E+001
  0.36802434E+000  0.42621624E+000  0.52565468E+000  0.61659863E+000  0.85521636E+000  0.10616451E+001  0.15823912E+001  0.25085265E+001  0.39084529E+001  0.93221465E+001  0.97851487E+001
  0.36802409E+000  0.42622357E+000  0.52565433E+000  0.61659830E+000  0.85521584E+000  0.10616447E+001  0.15823901E+001  0.25085248E+001  0.39084528E+001  0.93221465E+001  0.97851486E+001
  0.36802383E+000  0.42623043E+000  0.52565398E+000  0.61659798E+000  0.85521532E+000  0.10616443E+001  0.15823890E+001  0.25085233E+001  0.39084527E+001  0.93221465E+001  0.97851484E+001
  0.36802358E+000  0.42623685E+000  0.52565363E+000  0.61659765E+000  0.85521480E+000  0.10616439E+001  0.15823879E+001  0.25085220E+001  0.39084525E+001  0.93221465E+001  0.97851483E+001
  0.36802332E+000  0.42624284E+000  0.52565328E+000  0.61659731E+000  0.85521428E+000  0.10616436E+001  0.15823868E+001  0.25085208E+001  0.39084524E+001  0.93221464E+001  0.97851482E+001
  0.36802307E+000  0.42624844E+000  0.52565293E+000  0.61659697E+000  0.85521375E+000  0.10616432E+001  0.15823857E+001  0.25085195E+001  0.39084523E+001  0.93221464E+001  0.97851481E+001
  0.36802280E+000  0.42625365E+000  0.52565257E+000  0.61659663E+000  0.85521321E+000  0.10616428E+001  0.15823846E+001  0.25085182E+001  0.39084522E+001  0.93221464E+001  0.97851480E+001
  0.36802254E+000  0.42625849E+000  0.52565220E+000  0.61659628E+000  0.85521267E+000  0.10616424E+001  0.15823835E+001  0.25085169E+001  0.39084520E+001  0.93221464E+001  0.97851479E+001
  0.36802227E+000  0.42626300E+000  0.52565183E+000  0.61659592E+000  0.85521212E+000  0.10616420E+001  0.15823823E+001  0.25085155E+001  0.39084519E+001  0.93221463E+001  0.97851478E+001
  0.36802199E+000  0.42626718E+000  0.52565145E+000  0.61659555E+000  0.85521156E+000  0.10616416E+001  0.15823811E+001  0.25085141E+001  0.39084518E+001  0.93221463E+001  0.97851477E+001
  0.36802171E+000  0.42627073E+000  0.52565106E+000  0.61659518E+000  0.85521100E+000  0.10616411E+001  0.15823799E+001  0.25085127E+001  0.39084517E+001  0.93221463E+001  0.97851476E+001
  0.36802143E+000  0.42627077E+000  0.52565067E+000  0.61659480E+000  0.85521043E+000  0.10616407E+001  0.15823786E+001  0.25085113E+001  0.39084516E+001  0.93221463E+001  0.97851475E+001
  0.36802115E+000  0.42627079E+000  0.52565028E+000  0.61659443E+000  0.85520986E+000  0.10616403E+001  0.15823774E+001  0.25085099E+001  0.39084515E+001  0.93221462E+001  0.97851474E+001
  0.36802087E+000  0.42627079E+000  0.52564989E+000  0.61659405E+000  0.85520929E+000  0.10616399E+001  0.15823762E+001  0.25085028E+001  0.39084514E+001  0.93221462E+001  0.97851472E+001
  0.36802058E+000  0.42627077E+000  0.52564950E+000  0.61659367E+000  0.85520872E+000  0.10616394E+001  0.15823749E+001  0.25085009E+001  0.39084513E+001  0.93221462E+001  0.97851471E+001
  0.36802030E+000  0.42627073E+000  0.52564911E+000  0.61659328E+000  0.85520815E+000  0.10616390E+001  0.15823737E+001  0.25084989E+001  0.39084512E+001  0.93221462E+001  0.97851470E+001
  0.36802001E+000  0.42627067E+000  0.52564871E+000  0.61659289E+000  0.85520758E+000  0.10616106E+001  0.15823724E+001  0.25084970E+001  0.39084511E+001  0.93221461E+001  0.97851469E+001
  0.36801973E+000  0.42627059E+000  0.52564831E+000  0.61659250E+000  0.85520700E+000  0.10616099E+001  0.15823712E+001  0.25084950E+001  0.39084510E+001  0.93221461E+001  0.97851468E+001
  0.36801944E+000  0.42627049E+000  0.52564791E+000  0.61659211E+000  0.85520642E+000  0.10616092E+001  0.15823699E+001  0.25084931E+001  0.39084509E+001  0.93221461E+001  0.97851467E+001
  0.36801915E+000  0.42627037E+000  0.52564750E+000  0.61659172E+000  0.85520585E+000  0.10616086E+001  0.15823687E+001  0.25084911E+001  0.39084509E+001  0.93221461E+001  0.97851465E+001
  0.36801886E+000  0.42627025E+000  0.52564710E+000  0.61659132E+000  0.85520527E+000  0.10616079E+001  0.15823674E+001  0.25084892E+001  0.39084508E+001  0.93221460E+001  0.97851464E+001
  0.36801857E+000  0.42627011E+000  0.52564670E+000  0.61659093E+000  0.85520469E+000  0.10616072E+001  0.15823661E+001  0.25084872E+001  0.39084507E+001  0.93221460E+001  0.97851463E+001
  0.36801829E+000  0.42626995E+000  0.52564630E+000  0.61659054E+000  0.85520412E+000  0.10616066E+001  0.15823649E+001  0.25084853E+001  0.39084507E+001  0.93221460E+001  0.97851462E+001
  0.36801800E+000  0.42626979E+000  0.52564590E+000  0.61659014E+000  0.85520356E+000  0.10616059E+001  0.15823636E+001  0.25084833E+001  0.39084507E+001  0.93221460E+001  0.97851461E+001
  0.36801772E+000  0.42626962E+000  0.52564550E+000  0.61658975E+000  0.85520299E+000  0.10616053E+001  0.15823623E+001  0.25084814E+001  0.39084506E+001  0.93221459E+001  0.97851460E+001
  0.36801744E+000  0.42626943E+000  0.52564510E+000  0.61658937E+000  0.85520243E+000  0.10616046E+001  0.15823611E+001  0.25084795E+001  0.39084506E+001  0.93221459E+001  0.97851459E+001
  0.36801716E+000  0.42626925E+000  0.52564471E+000  0.61658898E+000  0.85520188E+000  0.10616040E+001  0.15823599E+001  0.25084776E+001  0.39084506E+001  0.93221459E+001  0.97851457E+001
  0.36801688E+000  0.42626905E+000  0.52564432E+000  0.61658860E+000  0.85520133E+000  0.10616033E+001  0.15823587E+001  0.25084758E+001  0.39084506E+001  0.93221459E+001  0.97851456E+001
  0.36801661E+000  0.42626885E+000  0.52564394E+000  0.61658822E+000  0.85520079E+000  0.10616027E+001  0.15823575E+001  0.25084739E+001  0.39084506E+001  0.93221458E+001  0.97851455E+001
  0.36801634E+000  0.42626864E+000  0.52564356E+000  0.61658785E+000  0.85520026E+000  0.10616021E+001  0.15823563E+001  0.25084721E+001  0.39084506E+001  0.93221458E+001  0.97851454E+001
  0.36801608E+000  0.42626843E+000  0.52564319E+000  0.61658749E+000  0.85519973E+000  0.10616015E+001  0.15823551E+001  0.25084703E+001  0.39084507E+001  0.93221458E+001  0.97851453E+001
  0.36801582E+000  0.42626822E+000  0.52564282E+000  0.61658712E+000  0.85519922E+000  0.10616009E+001  0.15823540E+001  0.25084686E+001  0.39084507E+001  0.93221458E+001  0.97851452E+001
  0.36801556E+000  0.42626800E+000  0.52564245E+000  0.61658677E+000  0.85519871E+000  0.10616003E+001  0.15823528E+001  0.25084668E+001  0.39084507E+001  0.93221457E+001  0.97851451E+001
  0.36801531E+000  0.42626778E+000  0.52564210E+000  0.61658642E+000  0.85519821E+000  0.10615997E+001  0.15823517E+001  0.25084652E+001  0.39084508E+001  0.93221457E+001  0.97851450E+001
  0.36801506E+000  0.42626756E+000  0.52564174E+000  0.61658608E+000  0.85519772E+000  0.10615991E+001  0.15823506E+001  0.25084635E+001  0.39084509E+001  0.93221457E+001  0.97851449E+001
  0.36801481E+000  0.42626734E+000  0.52564140E+000  0.61658574E+000  0.85519724E+000  0.10615985E+001  0.15823495E+001  0.25084619E+001  0.39084510E+001  0.93221457E+001  0.97851448E+001
  0.36801457E+000  0.42626712E+000  0.52564106E+000  0.61658541E+000  0.85519677E+000  0.10615980E+001  0.15823485E+001  0.25084602E+001  0.39084510E+001  0.93221457E+001  0.97851447E+001
  0.36801434E+000  0.42626690E+000  0.52564073E+000  0.61658508E+000  0.85519630E+000  0.10615974E+001  0.15823474E+001  0.25083140E+001  0.39084512E+001  0.93221456E+001  0.97851446E+001
  0.36801411E+000  0.42626667E+000  0.52564040E+000  0.61658477E+000  0.85519585E+000  0.10615969E+001  0.15823464E+001  0.25083138E+001  0.39084513E+001  0.93221456E+001  0.97851445E+001
  0.36801388E+000  0.42626645E+000  0.52564008E+000  0.61658445E+000  0.85519540E+000  0.10615964E+001  0.15823454E+001  0.25083135E+001  0.39084514E+001  0.93221456E+001  0.97851444E+001
  0.36801366E+000  0.42626623E+000  0.52563977E+000  0.61658415E+000  0.85519496E+000  0.10615958E+001  0.15823445E+001  0.25083133E+001  0.39084515E+001  0.93221456E+001  0.97851443E+001
  0.36801344E+000  0.42626601E+000  0.52563946E+000  0.61658385E+000  0.85519454E+000  0.10615953E+001  0.15823435E+001  0.25083130E+001  0.39084516E+001  0.93221456E+001  0.97851443E+001
  0.36801323E+000  0.42626579E+000  0.52563916E+000  0.61658355E+000  0.85519412E+000  0.10615948E+001  0.15823426E+001  0.25083128E+001  0.39084518E+001  0.93221455E+001  0.97851442E+001
  0.36801302E+000  0.42626557E+000  0.52563886E+000  0.61658327E+000  0.85519370E+000  0.10615943E+001  0.15823418E+001  0.25083125E+001  0.39084519E+001  0.93221455E+001  0.97851441E+001
  0.36801281E+000  0.42626535E+000  0.52563857E+000  0.61658298E+000  0.85519330E+000  0.10615939E+001  0.15823412E+001  0.25083123E+001  0.39084521E+001  0.93221455E+001  0.97851440E+001
  0.36801261E+000  0.42626513E+000  0.52563829E+000  0.61658271E+000  0.85519291E+000  0.10615934E+001  0.15823406E+001  0.25083121E+001  0.39084523E+001  0.93221455E+001  0.97851439E+001
  0.36801242E+000  0.42626492E+000  0.52563801E+000  0.61658243E+000  0.85519252E+000  0.10615929E+001  0.15823400E+001  0.25083119E+001  0.39084524E+001  0.93221455E+001  0.97851439E+001
  0.36801222E+000  0.42626470E+000  0.52563773E+000  0.61658217E+000  0.85519214E+000  0.10615925E+001  0.15823394E+001  0.25083117E+001  0.39084526E+001  0.93221454E+001  0.97851438E+001
  0.36801203E+000  0.42626449E+000  0.52563747E+000  0.61658191E+000  0.85519177E+000  0.10615920E+001  0.15823388E+001  0.25083114E+001  0.39084528E+001  0.93221454E+001  0.97851437E+001
  0.36801185E+000  0.42626427E+000  0.52563721E+000  0.61658165E+000  0.85519141E+000  0.10615916E+001  0.15823382E+001  0.25083112E+001  0.39084529E+001  0.93221454E+001  0.97851436E+001
  0.36801167E+000  0.42626406E+000  0.52563695E+000  0.61658140E+000  0.85519105E+000  0.10615912E+001  0.15823376E+001  0.25083110E+001  0.39084531E+001  0.93221454E+001  0.97851436E+001
  0.36801149E+000  0.42626385E+000  0.52563670E+000  0.61658115E+000  0.85519070E+000  0.10615907E+001  0.15823371E+001  0.25083108E+001  0.39084533E+001  0.93221454E+001  0.97851435E+001
  0.36801132E+000  0.42626364E+000  0.52563646E+000  0.61658091E+000  0.85519036E+000  0.10615903E+001  0.15823365E+001  0.25083106E+001  0.39084535E+001  0.93221454E+001  0.97851434E+001
  0.36801115E+000  0.42626343E+000  0.52563622E+000  0.61658067E+000  0.85519003E+000  0.10615899E+001  0.15823360E+001  0.25083105E+001  0.39084537E+001  0.93221454E+001  0.97851434E+001
  0.36801099E+000  0.42626322E+000  0.52563598E+000  0.61658043E+000  0.85518971E+000  0.10615895E+001  0.15823355E+001  0.25083103E+001  0.39084538E+001  0.93221453E+001  0.97851433E+001
  0.36801083E+000  0.42626302E+000  0.52563576E+000  0.61658020E+000  0.85518939E+000  0.10615892E+001  0.15823350E+001  0.25083101E+001  0.39084543E+001  0.93221453E+001  0.97851432E+001
  0.36801068E+000  0.42626282E+000  0.52563553E+000  0.61657998E+000  0.85518909E+000  0.10615888E+001  0.15823345E+001  0.25083099E+001  0.39085027E+001  0.93221453E+001  0.97851432E+001
  0.36801053E+000  0.42626262E+000  0.52563532E+000  0.61657976E+000  0.85518879E+000  0.10615884E+001  0.15823340E+001  0.25083097E+001  0.39088716E+001  0.93221453E+001  0.97851431E+001
  0.36801038E+000  0.42626242E+000  0.52563511E+000  0.61657954E+000  0.85518850E+000  0.10615881E+001  0.15823336E+001  0.25083096E+001  0.39088708E+001  0.93221453E+001  0.97851430E+001
  0.36801024E+000  0.42626222E+000  0.52563491E+000  0.61657933E+000  0.85518822E+000  0.10615877E+001  0.15823331E+001  0.25083094E+001  0.39088701E+001  0.93221453E+001  0.97851430E+001
  0.36801011E+000  0.42626203E+000  0.52563471E+000  0.61657913E+000  0.85518795E+000  0.10615874E+001  0.15823327E+001  0.25083093E+001  0.39088693E+001  0.93221453E+001  0.97851429E+001
  0.36800998E+000  0.42626184E+000  0.52563452E+000  0.61657893E+000  0.85518769E+000  0.10615871E+001  0.15823323E+001  0.25083091E+001  0.39088686E+001  0.93221452E+001  0.97851429E+001
  0.36800986E+000  0.42626165E+000  0.52563434E+000  0.61657874E+000  0.85518744E+000  0.10615868E+001  0.15823319E+001  0.25083090E+001  0.39088679E+001  0.93221452E+001  0.97851428E+001
  0.36800974E+000  0.42626147E+000  0.52563417E+000  0.61657855E+000  0.85518720E+000  0.10615865E+001  0.15823315E+001  0.25083088E+001  0.39091825E+001  0.93221452E+001  0.97851428E+001
  0.36800963E+000  0.42626130E+000  0.52563400E+000  0.61657837E+000  0.85518697E+000  0.10615862E+001  0.15823311E+001  0.25083087E+001  0.39091866E+001  0.93221452E+001  0.97851427E+001
  0.36800952E+000  0.42626112E+000  0.52563384E+000  0.61657819E+000  0.85518675E+000  0.10615860E+001  0.15823308E+001  0.25083086E+001  0.39091900E+001  0.93221452E+001  0.97851427E+001
  0.36800942E+000  0.42626096E+000  0.52563369E+000  0.61657803E+000  0.85518655E+000  0.10615857E+001  0.15823305E+001  0.25083085E+001  0.39091926E+001  0.93221452E+001  0.97851427E+001
  0.36800933E+000  0.42626080E+000  0.52563355E+000  0.61657787E+000  0.85518636E+000  0.10615855E+001  0.15823302E+001  0.25083084E+001  0.39091946E+001  0.93221452E+001  0.97851426E+001
  0.36800924E+000  0.42626065E+000  0.52563342E+000  0.61657772E+000  0.85518618E+000  0.10615853E+001  0.15823299E+001  0.25083083E+001  0.39092976E+001  0.93221452E+001  0.97851426E+001
  0.36800917E+000  0.42626051E+000  0.52563330E+000  0.61657758E+000  0.85518602E+000  0.10615851E+001  0.15823296E+001  0.25083082E+001  0.39092981E+001  0.93221452E+001  0.97851426E+001
  0.36800910E+000  0.42626037E+000  0.52563319E+000  0.61657745E+000  0.85518587E+000  0.10615849E+001  0.15823294E+001  0.25083081E+001  0.39092986E+001  0.93221452E+001  0.97851425E+001
  0.36800903E+000  0.42626024E+000  0.52563309E+000  0.61657733E+000  0.85518574E+000  0.10615848E+001  0.15823292E+001  0.25083080E+001  0.39092991E+001  0.93221452E+001  0.97851425E+001
  0.36800898E+000  0.42626012E+000  0.52563300E+000  0.61657722E+000  0.85518562E+000  0.10615846E+001  0.15823290E+001  0.25083080E+001  0.39092994E+001  0.93221452E+001  0.97851425E+001
  0.36800893E+000  0.42626001E+000  0.52563292E+000  0.61657711E+000  0.85518552E+000  0.10615845E+001  0.15823288E+001  0.25083079E+001  0.39092998E+001  0.93221452E+001  0.97851425E+001
  0.36800889E+000  0.42625991E+000  0.52563285E+000  0.61657702E+000  0.85518543E+000  0.10615844E+001  0.15823286E+001  0.25083079E+001  0.39093001E+001  0.93221452E+001  0.97851425E+001
  0.36800886E+000  0.42625982E+000  0.52563279E+000  0.61657694E+000  0.85518536E+000  0.10615843E+001  0.15823285E+001  0.25083078E+001  0.39093003E+001  0.93221452E+001  0.97851425E+001
  0.36800883E+000  0.42625974E+000  0.52563274E+000  0.61657687E+000  0.85518530E+000  0.10615843E+001  0.15823284E+001  0.25083078E+001  0.39093005E+001  0.93221452E+001  0.97851424E+001
  0.36800881E+000  0.42625966E+000  0.52563271E+000  0.61657681E+000  0.85518525E+000  0.10615842E+001  0.15823283E+001  0.25083078E+001  0.39093006E+001  0.93221452E+001  0.97851424E+001
  0.36800880E+000  0.42625960E+000  0.52563268E+000  0.61657676E+000  0.85518522E+000  0.10615842E+001  0.15823283E+001  0.25083077E+001  0.39093007E+001  0.93221451E+001  0.97851424E+001
  0.36800879E+000  0.42625954E+000  0.52563266E+000  0.61657672E+000  0.85518521E+000  0.10615841E+001  0.15823282E+001  0.25083077E+001  0.39093006E+001  0.93221451E+001  0.97851424E+001
  0.36800879E+000  0.42625949E+000  0.52563265E+000  0.61657669E+000  0.85518520E+000  0.10615841E+001  0.15823282E+001  0.25083077E+001  0.39093004E+001  0.93221451E+001  0.97851424E+001
  0.36800880E+000  0.42625945E+000  0.52563265E+000  0.61657667E+000  0.85518520E+000  0.10615841E+001  0.15823282E+001  0.25083077E+001  0.39093001E+001  0.93221451E+001  0.97851424E+001
  0.36800881E+000  0.42625942E+000  0.52563265E+000  0.61657665E+000  0.85518522E+000  0.10615841E+001  0.15823282E+001  0.25083077E+001  0.39092997E+001  0.93221452E+001  0.97851424E+001
  0.36800882E+000  0.42625939E+000  0.52563266E+000  0.61657665E+000  0.85518524E+000  0.10615842E+001  0.15823282E+001  0.25083078E+001  0.39092991E+001  0.93221452E+001  0.97851424E+001
  0.36800884E+000  0.42625937E+000  0.52563268E+000  0.61657665E+000  0.85518527E+000  0.10615842E+001  0.15823283E+001  0.25083078E+001  0.39092983E+001  0.93221452E+001  0.97851425E+001
  0.36800885E+000  0.42625936E+000  0.52563271E+000  0.61657665E+000  0.85518531E+000  0.10615842E+001  0.15823283E+001  0.25083078E+001  0.39092974E+001  0.93221452E+001  0.97851425E+001
  0.36800888E+000  0.42625935E+000  0.52563273E+000  0.61657666E+000  0.85518535E+000  0.10615843E+001  0.15823284E+001  0.25083078E+001  0.39092964E+001  0.93221452E+001  0.97851425E+001
  0.36800890E+000  0.42625934E+000  0.52563276E+000  0.61657667E+000  0.85518539E+000  0.10615843E+001  0.15823285E+001  0.25083078E+001  0.39091862E+001  0.93221452E+001  0.97851425E+001
  0.36800893E+000  0.42625933E+000  0.52563279E+000  0.61657669E+000  0.85518544E+000  0.10615844E+001  0.15823285E+001  0.25083079E+001  0.39091830E+001  0.93221452E+001  0.97851425E+001
  0.36800895E+000  0.42625933E+000  0.52563283E+000  0.61657671E+000  0.85518549E+000  0.10615844E+001  0.15823286E+001  0.25083079E+001  0.39091793E+001  0.93221452E+001  0.97851425E+001
  0.36800898E+000  0.42625933E+000  0.52563286E+000  0.61657673E+000  0.85518554E+000  0.10615845E+001  0.15823287E+001  0.25083079E+001  0.39088627E+001  0.93221452E+001  0.97851425E+001
  0.36800900E+000  0.42625933E+000  0.52563290E+000  0.61657675E+000  0.85518559E+000  0.10615845E+001  0.15823288E+001  0.25083080E+001  0.39088628E+001  0.93221452E+001  0.97851425E+001
  0.36800903E+000  0.42625934E+000  0.52563293E+000  0.61657677E+000  0.85518564E+000  0.10615846E+001  0.15823289E+001  0.25083080E+001  0.39088629E+001  0.93221452E+001  0.97851425E+001
  0.36800905E+000  0.42625934E+000  0.52563297E+000  0.61657679E+000  0.85518569E+000  0.10615846E+001  0.15823289E+001  0.25083080E+001  0.39085184E+001  0.93221452E+001  0.97851425E+001
  0.36800908E+000  0.42625934E+000  0.52563300E+000  0.61657681E+000  0.85518573E+000  0.10615847E+001  0.15823290E+001  0.25083080E+001  0.39084534E+001  0.93221452E+001  0.97851425E+001
  0.36800910E+000  0.42625935E+000  0.52563303E+000  0.61657683E+000  0.85518578E+000  0.10615847E+001  0.15823291E+001  0.25083081E+001  0.39084530E+001  0.93221452E+001  0.97851426E+001
  0.36800912E+000  0.42625935E+000  0.52563307E+000  0.61657685E+000  0.85518582E+000  0.10615848E+001  0.15823291E+001  0.25083081E+001  0.39084526E+001  0.93221452E+001  0.97851426E+001
  0.36800914E+000  0.42625936E+000  0.52563309E+000  0.61657687E+000  0.85518586E+000  0.10615848E+001  0.15823292E+001  0.25083081E+001  0.39084522E+001  0.93221452E+001  0.97851426E+001
  0.36800916E+000  0.42625936E+000  0.52563312E+000  0.61657688E+000  0.85518590E+000  0.10615848E+001  0.15823293E+001  0.25083081E+001  0.39084517E+001  0.93221452E+001  0.97851426E+001
  0.36800918E+000  0.42625937E+000  0.52563315E+000  0.61657690E+000  0.85518594E+000  0.10615849E+001  0.15823293E+001  0.25083082E+001  0.39084513E+001  0.93221452E+001  0.97851426E+001
  0.36800920E+000  0.42625937E+000  0.52563317E+000  0.61657692E+000  0.85518597E+000  0.10615849E+001  0.15823294E+001  0.25083082E+001  0.39084508E+001  0.93221452E+001  0.97851426E+001
  0.36800922E+000  0.42625938E+000  0.52563320E+000  0.61657693E+000  0.85518601E+000  0.10615850E+001  0.15823294E+001  0.25083082E+001  0.39084503E+001  0.93221452E+001  0.97851426E+001
  0.36800923E+000  0.42625938E+000  0.52563322E+000  0.61657695E+000  0.85518604E+000  0.10615850E+001  0.15823295E+001  0.25083082E+001  0.39084499E+001  0.93221452E+001  0.97851426E+001
  0.36800925E+000  0.42625939E+000  0.52563324E+000  0.61657696E+000  0.85518607E+000  0.10615850E+001  0.15823295E+001  0.25083082E+001  0.39084494E+001  0.93221452E+001  0.97851426E+001
  0.36800926E+000  0.42625939E+000  0.52563327E+000  0.61657698E+000  0.85518610E+000  0.10615851E+001  0.15823296E+001  0.25083082E+001  0.39084489E+001  0.93221452E+001  0.97851426E+001
  0.36800928E+000  0.42625940E+000  0.52563329E+000  0.61657699E+000  0.85518613E+000  0.10615851E+001  0.15823296E+001  0.25083083E+001  0.39084484E+001  0.93221452E+001  0.97851426E+001
  0.36800929E+000  0.42625940E+000  0.52563331E+000  0.61657701E+000  0.85518616E+000  0.10615851E+001  0.15823297E+001  0.25083083E+001  0.39084479E+001  0.93221452E+001  0.97851426E+001
  0.36800931E+000  0.42625941E+000  0.52563333E+000  0.61657702E+000  0.85518619E+000  0.10615852E+001  0.15823297E+001  0.25083083E+001  0.39084475E+001  0.93221452E+001  0.97851426E+001
  0.36800932E+000  0.42625942E+000  0.52563335E+000  0.61657704E+000  0.85518622E+000  0.10615852E+001  0.15823298E+001  0.25083083E+001  0.39084470E+001  0.93221452E+001  0.97851426E+001
  0.36800934E+000  0.42625942E+000  0.52563337E+000  0.61657705E+000  0.85518624E+000  0.10615852E+001  0.15823298E+001  0.25083083E+001  0.39084465E+001  0.93221452E+001  0.97851427E+001
  0.36800935E+000  0.42625943E+000  0.52563339E+000  0.61657707E+000  0.85518627E+000  0.10615852E+001  0.15823298E+001  0.25083083E+001  0.39084461E+001  0.93221452E+001  0.97851427E+001
  0.36800936E+000  0.42625944E+000  0.52563341E+000  0.61657708E+000  0.85518630E+000  0.10615853E+001  0.15823299E+001  0.25083084E+001  0.39084457E+001  0.93221452E+001  0.97851427E+001
  0.36800938E+000  0.42625945E+000  0.52563342E+000  0.61657710E+000  0.85518632E+000  0.10615853E+001  0.15823299E+001  0.25083084E+001  0.39084452E+001  0.93221452E+001  0.97851427E+001
  0.36800939E+000  0.42625946E+000  0.52563344E+000  0.61657711E+000  0.85518635E+000  0.10615853E+001  0.15823300E+001  0.25083084E+001  0.39084448E+001  0.93221452E+001  0.97851427E+001
  0.36800940E+000  0.42625946E+000  0.52563346E+000  0.61657712E+000  0.85518637E+000  0.10615854E+001  0.15823300E+001  0.25083084E+001  0.39084444E+001  0.93221452E+001  0.97851427E+001
  0.36800941E+000  0.42625947E+000  0.52563347E+000  0.61657714E+000  0.85518640E+000  0.10615854E+001  0.15823300E+001  0.25083084E+001  0.39084441E+001  0.93221452E+001  0.97851427E+001
  0.36800942E+000  0.42625948E+000  0.52563349E+000  0.61657715E+000  0.85518642E+000  0.10615854E+001  0.15823301E+001  0.25083084E+001  0.39084437E+001  0.93221452E+001  0.97851427E+001
  0.36800943E+000  0.42625949E+000  0.52563350E+000  0.61657716E+000  0.85518643E+000  0.10615854E+001  0.15823301E+001  0.25083084E+001  0.39084434E+001  0.93221452E+001  0.97851427E+001
  0.36800944E+000  0.42625949E+000  0.52563352E+000  0.61657717E+000  0.85518645E+000  0.10615854E+001  0.15823301E+001  0.25083084E+001  0.39084430E+001  0.93221452E+001  0.97851427E+001
  0.36800944E+000  0.42625949E+000  0.52563353E+000  0.61657718E+000  0.85518647E+000  0.10615854E+001  0.15823301E+001  0.25083085E+001  0.39084427E+001  0.93221452E+001  0.97851427E+001
  0.36800945E+000  0.42625950E+000  0.52563353E+000  0.61657719E+000  0.85518648E+000  0.10615855E+001  0.15823302E+001  0.25083085E+001  0.39084424E+001  0.93221452E+001  0.97851427E+001
  0.36800945E+000  0.42625950E+000  0.52563354E+000  0.61657720E+000  0.85518649E+000  0.10615855E+001  0.15823302E+001  0.25083085E+001  0.39084421E+001  0.93221452E+001  0.97851427E+001
  0.36800945E+000  0.42625950E+000  0.52563355E+000  0.61657720E+000  0.85518649E+000  0.10615855E+001  0.15823302E+001  0.25083085E+001  0.39084419E+001  0.93221452E+001  0.97851427E+001
  0.36800945E+000  0.42625950E+000  0.52563355E+000  0.61657720E+000  0.85518649E+000  0.10615855E+001  0.15823302E+001  0.25083085E+001  0.39084416E+001  0.93221452E+001  0.97851427E+001
  0.36800945E+000  0.42625950E+000  0.52563355E+000  0.61657720E+000  0.85518649E+000  0.10615855E+001  0.15823302E+001  0.25083085E+001  0.39084414E+001  0.93221452E+001  0.97851427E+001
  0.36800945E+000  0.42625949E+000  0.52563355E+000  0.61657720E+000  0.85518649E+000  0.10615855E+001  0.15823302E+001  0.25083085E+001  0.39084411E+001  0.93221452E+001  0.97851427E+001
  0.36800945E+000  0.42625949E+000  0.52563354E+000  0.61657719E+000  0.85518649E+000  0.10615855E+001  0.15823302E+001  0.25083085E+001  0.39084409E+001  0.93221452E+001  0.97851427E+001
  0.36800944E+000  0.42625948E+000  0.52563354E+000  0.61657719E+000  0.85518648E+000  0.10615854E+001  0.15823302E+001  0.25083085E+001  0.39084407E+001  0.93221452E+001  0.97851427E+001
  0.36800943E+000  0.42625947E+000  0.52563353E+000  0.61657718E+000  0.85518647E+000  0.10615854E+001  0.15823302E+001  0.25083084E+001  0.39084405E+001  0.93221452E+001  0.97851427E+001
  0.36800943E+000  0.42625947E+000  0.52563352E+000  0.61657717E+000  0.85518645E+000  0.10615854E+001  0.15823301E+001  0.25083084E+001  0.39084404E+001  0.93221452E+001  0.97851427E+001
  0.36800942E+000  0.42625946E+000  0.52563351E+000  0.61657716E+000  0.85518644E+000  0.10615854E+001  0.15823301E+001  0.25083084E+001  0.39084402E+001  0.93221452E+001  0.97851427E+001
  0.36800941E+000  0.42625944E+000  0.52563350E+000  0.61657715E+000  0.85518642E+000  0.10615854E+001  0.15823301E+001  0.25083084E+001  0.39084401E+001  0.93221452E+001  0.97851427E+001
  0.36800940E+000  0.42625943E+000  0.52563349E+000  0.61657713E+000  0.85518640E+000  0.10615853E+001  0.15823301E+001  0.25083084E+001  0.39084399E+001  0.93221452E+001  0.97851427E+001
  0.36800939E+000  0.42625942E+000  0.52563347E+000  0.61657712E+000  0.85518638E+000  0.10615853E+001  0.15823300E+001  0.25083084E+001  0.39084398E+001  0.93221452E+001  0.97851427E+001
  0.36800938E+000  0.42625941E+000  0.52563346E+000  0.61657710E+000  0.85518636E+000  0.10615853E+001  0.15823300E+001  0.25083084E+001  0.39084397E+001  0.93221452E+001  0.97851427E+001
  0.36800937E+000  0.42625939E+000  0.52563344E+000  0.61657709E+000  0.85518634E+000  0.10615853E+001  0.15823300E+001  0.25083084E+001  0.39084395E+001  0.93221452E+001  0.97851427E+001
  0.36800935E+000  0.42625938E+000  0.52563343E+000  0.61657707E+000  0.85518631E+000  0.10615852E+001  0.15823299E+001  0.25083084E+001  0.39084394E+001  0.93221452E+001  0.97851427E+001
  0.36800934E+000  0.42625937E+000  0.52563341E+000  0.61657705E+000  0.85518629E+000  0.10615852E+001  0.15823299E+001  0.25083083E+001  0.39084393E+001  0.93221452E+001  0.97851427E+001
  0.36800933E+000  0.42625935E+000  0.52563339E+000  0.61657704E+000  0.85518627E+000  0.10615852E+001  0.15823299E+001  0.25083083E+001  0.39084392E+001  0.93221452E+001  0.97851426E+001
  0.36800932E+000  0.42625934E+000  0.52563338E+000  0.61657702E+000  0.85518624E+000  0.10615852E+001  0.15823298E+001  0.25083083E+001  0.39084392E+001  0.93221452E+001  0.97851426E+001
  0.36800931E+000  0.42625933E+000  0.52563336E+000  0.61657700E+000  0.85518622E+000  0.10615851E+001  0.15823298E+001  0.25083083E+001  0.39084391E+001  0.93221452E+001  0.97851426E+001
  0.36800930E+000  0.42625932E+000  0.52563335E+000  0.61657699E+000  0.85518620E+000  0.10615851E+001  0.15823298E+001  0.25083083E+001  0.39084390E+001  0.93221452E+001  0.97851426E+001
  0.36800929E+000  0.42625930E+000  0.52563333E+000  0.61657697E+000  0.85518618E+000  0.10615851E+001  0.15823297E+001  0.25083083E+001  0.39084389E+001  0.93221452E+001  0.97851426E+001
  0.36800928E+000  0.42625929E+000  0.52563332E+000  0.61657696E+000  0.85518616E+000  0.10615851E+001  0.15823297E+001  0.25083083E+001  0.39084389E+001  0.93221452E+001  0.97851426E+001
  0.36800927E+000  0.42625928E+000  0.52563331E+000  0.61657694E+000  0.85518614E+000  0.10615850E+001  0.15823297E+001  0.25083083E+001  0.39084388E+001  0.93221452E+001  0.97851426E+001
  0.36800926E+000  0.42625927E+000  0.52563329E+000  0.61657693E+000  0.85518612E+000  0.10615850E+001  0.15823296E+001  0.25083083E+001  0.39084388E+001  0.93221452E+001  0.97851426E+001
  0.36800926E+000  0.42625926E+000  0.52563328E+000  0.61657691E+000  0.85518610E+000  0.10615850E+001  0.15823296E+001  0.25083082E+001  0.39084387E+001  0.93221452E+001  0.97851426E+001
  0.36800925E+000  0.42625925E+000  0.52563326E+000  0.61657689E+000  0.85518608E+000  0.10615850E+001  0.15823296E+001  0.25083082E+001  0.39084387E+001  0.93221452E+001  0.97851426E+001
  0.36800924E+000  0.42625923E+000  0.52563324E+000  0.61657687E+000  0.85518607E+000  0.10615850E+001  0.15823295E+001  0.25083082E+001  0.39084386E+001  0.93221452E+001  0.97851426E+001
  0.36800924E+000  0.42625922E+000  0.52563321E+000  0.61657685E+000  0.85518606E+000  0.10615850E+001  0.15823295E+001  0.25083082E+001  0.39084386E+001  0.93221452E+001  0.97851426E+001
  0.36800924E+000  0.42625921E+000  0.52563321E+000  0.61657686E+000  0.85518608E+000  0.10615850E+001  0.15823295E+001  0.25083082E+001  0.39084386E+001  0.93221452E+001  0.97851426E+001
