 -0.75583062E+000 -0.58864791E+000 -0.27718355E+000 -0.60576479E-001 -0.64091517E-002 -0.16010946E-002  0.19082638E+000  0.12326563E+001  0.24851573E+001  0.53345402E+001  0.73430020E+001
 -0.75329427E+000 -0.58564291E+000 -0.27463337E+000 -0.56595517E-001 -0.63420243E-002 -0.14785333E-002  0.19442415E+000  0.12389313E+001  0.24918240E+001  0.53440860E+001  0.73532310E+001
 -0.75140208E+000 -0.58339680E+000 -0.27280865E+000 -0.53880236E-001 -0.63160227E-002 -0.14456549E-002  0.19702312E+000  0.12438614E+001  0.24971685E+001  0.53517498E+001  0.73614004E+001
 -0.75002459E+000 -0.58174744E+000 -0.27152112E+000 -0.52043171E-001 -0.63036720E-002 -0.14349784E-002  0.19888871E+000  0.12476695E+001  0.25014860E+001  0.53579658E+001  0.73679946E+001
 -0.74905993E+000 -0.58056985E+000 -0.27063320E+000 -0.50839811E-001 -0.62986975E-002 -0.14348065E-002  0.20021529E+000  0.12506744E+001  0.25049813E+001  0.53630376E+001  0.73733491E+001
 -0.74842395E+000 -0.57976476E+000 -0.27004575E+000 -0.50172101E-001 -0.62978613E-002 -0.14395181E-002  0.20113772E+000  0.12530184E+001  0.25078057E+001  0.53671865E+001  0.73777087E+001
 -0.74804664E+000 -0.57925309E+000 -0.26968662E+000 -0.49838708E-001 -0.62993999E-002 -0.14463294E-002  0.20175187E+000  0.12548156E+001  0.25100748E+001  0.53705791E+001  0.73812582E+001
 -0.74787038E+000 -0.57897185E+000 -0.26950217E+000 -0.49726547E-001 -0.63023174E-002 -0.14538746E-002  0.20212808E+000  0.12561604E+001  0.25118800E+001  0.53733468E+001  0.73841430E+001
 -0.74784834E+000 -0.57887092E+000 -0.26945184E+000 -0.49775835E-001 -0.63060566E-002 -0.14615416E-002  0.20231929E+000  0.12571316E+001  0.25132950E+001  0.53755956E+001  0.73864771E+001
 -0.74794258E+000 -0.57890981E+000 -0.26950372E+000 -0.49940453E-001 -0.63102618E-002 -0.14690374E-002  0.20236718E+000  0.12577947E+001  0.25143808E+001  0.53774124E+001  0.73883526E+001
 -0.74812310E+000 -0.57905630E+000 -0.26963315E+000 -0.50186539E-001 -0.63147257E-002 -0.14762655E-002  0.20230370E+000  0.12582038E+001  0.25151876E+001  0.53788671E+001  0.73898436E+001
 -0.74836616E+000 -0.57928446E+000 -0.26982074E+000 -0.50488904E-001 -0.63193180E-002 -0.14832093E-002  0.20215402E+000  0.12584037E+001  0.25157571E+001  0.53800171E+001  0.73910110E+001
 -0.74865301E+000 -0.57957344E+000 -0.27005123E+000 -0.50873461E-001 -0.63239502E-002 -0.14898742E-002  0.20193814E+000  0.12584317E+001  0.25161244E+001  0.53809097E+001  0.73919117E+001
 -0.74896901E+000 -0.57990647E+000 -0.27031255E+000 -0.51308320E-001 -0.63285553E-002 -0.14962603E-002  0.20167198E+000  0.12583194E+001  0.25163192E+001  0.53815841E+001  0.73925864E+001
 -0.74930276E+000 -0.58027011E+000 -0.27059518E+000 -0.51760334E-001 -0.63330862E-002 -0.15023727E-002  0.20136826E+000  0.12580930E+001  0.25163662E+001  0.53820727E+001  0.73930685E+001
 -0.74964549E+000 -0.58065366E+000 -0.27089158E+000 -0.52219847E-001 -0.63375096E-002 -0.15082197E-002  0.20103710E+000  0.12577741E+001  0.25162865E+001  0.53824021E+001  0.73933857E+001
 -0.74999048E+000 -0.58104857E+000 -0.27119582E+000 -0.52679589E-001 -0.63418010E-002 -0.15138060E-002  0.20068659E+000  0.12573808E+001  0.25160982E+001  0.53825946E+001  0.73935609E+001
 -0.75033267E+000 -0.58144810E+000 -0.27150319E+000 -0.53134125E-001 -0.63459430E-002 -0.15191362E-002  0.20032317E+000  0.12569276E+001  0.25158166E+001  0.53826687E+001  0.73936131E+001
 -0.75066827E+000 -0.58184692E+000 -0.27180999E+000 -0.53579443E-001 -0.63499245E-002 -0.15242163E-002  0.19995195E+000  0.12564268E+001  0.25154547E+001  0.53826393E+001  0.73935581E+001
 -0.75099452E+000 -0.58224089E+000 -0.27211332E+000 -0.54012625E-001 -0.63537387E-002 -0.15290530E-002  0.19957698E+000  0.12558884E+001  0.25150240E+001  0.53825190E+001  0.73934092E+001
 -0.75130945E+000 -0.58262679E+000 -0.27241094E+000 -0.54431560E-001 -0.63573820E-002 -0.15336528E-002  0.19920149E+000  0.12553204E+001  0.25145343E+001  0.53823182E+001  0.73931775E+001
 -0.75161169E+000 -0.58300215E+000 -0.27270109E+000 -0.54834780E-001 -0.63608530E-002 -0.15380226E-002  0.19882802E+000  0.12547297E+001  0.25139945E+001  0.53820451E+001  0.73928724E+001
 -0.75190037E+000 -0.58336514E+000 -0.27298243E+000 -0.55221307E-001 -0.63641528E-002 -0.15421702E-002  0.19845859E+000  0.12541215E+001  0.25134122E+001  0.53817065E+001  0.73925015E+001
 -0.75217499E+000 -0.58371442E+000 -0.27325397E+000 -0.55590536E-001 -0.63672832E-002 -0.15461028E-002  0.19809478E+000  0.12535005E+001  0.25127943E+001  0.53813080E+001  0.73920714E+001
 -0.75243533E+000 -0.58404906E+000 -0.27351497E+000 -0.55942155E-001 -0.63702478E-002 -0.15498284E-002  0.19773784E+000  0.12528702E+001  0.25121469E+001  0.53808538E+001  0.73915873E+001
 -0.75268141E+000 -0.58436844E+000 -0.27376493E+000 -0.56276076E-001 -0.63730504E-002 -0.15533548E-002  0.19738874E+000  0.12522336E+001  0.25114756E+001  0.53803473E+001  0.73910538E+001
 -0.75291340E+000 -0.58467223E+000 -0.27400352E+000 -0.56592372E-001 -0.63756957E-002 -0.15566894E-002  0.19704827E+000  0.12515932E+001  0.25107854E+001  0.53797911E+001  0.73904745E+001
 -0.75313161E+000 -0.58496031E+000 -0.27423056E+000 -0.56891259E-001 -0.63781883E-002 -0.15598396E-002  0.19671700E+000  0.12509511E+001  0.25100809E+001  0.53791871E+001  0.73898526E+001
 -0.75333643E+000 -0.58523273E+000 -0.27444598E+000 -0.57173047E-001 -0.63805334E-002 -0.15628122E-002  0.19639543E+000  0.12503090E+001  0.25093661E+001  0.53785367E+001  0.73891906E+001
 -0.75352833E+000 -0.58548967E+000 -0.27464984E+000 -0.57438134E-001 -0.63827362E-002 -0.15656144E-002  0.19608389E+000  0.12496684E+001  0.25086447E+001  0.53778408E+001  0.73884907E+001
 -0.75370782E+000 -0.58573145E+000 -0.27484227E+000 -0.57686977E-001 -0.63848021E-002 -0.15682529E-002  0.19578269E+000  0.12490305E+001  0.25079198E+001  0.53771001E+001  0.73877546E+001
 -0.75387545E+000 -0.58595845E+000 -0.27502346E+000 -0.57920082E-001 -0.63867367E-002 -0.15707343E-002  0.19549201E+000  0.12483964E+001  0.25071944E+001  0.53763150E+001  0.73869840E+001
 -0.75403177E+000 -0.58617114E+000 -0.27519366E+000 -0.58138000E-001 -0.63885452E-002 -0.15730651E-002  0.19521203E+000  0.12477672E+001  0.25064708E+001  0.53754858E+001  0.73861799E+001
 -0.75417735E+000 -0.58637002E+000 -0.27535321E+000 -0.58341311E-001 -0.63902334E-002 -0.15752516E-002  0.19494283E+000  0.12471438E+001  0.25057511E+001  0.53746129E+001  0.73853437E+001
 -0.75431276E+000 -0.58655566E+000 -0.27550242E+000 -0.58530618E-001 -0.63918064E-002 -0.15772996E-002  0.19468449E+000  0.12465271E+001  0.25050371E+001  0.53736967E+001  0.73844761E+001
 -0.75443856E+000 -0.58672863E+000 -0.27564170E+000 -0.58706546E-001 -0.63932699E-002 -0.15792153E-002  0.19443703E+000  0.12459179E+001  0.25043301E+001  0.53727377E+001  0.73835781E+001
 -0.75455530E+000 -0.58688954E+000 -0.27577145E+000 -0.58869734E-001 -0.63946293E-002 -0.15810046E-002  0.19420042E+000  0.12453171E+001  0.25036313E+001  0.53717370E+001  0.73826506E+001
 -0.75466352E+000 -0.58703898E+000 -0.27589208E+000 -0.59020820E-001 -0.63958899E-002 -0.15826731E-002  0.19397464E+000  0.12447254E+001  0.25029413E+001  0.53706956E+001  0.73816944E+001
 -0.75476372E+000 -0.58717756E+000 -0.27600403E+000 -0.59160450E-001 -0.63970568E-002 -0.15842263E-002  0.19375960E+000  0.12441436E+001  0.25022608E+001  0.53696154E+001  0.73807102E+001
 -0.75485640E+000 -0.58730589E+000 -0.27610775E+000 -0.59289266E-001 -0.63981353E-002 -0.15856696E-002  0.19355519E+000  0.12435726E+001  0.25015903E+001  0.53684984E+001  0.73796991E+001
 -0.75494204E+000 -0.58742456E+000 -0.27620366E+000 -0.59407899E-001 -0.63991304E-002 -0.15870083E-002  0.19336127E+000  0.12430131E+001  0.25009298E+001  0.53673475E+001  0.73786619E+001
 -0.75502108E+000 -0.58753413E+000 -0.27629222E+000 -0.59516972E-001 -0.64000469E-002 -0.15882476E-002  0.19317767E+000  0.12424658E+001  0.25002796E+001  0.53661658E+001  0.73775998E+001
 -0.75509396E+000 -0.58763517E+000 -0.27637386E+000 -0.59617091E-001 -0.64008896E-002 -0.15893928E-002  0.19300419E+000  0.12419315E+001  0.24996398E+001  0.53649574E+001  0.73765140E+001
 -0.75516108E+000 -0.58772822E+000 -0.27644898E+000 -0.59708843E-001 -0.64016632E-002 -0.15904490E-002  0.19284061E+000  0.12414110E+001  0.24990103E+001  0.53637265E+001  0.73754061E+001
 -0.75522281E+000 -0.58781378E+000 -0.27651802E+000 -0.59792793E-001 -0.64023721E-002 -0.15914210E-002  0.19268666E+000  0.12409048E+001  0.24983913E+001  0.53624781E+001  0.73742775E+001
 -0.75527954E+000 -0.58789235E+000 -0.27658135E+000 -0.59869487E-001 -0.64030207E-002 -0.15923140E-002  0.19254208E+000  0.12404136E+001  0.24977829E+001  0.53612176E+001  0.73731302E+001
 -0.75533158E+000 -0.58796440E+000 -0.27663936E+000 -0.59939441E-001 -0.64036131E-002 -0.15931326E-002  0.19240656E+000  0.12399381E+001  0.24971852E+001  0.53599505E+001  0.73719663E+001
 -0.75537928E+000 -0.58803038E+000 -0.27669242E+000 -0.60003151E-001 -0.64041533E-002 -0.15938817E-002  0.19227979E+000  0.12394787E+001  0.24965984E+001  0.53586828E+001  0.73707882E+001
 -0.75542292E+000 -0.58809070E+000 -0.27674087E+000 -0.60061088E-001 -0.64046451E-002 -0.15945659E-002  0.19216142E+000  0.12390360E+001  0.24960230E+001  0.53574202E+001  0.73695987E+001
 -0.75546280E+000 -0.58814577E+000 -0.27678505E+000 -0.60113690E-001 -0.64050921E-002 -0.15951897E-002  0.19205110E+000  0.12386102E+001  0.24954591E+001  0.53561688E+001  0.73684007E+001
 -0.75549919E+000 -0.58819597E+000 -0.27682525E+000 -0.60161381E-001 -0.64054978E-002 -0.15957574E-002  0.19194847E+000  0.12382018E+001  0.24949074E+001  0.53549342E+001  0.73671975E+001
 -0.75553235E+000 -0.58824166E+000 -0.27686180E+000 -0.60204552E-001 -0.64058655E-002 -0.15962734E-002  0.19185316E+000  0.12378110E+001  0.24943682E+001  0.53537217E+001  0.73659929E+001
 -0.75556251E+000 -0.58828317E+000 -0.27689495E+000 -0.60243574E-001 -0.64061982E-002 -0.15967415E-002  0.19176479E+000  0.12374379E+001  0.24938423E+001  0.53525363E+001  0.73647905E+001
 -0.75558990E+000 -0.58832084E+000 -0.27692499E+000 -0.60278795E-001 -0.64064989E-002 -0.15971659E-002  0.19168299E+000  0.12370827E+001  0.24933301E+001  0.53513825E+001  0.73635944E+001
 -0.75561475E+000 -0.58835495E+000 -0.27695216E+000 -0.60310542E-001 -0.64067704E-002 -0.15975500E-002  0.19160738E+000  0.12367452E+001  0.24928324E+001  0.53502642E+001  0.73624086E+001
 -0.75563724E+000 -0.58838581E+000 -0.27697670E+000 -0.60339116E-001 -0.64070153E-002 -0.15978975E-002  0.19153759E+000  0.12364254E+001  0.24923496E+001  0.53491845E+001  0.73612374E+001
 -0.75565759E+000 -0.58841367E+000 -0.27699884E+000 -0.60364805E-001 -0.64072359E-002 -0.15982117E-002  0.19147325E+000  0.12361233E+001  0.24918824E+001  0.53481463E+001  0.73600851E+001
 -0.75567595E+000 -0.58843880E+000 -0.27701877E+000 -0.60387870E-001 -0.64074345E-002 -0.15984956E-002  0.19141402E+000  0.12358384E+001  0.24914313E+001  0.53471516E+001  0.73589559E+001
 -0.75569251E+000 -0.58846142E+000 -0.27703669E+000 -0.60408557E-001 -0.64076133E-002 -0.15987522E-002  0.19135955E+000  0.12355705E+001  0.24909969E+001  0.53462018E+001  0.73578538E+001
 -0.75570742E+000 -0.58848176E+000 -0.27705279E+000 -0.60427090E-001 -0.64077741E-002 -0.15989839E-002  0.19130951E+000  0.12353192E+001  0.24905796E+001  0.53452978E+001  0.73567828E+001
 -0.75572083E+000 -0.58850003E+000 -0.27706723E+000 -0.60443681E-001 -0.64079187E-002 -0.15991933E-002  0.19126359E+000  0.12350842E+001  0.24901797E+001  0.53444401E+001  0.73557464E+001
 -0.75573288E+000 -0.58851643E+000 -0.27708018E+000 -0.60458520E-001 -0.64080488E-002 -0.15993827E-002  0.19122149E+000  0.12348648E+001  0.24897976E+001  0.53436287E+001  0.73547480E+001
 -0.75574369E+000 -0.58853111E+000 -0.27709176E+000 -0.60471780E-001 -0.64081656E-002 -0.15995538E-002  0.19118293E+000  0.12346606E+001  0.24894335E+001  0.53428632E+001  0.73537904E+001
 -0.75575338E+000 -0.58854426E+000 -0.27710213E+000 -0.60483625E-001 -0.64082708E-002 -0.15997087E-002  0.19114763E+000  0.12344709E+001  0.24890874E+001  0.53421429E+001  0.73528761E+001
 -0.75576206E+000 -0.58855602E+000 -0.27711139E+000 -0.60494199E-001 -0.64083653E-002 -0.15998489E-002  0.19111535E+000  0.12342952E+001  0.24887594E+001  0.53414668E+001  0.73520070E+001
 -0.75576983E+000 -0.58856652E+000 -0.27711966E+000 -0.60503635E-001 -0.64084503E-002 -0.15999759E-002  0.19108586E+000  0.12341328E+001  0.24884495E+001  0.53408339E+001  0.73511846E+001
 -0.75577678E+000 -0.58857591E+000 -0.27712704E+000 -0.60512049E-001 -0.64085268E-002 -0.16000909E-002  0.19105893E+000  0.12339831E+001  0.24881575E+001  0.53402428E+001  0.73504099E+001
 -0.75578298E+000 -0.58858428E+000 -0.27713362E+000 -0.60519554E-001 -0.64085956E-002 -0.16001951E-002  0.19103437E+000  0.12338455E+001  0.24878831E+001  0.53396920E+001  0.73496833E+001
 -0.75578852E+000 -0.58859174E+000 -0.27713949E+000 -0.60526241E-001 -0.64086575E-002 -0.16002896E-002  0.19101198E+000  0.12337191E+001  0.24876261E+001  0.53391802E+001  0.73490048E+001
 -0.75579347E+000 -0.58859839E+000 -0.27714471E+000 -0.60532201E-001 -0.64087131E-002 -0.16003751E-002  0.19099159E+000  0.12336035E+001  0.24873862E+001  0.53387056E+001  0.73483741E+001
 -0.75579788E+000 -0.58860432E+000 -0.27714937E+000 -0.60537509E-001 -0.64087632E-002 -0.16004527E-002  0.19097304E+000  0.12334979E+001  0.24871627E+001  0.53382667E+001  0.73477902E+001
 -0.75580181E+000 -0.58860959E+000 -0.27715350E+000 -0.60542234E-001 -0.64088082E-002 -0.16005228E-002  0.19095618E+000  0.12334016E+001  0.24869553E+001  0.53378619E+001  0.73472520E+001
 -0.75580530E+000 -0.58861427E+000 -0.27715718E+000 -0.60546440E-001 -0.64088487E-002 -0.16005864E-002  0.19094086E+000  0.12333141E+001  0.24867634E+001  0.53374895E+001  0.73467580E+001
 -0.75580841E+000 -0.58861844E+000 -0.27716045E+000 -0.60550179E-001 -0.64088850E-002 -0.16006438E-002  0.19092697E+000  0.12332348E+001  0.24865864E+001  0.53371479E+001  0.73463065E+001
 -0.75581118E+000 -0.58862213E+000 -0.27716336E+000 -0.60553503E-001 -0.64089175E-002 -0.16006956E-002  0.19091438E+000  0.12331630E+001  0.24864236E+001  0.53368354E+001  0.73458955E+001
 -0.75581363E+000 -0.58862541E+000 -0.27716593E+000 -0.60556453E-001 -0.64089467E-002 -0.16007423E-002  0.19090299E+000  0.12330981E+001  0.24862744E+001  0.53365505E+001  0.73455229E+001
 -0.75581580E+000 -0.58862831E+000 -0.27716821E+000 -0.60559069E-001 -0.64089728E-002 -0.16007844E-002  0.19089270E+000  0.12330397E+001  0.24861380E+001  0.53362914E+001  0.73451866E+001
 -0.75581773E+000 -0.58863087E+000 -0.27717022E+000 -0.60561386E-001 -0.64089961E-002 -0.16008222E-002  0.19088341E+000  0.12329873E+001  0.24860139E+001  0.53360567E+001  0.73448842E+001
 -0.75581943E+000 -0.58863313E+000 -0.27717200E+000 -0.60563433E-001 -0.64090169E-002 -0.16008561E-002  0.19087505E+000  0.12329403E+001  0.24859013E+001  0.53358448E+001  0.73446134E+001
 -0.75582092E+000 -0.58863513E+000 -0.27717357E+000 -0.60565239E-001 -0.64090353E-002 -0.16008864E-002  0.19086753E+000  0.12328983E+001  0.24857995E+001  0.53356542E+001  0.73443721E+001
 -0.75582224E+000 -0.58863688E+000 -0.27717495E+000 -0.60566828E-001 -0.64090517E-002 -0.16009134E-002  0.19086079E+000  0.12328609E+001  0.24857078E+001  0.53354834E+001  0.73441578E+001
 -0.75582339E+000 -0.58863841E+000 -0.27717615E+000 -0.60568222E-001 -0.64090661E-002 -0.16009373E-002  0.19085476E+000  0.12328276E+001  0.24856255E+001  0.53353311E+001  0.73439685E+001
 -0.75582440E+000 -0.58863975E+000 -0.27717721E+000 -0.60569442E-001 -0.64090789E-002 -0.16009586E-002  0.19084937E+000  0.12327982E+001  0.24855519E+001  0.53351957E+001  0.73438020E+001
 -0.75582528E+000 -0.58864092E+000 -0.27717812E+000 -0.60570504E-001 -0.64090900E-002 -0.16009773E-002  0.19084457E+000  0.12327722E+001  0.24854864E+001  0.53350760E+001  0.73436562E+001
 -0.75582604E+000 -0.58864193E+000 -0.27717892E+000 -0.60571425E-001 -0.64090998E-002 -0.16009938E-002  0.19084031E+000  0.12327493E+001  0.24854283E+001  0.53349706E+001  0.73435292E+001
 -0.75582670E+000 -0.58864280E+000 -0.27717960E+000 -0.60572220E-001 -0.64091082E-002 -0.16010082E-002  0.19083655E+000  0.12327293E+001  0.24853771E+001  0.53348785E+001  0.73434192E+001
 -0.75582726E+000 -0.58864354E+000 -0.27718019E+000 -0.60572902E-001 -0.64091155E-002 -0.16010207E-002  0.19083323E+000  0.12327118E+001  0.24853321E+001  0.53347982E+001  0.73433244E+001
 -0.75582774E+000 -0.58864418E+000 -0.27718069E+000 -0.60573482E-001 -0.64091218E-002 -0.16010315E-002  0.19083032E+000  0.12326966E+001  0.24852927E+001  0.53347289E+001  0.73432433E+001
 -0.75582815E+000 -0.58864472E+000 -0.27718111E+000 -0.60573971E-001 -0.64091270E-002 -0.16010407E-002  0.19082778E+000  0.12326835E+001  0.24852585E+001  0.53346693E+001  0.73431743E+001
 -0.75582849E+000 -0.58864517E+000 -0.27718146E+000 -0.60574380E-001 -0.64091315E-002 -0.16010485E-002  0.19082557E+000  0.12326722E+001  0.24852290E+001  0.53346185E+001  0.73431161E+001
 -0.75582877E+000 -0.58864554E+000 -0.27718175E+000 -0.60574718E-001 -0.64091352E-002 -0.16010551E-002  0.19082366E+000  0.12326626E+001  0.24852036E+001  0.53345756E+001  0.73430673E+001
 -0.75582900E+000 -0.58864585E+000 -0.27718199E+000 -0.60574993E-001 -0.64091382E-002 -0.16010606E-002  0.19082203E+000  0.12326544E+001  0.24851820E+001  0.53345397E+001  0.73430269E+001
 -0.75582919E+000 -0.58864609E+000 -0.27718218E+000 -0.60575211E-001 -0.64091406E-002 -0.16010650E-002  0.19082064E+000  0.12326475E+001  0.24851637E+001  0.53345099E+001  0.73429938E+001
 -0.75582934E+000 -0.58864629E+000 -0.27718233E+000 -0.60575382E-001 -0.64091424E-002 -0.16010685E-002  0.19081946E+000  0.12326418E+001  0.24851484E+001  0.53344856E+001  0.73429669E+001
 -0.75582946E+000 -0.58864644E+000 -0.27718244E+000 -0.60575510E-001 -0.64091438E-002 -0.16010713E-002  0.19081848E+000  0.12326371E+001  0.24851357E+001  0.53344661E+001  0.73429455E+001
 -0.75582955E+000 -0.58864656E+000 -0.27718253E+000 -0.60575601E-001 -0.64091448E-002 -0.16010733E-002  0.19081768E+000  0.12326332E+001  0.24851253E+001  0.53344506E+001  0.73429287E+001
 -0.75582962E+000 -0.58864664E+000 -0.27718258E+000 -0.60575661E-001 -0.64091455E-002 -0.16010747E-002  0.19081702E+000  0.12326302E+001  0.24851168E+001  0.53344388E+001  0.73429159E+001
 -0.75582967E+000 -0.58864669E+000 -0.27718262E+000 -0.60575694E-001 -0.64091458E-002 -0.16010756E-002  0.19081650E+000  0.12326278E+001  0.24851102E+001  0.53344299E+001  0.73429065E+001
 -0.75582970E+000 -0.58864673E+000 -0.27718264E+000 -0.60575705E-001 -0.64091458E-002 -0.16010760E-002  0.19081610E+000  0.12326260E+001  0.24851050E+001  0.53344237E+001  0.73428998E+001
 -0.75582972E+000 -0.58864674E+000 -0.27718264E+000 -0.60575698E-001 -0.64091457E-002 -0.16010760E-002  0.19081580E+000  0.12326246E+001  0.24851011E+001  0.53344196E+001  0.73428955E+001
 -0.75582973E+000 -0.58864675E+000 -0.27718263E+000 -0.60575675E-001 -0.64091453E-002 -0.16010756E-002  0.19081559E+000  0.12326237E+001  0.24850982E+001  0.53344173E+001  0.73428931E+001
 -0.75582973E+000 -0.58864674E+000 -0.27718261E+000 -0.60575641E-001 -0.64091448E-002 -0.16010749E-002  0.19081546E+000  0.12326232E+001  0.24850963E+001  0.53344165E+001  0.73428922E+001
 -0.75582973E+000 -0.58864673E+000 -0.27718259E+000 -0.60575597E-001 -0.64091442E-002 -0.16010740E-002  0.19081540E+000  0.12326229E+001  0.24850952E+001  0.53344169E+001  0.73428926E+001
 -0.75582972E+000 -0.58864671E+000 -0.27718256E+000 -0.60575548E-001 -0.64091434E-002 -0.16010729E-002  0.19081539E+000  0.12326229E+001  0.24850947E+001  0.53344182E+001  0.73428940E+001
 -0.75582971E+000 -0.58864668E+000 -0.27718253E+000 -0.60575494E-001 -0.64091426E-002 -0.16010716E-002  0.19081542E+000  0.12326231E+001  0.24850947E+001  0.53344203E+001  0.73428961E+001
 -0.75582971E+000 -0.58864666E+000 -0.27718249E+000 -0.60575437E-001 -0.64091418E-002 -0.16010702E-002  0.19081550E+000  0.12326234E+001  0.24850952E+001  0.53344230E+001  0.73428987E+001
 -0.75582970E+000 -0.58864664E+000 -0.27718246E+000 -0.60575381E-001 -0.64091409E-002 -0.16010687E-002  0.19081561E+000  0.12326239E+001  0.24850959E+001  0.53344260E+001  0.73429017E+001
 -0.75582970E+000 -0.58864662E+000 -0.27718243E+000 -0.60575325E-001 -0.64091399E-002 -0.16010671E-002  0.19081574E+000  0.12326245E+001  0.24850969E+001  0.53344294E+001  0.73429050E+001
 -0.75582970E+000 -0.58864661E+000 -0.27718240E+000 -0.60575271E-001 -0.64091390E-002 -0.16010655E-002  0.19081590E+000  0.12326251E+001  0.24850981E+001  0.53344329E+001  0.73429084E+001
 -0.75582970E+000 -0.58864660E+000 -0.27718238E+000 -0.60575220E-001 -0.64091381E-002 -0.16010638E-002  0.19081607E+000  0.12326258E+001  0.24850995E+001  0.53344365E+001  0.73429119E+001
 -0.75582971E+000 -0.58864660E+000 -0.27718236E+000 -0.60575174E-001 -0.64091373E-002 -0.16010622E-002  0.19081626E+000  0.12326265E+001  0.24851009E+001  0.53344401E+001  0.73429154E+001
 -0.75582972E+000 -0.58864660E+000 -0.27718234E+000 -0.60575132E-001 -0.64091364E-002 -0.16010606E-002  0.19081645E+000  0.12326273E+001  0.24851024E+001  0.53344438E+001  0.73429189E+001
 -0.75582974E+000 -0.58864661E+000 -0.27718233E+000 -0.60575095E-001 -0.64091356E-002 -0.16010591E-002  0.19081666E+000  0.12326281E+001  0.24851039E+001  0.53344473E+001  0.73429222E+001
 -0.75582977E+000 -0.58864662E+000 -0.27718233E+000 -0.60575064E-001 -0.64091349E-002 -0.16010576E-002  0.19081686E+000  0.12326289E+001  0.24851054E+001  0.53344507E+001  0.73429254E+001
 -0.75582979E+000 -0.58864664E+000 -0.27718233E+000 -0.60575039E-001 -0.64091342E-002 -0.16010562E-002  0.19081707E+000  0.12326297E+001  0.24851069E+001  0.53344540E+001  0.73429285E+001
 -0.75582983E+000 -0.58864667E+000 -0.27718233E+000 -0.60575020E-001 -0.64091335E-002 -0.16010548E-002  0.19081728E+000  0.12326304E+001  0.24851084E+001  0.53344572E+001  0.73429314E+001
 -0.75582987E+000 -0.58864671E+000 -0.27718234E+000 -0.60575007E-001 -0.64091329E-002 -0.16010536E-002  0.19081750E+000  0.12326312E+001  0.24851098E+001  0.53344602E+001  0.73429341E+001
 -0.75582991E+000 -0.58864675E+000 -0.27718236E+000 -0.60575000E-001 -0.64091324E-002 -0.16010524E-002  0.19081771E+000  0.12326319E+001  0.24851112E+001  0.53344630E+001  0.73429367E+001
 -0.75582996E+000 -0.58864680E+000 -0.27718238E+000 -0.60574998E-001 -0.64091320E-002 -0.16010513E-002  0.19081792E+000  0.12326327E+001  0.24851126E+001  0.53344657E+001  0.73429392E+001
 -0.75583001E+000 -0.58864685E+000 -0.27718240E+000 -0.60575001E-001 -0.64091316E-002 -0.16010504E-002  0.19081813E+000  0.12326334E+001  0.24851139E+001  0.53344683E+001  0.73429415E+001
 -0.75583006E+000 -0.58864691E+000 -0.27718243E+000 -0.60575010E-001 -0.64091312E-002 -0.16010495E-002  0.19081834E+000  0.12326341E+001  0.24851151E+001  0.53344708E+001  0.73429437E+001
 -0.75583012E+000 -0.58864697E+000 -0.27718246E+000 -0.60575022E-001 -0.64091309E-002 -0.16010487E-002  0.19081856E+000  0.12326348E+001  0.24851163E+001  0.53344731E+001  0.73429457E+001
 -0.75583018E+000 -0.58864704E+000 -0.27718250E+000 -0.60575038E-001 -0.64091307E-002 -0.16010480E-002  0.19081877E+000  0.12326355E+001  0.24851175E+001  0.53344753E+001  0.73429477E+001
 -0.75583024E+000 -0.58864711E+000 -0.27718253E+000 -0.60575057E-001 -0.64091305E-002 -0.16010474E-002  0.19081899E+000  0.12326362E+001  0.24851187E+001  0.53344775E+001  0.73429496E+001
 -0.75583031E+000 -0.58864718E+000 -0.27718257E+000 -0.60575079E-001 -0.64091303E-002 -0.16010469E-002  0.19081921E+000  0.12326369E+001  0.24851198E+001  0.53344796E+001  0.73429514E+001
 -0.75583037E+000 -0.58864725E+000 -0.27718261E+000 -0.60575102E-001 -0.64091302E-002 -0.16010465E-002  0.19081943E+000  0.12326375E+001  0.24851209E+001  0.53344816E+001  0.73429532E+001
 -0.75583044E+000 -0.58864732E+000 -0.27718266E+000 -0.60575125E-001 -0.64091301E-002 -0.16010461E-002  0.19081966E+000  0.12326382E+001  0.24851219E+001  0.53344836E+001  0.73429550E+001
 -0.75583050E+000 -0.58864739E+000 -0.27718270E+000 -0.60575149E-001 -0.64091300E-002 -0.16010458E-002  0.19081989E+000  0.12326389E+001  0.24851230E+001  0.53344856E+001  0.73429568E+001
 -0.75583056E+000 -0.58864746E+000 -0.27718274E+000 -0.60575171E-001 -0.64091300E-002 -0.16010455E-002  0.19082014E+000  0.12326396E+001  0.24851241E+001  0.53344876E+001  0.73429585E+001
 -0.75583062E+000 -0.58864752E+000 -0.27718277E+000 -0.60575192E-001 -0.64091299E-002 -0.16010453E-002  0.19082039E+000  0.12326404E+001  0.24851252E+001  0.53344896E+001  0.73429604E+001
 -0.75583067E+000 -0.58864758E+000 -0.27718281E+000 -0.60575209E-001 -0.64091299E-002 -0.16010451E-002  0.19082065E+000  0.12326411E+001  0.24851263E+001  0.53344916E+001  0.73429622E+001
 -0.75583072E+000 -0.58864764E+000 -0.27718284E+000 -0.60575223E-001 -0.64091298E-002 -0.16010449E-002  0.19082092E+000  0.12326419E+001  0.24851274E+001  0.53344937E+001  0.73429642E+001
 -0.75583077E+000 -0.58864769E+000 -0.27718287E+000 -0.60575233E-001 -0.64091297E-002 -0.16010447E-002  0.19082120E+000  0.12326427E+001  0.24851286E+001  0.53344958E+001  0.73429662E+001
 -0.75583081E+000 -0.58864773E+000 -0.27718289E+000 -0.60575238E-001 -0.64091296E-002 -0.16010445E-002  0.19082150E+000  0.12326436E+001  0.24851298E+001  0.53344980E+001  0.73429683E+001
 -0.75583084E+000 -0.58864777E+000 -0.27718291E+000 -0.60575236E-001 -0.64091294E-002 -0.16010442E-002  0.19082181E+000  0.12326445E+001  0.24851310E+001  0.53345003E+001  0.73429705E+001
 -0.75583086E+000 -0.58864779E+000 -0.27718292E+000 -0.60575228E-001 -0.64091292E-002 -0.16010440E-002  0.19082214E+000  0.12326454E+001  0.24851323E+001  0.53345027E+001  0.73429729E+001
 -0.75583088E+000 -0.58864781E+000 -0.27718292E+000 -0.60575213E-001 -0.64091289E-002 -0.16010437E-002  0.19082248E+000  0.12326464E+001  0.24851336E+001  0.53345052E+001  0.73429753E+001
 -0.75583089E+000 -0.58864782E+000 -0.27718292E+000 -0.60575190E-001 -0.64091286E-002 -0.16010433E-002  0.19082283E+000  0.12326474E+001  0.24851350E+001  0.53345078E+001  0.73429779E+001
 -0.75583089E+000 -0.58864781E+000 -0.27718291E+000 -0.60575158E-001 -0.64091283E-002 -0.16010430E-002  0.19082320E+000  0.12326484E+001  0.24851364E+001  0.53345104E+001  0.73429806E+001
 -0.75583088E+000 -0.58864780E+000 -0.27718290E+000 -0.60575119E-001 -0.64091279E-002 -0.16010425E-002  0.19082359E+000  0.12326495E+001  0.24851379E+001  0.53345132E+001  0.73429834E+001
 -0.75583086E+000 -0.58864777E+000 -0.27718287E+000 -0.60575070E-001 -0.64091274E-002 -0.16010420E-002  0.19082399E+000  0.12326507E+001  0.24851394E+001  0.53345161E+001  0.73429864E+001
 -0.75583083E+000 -0.58864773E+000 -0.27718284E+000 -0.60575013E-001 -0.64091268E-002 -0.16010414E-002  0.19082440E+000  0.12326519E+001  0.24851410E+001  0.53345191E+001  0.73429894E+001
 -0.75583079E+000 -0.58864768E+000 -0.27718280E+000 -0.60574948E-001 -0.64091262E-002 -0.16010408E-002  0.19082483E+000  0.12326531E+001  0.24851427E+001  0.53345222E+001  0.73429926E+001
 -0.75583074E+000 -0.58864762E+000 -0.27718275E+000 -0.60574873E-001 -0.64091255E-002 -0.16010401E-002  0.19082527E+000  0.12326544E+001  0.24851443E+001  0.53345253E+001  0.73429959E+001
 -0.75583068E+000 -0.58864754E+000 -0.27718269E+000 -0.60574791E-001 -0.64091248E-002 -0.16010393E-002  0.19082572E+000  0.12326557E+001  0.24851461E+001  0.53345286E+001  0.73429993E+001
 -0.75583061E+000 -0.58864746E+000 -0.27718262E+000 -0.60574700E-001 -0.64091240E-002 -0.16010384E-002  0.19082618E+000  0.12326570E+001  0.24851478E+001  0.53345319E+001  0.73430028E+001
 -0.75583053E+000 -0.58864736E+000 -0.27718255E+000 -0.60574602E-001 -0.64091231E-002 -0.16010375E-002  0.19082665E+000  0.12326584E+001  0.24851496E+001  0.53345352E+001  0.73430063E+001
 -0.75583044E+000 -0.58864725E+000 -0.27718247E+000 -0.60574497E-001 -0.64091222E-002 -0.16010366E-002  0.19082712E+000  0.12326598E+001  0.24851514E+001  0.53345386E+001  0.73430099E+001
 -0.75583034E+000 -0.58864713E+000 -0.27718238E+000 -0.60574386E-001 -0.64091213E-002 -0.16010355E-002  0.19082760E+000  0.12326612E+001  0.24851532E+001  0.53345420E+001  0.73430135E+001
 -0.75583023E+000 -0.58864700E+000 -0.27718229E+000 -0.60574269E-001 -0.64091203E-002 -0.16010345E-002  0.19082808E+000  0.12326626E+001  0.24851551E+001  0.53345454E+001  0.73430171E+001
 -0.75583012E+000 -0.58864686E+000 -0.27718219E+000 -0.60574148E-001 -0.64091193E-002 -0.16010334E-002  0.19082856E+000  0.12326640E+001  0.24851569E+001  0.53345488E+001  0.73430207E+001
 -0.75583000E+000 -0.58864671E+000 -0.27718209E+000 -0.60574024E-001 -0.64091182E-002 -0.16010323E-002  0.19082904E+000  0.12326655E+001  0.24851587E+001  0.53345521E+001  0.73430242E+001
 -0.75582987E+000 -0.58864656E+000 -0.27718198E+000 -0.60573897E-001 -0.64091172E-002 -0.16010312E-002  0.19082952E+000  0.12326669E+001  0.24851605E+001  0.53345554E+001  0.73430277E+001
 -0.75582974E+000 -0.58864640E+000 -0.27718187E+000 -0.60573768E-001 -0.64091161E-002 -0.16010301E-002  0.19082999E+000  0.12326683E+001  0.24851622E+001  0.53345586E+001  0.73430311E+001
 -0.75582960E+000 -0.58864624E+000 -0.27718176E+000 -0.60573639E-001 -0.64091151E-002 -0.16010290E-002  0.19083045E+000  0.12326697E+001  0.24851639E+001  0.53345617E+001  0.73430344E+001
 -0.75582946E+000 -0.58864607E+000 -0.27718165E+000 -0.60573511E-001 -0.64091141E-002 -0.16010280E-002  0.19083089E+000  0.12326710E+001  0.24851655E+001  0.53345646E+001  0.73430376E+001
 -0.75582932E+000 -0.58864590E+000 -0.27718153E+000 -0.60573385E-001 -0.64091131E-002 -0.16010270E-002  0.19083132E+000  0.12326723E+001  0.24851671E+001  0.53345675E+001  0.73430406E+001
 -0.75582917E+000 -0.58864573E+000 -0.27718142E+000 -0.60573262E-001 -0.64091121E-002 -0.16010260E-002  0.19083174E+000  0.12326736E+001  0.24851686E+001  0.53345701E+001  0.73430434E+001
 -0.75582902E+000 -0.58864556E+000 -0.27718131E+000 -0.60573143E-001 -0.64091112E-002 -0.16010251E-002  0.19083214E+000  0.12326748E+001  0.24851700E+001  0.53345726E+001  0.73430461E+001
 -0.75582888E+000 -0.58864539E+000 -0.27718120E+000 -0.60573029E-001 -0.64091104E-002 -0.16010243E-002  0.19083251E+000  0.12326760E+001  0.24851713E+001  0.53345749E+001  0.73430485E+001
 -0.75582874E+000 -0.58864523E+000 -0.27718109E+000 -0.60572922E-001 -0.64091096E-002 -0.16010235E-002  0.19083287E+000  0.12326771E+001  0.24851725E+001  0.53345770E+001  0.73430507E+001
 -0.75582860E+000 -0.58864507E+000 -0.27718099E+000 -0.60572821E-001 -0.64091088E-002 -0.16010229E-002  0.19083319E+000  0.12326781E+001  0.24851736E+001  0.53345788E+001  0.73430527E+001
 -0.75582846E+000 -0.58864491E+000 -0.27718090E+000 -0.60572730E-001 -0.64091082E-002 -0.16010224E-002  0.19083350E+000  0.12326790E+001  0.24851746E+001  0.53345805E+001  0.73430543E+001
 -0.75582833E+000 -0.58864476E+000 -0.27718081E+000 -0.60572647E-001 -0.64091077E-002 -0.16010220E-002  0.19083377E+000  0.12326799E+001  0.24851754E+001  0.53345818E+001  0.73430557E+001
 -0.75582821E+000 -0.58864462E+000 -0.27718072E+000 -0.60572574E-001 -0.64091072E-002 -0.16010217E-002  0.19083402E+000  0.12326807E+001  0.24851761E+001  0.53345829E+001  0.73430569E+001
 -0.75582809E+000 -0.58864449E+000 -0.27718065E+000 -0.60572512E-001 -0.64091069E-002 -0.16010216E-002  0.19083423E+000  0.12326814E+001  0.24851767E+001  0.53345838E+001  0.73430577E+001
 -0.75582797E+000 -0.58864437E+000 -0.27718058E+000 -0.60572460E-001 -0.64091067E-002 -0.16010216E-002  0.19083442E+000  0.12326820E+001  0.24851771E+001  0.53345843E+001  0.73430582E+001
 -0.75582787E+000 -0.58864426E+000 -0.27718052E+000 -0.60572421E-001 -0.64091066E-002 -0.16010218E-002  0.19083457E+000  0.12326825E+001  0.24851774E+001  0.53345846E+001  0.73430585E+001
 -0.75582778E+000 -0.58864416E+000 -0.27718047E+000 -0.60572394E-001 -0.64091066E-002 -0.16010221E-002  0.19083470E+000  0.12326829E+001  0.24851776E+001  0.53345847E+001  0.73430584E+001
 -0.75582769E+000 -0.58864407E+000 -0.27718043E+000 -0.60572379E-001 -0.64091067E-002 -0.16010225E-002  0.19083479E+000  0.12326832E+001  0.24851776E+001  0.53345844E+001  0.73430580E+001
 -0.75582762E+000 -0.58864399E+000 -0.27718040E+000 -0.60572377E-001 -0.64091069E-002 -0.16010232E-002  0.19083485E+000  0.12326834E+001  0.24851775E+001  0.53345839E+001  0.73430573E+001
 -0.75582755E+000 -0.58864393E+000 -0.27718038E+000 -0.60572388E-001 -0.64091073E-002 -0.16010239E-002  0.19083488E+000  0.12326835E+001  0.24851773E+001  0.53345832E+001  0.73430564E+001
 -0.75582750E+000 -0.58864388E+000 -0.27718037E+000 -0.60572412E-001 -0.64091077E-002 -0.16010249E-002  0.19083488E+000  0.12326835E+001  0.24851769E+001  0.53345821E+001  0.73430551E+001
 -0.75582745E+000 -0.58864385E+000 -0.27718037E+000 -0.60572448E-001 -0.64091083E-002 -0.16010260E-002  0.19083484E+000  0.12326834E+001  0.24851763E+001  0.53345808E+001  0.73430536E+001
 -0.75582742E+000 -0.58864382E+000 -0.27718037E+000 -0.60572497E-001 -0.64091091E-002 -0.16010272E-002  0.19083478E+000  0.12326833E+001  0.24851757E+001  0.53345793E+001  0.73430518E+001
 -0.75582740E+000 -0.58864382E+000 -0.27718039E+000 -0.60572559E-001 -0.64091099E-002 -0.16010286E-002  0.19083469E+000  0.12326830E+001  0.24851749E+001  0.53345776E+001  0.73430498E+001
 -0.75582739E+000 -0.58864382E+000 -0.27718042E+000 -0.60572632E-001 -0.64091108E-002 -0.16010301E-002  0.19083458E+000  0.12326827E+001  0.24851741E+001  0.53345756E+001  0.73430475E+001
 -0.75582739E+000 -0.58864384E+000 -0.27718046E+000 -0.60572717E-001 -0.64091118E-002 -0.16010318E-002  0.19083444E+000  0.12326822E+001  0.24851731E+001  0.53345735E+001  0.73430450E+001
 -0.75582741E+000 -0.58864388E+000 -0.27718051E+000 -0.60572813E-001 -0.64091130E-002 -0.16010335E-002  0.19083427E+000  0.12326817E+001  0.24851720E+001  0.53345711E+001  0.73430422E+001
 -0.75582743E+000 -0.58864392E+000 -0.27718057E+000 -0.60572919E-001 -0.64091142E-002 -0.16010355E-002  0.19083408E+000  0.12326811E+001  0.24851708E+001  0.53345686E+001  0.73430393E+001
 -0.75582746E+000 -0.58864398E+000 -0.27718064E+000 -0.60573035E-001 -0.64091155E-002 -0.16010375E-002  0.19083387E+000  0.12326804E+001  0.24851695E+001  0.53345659E+001  0.73430361E+001
 -0.75582751E+000 -0.58864405E+000 -0.27718071E+000 -0.60573161E-001 -0.64091169E-002 -0.16010396E-002  0.19083365E+000  0.12326797E+001  0.24851682E+001  0.53345630E+001  0.73430328E+001
 -0.75582756E+000 -0.58864414E+000 -0.27718080E+000 -0.60573295E-001 -0.64091184E-002 -0.16010418E-002  0.19083340E+000  0.12326789E+001  0.24851667E+001  0.53345600E+001  0.73430293E+001
 -0.75582763E+000 -0.58864423E+000 -0.27718089E+000 -0.60573436E-001 -0.64091199E-002 -0.16010441E-002  0.19083314E+000  0.12326780E+001  0.24851652E+001  0.53345568E+001  0.73430256E+001
 -0.75582770E+000 -0.58864434E+000 -0.27718098E+000 -0.60573586E-001 -0.64091215E-002 -0.16010464E-002  0.19083286E+000  0.12326771E+001  0.24851637E+001  0.53345535E+001  0.73430217E+001
 -0.75582779E+000 -0.58864445E+000 -0.27718109E+000 -0.60573741E-001 -0.64091231E-002 -0.16010489E-002  0.19083257E+000  0.12326761E+001  0.24851620E+001  0.53345500E+001  0.73430175E+001
 -0.75582788E+000 -0.58864458E+000 -0.27718120E+000 -0.60573904E-001 -0.64091248E-002 -0.16010514E-002  0.19083227E+000  0.12326751E+001  0.24851603E+001  0.53345463E+001  0.73430132E+001
 -0.75582798E+000 -0.58864472E+000 -0.27718132E+000 -0.60574072E-001 -0.64091266E-002 -0.16010539E-002  0.19083195E+000  0.12326739E+001  0.24851585E+001  0.53345424E+001  0.73430085E+001
 -0.75582809E+000 -0.58864487E+000 -0.27718144E+000 -0.60574246E-001 -0.64091284E-002 -0.16010565E-002  0.19083162E+000  0.12326727E+001  0.24851566E+001  0.53345382E+001  0.73430036E+001
 -0.75582821E+000 -0.58864503E+000 -0.27718158E+000 -0.60574427E-001 -0.64091302E-002 -0.16010592E-002  0.19083128E+000  0.12326714E+001  0.24851545E+001  0.53345337E+001  0.73429982E+001
 -0.75582834E+000 -0.58864520E+000 -0.27718172E+000 -0.60574617E-001 -0.64091321E-002 -0.16010619E-002  0.19083091E+000  0.12326699E+001  0.24851522E+001  0.53345288E+001  0.73429924E+001
 -0.75582849E+000 -0.58864539E+000 -0.27718187E+000 -0.60574818E-001 -0.64091341E-002 -0.16010648E-002  0.19083052E+000  0.12326683E+001  0.24851498E+001  0.53345234E+001  0.73429860E+001
 -0.75582866E+000 -0.58864561E+000 -0.27718204E+000 -0.60575039E-001 -0.64091363E-002 -0.16010679E-002  0.19083008E+000  0.12326664E+001  0.24851469E+001  0.53345174E+001  0.73429789E+001
 -0.75582887E+000 -0.58864587E+000 -0.27718224E+000 -0.60575291E-001 -0.64091387E-002 -0.16010713E-002  0.19082958E+000  0.12326642E+001  0.24851437E+001  0.53345107E+001  0.73429710E+001
 -0.75582913E+000 -0.58864620E+000 -0.27718249E+000 -0.60575599E-001 -0.64091416E-002 -0.16010753E-002  0.19082896E+000  0.12326614E+001  0.24851399E+001  0.53345031E+001  0.73429623E+001
 -0.75582949E+000 -0.58864665E+000 -0.27718282E+000 -0.60576002E-001 -0.64091453E-002 -0.16010804E-002  0.19082817E+000  0.12326581E+001  0.24851354E+001  0.53344944E+001  0.73429524E+001
 -0.75583004E+000 -0.58864733E+000 -0.27718333E+000 -0.60576616E-001 -0.64091508E-002 -0.16010879E-002  0.19082703E+000  0.12326538E+001  0.24851300E+001  0.53344843E+001  0.73429413E+001
 -0.75583090E+000 -0.58864837E+000 -0.27718409E+000 -0.60577544E-001 -0.64091594E-002 -0.16010995E-002  0.19082548E+000  0.12326485E+001  0.24851236E+001  0.53344731E+001  0.73429291E+001
 -0.75583231E+000 -0.58865015E+000 -0.27718548E+000 -0.60579441E-001 -0.64091784E-002 -0.16011250E-002  0.19082292E+000  0.12326419E+001  0.24851158E+001  0.53344601E+001  0.73429152E+001
 -0.75583406E+000 -0.58865218E+000 -0.27718688E+000 -0.60580995E-001 -0.64091920E-002 -0.16011432E-002  0.19082077E+000  0.12326367E+001  0.24851093E+001  0.53344499E+001  0.73429046E+001
