  0.00000000E+000  0.00000000E+000  0.00000000E+000  0.00000000E+000  0.00000000E+000  0.00000000E+000  0.79133648E+000  0.16080637E+002  0.77890804E+002  0.25800233E+003  0.26964098E+003
  0.00000000E+000  0.00000000E+000  0.00000000E+000  0.00000000E+000  0.00000000E+000  0.00000000E+000  0.79137363E+000  0.16081034E+002  0.77891574E+002  0.25800235E+003  0.26964104E+003
  0.00000000E+000  0.00000000E+000  0.00000000E+000  0.00000000E+000  0.00000000E+000  0.00000000E+000  0.79141258E+000  0.16081436E+002  0.77892341E+002  0.25800238E+003  0.26964110E+003
  0.00000000E+000  0.00000000E+000  0.00000000E+000  0.00000000E+000  0.00000000E+000  0.00000000E+000  0.79145258E+000  0.16081817E+002  0.77893043E+002  0.25800240E+003  0.26964115E+003
  0.00000000E+000  0.00000000E+000  0.00000000E+000  0.00000000E+000  0.00000000E+000  0.00000000E+000  0.79149112E+000  0.16082168E+002  0.77893665E+002  0.25800242E+003  0.26964119E+003
  0.00000000E+000  0.00000000E+000  0.00000000E+000  0.00000000E+000  0.00000000E+000  0.00000000E+000  0.79152665E+000  0.16082487E+002  0.77894210E+002  0.25800244E+003  0.26964123E+003
  0.00000000E+000  0.00000000E+000  0.00000000E+000  0.00000000E+000  0.00000000E+000  0.00000000E+000  0.79155848E+000  0.16082776E+002  0.77894688E+002  0.25800246E+003  0.26964127E+003
  0.00000000E+000  0.00000000E+000  0.00000000E+000  0.00000000E+000  0.00000000E+000  0.00000000E+000  0.79158645E+000  0.16083038E+002  0.77895106E+002  0.25800248E+003  0.26964130E+003
  0.00000000E+000  0.00000000E+000  0.00000000E+000  0.00000000E+000  0.00000000E+000  0.00000000E+000  0.79161070E+000  0.16083275E+002  0.77895474E+002  0.25800249E+003  0.26964132E+003
  0.00000000E+000  0.00000000E+000  0.00000000E+000  0.00000000E+000  0.00000000E+000  0.00000000E+000  0.79163161E+000  0.16083489E+002  0.77895798E+002  0.25800250E+003  0.26964135E+003
  0.00000000E+000  0.00000000E+000  0.00000000E+000  0.00000000E+000  0.00000000E+000  0.00000000E+000  0.79164960E+000  0.16083685E+002  0.77896084E+002  0.25800251E+003  0.26964136E+003
  0.00000000E+000  0.00000000E+000  0.00000000E+000  0.00000000E+000  0.00000000E+000  0.00000000E+000  0.79166507E+000  0.16083863E+002  0.77896339E+002  0.25800252E+003  0.26964138E+003
  0.00000000E+000  0.00000000E+000  0.00000000E+000  0.00000000E+000  0.00000000E+000  0.00000000E+000  0.79167842E+000  0.16084026E+002  0.77896566E+002  0.25800253E+003  0.26964140E+003
  0.00000000E+000  0.00000000E+000  0.00000000E+000  0.00000000E+000  0.00000000E+000  0.00000000E+000  0.79168997E+000  0.16084176E+002  0.77896771E+002  0.25800254E+003  0.26964141E+003
  0.00000000E+000  0.00000000E+000  0.00000000E+000  0.00000000E+000  0.00000000E+000  0.00000000E+000  0.79170005E+000  0.16084314E+002  0.77896955E+002  0.25800255E+003  0.26964142E+003
  0.00000000E+000  0.00000000E+000  0.00000000E+000  0.00000000E+000  0.00000000E+000  0.00000000E+000  0.79170889E+000  0.16084443E+002  0.77897123E+002  0.25800255E+003  0.26964142E+003
  0.00000000E+000  0.00000000E+000  0.00000000E+000  0.00000000E+000  0.00000000E+000  0.00000000E+000  0.79171671E+000  0.16084563E+002  0.77897276E+002  0.25800256E+003  0.26964143E+003
  0.00000000E+000  0.00000000E+000  0.00000000E+000  0.00000000E+000  0.00000000E+000  0.00000000E+000  0.79172367E+000  0.16084675E+002  0.77897417E+002  0.25800256E+003  0.26964143E+003
  0.00000000E+000  0.00000000E+000  0.00000000E+000  0.00000000E+000  0.00000000E+000  0.00000000E+000  0.79172990E+000  0.16084780E+002  0.77897547E+002  0.25800256E+003  0.26964143E+003
  0.00000000E+000  0.00000000E+000  0.00000000E+000  0.00000000E+000  0.00000000E+000  0.00000000E+000  0.79173553E+000  0.16084880E+002  0.77897668E+002  0.25800256E+003  0.26964143E+003
  0.00000000E+000  0.00000000E+000  0.00000000E+000  0.00000000E+000  0.00000000E+000  0.00000000E+000  0.79174062E+000  0.16084975E+002  0.77897782E+002  0.25800257E+003  0.26964143E+003
  0.00000000E+000  0.00000000E+000  0.00000000E+000  0.00000000E+000  0.00000000E+000  0.00000000E+000  0.79174527E+000  0.16085065E+002  0.77897890E+002  0.25800257E+003  0.26964143E+003
  0.00000000E+000  0.00000000E+000  0.00000000E+000  0.00000000E+000  0.00000000E+000  0.00000000E+000  0.79174951E+000  0.16085152E+002  0.77897992E+002  0.25800257E+003  0.26964143E+003
  0.00000000E+000  0.00000000E+000  0.00000000E+000  0.00000000E+000  0.00000000E+000  0.00000000E+000  0.79175341E+000  0.16085235E+002  0.77898090E+002  0.25800257E+003  0.26964142E+003
  0.00000000E+000  0.00000000E+000  0.00000000E+000  0.00000000E+000  0.00000000E+000  0.00000000E+000  0.79175700E+000  0.16085316E+002  0.77898185E+002  0.25800257E+003  0.26964141E+003
  0.00000000E+000  0.00000000E+000  0.00000000E+000  0.00000000E+000  0.00000000E+000  0.00000000E+000  0.79176032E+000  0.16085394E+002  0.77898278E+002  0.25800257E+003  0.26964141E+003
  0.00000000E+000  0.00000000E+000  0.00000000E+000  0.00000000E+000  0.00000000E+000  0.00000000E+000  0.79176339E+000  0.16085471E+002  0.77898368E+002  0.25800257E+003  0.26964140E+003
  0.00000000E+000  0.00000000E+000  0.00000000E+000  0.00000000E+000  0.00000000E+000  0.00000000E+000  0.79176624E+000  0.16085546E+002  0.77898458E+002  0.25800257E+003  0.26964139E+003
  0.00000000E+000  0.00000000E+000  0.00000000E+000  0.00000000E+000  0.00000000E+000  0.00000000E+000  0.79176889E+000  0.16085620E+002  0.77898546E+002  0.25800256E+003  0.26964138E+003
  0.00000000E+000  0.00000000E+000  0.00000000E+000  0.00000000E+000  0.00000000E+000  0.00000000E+000  0.79177136E+000  0.16085692E+002  0.77898635E+002  0.25800256E+003  0.26964137E+003
  0.00000000E+000  0.00000000E+000  0.00000000E+000  0.00000000E+000  0.00000000E+000  0.00000000E+000  0.79177367E+000  0.16085764E+002  0.77898723E+002  0.25800256E+003  0.26964136E+003
  0.00000000E+000  0.00000000E+000  0.00000000E+000  0.00000000E+000  0.00000000E+000  0.00000000E+000  0.79177584E+000  0.16085835E+002  0.77898813E+002  0.25800256E+003  0.26964135E+003
  0.00000000E+000  0.00000000E+000  0.00000000E+000  0.00000000E+000  0.00000000E+000  0.00000000E+000  0.79177789E+000  0.16085906E+002  0.77898903E+002  0.25800256E+003  0.26964134E+003
  0.00000000E+000  0.00000000E+000  0.00000000E+000  0.00000000E+000  0.00000000E+000  0.00000000E+000  0.79177984E+000  0.16085977E+002  0.77898995E+002  0.25800255E+003  0.26964133E+003
  0.00000000E+000  0.00000000E+000  0.00000000E+000  0.00000000E+000  0.00000000E+000  0.00000000E+000  0.79178169E+000  0.16086047E+002  0.77899089E+002  0.25800255E+003  0.26964132E+003
  0.00000000E+000  0.00000000E+000  0.00000000E+000  0.00000000E+000  0.00000000E+000  0.00000000E+000  0.79178348E+000  0.16086118E+002  0.77899185E+002  0.25800255E+003  0.26964130E+003
  0.00000000E+000  0.00000000E+000  0.00000000E+000  0.00000000E+000  0.00000000E+000  0.00000000E+000  0.79178522E+000  0.16086189E+002  0.77899284E+002  0.25800255E+003  0.26964129E+003
  0.00000000E+000  0.00000000E+000  0.00000000E+000  0.00000000E+000  0.00000000E+000  0.00000000E+000  0.79178692E+000  0.16086260E+002  0.77899385E+002  0.25800255E+003  0.26964128E+003
  0.00000000E+000  0.00000000E+000  0.00000000E+000  0.00000000E+000  0.00000000E+000  0.00000000E+000  0.79178862E+000  0.16086331E+002  0.77899490E+002  0.25800255E+003  0.26964127E+003
  0.00000000E+000  0.00000000E+000  0.00000000E+000  0.00000000E+000  0.00000000E+000  0.00000000E+000  0.79179032E+000  0.16086403E+002  0.77899598E+002  0.25800254E+003  0.26964126E+003
  0.00000000E+000  0.00000000E+000  0.00000000E+000  0.00000000E+000  0.00000000E+000  0.00000000E+000  0.79179206E+000  0.16086475E+002  0.77899711E+002  0.25800254E+003  0.26964124E+003
  0.00000000E+000  0.00000000E+000  0.00000000E+000  0.00000000E+000  0.00000000E+000  0.00000000E+000  0.79179386E+000  0.16086548E+002  0.77899827E+002  0.25800254E+003  0.26964123E+003
  0.00000000E+000  0.00000000E+000  0.00000000E+000  0.00000000E+000  0.00000000E+000  0.00000000E+000  0.79179573E+000  0.16086621E+002  0.77899947E+002  0.25800254E+003  0.26964122E+003
  0.00000000E+000  0.00000000E+000  0.00000000E+000  0.00000000E+000  0.00000000E+000  0.00000000E+000  0.79179772E+000  0.16086695E+002  0.77900073E+002  0.25800254E+003  0.26964121E+003
  0.00000000E+000  0.00000000E+000  0.00000000E+000  0.00000000E+000  0.00000000E+000  0.00000000E+000  0.79179984E+000  0.16086770E+002  0.77900203E+002  0.25800254E+003  0.26964120E+003
  0.00000000E+000  0.00000000E+000  0.00000000E+000  0.00000000E+000  0.00000000E+000  0.00000000E+000  0.79180212E+000  0.16086846E+002  0.77900339E+002  0.25800254E+003  0.26964119E+003
  0.00000000E+000  0.00000000E+000  0.00000000E+000  0.00000000E+000  0.00000000E+000  0.00000000E+000  0.79180459E+000  0.16086922E+002  0.77900480E+002  0.25800255E+003  0.26964119E+003
  0.00000000E+000  0.00000000E+000  0.00000000E+000  0.00000000E+000  0.00000000E+000  0.00000000E+000  0.79180728E+000  0.16086999E+002  0.77900627E+002  0.25800255E+003  0.26964118E+003
  0.00000000E+000  0.00000000E+000  0.00000000E+000  0.00000000E+000  0.00000000E+000  0.00000000E+000  0.79181021E+000  0.16087077E+002  0.77900781E+002  0.25800255E+003  0.26964117E+003
  0.00000000E+000  0.00000000E+000  0.00000000E+000  0.00000000E+000  0.00000000E+000  0.00000000E+000  0.79181341E+000  0.16087155E+002  0.77900941E+002  0.25800255E+003  0.26964117E+003
  0.00000000E+000  0.00000000E+000  0.00000000E+000  0.00000000E+000  0.00000000E+000  0.00000000E+000  0.79181691E+000  0.16087235E+002  0.77901108E+002  0.25800256E+003  0.26964116E+003
  0.00000000E+000  0.00000000E+000  0.00000000E+000  0.00000000E+000  0.00000000E+000  0.00000000E+000  0.79182073E+000  0.16087315E+002  0.77901283E+002  0.25800256E+003  0.26964116E+003
  0.00000000E+000  0.00000000E+000  0.00000000E+000  0.00000000E+000  0.00000000E+000  0.00000000E+000  0.79182489E+000  0.16087396E+002  0.77901465E+002  0.25800257E+003  0.26964115E+003
  0.00000000E+000  0.00000000E+000  0.00000000E+000  0.00000000E+000  0.00000000E+000  0.00000000E+000  0.79182942E+000  0.16087477E+002  0.77901655E+002  0.25800257E+003  0.26964115E+003
  0.00000000E+000  0.00000000E+000  0.00000000E+000  0.00000000E+000  0.00000000E+000  0.00000000E+000  0.79183432E+000  0.16087560E+002  0.77901853E+002  0.25800258E+003  0.26964115E+003
  0.00000000E+000  0.00000000E+000  0.00000000E+000  0.00000000E+000  0.00000000E+000  0.00000000E+000  0.79183961E+000  0.16087643E+002  0.77902060E+002  0.25800259E+003  0.26964115E+003
  0.00000000E+000  0.00000000E+000  0.00000000E+000  0.00000000E+000  0.00000000E+000  0.00000000E+000  0.79184531E+000  0.16087726E+002  0.77902276E+002  0.25800260E+003  0.26964115E+003
  0.00000000E+000  0.00000000E+000  0.00000000E+000  0.00000000E+000  0.00000000E+000  0.00000000E+000  0.79185141E+000  0.16087811E+002  0.77902502E+002  0.25800260E+003  0.26964115E+003
  0.00000000E+000  0.00000000E+000  0.00000000E+000  0.00000000E+000  0.00000000E+000  0.00000000E+000  0.79185793E+000  0.16087896E+002  0.77902738E+002  0.25800261E+003  0.26964115E+003
  0.00000000E+000  0.00000000E+000  0.00000000E+000  0.00000000E+000  0.00000000E+000  0.00000000E+000  0.79186486E+000  0.16087981E+002  0.77902984E+002  0.25800263E+003  0.26964116E+003
  0.00000000E+000  0.00000000E+000  0.00000000E+000  0.00000000E+000  0.00000000E+000  0.00000000E+000  0.79187220E+000  0.16088067E+002  0.77903240E+002  0.25800264E+003  0.26964116E+003
  0.00000000E+000  0.00000000E+000  0.00000000E+000  0.00000000E+000  0.00000000E+000  0.00000000E+000  0.79187994E+000  0.16088154E+002  0.77903508E+002  0.25800265E+003  0.26964116E+003
  0.00000000E+000  0.00000000E+000  0.00000000E+000  0.00000000E+000  0.00000000E+000  0.00000000E+000  0.79188809E+000  0.16088241E+002  0.77903787E+002  0.25800266E+003  0.26964117E+003
  0.00000000E+000  0.00000000E+000  0.00000000E+000  0.00000000E+000  0.00000000E+000  0.00000000E+000  0.79189661E+000  0.16088328E+002  0.77904078E+002  0.25800268E+003  0.26964118E+003
  0.00000000E+000  0.00000000E+000  0.00000000E+000  0.00000000E+000  0.00000000E+000  0.00000000E+000  0.79190550E+000  0.16088416E+002  0.77904381E+002  0.25800269E+003  0.26964118E+003
  0.00000000E+000  0.00000000E+000  0.00000000E+000  0.00000000E+000  0.00000000E+000  0.00000000E+000  0.79191474E+000  0.16088504E+002  0.77904697E+002  0.25800271E+003  0.26964119E+003
  0.00000000E+000  0.00000000E+000  0.00000000E+000  0.00000000E+000  0.00000000E+000  0.00000000E+000  0.79192430E+000  0.16088592E+002  0.77905026E+002  0.25800273E+003  0.26964120E+003
  0.00000000E+000  0.00000000E+000  0.00000000E+000  0.00000000E+000  0.00000000E+000  0.00000000E+000  0.79193417E+000  0.16088680E+002  0.77905369E+002  0.25800275E+003  0.26964121E+003
  0.00000000E+000  0.00000000E+000  0.00000000E+000  0.00000000E+000  0.00000000E+000  0.00000000E+000  0.79194430E+000  0.16088768E+002  0.77905725E+002  0.25800277E+003  0.26964122E+003
  0.00000000E+000  0.00000000E+000  0.00000000E+000  0.00000000E+000  0.00000000E+000  0.00000000E+000  0.79195466E+000  0.16088856E+002  0.77906094E+002  0.25800279E+003  0.26964123E+003
  0.00000000E+000  0.00000000E+000  0.00000000E+000  0.00000000E+000  0.00000000E+000  0.00000000E+000  0.79196521E+000  0.16088943E+002  0.77906479E+002  0.25800281E+003  0.26964125E+003
  0.00000000E+000  0.00000000E+000  0.00000000E+000  0.00000000E+000  0.00000000E+000  0.00000000E+000  0.79197590E+000  0.16089030E+002  0.77906877E+002  0.25800284E+003  0.26964126E+003
  0.00000000E+000  0.00000000E+000  0.00000000E+000  0.00000000E+000  0.00000000E+000  0.00000000E+000  0.79198666E+000  0.16089117E+002  0.77907290E+002  0.25800286E+003  0.26964127E+003
  0.00000000E+000  0.00000000E+000  0.00000000E+000  0.00000000E+000  0.00000000E+000  0.00000000E+000  0.79199745E+000  0.16089202E+002  0.77907718E+002  0.25800289E+003  0.26964129E+003
  0.00000000E+000  0.00000000E+000  0.00000000E+000  0.00000000E+000  0.00000000E+000  0.00000000E+000  0.79200817E+000  0.16089287E+002  0.77908161E+002  0.25800292E+003  0.26964130E+003
  0.00000000E+000  0.00000000E+000  0.00000000E+000  0.00000000E+000  0.00000000E+000  0.00000000E+000  0.79201875E+000  0.16089370E+002  0.77908618E+002  0.25800295E+003  0.26964132E+003
  0.00000000E+000  0.00000000E+000  0.00000000E+000  0.00000000E+000  0.00000000E+000  0.00000000E+000  0.79202910E+000  0.16089451E+002  0.77909090E+002  0.25800298E+003  0.26964134E+003
  0.00000000E+000  0.00000000E+000  0.00000000E+000  0.00000000E+000  0.00000000E+000  0.00000000E+000  0.79203912E+000  0.16089531E+002  0.77909576E+002  0.25800301E+003  0.26964136E+003
  0.00000000E+000  0.00000000E+000  0.00000000E+000  0.00000000E+000  0.00000000E+000  0.00000000E+000  0.79204871E+000  0.16089608E+002  0.77910077E+002  0.25800305E+003  0.26964138E+003
  0.00000000E+000  0.00000000E+000  0.00000000E+000  0.00000000E+000  0.00000000E+000  0.00000000E+000  0.79205775E+000  0.16089683E+002  0.77910591E+002  0.25800309E+003  0.26964140E+003
  0.00000000E+000  0.00000000E+000  0.00000000E+000  0.00000000E+000  0.00000000E+000  0.00000000E+000  0.79206614E+000  0.16089756E+002  0.77911118E+002  0.25800313E+003  0.26964142E+003
  0.00000000E+000  0.00000000E+000  0.00000000E+000  0.00000000E+000  0.00000000E+000  0.00000000E+000  0.79207375E+000  0.16089825E+002  0.77911658E+002  0.25800317E+003  0.26964145E+003
  0.00000000E+000  0.00000000E+000  0.00000000E+000  0.00000000E+000  0.00000000E+000  0.00000000E+000  0.79208048E+000  0.16089892E+002  0.77912209E+002  0.25800321E+003  0.26964147E+003
  0.00000000E+000  0.00000000E+000  0.00000000E+000  0.00000000E+000  0.00000000E+000  0.00000000E+000  0.79208622E+000  0.16089955E+002  0.77912772E+002  0.25800326E+003  0.26964150E+003
  0.00000000E+000  0.00000000E+000  0.00000000E+000  0.00000000E+000  0.00000000E+000  0.00000000E+000  0.79209085E+000  0.16090015E+002  0.77913344E+002  0.25800331E+003  0.26964153E+003
  0.00000000E+000  0.00000000E+000  0.00000000E+000  0.00000000E+000  0.00000000E+000  0.00000000E+000  0.79209429E+000  0.16090072E+002  0.77913925E+002  0.25800336E+003  0.26964156E+003
  0.00000000E+000  0.00000000E+000  0.00000000E+000  0.00000000E+000  0.00000000E+000  0.00000000E+000  0.79209644E+000  0.16090125E+002  0.77914513E+002  0.25800341E+003  0.26964159E+003
  0.00000000E+000  0.00000000E+000  0.00000000E+000  0.00000000E+000  0.00000000E+000  0.00000000E+000  0.79209724E+000  0.16090175E+002  0.77915107E+002  0.25800347E+003  0.26964162E+003
  0.00000000E+000  0.00000000E+000  0.00000000E+000  0.00000000E+000  0.00000000E+000  0.00000000E+000  0.79209661E+000  0.16090222E+002  0.77915707E+002  0.25800352E+003  0.26964165E+003
  0.00000000E+000  0.00000000E+000  0.00000000E+000  0.00000000E+000  0.00000000E+000  0.00000000E+000  0.79209452E+000  0.16090266E+002  0.77916309E+002  0.25800358E+003  0.26964169E+003
  0.00000000E+000  0.00000000E+000  0.00000000E+000  0.00000000E+000  0.00000000E+000  0.00000000E+000  0.79209094E+000  0.16090307E+002  0.77916914E+002  0.25800365E+003  0.26964173E+003
  0.00000000E+000  0.00000000E+000  0.00000000E+000  0.00000000E+000  0.00000000E+000  0.00000000E+000  0.79208586E+000  0.16090346E+002  0.77917519E+002  0.25800371E+003  0.26964177E+003
  0.00000000E+000  0.00000000E+000  0.00000000E+000  0.00000000E+000  0.00000000E+000  0.00000000E+000  0.79207928E+000  0.16090383E+002  0.77918122E+002  0.25800378E+003  0.26964181E+003
  0.00000000E+000  0.00000000E+000  0.00000000E+000  0.00000000E+000  0.00000000E+000  0.00000000E+000  0.79207123E+000  0.16090418E+002  0.77918722E+002  0.25800386E+003  0.26964185E+003
  0.00000000E+000  0.00000000E+000  0.00000000E+000  0.00000000E+000  0.00000000E+000  0.00000000E+000  0.79206174E+000  0.16090453E+002  0.77919317E+002  0.25800393E+003  0.26964189E+003
  0.00000000E+000  0.00000000E+000  0.00000000E+000  0.00000000E+000  0.00000000E+000  0.00000000E+000  0.79205087E+000  0.16090487E+002  0.77919906E+002  0.25800401E+003  0.26964194E+003
  0.00000000E+000  0.00000000E+000  0.00000000E+000  0.00000000E+000  0.00000000E+000  0.00000000E+000  0.79203870E+000  0.16090522E+002  0.77920486E+002  0.25800409E+003  0.26964199E+003
  0.00000000E+000  0.00000000E+000  0.00000000E+000  0.00000000E+000  0.00000000E+000  0.00000000E+000  0.79202529E+000  0.16090556E+002  0.77921057E+002  0.25800418E+003  0.26964204E+003
  0.00000000E+000  0.00000000E+000  0.00000000E+000  0.00000000E+000  0.00000000E+000  0.00000000E+000  0.79201074E+000  0.16090592E+002  0.77921615E+002  0.25800427E+003  0.26964209E+003
  0.00000000E+000  0.00000000E+000  0.00000000E+000  0.00000000E+000  0.00000000E+000  0.00000000E+000  0.79199515E+000  0.16090629E+002  0.77922161E+002  0.25800436E+003  0.26964215E+003
  0.00000000E+000  0.00000000E+000  0.00000000E+000  0.00000000E+000  0.00000000E+000  0.00000000E+000  0.79197863E+000  0.16090667E+002  0.77922691E+002  0.25800445E+003  0.26964220E+003
  0.00000000E+000  0.00000000E+000  0.00000000E+000  0.00000000E+000  0.00000000E+000  0.00000000E+000  0.79196128E+000  0.16090706E+002  0.77923205E+002  0.25800455E+003  0.26964226E+003
  0.00000000E+000  0.00000000E+000  0.00000000E+000  0.00000000E+000  0.00000000E+000  0.00000000E+000  0.79194323E+000  0.16090746E+002  0.77923701E+002  0.25800465E+003  0.26964232E+003
  0.00000000E+000  0.00000000E+000  0.00000000E+000  0.00000000E+000  0.00000000E+000  0.00000000E+000  0.79192458E+000  0.16090786E+002  0.77924179E+002  0.25800475E+003  0.26964238E+003
  0.00000000E+000  0.00000000E+000  0.00000000E+000  0.00000000E+000  0.00000000E+000  0.00000000E+000  0.79190545E+000  0.16090827E+002  0.77924636E+002  0.25800486E+003  0.26964244E+003
  0.00000000E+000  0.00000000E+000  0.00000000E+000  0.00000000E+000  0.00000000E+000  0.00000000E+000  0.79188595E+000  0.16090867E+002  0.77925072E+002  0.25800496E+003  0.26964251E+003
  0.00000000E+000  0.00000000E+000  0.00000000E+000  0.00000000E+000  0.00000000E+000  0.00000000E+000  0.79186619E+000  0.16090905E+002  0.77925488E+002  0.25800507E+003  0.26964258E+003
  0.00000000E+000  0.00000000E+000  0.00000000E+000  0.00000000E+000  0.00000000E+000  0.00000000E+000  0.79184627E+000  0.16090940E+002  0.77925881E+002  0.25800518E+003  0.26964264E+003
  0.00000000E+000  0.00000000E+000  0.00000000E+000  0.00000000E+000  0.00000000E+000  0.00000000E+000  0.79182628E+000  0.16090970E+002  0.77926253E+002  0.25800529E+003  0.26964271E+003
  0.00000000E+000  0.00000000E+000  0.00000000E+000  0.00000000E+000  0.00000000E+000  0.00000000E+000  0.79180633E+000  0.16090996E+002  0.77926604E+002  0.25800541E+003  0.26964278E+003
  0.00000000E+000  0.00000000E+000  0.00000000E+000  0.00000000E+000  0.00000000E+000  0.00000000E+000  0.79178649E+000  0.16091014E+002  0.77926934E+002  0.25800552E+003  0.26964285E+003
  0.00000000E+000  0.00000000E+000  0.00000000E+000  0.00000000E+000  0.00000000E+000  0.00000000E+000  0.79176684E+000  0.16091024E+002  0.77927244E+002  0.25800563E+003  0.26964292E+003
  0.00000000E+000  0.00000000E+000  0.00000000E+000  0.00000000E+000  0.00000000E+000  0.00000000E+000  0.79174745E+000  0.16091024E+002  0.77927535E+002  0.25800575E+003  0.26964299E+003
  0.00000000E+000  0.00000000E+000  0.00000000E+000  0.00000000E+000  0.00000000E+000  0.00000000E+000  0.79172838E+000  0.16091012E+002  0.77927808E+002  0.25800586E+003  0.26964306E+003
  0.00000000E+000  0.00000000E+000  0.00000000E+000  0.00000000E+000  0.00000000E+000  0.00000000E+000  0.79170968E+000  0.16090988E+002  0.77928064E+002  0.25800597E+003  0.26964313E+003
  0.00000000E+000  0.00000000E+000  0.00000000E+000  0.00000000E+000  0.00000000E+000  0.00000000E+000  0.79169141E+000  0.16090949E+002  0.77928305E+002  0.25800608E+003  0.26964320E+003
  0.00000000E+000  0.00000000E+000  0.00000000E+000  0.00000000E+000  0.00000000E+000  0.00000000E+000  0.79167359E+000  0.16090896E+002  0.77928530E+002  0.25800619E+003  0.26964326E+003
  0.00000000E+000  0.00000000E+000  0.00000000E+000  0.00000000E+000  0.00000000E+000  0.00000000E+000  0.79165627E+000  0.16090826E+002  0.77928741E+002  0.25800629E+003  0.26964333E+003
  0.00000000E+000  0.00000000E+000  0.00000000E+000  0.00000000E+000  0.00000000E+000  0.00000000E+000  0.79163947E+000  0.16090740E+002  0.77928937E+002  0.25800639E+003  0.26964340E+003
  0.00000000E+000  0.00000000E+000  0.00000000E+000  0.00000000E+000  0.00000000E+000  0.00000000E+000  0.79162321E+000  0.16090636E+002  0.77929120E+002  0.25800649E+003  0.26964346E+003
  0.00000000E+000  0.00000000E+000  0.00000000E+000  0.00000000E+000  0.00000000E+000  0.00000000E+000  0.79160752E+000  0.16090514E+002  0.77929288E+002  0.25800659E+003  0.26964352E+003
  0.00000000E+000  0.00000000E+000  0.00000000E+000  0.00000000E+000  0.00000000E+000  0.00000000E+000  0.79159239E+000  0.16090375E+002  0.77929440E+002  0.25800668E+003  0.26964358E+003
  0.00000000E+000  0.00000000E+000  0.00000000E+000  0.00000000E+000  0.00000000E+000  0.00000000E+000  0.79157783E+000  0.16090218E+002  0.77929575E+002  0.25800677E+003  0.26964364E+003
  0.00000000E+000  0.00000000E+000  0.00000000E+000  0.00000000E+000  0.00000000E+000  0.00000000E+000  0.79156385E+000  0.16090043E+002  0.77929690E+002  0.25800686E+003  0.26964369E+003
  0.00000000E+000  0.00000000E+000  0.00000000E+000  0.00000000E+000  0.00000000E+000  0.00000000E+000  0.79155046E+000  0.16089853E+002  0.77929784E+002  0.25800694E+003  0.26964375E+003
  0.00000000E+000  0.00000000E+000  0.00000000E+000  0.00000000E+000  0.00000000E+000  0.00000000E+000  0.79153763E+000  0.16089647E+002  0.77929851E+002  0.25800702E+003  0.26964380E+003
  0.00000000E+000  0.00000000E+000  0.00000000E+000  0.00000000E+000  0.00000000E+000  0.00000000E+000  0.79152538E+000  0.16089426E+002  0.77929889E+002  0.25800709E+003  0.26964385E+003
  0.00000000E+000  0.00000000E+000  0.00000000E+000  0.00000000E+000  0.00000000E+000  0.00000000E+000  0.79151368E+000  0.16089192E+002  0.77929895E+002  0.25800716E+003  0.26964389E+003
  0.00000000E+000  0.00000000E+000  0.00000000E+000  0.00000000E+000  0.00000000E+000  0.00000000E+000  0.79150254E+000  0.16088945E+002  0.77929863E+002  0.25800723E+003  0.26964393E+003
  0.00000000E+000  0.00000000E+000  0.00000000E+000  0.00000000E+000  0.00000000E+000  0.00000000E+000  0.79149193E+000  0.16088689E+002  0.77929789E+002  0.25800729E+003  0.26964397E+003
  0.00000000E+000  0.00000000E+000  0.00000000E+000  0.00000000E+000  0.00000000E+000  0.00000000E+000  0.79148185E+000  0.16088423E+002  0.77929669E+002  0.25800734E+003  0.26964401E+003
  0.00000000E+000  0.00000000E+000  0.00000000E+000  0.00000000E+000  0.00000000E+000  0.00000000E+000  0.79147229E+000  0.16088149E+002  0.77929500E+002  0.25800740E+003  0.26964405E+003
  0.00000000E+000  0.00000000E+000  0.00000000E+000  0.00000000E+000  0.00000000E+000  0.00000000E+000  0.79146322E+000  0.16087870E+002  0.77929277E+002  0.25800744E+003  0.26964408E+003
  0.00000000E+000  0.00000000E+000  0.00000000E+000  0.00000000E+000  0.00000000E+000  0.00000000E+000  0.79145463E+000  0.16087586E+002  0.77928996E+002  0.25800749E+003  0.26964411E+003
  0.00000000E+000  0.00000000E+000  0.00000000E+000  0.00000000E+000  0.00000000E+000  0.00000000E+000  0.79144651E+000  0.16087299E+002  0.77928656E+002  0.25800753E+003  0.26964414E+003
  0.00000000E+000  0.00000000E+000  0.00000000E+000  0.00000000E+000  0.00000000E+000  0.00000000E+000  0.79143883E+000  0.16087012E+002  0.77928255E+002  0.25800757E+003  0.26964416E+003
  0.00000000E+000  0.00000000E+000  0.00000000E+000  0.00000000E+000  0.00000000E+000  0.00000000E+000  0.79143160E+000  0.16086724E+002  0.77927790E+002  0.25800760E+003  0.26964418E+003
  0.00000000E+000  0.00000000E+000  0.00000000E+000  0.00000000E+000  0.00000000E+000  0.00000000E+000  0.79142478E+000  0.16086438E+002  0.77927261E+002  0.25800763E+003  0.26964420E+003
  0.00000000E+000  0.00000000E+000  0.00000000E+000  0.00000000E+000  0.00000000E+000  0.00000000E+000  0.79141836E+000  0.16086155E+002  0.77926668E+002  0.25800765E+003  0.26964422E+003
  0.00000000E+000  0.00000000E+000  0.00000000E+000  0.00000000E+000  0.00000000E+000  0.00000000E+000  0.79141232E+000  0.16085876E+002  0.77926013E+002  0.25800767E+003  0.26964423E+003
  0.00000000E+000  0.00000000E+000  0.00000000E+000  0.00000000E+000  0.00000000E+000  0.00000000E+000  0.79140665E+000  0.16085602E+002  0.77925298E+002  0.25800768E+003  0.26964425E+003
  0.00000000E+000  0.00000000E+000  0.00000000E+000  0.00000000E+000  0.00000000E+000  0.00000000E+000  0.79140134E+000  0.16085333E+002  0.77924524E+002  0.25800769E+003  0.26964425E+003
  0.00000000E+000  0.00000000E+000  0.00000000E+000  0.00000000E+000  0.00000000E+000  0.00000000E+000  0.79139636E+000  0.16085072E+002  0.77923696E+002  0.25800769E+003  0.26964426E+003
  0.00000000E+000  0.00000000E+000  0.00000000E+000  0.00000000E+000  0.00000000E+000  0.00000000E+000  0.79139170E+000  0.16084818E+002  0.77922817E+002  0.25800768E+003  0.26964426E+003
  0.00000000E+000  0.00000000E+000  0.00000000E+000  0.00000000E+000  0.00000000E+000  0.00000000E+000  0.79138735E+000  0.16084572E+002  0.77921892E+002  0.25800767E+003  0.26964425E+003
  0.00000000E+000  0.00000000E+000  0.00000000E+000  0.00000000E+000  0.00000000E+000  0.00000000E+000  0.79138329E+000  0.16084335E+002  0.77920927E+002  0.25800765E+003  0.26964425E+003
  0.00000000E+000  0.00000000E+000  0.00000000E+000  0.00000000E+000  0.00000000E+000  0.00000000E+000  0.79137950E+000  0.16084107E+002  0.77919926E+002  0.25800763E+003  0.26964423E+003
  0.00000000E+000  0.00000000E+000  0.00000000E+000  0.00000000E+000  0.00000000E+000  0.00000000E+000  0.79137598E+000  0.16083888E+002  0.77918895E+002  0.25800759E+003  0.26964422E+003
  0.00000000E+000  0.00000000E+000  0.00000000E+000  0.00000000E+000  0.00000000E+000  0.00000000E+000  0.79137270E+000  0.16083678E+002  0.77917840E+002  0.25800755E+003  0.26964420E+003
  0.00000000E+000  0.00000000E+000  0.00000000E+000  0.00000000E+000  0.00000000E+000  0.00000000E+000  0.79136965E+000  0.16083478E+002  0.77916768E+002  0.25800750E+003  0.26964417E+003
  0.00000000E+000  0.00000000E+000  0.00000000E+000  0.00000000E+000  0.00000000E+000  0.00000000E+000  0.79136683E+000  0.16083287E+002  0.77915683E+002  0.25800744E+003  0.26964414E+003
  0.00000000E+000  0.00000000E+000  0.00000000E+000  0.00000000E+000  0.00000000E+000  0.00000000E+000  0.79136421E+000  0.16083106E+002  0.77914593E+002  0.25800737E+003  0.26964410E+003
  0.00000000E+000  0.00000000E+000  0.00000000E+000  0.00000000E+000  0.00000000E+000  0.00000000E+000  0.79136179E+000  0.16082934E+002  0.77913502E+002  0.25800730E+003  0.26964406E+003
  0.00000000E+000  0.00000000E+000  0.00000000E+000  0.00000000E+000  0.00000000E+000  0.00000000E+000  0.79135955E+000  0.16082771E+002  0.77912416E+002  0.25800721E+003  0.26964401E+003
  0.00000000E+000  0.00000000E+000  0.00000000E+000  0.00000000E+000  0.00000000E+000  0.00000000E+000  0.79135749E+000  0.16082617E+002  0.77911339E+002  0.25800712E+003  0.26964396E+003
  0.00000000E+000  0.00000000E+000  0.00000000E+000  0.00000000E+000  0.00000000E+000  0.00000000E+000  0.79135559E+000  0.16082472E+002  0.77910277E+002  0.25800702E+003  0.26964390E+003
  0.00000000E+000  0.00000000E+000  0.00000000E+000  0.00000000E+000  0.00000000E+000  0.00000000E+000  0.79135384E+000  0.16082336E+002  0.77909234E+002  0.25800691E+003  0.26964383E+003
  0.00000000E+000  0.00000000E+000  0.00000000E+000  0.00000000E+000  0.00000000E+000  0.00000000E+000  0.79135223E+000  0.16082207E+002  0.77908212E+002  0.25800679E+003  0.26964377E+003
  0.00000000E+000  0.00000000E+000  0.00000000E+000  0.00000000E+000  0.00000000E+000  0.00000000E+000  0.79135076E+000  0.16082087E+002  0.77907217E+002  0.25800667E+003  0.26964369E+003
  0.00000000E+000  0.00000000E+000  0.00000000E+000  0.00000000E+000  0.00000000E+000  0.00000000E+000  0.79134941E+000  0.16081975E+002  0.77906250E+002  0.25800654E+003  0.26964362E+003
  0.00000000E+000  0.00000000E+000  0.00000000E+000  0.00000000E+000  0.00000000E+000  0.00000000E+000  0.79134818E+000  0.16081869E+002  0.77905314E+002  0.25800640E+003  0.26964354E+003
  0.00000000E+000  0.00000000E+000  0.00000000E+000  0.00000000E+000  0.00000000E+000  0.00000000E+000  0.79134705E+000  0.16081771E+002  0.77904412E+002  0.25800626E+003  0.26964346E+003
  0.00000000E+000  0.00000000E+000  0.00000000E+000  0.00000000E+000  0.00000000E+000  0.00000000E+000  0.79134603E+000  0.16081680E+002  0.77903544E+002  0.25800612E+003  0.26964337E+003
  0.00000000E+000  0.00000000E+000  0.00000000E+000  0.00000000E+000  0.00000000E+000  0.00000000E+000  0.79134510E+000  0.16081594E+002  0.77902711E+002  0.25800598E+003  0.26964328E+003
  0.00000000E+000  0.00000000E+000  0.00000000E+000  0.00000000E+000  0.00000000E+000  0.00000000E+000  0.79134426E+000  0.16081515E+002  0.77901915E+002  0.25800583E+003  0.26964319E+003
  0.00000000E+000  0.00000000E+000  0.00000000E+000  0.00000000E+000  0.00000000E+000  0.00000000E+000  0.79134350E+000  0.16081442E+002  0.77901156E+002  0.25800568E+003  0.26964310E+003
  0.00000000E+000  0.00000000E+000  0.00000000E+000  0.00000000E+000  0.00000000E+000  0.00000000E+000  0.79134281E+000  0.16081374E+002  0.77900435E+002  0.25800553E+003  0.26964301E+003
  0.00000000E+000  0.00000000E+000  0.00000000E+000  0.00000000E+000  0.00000000E+000  0.00000000E+000  0.79134219E+000  0.16081311E+002  0.77899750E+002  0.25800538E+003  0.26964292E+003
  0.00000000E+000  0.00000000E+000  0.00000000E+000  0.00000000E+000  0.00000000E+000  0.00000000E+000  0.79134164E+000  0.16081252E+002  0.77899103E+002  0.25800523E+003  0.26964283E+003
  0.00000000E+000  0.00000000E+000  0.00000000E+000  0.00000000E+000  0.00000000E+000  0.00000000E+000  0.79134114E+000  0.16081199E+002  0.77898491E+002  0.25800508E+003  0.26964274E+003
  0.00000000E+000  0.00000000E+000  0.00000000E+000  0.00000000E+000  0.00000000E+000  0.00000000E+000  0.79134070E+000  0.16081149E+002  0.77897915E+002  0.25800494E+003  0.26964265E+003
  0.00000000E+000  0.00000000E+000  0.00000000E+000  0.00000000E+000  0.00000000E+000  0.00000000E+000  0.79134031E+000  0.16081103E+002  0.77897373E+002  0.25800479E+003  0.26964256E+003
  0.00000000E+000  0.00000000E+000  0.00000000E+000  0.00000000E+000  0.00000000E+000  0.00000000E+000  0.79133996E+000  0.16081062E+002  0.77896865E+002  0.25800465E+003  0.26964247E+003
  0.00000000E+000  0.00000000E+000  0.00000000E+000  0.00000000E+000  0.00000000E+000  0.00000000E+000  0.79133966E+000  0.16081023E+002  0.77896389E+002  0.25800452E+003  0.26964239E+003
  0.00000000E+000  0.00000000E+000  0.00000000E+000  0.00000000E+000  0.00000000E+000  0.00000000E+000  0.79133939E+000  0.16080988E+002  0.77895944E+002  0.25800439E+003  0.26964231E+003
  0.00000000E+000  0.00000000E+000  0.00000000E+000  0.00000000E+000  0.00000000E+000  0.00000000E+000  0.79133915E+000  0.16080956E+002  0.77895529E+002  0.25800426E+003  0.26964223E+003
  0.00000000E+000  0.00000000E+000  0.00000000E+000  0.00000000E+000  0.00000000E+000  0.00000000E+000  0.79133894E+000  0.16080926E+002  0.77895143E+002  0.25800414E+003  0.26964215E+003
  0.00000000E+000  0.00000000E+000  0.00000000E+000  0.00000000E+000  0.00000000E+000  0.00000000E+000  0.79133876E+000  0.16080899E+002  0.77894783E+002  0.25800402E+003  0.26964207E+003
  0.00000000E+000  0.00000000E+000  0.00000000E+000  0.00000000E+000  0.00000000E+000  0.00000000E+000  0.79133860E+000  0.16080875E+002  0.77894449E+002  0.25800391E+003  0.26964200E+003
  0.00000000E+000  0.00000000E+000  0.00000000E+000  0.00000000E+000  0.00000000E+000  0.00000000E+000  0.79133845E+000  0.16080852E+002  0.77894140E+002  0.25800380E+003  0.26964193E+003
  0.00000000E+000  0.00000000E+000  0.00000000E+000  0.00000000E+000  0.00000000E+000  0.00000000E+000  0.79133833E+000  0.16080832E+002  0.77893853E+002  0.25800369E+003  0.26964187E+003
  0.00000000E+000  0.00000000E+000  0.00000000E+000  0.00000000E+000  0.00000000E+000  0.00000000E+000  0.79133822E+000  0.16080814E+002  0.77893589E+002  0.25800360E+003  0.26964181E+003
  0.00000000E+000  0.00000000E+000  0.00000000E+000  0.00000000E+000  0.00000000E+000  0.00000000E+000  0.79133811E+000  0.16080797E+002  0.77893345E+002  0.25800350E+003  0.26964175E+003
  0.00000000E+000  0.00000000E+000  0.00000000E+000  0.00000000E+000  0.00000000E+000  0.00000000E+000  0.79133802E+000  0.16080782E+002  0.77893119E+002  0.25800342E+003  0.26964169E+003
  0.00000000E+000  0.00000000E+000  0.00000000E+000  0.00000000E+000  0.00000000E+000  0.00000000E+000  0.79133794E+000  0.16080768E+002  0.77892912E+002  0.25800333E+003  0.26964164E+003
  0.00000000E+000  0.00000000E+000  0.00000000E+000  0.00000000E+000  0.00000000E+000  0.00000000E+000  0.79133786E+000  0.16080756E+002  0.77892722E+002  0.25800326E+003  0.26964159E+003
  0.00000000E+000  0.00000000E+000  0.00000000E+000  0.00000000E+000  0.00000000E+000  0.00000000E+000  0.79133778E+000  0.16080745E+002  0.77892547E+002  0.25800318E+003  0.26964154E+003
  0.00000000E+000  0.00000000E+000  0.00000000E+000  0.00000000E+000  0.00000000E+000  0.00000000E+000  0.79133771E+000  0.16080734E+002  0.77892387E+002  0.25800312E+003  0.26964150E+003
  0.00000000E+000  0.00000000E+000  0.00000000E+000  0.00000000E+000  0.00000000E+000  0.00000000E+000  0.79133763E+000  0.16080725E+002  0.77892241E+002  0.25800305E+003  0.26964146E+003
  0.00000000E+000  0.00000000E+000  0.00000000E+000  0.00000000E+000  0.00000000E+000  0.00000000E+000  0.79133756E+000  0.16080717E+002  0.77892106E+002  0.25800299E+003  0.26964142E+003
  0.00000000E+000  0.00000000E+000  0.00000000E+000  0.00000000E+000  0.00000000E+000  0.00000000E+000  0.79133749E+000  0.16080710E+002  0.77891984E+002  0.25800294E+003  0.26964138E+003
  0.00000000E+000  0.00000000E+000  0.00000000E+000  0.00000000E+000  0.00000000E+000  0.00000000E+000  0.79133741E+000  0.16080703E+002  0.77891872E+002  0.25800289E+003  0.26964135E+003
  0.00000000E+000  0.00000000E+000  0.00000000E+000  0.00000000E+000  0.00000000E+000  0.00000000E+000  0.79133734E+000  0.16080697E+002  0.77891771E+002  0.25800284E+003  0.26964132E+003
  0.00000000E+000  0.00000000E+000  0.00000000E+000  0.00000000E+000  0.00000000E+000  0.00000000E+000  0.79133726E+000  0.16080691E+002  0.77891678E+002  0.25800279E+003  0.26964129E+003
  0.00000000E+000  0.00000000E+000  0.00000000E+000  0.00000000E+000  0.00000000E+000  0.00000000E+000  0.79133718E+000  0.16080686E+002  0.77891594E+002  0.25800275E+003  0.26964126E+003
  0.00000000E+000  0.00000000E+000  0.00000000E+000  0.00000000E+000  0.00000000E+000  0.00000000E+000  0.79133710E+000  0.16080681E+002  0.77891517E+002  0.25800272E+003  0.26964124E+003
  0.00000000E+000  0.00000000E+000  0.00000000E+000  0.00000000E+000  0.00000000E+000  0.00000000E+000  0.79133702E+000  0.16080677E+002  0.77891448E+002  0.25800268E+003  0.26964122E+003
  0.00000000E+000  0.00000000E+000  0.00000000E+000  0.00000000E+000  0.00000000E+000  0.00000000E+000  0.79133694E+000  0.16080673E+002  0.77891384E+002  0.25800265E+003  0.26964119E+003
  0.00000000E+000  0.00000000E+000  0.00000000E+000  0.00000000E+000  0.00000000E+000  0.00000000E+000  0.79133686E+000  0.16080670E+002  0.77891327E+002  0.25800262E+003  0.26964117E+003
  0.00000000E+000  0.00000000E+000  0.00000000E+000  0.00000000E+000  0.00000000E+000  0.00000000E+000  0.79133678E+000  0.16080666E+002  0.77891275E+002  0.25800259E+003  0.26964116E+003
