  0.00000000E+000  0.11044283E-002  0.37782895E+001  0.48549245E+002
  0.00000000E+000  0.11068724E-002  0.37759095E+001  0.48520048E+002
  0.00000000E+000  0.11084785E-002  0.37735555E+001  0.48495394E+002
  0.00000000E+000  0.11095463E-002  0.37715523E+001  0.48474489E+002
  0.00000000E+000  0.11102785E-002  0.37698552E+001  0.48456789E+002
  0.00000000E+000  0.11107966E-002  0.37684207E+001  0.48441808E+002
  0.00000000E+000  0.11111666E-002  0.37672101E+001  0.48429126E+002
  0.00000000E+000  0.11114233E-002  0.37661900E+001  0.48418389E+002
  0.00000000E+000  0.11115863E-002  0.37653318E+001  0.48409296E+002
  0.00000000E+000  0.11116693E-002  0.37646109E+001  0.48401592E+002
  0.00000000E+000  0.11116840E-002  0.37640066E+001  0.48395063E+002
  0.00000000E+000  0.11116414E-002  0.37635012E+001  0.48389527E+002
  0.00000000E+000  0.11115520E-002  0.37630797E+001  0.48384831E+002
  0.00000000E+000  0.11114258E-002  0.37627294E+001  0.48380846E+002
  0.00000000E+000  0.11112716E-002  0.37624395E+001  0.48377464E+002
  0.00000000E+000  0.11110970E-002  0.37622009E+001  0.48374593E+002
  0.00000000E+000  0.11109085E-002  0.37620061E+001  0.48372155E+002
  0.00000000E+000  0.11107112E-002  0.37618485E+001  0.48370085E+002
  0.00000000E+000  0.11105093E-002  0.37617226E+001  0.48368329E+002
  0.00000000E+000  0.11103059E-002  0.37616239E+001  0.48366839E+002
  0.00000000E+000  0.11101034E-002  0.37615485E+001  0.48365576E+002
  0.00000000E+000  0.11099036E-002  0.37614931E+001  0.48364508E+002
  0.00000000E+000  0.11097077E-002  0.37614549E+001  0.48363606E+002
  0.00000000E+000  0.11095166E-002  0.37614318E+001  0.48362847E+002
  0.00000000E+000  0.11093308E-002  0.37614217E+001  0.48362211E+002
  0.00000000E+000  0.11091505E-002  0.37614230E+001  0.48361681E+002
  0.00000000E+000  0.11089761E-002  0.37614344E+001  0.48361244E+002
  0.00000000E+000  0.11088073E-002  0.37614549E+001  0.48360888E+002
  0.00000000E+000  0.11086443E-002  0.37614834E+001  0.48360602E+002
  0.00000000E+000  0.11084870E-002  0.37615192E+001  0.48360380E+002
  0.00000000E+000  0.11083350E-002  0.37615618E+001  0.48360215E+002
  0.00000000E+000  0.11081884E-002  0.37616106E+001  0.48360100E+002
  0.00000000E+000  0.11080470E-002  0.37616652E+001  0.48360032E+002
  0.00000000E+000  0.11079105E-002  0.37617254E+001  0.48360008E+002
  0.00000000E+000  0.11077788E-002  0.37617908E+001  0.48360024E+002
  0.00000000E+000  0.11076519E-002  0.37618614E+001  0.48360078E+002
  0.00000000E+000  0.11075296E-002  0.37619370E+001  0.48360168E+002
  0.00000000E+000  0.11074117E-002  0.37620174E+001  0.48360294E+002
  0.00000000E+000  0.11072982E-002  0.37621027E+001  0.48360455E+002
  0.00000000E+000  0.11071890E-002  0.37621928E+001  0.48360650E+002
  0.00000000E+000  0.11070841E-002  0.37622876E+001  0.48360878E+002
  0.00000000E+000  0.11069834E-002  0.37623871E+001  0.48361141E+002
  0.00000000E+000  0.11068869E-002  0.37624914E+001  0.48361437E+002
  0.00000000E+000  0.11067944E-002  0.37626005E+001  0.48361767E+002
  0.00000000E+000  0.11067061E-002  0.37627143E+001  0.48362132E+002
  0.00000000E+000  0.11066217E-002  0.37628329E+001  0.48362532E+002
  0.00000000E+000  0.11065414E-002  0.37629561E+001  0.48362967E+002
  0.00000000E+000  0.11064649E-002  0.37630842E+001  0.48363438E+002
  0.00000000E+000  0.11063922E-002  0.37632169E+001  0.48363946E+002
  0.00000000E+000  0.11063232E-002  0.37633544E+001  0.48364491E+002
  0.00000000E+000  0.11062579E-002  0.37634966E+001  0.48365074E+002
  0.00000000E+000  0.11061960E-002  0.37636434E+001  0.48365696E+002
  0.00000000E+000  0.11061375E-002  0.37637948E+001  0.48366356E+002
  0.00000000E+000  0.11060821E-002  0.37639508E+001  0.48367058E+002
  0.00000000E+000  0.11060298E-002  0.37641113E+001  0.48367799E+002
  0.00000000E+000  0.11059803E-002  0.37642762E+001  0.48368583E+002
  0.00000000E+000  0.11059334E-002  0.37644455E+001  0.48369408E+002
  0.00000000E+000  0.11058889E-002  0.37646190E+001  0.48370277E+002
  0.00000000E+000  0.11058467E-002  0.37647967E+001  0.48371188E+002
  0.00000000E+000  0.11058066E-002  0.37649785E+001  0.48372144E+002
  0.00000000E+000  0.11057683E-002  0.37651642E+001  0.48373144E+002
  0.00000000E+000  0.11057316E-002  0.37653537E+001  0.48374189E+002
  0.00000000E+000  0.11056965E-002  0.37655467E+001  0.48375278E+002
  0.00000000E+000  0.11056627E-002  0.37657433E+001  0.48376412E+002
  0.00000000E+000  0.11056301E-002  0.37659431E+001  0.48377590E+002
  0.00000000E+000  0.11055985E-002  0.37661459E+001  0.48378813E+002
  0.00000000E+000  0.11055679E-002  0.37663516E+001  0.48380081E+002
  0.00000000E+000  0.11055380E-002  0.37665598E+001  0.48381391E+002
  0.00000000E+000  0.11055089E-002  0.37667705E+001  0.48382745E+002
  0.00000000E+000  0.11054803E-002  0.37669832E+001  0.48384141E+002
  0.00000000E+000  0.11054523E-002  0.37671979E+001  0.48385578E+002
  0.00000000E+000  0.11054247E-002  0.37674141E+001  0.48387055E+002
  0.00000000E+000  0.11053976E-002  0.37676316E+001  0.48388571E+002
  0.00000000E+000  0.11053708E-002  0.37678502E+001  0.48390125E+002
  0.00000000E+000  0.11053443E-002  0.37680696E+001  0.48391715E+002
  0.00000000E+000  0.11053182E-002  0.37682895E+001  0.48393340E+002
  0.00000000E+000  0.11052924E-002  0.37685096E+001  0.48394998E+002
  0.00000000E+000  0.11052668E-002  0.37687296E+001  0.48396688E+002
  0.00000000E+000  0.11052416E-002  0.37689493E+001  0.48398408E+002
  0.00000000E+000  0.11052166E-002  0.37691685E+001  0.48400156E+002
  0.00000000E+000  0.11051919E-002  0.37693868E+001  0.48401931E+002
  0.00000000E+000  0.11051675E-002  0.37696041E+001  0.48403730E+002
  0.00000000E+000  0.11051434E-002  0.37698200E+001  0.48405553E+002
  0.00000000E+000  0.11051197E-002  0.37700344E+001  0.48407396E+002
  0.00000000E+000  0.11050963E-002  0.37702470E+001  0.48409259E+002
  0.00000000E+000  0.11050733E-002  0.37704576E+001  0.48411140E+002
  0.00000000E+000  0.11050506E-002  0.37706662E+001  0.48413036E+002
  0.00000000E+000  0.11050284E-002  0.37708723E+001  0.48414946E+002
  0.00000000E+000  0.11050066E-002  0.37710760E+001  0.48416868E+002
  0.00000000E+000  0.11049853E-002  0.37712770E+001  0.48418801E+002
  0.00000000E+000  0.11049644E-002  0.37714751E+001  0.48420742E+002
  0.00000000E+000  0.11049440E-002  0.37716704E+001  0.48422690E+002
  0.00000000E+000  0.11049242E-002  0.37718626E+001  0.48424644E+002
  0.00000000E+000  0.11049048E-002  0.37720516E+001  0.48426602E+002
  0.00000000E+000  0.11048860E-002  0.37722373E+001  0.48428562E+002
  0.00000000E+000  0.11048678E-002  0.37724197E+001  0.48430523E+002
  0.00000000E+000  0.11048501E-002  0.37725987E+001  0.48432483E+002
  0.00000000E+000  0.11048330E-002  0.37727743E+001  0.48434442E+002
  0.00000000E+000  0.11048164E-002  0.37729463E+001  0.48436397E+002
  0.00000000E+000  0.11048004E-002  0.37731147E+001  0.48438347E+002
  0.00000000E+000  0.11047850E-002  0.37732796E+001  0.48440291E+002
  0.00000000E+000  0.11047702E-002  0.37734408E+001  0.48442229E+002
  0.00000000E+000  0.11047559E-002  0.37735985E+001  0.48444158E+002
  0.00000000E+000  0.11047422E-002  0.37737525E+001  0.48446078E+002
  0.00000000E+000  0.11047290E-002  0.37739029E+001  0.48447988E+002
  0.00000000E+000  0.11047163E-002  0.37740497E+001  0.48449886E+002
  0.00000000E+000  0.11047042E-002  0.37741929E+001  0.48451772E+002
  0.00000000E+000  0.11046926E-002  0.37743325E+001  0.48453645E+002
  0.00000000E+000  0.11046815E-002  0.37744686E+001  0.48455504E+002
  0.00000000E+000  0.11046708E-002  0.37746012E+001  0.48457349E+002
  0.00000000E+000  0.11046607E-002  0.37747304E+001  0.48459177E+002
  0.00000000E+000  0.11046509E-002  0.37748561E+001  0.48460990E+002
  0.00000000E+000  0.11046417E-002  0.37749784E+001  0.48462785E+002
  0.00000000E+000  0.11046328E-002  0.37750975E+001  0.48464564E+002
  0.00000000E+000  0.11046243E-002  0.37752132E+001  0.48466323E+002
  0.00000000E+000  0.11046162E-002  0.37753257E+001  0.48468065E+002
  0.00000000E+000  0.11046085E-002  0.37754351E+001  0.48469787E+002
  0.00000000E+000  0.11046011E-002  0.37755413E+001  0.48471489E+002
  0.00000000E+000  0.11045941E-002  0.37756445E+001  0.48473171E+002
  0.00000000E+000  0.11045873E-002  0.37757448E+001  0.48474833E+002
  0.00000000E+000  0.11045809E-002  0.37758420E+001  0.48476474E+002
  0.00000000E+000  0.11045748E-002  0.37759364E+001  0.48478093E+002
  0.00000000E+000  0.11045689E-002  0.37760280E+001  0.48479691E+002
  0.00000000E+000  0.11045633E-002  0.37761169E+001  0.48481267E+002
  0.00000000E+000  0.11045580E-002  0.37762030E+001  0.48482821E+002
  0.00000000E+000  0.11045528E-002  0.37762866E+001  0.48484353E+002
  0.00000000E+000  0.11045479E-002  0.37763675E+001  0.48485862E+002
  0.00000000E+000  0.11045432E-002  0.37764460E+001  0.48487348E+002
  0.00000000E+000  0.11045388E-002  0.37765220E+001  0.48488811E+002
  0.00000000E+000  0.11045345E-002  0.37765957E+001  0.48490252E+002
  0.00000000E+000  0.11045303E-002  0.37766633E+001  0.48491673E+002
  0.00000000E+000  0.11045264E-002  0.37767206E+001  0.48493079E+002
  0.00000000E+000  0.11045226E-002  0.37767760E+001  0.48494461E+002
  0.00000000E+000  0.11045190E-002  0.37768297E+001  0.48495820E+002
  0.00000000E+000  0.11045155E-002  0.37768815E+001  0.48497155E+002
  0.00000000E+000  0.11045122E-002  0.37769317E+001  0.48498466E+002
  0.00000000E+000  0.11045090E-002  0.37769802E+001  0.48499754E+002
  0.00000000E+000  0.11045059E-002  0.37770271E+001  0.48501019E+002
  0.00000000E+000  0.11045029E-002  0.37770725E+001  0.48502260E+002
  0.00000000E+000  0.11045001E-002  0.37771163E+001  0.48503477E+002
  0.00000000E+000  0.11044974E-002  0.37771586E+001  0.48504672E+002
  0.00000000E+000  0.11044947E-002  0.37771995E+001  0.48505843E+002
  0.00000000E+000  0.11044922E-002  0.37772390E+001  0.48506991E+002
  0.00000000E+000  0.11044898E-002  0.37772772E+001  0.48508117E+002
  0.00000000E+000  0.11044875E-002  0.37773140E+001  0.48509219E+002
  0.00000000E+000  0.11044852E-002  0.37773496E+001  0.48510300E+002
  0.00000000E+000  0.11044831E-002  0.37773839E+001  0.48511357E+002
  0.00000000E+000  0.11044810E-002  0.37774171E+001  0.48512393E+002
  0.00000000E+000  0.11044790E-002  0.37774491E+001  0.48513407E+002
  0.00000000E+000  0.11044771E-002  0.37774799E+001  0.48514399E+002
  0.00000000E+000  0.11044752E-002  0.37775097E+001  0.48515369E+002
  0.00000000E+000  0.11044734E-002  0.37775384E+001  0.48516318E+002
  0.00000000E+000  0.11044717E-002  0.37775662E+001  0.48517246E+002
  0.00000000E+000  0.11044701E-002  0.37775929E+001  0.48518153E+002
  0.00000000E+000  0.11044685E-002  0.37776187E+001  0.48519040E+002
  0.00000000E+000  0.11044669E-002  0.37776435E+001  0.48519906E+002
  0.00000000E+000  0.11044655E-002  0.37776675E+001  0.48520752E+002
  0.00000000E+000  0.11044641E-002  0.37776906E+001  0.48521579E+002
  0.00000000E+000  0.11044627E-002  0.37777129E+001  0.48522386E+002
  0.00000000E+000  0.11044614E-002  0.37777344E+001  0.48523174E+002
  0.00000000E+000  0.11044601E-002  0.37777551E+001  0.48523942E+002
  0.00000000E+000  0.11044589E-002  0.37777750E+001  0.48524693E+002
  0.00000000E+000  0.11044577E-002  0.37777943E+001  0.48525424E+002
  0.00000000E+000  0.11044566E-002  0.37778128E+001  0.48526138E+002
  0.00000000E+000  0.11044555E-002  0.37778307E+001  0.48526834E+002
  0.00000000E+000  0.11044545E-002  0.37778479E+001  0.48527512E+002
  0.00000000E+000  0.11044535E-002  0.37778644E+001  0.48528173E+002
  0.00000000E+000  0.11044525E-002  0.37778804E+001  0.48528817E+002
  0.00000000E+000  0.11044516E-002  0.37778958E+001  0.48529445E+002
  0.00000000E+000  0.11044507E-002  0.37779106E+001  0.48530056E+002
  0.00000000E+000  0.11044498E-002  0.37779249E+001  0.48530652E+002
  0.00000000E+000  0.11044490E-002  0.37779386E+001  0.48531231E+002
  0.00000000E+000  0.11044482E-002  0.37779519E+001  0.48531795E+002
  0.00000000E+000  0.11044474E-002  0.37779646E+001  0.48532344E+002
  0.00000000E+000  0.11044467E-002  0.37779769E+001  0.48532879E+002
  0.00000000E+000  0.11044460E-002  0.37779888E+001  0.48533398E+002
  0.00000000E+000  0.11044453E-002  0.37780002E+001  0.48533904E+002
  0.00000000E+000  0.11044446E-002  0.37780111E+001  0.48534395E+002
  0.00000000E+000  0.11044440E-002  0.37780217E+001  0.48534873E+002
  0.00000000E+000  0.11044434E-002  0.37780319E+001  0.48535337E+002
  0.00000000E+000  0.11044428E-002  0.37780417E+001  0.48535789E+002
  0.00000000E+000  0.11044422E-002  0.37780512E+001  0.48536228E+002
  0.00000000E+000  0.11044417E-002  0.37780603E+001  0.48536654E+002
  0.00000000E+000  0.11044412E-002  0.37780690E+001  0.48537068E+002
  0.00000000E+000  0.11044407E-002  0.37780775E+001  0.48537470E+002
  0.00000000E+000  0.11044402E-002  0.37780856E+001  0.48537860E+002
  0.00000000E+000  0.11044398E-002  0.37780934E+001  0.48538239E+002
  0.00000000E+000  0.11044393E-002  0.37781009E+001  0.48538606E+002
  0.00000000E+000  0.11044389E-002  0.37781082E+001  0.48538963E+002
  0.00000000E+000  0.11044385E-002  0.37781152E+001  0.48539309E+002
  0.00000000E+000  0.11044381E-002  0.37781219E+001  0.48539645E+002
  0.00000000E+000  0.11044377E-002  0.37781284E+001  0.48539971E+002
  0.00000000E+000  0.11044373E-002  0.37781346E+001  0.48540287E+002
  0.00000000E+000  0.11044370E-002  0.37781406E+001  0.48540593E+002
  0.00000000E+000  0.11044366E-002  0.37781464E+001  0.48540890E+002
  0.00000000E+000  0.11044363E-002  0.37781519E+001  0.48541178E+002
  0.00000000E+000  0.11044360E-002  0.37781573E+001  0.48541457E+002
  0.00000000E+000  0.11044357E-002  0.37781624E+001  0.48541727E+002
  0.00000000E+000  0.11044354E-002  0.37781673E+001  0.48541989E+002
  0.00000000E+000  0.11044352E-002  0.37781720E+001  0.48542242E+002
