  0.20551106E-001
  0.20556662E-001
  0.20541873E-001
  0.20527098E-001
  0.20514384E-001
  0.20503691E-001
  0.20494740E-001
  0.20487262E-001
  0.20481024E-001
  0.20475828E-001
  0.20471508E-001
  0.20467924E-001
  0.20464959E-001
  0.20462515E-001
  0.20460510E-001
  0.20458873E-001
  0.20457545E-001
  0.20456478E-001
  0.20455629E-001
  0.20454964E-001
  0.20454453E-001
  0.20454071E-001
  0.20453798E-001
  0.20453615E-001
  0.20453509E-001
  0.20453466E-001
  0.20453477E-001
  0.20453532E-001
  0.20453624E-001
  0.20453748E-001
  0.20453898E-001
  0.20454071E-001
  0.20454264E-001
  0.20454474E-001
  0.20454699E-001
  0.20454938E-001
  0.20455189E-001
  0.20455451E-001
  0.20455724E-001
  0.20456007E-001
  0.20456299E-001
  0.20456600E-001
  0.20456911E-001
  0.20457230E-001
  0.20457558E-001
  0.20457895E-001
  0.20458241E-001
  0.20458596E-001
  0.20458961E-001
  0.20459336E-001
  0.20459721E-001
  0.20460117E-001
  0.20460524E-001
  0.20460943E-001
  0.20461374E-001
  0.20461817E-001
  0.20462274E-001
  0.20462745E-001
  0.20463229E-001
  0.20463728E-001
  0.20464241E-001
  0.20464769E-001
  0.20465312E-001
  0.20465870E-001
  0.20466443E-001
  0.20467031E-001
  0.20467634E-001
  0.20468251E-001
  0.20468883E-001
  0.20469528E-001
  0.20470186E-001
  0.20470857E-001
  0.20471541E-001
  0.20472236E-001
  0.20472941E-001
  0.20473657E-001
  0.20474383E-001
  0.20475118E-001
  0.20475860E-001
  0.20476610E-001
  0.20477367E-001
  0.20478129E-001
  0.20478897E-001
  0.20479669E-001
  0.20480444E-001
  0.20481223E-001
  0.20482005E-001
  0.20482788E-001
  0.20483572E-001
  0.20484356E-001
  0.20485141E-001
  0.20485924E-001
  0.20486707E-001
  0.20487487E-001
  0.20488266E-001
  0.20489041E-001
  0.20489814E-001
  0.20490582E-001
  0.20491347E-001
  0.20492106E-001
  0.20492861E-001
  0.20493611E-001
  0.20494355E-001
  0.20495092E-001
  0.20495824E-001
  0.20496549E-001
  0.20497267E-001
  0.20497977E-001
  0.20498681E-001
  0.20499377E-001
  0.20500065E-001
  0.20500745E-001
  0.20501417E-001
  0.20502080E-001
  0.20502735E-001
  0.20503382E-001
  0.20504020E-001
  0.20504649E-001
  0.20505269E-001
  0.20505881E-001
  0.20506483E-001
  0.20507077E-001
  0.20507661E-001
  0.20508236E-001
  0.20508803E-001
  0.20509360E-001
  0.20509908E-001
  0.20510446E-001
  0.20510976E-001
  0.20511497E-001
  0.20512008E-001
  0.20512511E-001
  0.20513004E-001
  0.20513489E-001
  0.20513965E-001
  0.20514431E-001
  0.20514889E-001
  0.20515338E-001
  0.20515779E-001
  0.20516210E-001
  0.20516633E-001
  0.20517048E-001
  0.20517454E-001
  0.20517852E-001
  0.20518242E-001
  0.20518623E-001
  0.20518996E-001
  0.20519361E-001
  0.20519718E-001
  0.20520068E-001
  0.20520409E-001
  0.20520743E-001
  0.20521069E-001
  0.20521388E-001
  0.20521699E-001
  0.20522003E-001
  0.20522300E-001
  0.20522590E-001
  0.20522873E-001
  0.20523149E-001
  0.20523418E-001
  0.20523680E-001
  0.20523936E-001
  0.20524186E-001
  0.20524429E-001
  0.20524666E-001
  0.20524897E-001
  0.20525122E-001
  0.20525340E-001
  0.20525554E-001
  0.20525761E-001
  0.20525963E-001
  0.20526159E-001
  0.20526350E-001
  0.20526536E-001
  0.20526716E-001
  0.20526892E-001
  0.20527062E-001
  0.20527228E-001
  0.20527389E-001
  0.20527545E-001
  0.20527697E-001
  0.20527844E-001
  0.20527987E-001
  0.20528126E-001
  0.20528260E-001
  0.20528391E-001
  0.20528518E-001
  0.20528641E-001
  0.20528760E-001
  0.20528875E-001
  0.20528987E-001
  0.20529095E-001
  0.20529200E-001
  0.20529302E-001
  0.20529401E-001
  0.20529496E-001
  0.20529588E-001
  0.20529678E-001
  0.20529764E-001
