  0.65311509E+000
  0.65209995E+000
  0.65127527E+000
  0.65060470E+000
  0.65006086E+000
  0.64962242E+000
  0.64927210E+000
  0.64899553E+000
  0.64878077E+000
  0.64861783E+000
  0.64849841E+000
  0.64841553E+000
  0.64836334E+000
  0.64833690E+000
  0.64833209E+000
  0.64834547E+000
  0.64837411E+000
  0.64841561E+000
  0.64846792E+000
  0.64852934E+000
  0.64859842E+000
  0.64867395E+000
  0.64875487E+000
  0.64884032E+000
  0.64892954E+000
  0.64902189E+000
  0.64911684E+000
  0.64921389E+000
  0.64931264E+000
  0.64941271E+000
  0.64951378E+000
  0.64961557E+000
  0.64971780E+000
  0.64982025E+000
  0.64992269E+000
  0.65002493E+000
  0.65012678E+000
  0.65022807E+000
  0.65032862E+000
  0.65042829E+000
  0.65052692E+000
  0.65062438E+000
  0.65072053E+000
  0.65081525E+000
  0.65090841E+000
  0.65099992E+000
  0.65108966E+000
  0.65117754E+000
  0.65126348E+000
  0.65134740E+000
  0.65142924E+000
  0.65150894E+000
  0.65158645E+000
  0.65166173E+000
  0.65173476E+000
  0.65180551E+000
  0.65187397E+000
  0.65194014E+000
  0.65200400E+000
  0.65206557E+000
  0.65212486E+000
  0.65218188E+000
  0.65223666E+000
  0.65228921E+000
  0.65233957E+000
  0.65238777E+000
  0.65243382E+000
  0.65247778E+000
  0.65251966E+000
  0.65255952E+000
  0.65259739E+000
  0.65263331E+000
  0.65266733E+000
  0.65269948E+000
  0.65272982E+000
  0.65275839E+000
  0.65278524E+000
  0.65281042E+000
  0.65283398E+000
  0.65285598E+000
  0.65287647E+000
  0.65289551E+000
  0.65291315E+000
  0.65292945E+000
  0.65294448E+000
  0.65295830E+000
  0.65297095E+000
  0.65298252E+000
  0.65299306E+000
  0.65300262E+000
  0.65301129E+000
  0.65301911E+000
  0.65302615E+000
  0.65303247E+000
  0.65303814E+000
  0.65304320E+000
  0.65304772E+000
  0.65305175E+000
  0.65305534E+000
  0.65305855E+000
  0.65306142E+000
  0.65306399E+000
  0.65306631E+000
  0.65306842E+000
  0.65307034E+000
  0.65307211E+000
  0.65307377E+000
  0.65307532E+000
  0.65307680E+000
  0.65307823E+000
  0.65307962E+000
  0.65308099E+000
  0.65308235E+000
  0.65308370E+000
  0.65308506E+000
  0.65308644E+000
  0.65308782E+000
  0.65308922E+000
  0.65309063E+000
  0.65309205E+000
  0.65309348E+000
  0.65309492E+000
  0.65309635E+000
  0.65309778E+000
  0.65309919E+000
  0.65310058E+000
  0.65310195E+000
  0.65310327E+000
  0.65310456E+000
  0.65310580E+000
  0.65310698E+000
  0.65310811E+000
  0.65310917E+000
  0.65311016E+000
  0.65311109E+000
  0.65311194E+000
  0.65311273E+000
  0.65311344E+000
  0.65311408E+000
  0.65311466E+000
  0.65311517E+000
  0.65311561E+000
  0.65311600E+000
  0.65311632E+000
  0.65311659E+000
  0.65311680E+000
  0.65311696E+000
  0.65311708E+000
  0.65311714E+000
  0.65311716E+000
  0.65311713E+000
  0.65311706E+000
  0.65311694E+000
  0.65311678E+000
  0.65311658E+000
  0.65311634E+000
  0.65311606E+000
  0.65311574E+000
  0.65311539E+000
  0.65311501E+000
  0.65311461E+000
  0.65311417E+000
  0.65311373E+000
  0.65311327E+000
  0.65311280E+000
  0.65311233E+000
  0.65311187E+000
  0.65311141E+000
  0.65311098E+000
  0.65311057E+000
  0.65311019E+000
  0.65310984E+000
  0.65310954E+000
  0.65310928E+000
  0.65310907E+000
  0.65310891E+000
  0.65310881E+000
  0.65310877E+000
  0.65310878E+000
  0.65310885E+000
  0.65310898E+000
  0.65310916E+000
  0.65310939E+000
  0.65310967E+000
  0.65310999E+000
  0.65311035E+000
  0.65311074E+000
  0.65311117E+000
  0.65311162E+000
  0.65311210E+000
  0.65311258E+000
  0.65311308E+000
  0.65311356E+000
  0.65311404E+000
  0.65311450E+000
  0.65311500E+000
  0.65311560E+000
  0.65311637E+000
  0.65311734E+000
  0.65311827E+000
