  0.21289241E+000  0.28681153E+000  0.39184981E+000  0.62160071E+000
  0.20449326E+000  0.29368700E+000  0.39072875E+000  0.62164289E+000
  0.20396147E+000  0.29281451E+000  0.38994131E+000  0.62184508E+000
  0.20328615E+000  0.29279412E+000  0.38958787E+000  0.62135735E+000
  0.23321167E+000  0.25813856E+000  0.38985977E+000  0.62141555E+000
  0.20278274E+000  0.29089130E+000  0.39010370E+000  0.62120101E+000
  0.20261069E+000  0.29045453E+000  0.39021675E+000  0.62106698E+000
  0.20245229E+000  0.29034407E+000  0.39012428E+000  0.62099864E+000
  0.20234575E+000  0.28933238E+000  0.39065687E+000  0.62131804E+000
  0.20226852E+000  0.28924985E+000  0.39062951E+000  0.62137198E+000
  0.20218455E+000  0.28919602E+000  0.39068599E+000  0.62142799E+000
  0.20212365E+000  0.28921935E+000  0.39069991E+000  0.62151338E+000
  0.20210734E+000  0.28917235E+000  0.39079979E+000  0.62160836E+000
  0.20181662E+000  0.28941743E+000  0.39014142E+000  0.62249955E+000
  0.20182954E+000  0.28938871E+000  0.39027001E+000  0.62261778E+000
  0.20175114E+000  0.28953760E+000  0.39033915E+000  0.62274337E+000
  0.20178317E+000  0.28951949E+000  0.39057067E+000  0.62278941E+000
  0.20181413E+000  0.28958473E+000  0.39066076E+000  0.62291425E+000
  0.20185765E+000  0.28957697E+000  0.39082272E+000  0.62304198E+000
  0.20190784E+000  0.28963903E+000  0.39084109E+000  0.62324666E+000
  0.20194161E+000  0.28963331E+000  0.39102764E+000  0.62337360E+000
  0.20199846E+000  0.28969748E+000  0.39112672E+000  0.62349827E+000
  0.23266824E+000  0.25600475E+000  0.39129418E+000  0.62362880E+000
  0.23273368E+000  0.25599629E+000  0.39127004E+000  0.62395026E+000
  0.20217613E+000  0.28974184E+000  0.39136119E+000  0.62407282E+000
  0.23286406E+000  0.25612243E+000  0.39145669E+000  0.62418644E+000
  0.20229656E+000  0.28987689E+000  0.39155061E+000  0.62429615E+000
  0.20235844E+000  0.28994195E+000  0.39164257E+000  0.62440203E+000
  0.23306527E+000  0.25630480E+000  0.39173256E+000  0.62450393E+000
  0.23313225E+000  0.25636332E+000  0.39181999E+000  0.62460175E+000
  0.20254052E+000  0.29013160E+000  0.39190260E+000  0.62469772E+000
  0.20260029E+000  0.29019166E+000  0.39198488E+000  0.62478715E+000
  0.20265910E+000  0.29025009E+000  0.39206398E+000  0.62487267E+000
  0.20271682E+000  0.29030678E+000  0.39214055E+000  0.62495352E+000
  0.20277331E+000  0.29036162E+000  0.39221413E+000  0.62503007E+000
  0.20282846E+000  0.29041452E+000  0.39228428E+000  0.62510269E+000
  0.20288215E+000  0.29046539E+000  0.39235170E+000  0.62517067E+000
  0.20293428E+000  0.29051387E+000  0.39241627E+000  0.62523442E+000
  0.20298475E+000  0.29056048E+000  0.39247735E+000  0.62529401E+000
  0.20303349E+000  0.29060487E+000  0.39253523E+000  0.62534951E+000
  0.20308041E+000  0.29064701E+000  0.39258988E+000  0.62540100E+000
  0.20312544E+000  0.29068686E+000  0.39264132E+000  0.62544859E+000
  0.20316854E+000  0.29072278E+000  0.39269119E+000  0.62549241E+000
  0.20320966E+000  0.29075803E+000  0.39273625E+000  0.62553257E+000
  0.20324876E+000  0.29079098E+000  0.39277816E+000  0.62556921E+000
  0.20328583E+000  0.29082167E+000  0.39281699E+000  0.62560248E+000
  0.20332085E+000  0.29085010E+000  0.39285281E+000  0.62563253E+000
  0.20335384E+000  0.29087635E+000  0.39288569E+000  0.62565953E+000
  0.20338481E+000  0.29090045E+000  0.39291574E+000  0.62568364E+000
  0.20341379E+000  0.29092249E+000  0.39294304E+000  0.62570502E+000
  0.20344083E+000  0.29094253E+000  0.39296773E+000  0.62572385E+000
  0.20346596E+000  0.29096068E+000  0.39298993E+000  0.62574029E+000
  0.20348926E+000  0.29097703E+000  0.39300977E+000  0.62575452E+000
  0.20351080E+000  0.29099168E+000  0.39302739E+000  0.62576670E+000
  0.20353065E+000  0.29100474E+000  0.39304293E+000  0.62577701E+000
  0.20354889E+000  0.29101632E+000  0.39305655E+000  0.62578558E+000
  0.20355971E+000  0.29103244E+000  0.39306838E+000  0.62579259E+000
  0.20357500E+000  0.29103674E+000  0.39308323E+000  0.62579818E+000
  0.20358894E+000  0.29104455E+000  0.39309193E+000  0.62580247E+000
  0.20360163E+000  0.29105131E+000  0.39309927E+000  0.62580561E+000
  0.20361316E+000  0.29105713E+000  0.39310537E+000  0.62580771E+000
  0.20362360E+000  0.29106209E+000  0.39311037E+000  0.62580887E+000
  0.20363303E+000  0.29106630E+000  0.39311437E+000  0.62580921E+000
  0.20364154E+000  0.29106982E+000  0.39311748E+000  0.62580881E+000
  0.20364920E+000  0.29107273E+000  0.39311979E+000  0.62580776E+000
  0.20365607E+000  0.29107510E+000  0.39312160E+000  0.62580612E+000
  0.20366223E+000  0.29107699E+000  0.39312289E+000  0.62580397E+000
  0.20366772E+000  0.29107845E+000  0.39312366E+000  0.62580137E+000
  0.20367261E+000  0.29107953E+000  0.39312395E+000  0.62579836E+000
  0.20367694E+000  0.29108027E+000  0.39312381E+000  0.62579500E+000
  0.20368076E+000  0.29108071E+000  0.39312327E+000  0.62579133E+000
  0.20368410E+000  0.29108088E+000  0.39312239E+000  0.62578737E+000
  0.20368702E+000  0.29108081E+000  0.39312121E+000  0.62578318E+000
  0.20368954E+000  0.29108052E+000  0.39311976E+000  0.62577877E+000
  0.20369169E+000  0.29108005E+000  0.39311807E+000  0.62577418E+000
  0.20369352E+000  0.29107940E+000  0.39311617E+000  0.62576944E+000
  0.20369504E+000  0.29107860E+000  0.39311410E+000  0.62576457E+000
  0.20369628E+000  0.29107765E+000  0.39311188E+000  0.62575960E+000
  0.20369726E+000  0.29107659E+000  0.39310953E+000  0.62575455E+000
  0.20369802E+000  0.29107542E+000  0.39310708E+000  0.62574944E+000
  0.20369857E+000  0.29107414E+000  0.39310454E+000  0.62574428E+000
  0.20369893E+000  0.29107278E+000  0.39310194E+000  0.62573911E+000
  0.20369912E+000  0.29107135E+000  0.39309929E+000  0.62573392E+000
  0.20369915E+000  0.29106984E+000  0.39309661E+000  0.62572875E+000
  0.20369904E+000  0.29106828E+000  0.39309391E+000  0.62572360E+000
  0.20369882E+000  0.29106667E+000  0.39309120E+000  0.62571849E+000
  0.20369848E+000  0.29106501E+000  0.39308849E+000  0.62571343E+000
  0.20369805E+000  0.29106331E+000  0.39308581E+000  0.62570843E+000
  0.20369752E+000  0.29106158E+000  0.39308314E+000  0.62570349E+000
  0.20369693E+000  0.29105983E+000  0.39308051E+000  0.62569863E+000
  0.20369626E+000  0.29105805E+000  0.39307792E+000  0.62569385E+000
  0.20369554E+000  0.29105625E+000  0.39307537E+000  0.62568916E+000
  0.20369477E+000  0.29105445E+000  0.39307288E+000  0.62568456E+000
  0.20369395E+000  0.29105263E+000  0.39307043E+000  0.62568005E+000
  0.20369309E+000  0.29105080E+000  0.39306805E+000  0.62567565E+000
  0.20369220E+000  0.29104897E+000  0.39306583E+000  0.62567124E+000
  0.20369129E+000  0.29104714E+000  0.39308552E+000  0.62564508E+000
  0.20369035E+000  0.29104532E+000  0.39320070E+000  0.62552360E+000
  0.20368939E+000  0.29104350E+000  0.39327819E+000  0.62543997E+000
  0.20368842E+000  0.29104168E+000  0.39327612E+000  0.62543607E+000
  0.20368743E+000  0.29103988E+000  0.39327412E+000  0.62543227E+000
  0.20368644E+000  0.29103808E+000  0.39327219E+000  0.62542856E+000
  0.20368544E+000  0.29103630E+000  0.39327033E+000  0.62542495E+000
  0.20368444E+000  0.29103453E+000  0.39326853E+000  0.62542144E+000
  0.20368344E+000  0.29103278E+000  0.39326680E+000  0.62541803E+000
  0.20368243E+000  0.29103105E+000  0.39326513E+000  0.62541470E+000
  0.20368143E+000  0.29102934E+000  0.39326353E+000  0.62541147E+000
  0.20368044E+000  0.29102765E+000  0.39326199E+000  0.62540832E+000
  0.20367945E+000  0.29102598E+000  0.39326052E+000  0.62540526E+000
  0.20367848E+000  0.29102433E+000  0.39325910E+000  0.62540228E+000
  0.20367751E+000  0.29102271E+000  0.39325779E+000  0.62539939E+000
  0.20367655E+000  0.29102112E+000  0.39325661E+000  0.62539657E+000
  0.20367561E+000  0.29101955E+000  0.39325549E+000  0.62539384E+000
  0.20367469E+000  0.29101801E+000  0.39325444E+000  0.62539118E+000
  0.20367378E+000  0.29101650E+000  0.39325345E+000  0.62538860E+000
  0.20367289E+000  0.29101502E+000  0.39325250E+000  0.62538609E+000
  0.20367201E+000  0.29101356E+000  0.39325161E+000  0.62538365E+000
  0.20367115E+000  0.29101214E+000  0.39325077E+000  0.62538128E+000
  0.20367031E+000  0.29101074E+000  0.39324996E+000  0.62537897E+000
  0.20366949E+000  0.29100938E+000  0.39324920E+000  0.62537673E+000
  0.20366869E+000  0.29100805E+000  0.39324848E+000  0.62537455E+000
  0.20366791E+000  0.29100675E+000  0.39324779E+000  0.62537244E+000
  0.20366715E+000  0.29100547E+000  0.39324714E+000  0.62537038E+000
  0.20366640E+000  0.29100423E+000  0.39324652E+000  0.62536838E+000
  0.20366568E+000  0.29100302E+000  0.39324594E+000  0.62536644E+000
  0.20366497E+000  0.29100184E+000  0.39324538E+000  0.62536455E+000
  0.20366429E+000  0.29100069E+000  0.39324486E+000  0.62536271E+000
  0.20366362E+000  0.29099957E+000  0.39324436E+000  0.62536093E+000
  0.20366297E+000  0.29099848E+000  0.39324388E+000  0.62535920E+000
  0.20366234E+000  0.29099742E+000  0.39324343E+000  0.62535751E+000
  0.20366174E+000  0.29099639E+000  0.39324300E+000  0.62535588E+000
  0.20366115E+000  0.29099539E+000  0.39324260E+000  0.62535429E+000
  0.20366057E+000  0.29099442E+000  0.39324221E+000  0.62535275E+000
  0.20366002E+000  0.29099347E+000  0.39324185E+000  0.62535125E+000
  0.20365948E+000  0.29099255E+000  0.39324150E+000  0.62534980E+000
  0.20365896E+000  0.29099166E+000  0.39324117E+000  0.62534839E+000
  0.20365846E+000  0.29099080E+000  0.39324085E+000  0.62534702E+000
  0.20365798E+000  0.29098996E+000  0.39324055E+000  0.62534569E+000
  0.20365751E+000  0.29098915E+000  0.39324026E+000  0.62534440E+000
  0.20365706E+000  0.29098836E+000  0.39323999E+000  0.62534314E+000
  0.20365662E+000  0.29098760E+000  0.39323973E+000  0.62534193E+000
  0.20365620E+000  0.29098686E+000  0.39323948E+000  0.62534075E+000
  0.20365579E+000  0.29098614E+000  0.39323925E+000  0.62533961E+000
  0.20365540E+000  0.29098545E+000  0.39323902E+000  0.62533850E+000
  0.20365502E+000  0.29098479E+000  0.39323881E+000  0.62533742E+000
  0.20365466E+000  0.29098414E+000  0.39323860E+000  0.62533638E+000
  0.20365430E+000  0.29098351E+000  0.39323841E+000  0.62533537E+000
  0.20365397E+000  0.29098291E+000  0.39323822E+000  0.62533440E+000
  0.20365364E+000  0.29098233E+000  0.39323804E+000  0.62533345E+000
  0.20365333E+000  0.29098176E+000  0.39323787E+000  0.62533253E+000
  0.20365303E+000  0.29098122E+000  0.39323771E+000  0.62533164E+000
  0.20365274E+000  0.29098070E+000  0.39323755E+000  0.62533078E+000
  0.20365246E+000  0.29098019E+000  0.39323740E+000  0.62532995E+000
  0.20365220E+000  0.29097970E+000  0.39323726E+000  0.62532914E+000
  0.20365194E+000  0.29097923E+000  0.39323712E+000  0.62532837E+000
  0.20365169E+000  0.29097878E+000  0.39323699E+000  0.62532761E+000
  0.20365146E+000  0.29097834E+000  0.39323686E+000  0.62532688E+000
  0.20365123E+000  0.29097792E+000  0.39323674E+000  0.62532618E+000
  0.20365102E+000  0.29097751E+000  0.39323663E+000  0.62532550E+000
  0.20365081E+000  0.29097712E+000  0.39323652E+000  0.62532484E+000
  0.20365061E+000  0.29097674E+000  0.39323641E+000  0.62532420E+000
  0.20365042E+000  0.29097638E+000  0.39323631E+000  0.62532358E+000
  0.20365023E+000  0.29097603E+000  0.39323621E+000  0.62532299E+000
  0.20365006E+000  0.29097570E+000  0.39323611E+000  0.62532242E+000
  0.20364989E+000  0.29097537E+000  0.39323602E+000  0.62532186E+000
  0.20364973E+000  0.29097506E+000  0.39323594E+000  0.62532133E+000
  0.20364958E+000  0.29097476E+000  0.39323585E+000  0.62532081E+000
  0.20364943E+000  0.29097448E+000  0.39323577E+000  0.62532031E+000
  0.20364929E+000  0.29097420E+000  0.39323570E+000  0.62531983E+000
  0.20364915E+000  0.29097393E+000  0.39323562E+000  0.62531936E+000
  0.20364902E+000  0.29097368E+000  0.39323555E+000  0.62531891E+000
  0.20364890E+000  0.29097343E+000  0.39323548E+000  0.62531848E+000
  0.20364878E+000  0.29097319E+000  0.39323542E+000  0.62531806E+000
  0.20364867E+000  0.29097296E+000  0.39323535E+000  0.62531766E+000
  0.20364856E+000  0.29097275E+000  0.39323529E+000  0.62531727E+000
  0.20364846E+000  0.29097254E+000  0.39323523E+000  0.62531690E+000
  0.20364836E+000  0.29097233E+000  0.39323518E+000  0.62531653E+000
  0.20364826E+000  0.29097214E+000  0.39323512E+000  0.62531619E+000
  0.20364817E+000  0.29097195E+000  0.39323507E+000  0.62531585E+000
  0.20364809E+000  0.29097177E+000  0.39323502E+000  0.62531553E+000
  0.20364801E+000  0.29097160E+000  0.39323497E+000  0.62531521E+000
  0.20364793E+000  0.29097143E+000  0.39323492E+000  0.62531491E+000
  0.20364785E+000  0.29097127E+000  0.39323488E+000  0.62531462E+000
  0.20364778E+000  0.29097112E+000  0.39323483E+000  0.62531435E+000
  0.20364771E+000  0.29097097E+000  0.39323479E+000  0.62531408E+000
  0.20364765E+000  0.29097083E+000  0.39323475E+000  0.62531382E+000
  0.20364759E+000  0.29097070E+000  0.39323471E+000  0.62531357E+000
  0.20364753E+000  0.29097056E+000  0.39323467E+000  0.62531333E+000
  0.20364747E+000  0.29097044E+000  0.39323464E+000  0.62531310E+000
  0.20364742E+000  0.29097032E+000  0.39323460E+000  0.62531287E+000
  0.20364736E+000  0.29097020E+000  0.39323457E+000  0.62531266E+000
  0.20364731E+000  0.29097009E+000  0.39323453E+000  0.62531245E+000
  0.20364727E+000  0.29096998E+000  0.39323450E+000  0.62531225E+000
  0.20364722E+000  0.29096988E+000  0.39323447E+000  0.62531206E+000
  0.20364718E+000  0.29096978E+000  0.39323444E+000  0.62531188E+000
  0.20364714E+000  0.29096969E+000  0.39323441E+000  0.62531170E+000
  0.20364710E+000  0.29096959E+000  0.39323439E+000  0.62531153E+000
  0.20364706E+000  0.29096950E+000  0.39323436E+000  0.62531136E+000
  0.20364701E+000  0.29096941E+000  0.39323432E+000  0.62531119E+000
  0.20364696E+000  0.29096931E+000  0.39323427E+000  0.62531102E+000
