 -0.12816228E-001
 -0.12862430E-001
 -0.12891107E-001
 -0.12909509E-001
 -0.12921112E-001
 -0.12928038E-001
 -0.12931501E-001
 -0.12932371E-001
 -0.12931311E-001
 -0.12928824E-001
 -0.12925311E-001
 -0.12921077E-001
 -0.12916357E-001
 -0.12911338E-001
 -0.12906166E-001
 -0.12900952E-001
 -0.12895783E-001
 -0.12890722E-001
 -0.12885816E-001
 -0.12881097E-001
 -0.12876590E-001
 -0.12872309E-001
 -0.12868262E-001
 -0.12864452E-001
 -0.12860879E-001
 -0.12857539E-001
 -0.12854426E-001
 -0.12851532E-001
 -0.12848849E-001
 -0.12846365E-001
 -0.12844071E-001
 -0.12841955E-001
 -0.12840007E-001
 -0.12838214E-001
 -0.12836567E-001
 -0.12835055E-001
 -0.12833667E-001
 -0.12832394E-001
 -0.12831227E-001
 -0.12830157E-001
 -0.12829175E-001
 -0.12828275E-001
 -0.12827450E-001
 -0.12826693E-001
 -0.12825999E-001
 -0.12825363E-001
 -0.12824778E-001
 -0.12824242E-001
 -0.12823751E-001
 -0.12823300E-001
 -0.12822886E-001
 -0.12822506E-001
 -0.12822157E-001
 -0.12821837E-001
 -0.12821543E-001
 -0.12821273E-001
 -0.12821026E-001
 -0.12820798E-001
 -0.12820588E-001
 -0.12820394E-001
 -0.12820216E-001
 -0.12820051E-001
 -0.12819899E-001
 -0.12819757E-001
 -0.12819626E-001
 -0.12819504E-001
 -0.12819390E-001
 -0.12819283E-001
 -0.12819184E-001
 -0.12819090E-001
 -0.12819002E-001
 -0.12818918E-001
 -0.12818839E-001
 -0.12818764E-001
 -0.12818693E-001
 -0.12818625E-001
 -0.12818561E-001
 -0.12818499E-001
 -0.12818440E-001
 -0.12818383E-001
 -0.12818328E-001
 -0.12818276E-001
 -0.12818226E-001
 -0.12818178E-001
 -0.12818131E-001
 -0.12818087E-001
 -0.12818044E-001
 -0.12818003E-001
 -0.12817963E-001
 -0.12817925E-001
 -0.12817889E-001
 -0.12817854E-001
 -0.12817820E-001
 -0.12817787E-001
 -0.12817756E-001
 -0.12817726E-001
 -0.12817696E-001
 -0.12817668E-001
 -0.12817640E-001
 -0.12817613E-001
 -0.12817587E-001
 -0.12817560E-001
 -0.12817534E-001
 -0.12817508E-001
 -0.12817482E-001
 -0.12817456E-001
 -0.12817430E-001
 -0.12817403E-001
 -0.12817376E-001
 -0.12817348E-001
 -0.12817320E-001
 -0.12817291E-001
 -0.12817261E-001
 -0.12817231E-001
 -0.12817199E-001
 -0.12817167E-001
 -0.12817134E-001
 -0.12817101E-001
 -0.12817067E-001
 -0.12817032E-001
 -0.12816997E-001
 -0.12816961E-001
 -0.12816926E-001
 -0.12816890E-001
 -0.12816854E-001
 -0.12816819E-001
 -0.12816784E-001
 -0.12816750E-001
 -0.12816716E-001
 -0.12816683E-001
 -0.12816652E-001
 -0.12816621E-001
 -0.12816591E-001
 -0.12816563E-001
 -0.12816536E-001
 -0.12816511E-001
 -0.12816487E-001
 -0.12816464E-001
 -0.12816443E-001
 -0.12816423E-001
 -0.12816405E-001
 -0.12816388E-001
 -0.12816372E-001
 -0.12816358E-001
 -0.12816345E-001
 -0.12816333E-001
 -0.12816322E-001
 -0.12816312E-001
 -0.12816303E-001
 -0.12816296E-001
 -0.12816289E-001
 -0.12816283E-001
 -0.12816277E-001
 -0.12816273E-001
 -0.12816269E-001
 -0.12816266E-001
 -0.12816263E-001
 -0.12816261E-001
 -0.12816260E-001
 -0.12816259E-001
 -0.12816258E-001
 -0.12816258E-001
 -0.12816258E-001
 -0.12816259E-001
 -0.12816259E-001
 -0.12816260E-001
 -0.12816261E-001
 -0.12816263E-001
 -0.12816264E-001
 -0.12816265E-001
 -0.12816266E-001
 -0.12816267E-001
 -0.12816268E-001
 -0.12816269E-001
 -0.12816269E-001
 -0.12816270E-001
 -0.12816270E-001
 -0.12816269E-001
 -0.12816269E-001
 -0.12816268E-001
 -0.12816267E-001
 -0.12816266E-001
 -0.12816264E-001
 -0.12816262E-001
 -0.12816260E-001
 -0.12816258E-001
 -0.12816255E-001
 -0.12816253E-001
 -0.12816250E-001
 -0.12816247E-001
 -0.12816244E-001
 -0.12816241E-001
 -0.12816238E-001
 -0.12816236E-001
 -0.12816234E-001
 -0.12816232E-001
 -0.12816228E-001
 -0.12816221E-001
 -0.12816207E-001
 -0.12816195E-001
