  0.71411038E+000
  0.71329149E+000
  0.71262634E+000
  0.71208944E+000
  0.71166004E+000
  0.71132111E+000
  0.71105808E+000
  0.71085856E+000
  0.71071205E+000
  0.71060972E+000
  0.71054409E+000
  0.71050890E+000
  0.71049895E+000
  0.71050988E+000
  0.71053805E+000
  0.71058037E+000
  0.71063431E+000
  0.71069771E+000
  0.71076880E+000
  0.71084606E+000
  0.71092826E+000
  0.71101433E+000
  0.71110339E+000
  0.71119470E+000
  0.71128763E+000
  0.71138164E+000
  0.71147630E+000
  0.71157120E+000
  0.71166604E+000
  0.71176051E+000
  0.71185439E+000
  0.71194747E+000
  0.71203955E+000
  0.71213048E+000
  0.71222012E+000
  0.71230835E+000
  0.71239506E+000
  0.71248015E+000
  0.71256353E+000
  0.71264513E+000
  0.71272488E+000
  0.71280272E+000
  0.71287858E+000
  0.71295242E+000
  0.71302419E+000
  0.71309384E+000
  0.71316135E+000
  0.71322668E+000
  0.71328980E+000
  0.71335070E+000
  0.71340934E+000
  0.71346573E+000
  0.71351985E+000
  0.71357171E+000
  0.71362130E+000
  0.71366864E+000
  0.71371374E+000
  0.71375662E+000
  0.71379729E+000
  0.71383580E+000
  0.71387215E+000
  0.71390640E+000
  0.71393857E+000
  0.71396872E+000
  0.71399687E+000
  0.71402308E+000
  0.71404740E+000
  0.71406989E+000
  0.71409059E+000
  0.71410958E+000
  0.71412691E+000
  0.71414265E+000
  0.71415688E+000
  0.71416967E+000
  0.71418109E+000
  0.71419122E+000
  0.71420015E+000
  0.71420794E+000
  0.71421470E+000
  0.71422048E+000
  0.71422538E+000
  0.71422946E+000
  0.71423281E+000
  0.71423549E+000
  0.71423756E+000
  0.71423910E+000
  0.71424015E+000
  0.71424078E+000
  0.71424103E+000
  0.71424093E+000
  0.71424054E+000
  0.71423989E+000
  0.71423901E+000
  0.71423792E+000
  0.71423666E+000
  0.71423524E+000
  0.71423368E+000
  0.71423200E+000
  0.71423021E+000
  0.71422833E+000
  0.71422638E+000
  0.71422435E+000
  0.71422226E+000
  0.71422012E+000
  0.71421795E+000
  0.71421574E+000
  0.71421350E+000
  0.71421124E+000
  0.71420897E+000
  0.71420669E+000
  0.71420441E+000
  0.71420214E+000
  0.71419987E+000
  0.71419762E+000
  0.71419538E+000
  0.71419317E+000
  0.71419098E+000
  0.71418882E+000
  0.71418669E+000
  0.71418459E+000
  0.71418252E+000
  0.71418049E+000
  0.71417849E+000
  0.71417653E+000
  0.71417461E+000
  0.71417273E+000
  0.71417088E+000
  0.71416907E+000
  0.71416730E+000
  0.71416557E+000
  0.71416388E+000
  0.71416222E+000
  0.71416060E+000
  0.71415901E+000
  0.71415746E+000
  0.71415595E+000
  0.71415446E+000
  0.71415302E+000
  0.71415161E+000
  0.71415023E+000
  0.71414888E+000
  0.71414757E+000
  0.71414629E+000
  0.71414504E+000
  0.71414382E+000
  0.71414264E+000
  0.71414149E+000
  0.71414036E+000
  0.71413927E+000
  0.71413821E+000
  0.71413718E+000
  0.71413618E+000
  0.71413521E+000
  0.71413426E+000
  0.71413335E+000
  0.71413246E+000
  0.71413160E+000
  0.71413077E+000
  0.71412997E+000
  0.71412919E+000
  0.71412844E+000
  0.71412771E+000
  0.71412700E+000
  0.71412632E+000
  0.71412567E+000
  0.71412503E+000
  0.71412442E+000
  0.71412383E+000
  0.71412326E+000
  0.71412271E+000
  0.71412218E+000
  0.71412166E+000
  0.71412117E+000
  0.71412070E+000
  0.71412024E+000
  0.71411980E+000
  0.71411937E+000
  0.71411896E+000
  0.71411857E+000
  0.71411819E+000
  0.71411783E+000
  0.71411748E+000
  0.71411714E+000
  0.71411682E+000
  0.71411651E+000
  0.71411621E+000
  0.71411593E+000
  0.71411566E+000
  0.71411539E+000
  0.71411514E+000
  0.71411490E+000
  0.71411467E+000
  0.71411445E+000
  0.71411424E+000
  0.71411404E+000
  0.71411385E+000
  0.71411367E+000
  0.71411349E+000
  0.71411331E+000
  0.71411314E+000
