  0.11236456E+001
  0.11232636E+001
  0.11229740E+001
  0.11227446E+001
  0.11225588E+001
  0.11224063E+001
  0.11222809E+001
  0.11221779E+001
  0.11220934E+001
  0.11220243E+001
  0.11219682E+001
  0.11219229E+001
  0.11218867E+001
  0.11218582E+001
  0.11218361E+001
  0.11218195E+001
  0.11218074E+001
  0.11217991E+001
  0.11217940E+001
  0.11217916E+001
  0.11217915E+001
  0.11217933E+001
  0.11217967E+001
  0.11218014E+001
  0.11218072E+001
  0.11218139E+001
  0.11218214E+001
  0.11218295E+001
  0.11218380E+001
  0.11218469E+001
  0.11218561E+001
  0.11218654E+001
  0.11218749E+001
  0.11218844E+001
  0.11218940E+001
  0.11219034E+001
  0.11219128E+001
  0.11219221E+001
  0.11219312E+001
  0.11219402E+001
  0.11219489E+001
  0.11219574E+001
  0.11219657E+001
  0.11219737E+001
  0.11219815E+001
  0.11219889E+001
  0.11219961E+001
  0.11220030E+001
  0.11220097E+001
  0.11220160E+001
  0.11220220E+001
  0.11220278E+001
  0.11220333E+001
  0.11220386E+001
  0.11220435E+001
  0.11220483E+001
  0.11220528E+001
  0.11220571E+001
  0.11220611E+001
  0.11220650E+001
  0.11220687E+001
  0.11220722E+001
  0.11220756E+001
  0.11220788E+001
  0.11220819E+001
  0.11220849E+001
  0.11220877E+001
  0.11220905E+001
  0.11220931E+001
  0.11220957E+001
  0.11220982E+001
  0.11221006E+001
  0.11221030E+001
  0.11221053E+001
  0.11221076E+001
  0.11221099E+001
  0.11221121E+001
  0.11221142E+001
  0.11221164E+001
  0.11221185E+001
  0.11221206E+001
  0.11221228E+001
  0.11221249E+001
  0.11221269E+001
  0.11221290E+001
  0.11221311E+001
  0.11221332E+001
  0.11221354E+001
  0.11221375E+001
  0.11221396E+001
  0.11221418E+001
  0.11221440E+001
  0.11221462E+001
  0.11221484E+001
  0.11221507E+001
  0.11221529E+001
  0.11221553E+001
  0.11221576E+001
  0.11221600E+001
  0.11221624E+001
  0.11221649E+001
  0.11221673E+001
  0.11221699E+001
  0.11221724E+001
  0.11221750E+001
  0.11221777E+001
  0.11221804E+001
  0.11221831E+001
  0.11221859E+001
  0.11221887E+001
  0.11221916E+001
  0.11221945E+001
  0.11221974E+001
  0.11222004E+001
  0.11222034E+001
  0.11222065E+001
  0.11222097E+001
  0.11222128E+001
  0.11222161E+001
  0.11222193E+001
  0.11222226E+001
  0.11222260E+001
  0.11222294E+001
  0.11222329E+001
  0.11222364E+001
  0.11222399E+001
  0.11222434E+001
  0.11222470E+001
  0.11222507E+001
  0.11222543E+001
  0.11222580E+001
  0.11222617E+001
  0.11222653E+001
  0.11222690E+001
  0.11222727E+001
  0.11222763E+001
  0.11222800E+001
  0.11222836E+001
  0.11222871E+001
  0.11222906E+001
  0.11222941E+001
  0.11222975E+001
  0.11223008E+001
  0.11223040E+001
  0.11223072E+001
  0.11223102E+001
  0.11223132E+001
  0.11223160E+001
  0.11223188E+001
  0.11223214E+001
  0.11223240E+001
  0.11223264E+001
  0.11223287E+001
  0.11223309E+001
  0.11223330E+001
  0.11223350E+001
  0.11223369E+001
  0.11223386E+001
  0.11223403E+001
  0.11223419E+001
  0.11223433E+001
  0.11223447E+001
  0.11223460E+001
  0.11223472E+001
  0.11223483E+001
  0.11223494E+001
  0.11223503E+001
  0.11223512E+001
  0.11223521E+001
  0.11223528E+001
  0.11223535E+001
  0.11223542E+001
  0.11223548E+001
  0.11223554E+001
  0.11223559E+001
  0.11223563E+001
  0.11223568E+001
  0.11223572E+001
  0.11223575E+001
  0.11223579E+001
  0.11223582E+001
  0.11223585E+001
  0.11223587E+001
  0.11223590E+001
  0.11223592E+001
  0.11223594E+001
  0.11223596E+001
  0.11223597E+001
  0.11223599E+001
  0.11223600E+001
  0.11223601E+001
  0.11223602E+001
  0.11223604E+001
  0.11223604E+001
  0.11223605E+001
  0.11223606E+001
  0.11223606E+001
  0.11223607E+001
  0.11223608E+001
  0.11223611E+001
