  0.67905297E+000
  0.67741698E+000
  0.67761092E+000
  0.67774809E+000
  0.67784981E+000
  0.67792621E+000
  0.67798424E+000
  0.67802967E+000
  0.67806607E+000
  0.67809363E+000
  0.67811519E+000
  0.67813301E+000
  0.67814774E+000
  0.67816001E+000
  0.67817027E+000
  0.67817882E+000
  0.67818592E+000
  0.67819173E+000
  0.67819684E+000
  0.67820141E+000
  0.67820497E+000
  0.67820766E+000
  0.67820955E+000
  0.67821079E+000
  0.67821142E+000
  0.67821153E+000
  0.67821122E+000
  0.67821052E+000
  0.67820950E+000
  0.67820823E+000
  0.67820669E+000
  0.67820499E+000
  0.67820314E+000
  0.67820117E+000
  0.67819912E+000
  0.67819699E+000
  0.67819484E+000
  0.67819266E+000
  0.67819048E+000
  0.67818829E+000
  0.67818615E+000
  0.67818403E+000
  0.67818199E+000
  0.67817999E+000
  0.67817805E+000
  0.67817618E+000
  0.67817438E+000
  0.67817266E+000
  0.67817100E+000
  0.67816943E+000
  0.67816792E+000
  0.67816649E+000
  0.67816514E+000
  0.67816388E+000
  0.67816266E+000
  0.67816150E+000
  0.67816043E+000
  0.67815941E+000
  0.67815848E+000
  0.67815760E+000
  0.67815678E+000
  0.67815603E+000
  0.67815533E+000
  0.67815471E+000
  0.67815415E+000
  0.67815364E+000
  0.67815321E+000
  0.67815283E+000
  0.67815250E+000
  0.67815224E+000
  0.67815203E+000
  0.67815191E+000
  0.67815183E+000
  0.67815180E+000
  0.67815186E+000
  0.67815195E+000
  0.67815211E+000
  0.67815233E+000
  0.67815258E+000
  0.67815290E+000
  0.67815326E+000
  0.67815365E+000
  0.67815409E+000
  0.67815457E+000
  0.67815508E+000
  0.67815561E+000
  0.67815617E+000
  0.67815674E+000
  0.67815734E+000
  0.67815792E+000
  0.67815853E+000
  0.67815914E+000
  0.67815976E+000
  0.67816037E+000
  0.67816098E+000
  0.67816160E+000
  0.67816220E+000
  0.67816282E+000
  0.67816341E+000
  0.67816399E+000
  0.67816458E+000
  0.67816514E+000
  0.67816572E+000
  0.67816626E+000
  0.67816681E+000
  0.67816735E+000
  0.67816786E+000
  0.67816840E+000
  0.67816890E+000
  0.67816939E+000
  0.67816989E+000
  0.67817037E+000
  0.67817082E+000
  0.67817129E+000
  0.67817173E+000
  0.67817217E+000
  0.67817260E+000
  0.67817300E+000
  0.67817341E+000
  0.67817380E+000
  0.67817418E+000
  0.67817456E+000
  0.67817493E+000
  0.67817525E+000
  0.67817561E+000
  0.67817594E+000
  0.67817626E+000
  0.67817654E+000
  0.67817684E+000
  0.67817710E+000
  0.67817739E+000
  0.67817764E+000
  0.67817788E+000
  0.67817811E+000
  0.67817834E+000
  0.67817854E+000
  0.67817873E+000
  0.67817893E+000
  0.67817910E+000
  0.67817929E+000
  0.67817943E+000
  0.67817959E+000
  0.67817974E+000
  0.67817986E+000
  0.67817998E+000
  0.67818008E+000
  0.67818018E+000
  0.67818029E+000
  0.67818037E+000
  0.67818045E+000
  0.67818052E+000
  0.67818056E+000
  0.67818063E+000
  0.67818068E+000
  0.67818071E+000
  0.67818075E+000
  0.67818078E+000
  0.67818080E+000
  0.67818082E+000
  0.67818083E+000
  0.67818085E+000
  0.67818084E+000
  0.67818084E+000
  0.67818083E+000
  0.67818082E+000
  0.67818081E+000
  0.67818080E+000
  0.67818077E+000
  0.67818077E+000
  0.67818074E+000
  0.67818070E+000
  0.67818066E+000
  0.67818064E+000
  0.67818061E+000
  0.67818057E+000
  0.67818053E+000
  0.67818050E+000
  0.67818045E+000
  0.67818041E+000
  0.67818037E+000
  0.67818033E+000
  0.67818029E+000
  0.67818024E+000
  0.67818019E+000
  0.67818014E+000
  0.67818009E+000
  0.67818006E+000
  0.67818002E+000
  0.67817997E+000
  0.67817995E+000
  0.67817991E+000
  0.67817986E+000
  0.67817978E+000
  0.67817977E+000
  0.67817971E+000
  0.67817968E+000
  0.67817962E+000
  0.67817960E+000
  0.67817957E+000
  0.67817952E+000
