  0.61600647E+000  0.85927778E+000  0.11261364E+001  0.22852769E+001
  0.61581753E+000  0.85911606E+000  0.11256296E+001  0.22841692E+001
  0.61569629E+000  0.85892644E+000  0.11254747E+001  0.22830802E+001
  0.61567034E+000  0.85855325E+000  0.11254775E+001  0.22822176E+001
  0.61555629E+000  0.85850543E+000  0.11252938E+001  0.22815308E+001
  0.61548842E+000  0.85843128E+000  0.11253476E+001  0.22807651E+001
  0.61541643E+000  0.85839855E+000  0.11251387E+001  0.22803691E+001
  0.61537639E+000  0.85835565E+000  0.11249472E+001  0.22800529E+001
  0.61533572E+000  0.85833029E+000  0.11248487E+001  0.22797250E+001
  0.61530937E+000  0.85822841E+000  0.11251585E+001  0.22791318E+001
  0.61528640E+000  0.85823177E+000  0.11236204E+001  0.22789576E+001
  0.61526681E+000  0.85817892E+000  0.11249729E+001  0.22787610E+001
  0.61525083E+000  0.85816636E+000  0.11249394E+001  0.22785844E+001
  0.61522966E+000  0.85814691E+000  0.11249182E+001  0.22784517E+001
  0.61521795E+000  0.85814097E+000  0.11248674E+001  0.22783622E+001
  0.61521035E+000  0.85812605E+000  0.11248549E+001  0.22782696E+001
  0.61520577E+000  0.85812273E+000  0.11248699E+001  0.22781601E+001
  0.61520266E+000  0.85808503E+000  0.11248904E+001  0.22780995E+001
  0.61520055E+000  0.85808369E+000  0.11248801E+001  0.22780502E+001
  0.61519791E+000  0.85808489E+000  0.11248724E+001  0.22780117E+001
  0.61519759E+000  0.85808589E+000  0.11249655E+001  0.22778835E+001
  0.61519818E+000  0.85808501E+000  0.11249637E+001  0.22778622E+001
  0.61519882E+000  0.85808740E+000  0.11249608E+001  0.22778484E+001
  0.61520007E+000  0.85807882E+000  0.11249710E+001  0.22778401E+001
  0.61520147E+000  0.85808197E+000  0.11249710E+001  0.22778371E+001
  0.61519637E+000  0.85809162E+000  0.11249700E+001  0.22778411E+001
  0.61519876E+000  0.85809456E+000  0.11249720E+001  0.22778465E+001
  0.61520145E+000  0.85809768E+000  0.11249746E+001  0.22778553E+001
  0.61520428E+000  0.85810087E+000  0.11249776E+001  0.22778672E+001
  0.61520720E+000  0.85810386E+000  0.11249806E+001  0.22778825E+001
  0.61521017E+000  0.85810711E+000  0.11249845E+001  0.22778994E+001
  0.61521293E+000  0.85811057E+000  0.11249887E+001  0.22779184E+001
  0.61521592E+000  0.85810872E+000  0.11249982E+001  0.22779392E+001
  0.61521890E+000  0.85811185E+000  0.11250027E+001  0.22779617E+001
  0.61522060E+000  0.85811615E+000  0.11250075E+001  0.22779857E+001
  0.61522349E+000  0.85811913E+000  0.11250123E+001  0.22780110E+001
  0.61522632E+000  0.85812203E+000  0.11250155E+001  0.22780392E+001
  0.61522705E+000  0.85812686E+000  0.11250204E+001  0.22780669E+001
  0.61522973E+000  0.85812956E+000  0.11250253E+001  0.22780957E+001
  0.61523234E+000  0.85813213E+000  0.11250303E+001  0.22781253E+001
  0.61523485E+000  0.85813458E+000  0.11250352E+001  0.22781558E+001
  0.61523728E+000  0.85813692E+000  0.11250401E+001  0.22781871E+001
  0.61523962E+000  0.85813914E+000  0.11250450E+001  0.22782191E+001
  0.61524187E+000  0.85814124E+000  0.11250498E+001  0.22782518E+001
  0.61524404E+000  0.85814324E+000  0.11250546E+001  0.22782851E+001
  0.61524613E+000  0.85814512E+000  0.11250594E+001  0.22783190E+001
  0.61524814E+000  0.85814691E+000  0.11250641E+001  0.22783534E+001
  0.61525008E+000  0.85814860E+000  0.11250689E+001  0.22783883E+001
  0.61525196E+000  0.85815020E+000  0.11250735E+001  0.22784236E+001
  0.61525379E+000  0.85815172E+000  0.11250782E+001  0.22784595E+001
  0.61525557E+000  0.85815316E+000  0.11250829E+001  0.22784957E+001
  0.61525731E+000  0.85815454E+000  0.11250876E+001  0.22785322E+001
  0.61525900E+000  0.85815584E+000  0.11250923E+001  0.22785690E+001
  0.61526064E+000  0.85815706E+000  0.11250969E+001  0.22786060E+001
  0.61526223E+000  0.85815823E+000  0.11251015E+001  0.22786430E+001
  0.61526378E+000  0.85815931E+000  0.11251060E+001  0.22786799E+001
  0.61526528E+000  0.85816033E+000  0.11251104E+001  0.22787167E+001
  0.61526673E+000  0.85816129E+000  0.11251147E+001  0.22787531E+001
  0.61526814E+000  0.85816219E+000  0.11251190E+001  0.22787893E+001
  0.61526952E+000  0.85816304E+000  0.11251233E+001  0.22788252E+001
  0.61527086E+000  0.85816385E+000  0.11251275E+001  0.22788606E+001
  0.61527218E+000  0.85816461E+000  0.11251316E+001  0.22788957E+001
  0.61527346E+000  0.85816535E+000  0.11251357E+001  0.22789302E+001
  0.61527472E+000  0.85816605E+000  0.11251397E+001  0.22789643E+001
  0.61527595E+000  0.85816673E+000  0.11251437E+001  0.22789978E+001
  0.61527716E+000  0.85816738E+000  0.11251477E+001  0.22790307E+001
  0.61527834E+000  0.85816801E+000  0.11251516E+001  0.22790631E+001
  0.61527950E+000  0.85816862E+000  0.11251555E+001  0.22790948E+001
  0.61528064E+000  0.85816922E+000  0.11251593E+001  0.22791259E+001
  0.61528175E+000  0.85816980E+000  0.11251632E+001  0.22791563E+001
  0.61528284E+000  0.85817037E+000  0.11251670E+001  0.22791861E+001
  0.61528391E+000  0.85817093E+000  0.11251707E+001  0.22792153E+001
  0.61528495E+000  0.85817148E+000  0.11251745E+001  0.22792438E+001
  0.61528597E+000  0.85817203E+000  0.11251783E+001  0.22792718E+001
  0.61528697E+000  0.85817256E+000  0.11251820E+001  0.22792991E+001
  0.61528795E+000  0.85817310E+000  0.11251857E+001  0.22793259E+001
  0.61528891E+000  0.85817363E+000  0.11251895E+001  0.22793521E+001
  0.61528984E+000  0.85817415E+000  0.11251932E+001  0.22793778E+001
  0.61529076E+000  0.85817468E+000  0.11251969E+001  0.22794031E+001
  0.61529165E+000  0.85817520E+000  0.11252007E+001  0.22794279E+001
  0.61529253E+000  0.85817573E+000  0.11252044E+001  0.22794523E+001
  0.61529338E+000  0.85817625E+000  0.11252082E+001  0.22794763E+001
  0.61529422E+000  0.85817677E+000  0.11252120E+001  0.22795001E+001
  0.61529504E+000  0.85817730E+000  0.11252158E+001  0.22795235E+001
  0.61529585E+000  0.85817783E+000  0.11252196E+001  0.22795468E+001
  0.61529664E+000  0.85817836E+000  0.11252234E+001  0.22795698E+001
  0.61529741E+000  0.85817889E+000  0.11252272E+001  0.22795927E+001
  0.61529817E+000  0.85817943E+000  0.11252310E+001  0.22796155E+001
  0.61529891E+000  0.85817996E+000  0.11252349E+001  0.22796382E+001
  0.61529964E+000  0.85818050E+000  0.11252387E+001  0.22796609E+001
  0.61530036E+000  0.85818104E+000  0.11252426E+001  0.22796835E+001
  0.61530106E+000  0.85818158E+000  0.11252464E+001  0.22797062E+001
  0.61530175E+000  0.85818212E+000  0.11252503E+001  0.22797290E+001
  0.61530243E+000  0.85818267E+000  0.11252542E+001  0.22797518E+001
  0.61530310E+000  0.85818321E+000  0.11252580E+001  0.22797748E+001
  0.61530375E+000  0.85818375E+000  0.11252619E+001  0.22797978E+001
  0.61530439E+000  0.85818429E+000  0.11252658E+001  0.22798211E+001
  0.61530502E+000  0.85818483E+000  0.11252696E+001  0.22798444E+001
  0.61530563E+000  0.85818537E+000  0.11252734E+001  0.22798680E+001
  0.61530624E+000  0.85818590E+000  0.11252772E+001  0.22798918E+001
  0.61530683E+000  0.85818643E+000  0.11252810E+001  0.22799157E+001
  0.61530740E+000  0.85818696E+000  0.11252848E+001  0.22799399E+001
  0.61530796E+000  0.85818748E+000  0.11252886E+001  0.22799643E+001
  0.61530851E+000  0.85818799E+000  0.11252923E+001  0.22799889E+001
  0.61530905E+000  0.85818850E+000  0.11252960E+001  0.22800138E+001
  0.61530957E+000  0.85818899E+000  0.11252996E+001  0.22800389E+001
  0.61531008E+000  0.85818948E+000  0.11253032E+001  0.22800642E+001
  0.61531057E+000  0.85818997E+000  0.11253068E+001  0.22800898E+001
  0.61531105E+000  0.85819044E+000  0.11253104E+001  0.22801156E+001
  0.61531152E+000  0.85819090E+000  0.11253139E+001  0.22801417E+001
  0.61531197E+000  0.85819136E+000  0.11253173E+001  0.22801680E+001
  0.61531240E+000  0.85819180E+000  0.11253207E+001  0.22801945E+001
  0.61531282E+000  0.85819223E+000  0.11253241E+001  0.22802212E+001
  0.61531323E+000  0.85819265E+000  0.11253274E+001  0.22802482E+001
  0.61531362E+000  0.85819306E+000  0.11253306E+001  0.22802753E+001
  0.61531400E+000  0.85819345E+000  0.11253338E+001  0.22803027E+001
  0.61531437E+000  0.85819383E+000  0.11253369E+001  0.22803303E+001
  0.61531472E+000  0.85819420E+000  0.11253399E+001  0.22803580E+001
  0.61531505E+000  0.85819456E+000  0.11253429E+001  0.22803859E+001
  0.61531538E+000  0.85819491E+000  0.11253458E+001  0.22804139E+001
  0.61531568E+000  0.85819524E+000  0.11253487E+001  0.22804421E+001
  0.61531598E+000  0.85819556E+000  0.11253515E+001  0.22804704E+001
  0.61531626E+000  0.85819587E+000  0.11253542E+001  0.22804989E+001
  0.61531653E+000  0.85819617E+000  0.11253568E+001  0.22805274E+001
  0.61531679E+000  0.85819645E+000  0.11253594E+001  0.22805560E+001
  0.61531704E+000  0.85819672E+000  0.11253619E+001  0.22805846E+001
  0.61531727E+000  0.85819698E+000  0.11253643E+001  0.22806133E+001
  0.61531749E+000  0.85819723E+000  0.11253666E+001  0.22806419E+001
  0.61531771E+000  0.85819747E+000  0.11253689E+001  0.22806706E+001
  0.61531791E+000  0.85819769E+000  0.11253711E+001  0.22806993E+001
  0.61531810E+000  0.85819791E+000  0.11253732E+001  0.22807279E+001
  0.61531828E+000  0.85819811E+000  0.11253753E+001  0.22807564E+001
  0.61531845E+000  0.85819831E+000  0.11253772E+001  0.22807849E+001
  0.61531862E+000  0.85819849E+000  0.11253791E+001  0.22808132E+001
  0.61531877E+000  0.85819867E+000  0.11253809E+001  0.22808414E+001
  0.61531892E+000  0.85819883E+000  0.11253827E+001  0.22808694E+001
  0.61531906E+000  0.85819899E+000  0.11253843E+001  0.22808973E+001
  0.61531919E+000  0.85819914E+000  0.11253859E+001  0.22809250E+001
  0.61531931E+000  0.85819928E+000  0.11253875E+001  0.22809524E+001
  0.61531943E+000  0.85819941E+000  0.11253889E+001  0.22809797E+001
  0.61531954E+000  0.85819954E+000  0.11253903E+001  0.22810066E+001
  0.61531964E+000  0.85819966E+000  0.11253917E+001  0.22810333E+001
  0.61531974E+000  0.85819977E+000  0.11253929E+001  0.22810597E+001
  0.61531983E+000  0.85819988E+000  0.11253942E+001  0.22810858E+001
  0.61531992E+000  0.85819998E+000  0.11253953E+001  0.22811115E+001
  0.61532000E+000  0.85820007E+000  0.11253964E+001  0.22811369E+001
  0.61532008E+000  0.85820016E+000  0.11253975E+001  0.22811619E+001
  0.61532016E+000  0.85820024E+000  0.11253985E+001  0.22811865E+001
  0.61532023E+000  0.85820032E+000  0.11253994E+001  0.22812107E+001
  0.61532029E+000  0.85820040E+000  0.11254003E+001  0.22812345E+001
  0.61532035E+000  0.85820047E+000  0.11254011E+001  0.22812579E+001
  0.61532041E+000  0.85820053E+000  0.11254019E+001  0.22812808E+001
  0.61532047E+000  0.85820059E+000  0.11254027E+001  0.22813033E+001
  0.61532052E+000  0.85820065E+000  0.11254034E+001  0.22813254E+001
  0.61532057E+000  0.85820071E+000  0.11254041E+001  0.22813469E+001
  0.61532062E+000  0.85820076E+000  0.11254047E+001  0.22813680E+001
  0.61532066E+000  0.85820081E+000  0.11254053E+001  0.22813886E+001
  0.61532070E+000  0.85820085E+000  0.11254059E+001  0.22814087E+001
  0.61532074E+000  0.85820089E+000  0.11254064E+001  0.22814283E+001
  0.61532078E+000  0.85820093E+000  0.11254070E+001  0.22814474E+001
  0.61532082E+000  0.85820097E+000  0.11254074E+001  0.22814659E+001
  0.61532085E+000  0.85820101E+000  0.11254079E+001  0.22814840E+001
  0.61532088E+000  0.85820104E+000  0.11254083E+001  0.22815016E+001
  0.61532091E+000  0.85820107E+000  0.11254087E+001  0.22815186E+001
  0.61532094E+000  0.85820111E+000  0.11254091E+001  0.22815351E+001
  0.61532097E+000  0.85820113E+000  0.11254095E+001  0.22815511E+001
  0.61532099E+000  0.85820116E+000  0.11254098E+001  0.22815666E+001
  0.61532102E+000  0.85820119E+000  0.11254101E+001  0.22815816E+001
  0.61532104E+000  0.85820121E+000  0.11254104E+001  0.22815961E+001
  0.61532106E+000  0.85820123E+000  0.11254107E+001  0.22816101E+001
  0.61532108E+000  0.85820125E+000  0.11254110E+001  0.22816236E+001
  0.61532110E+000  0.85820127E+000  0.11254112E+001  0.22816366E+001
  0.61532112E+000  0.85820129E+000  0.11254114E+001  0.22816491E+001
  0.61532114E+000  0.85820131E+000  0.11254117E+001  0.22816612E+001
  0.61532116E+000  0.85820133E+000  0.11254119E+001  0.22816727E+001
  0.61532117E+000  0.85820135E+000  0.11254121E+001  0.22816839E+001
  0.61532119E+000  0.85820136E+000  0.11254122E+001  0.22816945E+001
  0.61532120E+000  0.85820137E+000  0.11254124E+001  0.22817047E+001
  0.61532121E+000  0.85820139E+000  0.11254126E+001  0.22817145E+001
  0.61532123E+000  0.85820140E+000  0.11254127E+001  0.22817239E+001
  0.61532124E+000  0.85820141E+000  0.11254129E+001  0.22817328E+001
  0.61532125E+000  0.85820142E+000  0.11254130E+001  0.22817414E+001
  0.61532126E+000  0.85820144E+000  0.11254131E+001  0.22817495E+001
  0.61532127E+000  0.85820145E+000  0.11254133E+001  0.22817573E+001
  0.61532128E+000  0.85820146E+000  0.11254134E+001  0.22817647E+001
  0.61532129E+000  0.85820146E+000  0.11254135E+001  0.22817717E+001
  0.61532130E+000  0.85820147E+000  0.11254136E+001  0.22817784E+001
  0.61532130E+000  0.85820148E+000  0.11254137E+001  0.22817848E+001
  0.61532131E+000  0.85820149E+000  0.11254138E+001  0.22817908E+001
  0.61532132E+000  0.85820149E+000  0.11254138E+001  0.22817965E+001
  0.61532132E+000  0.85820150E+000  0.11254139E+001  0.22818019E+001
  0.61532133E+000  0.85820151E+000  0.11254140E+001  0.22818071E+001
  0.61532133E+000  0.85820151E+000  0.11254140E+001  0.22818119E+001
  0.61532134E+000  0.85820152E+000  0.11254141E+001  0.22818165E+001
  0.61532134E+000  0.85820152E+000  0.11254142E+001  0.22818208E+001
  0.61532135E+000  0.85820153E+000  0.11254142E+001  0.22818249E+001
  0.61532135E+000  0.85820153E+000  0.11254143E+001  0.22818288E+001
  0.61532135E+000  0.85820154E+000  0.11254143E+001  0.22818324E+001
  0.61532136E+000  0.85820154E+000  0.11254144E+001  0.22818359E+001
  0.61532137E+000  0.85820156E+000  0.11254145E+001  0.22818391E+001
