  0.76808120E+000  0.88172643E+000  0.11099685E+001  0.21269214E+001
  0.76905097E+000  0.88083934E+000  0.11091194E+001  0.21257227E+001
  0.76958225E+000  0.88035219E+000  0.11084340E+001  0.21248092E+001
  0.76986520E+000  0.88008719E+000  0.11079295E+001  0.21240368E+001
  0.77000295E+000  0.87994963E+000  0.11075693E+001  0.21233645E+001
  0.77005217E+000  0.87988855E+000  0.11072863E+001  0.21228054E+001
  0.77004462E+000  0.87987609E+000  0.11070635E+001  0.21223385E+001
  0.76999861E+000  0.87989655E+000  0.11068879E+001  0.21219491E+001
  0.76992514E+000  0.87994080E+000  0.11067502E+001  0.21216237E+001
  0.76983117E+000  0.88000399E+000  0.11066430E+001  0.21213498E+001
  0.76972695E+000  0.88006548E+000  0.11065607E+001  0.21211208E+001
  0.76958225E+000  0.88016794E+000  0.11064989E+001  0.21209306E+001
  0.76940854E+000  0.88030578E+000  0.11064539E+001  0.21207728E+001
  0.76923444E+000  0.88044684E+000  0.11064228E+001  0.21206423E+001
  0.76907186E+000  0.88057787E+000  0.11064033E+001  0.21205354E+001
  0.76892500E+000  0.88069394E+000  0.11063932E+001  0.21204487E+001
  0.76879434E+000  0.88079436E+000  0.11063908E+001  0.21203790E+001
  0.76867887E+000  0.88088007E+000  0.11063946E+001  0.21203240E+001
  0.76857705E+000  0.88095263E+000  0.11064035E+001  0.21202814E+001
  0.76848723E+000  0.88101373E+000  0.11064163E+001  0.21202496E+001
  0.76840788E+000  0.88106491E+000  0.11064325E+001  0.21202272E+001
  0.76833765E+000  0.88110756E+000  0.11064511E+001  0.21202128E+001
  0.76827535E+000  0.88114286E+000  0.11064717E+001  0.21202055E+001
  0.76821995E+000  0.88117184E+000  0.11064939E+001  0.21202042E+001
  0.76817054E+000  0.88119538E+000  0.11065173E+001  0.21202082E+001
  0.76812633E+000  0.88121423E+000  0.11065416E+001  0.21202169E+001
  0.76808666E+000  0.88122904E+000  0.11065665E+001  0.21202296E+001
  0.76805095E+000  0.88124034E+000  0.11065918E+001  0.21202459E+001
  0.76801871E+000  0.88124860E+000  0.11066172E+001  0.21202654E+001
  0.76798949E+000  0.88125420E+000  0.11066428E+001  0.21202877E+001
  0.76796294E+000  0.88125749E+000  0.11066683E+001  0.21203125E+001
  0.76793873E+000  0.88125874E+000  0.11066936E+001  0.21203395E+001
  0.76791659E+000  0.88125822E+000  0.11067187E+001  0.21203684E+001
  0.76789626E+000  0.88125613E+000  0.11067436E+001  0.21203992E+001
  0.76787757E+000  0.88125266E+000  0.11067681E+001  0.21204316E+001
  0.76786033E+000  0.88124797E+000  0.11067922E+001  0.21204654E+001
  0.76784438E+000  0.88124221E+000  0.11068159E+001  0.21205005E+001
  0.76782963E+000  0.88123549E+000  0.11068392E+001  0.21205369E+001
  0.76781594E+000  0.88122793E+000  0.11068620E+001  0.21205744E+001
  0.76780323E+000  0.88121964E+000  0.11068842E+001  0.21206129E+001
  0.76779139E+000  0.88121072E+000  0.11069060E+001  0.21206524E+001
  0.76778034E+000  0.88120128E+000  0.11069271E+001  0.21206927E+001
  0.76777002E+000  0.88119141E+000  0.11069477E+001  0.21207338E+001
  0.76776035E+000  0.88118119E+000  0.11069676E+001  0.21207756E+001
  0.76775130E+000  0.88117071E+000  0.11069869E+001  0.21208181E+001
  0.76774281E+000  0.88116005E+000  0.11070056E+001  0.21208612E+001
  0.76773485E+000  0.88114926E+000  0.11070236E+001  0.21209048E+001
  0.76772741E+000  0.88113843E+000  0.11070410E+001  0.21209489E+001
  0.76772046E+000  0.88112761E+000  0.11070578E+001  0.21209935E+001
  0.76771400E+000  0.88111684E+000  0.11070738E+001  0.21210385E+001
  0.76770804E+000  0.88110618E+000  0.11070892E+001  0.21210838E+001
  0.76770260E+000  0.88109565E+000  0.11071040E+001  0.21211295E+001
  0.76769766E+000  0.88108529E+000  0.11071180E+001  0.21211752E+001
  0.76769318E+000  0.88107517E+000  0.11071312E+001  0.21212210E+001
  0.76768914E+000  0.88106535E+000  0.11071437E+001  0.21212667E+001
  0.76768550E+000  0.88105584E+000  0.11071555E+001  0.21213122E+001
  0.76768219E+000  0.88104673E+000  0.11071664E+001  0.21213573E+001
  0.76767917E+000  0.88103805E+000  0.11071767E+001  0.21214020E+001
  0.76767641E+000  0.88102983E+000  0.11071862E+001  0.21214462E+001
  0.76767392E+000  0.88102207E+000  0.11071951E+001  0.21214898E+001
  0.76767166E+000  0.88101477E+000  0.11072034E+001  0.21215329E+001
  0.76766964E+000  0.88100794E+000  0.11072111E+001  0.21215753E+001
  0.76766784E+000  0.88100156E+000  0.11072182E+001  0.21216171E+001
  0.76766624E+000  0.88099563E+000  0.11072248E+001  0.21216581E+001
  0.76766483E+000  0.88099014E+000  0.11072308E+001  0.21216983E+001
  0.76766359E+000  0.88098510E+000  0.11072364E+001  0.21217378E+001
  0.76766251E+000  0.88098046E+000  0.11072416E+001  0.21217764E+001
  0.76766158E+000  0.88097624E+000  0.11072464E+001  0.21218142E+001
  0.76766077E+000  0.88097239E+000  0.11072508E+001  0.21218511E+001
  0.76766007E+000  0.88096891E+000  0.11072549E+001  0.21218872E+001
  0.76765947E+000  0.88096578E+000  0.11072587E+001  0.21219224E+001
  0.76765897E+000  0.88096296E+000  0.11072622E+001  0.21219567E+001
  0.76765853E+000  0.88096044E+000  0.11072656E+001  0.21219902E+001
  0.76765817E+000  0.88095820E+000  0.11072688E+001  0.21220229E+001
  0.76765785E+000  0.88095620E+000  0.11072718E+001  0.21220547E+001
  0.76765759E+000  0.88095443E+000  0.11072748E+001  0.21220858E+001
  0.76765736E+000  0.88095287E+000  0.11072842E+001  0.21221096E+001
  0.76765716E+000  0.88095149E+000  0.11072945E+001  0.21221318E+001
  0.76765698E+000  0.88095027E+000  0.11073047E+001  0.21221535E+001
  0.76765683E+000  0.88094919E+000  0.11073148E+001  0.21221746E+001
  0.76765668E+000  0.88094825E+000  0.11073248E+001  0.21221952E+001
  0.76765655E+000  0.88094740E+000  0.11073347E+001  0.21222155E+001
  0.76765641E+000  0.88094666E+000  0.11073446E+001  0.21222354E+001
  0.76765629E+000  0.88094599E+000  0.11073544E+001  0.21222550E+001
  0.76765616E+000  0.88094540E+000  0.11073641E+001  0.21222744E+001
  0.76765603E+000  0.88094486E+000  0.11073736E+001  0.21222936E+001
  0.76765590E+000  0.88094437E+000  0.11073831E+001  0.21223128E+001
  0.76765577E+000  0.88094392E+000  0.11073925E+001  0.21223319E+001
  0.76765564E+000  0.88094350E+000  0.11074018E+001  0.21223510E+001
  0.76765550E+000  0.88094312E+000  0.11074109E+001  0.21223702E+001
  0.76765537E+000  0.88094276E+000  0.11074198E+001  0.21223895E+001
  0.76765523E+000  0.88094242E+000  0.11074286E+001  0.21224090E+001
  0.76765509E+000  0.88094210E+000  0.11074372E+001  0.21224287E+001
  0.76765495E+000  0.88094179E+000  0.11074457E+001  0.21224487E+001
  0.76765481E+000  0.88094150E+000  0.11074539E+001  0.21224689E+001
  0.76765468E+000  0.88094123E+000  0.11074619E+001  0.21224894E+001
  0.76765454E+000  0.88094096E+000  0.11074675E+001  0.21225125E+001
  0.76765441E+000  0.88094071E+000  0.11074728E+001  0.21225359E+001
  0.76765429E+000  0.88094046E+000  0.11074780E+001  0.21225597E+001
  0.76765417E+000  0.88094023E+000  0.11074830E+001  0.21225838E+001
  0.76765405E+000  0.88094001E+000  0.11074878E+001  0.21226081E+001
  0.76765393E+000  0.88093979E+000  0.11074925E+001  0.21226328E+001
  0.76765383E+000  0.88093959E+000  0.11074971E+001  0.21226578E+001
  0.76765372E+000  0.88093940E+000  0.11075015E+001  0.21226831E+001
  0.76765362E+000  0.88093921E+000  0.11075057E+001  0.21227087E+001
  0.76765353E+000  0.88093904E+000  0.11075098E+001  0.21227347E+001
  0.76765344E+000  0.88093887E+000  0.11075137E+001  0.21227610E+001
  0.76765336E+000  0.88093872E+000  0.11075175E+001  0.21227876E+001
  0.76765328E+000  0.88093857E+000  0.11075211E+001  0.21228145E+001
  0.76765321E+000  0.88093843E+000  0.11075246E+001  0.21228417E+001
  0.76765315E+000  0.88093830E+000  0.11075279E+001  0.21228693E+001
  0.76765308E+000  0.88093818E+000  0.11075310E+001  0.21228971E+001
  0.76765302E+000  0.88093806E+000  0.11075341E+001  0.21229252E+001
  0.76765297E+000  0.88093795E+000  0.11075370E+001  0.21229535E+001
  0.76765292E+000  0.88093785E+000  0.11075397E+001  0.21229821E+001
  0.76765287E+000  0.88093775E+000  0.11075424E+001  0.21230109E+001
  0.76765283E+000  0.88093766E+000  0.11075449E+001  0.21230400E+001
  0.76765279E+000  0.88093757E+000  0.11075472E+001  0.21230692E+001
  0.76765276E+000  0.88093750E+000  0.11075495E+001  0.21230987E+001
  0.76765272E+000  0.88093742E+000  0.11075516E+001  0.21231283E+001
  0.76765269E+000  0.88093735E+000  0.11075537E+001  0.21231580E+001
  0.76765266E+000  0.88093728E+000  0.11075556E+001  0.21231879E+001
  0.76765264E+000  0.88093722E+000  0.11075574E+001  0.21232179E+001
  0.76765261E+000  0.88093716E+000  0.11075592E+001  0.21232479E+001
  0.76765259E+000  0.88093711E+000  0.11075608E+001  0.21232781E+001
  0.76765257E+000  0.88093705E+000  0.11075624E+001  0.21233082E+001
  0.76765255E+000  0.88093701E+000  0.11075639E+001  0.21233384E+001
  0.76765253E+000  0.88093696E+000  0.11075652E+001  0.21233686E+001
  0.76765251E+000  0.88093691E+000  0.11075666E+001  0.21233987E+001
  0.76765250E+000  0.88093687E+000  0.11075678E+001  0.21234288E+001
  0.76765248E+000  0.88093683E+000  0.11075690E+001  0.21234588E+001
  0.76765247E+000  0.88093679E+000  0.11075701E+001  0.21234887E+001
  0.76765245E+000  0.88093676E+000  0.11075711E+001  0.21235185E+001
  0.76765244E+000  0.88093672E+000  0.11075721E+001  0.21235481E+001
  0.76765243E+000  0.88093669E+000  0.11075731E+001  0.21235776E+001
  0.76765242E+000  0.88093665E+000  0.11075739E+001  0.21236068E+001
  0.76765241E+000  0.88093662E+000  0.11075748E+001  0.21236359E+001
  0.76765239E+000  0.88093659E+000  0.11075756E+001  0.21236647E+001
  0.76765238E+000  0.88093656E+000  0.11075763E+001  0.21236932E+001
  0.76765237E+000  0.88093653E+000  0.11075770E+001  0.21237215E+001
  0.76765236E+000  0.88093650E+000  0.11075777E+001  0.21237495E+001
  0.76765235E+000  0.88093648E+000  0.11075783E+001  0.21237771E+001
  0.76765234E+000  0.88093645E+000  0.11075789E+001  0.21238044E+001
  0.76765233E+000  0.88093642E+000  0.11075795E+001  0.21238314E+001
  0.76765233E+000  0.88093640E+000  0.11075800E+001  0.21238579E+001
  0.76765232E+000  0.88093637E+000  0.11075805E+001  0.21238841E+001
  0.76765231E+000  0.88093635E+000  0.11075810E+001  0.21239099E+001
  0.76765230E+000  0.88093632E+000  0.11075815E+001  0.21239352E+001
  0.76765229E+000  0.88093630E+000  0.11075819E+001  0.21239602E+001
  0.76765228E+000  0.88093628E+000  0.11075823E+001  0.21239846E+001
  0.76765227E+000  0.88093625E+000  0.11075827E+001  0.21240086E+001
  0.76765226E+000  0.88093623E+000  0.11075831E+001  0.21240321E+001
  0.76765226E+000  0.88093621E+000  0.11075834E+001  0.21240552E+001
  0.76765225E+000  0.88093619E+000  0.11075838E+001  0.21240777E+001
  0.76765224E+000  0.88093617E+000  0.11075841E+001  0.21240998E+001
  0.76765223E+000  0.88093615E+000  0.11075844E+001  0.21241213E+001
  0.76765222E+000  0.88093613E+000  0.11075847E+001  0.21241423E+001
  0.76765222E+000  0.88093611E+000  0.11075850E+001  0.21241628E+001
  0.76765221E+000  0.88093610E+000  0.11075852E+001  0.21241828E+001
  0.76765220E+000  0.88093608E+000  0.11075855E+001  0.21242022E+001
  0.76765220E+000  0.88093606E+000  0.11075857E+001  0.21242211E+001
  0.76765219E+000  0.88093605E+000  0.11075860E+001  0.21242395E+001
  0.76765218E+000  0.88093603E+000  0.11075862E+001  0.21242574E+001
  0.76765218E+000  0.88093602E+000  0.11075864E+001  0.21242747E+001
  0.76765217E+000  0.88093600E+000  0.11075866E+001  0.21242915E+001
  0.76765217E+000  0.88093599E+000  0.11075868E+001  0.21243077E+001
  0.76765216E+000  0.88093598E+000  0.11075870E+001  0.21243234E+001
  0.76765216E+000  0.88093596E+000  0.11075872E+001  0.21243386E+001
  0.76765216E+000  0.88093595E+000  0.11075873E+001  0.21243533E+001
  0.76765215E+000  0.88093594E+000  0.11075875E+001  0.21243675E+001
  0.76765215E+000  0.88093594E+000  0.11075876E+001  0.21243812E+001
  0.76765215E+000  0.88093593E+000  0.11075878E+001  0.21243943E+001
  0.76765215E+000  0.88093592E+000  0.11075879E+001  0.21244070E+001
  0.76765214E+000  0.88093591E+000  0.11075881E+001  0.21244191E+001
  0.76765214E+000  0.88093591E+000  0.11075882E+001  0.21244308E+001
  0.76765214E+000  0.88093590E+000  0.11075883E+001  0.21244421E+001
  0.76765214E+000  0.88093590E+000  0.11075884E+001  0.21244528E+001
  0.76765214E+000  0.88093589E+000  0.11075885E+001  0.21244632E+001
  0.76765214E+000  0.88093589E+000  0.11075886E+001  0.21244730E+001
  0.76765214E+000  0.88093589E+000  0.11075887E+001  0.21244825E+001
  0.76765215E+000  0.88093589E+000  0.11075888E+001  0.21244915E+001
  0.76765215E+000  0.88093589E+000  0.11075889E+001  0.21245001E+001
  0.76765215E+000  0.88093589E+000  0.11075890E+001  0.21245083E+001
  0.76765215E+000  0.88093589E+000  0.11075890E+001  0.21245162E+001
  0.76765216E+000  0.88093589E+000  0.11075891E+001  0.21245236E+001
  0.76765216E+000  0.88093589E+000  0.11075892E+001  0.21245307E+001
  0.76765216E+000  0.88093589E+000  0.11075892E+001  0.21245374E+001
  0.76765217E+000  0.88093590E+000  0.11075893E+001  0.21245438E+001
  0.76765217E+000  0.88093590E+000  0.11075893E+001  0.21245499E+001
  0.76765217E+000  0.88093590E+000  0.11075894E+001  0.21245557E+001
  0.76765218E+000  0.88093591E+000  0.11075894E+001  0.21245611E+001
  0.76765218E+000  0.88093591E+000  0.11075895E+001  0.21245663E+001
  0.76765219E+000  0.88093592E+000  0.11075895E+001  0.21245712E+001
  0.76765219E+000  0.88093592E+000  0.11075895E+001  0.21245758E+001
  0.76765219E+000  0.88093593E+000  0.11075896E+001  0.21245802E+001
  0.76765220E+000  0.88093594E+000  0.11075896E+001  0.21245843E+001
  0.76765220E+000  0.88093594E+000  0.11075896E+001  0.21245882E+001
  0.76765221E+000  0.88093596E+000  0.11075896E+001  0.21245918E+001
  0.76765223E+000  0.88093597E+000  0.11075897E+001  0.21245953E+001
  0.76765226E+000  0.88093600E+000  0.11075897E+001  0.21245986E+001
