 -0.25576703E+000
 -0.25566974E+000
 -0.25558177E+000
 -0.25550699E+000
 -0.25544523E+000
 -0.25539516E+000
 -0.25535518E+000
 -0.25532379E+000
 -0.25529969E+000
 -0.25528170E+000
 -0.25526883E+000
 -0.25526022E+000
 -0.25525516E+000
 -0.25525305E+000
 -0.25525338E+000
 -0.25525573E+000
 -0.25525973E+000
 -0.25526508E+000
 -0.25527152E+000
 -0.25527885E+000
 -0.25528687E+000
 -0.25529543E+000
 -0.25530440E+000
 -0.25531367E+000
 -0.25532315E+000
 -0.25533275E+000
 -0.25534240E+000
 -0.25535204E+000
 -0.25536162E+000
 -0.25537109E+000
 -0.25538041E+000
 -0.25538955E+000
 -0.25539848E+000
 -0.25540717E+000
 -0.25541560E+000
 -0.25542376E+000
 -0.25543162E+000
 -0.25543918E+000
 -0.25544642E+000
 -0.25545335E+000
 -0.25545995E+000
 -0.25546623E+000
 -0.25547218E+000
 -0.25547782E+000
 -0.25548314E+000
 -0.25548816E+000
 -0.25549288E+000
 -0.25549732E+000
 -0.25550148E+000
 -0.25550539E+000
 -0.25550906E+000
 -0.25551251E+000
 -0.25551574E+000
 -0.25551878E+000
 -0.25552165E+000
 -0.25552436E+000
 -0.25552693E+000
 -0.25552938E+000
 -0.25553172E+000
 -0.25553396E+000
 -0.25553613E+000
 -0.25553824E+000
 -0.25554029E+000
 -0.25554231E+000
 -0.25554430E+000
 -0.25554627E+000
 -0.25554823E+000
 -0.25555019E+000
 -0.25555217E+000
 -0.25555416E+000
 -0.25555617E+000
 -0.25555820E+000
 -0.25556028E+000
 -0.25556239E+000
 -0.25556454E+000
 -0.25556674E+000
 -0.25556898E+000
 -0.25557129E+000
 -0.25557365E+000
 -0.25557607E+000
 -0.25557855E+000
 -0.25558110E+000
 -0.25558372E+000
 -0.25558642E+000
 -0.25558918E+000
 -0.25559203E+000
 -0.25559495E+000
 -0.25559795E+000
 -0.25560104E+000
 -0.25560421E+000
 -0.25560747E+000
 -0.25561081E+000
 -0.25561425E+000
 -0.25561777E+000
 -0.25562139E+000
 -0.25562509E+000
 -0.25562889E+000
 -0.25563278E+000
 -0.25563676E+000
 -0.25564083E+000
 -0.25564499E+000
 -0.25564924E+000
 -0.25565358E+000
 -0.25565801E+000
 -0.25566253E+000
 -0.25566714E+000
 -0.25567183E+000
 -0.25567660E+000
 -0.25568146E+000
 -0.25568640E+000
 -0.25569142E+000
 -0.25569652E+000
 -0.25570171E+000
 -0.25570697E+000
 -0.25571230E+000
 -0.25571772E+000
 -0.25572321E+000
 -0.25572877E+000
 -0.25573441E+000
 -0.25574012E+000
 -0.25574590E+000
 -0.25575175E+000
 -0.25575766E+000
 -0.25576364E+000
 -0.25576967E+000
 -0.25577577E+000
 -0.25578191E+000
 -0.25578810E+000
 -0.25579432E+000
 -0.25580058E+000
 -0.25580686E+000
 -0.25581315E+000
 -0.25581945E+000
 -0.25582573E+000
 -0.25583200E+000
 -0.25583824E+000
 -0.25584443E+000
 -0.25585057E+000
 -0.25585664E+000
 -0.25586262E+000
 -0.25586851E+000
 -0.25587428E+000
 -0.25587994E+000
 -0.25588547E+000
 -0.25589085E+000
 -0.25589608E+000
 -0.25590114E+000
 -0.25590604E+000
 -0.25591076E+000
 -0.25591530E+000
 -0.25591966E+000
 -0.25592382E+000
 -0.25592780E+000
 -0.25593159E+000
 -0.25593519E+000
 -0.25593861E+000
 -0.25594184E+000
 -0.25594489E+000
 -0.25594776E+000
 -0.25595047E+000
 -0.25595300E+000
 -0.25595538E+000
 -0.25595761E+000
 -0.25595968E+000
 -0.25596162E+000
 -0.25596343E+000
 -0.25596510E+000
 -0.25596666E+000
 -0.25596811E+000
 -0.25596945E+000
 -0.25597069E+000
 -0.25597183E+000
 -0.25597289E+000
 -0.25597387E+000
 -0.25597476E+000
 -0.25597559E+000
 -0.25597635E+000
 -0.25597704E+000
 -0.25597768E+000
 -0.25597827E+000
 -0.25597880E+000
 -0.25597929E+000
 -0.25597974E+000
 -0.25598014E+000
 -0.25598051E+000
 -0.25598084E+000
 -0.25598115E+000
 -0.25598142E+000
 -0.25598167E+000
 -0.25598190E+000
 -0.25598210E+000
 -0.25598228E+000
 -0.25598245E+000
 -0.25598260E+000
 -0.25598273E+000
 -0.25598285E+000
 -0.25598295E+000
 -0.25598305E+000
 -0.25598314E+000
 -0.25598326E+000
