  0.49370005E+000
  0.49384492E+000
  0.49395809E+000
  0.49405059E+000
  0.49412694E+000
  0.49419005E+000
  0.49424215E+000
  0.49428506E+000
  0.49432030E+000
  0.49434913E+000
  0.49437261E+000
  0.49439162E+000
  0.49440690E+000
  0.49441907E+000
  0.49442865E+000
  0.49443607E+000
  0.49444170E+000
  0.49444585E+000
  0.49444877E+000
  0.49445067E+000
  0.49445173E+000
  0.49445211E+000
  0.49445192E+000
  0.49445127E+000
  0.49445025E+000
  0.49444893E+000
  0.49444738E+000
  0.49444564E+000
  0.49444374E+000
  0.49444174E+000
  0.49443966E+000
  0.49443753E+000
  0.49443535E+000
  0.49443315E+000
  0.49443093E+000
  0.49442872E+000
  0.49442652E+000
  0.49442434E+000
  0.49442217E+000
  0.49442004E+000
  0.49441794E+000
  0.49441587E+000
  0.49441384E+000
  0.49441185E+000
  0.49440991E+000
  0.49440800E+000
  0.49440614E+000
  0.49440432E+000
  0.49440254E+000
  0.49440080E+000
  0.49439910E+000
  0.49439744E+000
  0.49439581E+000
  0.49439421E+000
  0.49439263E+000
  0.49439108E+000
  0.49438954E+000
  0.49438802E+000
  0.49438651E+000
  0.49438501E+000
  0.49438351E+000
  0.49438202E+000
  0.49438052E+000
  0.49437901E+000
  0.49437748E+000
  0.49437594E+000
  0.49437438E+000
  0.49437281E+000
  0.49437122E+000
  0.49436962E+000
  0.49436800E+000
  0.49436636E+000
  0.49436471E+000
  0.49436305E+000
  0.49436137E+000
  0.49435967E+000
  0.49435797E+000
  0.49435625E+000
  0.49435453E+000
  0.49435280E+000
  0.49435106E+000
  0.49434931E+000
  0.49434757E+000
  0.49434582E+000
  0.49434407E+000
  0.49434232E+000
  0.49434057E+000
  0.49433883E+000
  0.49433709E+000
  0.49433536E+000
  0.49433363E+000
  0.49433192E+000
  0.49433021E+000
  0.49432851E+000
  0.49432683E+000
  0.49432516E+000
  0.49432350E+000
  0.49432186E+000
  0.49432024E+000
  0.49431863E+000
  0.49431704E+000
  0.49431547E+000
  0.49431392E+000
  0.49431239E+000
  0.49431087E+000
  0.49430939E+000
  0.49430792E+000
  0.49430647E+000
  0.49430506E+000
  0.49430366E+000
  0.49430229E+000
  0.49430093E+000
  0.49429961E+000
  0.49429830E+000
  0.49429702E+000
  0.49429577E+000
  0.49429453E+000
  0.49429333E+000
  0.49429215E+000
  0.49429099E+000
  0.49428986E+000
  0.49428875E+000
  0.49428766E+000
  0.49428660E+000
  0.49428556E+000
  0.49428455E+000
  0.49428356E+000
  0.49428259E+000
  0.49428165E+000
  0.49428072E+000
  0.49427982E+000
  0.49427895E+000
  0.49427809E+000
  0.49427725E+000
  0.49427644E+000
  0.49427565E+000
  0.49427488E+000
  0.49427412E+000
  0.49427339E+000
  0.49427268E+000
  0.49427198E+000
  0.49427131E+000
  0.49427065E+000
  0.49427001E+000
  0.49426939E+000
  0.49426878E+000
  0.49426820E+000
  0.49426763E+000
  0.49426707E+000
  0.49426653E+000
  0.49426601E+000
  0.49426550E+000
  0.49426501E+000
  0.49426453E+000
  0.49426407E+000
  0.49426362E+000
  0.49426319E+000
  0.49426276E+000
  0.49426235E+000
  0.49426195E+000
  0.49426157E+000
  0.49426120E+000
  0.49426083E+000
  0.49426048E+000
  0.49426015E+000
  0.49425982E+000
  0.49425950E+000
  0.49425919E+000
  0.49425889E+000
  0.49425861E+000
  0.49425833E+000
  0.49425806E+000
  0.49425780E+000
  0.49425754E+000
  0.49425730E+000
  0.49425706E+000
  0.49425684E+000
  0.49425662E+000
  0.49425640E+000
  0.49425620E+000
  0.49425600E+000
  0.49425581E+000
  0.49425562E+000
  0.49425544E+000
  0.49425527E+000
  0.49425510E+000
  0.49425494E+000
  0.49425478E+000
  0.49425463E+000
  0.49425449E+000
  0.49425435E+000
  0.49425421E+000
  0.49425408E+000
  0.49425396E+000
  0.49425384E+000
  0.49425372E+000
  0.49425361E+000
  0.49425350E+000
  0.49425339E+000
  0.49425329E+000
