 -0.13416758E+000  0.00000000E+000  0.90121073E-002  0.54700955E+002
 -0.13453288E+000  0.00000000E+000  0.87738905E-002  0.54687108E+002
 -0.13481670E+000  0.00000000E+000  0.85913311E-002  0.54675895E+002
 -0.13503386E+000  0.00000000E+000  0.84526046E-002  0.54666880E+002
 -0.13519661E+000  0.00000000E+000  0.83491883E-002  0.54659690E+002
 -0.13531511E+000  0.00000000E+000  0.82744067E-002  0.54654010E+002
 -0.13539772E+000  0.00000000E+000  0.82228541E-002  0.54649575E+002
 -0.13545136E+000  0.00000000E+000  0.81900998E-002  0.54646165E+002
 -0.13548170E+000  0.00000000E+000  0.81724984E-002  0.54643597E+002
 -0.13549343E+000  0.00000000E+000  0.81670467E-002  0.54641718E+002
 -0.13549037E+000  0.00000000E+000  0.81712711E-002  0.54640399E+002
 -0.13547567E+000  0.00000000E+000  0.81831352E-002  0.54639537E+002
 -0.13545189E+000  0.00000000E+000  0.82009644E-002  0.54639044E+002
 -0.13542113E+000  0.00000000E+000  0.82233835E-002  0.54638847E+002
 -0.13538510E+000  0.00000000E+000  0.82492648E-002  0.54638887E+002
 -0.13534520E+000  0.00000000E+000  0.82776856E-002  0.54639114E+002
 -0.13530254E+000  0.00000000E+000  0.83078918E-002  0.54639488E+002
 -0.13525807E+000  0.00000000E+000  0.83392688E-002  0.54639974E+002
 -0.13521251E+000  0.00000000E+000  0.83713165E-002  0.54640546E+002
 -0.13516647E+000  0.00000000E+000  0.84036290E-002  0.54641180E+002
 -0.13512045E+000  0.00000000E+000  0.84358779E-002  0.54641858E+002
 -0.13507481E+000  0.00000000E+000  0.84677981E-002  0.54642564E+002
 -0.13502989E+000  0.00000000E+000  0.84991769E-002  0.54643286E+002
 -0.13498591E+000  0.00000000E+000  0.85298444E-002  0.54644012E+002
 -0.13494308E+000  0.00000000E+000  0.85596656E-002  0.54644736E+002
 -0.13490155E+000  0.00000000E+000  0.85885350E-002  0.54645449E+002
 -0.13486143E+000  0.00000000E+000  0.86163708E-002  0.54646147E+002
 -0.13482279E+000  0.00000000E+000  0.86431114E-002  0.54646826E+002
 -0.13478570E+000  0.00000000E+000  0.86687121E-002  0.54647481E+002
 -0.13475019E+000  0.00000000E+000  0.86931420E-002  0.54648110E+002
 -0.13471628E+000  0.00000000E+000  0.87163828E-002  0.54648712E+002
 -0.13468397E+000  0.00000000E+000  0.87384261E-002  0.54649285E+002
 -0.13465325E+000  0.00000000E+000  0.87592731E-002  0.54649829E+002
 -0.13462409E+000  0.00000000E+000  0.87789324E-002  0.54650343E+002
 -0.13459646E+000  0.00000000E+000  0.87974198E-002  0.54650828E+002
 -0.13457033E+000  0.00000000E+000  0.88147572E-002  0.54651284E+002
 -0.13454563E+000  0.00000000E+000  0.88309719E-002  0.54651711E+002
 -0.13452232E+000  0.00000000E+000  0.88460958E-002  0.54652112E+002
 -0.13450035E+000  0.00000000E+000  0.88601650E-002  0.54652486E+002
 -0.13447965E+000  0.00000000E+000  0.88732188E-002  0.54652836E+002
 -0.13446015E+000  0.00000000E+000  0.88852998E-002  0.54653162E+002
 -0.13444181E+000  0.00000000E+000  0.88964526E-002  0.54653467E+002
 -0.13442455E+000  0.00000000E+000  0.89067237E-002  0.54653751E+002
 -0.13440831E+000  0.00000000E+000  0.89161610E-002  0.54654017E+002
 -0.13439303E+000  0.00000000E+000  0.89248129E-002  0.54654266E+002
 -0.13437867E+000  0.00000000E+000  0.89327283E-002  0.54654499E+002
 -0.13436515E+000  0.00000000E+000  0.89399559E-002  0.54654718E+002
 -0.13435242E+000  0.00000000E+000  0.89465438E-002  0.54654924E+002
 -0.13434045E+000  0.00000000E+000  0.89525391E-002  0.54655118E+002
 -0.13432918E+000  0.00000000E+000  0.89579877E-002  0.54655302E+002
 -0.13431856E+000  0.00000000E+000  0.89629337E-002  0.54655476E+002
 -0.13430857E+000  0.00000000E+000  0.89674194E-002  0.54655642E+002
 -0.13429915E+000  0.00000000E+000  0.89714850E-002  0.54655800E+002
 -0.13429029E+000  0.00000000E+000  0.89751684E-002  0.54655951E+002
 -0.13428194E+000  0.00000000E+000  0.89785049E-002  0.54656095E+002
 -0.13427408E+000  0.00000000E+000  0.89815275E-002  0.54656234E+002
 -0.13426669E+000  0.00000000E+000  0.89842664E-002  0.54656368E+002
 -0.13425974E+000  0.00000000E+000  0.89867493E-002  0.54656496E+002
 -0.13425320E+000  0.00000000E+000  0.89890015E-002  0.54656620E+002
 -0.13424707E+000  0.00000000E+000  0.89910458E-002  0.54656740E+002
 -0.13424132E+000  0.00000000E+000  0.89929026E-002  0.54656856E+002
 -0.13423593E+000  0.00000000E+000  0.89945903E-002  0.54656968E+002
 -0.13423089E+000  0.00000000E+000  0.89961251E-002  0.54657077E+002
 -0.13422618E+000  0.00000000E+000  0.89975215E-002  0.54657182E+002
 -0.13422179E+000  0.00000000E+000  0.89987924E-002  0.54657285E+002
 -0.13421771E+000  0.00000000E+000  0.89999493E-002  0.54657385E+002
 -0.13421392E+000  0.00000000E+000  0.90010023E-002  0.54657482E+002
 -0.13421041E+000  0.00000000E+000  0.90019606E-002  0.54657577E+002
 -0.13420717E+000  0.00000000E+000  0.90028322E-002  0.54657669E+002
 -0.13420418E+000  0.00000000E+000  0.90036246E-002  0.54657760E+002
 -0.13420143E+000  0.00000000E+000  0.90043445E-002  0.54657849E+002
 -0.13419891E+000  0.00000000E+000  0.90049980E-002  0.54657937E+002
 -0.13419660E+000  0.00000000E+000  0.90055907E-002  0.54658024E+002
 -0.13419449E+000  0.00000000E+000  0.90061277E-002  0.54658109E+002
 -0.13419257E+000  0.00000000E+000  0.90066139E-002  0.54658194E+002
 -0.13419083E+000  0.00000000E+000  0.90070537E-002  0.54658279E+002
 -0.13418925E+000  0.00000000E+000  0.90074513E-002  0.54658363E+002
 -0.13418782E+000  0.00000000E+000  0.90078105E-002  0.54658448E+002
 -0.13418654E+000  0.00000000E+000  0.90081349E-002  0.54658533E+002
 -0.13418538E+000  0.00000000E+000  0.90084278E-002  0.54658618E+002
 -0.13418434E+000  0.00000000E+000  0.90086923E-002  0.54658705E+002
 -0.13418341E+000  0.00000000E+000  0.90089312E-002  0.54658794E+002
 -0.13418257E+000  0.00000000E+000  0.90091471E-002  0.54658883E+002
 -0.13418182E+000  0.00000000E+000  0.90093425E-002  0.54658975E+002
 -0.13418116E+000  0.00000000E+000  0.90095193E-002  0.54659069E+002
 -0.13418056E+000  0.00000000E+000  0.90096797E-002  0.54659166E+002
 -0.13418003E+000  0.00000000E+000  0.90098255E-002  0.54659266E+002
 -0.13417956E+000  0.00000000E+000  0.90099582E-002  0.54659369E+002
 -0.13417914E+000  0.00000000E+000  0.90100792E-002  0.54659475E+002
 -0.13417876E+000  0.00000000E+000  0.90101900E-002  0.54659585E+002
 -0.13417843E+000  0.00000000E+000  0.90102916E-002  0.54659700E+002
 -0.13417813E+000  0.00000000E+000  0.90103851E-002  0.54659819E+002
 -0.13417786E+000  0.00000000E+000  0.90104715E-002  0.54659943E+002
 -0.13417762E+000  0.00000000E+000  0.90105515E-002  0.54660073E+002
 -0.13417740E+000  0.00000000E+000  0.90106261E-002  0.54660208E+002
 -0.13417720E+000  0.00000000E+000  0.90106958E-002  0.54660349E+002
 -0.13417702E+000  0.00000000E+000  0.90107615E-002  0.54660497E+002
 -0.13417686E+000  0.00000000E+000  0.90108238E-002  0.54660652E+002
 -0.13417671E+000  0.00000000E+000  0.90108833E-002  0.54660815E+002
 -0.13417656E+000  0.00000000E+000  0.90109408E-002  0.54660986E+002
 -0.13417643E+000  0.00000000E+000  0.90109969E-002  0.54661166E+002
 -0.13417629E+000  0.00000000E+000  0.90110524E-002  0.54661355E+002
 -0.13417616E+000  0.00000000E+000  0.90111081E-002  0.54661555E+002
 -0.13417602E+000  0.00000000E+000  0.90111649E-002  0.54661766E+002
 -0.13417588E+000  0.00000000E+000  0.90112235E-002  0.54661989E+002
 -0.13417573E+000  0.00000000E+000  0.90112848E-002  0.54662225E+002
 -0.13417557E+000  0.00000000E+000  0.90113496E-002  0.54662475E+002
 -0.13417539E+000  0.00000000E+000  0.90114187E-002  0.54662740E+002
 -0.13417520E+000  0.00000000E+000  0.90114928E-002  0.54663022E+002
 -0.13417499E+000  0.00000000E+000  0.90115724E-002  0.54663321E+002
 -0.13417477E+000  0.00000000E+000  0.90116578E-002  0.54663640E+002
 -0.13417452E+000  0.00000000E+000  0.90117491E-002  0.54663980E+002
 -0.13417426E+000  0.00000000E+000  0.90118461E-002  0.54664343E+002
 -0.13417398E+000  0.00000000E+000  0.90119481E-002  0.54664729E+002
 -0.13417368E+000  0.00000000E+000  0.90120544E-002  0.54665141E+002
 -0.13417338E+000  0.00000000E+000  0.90121637E-002  0.54665581E+002
 -0.13417307E+000  0.00000000E+000  0.90122742E-002  0.54666050E+002
 -0.13417276E+000  0.00000000E+000  0.90123843E-002  0.54666550E+002
 -0.13417246E+000  0.00000000E+000  0.90124915E-002  0.54667081E+002
 -0.13417217E+000  0.00000000E+000  0.90125936E-002  0.54667646E+002
 -0.13417191E+000  0.00000000E+000  0.90126880E-002  0.54668245E+002
 -0.13417168E+000  0.00000000E+000  0.90127721E-002  0.54668879E+002
 -0.13417149E+000  0.00000000E+000  0.90128435E-002  0.54669549E+002
 -0.13417134E+000  0.00000000E+000  0.90128998E-002  0.54670254E+002
 -0.13417125E+000  0.00000000E+000  0.90129388E-002  0.54670993E+002
 -0.13417121E+000  0.00000000E+000  0.90129588E-002  0.54671767E+002
 -0.13417124E+000  0.00000000E+000  0.90129584E-002  0.54672573E+002
 -0.13417133E+000  0.00000000E+000  0.90129368E-002  0.54673410E+002
 -0.13417148E+000  0.00000000E+000  0.90128935E-002  0.54674276E+002
 -0.13417171E+000  0.00000000E+000  0.90128287E-002  0.54675168E+002
 -0.13417199E+000  0.00000000E+000  0.90127429E-002  0.54676082E+002
 -0.13417234E+000  0.00000000E+000  0.90126372E-002  0.54677015E+002
 -0.13417275E+000  0.00000000E+000  0.90125133E-002  0.54677964E+002
 -0.13417320E+000  0.00000000E+000  0.90123730E-002  0.54678923E+002
 -0.13417370E+000  0.00000000E+000  0.90122187E-002  0.54679889E+002
 -0.13417423E+000  0.00000000E+000  0.90120528E-002  0.54680858E+002
 -0.13417479E+000  0.00000000E+000  0.90118782E-002  0.54681824E+002
 -0.13417537E+000  0.00000000E+000  0.90116976E-002  0.54682783E+002
 -0.13417596E+000  0.00000000E+000  0.90115139E-002  0.54683731E+002
 -0.13417655E+000  0.00000000E+000  0.90113299E-002  0.54684663E+002
 -0.13417713E+000  0.00000000E+000  0.90111483E-002  0.54685576E+002
 -0.13417770E+000  0.00000000E+000  0.90109717E-002  0.54686466E+002
 -0.13417824E+000  0.00000000E+000  0.90108025E-002  0.54687329E+002
 -0.13417876E+000  0.00000000E+000  0.90106428E-002  0.54688164E+002
 -0.13417924E+000  0.00000000E+000  0.90104945E-002  0.54688966E+002
 -0.13417968E+000  0.00000000E+000  0.90103593E-002  0.54689736E+002
 -0.13418008E+000  0.00000000E+000  0.90102385E-002  0.54690469E+002
 -0.13418043E+000  0.00000000E+000  0.90101332E-002  0.54691167E+002
 -0.13418072E+000  0.00000000E+000  0.90100443E-002  0.54691827E+002
 -0.13418097E+000  0.00000000E+000  0.90099723E-002  0.54692450E+002
 -0.13418116E+000  0.00000000E+000  0.90099178E-002  0.54693036E+002
 -0.13418130E+000  0.00000000E+000  0.90098809E-002  0.54693585E+002
 -0.13418139E+000  0.00000000E+000  0.90098616E-002  0.54694098E+002
 -0.13418142E+000  0.00000000E+000  0.90098598E-002  0.54694576E+002
 -0.13418141E+000  0.00000000E+000  0.90098752E-002  0.54695019E+002
 -0.13418134E+000  0.00000000E+000  0.90099076E-002  0.54695431E+002
 -0.13418122E+000  0.00000000E+000  0.90099564E-002  0.54695811E+002
 -0.13418105E+000  0.00000000E+000  0.90100211E-002  0.54696161E+002
 -0.13418084E+000  0.00000000E+000  0.90101010E-002  0.54696484E+002
 -0.13418058E+000  0.00000000E+000  0.90101956E-002  0.54696781E+002
 -0.13418029E+000  0.00000000E+000  0.90103041E-002  0.54697053E+002
 -0.13417995E+000  0.00000000E+000  0.90104258E-002  0.54697302E+002
 -0.13417958E+000  0.00000000E+000  0.90105597E-002  0.54697531E+002
 -0.13417917E+000  0.00000000E+000  0.90107052E-002  0.54697740E+002
 -0.13417873E+000  0.00000000E+000  0.90108612E-002  0.54697931E+002
 -0.13417826E+000  0.00000000E+000  0.90110268E-002  0.54698106E+002
 -0.13417777E+000  0.00000000E+000  0.90112009E-002  0.54698266E+002
 -0.13417726E+000  0.00000000E+000  0.90113826E-002  0.54698413E+002
 -0.13417672E+000  0.00000000E+000  0.90115707E-002  0.54698547E+002
 -0.13417617E+000  0.00000000E+000  0.90117639E-002  0.54698669E+002
 -0.13417560E+000  0.00000000E+000  0.90119610E-002  0.54698782E+002
 -0.13417503E+000  0.00000000E+000  0.90121608E-002  0.54698886E+002
 -0.13417446E+000  0.00000000E+000  0.90123617E-002  0.54698981E+002
 -0.13417388E+000  0.00000000E+000  0.90125623E-002  0.54699070E+002
 -0.13417330E+000  0.00000000E+000  0.90127613E-002  0.54699152E+002
 -0.13417274E+000  0.00000000E+000  0.90129569E-002  0.54699228E+002
 -0.13417219E+000  0.00000000E+000  0.90131478E-002  0.54699300E+002
 -0.13417165E+000  0.00000000E+000  0.90133322E-002  0.54699367E+002
 -0.13417114E+000  0.00000000E+000  0.90135087E-002  0.54699431E+002
 -0.13417066E+000  0.00000000E+000  0.90136756E-002  0.54699491E+002
 -0.13417020E+000  0.00000000E+000  0.90138315E-002  0.54699549E+002
 -0.13416979E+000  0.00000000E+000  0.90139749E-002  0.54699606E+002
 -0.13416941E+000  0.00000000E+000  0.90141043E-002  0.54699660E+002
 -0.13416907E+000  0.00000000E+000  0.90142185E-002  0.54699714E+002
 -0.13416879E+000  0.00000000E+000  0.90143162E-002  0.54699767E+002
 -0.13416856E+000  0.00000000E+000  0.90143962E-002  0.54699819E+002
 -0.13416838E+000  0.00000000E+000  0.90144576E-002  0.54699871E+002
 -0.13416826E+000  0.00000000E+000  0.90144993E-002  0.54699924E+002
 -0.13416820E+000  0.00000000E+000  0.90145202E-002  0.54699976E+002
 -0.13416821E+000  0.00000000E+000  0.90145194E-002  0.54700030E+002
 -0.13416829E+000  0.00000000E+000  0.90144953E-002  0.54700084E+002
 -0.13416846E+000  0.00000000E+000  0.90144456E-002  0.54700138E+002
 -0.13416872E+000  0.00000000E+000  0.90143668E-002  0.54700194E+002
 -0.13416910E+000  0.00000000E+000  0.90142509E-002  0.54700249E+002
 -0.13416966E+000  0.00000000E+000  0.90140837E-002  0.54700305E+002
 -0.13417048E+000  0.00000000E+000  0.90138301E-002  0.54700360E+002
 -0.13417173E+000  0.00000000E+000  0.90134233E-002  0.54700414E+002
 -0.13417372E+000  0.00000000E+000  0.90127504E-002  0.54700464E+002
 -0.13417690E+000  0.00000000E+000  0.90114145E-002  0.54700504E+002
 -0.13418022E+000  0.00000000E+000  0.90097473E-002  0.54700495E+002
