  0.52173320E+000  0.89475475E+000  0.13051245E+001  0.31569835E+001
  0.52208503E+000  0.89523417E+000  0.13071194E+001  0.31687746E+001
  0.52238988E+000  0.89564950E+000  0.13088455E+001  0.31791907E+001
  0.52264790E+000  0.89600119E+000  0.13103108E+001  0.31880848E+001
  0.52286532E+000  0.89629466E+000  0.13115513E+001  0.31956428E+001
  0.52304854E+000  0.89653653E+000  0.13126047E+001  0.32020520E+001
  0.52320298E+000  0.89673839E+000  0.13134957E+001  0.32074822E+001
  0.52333304E+000  0.89690759E+000  0.13142478E+001  0.32120806E+001
  0.48861040E+000  0.88098549E+000  0.13148823E+001  0.32159719E+001
  0.52353435E+000  0.89716786E+000  0.13154166E+001  0.32192629E+001
  0.52361144E+000  0.89726722E+000  0.13158664E+001  0.32220448E+001
  0.52367543E+000  0.89735078E+000  0.13162445E+001  0.32243944E+001
  0.52372836E+000  0.89742092E+000  0.13165621E+001  0.32263771E+001
  0.52377235E+000  0.89747932E+000  0.13168283E+001  0.32280484E+001
  0.52380881E+000  0.89752772E+000  0.13170510E+001  0.32294553E+001
  0.52383894E+000  0.89756767E+000  0.13172371E+001  0.32306380E+001
  0.52386374E+000  0.89760048E+000  0.13173894E+001  0.32316338E+001
  0.52388408E+000  0.89762727E+000  0.13175156E+001  0.32324696E+001
  0.52390066E+000  0.89764899E+000  0.13176203E+001  0.32331696E+001
  0.52391407E+000  0.89766647E+000  0.13177069E+001  0.32337551E+001
  0.52392482E+000  0.89768039E+000  0.13177785E+001  0.32342440E+001
  0.48859631E+000  0.88134795E+000  0.13178373E+001  0.32346517E+001
  0.48860811E+000  0.88135690E+000  0.13178854E+001  0.32349912E+001
  0.48861810E+000  0.88136402E+000  0.13179243E+001  0.32352739E+001
  0.48862643E+000  0.88136959E+000  0.13179560E+001  0.32355088E+001
  0.48863360E+000  0.88137394E+000  0.13179815E+001  0.32357038E+001
  0.52395353E+000  0.89771642E+000  0.13180021E+001  0.32358658E+001
  0.48864488E+000  0.88137976E+000  0.13180184E+001  0.32360006E+001
  0.48864936E+000  0.88138158E+000  0.13180312E+001  0.32361131E+001
  0.52395532E+000  0.89771815E+000  0.13180415E+001  0.32362083E+001
  0.52395506E+000  0.89771767E+000  0.13180498E+001  0.32362894E+001
  0.52395451E+000  0.89771685E+000  0.13180563E+001  0.32363589E+001
  0.52395373E+000  0.89771577E+000  0.13180615E+001  0.32364188E+001
  0.52395277E+000  0.89771449E+000  0.13180656E+001  0.32364711E+001
  0.52395169E+000  0.89771307E+000  0.13180688E+001  0.32365172E+001
  0.52395051E+000  0.89771156E+000  0.13180714E+001  0.32365583E+001
  0.52394926E+000  0.89771000E+000  0.13180735E+001  0.32365954E+001
  0.52394798E+000  0.89770842E+000  0.13180751E+001  0.32366295E+001
  0.52394670E+000  0.89770685E+000  0.13180765E+001  0.32366611E+001
  0.52394541E+000  0.89770531E+000  0.13180777E+001  0.32366908E+001
  0.52394415E+000  0.89770381E+000  0.13180787E+001  0.32367191E+001
  0.52394293E+000  0.89770238E+000  0.13180797E+001  0.32367463E+001
  0.52394176E+000  0.89770101E+000  0.13180806E+001  0.32367727E+001
  0.52394065E+000  0.89769973E+000  0.13180816E+001  0.32367985E+001
  0.52393960E+000  0.89769853E+000  0.13180825E+001  0.32368240E+001
  0.52393863E+000  0.89769743E+000  0.13180835E+001  0.32368493E+001
  0.52393773E+000  0.89769643E+000  0.13180847E+001  0.32368744E+001
  0.52393693E+000  0.89769553E+000  0.13180859E+001  0.32368997E+001
  0.52393621E+000  0.89769474E+000  0.13180872E+001  0.32369251E+001
  0.52393558E+000  0.89769405E+000  0.13180887E+001  0.32369507E+001
  0.52393505E+000  0.89769348E+000  0.13180903E+001  0.32369767E+001
  0.52393461E+000  0.89769301E+000  0.13180920E+001  0.32370031E+001
  0.52393426E+000  0.89769265E+000  0.13180940E+001  0.32370300E+001
  0.52393401E+000  0.89769240E+000  0.13180961E+001  0.32370574E+001
  0.52393385E+000  0.89769225E+000  0.13180984E+001  0.32370854E+001
  0.52393377E+000  0.89769220E+000  0.13181009E+001  0.32371141E+001
  0.52393379E+000  0.89769224E+000  0.13181036E+001  0.32371433E+001
  0.52393388E+000  0.89769238E+000  0.13181064E+001  0.32371732E+001
  0.52393405E+000  0.89769260E+000  0.13181094E+001  0.32372038E+001
  0.52393430E+000  0.89769290E+000  0.13181126E+001  0.32372350E+001
  0.52393461E+000  0.89769329E+000  0.13181161E+001  0.32372669E+001
  0.52393499E+000  0.89769374E+000  0.13181198E+001  0.32372995E+001
  0.52393543E+000  0.89769426E+000  0.13181236E+001  0.32373326E+001
  0.52393593E+000  0.89769484E+000  0.13181275E+001  0.32373664E+001
  0.52393648E+000  0.89769548E+000  0.13181315E+001  0.32374007E+001
  0.52393708E+000  0.89769616E+000  0.13181357E+001  0.32374356E+001
  0.52393772E+000  0.89769690E+000  0.13181400E+001  0.32374710E+001
  0.52393841E+000  0.89769769E+000  0.13181444E+001  0.32375069E+001
  0.52393914E+000  0.89769852E+000  0.13181490E+001  0.32375433E+001
  0.52393990E+000  0.89769938E+000  0.13181537E+001  0.32375801E+001
  0.52394070E+000  0.89770029E+000  0.13181585E+001  0.32376174E+001
  0.52394153E+000  0.89770123E+000  0.13181635E+001  0.32376551E+001
  0.52394239E+000  0.89770220E+000  0.13181686E+001  0.32376932E+001
  0.52394327E+000  0.89770321E+000  0.13181737E+001  0.32377317E+001
  0.52394419E+000  0.89770424E+000  0.13181790E+001  0.32377705E+001
  0.52394512E+000  0.89770531E+000  0.13181844E+001  0.32378097E+001
  0.52394608E+000  0.89770640E+000  0.13181900E+001  0.32378493E+001
  0.52394706E+000  0.89770752E+000  0.13181956E+001  0.32378891E+001
  0.52394805E+000  0.89770866E+000  0.13182013E+001  0.32379293E+001
  0.52394907E+000  0.89770983E+000  0.13182071E+001  0.32379698E+001
  0.52395010E+000  0.89771102E+000  0.13182130E+001  0.32380105E+001
  0.52395114E+000  0.89771223E+000  0.13182190E+001  0.32380515E+001
  0.52395220E+000  0.89771346E+000  0.13182251E+001  0.32380927E+001
  0.52395326E+000  0.89771471E+000  0.13182313E+001  0.32381342E+001
  0.52395434E+000  0.89771598E+000  0.13182376E+001  0.32381759E+001
  0.52395543E+000  0.89771726E+000  0.13182439E+001  0.32382178E+001
  0.52395652E+000  0.89771856E+000  0.13182503E+001  0.32382598E+001
  0.52395761E+000  0.89771987E+000  0.13182567E+001  0.32383021E+001
  0.52395871E+000  0.89772120E+000  0.13182632E+001  0.32383444E+001
  0.52395981E+000  0.89772253E+000  0.13182697E+001  0.32383869E+001
  0.52396091E+000  0.89772387E+000  0.13182763E+001  0.32384295E+001
  0.52396201E+000  0.89772522E+000  0.13182829E+001  0.32384721E+001
  0.52396310E+000  0.89772657E+000  0.13182896E+001  0.32385148E+001
  0.52396419E+000  0.89772793E+000  0.13182963E+001  0.32385575E+001
  0.52396528E+000  0.89772929E+000  0.13183030E+001  0.32386003E+001
  0.52396636E+000  0.89773065E+000  0.13183097E+001  0.32386430E+001
  0.52396743E+000  0.89773201E+000  0.13183164E+001  0.32386857E+001
  0.52396849E+000  0.89773336E+000  0.13183231E+001  0.32387283E+001
  0.52396955E+000  0.89773472E+000  0.13183297E+001  0.32387709E+001
  0.52397059E+000  0.89773607E+000  0.13183364E+001  0.32388134E+001
  0.52397162E+000  0.89773741E+000  0.13183431E+001  0.32388557E+001
  0.52397263E+000  0.89773875E+000  0.13183497E+001  0.32388979E+001
  0.52397364E+000  0.89774007E+000  0.13183562E+001  0.32389400E+001
  0.52397462E+000  0.89774139E+000  0.13183628E+001  0.32389819E+001
  0.52397560E+000  0.89774270E+000  0.13183693E+001  0.32390236E+001
  0.52397655E+000  0.89774399E+000  0.13183757E+001  0.32390651E+001
  0.52397749E+000  0.89774527E+000  0.13183821E+001  0.32391063E+001
  0.52397842E+000  0.89774654E+000  0.13183884E+001  0.32391473E+001
  0.52397932E+000  0.89774779E+000  0.13183947E+001  0.32391881E+001
  0.52398021E+000  0.89774903E+000  0.13184009E+001  0.32392286E+001
  0.52398108E+000  0.89775024E+000  0.13184070E+001  0.32392688E+001
  0.52398193E+000  0.89775145E+000  0.13184131E+001  0.32393087E+001
  0.52398277E+000  0.89775263E+000  0.13184190E+001  0.32393483E+001
  0.52398358E+000  0.89775379E+000  0.13184249E+001  0.32393876E+001
  0.52398438E+000  0.89775494E+000  0.13184307E+001  0.32394265E+001
  0.52398515E+000  0.89775607E+000  0.13184364E+001  0.32394651E+001
  0.52398591E+000  0.89775717E+000  0.13184420E+001  0.32395033E+001
  0.52398665E+000  0.89775826E+000  0.13184475E+001  0.32395411E+001
  0.52398737E+000  0.89775932E+000  0.13184529E+001  0.32395786E+001
  0.52398807E+000  0.89776036E+000  0.13184582E+001  0.32396157E+001
  0.52398876E+000  0.89776139E+000  0.13184635E+001  0.32396523E+001
  0.52398942E+000  0.89776239E+000  0.13184686E+001  0.32396886E+001
  0.52399007E+000  0.89776336E+000  0.13184736E+001  0.32397245E+001
  0.52399070E+000  0.89776432E+000  0.13184785E+001  0.32397599E+001
  0.52399131E+000  0.89776526E+000  0.13184833E+001  0.32397949E+001
  0.52399191E+000  0.89776617E+000  0.13184880E+001  0.32398294E+001
  0.52399248E+000  0.89776706E+000  0.13184926E+001  0.32398636E+001
  0.52399304E+000  0.89776793E+000  0.13184971E+001  0.32398972E+001
  0.52399359E+000  0.89776878E+000  0.13185015E+001  0.32399305E+001
  0.52399411E+000  0.89776960E+000  0.13185058E+001  0.32399632E+001
  0.52399462E+000  0.89777041E+000  0.13185100E+001  0.32399955E+001
  0.52399512E+000  0.89777119E+000  0.13185141E+001  0.32400273E+001
  0.52399560E+000  0.89777195E+000  0.13185181E+001  0.32400587E+001
  0.52399606E+000  0.89777269E+000  0.13185220E+001  0.32400896E+001
  0.52399651E+000  0.89777341E+000  0.13185258E+001  0.32401200E+001
  0.52399695E+000  0.89777411E+000  0.13185294E+001  0.32401499E+001
  0.52399737E+000  0.89777480E+000  0.13185330E+001  0.32401794E+001
  0.52399778E+000  0.89777546E+000  0.13185365E+001  0.32402084E+001
  0.52399817E+000  0.89777610E+000  0.13185399E+001  0.32402368E+001
  0.52399856E+000  0.89777672E+000  0.13185432E+001  0.32402648E+001
  0.52399892E+000  0.89777732E+000  0.13185464E+001  0.32402924E+001
  0.52399928E+000  0.89777791E+000  0.13185496E+001  0.32403194E+001
  0.52399962E+000  0.89777847E+000  0.13185526E+001  0.32403460E+001
  0.52399996E+000  0.89777902E+000  0.13185555E+001  0.32403720E+001
  0.52400028E+000  0.89777955E+000  0.13185584E+001  0.32403976E+001
  0.52400059E+000  0.89778007E+000  0.13185611E+001  0.32404227E+001
  0.52400089E+000  0.89778057E+000  0.13185638E+001  0.32404473E+001
  0.52400118E+000  0.89778105E+000  0.13185664E+001  0.32404715E+001
  0.52400146E+000  0.89778152E+000  0.13185689E+001  0.32404952E+001
  0.52400173E+000  0.89778197E+000  0.13185714E+001  0.32405184E+001
  0.52400199E+000  0.89778240E+000  0.13185738E+001  0.32405411E+001
  0.52400224E+000  0.89778283E+000  0.13185760E+001  0.32405633E+001
  0.52400248E+000  0.89778323E+000  0.13185783E+001  0.32405851E+001
  0.52400271E+000  0.89778363E+000  0.13185804E+001  0.32406065E+001
  0.52400294E+000  0.89778401E+000  0.13185825E+001  0.32406274E+001
  0.52400315E+000  0.89778437E+000  0.13185845E+001  0.32406478E+001
  0.52400336E+000  0.89778473E+000  0.13185864E+001  0.32406678E+001
  0.52400356E+000  0.89778507E+000  0.13185883E+001  0.32406873E+001
  0.52400376E+000  0.89778540E+000  0.13185901E+001  0.32407064E+001
  0.52400394E+000  0.89778572E+000  0.13185919E+001  0.32407250E+001
  0.52400412E+000  0.89778603E+000  0.13185936E+001  0.32407432E+001
  0.52400430E+000  0.89778632E+000  0.13185952E+001  0.32407610E+001
  0.52400447E+000  0.89778661E+000  0.13185968E+001  0.32407784E+001
  0.52400463E+000  0.89778689E+000  0.13185983E+001  0.32407954E+001
  0.52400478E+000  0.89778715E+000  0.13185998E+001  0.32408119E+001
  0.52400493E+000  0.89778741E+000  0.13186012E+001  0.32408281E+001
  0.52400508E+000  0.89778766E+000  0.13186026E+001  0.32408438E+001
  0.52400521E+000  0.89778789E+000  0.13186039E+001  0.32408592E+001
  0.52400535E+000  0.89778812E+000  0.13186052E+001  0.32408742E+001
  0.52400548E+000  0.89778834E+000  0.13186064E+001  0.32408887E+001
  0.52400560E+000  0.89778856E+000  0.13186076E+001  0.32409030E+001
  0.52400572E+000  0.89778876E+000  0.13186088E+001  0.32409168E+001
  0.52400583E+000  0.89778896E+000  0.13186099E+001  0.32409303E+001
  0.52400594E+000  0.89778915E+000  0.13186110E+001  0.32409434E+001
  0.52400605E+000  0.89778933E+000  0.13186120E+001  0.32409562E+001
  0.52400615E+000  0.89778951E+000  0.13186130E+001  0.32409686E+001
  0.52400625E+000  0.89778968E+000  0.13186139E+001  0.32409807E+001
  0.52400635E+000  0.89778984E+000  0.13186149E+001  0.32409924E+001
  0.52400644E+000  0.89779000E+000  0.13186157E+001  0.32410039E+001
  0.52400653E+000  0.89779015E+000  0.13186166E+001  0.32410150E+001
  0.52400661E+000  0.89779030E+000  0.13186174E+001  0.32410258E+001
  0.52400669E+000  0.89779044E+000  0.13186182E+001  0.32410363E+001
  0.52400677E+000  0.89779058E+000  0.13186190E+001  0.32410464E+001
  0.52400685E+000  0.89779071E+000  0.13186197E+001  0.32410563E+001
  0.52400692E+000  0.89779083E+000  0.13186204E+001  0.32410660E+001
  0.52400699E+000  0.89779095E+000  0.13186211E+001  0.32410753E+001
  0.52400706E+000  0.89779107E+000  0.13186218E+001  0.32410843E+001
  0.52400712E+000  0.89779118E+000  0.13186224E+001  0.32410931E+001
  0.52400719E+000  0.89779129E+000  0.13186230E+001  0.32411016E+001
  0.52400725E+000  0.89779139E+000  0.13186236E+001  0.32411099E+001
  0.52400730E+000  0.89779149E+000  0.13186242E+001  0.32411179E+001
  0.52400736E+000  0.89779159E+000  0.13186247E+001  0.32411257E+001
  0.52400741E+000  0.89779168E+000  0.13186252E+001  0.32411332E+001
  0.52400747E+000  0.89779177E+000  0.13186258E+001  0.32411405E+001
  0.52400752E+000  0.89779186E+000  0.13186262E+001  0.32411476E+001
  0.52400756E+000  0.89779194E+000  0.13186267E+001  0.32411544E+001
  0.52400761E+000  0.89779202E+000  0.13186272E+001  0.32411610E+001
  0.52400765E+000  0.89779209E+000  0.13186276E+001  0.32411675E+001
  0.52400769E+000  0.89779217E+000  0.13186280E+001  0.32411736E+001
  0.52400774E+000  0.89779224E+000  0.13186284E+001  0.32411795E+001
