  0.13723925E+002
  0.13715381E+002
  0.13708149E+002
  0.13702068E+002
  0.13696964E+002
  0.13692688E+002
  0.13689109E+002
  0.13686119E+002
  0.13683624E+002
  0.13681548E+002
  0.13679823E+002
  0.13678396E+002
  0.13677218E+002
  0.13676251E+002
  0.13675462E+002
  0.13674822E+002
  0.13674309E+002
  0.13673901E+002
  0.13673583E+002
  0.13673341E+002
  0.13673162E+002
  0.13673037E+002
  0.13672958E+002
  0.13672917E+002
  0.13672909E+002
  0.13672928E+002
  0.13672971E+002
  0.13673035E+002
  0.13673116E+002
  0.13673211E+002
  0.13673320E+002
  0.13673441E+002
  0.13673572E+002
  0.13673713E+002
  0.13673863E+002
  0.13674021E+002
  0.13674187E+002
  0.13674360E+002
  0.13674540E+002
  0.13674727E+002
  0.13674921E+002
  0.13675122E+002
  0.13675329E+002
  0.13675543E+002
  0.13675764E+002
  0.13675992E+002
  0.13676226E+002
  0.13676468E+002
  0.13676716E+002
  0.13676972E+002
  0.13677235E+002
  0.13677506E+002
  0.13677784E+002
  0.13678069E+002
  0.13678363E+002
  0.13678665E+002
  0.13678974E+002
  0.13679292E+002
  0.13679619E+002
  0.13679953E+002
  0.13680297E+002
  0.13680648E+002
  0.13681008E+002
  0.13681377E+002
  0.13681754E+002
  0.13682139E+002
  0.13682532E+002
  0.13682934E+002
  0.13683343E+002
  0.13683759E+002
  0.13684183E+002
  0.13684614E+002
  0.13685051E+002
  0.13685495E+002
  0.13685945E+002
  0.13686400E+002
  0.13686861E+002
  0.13687327E+002
  0.13687797E+002
  0.13688271E+002
  0.13688750E+002
  0.13689231E+002
  0.13689716E+002
  0.13690204E+002
  0.13690694E+002
  0.13691185E+002
  0.13691679E+002
  0.13692173E+002
  0.13692669E+002
  0.13693165E+002
  0.13693662E+002
  0.13694158E+002
  0.13694654E+002
  0.13695149E+002
  0.13695643E+002
  0.13696136E+002
  0.13696627E+002
  0.13697117E+002
  0.13697604E+002
  0.13698089E+002
  0.13698571E+002
  0.13699051E+002
  0.13699527E+002
  0.13700000E+002
  0.13700470E+002
  0.13700935E+002
  0.13701397E+002
  0.13701855E+002
  0.13702308E+002
  0.13702757E+002
  0.13703201E+002
  0.13703641E+002
  0.13704076E+002
  0.13704506E+002
  0.13704930E+002
  0.13705350E+002
  0.13705764E+002
  0.13706173E+002
  0.13706576E+002
  0.13706974E+002
  0.13707367E+002
  0.13707753E+002
  0.13708134E+002
  0.13708510E+002
  0.13708879E+002
  0.13709243E+002
  0.13709601E+002
  0.13709953E+002
  0.13710299E+002
  0.13710640E+002
  0.13710974E+002
  0.13711303E+002
  0.13711626E+002
  0.13711943E+002
  0.13712254E+002
  0.13712559E+002
  0.13712859E+002
  0.13713153E+002
  0.13713441E+002
  0.13713723E+002
  0.13714000E+002
  0.13714271E+002
  0.13714537E+002
  0.13714797E+002
  0.13715051E+002
  0.13715300E+002
  0.13715544E+002
  0.13715782E+002
  0.13716015E+002
  0.13716243E+002
  0.13716466E+002
  0.13716683E+002
  0.13716896E+002
  0.13717103E+002
  0.13717306E+002
  0.13717503E+002
  0.13717696E+002
  0.13717885E+002
  0.13718068E+002
  0.13718247E+002
  0.13718422E+002
  0.13718592E+002
  0.13718758E+002
  0.13718919E+002
  0.13719076E+002
  0.13719229E+002
  0.13719379E+002
  0.13719524E+002
  0.13719665E+002
  0.13719802E+002
  0.13719936E+002
  0.13720065E+002
  0.13720192E+002
  0.13720314E+002
  0.13720434E+002
  0.13720549E+002
  0.13720662E+002
  0.13720771E+002
  0.13720877E+002
  0.13720980E+002
  0.13721080E+002
  0.13721177E+002
  0.13721271E+002
  0.13721362E+002
  0.13721451E+002
  0.13721537E+002
  0.13721620E+002
  0.13721700E+002
  0.13721778E+002
  0.13721854E+002
  0.13721927E+002
  0.13721998E+002
  0.13722067E+002
  0.13722133E+002
  0.13722198E+002
  0.13722260E+002
  0.13722320E+002
  0.13722379E+002
  0.13722435E+002
  0.13722489E+002
