  0.96704027E-001
  0.98385794E-001
  0.98919418E-001
  0.98983642E-001
  0.98858037E-001
  0.98691653E-001
  0.98491062E-001
  0.98293607E-001
  0.98111949E-001
  0.97966045E-001
  0.97862099E-001
  0.97744823E-001
  0.97636222E-001
  0.97540169E-001
  0.97456043E-001
  0.97383531E-001
  0.97321742E-001
  0.97268472E-001
  0.97222148E-001
  0.97181609E-001
  0.97145968E-001
  0.97114512E-001
  0.97086672E-001
  0.97061959E-001
  0.97039946E-001
  0.97020269E-001
  0.97002615E-001
  0.96986716E-001
  0.96972342E-001
  0.96959295E-001
  0.96947403E-001
  0.96936519E-001
  0.96926513E-001
  0.96917268E-001
  0.96908699E-001
  0.96900729E-001
  0.96893284E-001
  0.96886320E-001
  0.96879792E-001
  0.96873656E-001
  0.96867874E-001
  0.96862410E-001
  0.96857235E-001
  0.96852322E-001
  0.96847649E-001
  0.96843198E-001
  0.96838955E-001
  0.96834912E-001
  0.96831063E-001
  0.96827410E-001
  0.96823959E-001
  0.96820723E-001
  0.96817728E-001
  0.96814944E-001
  0.96812356E-001
  0.96809970E-001
  0.96807737E-001
  0.96805627E-001
  0.96803623E-001
  0.96801718E-001
  0.96799904E-001
  0.96798173E-001
  0.96796518E-001
  0.96794928E-001
  0.96793395E-001
  0.96791910E-001
  0.96790464E-001
  0.96789047E-001
  0.96787650E-001
  0.96786265E-001
  0.96784883E-001
  0.96783497E-001
  0.96782101E-001
  0.96780687E-001
  0.96779252E-001
  0.96777792E-001
  0.96776303E-001
  0.96774785E-001
  0.96773235E-001
  0.96771656E-001
  0.96770049E-001
  0.96768417E-001
  0.96766763E-001
  0.96765092E-001
  0.96763409E-001
  0.96761721E-001
  0.96760032E-001
  0.96758350E-001
  0.96756680E-001
  0.96755029E-001
  0.96753402E-001
  0.96751803E-001
  0.96750238E-001
  0.96748710E-001
  0.96747222E-001
  0.96745776E-001
  0.96744375E-001
  0.96743018E-001
  0.96741706E-001
  0.96740439E-001
  0.96739215E-001
  0.96738033E-001
  0.96736892E-001
  0.96735789E-001
  0.96734722E-001
  0.96733690E-001
  0.96732689E-001
  0.96731718E-001
  0.96730774E-001
  0.96729857E-001
  0.96728963E-001
  0.96728091E-001
  0.96727240E-001
  0.96726408E-001
  0.96725595E-001
  0.96724800E-001
  0.96724022E-001
  0.96723260E-001
  0.96722515E-001
  0.96721785E-001
  0.96721072E-001
  0.96720374E-001
  0.96719692E-001
  0.96719027E-001
  0.96718377E-001
  0.96717744E-001
  0.96717128E-001
  0.96716528E-001
  0.96715945E-001
  0.96715380E-001
  0.96714832E-001
  0.96714301E-001
  0.96713788E-001
  0.96713293E-001
  0.96712815E-001
  0.96712355E-001
  0.96711912E-001
  0.96711486E-001
  0.96711078E-001
  0.96710686E-001
  0.96710312E-001
  0.96709953E-001
  0.96709611E-001
  0.96709285E-001
  0.96708973E-001
  0.96708677E-001
  0.96708396E-001
  0.96708128E-001
  0.96707874E-001
  0.96707633E-001
  0.96707405E-001
  0.96707190E-001
  0.96706986E-001
  0.96706793E-001
  0.96706611E-001
  0.96706440E-001
  0.96706278E-001
  0.96706126E-001
  0.96705983E-001
  0.96705848E-001
  0.96705721E-001
  0.96705603E-001
  0.96705491E-001
  0.96705387E-001
  0.96705289E-001
  0.96705198E-001
  0.96705112E-001
  0.96705032E-001
  0.96704957E-001
  0.96704888E-001
  0.96704823E-001
  0.96704762E-001
  0.96704706E-001
  0.96704653E-001
  0.96704604E-001
  0.96704559E-001
  0.96704517E-001
  0.96704478E-001
  0.96704442E-001
  0.96704409E-001
  0.96704379E-001
  0.96704350E-001
  0.96704324E-001
  0.96704300E-001
  0.96704278E-001
  0.96704258E-001
  0.96704240E-001
  0.96704223E-001
  0.96704208E-001
  0.96704194E-001
  0.96704181E-001
  0.96704170E-001
  0.96704160E-001
  0.96704151E-001
  0.96704144E-001
  0.96704137E-001
  0.96704132E-001
  0.96704128E-001
  0.96704128E-001
  0.96704132E-001
