  0.29048770E+000
  0.29378162E+000
  0.29611528E+000
  0.29778765E+000
  0.29920602E+000
  0.30048052E+000
  0.30147133E+000
  0.30188331E+000
  0.30186949E+000
  0.30155612E+000
  0.30104351E+000
  0.30040891E+000
  0.29971013E+000
  0.29898924E+000
  0.29827582E+000
  0.29758984E+000
  0.29694402E+000
  0.29634569E+000
  0.29579831E+000
  0.29530256E+000
  0.29485723E+000
  0.29445984E+000
  0.29410716E+000
  0.29379551E+000
  0.29352102E+000
  0.29327982E+000
  0.29306815E+000
  0.29288244E+000
  0.29271936E+000
  0.29257585E+000
  0.29244915E+000
  0.29233678E+000
  0.29223654E+000
  0.29214651E+000
  0.29206504E+000
  0.29199069E+000
  0.29192227E+000
  0.29185877E+000
  0.29179937E+000
  0.29174339E+000
  0.29169029E+000
  0.29163964E+000
  0.29159110E+000
  0.29154441E+000
  0.29149935E+000
  0.29145579E+000
  0.29141360E+000
  0.29137267E+000
  0.29133295E+000
  0.29129437E+000
  0.29125689E+000
  0.29122047E+000
  0.29118509E+000
  0.29115073E+000
  0.29111737E+000
  0.29108501E+000
  0.29105364E+000
  0.29102327E+000
  0.29099390E+000
  0.29096555E+000
  0.29093821E+000
  0.29091191E+000
  0.29088664E+000
  0.29086243E+000
  0.29083926E+000
  0.29081716E+000
  0.29079611E+000
  0.29077611E+000
  0.29075715E+000
  0.29073922E+000
  0.29072229E+000
  0.29070635E+000
  0.29069136E+000
  0.29067730E+000
  0.29066414E+000
  0.29065184E+000
  0.29064036E+000
  0.29062968E+000
  0.29061974E+000
  0.29061051E+000
  0.29060195E+000
  0.29059402E+000
  0.29058669E+000
  0.29057992E+000
  0.29057368E+000
  0.29056792E+000
  0.29056263E+000
  0.29055776E+000
  0.29055328E+000
  0.29054918E+000
  0.29054541E+000
  0.29054196E+000
  0.29053880E+000
  0.29053591E+000
  0.29053326E+000
  0.29053084E+000
  0.29052862E+000
  0.29052659E+000
  0.29052473E+000
  0.29052303E+000
  0.29052146E+000
  0.29052002E+000
  0.29051870E+000
  0.29051747E+000
  0.29051633E+000
  0.29051527E+000
  0.29051429E+000
  0.29051336E+000
  0.29051249E+000
  0.29051167E+000
  0.29051090E+000
  0.29051016E+000
  0.29050945E+000
  0.29050878E+000
  0.29050813E+000
  0.29050751E+000
  0.29050691E+000
  0.29050633E+000
  0.29050577E+000
  0.29050523E+000
  0.29050470E+000
  0.29050419E+000
  0.29050370E+000
  0.29050322E+000
  0.29050275E+000
  0.29050230E+000
  0.29050186E+000
  0.29050143E+000
  0.29050101E+000
  0.29050061E+000
  0.29050022E+000
  0.29049985E+000
  0.29049948E+000
  0.29049913E+000
  0.29049878E+000
  0.29049845E+000
  0.29049813E+000
  0.29049782E+000
  0.29049752E+000
  0.29049723E+000
  0.29049694E+000
  0.29049667E+000
  0.29049640E+000
  0.29049615E+000
  0.29049590E+000
  0.29049566E+000
  0.29049543E+000
  0.29049520E+000
  0.29049498E+000
  0.29049477E+000
  0.29049456E+000
  0.29049436E+000
  0.29049417E+000
  0.29049398E+000
  0.29049380E+000
  0.29049362E+000
  0.29049345E+000
  0.29049328E+000
  0.29049312E+000
  0.29049297E+000
  0.29049281E+000
  0.29049267E+000
  0.29049252E+000
  0.29049238E+000
  0.29049225E+000
  0.29049211E+000
  0.29049199E+000
  0.29049186E+000
  0.29049174E+000
  0.29049162E+000
  0.29049151E+000
  0.29049140E+000
  0.29049129E+000
  0.29049118E+000
  0.29049108E+000
  0.29049098E+000
  0.29049088E+000
  0.29049078E+000
  0.29049069E+000
  0.29049060E+000
  0.29049051E+000
  0.29049042E+000
  0.29049034E+000
  0.29049025E+000
  0.29049017E+000
  0.29049009E+000
  0.29049001E+000
  0.29048994E+000
  0.29048986E+000
  0.29048979E+000
  0.29048971E+000
  0.29048964E+000
  0.29048957E+000
  0.29048950E+000
  0.29048943E+000
  0.29048936E+000
  0.29048930E+000
  0.29048924E+000
  0.29048918E+000
  0.29048915E+000
