  0.56916454E+000
  0.56914690E+000
  0.56902146E+000
  0.56890607E+000
  0.56882762E+000
  0.56878455E+000
  0.56876929E+000
  0.56877367E+000
  0.56879165E+000
  0.56881867E+000
  0.56885132E+000
  0.56888707E+000
  0.56892412E+000
  0.56896117E+000
  0.56899727E+000
  0.56903178E+000
  0.56906426E+000
  0.56909439E+000
  0.56912203E+000
  0.56914710E+000
  0.56916961E+000
  0.56918955E+000
  0.56920698E+000
  0.56922201E+000
  0.56923474E+000
  0.56924530E+000
  0.56925381E+000
  0.56926040E+000
  0.56926521E+000
  0.56926838E+000
  0.56927007E+000
  0.56927040E+000
  0.56926954E+000
  0.56926762E+000
  0.56926480E+000
  0.56926122E+000
  0.56925702E+000
  0.56925232E+000
  0.56924726E+000
  0.56924196E+000
  0.56923652E+000
  0.56923104E+000
  0.56922561E+000
  0.56922030E+000
  0.56921519E+000
  0.56921031E+000
  0.56920571E+000
  0.56920143E+000
  0.56919746E+000
  0.56919384E+000
  0.56919055E+000
  0.56918758E+000
  0.56918494E+000
  0.56918259E+000
  0.56918051E+000
  0.56917869E+000
  0.56917710E+000
  0.56917571E+000
  0.56917450E+000
  0.56917345E+000
  0.56917253E+000
  0.56917174E+000
  0.56917104E+000
  0.56917042E+000
  0.56916987E+000
  0.56916939E+000
  0.56916895E+000
  0.56916855E+000
  0.56916819E+000
  0.56916785E+000
  0.56916754E+000
  0.56916725E+000
  0.56916698E+000
  0.56916672E+000
  0.56916648E+000
  0.56916626E+000
  0.56916604E+000
  0.56916584E+000
  0.56916565E+000
  0.56916546E+000
  0.56916529E+000
  0.56916513E+000
  0.56916498E+000
  0.56916483E+000
  0.56916470E+000
  0.56916457E+000
  0.56916445E+000
  0.56916433E+000
  0.56916422E+000
  0.56916412E+000
  0.56916403E+000
  0.56916393E+000
  0.56916385E+000
  0.56916376E+000
  0.56916369E+000
  0.56916361E+000
  0.56916354E+000
  0.56916347E+000
  0.56916341E+000
  0.56916334E+000
  0.56916328E+000
  0.56916323E+000
  0.56916318E+000
  0.56916313E+000
  0.56916308E+000
  0.56916304E+000
  0.56916301E+000
  0.56916298E+000
  0.56916295E+000
  0.56916293E+000
  0.56916291E+000
  0.56916290E+000
  0.56916289E+000
  0.56916289E+000
  0.56916289E+000
  0.56916289E+000
  0.56916289E+000
  0.56916288E+000
  0.56916287E+000
  0.56916286E+000
  0.56916284E+000
  0.56916282E+000
  0.56916278E+000
  0.56916274E+000
  0.56916268E+000
  0.56916261E+000
  0.56916253E+000
  0.56916244E+000
  0.56916233E+000
  0.56916222E+000
  0.56916209E+000
  0.56916196E+000
  0.56916182E+000
  0.56916167E+000
  0.56916152E+000
  0.56916137E+000
  0.56916121E+000
  0.56916106E+000
  0.56916091E+000
  0.56916076E+000
  0.56916062E+000
  0.56916049E+000
  0.56916036E+000
  0.56916024E+000
  0.56916013E+000
  0.56916003E+000
  0.56915994E+000
  0.56915986E+000
  0.56915979E+000
  0.56915973E+000
  0.56915969E+000
  0.56915965E+000
  0.56915962E+000
  0.56915959E+000
  0.56915958E+000
  0.56915958E+000
  0.56915958E+000
  0.56915959E+000
  0.56915961E+000
  0.56915964E+000
  0.56915967E+000
  0.56915970E+000
  0.56915975E+000
  0.56915979E+000
  0.56915985E+000
  0.56915990E+000
  0.56915996E+000
  0.56916002E+000
  0.56916009E+000
  0.56916015E+000
  0.56916022E+000
  0.56916029E+000
  0.56916036E+000
  0.56916043E+000
  0.56916050E+000
  0.56916056E+000
  0.56916063E+000
  0.56916069E+000
  0.56916075E+000
  0.56916080E+000
  0.56916085E+000
  0.56916089E+000
  0.56916093E+000
  0.56916096E+000
  0.56916098E+000
  0.56916100E+000
  0.56916101E+000
  0.56916101E+000
  0.56916100E+000
  0.56916098E+000
  0.56916095E+000
  0.56916090E+000
  0.56916084E+000
  0.56916076E+000
  0.56916065E+000
  0.56916048E+000
  0.56916024E+000
  0.56915986E+000
  0.56915938E+000
  0.56915891E+000
