  0.95628204E+000
  0.95628241E+000
  0.95628273E+000
  0.95628302E+000
  0.95628327E+000
  0.95628350E+000
  0.95628370E+000
  0.95628388E+000
  0.95628405E+000
  0.95628419E+000
  0.95628433E+000
  0.95628445E+000
  0.95628456E+000
  0.95628467E+000
  0.95628476E+000
  0.95628485E+000
  0.95628493E+000
  0.95628501E+000
  0.95628508E+000
  0.95628514E+000
  0.95628520E+000
  0.95628526E+000
  0.95628532E+000
  0.95628537E+000
  0.95628542E+000
  0.95628546E+000
  0.95628551E+000
  0.95628555E+000
  0.95628559E+000
  0.95628562E+000
  0.95628566E+000
  0.95628569E+000
  0.95628572E+000
  0.95628575E+000
  0.95628578E+000
  0.95628580E+000
  0.95628583E+000
  0.95628585E+000
  0.95628587E+000
  0.95628589E+000
  0.95628591E+000
  0.95628593E+000
  0.95628594E+000
  0.95628595E+000
  0.95628597E+000
  0.95628598E+000
  0.95628598E+000
  0.95628599E+000
  0.95628599E+000
  0.95628600E+000
  0.95628600E+000
  0.95628600E+000
  0.95628599E+000
  0.95628599E+000
  0.95628598E+000
  0.95628597E+000
  0.95628596E+000
  0.95628595E+000
  0.95628594E+000
  0.95628592E+000
  0.95628590E+000
  0.95628588E+000
  0.95628586E+000
  0.95628584E+000
  0.95628581E+000
  0.95628578E+000
  0.95628575E+000
  0.95628572E+000
  0.95628569E+000
  0.95628566E+000
  0.95628562E+000
  0.95628558E+000
  0.95628555E+000
  0.95628550E+000
  0.95628546E+000
  0.95628542E+000
  0.95628538E+000
  0.95628533E+000
  0.95628528E+000
  0.95628523E+000
  0.95628518E+000
  0.95628513E+000
  0.95628508E+000
  0.95628503E+000
  0.95628498E+000
  0.95628492E+000
  0.95628487E+000
  0.95628481E+000
  0.95628475E+000
  0.95628469E+000
  0.95628464E+000
  0.95628458E+000
  0.95628452E+000
  0.95628446E+000
  0.95628440E+000
  0.95628434E+000
  0.95628428E+000
  0.95628422E+000
  0.95628415E+000
  0.95628409E+000
  0.95628403E+000
  0.95628397E+000
  0.95628391E+000
  0.95628385E+000
  0.95628379E+000
  0.95628373E+000
  0.95628367E+000
  0.95628361E+000
  0.95628355E+000
  0.95628350E+000
  0.95628344E+000
  0.95628339E+000
  0.95628334E+000
  0.95628328E+000
  0.95628324E+000
  0.95628319E+000
  0.95628314E+000
  0.95628310E+000
  0.95628306E+000
  0.95628303E+000
  0.95628299E+000
  0.95628296E+000
  0.95628294E+000
  0.95628291E+000
  0.95628289E+000
  0.95628288E+000
  0.95628287E+000
  0.95628286E+000
  0.95628286E+000
  0.95628286E+000
  0.95628286E+000
  0.95628287E+000
  0.95628288E+000
  0.95628290E+000
  0.95628291E+000
  0.95628293E+000
  0.95628295E+000
  0.95628297E+000
  0.95628299E+000
  0.95628301E+000
  0.95628304E+000
  0.95628306E+000
  0.95628307E+000
  0.95628309E+000
  0.95628310E+000
  0.95628312E+000
  0.95628312E+000
  0.95628313E+000
  0.95628313E+000
  0.95628312E+000
  0.95628311E+000
  0.95628310E+000
  0.95628308E+000
  0.95628305E+000
  0.95628302E+000
  0.95628298E+000
  0.95628294E+000
  0.95628290E+000
  0.95628284E+000
  0.95628279E+000
  0.95628272E+000
  0.95628266E+000
  0.95628258E+000
  0.95628251E+000
  0.95628243E+000
  0.95628235E+000
  0.95628226E+000
  0.95628218E+000
  0.95628209E+000
  0.95628200E+000
  0.95628191E+000
  0.95628182E+000
  0.95628173E+000
  0.95628165E+000
  0.95628156E+000
  0.95628148E+000
  0.95628140E+000
  0.95628133E+000
  0.95628126E+000
  0.95628119E+000
  0.95628113E+000
  0.95628108E+000
  0.95628103E+000
  0.95628099E+000
  0.95628096E+000
  0.95628093E+000
  0.95628092E+000
  0.95628091E+000
  0.95628090E+000
  0.95628091E+000
  0.95628092E+000
  0.95628094E+000
  0.95628097E+000
  0.95628101E+000
  0.95628105E+000
  0.95628110E+000
  0.95628115E+000
  0.95628120E+000
  0.95628126E+000
  0.95628132E+000
