  0.46832715E+000
  0.47163006E+000
  0.47204944E+000
  0.47194758E+000
  0.47173195E+000
  0.47149033E+000
  0.47124782E+000
  0.47101368E+000
  0.47079181E+000
  0.47058382E+000
  0.47039010E+000
  0.47021047E+000
  0.47004443E+000
  0.46989135E+000
  0.46975047E+000
  0.46962102E+000
  0.46950224E+000
  0.46939339E+000
  0.46929373E+000
  0.46920261E+000
  0.46911936E+000
  0.46904339E+000
  0.46897413E+000
  0.46891104E+000
  0.46885362E+000
  0.46880139E+000
  0.46875391E+000
  0.46871073E+000
  0.46867146E+000
  0.46863571E+000
  0.46860315E+000
  0.46857346E+000
  0.46854769E+000
  0.46852560E+000
  0.46850662E+000
  0.46849025E+000
  0.46847608E+000
  0.46846373E+000
  0.46845291E+000
  0.46844336E+000
  0.46843488E+000
  0.46842730E+000
  0.46842048E+000
  0.46841432E+000
  0.46840873E+000
  0.46840364E+000
  0.46839900E+000
  0.46839479E+000
  0.46839096E+000
  0.46838749E+000
  0.46838437E+000
  0.46838159E+000
  0.46837912E+000
  0.46837695E+000
  0.46837506E+000
  0.46837345E+000
  0.46837210E+000
  0.46837098E+000
  0.46837007E+000
  0.46836937E+000
  0.46836884E+000
  0.46836847E+000
  0.46836824E+000
  0.46836814E+000
  0.46836813E+000
  0.46836870E+000
  0.46836960E+000
  0.46837062E+000
  0.46837166E+000
  0.46837268E+000
  0.46837367E+000
  0.46837459E+000
  0.46837545E+000
  0.46837625E+000
  0.46837697E+000
  0.46837761E+000
  0.46837818E+000
  0.46837867E+000
  0.46837909E+000
  0.46837943E+000
  0.46837969E+000
  0.46837988E+000
  0.46838001E+000
  0.46838006E+000
  0.46838005E+000
  0.46837998E+000
  0.46837984E+000
  0.46837965E+000
  0.46837940E+000
  0.46837910E+000
  0.46837875E+000
  0.46837835E+000
  0.46837790E+000
  0.46837742E+000
  0.46837689E+000
  0.46837633E+000
  0.46837573E+000
  0.46837510E+000
  0.46837444E+000
  0.46837375E+000
  0.46837304E+000
  0.46837230E+000
  0.46837155E+000
  0.46837077E+000
  0.46836998E+000
  0.46836918E+000
  0.46836836E+000
  0.46836754E+000
  0.46836670E+000
  0.46836586E+000
  0.46836512E+000
  0.46836456E+000
  0.46836402E+000
  0.46836348E+000
  0.46836294E+000
  0.46836239E+000
  0.46836184E+000
  0.46836129E+000
  0.46836073E+000
  0.46836018E+000
  0.46835962E+000
  0.46835906E+000
  0.46835850E+000
  0.46835794E+000
  0.46835739E+000
  0.46835683E+000
  0.46835628E+000
  0.46835572E+000
  0.46835518E+000
  0.46835463E+000
  0.46835409E+000
  0.46835355E+000
  0.46835301E+000
  0.46835248E+000
  0.46835195E+000
  0.46835143E+000
  0.46835091E+000
  0.46835040E+000
  0.46834989E+000
  0.46834939E+000
  0.46834889E+000
  0.46834840E+000
  0.46834792E+000
  0.46834744E+000
  0.46834697E+000
  0.46834650E+000
  0.46834604E+000
  0.46834559E+000
  0.46834514E+000
  0.46834470E+000
  0.46834427E+000
  0.46834384E+000
  0.46834342E+000
  0.46834301E+000
  0.46834260E+000
  0.46834220E+000
  0.46834181E+000
  0.46834142E+000
  0.46834105E+000
  0.46834067E+000
  0.46834031E+000
  0.46833995E+000
  0.46833960E+000
  0.46833926E+000
  0.46833892E+000
  0.46833859E+000
  0.46833827E+000
  0.46833795E+000
  0.46833764E+000
  0.46833734E+000
  0.46833704E+000
  0.46833675E+000
  0.46833647E+000
  0.46833619E+000
  0.46833592E+000
  0.46833565E+000
  0.46833540E+000
  0.46833514E+000
  0.46833490E+000
  0.46833466E+000
  0.46833442E+000
  0.46833420E+000
  0.46833397E+000
  0.46833376E+000
  0.46833355E+000
  0.46833334E+000
  0.46833314E+000
  0.46833295E+000
  0.46833276E+000
  0.46833257E+000
  0.46833239E+000
  0.46833222E+000
  0.46833205E+000
  0.46833189E+000
  0.46833173E+000
  0.46833157E+000
  0.46833142E+000
  0.46833127E+000
  0.46833114E+000
  0.46833101E+000
