  0.11177722E+000
  0.11195112E+000
  0.11208790E+000
  0.11219389E+000
  0.11227458E+000
  0.11233461E+000
  0.11237781E+000
  0.11240735E+000
  0.11242582E+000
  0.11243537E+000
  0.11243777E+000
  0.11243445E+000
  0.11242663E+000
  0.11241526E+000
  0.11240116E+000
  0.11238499E+000
  0.11236729E+000
  0.11234848E+000
  0.11232894E+000
  0.11230896E+000
  0.11228878E+000
  0.11226858E+000
  0.11224853E+000
  0.11222875E+000
  0.11220934E+000
  0.11219037E+000
  0.11217192E+000
  0.11215403E+000
  0.11213673E+000
  0.11212004E+000
  0.11210399E+000
  0.11208857E+000
  0.11207380E+000
  0.11205967E+000
  0.11204617E+000
  0.11203329E+000
  0.11202101E+000
  0.11200933E+000
  0.11199821E+000
  0.11198765E+000
  0.11197762E+000
  0.11196810E+000
  0.11195907E+000
  0.11195050E+000
  0.11194239E+000
  0.11193470E+000
  0.11192742E+000
  0.11192053E+000
  0.11191400E+000
  0.11190782E+000
  0.11190197E+000
  0.11189643E+000
  0.11189119E+000
  0.11188622E+000
  0.11188152E+000
  0.11187706E+000
  0.11187283E+000
  0.11186882E+000
  0.11186501E+000
  0.11186140E+000
  0.11185796E+000
  0.11185470E+000
  0.11185160E+000
  0.11184865E+000
  0.11184584E+000
  0.11184317E+000
  0.11184062E+000
  0.11183821E+000
  0.11183590E+000
  0.11183372E+000
  0.11183163E+000
  0.11182965E+000
  0.11182777E+000
  0.11182598E+000
  0.11182428E+000
  0.11182267E+000
  0.11182113E+000
  0.11181967E+000
  0.11181828E+000
  0.11181695E+000
  0.11181569E+000
  0.11181449E+000
  0.11181334E+000
  0.11181224E+000
  0.11181119E+000
  0.11181019E+000
  0.11180922E+000
  0.11180830E+000
  0.11180741E+000
  0.11180655E+000
  0.11180572E+000
  0.11180492E+000
  0.11180415E+000
  0.11180340E+000
  0.11180267E+000
  0.11180196E+000
  0.11180127E+000
  0.11180061E+000
  0.11179995E+000
  0.11179932E+000
  0.11179870E+000
  0.11179810E+000
  0.11179751E+000
  0.11179693E+000
  0.11179637E+000
  0.11179582E+000
  0.11179528E+000
  0.11179475E+000
  0.11179424E+000
  0.11179374E+000
  0.11179325E+000
  0.11179277E+000
  0.11179231E+000
  0.11179185E+000
  0.11179141E+000
  0.11179097E+000
  0.11179055E+000
  0.11179014E+000
  0.11178973E+000
  0.11178934E+000
  0.11178896E+000
  0.11178859E+000
  0.11178823E+000
  0.11178788E+000
  0.11178753E+000
  0.11178720E+000
  0.11178688E+000
  0.11178656E+000
  0.11178626E+000
  0.11178596E+000
  0.11178567E+000
  0.11178539E+000
  0.11178512E+000
  0.11178486E+000
  0.11178460E+000
  0.11178436E+000
  0.11178412E+000
  0.11178388E+000
  0.11178366E+000
  0.11178344E+000
  0.11178323E+000
  0.11178302E+000
  0.11178282E+000
  0.11178263E+000
  0.11178245E+000
  0.11178227E+000
  0.11178209E+000
  0.11178192E+000
  0.11178176E+000
  0.11178160E+000
  0.11178145E+000
  0.11178130E+000
  0.11178116E+000
  0.11178102E+000
  0.11178089E+000
  0.11178076E+000
  0.11178063E+000
  0.11178051E+000
  0.11178040E+000
  0.11178028E+000
  0.11178017E+000
  0.11178007E+000
  0.11177997E+000
  0.11177987E+000
  0.11177977E+000
  0.11177968E+000
  0.11177959E+000
  0.11177951E+000
  0.11177943E+000
  0.11177935E+000
  0.11177927E+000
  0.11177920E+000
  0.11177912E+000
  0.11177906E+000
  0.11177899E+000
  0.11177892E+000
  0.11177886E+000
  0.11177880E+000
  0.11177874E+000
  0.11177869E+000
  0.11177863E+000
  0.11177858E+000
  0.11177853E+000
  0.11177848E+000
  0.11177844E+000
  0.11177839E+000
  0.11177835E+000
  0.11177831E+000
  0.11177826E+000
  0.11177823E+000
  0.11177819E+000
  0.11177815E+000
  0.11177812E+000
  0.11177808E+000
  0.11177805E+000
  0.11177802E+000
  0.11177799E+000
  0.11177796E+000
  0.11177793E+000
  0.11177791E+000
