  0.62552493E+000
  0.62554332E+000
  0.62556108E+000
  0.62557806E+000
  0.62559425E+000
  0.62560972E+000
  0.62562452E+000
  0.62563869E+000
  0.62565235E+000
  0.62566557E+000
  0.62567838E+000
  0.62569082E+000
  0.62570294E+000
  0.62571476E+000
  0.62572633E+000
  0.62573766E+000
  0.62574880E+000
  0.62575976E+000
  0.62577057E+000
  0.62578124E+000
  0.62579181E+000
  0.62580229E+000
  0.62581270E+000
  0.62582304E+000
  0.62583335E+000
  0.62584362E+000
  0.62585388E+000
  0.62586412E+000
  0.62587437E+000
  0.62588462E+000
  0.62589488E+000
  0.62590516E+000
  0.62591546E+000
  0.62592577E+000
  0.62593611E+000
  0.62594645E+000
  0.62595682E+000
  0.62596719E+000
  0.62597756E+000
  0.62598792E+000
  0.62599826E+000
  0.62600858E+000
  0.62601886E+000
  0.62602908E+000
  0.62603922E+000
  0.62604928E+000
  0.62605924E+000
  0.62606907E+000
  0.62607875E+000
  0.62608826E+000
  0.62609759E+000
  0.62610670E+000
  0.62611557E+000
  0.62612418E+000
  0.62613250E+000
  0.62614051E+000
  0.62614818E+000
  0.62615549E+000
  0.62616241E+000
  0.62616892E+000
  0.62617498E+000
  0.62618059E+000
  0.62618571E+000
  0.62619033E+000
  0.62619442E+000
  0.62619797E+000
  0.62620096E+000
  0.62620338E+000
  0.62620521E+000
  0.62620644E+000
  0.62620706E+000
  0.62620707E+000
  0.62620647E+000
  0.62620525E+000
  0.62620341E+000
  0.62620096E+000
  0.62619789E+000
  0.62619423E+000
  0.62618997E+000
  0.62618514E+000
  0.62617975E+000
  0.62617381E+000
  0.62616734E+000
  0.62616037E+000
  0.62615292E+000
  0.62614501E+000
  0.62613667E+000
  0.62612793E+000
  0.62611881E+000
  0.62610934E+000
  0.62609956E+000
  0.62608949E+000
  0.62607916E+000
  0.62606860E+000
  0.62605784E+000
  0.62604692E+000
  0.62603587E+000
  0.62602474E+000
  0.62601356E+000
  0.62600235E+000
  0.62599114E+000
  0.62597994E+000
  0.62596878E+000
  0.62595767E+000
  0.62594663E+000
  0.62593568E+000
  0.62592483E+000
  0.62591409E+000
  0.62590347E+000
  0.62589300E+000
  0.62588266E+000
  0.62587249E+000
  0.62586247E+000
  0.62585262E+000
  0.62584295E+000
  0.62583345E+000
  0.62582414E+000
  0.62581501E+000
  0.62580607E+000
  0.62579733E+000
  0.62578877E+000
  0.62578041E+000
  0.62577224E+000
  0.62576427E+000
  0.62575648E+000
  0.62574889E+000
  0.62574149E+000
  0.62573428E+000
  0.62572726E+000
  0.62572042E+000
  0.62571377E+000
  0.62570730E+000
  0.62570101E+000
  0.62569489E+000
  0.62568895E+000
  0.62568318E+000
  0.62567758E+000
  0.62567215E+000
  0.62566688E+000
  0.62566176E+000
  0.62565681E+000
  0.62565200E+000
  0.62564735E+000
  0.62564285E+000
  0.62563848E+000
  0.62563426E+000
  0.62563018E+000
  0.62562623E+000
  0.62562241E+000
  0.62561871E+000
  0.62561514E+000
  0.62561170E+000
  0.62560837E+000
  0.62560515E+000
  0.62560205E+000
  0.62559905E+000
  0.62559616E+000
  0.62559337E+000
  0.62559068E+000
  0.62558809E+000
  0.62558559E+000
  0.62558318E+000
  0.62558086E+000
  0.62557862E+000
  0.62557647E+000
  0.62557439E+000
  0.62557240E+000
  0.62557048E+000
  0.62556863E+000
  0.62556685E+000
  0.62556513E+000
  0.62556349E+000
  0.62556190E+000
  0.62556038E+000
  0.62555891E+000
  0.62555751E+000
  0.62555615E+000
  0.62555485E+000
  0.62555361E+000
  0.62555241E+000
  0.62555125E+000
  0.62555015E+000
  0.62554908E+000
  0.62554806E+000
  0.62554709E+000
  0.62554615E+000
  0.62554524E+000
  0.62554438E+000
  0.62554355E+000
  0.62554275E+000
  0.62554199E+000
  0.62554126E+000
  0.62554055E+000
  0.62553988E+000
  0.62553924E+000
  0.62553862E+000
  0.62553803E+000
  0.62553746E+000
  0.62553692E+000
  0.62553640E+000
