  0.37521712E+000
  0.37629181E+000
  0.37719879E+000
  0.37797136E+000
  0.37863415E+000
  0.37919460E+000
  0.37967416E+000
  0.38008311E+000
  0.38043288E+000
  0.38073344E+000
  0.38098680E+000
  0.38120363E+000
  0.38138871E+000
  0.38155011E+000
  0.38168710E+000
  0.38180569E+000
  0.38190825E+000
  0.38199563E+000
  0.38206733E+000
  0.38213057E+000
  0.38218606E+000
  0.38223431E+000
  0.38227522E+000
  0.38231370E+000
  0.38234444E+000
  0.38236995E+000
  0.38239119E+000
  0.38241376E+000
  0.38242824E+000
  0.38244391E+000
  0.38245591E+000
  0.38246666E+000
  0.38247788E+000
  0.38248649E+000
  0.38249396E+000
  0.38250190E+000
  0.38250754E+000
  0.38251254E+000
  0.38251748E+000
  0.38252159E+000
  0.38252526E+000
  0.38252869E+000
  0.38253191E+000
  0.38253476E+000
  0.38253742E+000
  0.38253982E+000
  0.38254205E+000
  0.38254407E+000
  0.38254598E+000
  0.38254768E+000
  0.38254928E+000
  0.38255075E+000
  0.38255205E+000
  0.38255334E+000
  0.38255456E+000
  0.38255570E+000
  0.38255672E+000
  0.38255776E+000
  0.38255871E+000
  0.38255962E+000
  0.38256049E+000
  0.38256133E+000
  0.38256224E+000
  0.38256381E+000
  0.38256461E+000
  0.38256540E+000
  0.38256618E+000
  0.38256697E+000
  0.38256777E+000
  0.38256858E+000
  0.38256941E+000
  0.38257025E+000
  0.38257108E+000
  0.38257117E+000
  0.38257205E+000
  0.38257286E+000
  0.38257378E+000
  0.38257471E+000
  0.38257566E+000
  0.38257662E+000
  0.38257756E+000
  0.38257861E+000
  0.38257963E+000
  0.38258068E+000
  0.38258177E+000
  0.38258285E+000
  0.38258395E+000
  0.38258521E+000
  0.38258636E+000
  0.38258753E+000
  0.38258871E+000
  0.38258993E+000
  0.38259113E+000
  0.38259237E+000
  0.38259367E+000
  0.38259496E+000
  0.38259622E+000
  0.38259761E+000
  0.38259899E+000
  0.38260040E+000
  0.38260184E+000
  0.38260330E+000
  0.38260478E+000
  0.38260632E+000
  0.38260786E+000
  0.38260939E+000
  0.38261102E+000
  0.38261266E+000
  0.38261433E+000
  0.38261600E+000
  0.38261776E+000
  0.38261954E+000
  0.38262139E+000
  0.38262321E+000
  0.38262515E+000
  0.38262704E+000
  0.38262901E+000
  0.38263103E+000
  0.38263308E+000
  0.38263522E+000
  0.38263738E+000
  0.38263959E+000
  0.38264184E+000
  0.38264414E+000
  0.38264649E+000
  0.38264886E+000
  0.38265127E+000
  0.38265374E+000
  0.38265624E+000
  0.38265875E+000
  0.38266130E+000
  0.38266385E+000
  0.38266643E+000
  0.38266902E+000
  0.38267163E+000
  0.38267427E+000
  0.38267685E+000
  0.38267942E+000
  0.38268197E+000
  0.38268449E+000
  0.38268697E+000
  0.38268940E+000
  0.38269179E+000
  0.38269412E+000
  0.38269639E+000
  0.38269860E+000
  0.38270074E+000
  0.38270281E+000
  0.38270479E+000
  0.38270670E+000
  0.38270854E+000
  0.38271029E+000
  0.38271194E+000
  0.38271353E+000
  0.38271505E+000
  0.38271647E+000
  0.38271782E+000
  0.38271911E+000
  0.38272026E+000
  0.38272138E+000
  0.38272243E+000
  0.38272342E+000
  0.38272434E+000
  0.38272521E+000
  0.38272602E+000
  0.38272676E+000
  0.38272745E+000
  0.38272810E+000
  0.38272870E+000
  0.38272926E+000
  0.38272978E+000
  0.38273026E+000
  0.38273070E+000
  0.38273111E+000
  0.38273149E+000
  0.38273185E+000
  0.38273219E+000
  0.38273249E+000
  0.38273277E+000
  0.38273304E+000
  0.38273328E+000
  0.38273350E+000
  0.38273371E+000
  0.38273391E+000
  0.38273409E+000
  0.38273425E+000
  0.38273439E+000
  0.38273453E+000
  0.38273466E+000
  0.38273478E+000
  0.38273488E+000
  0.38273498E+000
  0.38273507E+000
  0.38273515E+000
  0.38273522E+000
  0.38273527E+000
  0.38273532E+000
  0.38273541E+000
  0.38273560E+000
  0.38273594E+000
