  0.83135156E+000
  0.83174494E+000
  0.83201727E+000
  0.83221197E+000
  0.83235164E+000
  0.83245033E+000
  0.83251717E+000
  0.83255893E+000
  0.83258090E+000
  0.83258724E+000
  0.83258128E+000
  0.83256568E+000
  0.83254258E+000
  0.83251372E+000
  0.83248053E+000
  0.83244412E+000
  0.83240545E+000
  0.83236523E+000
  0.83232405E+000
  0.83228238E+000
  0.83224059E+000
  0.83219898E+000
  0.83215779E+000
  0.83211721E+000
  0.83207738E+000
  0.83203842E+000
  0.83200043E+000
  0.83196347E+000
  0.83192760E+000
  0.83189286E+000
  0.83185929E+000
  0.83182689E+000
  0.83179570E+000
  0.83176573E+000
  0.83173697E+000
  0.83170944E+000
  0.83168314E+000
  0.83165806E+000
  0.83163420E+000
  0.83161156E+000
  0.83159013E+000
  0.83156991E+000
  0.83155086E+000
  0.83153300E+000
  0.83151629E+000
  0.83150071E+000
  0.83148625E+000
  0.83147287E+000
  0.83146055E+000
  0.83144925E+000
  0.83143894E+000
  0.83142957E+000
  0.83142111E+000
  0.83141351E+000
  0.83140672E+000
  0.83140069E+000
  0.83139538E+000
  0.83139074E+000
  0.83138671E+000
  0.83138325E+000
  0.83138030E+000
  0.83137782E+000
  0.83137576E+000
  0.83137408E+000
  0.83137273E+000
  0.83137167E+000
  0.83137087E+000
  0.83137028E+000
  0.83136988E+000
  0.83136964E+000
  0.83136952E+000
  0.83136950E+000
  0.83136957E+000
  0.83136969E+000
  0.83136986E+000
  0.83137005E+000
  0.83137026E+000
  0.83137047E+000
  0.83137067E+000
  0.83137087E+000
  0.83137105E+000
  0.83137120E+000
  0.83137134E+000
  0.83137144E+000
  0.83137153E+000
  0.83137158E+000
  0.83137162E+000
  0.83137163E+000
  0.83137161E+000
  0.83137158E+000
  0.83137154E+000
  0.83137147E+000
  0.83137140E+000
  0.83137131E+000
  0.83137122E+000
  0.83137111E+000
  0.83137101E+000
  0.83137090E+000
  0.83137078E+000
  0.83137066E+000
  0.83137054E+000
  0.83137042E+000
  0.83137029E+000
  0.83137016E+000
  0.83137003E+000
  0.83136989E+000
  0.83136975E+000
  0.83136960E+000
  0.83136944E+000
  0.83136928E+000
  0.83136911E+000
  0.83136893E+000
  0.83136875E+000
  0.83136855E+000
  0.83136834E+000
  0.83136812E+000
  0.83136790E+000
  0.83136766E+000
  0.83136741E+000
  0.83136715E+000
  0.83136687E+000
  0.83136659E+000
  0.83136630E+000
  0.83136600E+000
  0.83136570E+000
  0.83136538E+000
  0.83136506E+000
  0.83136473E+000
  0.83136439E+000
  0.83136405E+000
  0.83136370E+000
  0.83136335E+000
  0.83136300E+000
  0.83136264E+000
  0.83136228E+000
  0.83136192E+000
  0.83136155E+000
  0.83136119E+000
  0.83136082E+000
  0.83136046E+000
  0.83136010E+000
  0.83135973E+000
  0.83135938E+000
  0.83135902E+000
  0.83135867E+000
  0.83135833E+000
  0.83135799E+000
  0.83135766E+000
  0.83135734E+000
  0.83135702E+000
  0.83135672E+000
  0.83135643E+000
  0.83135615E+000
  0.83135589E+000
  0.83135563E+000
  0.83135540E+000
  0.83135517E+000
  0.83135496E+000
  0.83135476E+000
  0.83135458E+000
  0.83135441E+000
  0.83135425E+000
  0.83135411E+000
  0.83135398E+000
  0.83135386E+000
  0.83135374E+000
  0.83135364E+000
  0.83135355E+000
  0.83135346E+000
  0.83135338E+000
  0.83135330E+000
  0.83135322E+000
  0.83135315E+000
  0.83135308E+000
  0.83135302E+000
  0.83135295E+000
  0.83135289E+000
  0.83135282E+000
  0.83135275E+000
  0.83135269E+000
  0.83135262E+000
  0.83135255E+000
  0.83135248E+000
  0.83135241E+000
  0.83135234E+000
  0.83135227E+000
  0.83135220E+000
  0.83135214E+000
  0.83135207E+000
  0.83135200E+000
  0.83135193E+000
  0.83135187E+000
  0.83135181E+000
  0.83135176E+000
  0.83135172E+000
  0.83135167E+000
  0.83135159E+000
  0.83135145E+000
  0.83135123E+000
  0.83135102E+000
