  0.89611287E+000
  0.89611302E+000
  0.89611367E+000
  0.89611473E+000
  0.89611613E+000
  0.89611780E+000
  0.89611968E+000
  0.89612172E+000
  0.89612388E+000
  0.89612612E+000
  0.89612842E+000
  0.89613074E+000
  0.89613308E+000
  0.89613541E+000
  0.89613772E+000
  0.89614000E+000
  0.89614224E+000
  0.89614445E+000
  0.89614660E+000
  0.89614870E+000
  0.89615074E+000
  0.89615273E+000
  0.89615465E+000
  0.89615652E+000
  0.89615832E+000
  0.89616006E+000
  0.89616173E+000
  0.89616334E+000
  0.89616489E+000
  0.89616637E+000
  0.89616778E+000
  0.89616912E+000
  0.89617039E+000
  0.89617160E+000
  0.89617274E+000
  0.89617380E+000
  0.89617480E+000
  0.89617573E+000
  0.89617659E+000
  0.89617738E+000
  0.89617810E+000
  0.89617876E+000
  0.89617934E+000
  0.89617986E+000
  0.89618032E+000
  0.89618071E+000
  0.89618104E+000
  0.89618131E+000
  0.89618152E+000
  0.89618167E+000
  0.89618177E+000
  0.89618182E+000
  0.89618181E+000
  0.89618176E+000
  0.89618167E+000
  0.89618153E+000
  0.89618134E+000
  0.89618112E+000
  0.89618087E+000
  0.89618057E+000
  0.89618025E+000
  0.89617989E+000
  0.89617950E+000
  0.89617908E+000
  0.89617863E+000
  0.89617815E+000
  0.89617765E+000
  0.89617712E+000
  0.89617656E+000
  0.89617598E+000
  0.89617538E+000
  0.89617474E+000
  0.89617409E+000
  0.89617341E+000
  0.89617270E+000
  0.89617198E+000
  0.89617122E+000
  0.89617045E+000
  0.89616965E+000
  0.89616883E+000
  0.89616798E+000
  0.89616711E+000
  0.89616622E+000
  0.89616530E+000
  0.89616437E+000
  0.89616341E+000
  0.89616243E+000
  0.89616143E+000
  0.89616041E+000
  0.89615938E+000
  0.89615832E+000
  0.89615725E+000
  0.89615616E+000
  0.89615506E+000
  0.89615394E+000
  0.89615281E+000
  0.89615167E+000
  0.89615052E+000
  0.89614936E+000
  0.89614819E+000
  0.89614701E+000
  0.89614583E+000
  0.89614465E+000
  0.89614347E+000
  0.89614228E+000
  0.89614110E+000
  0.89613992E+000
  0.89613875E+000
  0.89613758E+000
  0.89613642E+000
  0.89613527E+000
  0.89613413E+000
  0.89613301E+000
  0.89613190E+000
  0.89613082E+000
  0.89612975E+000
  0.89612870E+000
  0.89612768E+000
  0.89612668E+000
  0.89612571E+000
  0.89612476E+000
  0.89612385E+000
  0.89612297E+000
  0.89612212E+000
  0.89612131E+000
  0.89612054E+000
  0.89611980E+000
  0.89611910E+000
  0.89611844E+000
  0.89611781E+000
  0.89611723E+000
  0.89611669E+000
  0.89611618E+000
  0.89611572E+000
  0.89611529E+000
  0.89611490E+000
  0.89611454E+000
  0.89611422E+000
  0.89611394E+000
  0.89611368E+000
  0.89611346E+000
  0.89611327E+000
  0.89611310E+000
  0.89611295E+000
  0.89611283E+000
  0.89611273E+000
  0.89611264E+000
  0.89611258E+000
  0.89611253E+000
  0.89611249E+000
  0.89611246E+000
  0.89611244E+000
  0.89611243E+000
  0.89611243E+000
  0.89611243E+000
  0.89611244E+000
  0.89611245E+000
  0.89611246E+000
  0.89611247E+000
  0.89611249E+000
  0.89611251E+000
  0.89611253E+000
  0.89611254E+000
  0.89611256E+000
  0.89611258E+000
  0.89611260E+000
  0.89611262E+000
  0.89611263E+000
  0.89611265E+000
  0.89611266E+000
  0.89611268E+000
  0.89611269E+000
  0.89611271E+000
  0.89611272E+000
  0.89611273E+000
  0.89611275E+000
  0.89611276E+000
  0.89611277E+000
  0.89611278E+000
  0.89611279E+000
  0.89611280E+000
  0.89611281E+000
  0.89611282E+000
  0.89611283E+000
  0.89611284E+000
  0.89611285E+000
  0.89611286E+000
  0.89611286E+000
  0.89611287E+000
  0.89611288E+000
  0.89611288E+000
  0.89611289E+000
  0.89611289E+000
  0.89611289E+000
  0.89611290E+000
  0.89611290E+000
  0.89611290E+000
  0.89611290E+000
  0.89611290E+000
  0.89611290E+000
