  0.28628910E+000
  0.28621481E+000
  0.28615244E+000
  0.28610065E+000
  0.28605659E+000
  0.28602004E+000
  0.28598844E+000
  0.28596203E+000
  0.28594180E+000
  0.28592224E+000
  0.28590701E+000
  0.28589513E+000
  0.28588738E+000
  0.28587757E+000
  0.28587252E+000
  0.28586701E+000
  0.28586354E+000
  0.28586122E+000
  0.28585996E+000
  0.28586017E+000
  0.28585949E+000
  0.28585985E+000
  0.28586110E+000
  0.28586252E+000
  0.28586435E+000
  0.28586661E+000
  0.28586891E+000
  0.28587168E+000
  0.28587467E+000
  0.28587783E+000
  0.28588110E+000
  0.28588440E+000
  0.28588781E+000
  0.28589131E+000
  0.28589481E+000
  0.28589833E+000
  0.28590184E+000
  0.28590534E+000
  0.28590880E+000
  0.28591221E+000
  0.28591556E+000
  0.28591884E+000
  0.28592207E+000
  0.28592521E+000
  0.28592824E+000
  0.28593117E+000
  0.28593399E+000
  0.28593670E+000
  0.28593931E+000
  0.28594181E+000
  0.28594418E+000
  0.28594646E+000
  0.28594861E+000
  0.28595065E+000
  0.28595258E+000
  0.28595441E+000
  0.28595614E+000
  0.28595776E+000
  0.28595930E+000
  0.28596076E+000
  0.28596213E+000
  0.28596342E+000
  0.28596465E+000
  0.28596582E+000
  0.28596693E+000
  0.28596797E+000
  0.28596898E+000
  0.28596995E+000
  0.28597089E+000
  0.28597179E+000
  0.28597266E+000
  0.28597351E+000
  0.28597434E+000
  0.28597515E+000
  0.28597594E+000
  0.28597673E+000
  0.28597751E+000
  0.28597827E+000
  0.28597904E+000
  0.28597980E+000
  0.28598056E+000
  0.28598132E+000
  0.28598209E+000
  0.28598286E+000
  0.28598364E+000
  0.28598443E+000
  0.28598522E+000
  0.28598602E+000
  0.28598682E+000
  0.28598764E+000
  0.28598847E+000
  0.28598930E+000
  0.28599015E+000
  0.28599101E+000
  0.28599189E+000
  0.28599278E+000
  0.28599368E+000
  0.28599459E+000
  0.28599552E+000
  0.28599646E+000
  0.28599742E+000
  0.28599838E+000
  0.28599936E+000
  0.28600036E+000
  0.28600137E+000
  0.28600239E+000
  0.28600342E+000
  0.28600447E+000
  0.28600554E+000
  0.28600661E+000
  0.28600770E+000
  0.28600881E+000
  0.28600993E+000
  0.28601108E+000
  0.28601224E+000
  0.28601343E+000
  0.28601465E+000
  0.28601589E+000
  0.28601716E+000
  0.28601845E+000
  0.28601978E+000
  0.28602113E+000
  0.28602252E+000
  0.28602394E+000
  0.28602539E+000
  0.28602687E+000
  0.28602839E+000
  0.28602995E+000
  0.28603153E+000
  0.28603314E+000
  0.28603478E+000
  0.28603645E+000
  0.28603814E+000
  0.28603983E+000
  0.28604155E+000
  0.28604327E+000
  0.28604501E+000
  0.28604674E+000
  0.28604847E+000
  0.28605019E+000
  0.28605189E+000
  0.28605357E+000
  0.28605522E+000
  0.28605684E+000
  0.28605841E+000
  0.28605995E+000
  0.28606144E+000
  0.28606289E+000
  0.28606428E+000
  0.28606562E+000
  0.28606690E+000
  0.28606812E+000
  0.28606929E+000
  0.28607040E+000
  0.28607145E+000
  0.28607243E+000
  0.28607336E+000
  0.28607424E+000
  0.28607505E+000
  0.28607581E+000
  0.28607652E+000
  0.28607718E+000
  0.28607780E+000
  0.28607836E+000
  0.28607889E+000
  0.28607937E+000
  0.28607982E+000
  0.28608023E+000
  0.28608061E+000
  0.28608095E+000
  0.28608127E+000
  0.28608156E+000
  0.28608183E+000
  0.28608207E+000
  0.28608229E+000
  0.28608249E+000
  0.28608267E+000
  0.28608284E+000
  0.28608300E+000
  0.28608314E+000
  0.28608327E+000
  0.28608339E+000
  0.28608349E+000
  0.28608359E+000
  0.28608368E+000
  0.28608376E+000
  0.28608383E+000
  0.28608390E+000
  0.28608396E+000
  0.28608401E+000
  0.28608406E+000
  0.28608411E+000
  0.28608415E+000
  0.28608419E+000
  0.28608422E+000
  0.28608425E+000
  0.28608427E+000
  0.28608430E+000
  0.28608433E+000
  0.28608436E+000
