  0.81535652E+000
  0.81538623E+000
  0.81541256E+000
  0.81543383E+000
  0.81545055E+000
  0.81546333E+000
  0.81547286E+000
  0.81547965E+000
  0.81548422E+000
  0.81548703E+000
  0.81548844E+000
  0.81548875E+000
  0.81548820E+000
  0.81548700E+000
  0.81548529E+000
  0.81548319E+000
  0.81548082E+000
  0.81547823E+000
  0.81547550E+000
  0.81547268E+000
  0.81546978E+000
  0.81546686E+000
  0.81546392E+000
  0.81546098E+000
  0.81545806E+000
  0.81545517E+000
  0.81545230E+000
  0.81544947E+000
  0.81544667E+000
  0.81544391E+000
  0.81544119E+000
  0.81543852E+000
  0.81543588E+000
  0.81543328E+000
  0.81543073E+000
  0.81542821E+000
  0.81542574E+000
  0.81542330E+000
  0.81542090E+000
  0.81541854E+000
  0.81541622E+000
  0.81541394E+000
  0.81541169E+000
  0.81540948E+000
  0.81540731E+000
  0.81540516E+000
  0.81540305E+000
  0.81540098E+000
  0.81539893E+000
  0.81539690E+000
  0.81539490E+000
  0.81539292E+000
  0.81539096E+000
  0.81538902E+000
  0.81538708E+000
  0.81538516E+000
  0.81538324E+000
  0.81538132E+000
  0.81537940E+000
  0.81537749E+000
  0.81537557E+000
  0.81537365E+000
  0.81537172E+000
  0.81536978E+000
  0.81536784E+000
  0.81536590E+000
  0.81536395E+000
  0.81536200E+000
  0.81536004E+000
  0.81535808E+000
  0.81535613E+000
  0.81535417E+000
  0.81535222E+000
  0.81535028E+000
  0.81534835E+000
  0.81534643E+000
  0.81534452E+000
  0.81534263E+000
  0.81534075E+000
  0.81533890E+000
  0.81533707E+000
  0.81533527E+000
  0.81533350E+000
  0.81533175E+000
  0.81533004E+000
  0.81532836E+000
  0.81532672E+000
  0.81532512E+000
  0.81532356E+000
  0.81532204E+000
  0.81532056E+000
  0.81531913E+000
  0.81531775E+000
  0.81531642E+000
  0.81531513E+000
  0.81531390E+000
  0.81531272E+000
  0.81531159E+000
  0.81531052E+000
  0.81530950E+000
  0.81530853E+000
  0.81530762E+000
  0.81530677E+000
  0.81530597E+000
  0.81530522E+000
  0.81530454E+000
  0.81530390E+000
  0.81530332E+000
  0.81530280E+000
  0.81530233E+000
  0.81530191E+000
  0.81530154E+000
  0.81530123E+000
  0.81530096E+000
  0.81530075E+000
  0.81530058E+000
  0.81530046E+000
  0.81530039E+000
  0.81530036E+000
  0.81530037E+000
  0.81530042E+000
  0.81530052E+000
  0.81530066E+000
  0.81530083E+000
  0.81530104E+000
  0.81530129E+000
  0.81530157E+000
  0.81530188E+000
  0.81530222E+000
  0.81530260E+000
  0.81530300E+000
  0.81530343E+000
  0.81530388E+000
  0.81530436E+000
  0.81530486E+000
  0.81530539E+000
  0.81530593E+000
  0.81530650E+000
  0.81530708E+000
  0.81530768E+000
  0.81530829E+000
  0.81530892E+000
  0.81530956E+000
  0.81531021E+000
  0.81531088E+000
  0.81531155E+000
  0.81531223E+000
  0.81531292E+000
  0.81531362E+000
  0.81531432E+000
  0.81531503E+000
  0.81531574E+000
  0.81531646E+000
  0.81531717E+000
  0.81531789E+000
  0.81531861E+000
  0.81531933E+000
  0.81532004E+000
  0.81532076E+000
  0.81532147E+000
  0.81532219E+000
  0.81532289E+000
  0.81532360E+000
  0.81532430E+000
  0.81532499E+000
  0.81532568E+000
  0.81532637E+000
  0.81532704E+000
  0.81532771E+000
  0.81532838E+000
  0.81532903E+000
  0.81532968E+000
  0.81533032E+000
  0.81533095E+000
  0.81533158E+000
  0.81533219E+000
  0.81533280E+000
  0.81533340E+000
  0.81533399E+000
  0.81533456E+000
  0.81533513E+000
  0.81533569E+000
  0.81533624E+000
  0.81533678E+000
  0.81533731E+000
  0.81533783E+000
  0.81533834E+000
  0.81533885E+000
  0.81533934E+000
  0.81533982E+000
  0.81534029E+000
  0.81534075E+000
  0.81534120E+000
  0.81534164E+000
  0.81534207E+000
  0.81534249E+000
  0.81534290E+000
  0.81534331E+000
  0.81534370E+000
  0.81534408E+000
