 -0.72341642E+000 -0.55766035E+000 -0.30414550E+000 -0.10670960E+000 -0.53624635E-001  0.23205916E+000  0.11170290E+002  0.44376476E+002  0.78896296E+002  0.13333348E+003  0.16587945E+003
 -0.72380951E+000 -0.55807309E+000 -0.30475180E+000 -0.10717674E+000 -0.53746074E-001  0.23086515E+000  0.11103544E+002  0.44376299E+002  0.78896110E+002  0.13333334E+003  0.16587931E+003
 -0.72409891E+000 -0.55838890E+000 -0.30522758E+000 -0.10755116E+000 -0.53830493E-001  0.22992251E+000  0.11081007E+002  0.44376234E+002  0.78896027E+002  0.13333173E+003  0.16587924E+003
 -0.72430569E+000 -0.55862462E+000 -0.30559620E+000 -0.10784814E+000 -0.53889071E-001  0.22918870E+000  0.11074682E+002  0.44376188E+002  0.78895964E+002  0.13333032E+003  0.16587918E+003
 -0.72444706E+000 -0.55879496E+000 -0.30587717E+000 -0.10807983E+000 -0.53928975E-001  0.22862663E+000  0.11069377E+002  0.44376151E+002  0.78895911E+002  0.13332913E+003  0.16587913E+003
 -0.72453763E+000 -0.55891278E+000 -0.30608657E+000 -0.10825656E+000 -0.53955061E-001  0.22820488E+000  0.11064942E+002  0.44376119E+002  0.78895868E+002  0.13332812E+003  0.16587909E+003
 -0.72458946E+000 -0.55898900E+000 -0.30623764E+000 -0.10838717E+000 -0.53970749E-001  0.22789778E+000  0.11061246E+002  0.44376093E+002  0.78895831E+002  0.13332726E+003  0.16587906E+003
 -0.72461229E+000 -0.55903266E+000 -0.30634127E+000 -0.10847927E+000 -0.53978527E-001  0.22768410E+000  0.11058175E+002  0.44376071E+002  0.78895800E+002  0.13332654E+003  0.16587904E+003
 -0.72461379E+000 -0.55905115E+000 -0.30640649E+000 -0.10853936E+000 -0.53980254E-001  0.22754631E+000  0.11055634E+002  0.44376052E+002  0.78895774E+002  0.13332593E+003  0.16587901E+003
 -0.72459990E+000 -0.55905044E+000 -0.30644077E+000 -0.10857298E+000 -0.53977351E-001  0.22746995E+000  0.11053384E+002  0.44376036E+002  0.78895752E+002  0.13332542E+003  0.16587900E+003
 -0.72457521E+000 -0.55903530E+000 -0.30645030E+000 -0.10858487E+000 -0.53970918E-001  0.22744311E+000  0.11050965E+002  0.44376023E+002  0.78895733E+002  0.13332498E+003  0.16587898E+003
 -0.72454317E+000 -0.55900955E+000 -0.30644019E+000 -0.10857900E+000 -0.53961826E-001  0.22745600E+000  0.11048997E+002  0.44376012E+002  0.78895718E+002  0.13332461E+003  0.16587897E+003
 -0.72450639E+000 -0.55897620E+000 -0.30641467E+000 -0.10855876E+000 -0.53950764E-001  0.22750056E+000  0.11047408E+002  0.44376003E+002  0.78895705E+002  0.13332430E+003  0.16587896E+003
 -0.72446682E+000 -0.55893759E+000 -0.30637720E+000 -0.10852701E+000 -0.53938286E-001  0.22757018E+000  0.11046141E+002  0.44375995E+002  0.78895694E+002  0.13332404E+003  0.16587895E+003
 -0.72442589E+000 -0.55889557E+000 -0.30633063E+000 -0.10848614E+000 -0.53924836E-001  0.22765941E+000  0.11045145E+002  0.44375989E+002  0.78895685E+002  0.13332382E+003  0.16587894E+003
 -0.72438465E+000 -0.55885165E+000 -0.30627728E+000 -0.10843816E+000 -0.53910771E-001  0.22776382E+000  0.11044379E+002  0.44375983E+002  0.78895678E+002  0.13332364E+003  0.16587894E+003
 -0.72434383E+000 -0.55880693E+000 -0.30621902E+000 -0.10838477E+000 -0.53896377E-001  0.22787973E+000  0.11043806E+002  0.44375979E+002  0.78895671E+002  0.13332349E+003  0.16587893E+003
 -0.72430396E+000 -0.55876222E+000 -0.30615738E+000 -0.10832737E+000 -0.53881884E-001  0.22800417E+000  0.11043398E+002  0.44375975E+002  0.78895666E+002  0.13332336E+003  0.16587893E+003
 -0.72426538E+000 -0.55871810E+000 -0.30609358E+000 -0.10826714E+000 -0.53867475E-001  0.22813470E+000  0.11043128E+002  0.44375973E+002  0.78895662E+002  0.13332326E+003  0.16587892E+003
 -0.72422831E+000 -0.55867500E+000 -0.30602860E+000 -0.10820507E+000 -0.53853291E-001  0.22826932E+000  0.11042977E+002  0.44375970E+002  0.78895658E+002  0.13332317E+003  0.16587892E+003
 -0.72419288E+000 -0.55863320E+000 -0.30596319E+000 -0.10814197E+000 -0.53839446E-001  0.22840640E+000  0.11042925E+002  0.44375968E+002  0.78895655E+002  0.13332310E+003  0.16587892E+003
 -0.72415913E+000 -0.55859289E+000 -0.30589796E+000 -0.10807851E+000 -0.53826023E-001  0.22854462E+000  0.11042959E+002  0.44375967E+002  0.78895652E+002  0.13332304E+003  0.16587892E+003
 -0.72412707E+000 -0.55855419E+000 -0.30583337E+000 -0.10801525E+000 -0.53813085E-001  0.22868288E+000  0.11043066E+002  0.44375966E+002  0.78895650E+002  0.13332299E+003  0.16587892E+003
 -0.72409666E+000 -0.55851714E+000 -0.30576977E+000 -0.10795265E+000 -0.53800677E-001  0.22882032E+000  0.11043235E+002  0.44375965E+002  0.78895649E+002  0.13332295E+003  0.16587891E+003
 -0.72406784E+000 -0.55848175E+000 -0.30570740E+000 -0.10789108E+000 -0.53788828E-001  0.22895622E+000  0.11043458E+002  0.44375965E+002  0.78895647E+002  0.13332292E+003  0.16587891E+003
 -0.72404052E+000 -0.55844799E+000 -0.30564644E+000 -0.10783085E+000 -0.53777554E-001  0.22909000E+000  0.11043728E+002  0.44375964E+002  0.78895646E+002  0.13332290E+003  0.16587891E+003
 -0.72401461E+000 -0.55841581E+000 -0.30558701E+000 -0.10777218E+000 -0.53766862E-001  0.22922120E+000  0.11044038E+002  0.44375964E+002  0.78895646E+002  0.13332288E+003  0.16587891E+003
 -0.72399001E+000 -0.55838513E+000 -0.30552916E+000 -0.10771526E+000 -0.53756749E-001  0.22934945E+000  0.11044383E+002  0.44375964E+002  0.78895645E+002  0.13332286E+003  0.16587891E+003
 -0.72396662E+000 -0.55835587E+000 -0.30547292E+000 -0.10766024E+000 -0.53747206E-001  0.22947445E+000  0.11044761E+002  0.44375965E+002  0.78895645E+002  0.13332285E+003  0.16587891E+003
 -0.72394435E+000 -0.55832793E+000 -0.30541828E+000 -0.10760723E+000 -0.53738503E-001  0.22959597E+000  0.11045166E+002  0.44375965E+002  0.78895644E+002  0.13332285E+003  0.16587891E+003
 -0.72392310E+000 -0.55830123E+000 -0.30536522E+000 -0.10755631E+000 -0.53730554E-001  0.22971381E+000  0.11045597E+002  0.44375965E+002  0.78895644E+002  0.13332284E+003  0.16587891E+003
 -0.72390280E+000 -0.55827568E+000 -0.30531370E+000 -0.10750753E+000 -0.53723283E-001  0.22982783E+000  0.11046052E+002  0.44375966E+002  0.78895644E+002  0.13332284E+003  0.16587891E+003
 -0.72388338E+000 -0.55825120E+000 -0.30526367E+000 -0.10746091E+000 -0.53716618E-001  0.22993790E+000  0.11046528E+002  0.44375967E+002  0.78895645E+002  0.13332284E+003  0.16587892E+003
 -0.72386476E+000 -0.55822771E+000 -0.30521509E+000 -0.10741644E+000 -0.53710498E-001  0.23004392E+000  0.11047026E+002  0.44375967E+002  0.78895645E+002  0.13332285E+003  0.16587892E+003
 -0.72384689E+000 -0.55820513E+000 -0.30516790E+000 -0.10737412E+000 -0.53704867E-001  0.23014584E+000  0.11047543E+002  0.44375968E+002  0.78895645E+002  0.13332285E+003  0.16587892E+003
 -0.72382970E+000 -0.55818341E+000 -0.30512204E+000 -0.10733391E+000 -0.53699676E-001  0.23024359E+000  0.11048078E+002  0.44375969E+002  0.78895646E+002  0.13332286E+003  0.16587892E+003
 -0.72381314E+000 -0.55816246E+000 -0.30507747E+000 -0.10729577E+000 -0.53694879E-001  0.23033715E+000  0.11048632E+002  0.44375970E+002  0.78895646E+002  0.13332287E+003  0.16587892E+003
 -0.72379717E+000 -0.55814223E+000 -0.30503415E+000 -0.10725964E+000 -0.53690437E-001  0.23042649E+000  0.11049203E+002  0.44375971E+002  0.78895647E+002  0.13332288E+003  0.16587892E+003
 -0.72378174E+000 -0.55812267E+000 -0.30499202E+000 -0.10722547E+000 -0.53686318E-001  0.23051162E+000  0.11049791E+002  0.44375972E+002  0.78895648E+002  0.13332290E+003  0.16587892E+003
 -0.72376682E+000 -0.55810372E+000 -0.30495107E+000 -0.10719318E+000 -0.53682490E-001  0.23059254E+000  0.11050396E+002  0.44375974E+002  0.78895648E+002  0.13332291E+003  0.16587892E+003
 -0.72375238E+000 -0.55808535E+000 -0.30491125E+000 -0.10716272E+000 -0.53678927E-001  0.23066928E+000  0.11051018E+002  0.44375975E+002  0.78895649E+002  0.13332293E+003  0.16587892E+003
 -0.72373838E+000 -0.55806753E+000 -0.30487256E+000 -0.10713401E+000 -0.53675608E-001  0.23074187E+000  0.11051656E+002  0.44375977E+002  0.78895650E+002  0.13332294E+003  0.16587893E+003
 -0.72372480E+000 -0.55805020E+000 -0.30483497E+000 -0.10710697E+000 -0.53672512E-001  0.23081036E+000  0.11052310E+002  0.44375978E+002  0.78895651E+002  0.13332296E+003  0.16587893E+003
 -0.72371162E+000 -0.55803336E+000 -0.30479849E+000 -0.10708155E+000 -0.53669623E-001  0.23087481E+000  0.11052979E+002  0.44375980E+002  0.78895652E+002  0.13332298E+003  0.16587893E+003
 -0.72369883E+000 -0.55801697E+000 -0.30476311E+000 -0.10705766E+000 -0.53666926E-001  0.23093530E+000  0.11053665E+002  0.44375981E+002  0.78895654E+002  0.13332301E+003  0.16587893E+003
 -0.72368641E+000 -0.55800102E+000 -0.30472883E+000 -0.10703524E+000 -0.53664410E-001  0.23099192E+000  0.11054237E+002  0.44375983E+002  0.78895655E+002  0.13332303E+003  0.16587893E+003
 -0.72367434E+000 -0.55798550E+000 -0.30469567E+000 -0.10701422E+000 -0.53662063E-001  0.23104476E+000  0.11054746E+002  0.44375985E+002  0.78895656E+002  0.13332305E+003  0.16587893E+003
 -0.72366263E+000 -0.55797038E+000 -0.30466363E+000 -0.10699452E+000 -0.53659877E-001  0.23109395E+000  0.11055265E+002  0.44375987E+002  0.78895658E+002  0.13332308E+003  0.16587894E+003
 -0.72365125E+000 -0.55795566E+000 -0.30463273E+000 -0.10697610E+000 -0.53657842E-001  0.23113961E+000  0.11055795E+002  0.44375989E+002  0.78895659E+002  0.13332311E+003  0.16587894E+003
 -0.72364020E+000 -0.55794133E+000 -0.30460297E+000 -0.10695887E+000 -0.53655951E-001  0.23118188E+000  0.11056335E+002  0.44375991E+002  0.78895661E+002  0.13332314E+003  0.16587894E+003
 -0.72362948E+000 -0.55792739E+000 -0.30457436E+000 -0.10694278E+000 -0.53654197E-001  0.23122093E+000  0.11056885E+002  0.44375994E+002  0.78895663E+002  0.13332317E+003  0.16587894E+003
 -0.72361909E+000 -0.55791384E+000 -0.30454692E+000 -0.10692777E+000 -0.53652572E-001  0.23125691E+000  0.11057444E+002  0.44375996E+002  0.78895665E+002  0.13332320E+003  0.16587894E+003
 -0.72360900E+000 -0.55790067E+000 -0.30452064E+000 -0.10691377E+000 -0.53651070E-001  0.23129001E+000  0.11058013E+002  0.44375999E+002  0.78895667E+002  0.13332324E+003  0.16587895E+003
 -0.72359924E+000 -0.55788788E+000 -0.30449554E+000 -0.10690072E+000 -0.53649683E-001  0.23132040E+000  0.11058591E+002  0.44376001E+002  0.78895669E+002  0.13332327E+003  0.16587895E+003
 -0.72358978E+000 -0.55787547E+000 -0.30447160E+000 -0.10688858E+000 -0.53648406E-001  0.23134828E+000  0.11059177E+002  0.44376004E+002  0.78895671E+002  0.13332331E+003  0.16587895E+003
 -0.72358063E+000 -0.55786345E+000 -0.30444883E+000 -0.10687728E+000 -0.53647232E-001  0.23137382E+000  0.11059771E+002  0.44376007E+002  0.78895673E+002  0.13332335E+003  0.16587895E+003
 -0.72357179E+000 -0.55785182E+000 -0.30442722E+000 -0.10686678E+000 -0.53646153E-001  0.23139723E+000  0.11060373E+002  0.44376010E+002  0.78895675E+002  0.13332339E+003  0.16587896E+003
 -0.72356326E+000 -0.55784058E+000 -0.30440675E+000 -0.10685702E+000 -0.53645162E-001  0.23141869E+000  0.11060982E+002  0.44376013E+002  0.78895678E+002  0.13332343E+003  0.16587896E+003
 -0.72355503E+000 -0.55782974E+000 -0.30438741E+000 -0.10684794E+000 -0.53644254E-001  0.23143839E+000  0.11061599E+002  0.44376016E+002  0.78895681E+002  0.13332348E+003  0.16587896E+003
 -0.72354711E+000 -0.55781931E+000 -0.30436918E+000 -0.10683952E+000 -0.53643421E-001  0.23145650E+000  0.11062221E+002  0.44376019E+002  0.78895683E+002  0.13332352E+003  0.16587897E+003
 -0.72353949E+000 -0.55780928E+000 -0.30435204E+000 -0.10683170E+000 -0.53642657E-001  0.23147318E+000  0.11062849E+002  0.44376023E+002  0.78895686E+002  0.13332357E+003  0.16587897E+003
 -0.72353217E+000 -0.55779966E+000 -0.30433596E+000 -0.10682422E+000 -0.53641945E-001  0.23148861E+000  0.11063482E+002  0.44376026E+002  0.78895689E+002  0.13332362E+003  0.16587897E+003
 -0.72352516E+000 -0.55779047E+000 -0.30432091E+000 -0.10681582E+000 -0.53641209E-001  0.23150291E+000  0.11064119E+002  0.44376030E+002  0.78895692E+002  0.13332367E+003  0.16587897E+003
 -0.72351845E+000 -0.55778168E+000 -0.30430685E+000 -0.10680737E+000 -0.53640495E-001  0.23151624E+000  0.11064761E+002  0.44376034E+002  0.78895695E+002  0.13332373E+003  0.16587898E+003
 -0.72351203E+000 -0.55777330E+000 -0.30429374E+000 -0.10679925E+000 -0.53639821E-001  0.23152871E+000  0.11065405E+002  0.44376038E+002  0.78895699E+002  0.13332378E+003  0.16587898E+003
 -0.72350589E+000 -0.55776534E+000 -0.30428156E+000 -0.10679159E+000 -0.53639191E-001  0.23154044E+000  0.11066051E+002  0.44376042E+002  0.78895702E+002  0.13332384E+003  0.16587898E+003
 -0.72350006E+000 -0.55775780E+000 -0.30427026E+000 -0.10678446E+000 -0.53638605E-001  0.23155152E+000  0.11066699E+002  0.44376046E+002  0.78895706E+002  0.13332390E+003  0.16587899E+003
 -0.72349452E+000 -0.55775067E+000 -0.30425981E+000 -0.10677787E+000 -0.53638062E-001  0.23156203E+000  0.11067348E+002  0.44376050E+002  0.78895710E+002  0.13332396E+003  0.16587899E+003
 -0.72348929E+000 -0.55774397E+000 -0.30425017E+000 -0.10677179E+000 -0.53637558E-001  0.23157206E+000  0.11067996E+002  0.44376054E+002  0.78895714E+002  0.13332403E+003  0.16587900E+003
 -0.72348435E+000 -0.55773768E+000 -0.30424132E+000 -0.10676622E+000 -0.53637092E-001  0.23158167E+000  0.11068644E+002  0.44376059E+002  0.78895718E+002  0.13332409E+003  0.16587900E+003
 -0.72347971E+000 -0.55773180E+000 -0.30423320E+000 -0.10676114E+000 -0.53636660E-001  0.23159091E+000  0.11069290E+002  0.44376064E+002  0.78895722E+002  0.13332416E+003  0.16587900E+003
 -0.72347537E+000 -0.55772633E+000 -0.30422577E+000 -0.10675653E+000 -0.53636260E-001  0.23159983E+000  0.11069933E+002  0.44376068E+002  0.78895726E+002  0.13332423E+003  0.16587901E+003
 -0.72347131E+000 -0.55772125E+000 -0.30421901E+000 -0.10675235E+000 -0.53635889E-001  0.23160848E+000  0.11070574E+002  0.44376073E+002  0.78895731E+002  0.13332430E+003  0.16587901E+003
 -0.72346753E+000 -0.55771655E+000 -0.30421285E+000 -0.10674859E+000 -0.53635544E-001  0.23161690E+000  0.11071210E+002  0.44376078E+002  0.78895735E+002  0.13332438E+003  0.16587901E+003
 -0.72346403E+000 -0.55771221E+000 -0.30420727E+000 -0.10674522E+000 -0.53635224E-001  0.23162510E+000  0.11071842E+002  0.44376083E+002  0.78895740E+002  0.13332445E+003  0.16587902E+003
 -0.72346078E+000 -0.55770822E+000 -0.30420223E+000 -0.10674222E+000 -0.53634926E-001  0.23163314E+000  0.11072468E+002  0.44376088E+002  0.78895745E+002  0.13332453E+003  0.16587902E+003
 -0.72345778E+000 -0.55770457E+000 -0.30419767E+000 -0.10673955E+000 -0.53634649E-001  0.23164102E+000  0.11073089E+002  0.44376093E+002  0.78895750E+002  0.13332461E+003  0.16587903E+003
 -0.72345502E+000 -0.55770123E+000 -0.30419357E+000 -0.10673720E+000 -0.53634390E-001  0.23164877E+000  0.11073703E+002  0.44376098E+002  0.78895755E+002  0.13332470E+003  0.16587903E+003
 -0.72345248E+000 -0.55769819E+000 -0.30418988E+000 -0.10673514E+000 -0.53634147E-001  0.23165640E+000  0.11074310E+002  0.44376104E+002  0.78895761E+002  0.13332478E+003  0.16587904E+003
 -0.72345016E+000 -0.55769542E+000 -0.30418658E+000 -0.10673334E+000 -0.53633920E-001  0.23166394E+000  0.11074909E+002  0.44376109E+002  0.78895766E+002  0.13332487E+003  0.16587904E+003
 -0.72344803E+000 -0.55769291E+000 -0.30418361E+000 -0.10673178E+000 -0.53633705E-001  0.23167140E+000  0.11075501E+002  0.44376114E+002  0.78895771E+002  0.13332495E+003  0.16587904E+003
 -0.72344609E+000 -0.55769064E+000 -0.30418096E+000 -0.10673045E+000 -0.53633503E-001  0.23167879E+000  0.11076084E+002  0.44376120E+002  0.78895777E+002  0.13332504E+003  0.16587905E+003
 -0.72344432E+000 -0.55768859E+000 -0.30417858E+000 -0.10672931E+000 -0.53633311E-001  0.23168612E+000  0.11076658E+002  0.44376125E+002  0.78895783E+002  0.13332514E+003  0.16587905E+003
 -0.72344271E+000 -0.55768674E+000 -0.30417646E+000 -0.10672835E+000 -0.53633128E-001  0.23169339E+000  0.11077223E+002  0.44376131E+002  0.78895789E+002  0.13332523E+003  0.16587906E+003
 -0.72344124E+000 -0.55768507E+000 -0.30417456E+000 -0.10672754E+000 -0.53632953E-001  0.23170063E+000  0.11077779E+002  0.44376136E+002  0.78895795E+002  0.13332533E+003  0.16587906E+003
 -0.72343990E+000 -0.55768357E+000 -0.30417285E+000 -0.10672689E+000 -0.53632786E-001  0.23170782E+000  0.11078325E+002  0.44376142E+002  0.78895801E+002  0.13332542E+003  0.16587907E+003
 -0.72343868E+000 -0.55768221E+000 -0.30417133E+000 -0.10672636E+000 -0.53632625E-001  0.23171498E+000  0.11078862E+002  0.44376148E+002  0.78895807E+002  0.13332552E+003  0.16587907E+003
 -0.72343757E+000 -0.55768099E+000 -0.30416995E+000 -0.10672594E+000 -0.53632469E-001  0.23172211E+000  0.11079388E+002  0.44376153E+002  0.78895813E+002  0.13332562E+003  0.16587908E+003
 -0.72343656E+000 -0.55767989E+000 -0.30416872E+000 -0.10672563E+000 -0.53632319E-001  0.23172921E+000  0.11079905E+002  0.44376159E+002  0.78895819E+002  0.13332573E+003  0.16587908E+003
 -0.72343564E+000 -0.55767889E+000 -0.30416760E+000 -0.10672541E+000 -0.53632172E-001  0.23173628E+000  0.11080411E+002  0.44376165E+002  0.78895826E+002  0.13332583E+003  0.16587909E+003
 -0.72343479E+000 -0.55767799E+000 -0.30416659E+000 -0.10672527E+000 -0.53632030E-001  0.23174332E+000  0.11080906E+002  0.44376171E+002  0.78895832E+002  0.13332594E+003  0.16587909E+003
 -0.72343401E+000 -0.55767717E+000 -0.30416566E+000 -0.10672520E+000 -0.53631890E-001  0.23175033E+000  0.11081392E+002  0.44376176E+002  0.78895838E+002  0.13332604E+003  0.16587910E+003
 -0.72343330E+000 -0.55767643E+000 -0.30416482E+000 -0.10672519E+000 -0.53631754E-001  0.23175731E+000  0.11081867E+002  0.44376182E+002  0.78895845E+002  0.13332615E+003  0.16587910E+003
 -0.72343264E+000 -0.55767575E+000 -0.30416405E+000 -0.10672524E+000 -0.53631621E-001  0.23176425E+000  0.11082332E+002  0.44376188E+002  0.78895852E+002  0.13332626E+003  0.16587910E+003
 -0.72343203E+000 -0.55767512E+000 -0.30416334E+000 -0.10672534E+000 -0.53631490E-001  0.23177116E+000  0.11082786E+002  0.44376193E+002  0.78895858E+002  0.13332637E+003  0.16587911E+003
 -0.72343146E+000 -0.55767455E+000 -0.30416268E+000 -0.10672549E+000 -0.53631362E-001  0.23177802E+000  0.11083230E+002  0.44376199E+002  0.78895865E+002  0.13332649E+003  0.16587911E+003
 -0.72343094E+000 -0.55767402E+000 -0.30416208E+000 -0.10672567E+000 -0.53631236E-001  0.23178483E+000  0.11083664E+002  0.44376205E+002  0.78895872E+002  0.13332660E+003  0.16587912E+003
 -0.72343044E+000 -0.55767353E+000 -0.30416151E+000 -0.10672589E+000 -0.53631113E-001  0.23179160E+000  0.11084087E+002  0.44376210E+002  0.78895879E+002  0.13332672E+003  0.16587912E+003
 -0.72342998E+000 -0.55767307E+000 -0.30416098E+000 -0.10672614E+000 -0.53630991E-001  0.23179830E+000  0.11084500E+002  0.44376216E+002  0.78895885E+002  0.13332683E+003  0.16587913E+003
 -0.72342955E+000 -0.55767265E+000 -0.30416049E+000 -0.10672642E+000 -0.53630872E-001  0.23180495E+000  0.11084903E+002  0.44376222E+002  0.78895892E+002  0.13332695E+003  0.16587913E+003
 -0.72342914E+000 -0.55767225E+000 -0.30416002E+000 -0.10672673E+000 -0.53630754E-001  0.23181153E+000  0.11085296E+002  0.44376227E+002  0.78895899E+002  0.13332707E+003  0.16587914E+003
 -0.72342875E+000 -0.55767188E+000 -0.30415959E+000 -0.10672705E+000 -0.53630639E-001  0.23181804E+000  0.11085679E+002  0.44376233E+002  0.78895906E+002  0.13332719E+003  0.16587914E+003
 -0.72342839E+000 -0.55767153E+000 -0.30415918E+000 -0.10672740E+000 -0.53630526E-001  0.23182448E+000  0.11086052E+002  0.44376238E+002  0.78895913E+002  0.13332731E+003  0.16587915E+003
 -0.72342804E+000 -0.55767120E+000 -0.30415879E+000 -0.10672776E+000 -0.53630415E-001  0.23183083E+000  0.11087869E+002  0.44376244E+002  0.78895920E+002  0.13332743E+003  0.16587915E+003
 -0.72342771E+000 -0.55767089E+000 -0.30415842E+000 -0.10672813E+000 -0.53630306E-001  0.23183710E+000  0.11090514E+002  0.44376249E+002  0.78895926E+002  0.13332755E+003  0.16587916E+003
 -0.72342740E+000 -0.55767059E+000 -0.30415808E+000 -0.10672852E+000 -0.53630199E-001  0.23184328E+000  0.11093088E+002  0.44376254E+002  0.78895933E+002  0.13332768E+003  0.16587916E+003
 -0.72342710E+000 -0.55767031E+000 -0.30415775E+000 -0.10672891E+000 -0.53630094E-001  0.23184937E+000  0.11095591E+002  0.44376260E+002  0.78895940E+002  0.13332780E+003  0.16587916E+003
 -0.72342681E+000 -0.55767005E+000 -0.30415744E+000 -0.10672932E+000 -0.53629991E-001  0.23185536E+000  0.11098025E+002  0.44376265E+002  0.78895947E+002  0.13332793E+003  0.16587917E+003
 -0.72342654E+000 -0.55766979E+000 -0.30415714E+000 -0.10672972E+000 -0.53629890E-001  0.23186126E+000  0.11100391E+002  0.44376270E+002  0.78895954E+002  0.13332805E+003  0.16587917E+003
 -0.72342628E+000 -0.55766955E+000 -0.30415686E+000 -0.10672965E+000 -0.53629765E-001  0.23186705E+000  0.11102690E+002  0.44376275E+002  0.78895961E+002  0.13332818E+003  0.16587918E+003
 -0.72342602E+000 -0.55766932E+000 -0.30415658E+000 -0.10672916E+000 -0.53629619E-001  0.23187273E+000  0.11104923E+002  0.44376280E+002  0.78895967E+002  0.13332830E+003  0.16587918E+003
 -0.72342577E+000 -0.55766909E+000 -0.30415631E+000 -0.10672862E+000 -0.53629471E-001  0.23187832E+000  0.11107091E+002  0.44376285E+002  0.78895974E+002  0.13332843E+003  0.16587919E+003
 -0.72342552E+000 -0.55766886E+000 -0.30415605E+000 -0.10672806E+000 -0.53629325E-001  0.23188380E+000  0.11109197E+002  0.44376290E+002  0.78895981E+002  0.13332856E+003  0.16587919E+003
 -0.72342527E+000 -0.55766863E+000 -0.30415579E+000 -0.10672751E+000 -0.53629181E-001  0.23188917E+000  0.11111240E+002  0.44376295E+002  0.78895988E+002  0.13332868E+003  0.16587919E+003
 -0.72342503E+000 -0.55766841E+000 -0.30415553E+000 -0.10672697E+000 -0.53629040E-001  0.23189444E+000  0.11113222E+002  0.44376300E+002  0.78895994E+002  0.13332881E+003  0.16587920E+003
 -0.72342479E+000 -0.55766820E+000 -0.30415529E+000 -0.10672644E+000 -0.53628902E-001  0.23189959E+000  0.11115145E+002  0.44376305E+002  0.78896001E+002  0.13332894E+003  0.16587920E+003
 -0.72342456E+000 -0.55766800E+000 -0.30415505E+000 -0.10672593E+000 -0.53628767E-001  0.23190463E+000  0.11117009E+002  0.44376309E+002  0.78896007E+002  0.13332907E+003  0.16587921E+003
 -0.72342434E+000 -0.55766780E+000 -0.30415482E+000 -0.10672542E+000 -0.53628635E-001  0.23190955E+000  0.11118817E+002  0.44376314E+002  0.78896014E+002  0.13332919E+003  0.16587921E+003
 -0.72342413E+000 -0.55766761E+000 -0.30415460E+000 -0.10672493E+000 -0.53628506E-001  0.23191436E+000  0.11120570E+002  0.44376318E+002  0.78896020E+002  0.13332932E+003  0.16587921E+003
 -0.72342392E+000 -0.55766742E+000 -0.30415438E+000 -0.10672445E+000 -0.53628380E-001  0.23191905E+000  0.11122268E+002  0.44376323E+002  0.78896026E+002  0.13332945E+003  0.16587922E+003
 -0.72342372E+000 -0.55766724E+000 -0.30415417E+000 -0.10672399E+000 -0.53628257E-001  0.23192363E+000  0.11123913E+002  0.44376327E+002  0.78896033E+002  0.13332958E+003  0.16587922E+003
 -0.72342352E+000 -0.55766706E+000 -0.30415396E+000 -0.10672353E+000 -0.53628138E-001  0.23192809E+000  0.11125507E+002  0.44376331E+002  0.78896039E+002  0.13332970E+003  0.16587923E+003
 -0.72342333E+000 -0.55766689E+000 -0.30415376E+000 -0.10672309E+000 -0.53628021E-001  0.23193243E+000  0.11127050E+002  0.44376335E+002  0.78896045E+002  0.13332983E+003  0.16587923E+003
 -0.72342314E+000 -0.55766672E+000 -0.30415356E+000 -0.10672266E+000 -0.53627907E-001  0.23193666E+000  0.11128545E+002  0.44376339E+002  0.78896051E+002  0.13332996E+003  0.16587923E+003
 -0.72342296E+000 -0.55766656E+000 -0.30415337E+000 -0.10672224E+000 -0.53627797E-001  0.23194077E+000  0.11129992E+002  0.44376343E+002  0.78896057E+002  0.13333008E+003  0.16587924E+003
 -0.72342278E+000 -0.55766640E+000 -0.30415319E+000 -0.10672183E+000 -0.53627690E-001  0.23194477E+000  0.11131393E+002  0.44376347E+002  0.78896063E+002  0.13333021E+003  0.16587924E+003
 -0.72342261E+000 -0.55766625E+000 -0.30415300E+000 -0.10672143E+000 -0.53627585E-001  0.23194866E+000  0.11132749E+002  0.44376351E+002  0.78896069E+002  0.13333033E+003  0.16587925E+003
 -0.72342245E+000 -0.55766609E+000 -0.30415283E+000 -0.10672105E+000 -0.53627484E-001  0.23195243E+000  0.11134061E+002  0.44376355E+002  0.78896075E+002  0.13333046E+003  0.16587925E+003
 -0.72342228E+000 -0.55766595E+000 -0.30415265E+000 -0.10672068E+000 -0.53627386E-001  0.23195610E+000  0.11135330E+002  0.44376358E+002  0.78896080E+002  0.13333058E+003  0.16587925E+003
 -0.72342212E+000 -0.55766581E+000 -0.30415249E+000 -0.10672031E+000 -0.53627290E-001  0.23195965E+000  0.11136558E+002  0.44376362E+002  0.78896086E+002  0.13333070E+003  0.16587926E+003
 -0.72342197E+000 -0.55766567E+000 -0.30415232E+000 -0.10671996E+000 -0.53627198E-001  0.23196310E+000  0.11137746E+002  0.44376366E+002  0.78896091E+002  0.13333083E+003  0.16587926E+003
 -0.72342182E+000 -0.55766553E+000 -0.30415216E+000 -0.10671962E+000 -0.53627108E-001  0.23196644E+000  0.11138895E+002  0.44376369E+002  0.78896097E+002  0.13333095E+003  0.16587926E+003
 -0.72342167E+000 -0.55766540E+000 -0.30415200E+000 -0.10671929E+000 -0.53627022E-001  0.23196968E+000  0.11140006E+002  0.44376372E+002  0.78896102E+002  0.13333107E+003  0.16587927E+003
 -0.72342153E+000 -0.55766527E+000 -0.30415185E+000 -0.10671897E+000 -0.53626938E-001  0.23197281E+000  0.11141080E+002  0.44376376E+002  0.78896107E+002  0.13333119E+003  0.16587927E+003
 -0.72342139E+000 -0.55766515E+000 -0.30415170E+000 -0.10671866E+000 -0.53626856E-001  0.23197584E+000  0.11142118E+002  0.44376379E+002  0.78896113E+002  0.13333131E+003  0.16587927E+003
 -0.72342126E+000 -0.55766502E+000 -0.30415156E+000 -0.10671836E+000 -0.53626778E-001  0.23197878E+000  0.11143121E+002  0.44376382E+002  0.78896118E+002  0.13333143E+003  0.16587928E+003
 -0.72342113E+000 -0.55766491E+000 -0.30415142E+000 -0.10671808E+000 -0.53626702E-001  0.23198162E+000  0.11144091E+002  0.44376385E+002  0.78896123E+002  0.13333154E+003  0.16587928E+003
 -0.72342100E+000 -0.55766479E+000 -0.30415128E+000 -0.10671780E+000 -0.53626628E-001  0.23198436E+000  0.11145028E+002  0.44376388E+002  0.78896128E+002  0.13333166E+003  0.16587928E+003
 -0.72342088E+000 -0.55766468E+000 -0.30415115E+000 -0.10671752E+000 -0.53626557E-001  0.23198701E+000  0.11145933E+002  0.44376391E+002  0.78896132E+002  0.13333177E+003  0.16587929E+003
 -0.72342076E+000 -0.55766457E+000 -0.30415102E+000 -0.10671726E+000 -0.53626489E-001  0.23198957E+000  0.11146808E+002  0.44376393E+002  0.78896137E+002  0.13333189E+003  0.16587929E+003
 -0.72342064E+000 -0.55766447E+000 -0.30415089E+000 -0.10671701E+000 -0.53626423E-001  0.23199205E+000  0.11147653E+002  0.44376396E+002  0.78896142E+002  0.13333200E+003  0.16587929E+003
 -0.72342053E+000 -0.55766436E+000 -0.30415077E+000 -0.10671677E+000 -0.53626359E-001  0.23199444E+000  0.11148468E+002  0.44376399E+002  0.78896146E+002  0.13333211E+003  0.16587930E+003
 -0.72342042E+000 -0.55766426E+000 -0.30415065E+000 -0.10671653E+000 -0.53626297E-001  0.23199674E+000  0.11149256E+002  0.44376401E+002  0.78896151E+002  0.13333222E+003  0.16587930E+003
 -0.72342032E+000 -0.55766417E+000 -0.30415053E+000 -0.10671630E+000 -0.53626238E-001  0.23199897E+000  0.11150017E+002  0.44376404E+002  0.78896155E+002  0.13333233E+003  0.16587930E+003
 -0.72342021E+000 -0.55766407E+000 -0.30415041E+000 -0.10671608E+000 -0.53626180E-001  0.23200111E+000  0.11150751E+002  0.44376406E+002  0.78896159E+002  0.13333244E+003  0.16587931E+003
 -0.72342011E+000 -0.55766398E+000 -0.30415030E+000 -0.10671587E+000 -0.53626125E-001  0.23200318E+000  0.11151459E+002  0.44376409E+002  0.78896163E+002  0.13333254E+003  0.16587931E+003
 -0.72342002E+000 -0.55766389E+000 -0.30415020E+000 -0.10671567E+000 -0.53626072E-001  0.23200517E+000  0.11152143E+002  0.44376411E+002  0.78896167E+002  0.13333265E+003  0.16587931E+003
 -0.72341992E+000 -0.55766381E+000 -0.30415009E+000 -0.10671547E+000 -0.53626020E-001  0.23200710E+000  0.11152803E+002  0.44376413E+002  0.78896171E+002  0.13333275E+003  0.16587931E+003
 -0.72341983E+000 -0.55766372E+000 -0.30414999E+000 -0.10671528E+000 -0.53625971E-001  0.23200895E+000  0.11153440E+002  0.44376415E+002  0.78896175E+002  0.13333285E+003  0.16587932E+003
 -0.72341974E+000 -0.55766364E+000 -0.30414989E+000 -0.10671509E+000 -0.53625923E-001  0.23201074E+000  0.11154054E+002  0.44376417E+002  0.78896179E+002  0.13333295E+003  0.16587932E+003
 -0.72341966E+000 -0.55766356E+000 -0.30414979E+000 -0.10671491E+000 -0.53625877E-001  0.23201246E+000  0.11154647E+002  0.44376419E+002  0.78896183E+002  0.13333305E+003  0.16587932E+003
 -0.72341957E+000 -0.55766348E+000 -0.30414969E+000 -0.10671474E+000 -0.53625833E-001  0.23201412E+000  0.11155219E+002  0.44376421E+002  0.78896186E+002  0.13333315E+003  0.16587933E+003
 -0.72341949E+000 -0.55766341E+000 -0.30414960E+000 -0.10671458E+000 -0.53625790E-001  0.23201572E+000  0.11155770E+002  0.44376423E+002  0.78896190E+002  0.13333325E+003  0.16587933E+003
 -0.72341941E+000 -0.55766333E+000 -0.30414951E+000 -0.10671442E+000 -0.53625749E-001  0.23201726E+000  0.11156302E+002  0.44376425E+002  0.78896193E+002  0.13333333E+003  0.16587933E+003
 -0.72341934E+000 -0.55766326E+000 -0.30414942E+000 -0.10671426E+000 -0.53625710E-001  0.23201874E+000  0.11156814E+002  0.44376427E+002  0.78896196E+002  0.13333333E+003  0.16587933E+003
 -0.72341926E+000 -0.55766319E+000 -0.30414933E+000 -0.10671411E+000 -0.53625672E-001  0.23202017E+000  0.11157308E+002  0.44376429E+002  0.78896200E+002  0.13333334E+003  0.16587934E+003
 -0.72341919E+000 -0.55766312E+000 -0.30414924E+000 -0.10671397E+000 -0.53625635E-001  0.23202154E+000  0.11157785E+002  0.44376430E+002  0.78896203E+002  0.13333334E+003  0.16587934E+003
 -0.72341912E+000 -0.55766306E+000 -0.30414916E+000 -0.10671383E+000 -0.53625600E-001  0.23202287E+000  0.11158244E+002  0.44376432E+002  0.78896206E+002  0.13333335E+003  0.16587934E+003
 -0.72341905E+000 -0.55766299E+000 -0.30414908E+000 -0.10671369E+000 -0.53625566E-001  0.23202414E+000  0.11158687E+002  0.44376434E+002  0.78896209E+002  0.13333335E+003  0.16587934E+003
 -0.72341898E+000 -0.55766293E+000 -0.30414900E+000 -0.10671356E+000 -0.53625533E-001  0.23202537E+000  0.11159114E+002  0.44376435E+002  0.78896212E+002  0.13333335E+003  0.16587935E+003
 -0.72341891E+000 -0.55766286E+000 -0.30414892E+000 -0.10671344E+000 -0.53625501E-001  0.23202656E+000  0.11159526E+002  0.44376437E+002  0.78896215E+002  0.13333336E+003  0.16587935E+003
 -0.72341885E+000 -0.55766280E+000 -0.30414884E+000 -0.10671332E+000 -0.53625471E-001  0.23202770E+000  0.11159922E+002  0.44376438E+002  0.78896217E+002  0.13333336E+003  0.16587935E+003
 -0.72341879E+000 -0.55766274E+000 -0.30414876E+000 -0.10671320E+000 -0.53625442E-001  0.23202880E+000  0.11160304E+002  0.44376439E+002  0.78896220E+002  0.13333336E+003  0.16587935E+003
 -0.72341873E+000 -0.55766268E+000 -0.30414869E+000 -0.10671308E+000 -0.53625413E-001  0.23202986E+000  0.11160673E+002  0.44376441E+002  0.78896223E+002  0.13333337E+003  0.16587936E+003
 -0.72341867E+000 -0.55766263E+000 -0.30414861E+000 -0.10671297E+000 -0.53625386E-001  0.23203088E+000  0.11161027E+002  0.44376442E+002  0.78896225E+002  0.13333337E+003  0.16587936E+003
 -0.72341861E+000 -0.55766257E+000 -0.30414854E+000 -0.10671287E+000 -0.53625360E-001  0.23203186E+000  0.11161369E+002  0.44376443E+002  0.78896227E+002  0.13333337E+003  0.16587936E+003
 -0.72341855E+000 -0.55766252E+000 -0.30414847E+000 -0.10671276E+000 -0.53625335E-001  0.23203281E+000  0.11161699E+002  0.44376444E+002  0.78896230E+002  0.13333338E+003  0.16587936E+003
 -0.72341850E+000 -0.55766246E+000 -0.30414840E+000 -0.10671266E+000 -0.53625311E-001  0.23203372E+000  0.11162016E+002  0.44376446E+002  0.78896232E+002  0.13333338E+003  0.16587936E+003
 -0.72341844E+000 -0.55766241E+000 -0.30414833E+000 -0.10671257E+000 -0.53625287E-001  0.23203460E+000  0.11162322E+002  0.44376447E+002  0.78896234E+002  0.13333338E+003  0.16587937E+003
 -0.72341839E+000 -0.55766236E+000 -0.30414826E+000 -0.10671247E+000 -0.53625264E-001  0.23203545E+000  0.11162617E+002  0.44376448E+002  0.78896237E+002  0.13333339E+003  0.16587937E+003
 -0.72341834E+000 -0.55766231E+000 -0.30414819E+000 -0.10671238E+000 -0.53625243E-001  0.23203627E+000  0.11162901E+002  0.44376449E+002  0.78896239E+002  0.13333339E+003  0.16587937E+003
 -0.72341828E+000 -0.55766226E+000 -0.30414813E+000 -0.10671230E+000 -0.53625222E-001  0.23203706E+000  0.11163174E+002  0.44376450E+002  0.78896241E+002  0.13333339E+003  0.16587937E+003
 -0.72341823E+000 -0.55766221E+000 -0.30414806E+000 -0.10671221E+000 -0.53625201E-001  0.23203782E+000  0.11163438E+002  0.44376451E+002  0.78896243E+002  0.13333339E+003  0.16587938E+003
 -0.72341819E+000 -0.55766216E+000 -0.30414800E+000 -0.10671213E+000 -0.53625182E-001  0.23203856E+000  0.11163691E+002  0.44376452E+002  0.78896245E+002  0.13333340E+003  0.16587938E+003
 -0.72341814E+000 -0.55766211E+000 -0.30414794E+000 -0.10671205E+000 -0.53625163E-001  0.23203927E+000  0.11163936E+002  0.44376453E+002  0.78896246E+002  0.13333340E+003  0.16587938E+003
 -0.72341809E+000 -0.55766207E+000 -0.30414787E+000 -0.10671197E+000 -0.53625145E-001  0.23203995E+000  0.11164172E+002  0.44376454E+002  0.78896248E+002  0.13333340E+003  0.16587938E+003
 -0.72341805E+000 -0.55766202E+000 -0.30414781E+000 -0.10671189E+000 -0.53625127E-001  0.23204061E+000  0.11164399E+002  0.44376454E+002  0.78896250E+002  0.13333340E+003  0.16587938E+003
 -0.72341800E+000 -0.55766198E+000 -0.30414775E+000 -0.10671182E+000 -0.53625110E-001  0.23204125E+000  0.11164617E+002  0.44376455E+002  0.78896252E+002  0.13333341E+003  0.16587938E+003
 -0.72341796E+000 -0.55766193E+000 -0.30414769E+000 -0.10671175E+000 -0.53625094E-001  0.23204186E+000  0.11164828E+002  0.44376456E+002  0.78896253E+002  0.13333341E+003  0.16587939E+003
 -0.72341791E+000 -0.55766189E+000 -0.30414764E+000 -0.10671168E+000 -0.53625078E-001  0.23204246E+000  0.11165031E+002  0.44376457E+002  0.78896255E+002  0.13333341E+003  0.16587939E+003
 -0.72341787E+000 -0.55766185E+000 -0.30414758E+000 -0.10671162E+000 -0.53625063E-001  0.23204303E+000  0.11165226E+002  0.44376457E+002  0.78896256E+002  0.13333341E+003  0.16587939E+003
 -0.72341783E+000 -0.55766181E+000 -0.30414752E+000 -0.10671155E+000 -0.53625048E-001  0.23204359E+000  0.11165415E+002  0.44376458E+002  0.78896258E+002  0.13333342E+003  0.16587939E+003
 -0.72341779E+000 -0.55766177E+000 -0.30414747E+000 -0.10671149E+000 -0.53625034E-001  0.23204412E+000  0.11165596E+002  0.44376459E+002  0.78896259E+002  0.13333342E+003  0.16587939E+003
 -0.72341775E+000 -0.55766173E+000 -0.30414741E+000 -0.10671143E+000 -0.53625020E-001  0.23204464E+000  0.11165771E+002  0.44376459E+002  0.78896261E+002  0.13333342E+003  0.16587939E+003
 -0.72341771E+000 -0.55766169E+000 -0.30414736E+000 -0.10671137E+000 -0.53625007E-001  0.23204514E+000  0.11165940E+002  0.44376460E+002  0.78896262E+002  0.13333342E+003  0.16587940E+003
 -0.72341767E+000 -0.55766165E+000 -0.30414731E+000 -0.10671131E+000 -0.53624994E-001  0.23204563E+000  0.11166102E+002  0.44376461E+002  0.78896263E+002  0.13333342E+003  0.16587940E+003
 -0.72341764E+000 -0.55766161E+000 -0.30414725E+000 -0.10671125E+000 -0.53624982E-001  0.23204609E+000  0.11166259E+002  0.44376461E+002  0.78896264E+002  0.13333343E+003  0.16587940E+003
 -0.72341760E+000 -0.55766157E+000 -0.30414720E+000 -0.10671120E+000 -0.53624970E-001  0.23204655E+000  0.11166410E+002  0.44376462E+002  0.78896266E+002  0.13333343E+003  0.16587940E+003
 -0.72341757E+000 -0.55766154E+000 -0.30414715E+000 -0.10671115E+000 -0.53624958E-001  0.23204699E+000  0.11166555E+002  0.44376462E+002  0.78896267E+002  0.13333343E+003  0.16587940E+003
 -0.72341753E+000 -0.55766150E+000 -0.30414710E+000 -0.10671110E+000 -0.53624947E-001  0.23204741E+000  0.11166695E+002  0.44376463E+002  0.78896268E+002  0.13333343E+003  0.16587940E+003
 -0.72341750E+000 -0.55766147E+000 -0.30414705E+000 -0.10671105E+000 -0.53624936E-001  0.23204782E+000  0.11166830E+002  0.44376463E+002  0.78896269E+002  0.13333343E+003  0.16587940E+003
 -0.72341746E+000 -0.55766143E+000 -0.30414701E+000 -0.10671100E+000 -0.53624925E-001  0.23204822E+000  0.11166961E+002  0.44376464E+002  0.78896270E+002  0.13333343E+003  0.16587941E+003
 -0.72341743E+000 -0.55766140E+000 -0.30414696E+000 -0.10671095E+000 -0.53624915E-001  0.23204861E+000  0.11167086E+002  0.44376464E+002  0.78896271E+002  0.13333344E+003  0.16587941E+003
 -0.72341740E+000 -0.55766136E+000 -0.30414691E+000 -0.10671090E+000 -0.53624905E-001  0.23204899E+000  0.11167208E+002  0.44376465E+002  0.78896272E+002  0.13333344E+003  0.16587941E+003
 -0.72341736E+000 -0.55766133E+000 -0.30414686E+000 -0.10671086E+000 -0.53624895E-001  0.23204935E+000  0.11167324E+002  0.44376465E+002  0.78896273E+002  0.13333344E+003  0.16587941E+003
 -0.72341733E+000 -0.55766130E+000 -0.30414682E+000 -0.10671081E+000 -0.53624886E-001  0.23204971E+000  0.11167437E+002  0.44376466E+002  0.78896274E+002  0.13333344E+003  0.16587941E+003
 -0.72341730E+000 -0.55766127E+000 -0.30414678E+000 -0.10671077E+000 -0.53624877E-001  0.23205005E+000  0.11167546E+002  0.44376466E+002  0.78896275E+002  0.13333344E+003  0.16587941E+003
 -0.72341728E+000 -0.55766124E+000 -0.30414674E+000 -0.10671073E+000 -0.53624868E-001  0.23205038E+000  0.11167651E+002  0.44376466E+002  0.78896275E+002  0.13333344E+003  0.16587941E+003
 -0.72341726E+000 -0.55766123E+000 -0.30414673E+000 -0.10671071E+000 -0.53624861E-001  0.23205067E+000  0.11167752E+002  0.44376467E+002  0.78896276E+002  0.13333344E+003  0.16587941E+003
 -0.72341725E+000 -0.55766122E+000 -0.30414672E+000 -0.10671069E+000 -0.53624855E-001  0.23205094E+000  0.11167848E+002  0.44376467E+002  0.78896277E+002  0.13333345E+003  0.16587942E+003
