  0.13057648E+002
  0.13057654E+002
  0.13057659E+002
  0.13057664E+002
  0.13057669E+002
  0.13057673E+002
  0.13057676E+002
  0.13057679E+002
  0.13057682E+002
  0.13057685E+002
  0.13057687E+002
  0.13057689E+002
  0.13057691E+002
  0.13057692E+002
  0.13057693E+002
  0.13057695E+002
  0.13057696E+002
  0.13057697E+002
  0.13057698E+002
  0.13057699E+002
  0.13057700E+002
  0.13057700E+002
  0.13057701E+002
  0.13057702E+002
  0.13057702E+002
  0.13057703E+002
  0.13057703E+002
  0.13057704E+002
  0.13057704E+002
  0.13057705E+002
  0.13057705E+002
  0.13057706E+002
  0.13057706E+002
  0.13057707E+002
  0.13057707E+002
  0.13057708E+002
  0.13057708E+002
  0.13057709E+002
  0.13057709E+002
  0.13057710E+002
  0.13057710E+002
  0.13057711E+002
  0.13057711E+002
  0.13057712E+002
  0.13057712E+002
  0.13057713E+002
  0.13057713E+002
  0.13057714E+002
  0.13057715E+002
  0.13057715E+002
  0.13057716E+002
  0.13057717E+002
  0.13057717E+002
  0.13057718E+002
  0.13057719E+002
  0.13057720E+002
  0.13057720E+002
  0.13057721E+002
  0.13057722E+002
  0.13057723E+002
  0.13057724E+002
  0.13057725E+002
  0.13057726E+002
  0.13057727E+002
  0.13057728E+002
  0.13057729E+002
  0.13057730E+002
  0.13057731E+002
  0.13057732E+002
  0.13057733E+002
  0.13057734E+002
  0.13057736E+002
  0.13057737E+002
  0.13057738E+002
  0.13057739E+002
  0.13057741E+002
  0.13057742E+002
  0.13057743E+002
  0.13057745E+002
  0.13057746E+002
  0.13057748E+002
  0.13057749E+002
  0.13057750E+002
  0.13057752E+002
  0.13057753E+002
  0.13057755E+002
  0.13057757E+002
  0.13057758E+002
  0.13057760E+002
  0.13057761E+002
  0.13057763E+002
  0.13057765E+002
  0.13057766E+002
  0.13057768E+002
  0.13057770E+002
  0.13057771E+002
  0.13057773E+002
  0.13057775E+002
  0.13057777E+002
  0.13057778E+002
  0.13057780E+002
  0.13057782E+002
  0.13057783E+002
  0.13057785E+002
  0.13057787E+002
  0.13057788E+002
  0.13057790E+002
  0.13057791E+002
  0.13057793E+002
  0.13057794E+002
  0.13057795E+002
  0.13057797E+002
  0.13057798E+002
  0.13057799E+002
  0.13057800E+002
  0.13057802E+002
  0.13057802E+002
  0.13057803E+002
  0.13057804E+002
  0.13057805E+002
  0.13057806E+002
  0.13057806E+002
  0.13057807E+002
  0.13057807E+002
  0.13057807E+002
  0.13057808E+002
  0.13057808E+002
  0.13057808E+002
  0.13057807E+002
  0.13057807E+002
  0.13057807E+002
  0.13057806E+002
  0.13057806E+002
  0.13057805E+002
  0.13057804E+002
  0.13057803E+002
  0.13057802E+002
  0.13057801E+002
  0.13057799E+002
  0.13057798E+002
  0.13057796E+002
  0.13057794E+002
  0.13057792E+002
  0.13057790E+002
  0.13057787E+002
  0.13057785E+002
  0.13057782E+002
  0.13057779E+002
  0.13057777E+002
  0.13057773E+002
  0.13057770E+002
  0.13057767E+002
  0.13057764E+002
  0.13057760E+002
  0.13057756E+002
  0.13057753E+002
  0.13057749E+002
  0.13057745E+002
  0.13057741E+002
  0.13057738E+002
  0.13057734E+002
  0.13057730E+002
  0.13057726E+002
  0.13057722E+002
  0.13057719E+002
  0.13057715E+002
  0.13057711E+002
  0.13057708E+002
  0.13057704E+002
  0.13057701E+002
  0.13057698E+002
  0.13057695E+002
  0.13057692E+002
  0.13057689E+002
  0.13057686E+002
  0.13057683E+002
  0.13057681E+002
  0.13057678E+002
  0.13057676E+002
  0.13057674E+002
  0.13057672E+002
  0.13057670E+002
  0.13057668E+002
  0.13057667E+002
  0.13057665E+002
  0.13057663E+002
  0.13057662E+002
  0.13057661E+002
  0.13057660E+002
  0.13057659E+002
  0.13057658E+002
  0.13057657E+002
  0.13057656E+002
  0.13057655E+002
  0.13057654E+002
  0.13057654E+002
  0.13057653E+002
  0.13057653E+002
  0.13057652E+002
  0.13057652E+002
