  0.28769638E-003  0.00000000E+000  0.22613322E-003  0.53508336E+002
  0.28754169E-003  0.00000000E+000  0.22601573E-003  0.53508337E+002
  0.28741798E-003  0.00000000E+000  0.22592420E-003  0.53508338E+002
  0.28732258E-003  0.00000000E+000  0.22585528E-003  0.53508339E+002
  0.28725189E-003  0.00000000E+000  0.22580406E-003  0.53508340E+002
  0.28720208E-003  0.00000000E+000  0.22576649E-003  0.53508341E+002
  0.28716953E-003  0.00000000E+000  0.22573957E-003  0.53508341E+002
  0.28715099E-003  0.00000000E+000  0.22572110E-003  0.53508342E+002
  0.28714363E-003  0.00000000E+000  0.22570942E-003  0.53508342E+002
  0.28714506E-003  0.00000000E+000  0.22570328E-003  0.53508342E+002
  0.28715331E-003  0.00000000E+000  0.22570167E-003  0.53508343E+002
  0.28716674E-003  0.00000000E+000  0.22570378E-003  0.53508343E+002
  0.28718398E-003  0.00000000E+000  0.22570895E-003  0.53508343E+002
  0.28720394E-003  0.00000000E+000  0.22571660E-003  0.53508343E+002
  0.28722575E-003  0.00000000E+000  0.22572626E-003  0.53508344E+002
  0.28724872E-003  0.00000000E+000  0.22573753E-003  0.53508344E+002
  0.28727227E-003  0.00000000E+000  0.22575006E-003  0.53508344E+002
  0.28729599E-003  0.00000000E+000  0.22576357E-003  0.53508344E+002
  0.28731954E-003  0.00000000E+000  0.22577778E-003  0.53508344E+002
  0.28734264E-003  0.00000000E+000  0.22579249E-003  0.53508344E+002
  0.28736512E-003  0.00000000E+000  0.22580751E-003  0.53508344E+002
  0.28738681E-003  0.00000000E+000  0.22582267E-003  0.53508344E+002
  0.28740763E-003  0.00000000E+000  0.22583785E-003  0.53508344E+002
  0.28742750E-003  0.00000000E+000  0.22585291E-003  0.53508344E+002
  0.28744638E-003  0.00000000E+000  0.22586778E-003  0.53508345E+002
  0.28746425E-003  0.00000000E+000  0.22588236E-003  0.53508345E+002
  0.28748111E-003  0.00000000E+000  0.22589659E-003  0.53508345E+002
  0.28749696E-003  0.00000000E+000  0.22591042E-003  0.53508345E+002
  0.28751184E-003  0.00000000E+000  0.22592379E-003  0.53508345E+002
  0.28752577E-003  0.00000000E+000  0.22593669E-003  0.53508345E+002
  0.28753878E-003  0.00000000E+000  0.22594909E-003  0.53508345E+002
  0.28755092E-003  0.00000000E+000  0.22596097E-003  0.53508345E+002
  0.28756223E-003  0.00000000E+000  0.22597233E-003  0.53508345E+002
  0.28757275E-003  0.00000000E+000  0.22598315E-003  0.53508345E+002
  0.28758254E-003  0.00000000E+000  0.22599346E-003  0.53508345E+002
  0.28759165E-003  0.00000000E+000  0.22600325E-003  0.53508345E+002
  0.28760011E-003  0.00000000E+000  0.22601255E-003  0.53508345E+002
  0.28760797E-003  0.00000000E+000  0.22602135E-003  0.53508345E+002
  0.28761528E-003  0.00000000E+000  0.22602968E-003  0.53508346E+002
  0.28762208E-003  0.00000000E+000  0.22603757E-003  0.53508346E+002
  0.28762841E-003  0.00000000E+000  0.22604501E-003  0.53508346E+002
  0.28763430E-003  0.00000000E+000  0.22605205E-003  0.53508346E+002
  0.28763979E-003  0.00000000E+000  0.22605869E-003  0.53508346E+002
  0.28764491E-003  0.00000000E+000  0.22606495E-003  0.53508346E+002
  0.28764967E-003  0.00000000E+000  0.22607086E-003  0.53508346E+002
  0.28765412E-003  0.00000000E+000  0.22607642E-003  0.53508346E+002
  0.28765827E-003  0.00000000E+000  0.22608165E-003  0.53508346E+002
  0.28766214E-003  0.00000000E+000  0.22608657E-003  0.53508347E+002
  0.28766574E-003  0.00000000E+000  0.22609118E-003  0.53508347E+002
  0.28766910E-003  0.00000000E+000  0.22609551E-003  0.53508347E+002
  0.28767222E-003  0.00000000E+000  0.22609955E-003  0.53508347E+002
  0.28767512E-003  0.00000000E+000  0.22610333E-003  0.53508347E+002
  0.28767781E-003  0.00000000E+000  0.22610684E-003  0.53508347E+002
  0.28768030E-003  0.00000000E+000  0.22611010E-003  0.53508348E+002
  0.28768259E-003  0.00000000E+000  0.22611312E-003  0.53508348E+002
  0.28768471E-003  0.00000000E+000  0.22611590E-003  0.53508348E+002
  0.28768665E-003  0.00000000E+000  0.22611845E-003  0.53508348E+002
  0.28768842E-003  0.00000000E+000  0.22612078E-003  0.53508348E+002
  0.28769003E-003  0.00000000E+000  0.22612291E-003  0.53508349E+002
  0.28769148E-003  0.00000000E+000  0.22612483E-003  0.53508349E+002
  0.28769280E-003  0.00000000E+000  0.22612656E-003  0.53508349E+002
  0.28769397E-003  0.00000000E+000  0.22612811E-003  0.53508349E+002
  0.28769501E-003  0.00000000E+000  0.22612949E-003  0.53508350E+002
  0.28769593E-003  0.00000000E+000  0.22613071E-003  0.53508350E+002
  0.28769674E-003  0.00000000E+000  0.22613177E-003  0.53508350E+002
  0.28769743E-003  0.00000000E+000  0.22613269E-003  0.53508351E+002
  0.28769802E-003  0.00000000E+000  0.22613348E-003  0.53508351E+002
  0.28769852E-003  0.00000000E+000  0.22613415E-003  0.53508351E+002
  0.28769893E-003  0.00000000E+000  0.22613471E-003  0.53508352E+002
  0.28769926E-003  0.00000000E+000  0.22613517E-003  0.53508352E+002
  0.28769951E-003  0.00000000E+000  0.22613553E-003  0.53508352E+002
  0.28769970E-003  0.00000000E+000  0.22613582E-003  0.53508353E+002
  0.28769983E-003  0.00000000E+000  0.22613603E-003  0.53508353E+002
  0.28769991E-003  0.00000000E+000  0.22613617E-003  0.53508354E+002
  0.28769993E-003  0.00000000E+000  0.22613626E-003  0.53508354E+002
  0.28769992E-003  0.00000000E+000  0.22613629E-003  0.53508355E+002
  0.28769986E-003  0.00000000E+000  0.22613629E-003  0.53508355E+002
  0.28769978E-003  0.00000000E+000  0.22613625E-003  0.53508356E+002
  0.28769967E-003  0.00000000E+000  0.22613617E-003  0.53508356E+002
  0.28769954E-003  0.00000000E+000  0.22613607E-003  0.53508357E+002
  0.28769939E-003  0.00000000E+000  0.22613596E-003  0.53508357E+002
  0.28769922E-003  0.00000000E+000  0.22613582E-003  0.53508358E+002
  0.28769905E-003  0.00000000E+000  0.22613567E-003  0.53508359E+002
  0.28769887E-003  0.00000000E+000  0.22613552E-003  0.53508359E+002
  0.28769868E-003  0.00000000E+000  0.22613535E-003  0.53508360E+002
  0.28769849E-003  0.00000000E+000  0.22613519E-003  0.53508361E+002
  0.28769830E-003  0.00000000E+000  0.22613502E-003  0.53508362E+002
  0.28769811E-003  0.00000000E+000  0.22613486E-003  0.53508363E+002
  0.28769793E-003  0.00000000E+000  0.22613469E-003  0.53508363E+002
  0.28769775E-003  0.00000000E+000  0.22613453E-003  0.53508364E+002
  0.28769757E-003  0.00000000E+000  0.22613438E-003  0.53508365E+002
  0.28769741E-003  0.00000000E+000  0.22613423E-003  0.53508366E+002
  0.28769725E-003  0.00000000E+000  0.22613408E-003  0.53508368E+002
  0.28769709E-003  0.00000000E+000  0.22613395E-003  0.53508369E+002
  0.28769695E-003  0.00000000E+000  0.22613382E-003  0.53508370E+002
  0.28769681E-003  0.00000000E+000  0.22613369E-003  0.53508371E+002
  0.28769669E-003  0.00000000E+000  0.22613358E-003  0.53508373E+002
  0.28769657E-003  0.00000000E+000  0.22613347E-003  0.53508374E+002
  0.28769646E-003  0.00000000E+000  0.22613337E-003  0.53508376E+002
  0.28769635E-003  0.00000000E+000  0.22613328E-003  0.53508378E+002
  0.28769626E-003  0.00000000E+000  0.22613320E-003  0.53508379E+002
  0.28769618E-003  0.00000000E+000  0.22613313E-003  0.53508381E+002
  0.28769610E-003  0.00000000E+000  0.22613306E-003  0.53508383E+002
  0.28769604E-003  0.00000000E+000  0.22613300E-003  0.53508386E+002
  0.28769598E-003  0.00000000E+000  0.22613295E-003  0.53508388E+002
  0.28769594E-003  0.00000000E+000  0.22613291E-003  0.53508391E+002
  0.28769590E-003  0.00000000E+000  0.22613288E-003  0.53508393E+002
  0.28769587E-003  0.00000000E+000  0.22613286E-003  0.53508396E+002
  0.28769586E-003  0.00000000E+000  0.22613285E-003  0.53508400E+002
  0.28769585E-003  0.00000000E+000  0.22613285E-003  0.53508403E+002
  0.28769586E-003  0.00000000E+000  0.22613286E-003  0.53508407E+002
  0.28769587E-003  0.00000000E+000  0.22613288E-003  0.53508411E+002
  0.28769590E-003  0.00000000E+000  0.22613290E-003  0.53508415E+002
  0.28769594E-003  0.00000000E+000  0.22613294E-003  0.53508420E+002
  0.28769598E-003  0.00000000E+000  0.22613299E-003  0.53508425E+002
  0.28769604E-003  0.00000000E+000  0.22613304E-003  0.53508430E+002
  0.28769610E-003  0.00000000E+000  0.22613310E-003  0.53508436E+002
  0.28769618E-003  0.00000000E+000  0.22613317E-003  0.53508442E+002
  0.28769625E-003  0.00000000E+000  0.22613324E-003  0.53508449E+002
  0.28769634E-003  0.00000000E+000  0.22613332E-003  0.53508456E+002
  0.28769642E-003  0.00000000E+000  0.22613339E-003  0.53508464E+002
  0.28769651E-003  0.00000000E+000  0.22613347E-003  0.53508472E+002
  0.28769660E-003  0.00000000E+000  0.22613354E-003  0.53508481E+002
  0.28769668E-003  0.00000000E+000  0.22613361E-003  0.53508490E+002
  0.28769676E-003  0.00000000E+000  0.22613368E-003  0.53508500E+002
  0.28769684E-003  0.00000000E+000  0.22613373E-003  0.53508510E+002
  0.28769691E-003  0.00000000E+000  0.22613378E-003  0.53508521E+002
  0.28769697E-003  0.00000000E+000  0.22613382E-003  0.53508532E+002
  0.28769702E-003  0.00000000E+000  0.22613386E-003  0.53508544E+002
  0.28769706E-003  0.00000000E+000  0.22613388E-003  0.53508555E+002
  0.28769709E-003  0.00000000E+000  0.22613389E-003  0.53508567E+002
  0.28769712E-003  0.00000000E+000  0.22613389E-003  0.53508579E+002
  0.28769713E-003  0.00000000E+000  0.22613388E-003  0.53508591E+002
  0.28769713E-003  0.00000000E+000  0.22613386E-003  0.53508603E+002
  0.28769712E-003  0.00000000E+000  0.22613383E-003  0.53508615E+002
  0.28769710E-003  0.00000000E+000  0.22613380E-003  0.53508627E+002
  0.28769707E-003  0.00000000E+000  0.22613375E-003  0.53508638E+002
  0.28769704E-003  0.00000000E+000  0.22613370E-003  0.53508648E+002
  0.28769700E-003  0.00000000E+000  0.22613365E-003  0.53508658E+002
  0.28769695E-003  0.00000000E+000  0.22613359E-003  0.53508668E+002
  0.28769690E-003  0.00000000E+000  0.22613353E-003  0.53508676E+002
  0.28769684E-003  0.00000000E+000  0.22613346E-003  0.53508684E+002
  0.28769678E-003  0.00000000E+000  0.22613339E-003  0.53508691E+002
  0.28769671E-003  0.00000000E+000  0.22613332E-003  0.53508697E+002
  0.28769664E-003  0.00000000E+000  0.22613326E-003  0.53508702E+002
  0.28769658E-003  0.00000000E+000  0.22613319E-003  0.53508706E+002
  0.28769650E-003  0.00000000E+000  0.22613312E-003  0.53508709E+002
  0.28769643E-003  0.00000000E+000  0.22613305E-003  0.53508711E+002
  0.28769636E-003  0.00000000E+000  0.22613299E-003  0.53508712E+002
  0.28769629E-003  0.00000000E+000  0.22613293E-003  0.53508712E+002
  0.28769622E-003  0.00000000E+000  0.22613287E-003  0.53508710E+002
  0.28769615E-003  0.00000000E+000  0.22613281E-003  0.53508708E+002
  0.28769608E-003  0.00000000E+000  0.22613276E-003  0.53508706E+002
  0.28769601E-003  0.00000000E+000  0.22613271E-003  0.53508702E+002
  0.28769594E-003  0.00000000E+000  0.22613266E-003  0.53508697E+002
  0.28769588E-003  0.00000000E+000  0.22613261E-003  0.53508692E+002
  0.28769582E-003  0.00000000E+000  0.22613257E-003  0.53508686E+002
  0.28769576E-003  0.00000000E+000  0.22613253E-003  0.53508680E+002
  0.28769570E-003  0.00000000E+000  0.22613250E-003  0.53508673E+002
  0.28769565E-003  0.00000000E+000  0.22613247E-003  0.53508666E+002
  0.28769560E-003  0.00000000E+000  0.22613244E-003  0.53508659E+002
  0.28769556E-003  0.00000000E+000  0.22613242E-003  0.53508651E+002
  0.28769552E-003  0.00000000E+000  0.22613240E-003  0.53508643E+002
  0.28769549E-003  0.00000000E+000  0.22613239E-003  0.53508635E+002
  0.28769546E-003  0.00000000E+000  0.22613238E-003  0.53508627E+002
  0.28769544E-003  0.00000000E+000  0.22613238E-003  0.53508619E+002
  0.28769542E-003  0.00000000E+000  0.22613239E-003  0.53508611E+002
  0.28769542E-003  0.00000000E+000  0.22613240E-003  0.53508603E+002
  0.28769542E-003  0.00000000E+000  0.22613242E-003  0.53508595E+002
  0.28769542E-003  0.00000000E+000  0.22613245E-003  0.53508588E+002
  0.28769544E-003  0.00000000E+000  0.22613248E-003  0.53508581E+002
  0.28769547E-003  0.00000000E+000  0.22613252E-003  0.53508574E+002
  0.28769550E-003  0.00000000E+000  0.22613256E-003  0.53508567E+002
  0.28769554E-003  0.00000000E+000  0.22613261E-003  0.53508560E+002
  0.28769559E-003  0.00000000E+000  0.22613267E-003  0.53508554E+002
  0.28769565E-003  0.00000000E+000  0.22613274E-003  0.53508548E+002
  0.28769572E-003  0.00000000E+000  0.22613281E-003  0.53508542E+002
  0.28769579E-003  0.00000000E+000  0.22613288E-003  0.53508537E+002
  0.28769587E-003  0.00000000E+000  0.22613296E-003  0.53508531E+002
  0.28769596E-003  0.00000000E+000  0.22613305E-003  0.53508526E+002
  0.28769606E-003  0.00000000E+000  0.22613313E-003  0.53508522E+002
  0.28769616E-003  0.00000000E+000  0.22613322E-003  0.53508517E+002
  0.28769626E-003  0.00000000E+000  0.22613331E-003  0.53508513E+002
  0.28769637E-003  0.00000000E+000  0.22613341E-003  0.53508509E+002
  0.28769647E-003  0.00000000E+000  0.22613350E-003  0.53508505E+002
  0.28769658E-003  0.00000000E+000  0.22613359E-003  0.53508501E+002
  0.28769669E-003  0.00000000E+000  0.22613368E-003  0.53508497E+002
  0.28769680E-003  0.00000000E+000  0.22613377E-003  0.53508493E+002
  0.28769691E-003  0.00000000E+000  0.22613385E-003  0.53508489E+002
  0.28769701E-003  0.00000000E+000  0.22613393E-003  0.53508485E+002
  0.28769711E-003  0.00000000E+000  0.22613400E-003  0.53508482E+002
  0.28769720E-003  0.00000000E+000  0.22613406E-003  0.53508478E+002
  0.28769728E-003  0.00000000E+000  0.22613411E-003  0.53508474E+002
  0.28769734E-003  0.00000000E+000  0.22613414E-003  0.53508470E+002
  0.28769738E-003  0.00000000E+000  0.22613414E-003  0.53508466E+002
  0.28769739E-003  0.00000000E+000  0.22613411E-003  0.53508462E+002
  0.28769735E-003  0.00000000E+000  0.22613400E-003  0.53508457E+002
  0.28769723E-003  0.00000000E+000  0.22613385E-003  0.53508453E+002
  0.28769688E-003  0.00000000E+000  0.22613338E-003  0.53508448E+002
  0.28769628E-003  0.00000000E+000  0.22613297E-003  0.53508444E+002
