 -0.41404453E-001  0.33581593E-001  0.54362941E+000  0.20603056E+001
 -0.41364446E-001  0.33662263E-001  0.54380454E+000  0.20604534E+001
 -0.41334877E-001  0.33721662E-001  0.54394562E+000  0.20605606E+001
 -0.41313554E-001  0.33764677E-001  0.54405844E+000  0.20606409E+001
 -0.41298745E-001  0.33794824E-001  0.54414792E+000  0.20607016E+001
 -0.41289047E-001  0.33815114E-001  0.54421796E+000  0.20607477E+001
 -0.41283342E-001  0.33827858E-001  0.54427173E+000  0.20607824E+001
 -0.41280731E-001  0.33834831E-001  0.54431195E+000  0.20608081E+001
 -0.41280500E-001  0.33837389E-001  0.54434084E+000  0.20608268E+001
 -0.41282084E-001  0.33836574E-001  0.54436030E+000  0.20608398E+001
 -0.41285030E-001  0.33833199E-001  0.54437193E+000  0.20608482E+001
 -0.41288980E-001  0.33827890E-001  0.54437704E+000  0.20608530E+001
 -0.41293649E-001  0.33821138E-001  0.54437676E+000  0.20608547E+001
 -0.41298811E-001  0.33813327E-001  0.54437204E+000  0.20608540E+001
 -0.41304288E-001  0.33804761E-001  0.54436365E+000  0.20608514E+001
 -0.41309934E-001  0.33795685E-001  0.54435227E+000  0.20608471E+001
 -0.41315639E-001  0.33786287E-001  0.54433847E+000  0.20608416E+001
 -0.41321318E-001  0.33776714E-001  0.54432271E+000  0.20608351E+001
 -0.41326902E-001  0.33767087E-001  0.54430539E+000  0.20608277E+001
 -0.41332341E-001  0.33757497E-001  0.54428685E+000  0.20608196E+001
 -0.41337597E-001  0.33748016E-001  0.54426735E+000  0.20608110E+001
 -0.41342643E-001  0.33738701E-001  0.54424715E+000  0.20608020E+001
 -0.41347459E-001  0.33729596E-001  0.54422644E+000  0.20607926E+001
 -0.41352032E-001  0.33720735E-001  0.54420539E+000  0.20607829E+001
 -0.41356355E-001  0.33712144E-001  0.54418414E+000  0.20607730E+001
 -0.41360424E-001  0.33703845E-001  0.54416283E+000  0.20607629E+001
 -0.41364240E-001  0.33695853E-001  0.54414154E+000  0.20607527E+001
 -0.41367804E-001  0.33688177E-001  0.54412038E+000  0.20607423E+001
 -0.41371122E-001  0.33680828E-001  0.54409943E+000  0.20607319E+001
 -0.41374200E-001  0.33673808E-001  0.54407874E+000  0.20607214E+001
 -0.41377046E-001  0.33667121E-001  0.54405839E+000  0.20607108E+001
 -0.41379670E-001  0.33660768E-001  0.54403841E+000  0.20607003E+001
 -0.41382081E-001  0.33654747E-001  0.54401885E+000  0.20606896E+001
 -0.41384291E-001  0.33649056E-001  0.54399976E+000  0.20606790E+001
 -0.41386309E-001  0.33643690E-001  0.54398115E+000  0.20606683E+001
 -0.41388148E-001  0.33638646E-001  0.54396306E+000  0.20606577E+001
 -0.41389818E-001  0.33633916E-001  0.54394550E+000  0.20606470E+001
 -0.41391331E-001  0.33629495E-001  0.54392850E+000  0.20606364E+001
 -0.41392699E-001  0.33625372E-001  0.54391207E+000  0.20606258E+001
 -0.41393931E-001  0.33621541E-001  0.54389622E+000  0.20606152E+001
 -0.41395038E-001  0.33617991E-001  0.54388096E+000  0.20606046E+001
 -0.41396032E-001  0.33614712E-001  0.54386629E+000  0.20605941E+001
 -0.41396921E-001  0.33611693E-001  0.54385222E+000  0.20605837E+001
 -0.41397714E-001  0.33608924E-001  0.54383874E+000  0.20605733E+001
 -0.41398420E-001  0.33606392E-001  0.54382585E+000  0.20605629E+001
 -0.41399048E-001  0.33604086E-001  0.54381355E+000  0.20605527E+001
 -0.41399604E-001  0.33601993E-001  0.54380183E+000  0.20605426E+001
 -0.41400097E-001  0.33600101E-001  0.54379069E+000  0.20605325E+001
 -0.41400531E-001  0.33598397E-001  0.54378012E+000  0.20605226E+001
 -0.41400913E-001  0.33596869E-001  0.54377009E+000  0.20605128E+001
 -0.41401249E-001  0.33595504E-001  0.54376062E+000  0.20605031E+001
 -0.41401543E-001  0.33594290E-001  0.54375167E+000  0.20604936E+001
 -0.41401800E-001  0.33593216E-001  0.54374324E+000  0.20604842E+001
 -0.41402025E-001  0.33592269E-001  0.54373531E+000  0.20604750E+001
 -0.41402220E-001  0.33591437E-001  0.54372787E+000  0.20604660E+001
 -0.41402389E-001  0.33590711E-001  0.54372090E+000  0.20604571E+001
 -0.41402536E-001  0.33590080E-001  0.54371438E+000  0.20604485E+001
 -0.41402664E-001  0.33589533E-001  0.54370829E+000  0.20604400E+001
 -0.41402774E-001  0.33589063E-001  0.54370263E+000  0.20604318E+001
 -0.41402869E-001  0.33588659E-001  0.54369736E+000  0.20604237E+001
 -0.41402951E-001  0.33588315E-001  0.54369247E+000  0.20604160E+001
 -0.41403021E-001  0.33588023E-001  0.54368794E+000  0.20604084E+001
 -0.41403083E-001  0.33587776E-001  0.54368375E+000  0.20604011E+001
 -0.41403136E-001  0.33587569E-001  0.54367989E+000  0.20603940E+001
 -0.41403182E-001  0.33587394E-001  0.54367634E+000  0.20603872E+001
 -0.41403223E-001  0.33587248E-001  0.54367307E+000  0.20603806E+001
 -0.41403259E-001  0.33587126E-001  0.54367008E+000  0.20603743E+001
 -0.41403290E-001  0.33587023E-001  0.54366734E+000  0.20603682E+001
 -0.41403319E-001  0.33586937E-001  0.54366485E+000  0.20603624E+001
 -0.41403345E-001  0.33586865E-001  0.54366257E+000  0.20603569E+001
 -0.41403369E-001  0.33586802E-001  0.54366051E+000  0.20603516E+001
 -0.41403392E-001  0.33586749E-001  0.54365865E+000  0.20603465E+001
 -0.41403413E-001  0.33586701E-001  0.54365697E+000  0.20603418E+001
 -0.41403433E-001  0.33586658E-001  0.54365547E+000  0.20603372E+001
 -0.41403452E-001  0.33586618E-001  0.54365413E+000  0.20603329E+001
 -0.41403470E-001  0.33586580E-001  0.54365294E+000  0.20603288E+001
 -0.41403489E-001  0.33586542E-001  0.54365189E+000  0.20603250E+001
 -0.41403507E-001  0.33586504E-001  0.54365098E+000  0.20603214E+001
 -0.41403524E-001  0.33586465E-001  0.54365020E+000  0.20603180E+001
 -0.41403542E-001  0.33586424E-001  0.54364953E+000  0.20603148E+001
 -0.41403559E-001  0.33586381E-001  0.54364898E+000  0.20603118E+001
 -0.41403577E-001  0.33586336E-001  0.54364853E+000  0.20603090E+001
 -0.41403595E-001  0.33586288E-001  0.54364817E+000  0.20603064E+001
 -0.41403612E-001  0.33586237E-001  0.54364791E+000  0.20603039E+001
 -0.41403630E-001  0.33586183E-001  0.54364774E+000  0.20603017E+001
 -0.41403648E-001  0.33586125E-001  0.54364764E+000  0.20602995E+001
 -0.41403666E-001  0.33586065E-001  0.54364761E+000  0.20602976E+001
 -0.41403684E-001  0.33586001E-001  0.54364765E+000  0.20602957E+001
 -0.41403703E-001  0.33585934E-001  0.54364774E+000  0.20602940E+001
 -0.41403721E-001  0.33585863E-001  0.54364789E+000  0.20602925E+001
 -0.41403739E-001  0.33585790E-001  0.54364808E+000  0.20602910E+001
 -0.41403758E-001  0.33585714E-001  0.54364831E+000  0.20602897E+001
 -0.41403776E-001  0.33585636E-001  0.54364857E+000  0.20602885E+001
 -0.41403795E-001  0.33585555E-001  0.54364885E+000  0.20602874E+001
 -0.41403814E-001  0.33585472E-001  0.54364915E+000  0.20602864E+001
 -0.41403832E-001  0.33585386E-001  0.54364945E+000  0.20602855E+001
 -0.41403851E-001  0.33585299E-001  0.54364976E+000  0.20602846E+001
 -0.41403870E-001  0.33585211E-001  0.54365006E+000  0.20602839E+001
 -0.41403888E-001  0.33585120E-001  0.54365034E+000  0.20602833E+001
 -0.41403907E-001  0.33585029E-001  0.54365061E+000  0.20602828E+001
 -0.41403926E-001  0.33584936E-001  0.54365085E+000  0.20602823E+001
 -0.41403944E-001  0.33584843E-001  0.54365106E+000  0.20602820E+001
 -0.41403963E-001  0.33584749E-001  0.54365124E+000  0.20602817E+001
 -0.41403981E-001  0.33584655E-001  0.54365138E+000  0.20602815E+001
 -0.41403999E-001  0.33584560E-001  0.54365147E+000  0.20602814E+001
 -0.41404017E-001  0.33584465E-001  0.54365152E+000  0.20602814E+001
 -0.41404035E-001  0.33584369E-001  0.54365152E+000  0.20602814E+001
 -0.41404053E-001  0.33584274E-001  0.54365147E+000  0.20602815E+001
 -0.41404071E-001  0.33584179E-001  0.54365138E+000  0.20602817E+001
 -0.41404089E-001  0.33584084E-001  0.54365123E+000  0.20602819E+001
 -0.41404106E-001  0.33583990E-001  0.54365104E+000  0.20602822E+001
 -0.41404123E-001  0.33583896E-001  0.54365079E+000  0.20602825E+001
 -0.41404140E-001  0.33583803E-001  0.54365050E+000  0.20602829E+001
 -0.41404157E-001  0.33583710E-001  0.54365017E+000  0.20602833E+001
 -0.41404174E-001  0.33583618E-001  0.54364980E+000  0.20602838E+001
 -0.41404191E-001  0.33583526E-001  0.54364938E+000  0.20602843E+001
 -0.41404207E-001  0.33583436E-001  0.54364893E+000  0.20602848E+001
 -0.41404223E-001  0.33583347E-001  0.54364844E+000  0.20602854E+001
 -0.41404239E-001  0.33583258E-001  0.54364793E+000  0.20602860E+001
 -0.41404255E-001  0.33583171E-001  0.54364739E+000  0.20602866E+001
 -0.41404270E-001  0.33583085E-001  0.54364682E+000  0.20602872E+001
 -0.41404285E-001  0.33583001E-001  0.54364624E+000  0.20602878E+001
 -0.41404299E-001  0.33582918E-001  0.54364564E+000  0.20602884E+001
 -0.41404313E-001  0.33582836E-001  0.54364503E+000  0.20602890E+001
 -0.41404327E-001  0.33582757E-001  0.54364441E+000  0.20602896E+001
 -0.41404340E-001  0.33582680E-001  0.54364378E+000  0.20602902E+001
 -0.41404352E-001  0.33582605E-001  0.54364315E+000  0.20602908E+001
 -0.41404364E-001  0.33582532E-001  0.54364252E+000  0.20602915E+001
 -0.41404376E-001  0.33582461E-001  0.54364189E+000  0.20602921E+001
 -0.41404386E-001  0.33582393E-001  0.54364127E+000  0.20602927E+001
 -0.41404397E-001  0.33582328E-001  0.54364066E+000  0.20602932E+001
 -0.41404406E-001  0.33582265E-001  0.54364005E+000  0.20602938E+001
 -0.41404415E-001  0.33582205E-001  0.54363946E+000  0.20602944E+001
 -0.41404423E-001  0.33582148E-001  0.54363888E+000  0.20602949E+001
 -0.41404430E-001  0.33582094E-001  0.54363832E+000  0.20602955E+001
 -0.41404437E-001  0.33582042E-001  0.54363777E+000  0.20602960E+001
 -0.41404443E-001  0.33581993E-001  0.54363723E+000  0.20602965E+001
 -0.41404449E-001  0.33581947E-001  0.54363671E+000  0.20602970E+001
 -0.41404454E-001  0.33581904E-001  0.54363621E+000  0.20602975E+001
 -0.41404459E-001  0.33581863E-001  0.54363573E+000  0.20602980E+001
 -0.41404463E-001  0.33581824E-001  0.54363527E+000  0.20602984E+001
 -0.41404467E-001  0.33581788E-001  0.54363482E+000  0.20602989E+001
 -0.41404470E-001  0.33581754E-001  0.54363439E+000  0.20602993E+001
 -0.41404473E-001  0.33581723E-001  0.54363397E+000  0.20602997E+001
 -0.41404476E-001  0.33581693E-001  0.54363358E+000  0.20603001E+001
 -0.41404478E-001  0.33581666E-001  0.54363320E+000  0.20603005E+001
 -0.41404480E-001  0.33581641E-001  0.54363284E+000  0.20603008E+001
 -0.41404482E-001  0.33581617E-001  0.54363250E+000  0.20603011E+001
 -0.41404483E-001  0.33581596E-001  0.54363217E+000  0.20603015E+001
 -0.41404484E-001  0.33581576E-001  0.54363186E+000  0.20603018E+001
 -0.41404485E-001  0.33581558E-001  0.54363157E+000  0.20603020E+001
 -0.41404486E-001  0.33581542E-001  0.54363130E+000  0.20603023E+001
 -0.41404486E-001  0.33581528E-001  0.54363104E+000  0.20603026E+001
 -0.41404486E-001  0.33581516E-001  0.54363080E+000  0.20603028E+001
 -0.41404486E-001  0.33581505E-001  0.54363058E+000  0.20603030E+001
 -0.41404485E-001  0.33581497E-001  0.54363037E+000  0.20603032E+001
 -0.41404484E-001  0.33581490E-001  0.54363018E+000  0.20603034E+001
 -0.41404483E-001  0.33581485E-001  0.54363001E+000  0.20603036E+001
 -0.41404482E-001  0.33581481E-001  0.54362986E+000  0.20603038E+001
 -0.41404480E-001  0.33581480E-001  0.54362972E+000  0.20603040E+001
 -0.41404478E-001  0.33581480E-001  0.54362960E+000  0.20603041E+001
 -0.41404476E-001  0.33581481E-001  0.54362950E+000  0.20603043E+001
 -0.41404474E-001  0.33581484E-001  0.54362941E+000  0.20603044E+001
 -0.41404471E-001  0.33581489E-001  0.54362933E+000  0.20603046E+001
 -0.41404468E-001  0.33581495E-001  0.54362928E+000  0.20603047E+001
 -0.41404465E-001  0.33581502E-001  0.54362923E+000  0.20603049E+001
 -0.41404463E-001  0.33581510E-001  0.54362920E+000  0.20603050E+001
 -0.41404459E-001  0.33581519E-001  0.54362918E+000  0.20603051E+001
 -0.41404456E-001  0.33581529E-001  0.54362917E+000  0.20603052E+001
 -0.41404453E-001  0.33581539E-001  0.54362918E+000  0.20603053E+001
 -0.41404450E-001  0.33581550E-001  0.54362919E+000  0.20603054E+001
 -0.41404447E-001  0.33581561E-001  0.54362921E+000  0.20603056E+001
 -0.41404445E-001  0.33581572E-001  0.54362923E+000  0.20603057E+001
 -0.41404442E-001  0.33581583E-001  0.54362926E+000  0.20603057E+001
 -0.41404439E-001  0.33581594E-001  0.54362930E+000  0.20603058E+001
 -0.41404437E-001  0.33581604E-001  0.54362934E+000  0.20603059E+001
 -0.41404435E-001  0.33581614E-001  0.54362938E+000  0.20603060E+001
 -0.41404434E-001  0.33581623E-001  0.54362943E+000  0.20603061E+001
 -0.41404432E-001  0.33581632E-001  0.54362947E+000  0.20603061E+001
 -0.41404431E-001  0.33581640E-001  0.54362952E+000  0.20603062E+001
 -0.41404430E-001  0.33581646E-001  0.54362956E+000  0.20603062E+001
 -0.41404430E-001  0.33581652E-001  0.54362960E+000  0.20603063E+001
 -0.41404429E-001  0.33581657E-001  0.54362964E+000  0.20603063E+001
 -0.41404429E-001  0.33581661E-001  0.54362968E+000  0.20603063E+001
 -0.41404430E-001  0.33581663E-001  0.54362971E+000  0.20603063E+001
 -0.41404430E-001  0.33581665E-001  0.54362974E+000  0.20603063E+001
 -0.41404431E-001  0.33581665E-001  0.54362976E+000  0.20603064E+001
 -0.41404432E-001  0.33581665E-001  0.54362978E+000  0.20603064E+001
 -0.41404434E-001  0.33581663E-001  0.54362979E+000  0.20603063E+001
 -0.41404435E-001  0.33581661E-001  0.54362980E+000  0.20603063E+001
 -0.41404437E-001  0.33581658E-001  0.54362980E+000  0.20603063E+001
 -0.41404438E-001  0.33581654E-001  0.54362980E+000  0.20603063E+001
 -0.41404440E-001  0.33581649E-001  0.54362979E+000  0.20603062E+001
 -0.41404442E-001  0.33581644E-001  0.54362977E+000  0.20603062E+001
 -0.41404444E-001  0.33581637E-001  0.54362974E+000  0.20603061E+001
 -0.41404446E-001  0.33581630E-001  0.54362970E+000  0.20603060E+001
 -0.41404448E-001  0.33581622E-001  0.54362965E+000  0.20603059E+001
 -0.41404450E-001  0.33581613E-001  0.54362958E+000  0.20603058E+001
 -0.41404454E-001  0.33581593E-001  0.54362946E+000  0.20603057E+001
 -0.41404455E-001  0.33581578E-001  0.54362930E+000  0.20603055E+001
