 -0.34612332E-001
 -0.34568505E-001
 -0.34539451E-001
 -0.34518002E-001
 -0.34502028E-001
 -0.34490321E-001
 -0.34481999E-001
 -0.34476374E-001
 -0.34472897E-001
 -0.34471133E-001
 -0.34470731E-001
 -0.34471414E-001
 -0.34472957E-001
 -0.34475181E-001
 -0.34477942E-001
 -0.34481100E-001
 -0.34484549E-001
 -0.34488218E-001
 -0.34492049E-001
 -0.34495993E-001
 -0.34500012E-001
 -0.34504074E-001
 -0.34508154E-001
 -0.34512228E-001
 -0.34516280E-001
 -0.34520291E-001
 -0.34524250E-001
 -0.34528143E-001
 -0.34531963E-001
 -0.34535700E-001
 -0.34539347E-001
 -0.34542897E-001
 -0.34546346E-001
 -0.34549690E-001
 -0.34552924E-001
 -0.34556047E-001
 -0.34559059E-001
 -0.34561957E-001
 -0.34564744E-001
 -0.34567418E-001
 -0.34569983E-001
 -0.34572439E-001
 -0.34574789E-001
 -0.34577037E-001
 -0.34579183E-001
 -0.34581232E-001
 -0.34583186E-001
 -0.34585049E-001
 -0.34586822E-001
 -0.34588510E-001
 -0.34590114E-001
 -0.34591637E-001
 -0.34593082E-001
 -0.34594450E-001
 -0.34595745E-001
 -0.34596968E-001
 -0.34598122E-001
 -0.34599208E-001
 -0.34600228E-001
 -0.34601186E-001
 -0.34602082E-001
 -0.34602919E-001
 -0.34603700E-001
 -0.34604425E-001
 -0.34605098E-001
 -0.34605722E-001
 -0.34606297E-001
 -0.34606828E-001
 -0.34607315E-001
 -0.34607762E-001
 -0.34608171E-001
 -0.34608544E-001
 -0.34608884E-001
 -0.34609193E-001
 -0.34609473E-001
 -0.34609726E-001
 -0.34609955E-001
 -0.34610162E-001
 -0.34610348E-001
 -0.34610515E-001
 -0.34610665E-001
 -0.34610800E-001
 -0.34610921E-001
 -0.34611030E-001
 -0.34611127E-001
 -0.34611214E-001
 -0.34611292E-001
 -0.34611362E-001
 -0.34611425E-001
 -0.34611482E-001
 -0.34611533E-001
 -0.34611579E-001
 -0.34611621E-001
 -0.34611659E-001
 -0.34611694E-001
 -0.34611725E-001
 -0.34611754E-001
 -0.34611781E-001
 -0.34611806E-001
 -0.34611829E-001
 -0.34611850E-001
 -0.34611870E-001
 -0.34611889E-001
 -0.34611907E-001
 -0.34611923E-001
 -0.34611939E-001
 -0.34611954E-001
 -0.34611968E-001
 -0.34611982E-001
 -0.34611995E-001
 -0.34612007E-001
 -0.34612019E-001
 -0.34612030E-001
 -0.34612041E-001
 -0.34612052E-001
 -0.34612062E-001
 -0.34612072E-001
 -0.34612081E-001
 -0.34612090E-001
 -0.34612099E-001
 -0.34612108E-001
 -0.34612116E-001
 -0.34612124E-001
 -0.34612131E-001
 -0.34612139E-001
 -0.34612146E-001
 -0.34612153E-001
 -0.34612159E-001
 -0.34612166E-001
 -0.34612172E-001
 -0.34612178E-001
 -0.34612184E-001
 -0.34612189E-001
 -0.34612195E-001
 -0.34612200E-001
 -0.34612205E-001
 -0.34612210E-001
 -0.34612214E-001
 -0.34612219E-001
 -0.34612223E-001
 -0.34612227E-001
 -0.34612231E-001
 -0.34612235E-001
 -0.34612239E-001
 -0.34612243E-001
 -0.34612246E-001
 -0.34612249E-001
 -0.34612252E-001
 -0.34612255E-001
 -0.34612258E-001
 -0.34612261E-001
 -0.34612264E-001
 -0.34612267E-001
 -0.34612269E-001
 -0.34612271E-001
 -0.34612274E-001
 -0.34612276E-001
 -0.34612278E-001
 -0.34612280E-001
 -0.34612282E-001
 -0.34612284E-001
 -0.34612286E-001
 -0.34612287E-001
 -0.34612289E-001
 -0.34612291E-001
 -0.34612292E-001
 -0.34612294E-001
 -0.34612295E-001
 -0.34612296E-001
 -0.34612298E-001
 -0.34612299E-001
 -0.34612300E-001
 -0.34612301E-001
 -0.34612302E-001
 -0.34612303E-001
 -0.34612304E-001
 -0.34612305E-001
 -0.34612306E-001
 -0.34612307E-001
 -0.34612308E-001
 -0.34612309E-001
 -0.34612309E-001
 -0.34612310E-001
 -0.34612311E-001
 -0.34612312E-001
 -0.34612312E-001
 -0.34612313E-001
 -0.34612314E-001
 -0.34612314E-001
 -0.34612315E-001
 -0.34612315E-001
 -0.34612316E-001
 -0.34612317E-001
 -0.34612317E-001
 -0.34612318E-001
 -0.34612319E-001
 -0.34612320E-001
 -0.34612321E-001
 -0.34612323E-001
 -0.34612325E-001
