  0.39126785E+000
  0.39135426E+000
  0.39140061E+000
  0.39143398E+000
  0.39145852E+000
  0.39147612E+000
  0.39148826E+000
  0.39149607E+000
  0.39150045E+000
  0.39150209E+000
  0.39150157E+000
  0.39149934E+000
  0.39149576E+000
  0.39149109E+000
  0.39148556E+000
  0.39147936E+000
  0.39147263E+000
  0.39146543E+000
  0.39145785E+000
  0.39145003E+000
  0.39144202E+000
  0.39143391E+000
  0.39142574E+000
  0.39141758E+000
  0.39140946E+000
  0.39140142E+000
  0.39139349E+000
  0.39138571E+000
  0.39137809E+000
  0.39137066E+000
  0.39136345E+000
  0.39135647E+000
  0.39134973E+000
  0.39134326E+000
  0.39133706E+000
  0.39133114E+000
  0.39132551E+000
  0.39132018E+000
  0.39131514E+000
  0.39131040E+000
  0.39130595E+000
  0.39130180E+000
  0.39129794E+000
  0.39129435E+000
  0.39129104E+000
  0.39128799E+000
  0.39128519E+000
  0.39128262E+000
  0.39128029E+000
  0.39127817E+000
  0.39127624E+000
  0.39127451E+000
  0.39127294E+000
  0.39127153E+000
  0.39127027E+000
  0.39126915E+000
  0.39126814E+000
  0.39126725E+000
  0.39126646E+000
  0.39126575E+000
  0.39126513E+000
  0.39126458E+000
  0.39126409E+000
  0.39126366E+000
  0.39126328E+000
  0.39126295E+000
  0.39126266E+000
  0.39126241E+000
  0.39126219E+000
  0.39126201E+000
  0.39126185E+000
  0.39126171E+000
  0.39126160E+000
  0.39126151E+000
  0.39126144E+000
  0.39126138E+000
  0.39126135E+000
  0.39126132E+000
  0.39126132E+000
  0.39126132E+000
  0.39126134E+000
  0.39126137E+000
  0.39126141E+000
  0.39126146E+000
  0.39126152E+000
  0.39126159E+000
  0.39126166E+000
  0.39126175E+000
  0.39126184E+000
  0.39126193E+000
  0.39126203E+000
  0.39126213E+000
  0.39126224E+000
  0.39126235E+000
  0.39126246E+000
  0.39126257E+000
  0.39126269E+000
  0.39126281E+000
  0.39126293E+000
  0.39126305E+000
  0.39126317E+000
  0.39126328E+000
  0.39126340E+000
  0.39126352E+000
  0.39126364E+000
  0.39126376E+000
  0.39126387E+000
  0.39126399E+000
  0.39126410E+000
  0.39126421E+000
  0.39126432E+000
  0.39126443E+000
  0.39126453E+000
  0.39126463E+000
  0.39126474E+000
  0.39126483E+000
  0.39126493E+000
  0.39126503E+000
  0.39126512E+000
  0.39126521E+000
  0.39126530E+000
  0.39126539E+000
  0.39126547E+000
  0.39126555E+000
  0.39126563E+000
  0.39126571E+000
  0.39126579E+000
  0.39126586E+000
  0.39126593E+000
  0.39126600E+000
  0.39126607E+000
  0.39126614E+000
  0.39126620E+000
  0.39126626E+000
  0.39126632E+000
  0.39126638E+000
  0.39126644E+000
  0.39126649E+000
  0.39126654E+000
  0.39126660E+000
  0.39126665E+000
  0.39126669E+000
  0.39126674E+000
  0.39126679E+000
  0.39126683E+000
  0.39126687E+000
  0.39126691E+000
  0.39126695E+000
  0.39126699E+000
  0.39126703E+000
  0.39126706E+000
  0.39126710E+000
  0.39126713E+000
  0.39126716E+000
  0.39126719E+000
  0.39126722E+000
  0.39126725E+000
  0.39126728E+000
  0.39126731E+000
  0.39126733E+000
  0.39126736E+000
  0.39126738E+000
  0.39126741E+000
  0.39126743E+000
  0.39126745E+000
  0.39126747E+000
  0.39126749E+000
  0.39126751E+000
  0.39126753E+000
  0.39126755E+000
  0.39126756E+000
  0.39126758E+000
  0.39126760E+000
  0.39126761E+000
  0.39126763E+000
  0.39126764E+000
  0.39126765E+000
  0.39126767E+000
  0.39126768E+000
  0.39126769E+000
  0.39126770E+000
  0.39126771E+000
  0.39126772E+000
  0.39126773E+000
  0.39126774E+000
  0.39126775E+000
  0.39126776E+000
  0.39126777E+000
  0.39126778E+000
  0.39126779E+000
  0.39126779E+000
  0.39126780E+000
  0.39126780E+000
  0.39126781E+000
  0.39126781E+000
  0.39126782E+000
  0.39126782E+000
  0.39126783E+000
  0.39126784E+000
  0.39126785E+000
