  0.27864780E+001
  0.27910592E+001
  0.27926720E+001
  0.27914125E+001
  0.27909737E+001
  0.27906529E+001
  0.27903470E+001
  0.27900437E+001
  0.27897450E+001
  0.27894549E+001
  0.27891763E+001
  0.27889113E+001
  0.27886775E+001
  0.27884733E+001
  0.27882948E+001
  0.27881389E+001
  0.27880021E+001
  0.27878821E+001
  0.27877766E+001
  0.27876837E+001
  0.27876019E+001
  0.27875297E+001
  0.27874660E+001
  0.27874096E+001
  0.27873597E+001
  0.27873154E+001
  0.27872760E+001
  0.27872409E+001
  0.27872097E+001
  0.27871817E+001
  0.27871566E+001
  0.27871341E+001
  0.27871138E+001
  0.27870954E+001
  0.27870788E+001
  0.27870636E+001
  0.27870498E+001
  0.27870371E+001
  0.27870255E+001
  0.27870148E+001
  0.27870049E+001
  0.27869958E+001
  0.27869873E+001
  0.27869795E+001
  0.27869722E+001
  0.27869654E+001
  0.27869591E+001
  0.27869532E+001
  0.27869477E+001
  0.27869426E+001
  0.27869379E+001
  0.27869335E+001
  0.27869294E+001
  0.27869256E+001
  0.27869221E+001
  0.27869188E+001
  0.27869157E+001
  0.27869129E+001
  0.27869103E+001
  0.27869079E+001
  0.27869056E+001
  0.27869035E+001
  0.27869015E+001
  0.27868997E+001
  0.27868980E+001
  0.27868964E+001
  0.27868949E+001
  0.27868935E+001
  0.27868921E+001
  0.27868909E+001
  0.27868898E+001
  0.27868887E+001
  0.27868878E+001
  0.27868870E+001
  0.27868863E+001
  0.27868856E+001
  0.27868851E+001
  0.27868847E+001
  0.27868843E+001
  0.27868840E+001
  0.27868837E+001
  0.27868835E+001
  0.27868834E+001
  0.27868834E+001
  0.27868834E+001
  0.27868834E+001
  0.27868835E+001
  0.27868837E+001
  0.27868839E+001
  0.27868841E+001
  0.27868844E+001
  0.27868847E+001
  0.27868850E+001
  0.27868854E+001
  0.27868857E+001
  0.27868861E+001
  0.27868865E+001
  0.27868869E+001
  0.27868873E+001
  0.27868876E+001
  0.27868880E+001
  0.27868884E+001
  0.27868888E+001
  0.27868891E+001
  0.27868895E+001
  0.27868898E+001
  0.27868901E+001
  0.27868904E+001
  0.27868907E+001
  0.27868909E+001
  0.27868912E+001
  0.27868914E+001
  0.27868916E+001
  0.27868918E+001
  0.27868920E+001
  0.27868922E+001
  0.27868923E+001
  0.27868925E+001
  0.27868926E+001
  0.27868927E+001
  0.27868928E+001
  0.27868929E+001
  0.27868930E+001
  0.27868931E+001
  0.27868932E+001
  0.27868932E+001
  0.27868933E+001
  0.27868933E+001
  0.27868934E+001
  0.27868934E+001
  0.27868935E+001
  0.27868935E+001
  0.27868936E+001
  0.27868936E+001
  0.27868936E+001
  0.27868936E+001
  0.27868937E+001
  0.27868937E+001
  0.27868937E+001
  0.27868938E+001
  0.27868938E+001
  0.27868938E+001
  0.27868938E+001
  0.27868938E+001
  0.27868939E+001
  0.27868939E+001
  0.27868939E+001
  0.27868939E+001
  0.27868939E+001
  0.27868939E+001
  0.27868940E+001
  0.27868940E+001
  0.27868940E+001
  0.27868940E+001
  0.27868940E+001
  0.27868940E+001
  0.27868940E+001
  0.27868941E+001
  0.27868941E+001
  0.27868941E+001
  0.27868941E+001
  0.27868941E+001
  0.27868941E+001
  0.27868941E+001
  0.27868941E+001
  0.27868941E+001
  0.27868942E+001
  0.27868942E+001
  0.27868942E+001
  0.27868942E+001
  0.27868942E+001
  0.27868942E+001
  0.27868942E+001
  0.27868942E+001
  0.27868942E+001
  0.27868942E+001
  0.27868942E+001
  0.27868942E+001
  0.27868943E+001
  0.27868943E+001
  0.27868943E+001
  0.27868943E+001
  0.27868943E+001
  0.27868943E+001
  0.27868943E+001
  0.27868943E+001
  0.27868943E+001
  0.27868943E+001
  0.27868943E+001
  0.27868943E+001
  0.27868943E+001
  0.27868943E+001
  0.27868943E+001
  0.27868943E+001
  0.27868943E+001
  0.27868943E+001
  0.27868943E+001
  0.27868943E+001
  0.27868944E+001
  0.27868944E+001
