  0.56018813E+000  0.81931105E+000  0.11546853E+001  0.22552487E+001
  0.54675097E+000  0.80081260E+000  0.11547201E+001  0.22552590E+001
  0.54671814E+000  0.80074331E+000  0.11547137E+001  0.22552435E+001
  0.54669088E+000  0.80068964E+000  0.11547029E+001  0.22552314E+001
  0.56025701E+000  0.81876652E+000  0.11546906E+001  0.22552215E+001
  0.56023272E+000  0.81873015E+000  0.11546760E+001  0.22552129E+001
  0.54708448E+000  0.80054725E+000  0.11546550E+001  0.22552054E+001
  0.56021045E+000  0.81865809E+000  0.11546368E+001  0.22551989E+001
  0.56019476E+000  0.81863691E+000  0.11546212E+001  0.22551931E+001
  0.56018102E+000  0.81861906E+000  0.11546074E+001  0.22551879E+001
  0.54705212E+000  0.80045149E+000  0.11545951E+001  0.22551833E+001
  0.54704186E+000  0.80043754E+000  0.11545841E+001  0.22551792E+001
  0.56015069E+000  0.81857748E+000  0.11545740E+001  0.22551755E+001
  0.56014196E+000  0.81856779E+000  0.11545648E+001  0.22551722E+001
  0.56013405E+000  0.81855936E+000  0.11545564E+001  0.22551691E+001
  0.54701138E+000  0.80039536E+000  0.11545486E+001  0.22551663E+001
  0.54700448E+000  0.80038784E+000  0.11545414E+001  0.22551638E+001
  0.54699802E+000  0.80038115E+000  0.11545346E+001  0.22551614E+001
  0.54699201E+000  0.80037525E+000  0.11545283E+001  0.22551592E+001
  0.54698640E+000  0.80037001E+000  0.11545224E+001  0.22551572E+001
  0.54698113E+000  0.80036535E+000  0.11545169E+001  0.22551554E+001
  0.54697618E+000  0.80036120E+000  0.11545118E+001  0.22551537E+001
  0.54697152E+000  0.80035748E+000  0.11545071E+001  0.22551522E+001
  0.54696713E+000  0.80035414E+000  0.11545026E+001  0.22551507E+001
  0.54696297E+000  0.80035113E+000  0.11544984E+001  0.22551494E+001
  0.54695903E+000  0.80034842E+000  0.11544946E+001  0.22551482E+001
  0.54695530E+000  0.80034596E+000  0.11544909E+001  0.22551470E+001
  0.54695175E+000  0.80034371E+000  0.11544876E+001  0.22551459E+001
  0.54694836E+000  0.80034166E+000  0.11544844E+001  0.22551450E+001
  0.54694514E+000  0.80033977E+000  0.11544815E+001  0.22551440E+001
  0.54694206E+000  0.80033803E+000  0.11544788E+001  0.22551432E+001
  0.54693912E+000  0.80033641E+000  0.11544763E+001  0.22551423E+001
  0.54693630E+000  0.80033489E+000  0.11544739E+001  0.22551416E+001
  0.54693360E+000  0.80033347E+000  0.11544717E+001  0.22551409E+001
  0.54693102E+000  0.80033212E+000  0.11544697E+001  0.22551402E+001
  0.54692853E+000  0.80033084E+000  0.11544678E+001  0.22551395E+001
  0.54692614E+000  0.80032962E+000  0.11544661E+001  0.22551389E+001
  0.54692384E+000  0.80032845E+000  0.11544645E+001  0.22551383E+001
  0.54692163E+000  0.80032733E+000  0.11544630E+001  0.22551378E+001
  0.54691949E+000  0.80032624E+000  0.11544615E+001  0.22551372E+001
  0.54691744E+000  0.80032519E+000  0.11544602E+001  0.22551367E+001
  0.54691546E+000  0.80032417E+000  0.11544590E+001  0.22551362E+001
  0.54691355E+000  0.80032318E+000  0.11544578E+001  0.22551357E+001
  0.54691171E+000  0.80032222E+000  0.11544567E+001  0.22551352E+001
  0.54690994E+000  0.80032128E+000  0.11544556E+001  0.22551347E+001
  0.54690823E+000  0.80032037E+000  0.11544546E+001  0.22551343E+001
  0.54690659E+000  0.80031949E+000  0.11544536E+001  0.22551338E+001
  0.54690500E+000  0.80031863E+000  0.11544527E+001  0.22551334E+001
  0.54690348E+000  0.80031780E+000  0.11544518E+001  0.22551329E+001
  0.54690201E+000  0.80031699E+000  0.11544509E+001  0.22551325E+001
  0.54690060E+000  0.80031620E+000  0.11544501E+001  0.22551321E+001
  0.54689924E+000  0.80031544E+000  0.11544493E+001  0.22551317E+001
  0.54689794E+000  0.80031470E+000  0.11544485E+001  0.22551312E+001
  0.54689669E+000  0.80031399E+000  0.11544478E+001  0.22551308E+001
  0.54689549E+000  0.80031330E+000  0.11544470E+001  0.22551304E+001
  0.54689435E+000  0.80031263E+000  0.11544463E+001  0.22551300E+001
  0.54689325E+000  0.80031198E+000  0.11544456E+001  0.22551296E+001
  0.54689220E+000  0.80031136E+000  0.11544450E+001  0.22551292E+001
  0.54689119E+000  0.80031076E+000  0.11544443E+001  0.22551288E+001
  0.54689023E+000  0.80031018E+000  0.11544437E+001  0.22551284E+001
  0.54688931E+000  0.80030962E+000  0.11544431E+001  0.22551280E+001
  0.54688844E+000  0.80030908E+000  0.11544425E+001  0.22551276E+001
  0.54688761E+000  0.80030856E+000  0.11544420E+001  0.22551273E+001
  0.54688682E+000  0.80030807E+000  0.11544414E+001  0.22551269E+001
  0.54688606E+000  0.80030759E+000  0.11544409E+001  0.22551265E+001
  0.54688535E+000  0.80030713E+000  0.11544404E+001  0.22551261E+001
  0.54688467E+000  0.80030669E+000  0.11544399E+001  0.22551257E+001
  0.54688403E+000  0.80030627E+000  0.11544394E+001  0.22551253E+001
  0.54688342E+000  0.80030586E+000  0.11544390E+001  0.22551249E+001
  0.54688285E+000  0.80030548E+000  0.11544385E+001  0.22551245E+001
  0.54688231E+000  0.80030511E+000  0.11544381E+001  0.22551241E+001
  0.54688180E+000  0.80030475E+000  0.11544377E+001  0.22551237E+001
  0.54688132E+000  0.80030442E+000  0.11544373E+001  0.22551232E+001
  0.54688088E+000  0.80030410E+000  0.11544369E+001  0.22551228E+001
  0.54688046E+000  0.80030379E+000  0.11544366E+001  0.22551224E+001
  0.54688006E+000  0.80030350E+000  0.11544362E+001  0.22551220E+001
  0.54687969E+000  0.80030322E+000  0.11544359E+001  0.22551216E+001
  0.54687935E+000  0.80030295E+000  0.11544355E+001  0.22551211E+001
  0.54687903E+000  0.80030270E+000  0.11544352E+001  0.22551207E+001
  0.54687873E+000  0.80030245E+000  0.11544349E+001  0.22551203E+001
  0.54687846E+000  0.80030222E+000  0.11544346E+001  0.22551198E+001
  0.54687820E+000  0.80030200E+000  0.11544343E+001  0.22551194E+001
  0.54687796E+000  0.80030179E+000  0.11544341E+001  0.22551190E+001
  0.54687774E+000  0.80030158E+000  0.11544338E+001  0.22551185E+001
  0.54687754E+000  0.80030139E+000  0.11544335E+001  0.22551181E+001
  0.54687735E+000  0.80030120E+000  0.11544333E+001  0.22551176E+001
  0.54687718E+000  0.80030102E+000  0.11544330E+001  0.22551172E+001
  0.54687702E+000  0.80030085E+000  0.11544328E+001  0.22551167E+001
  0.54687687E+000  0.80030068E+000  0.11544326E+001  0.22551162E+001
  0.54687673E+000  0.80030052E+000  0.11544323E+001  0.22551158E+001
  0.54687661E+000  0.80030036E+000  0.11544321E+001  0.22551153E+001
  0.54687649E+000  0.80030021E+000  0.11544319E+001  0.22551148E+001
  0.54687639E+000  0.80030006E+000  0.11544317E+001  0.22551143E+001
  0.54687629E+000  0.80029992E+000  0.11544315E+001  0.22551139E+001
  0.54687620E+000  0.80029978E+000  0.11544313E+001  0.22551134E+001
  0.54687612E+000  0.80029965E+000  0.11544311E+001  0.22551129E+001
  0.54687604E+000  0.80029951E+000  0.11544309E+001  0.22551124E+001
  0.54687597E+000  0.80029939E+000  0.11544307E+001  0.22551119E+001
  0.54687591E+000  0.80029926E+000  0.11544305E+001  0.22551114E+001
  0.54687585E+000  0.80029913E+000  0.11544303E+001  0.22551109E+001
  0.54687579E+000  0.80029901E+000  0.11544302E+001  0.22551104E+001
  0.54687574E+000  0.80029889E+000  0.11544300E+001  0.22551099E+001
  0.54687570E+000  0.80029878E+000  0.11544298E+001  0.22551094E+001
  0.54687565E+000  0.80029866E+000  0.11544296E+001  0.22551089E+001
  0.54687561E+000  0.80029855E+000  0.11544295E+001  0.22551084E+001
  0.54687558E+000  0.80029844E+000  0.11544293E+001  0.22551079E+001
  0.54687554E+000  0.80029833E+000  0.11544291E+001  0.22551074E+001
  0.54687551E+000  0.80029822E+000  0.11544290E+001  0.22551069E+001
  0.54687548E+000  0.80029812E+000  0.11544288E+001  0.22551064E+001
  0.54687546E+000  0.80029802E+000  0.11544287E+001  0.22551059E+001
  0.54687543E+000  0.80029792E+000  0.11544285E+001  0.22551054E+001
  0.54687541E+000  0.80029782E+000  0.11544284E+001  0.22551049E+001
  0.54687539E+000  0.80029772E+000  0.11544282E+001  0.22551044E+001
  0.54687537E+000  0.80029762E+000  0.11544281E+001  0.22551039E+001
  0.54687535E+000  0.80029753E+000  0.11544279E+001  0.22551034E+001
  0.54687534E+000  0.80029744E+000  0.11544278E+001  0.22551029E+001
  0.54687532E+000  0.80029735E+000  0.11544277E+001  0.22551023E+001
  0.54687531E+000  0.80029726E+000  0.11544275E+001  0.22551018E+001
  0.54687530E+000  0.80029717E+000  0.11544274E+001  0.22551013E+001
  0.54687529E+000  0.80029708E+000  0.11544273E+001  0.22551008E+001
  0.54687528E+000  0.80029700E+000  0.11544272E+001  0.22551003E+001
  0.54687527E+000  0.80029692E+000  0.11544270E+001  0.22550998E+001
  0.54687526E+000  0.80029684E+000  0.11544269E+001  0.22550993E+001
  0.54687525E+000  0.80029676E+000  0.11544268E+001  0.22550988E+001
  0.54687524E+000  0.80029669E+000  0.11544267E+001  0.22550983E+001
  0.54687524E+000  0.80029661E+000  0.11544266E+001  0.22550979E+001
  0.54687523E+000  0.80029654E+000  0.11544265E+001  0.22550974E+001
  0.54687522E+000  0.80029647E+000  0.11544264E+001  0.22550969E+001
  0.54687522E+000  0.80029640E+000  0.11544263E+001  0.22550964E+001
  0.54687522E+000  0.80029633E+000  0.11544262E+001  0.22550959E+001
  0.54687521E+000  0.80029627E+000  0.11544261E+001  0.22550954E+001
  0.54687521E+000  0.80029621E+000  0.11544260E+001  0.22550950E+001
  0.54687521E+000  0.80029614E+000  0.11544259E+001  0.22550945E+001
  0.54687520E+000  0.80029608E+000  0.11544258E+001  0.22550940E+001
  0.54687520E+000  0.80029602E+000  0.11544257E+001  0.22550936E+001
  0.54687520E+000  0.80029597E+000  0.11544256E+001  0.22550931E+001
  0.54687520E+000  0.80029591E+000  0.11544255E+001  0.22550927E+001
  0.54687520E+000  0.80029586E+000  0.11544255E+001  0.22550922E+001
  0.54687520E+000  0.80029581E+000  0.11544254E+001  0.22550918E+001
  0.54687520E+000  0.80029576E+000  0.11544253E+001  0.22550913E+001
  0.54687519E+000  0.80029571E+000  0.11544252E+001  0.22550909E+001
  0.54687519E+000  0.80029566E+000  0.11544252E+001  0.22550904E+001
  0.54687519E+000  0.80029561E+000  0.11544251E+001  0.22550900E+001
  0.54687519E+000  0.80029557E+000  0.11544250E+001  0.22550896E+001
  0.54687520E+000  0.80029553E+000  0.11544250E+001  0.22550892E+001
  0.54687520E+000  0.80029548E+000  0.11544249E+001  0.22550888E+001
  0.54687520E+000  0.80029544E+000  0.11544248E+001  0.22550884E+001
  0.54687520E+000  0.80029540E+000  0.11544248E+001  0.22550880E+001
  0.54687520E+000  0.80029537E+000  0.11544247E+001  0.22550876E+001
  0.54687520E+000  0.80029533E+000  0.11544247E+001  0.22550872E+001
  0.54687520E+000  0.80029529E+000  0.11544246E+001  0.22550868E+001
  0.54687520E+000  0.80029526E+000  0.11544246E+001  0.22550864E+001
  0.54687520E+000  0.80029523E+000  0.11544245E+001  0.22550860E+001
  0.54687520E+000  0.80029519E+000  0.11544244E+001  0.22550856E+001
  0.54687520E+000  0.80029516E+000  0.11544244E+001  0.22550853E+001
  0.54687521E+000  0.80029513E+000  0.11544244E+001  0.22550849E+001
  0.54687521E+000  0.80029511E+000  0.11544243E+001  0.22550846E+001
  0.54687521E+000  0.80029508E+000  0.11544243E+001  0.22550842E+001
  0.54687521E+000  0.80029505E+000  0.11544242E+001  0.22550839E+001
  0.54687521E+000  0.80029502E+000  0.11544242E+001  0.22550835E+001
  0.54687521E+000  0.80029500E+000  0.11544241E+001  0.22550832E+001
  0.54687522E+000  0.80029498E+000  0.11544241E+001  0.22550829E+001
  0.54687522E+000  0.80029495E+000  0.11544241E+001  0.22550825E+001
  0.54687522E+000  0.80029493E+000  0.11544240E+001  0.22550822E+001
  0.54687522E+000  0.80029491E+000  0.11544240E+001  0.22550819E+001
  0.54687522E+000  0.80029489E+000  0.11544240E+001  0.22550816E+001
  0.54687522E+000  0.80029487E+000  0.11544239E+001  0.22550813E+001
  0.54687522E+000  0.80029485E+000  0.11544239E+001  0.22550810E+001
  0.54687523E+000  0.80029483E+000  0.11544239E+001  0.22550807E+001
  0.54687523E+000  0.80029481E+000  0.11544238E+001  0.22550804E+001
  0.54687523E+000  0.80029479E+000  0.11544238E+001  0.22550801E+001
  0.54687523E+000  0.80029478E+000  0.11544238E+001  0.22550799E+001
  0.54687523E+000  0.80029476E+000  0.11544238E+001  0.22550796E+001
  0.54687523E+000  0.80029475E+000  0.11544237E+001  0.22550793E+001
  0.54687523E+000  0.80029473E+000  0.11544237E+001  0.22550791E+001
  0.54687524E+000  0.80029472E+000  0.11544237E+001  0.22550788E+001
  0.54687524E+000  0.80029470E+000  0.11544237E+001  0.22550786E+001
  0.54687524E+000  0.80029469E+000  0.11544236E+001  0.22550783E+001
  0.54687524E+000  0.80029468E+000  0.11544236E+001  0.22550781E+001
  0.54687524E+000  0.80029467E+000  0.11544236E+001  0.22550779E+001
  0.54687524E+000  0.80029465E+000  0.11544236E+001  0.22550776E+001
  0.54687524E+000  0.80029464E+000  0.11544236E+001  0.22550774E+001
  0.54687524E+000  0.80029463E+000  0.11544235E+001  0.22550772E+001
  0.54687525E+000  0.80029462E+000  0.11544235E+001  0.22550770E+001
  0.54687525E+000  0.80029461E+000  0.11544235E+001  0.22550768E+001
  0.54687525E+000  0.80029460E+000  0.11544235E+001  0.22550766E+001
  0.54687525E+000  0.80029459E+000  0.11544235E+001  0.22550764E+001
  0.54687525E+000  0.80029458E+000  0.11544235E+001  0.22550762E+001
  0.54687525E+000  0.80029458E+000  0.11544234E+001  0.22550760E+001
  0.54687525E+000  0.80029457E+000  0.11544234E+001  0.22550758E+001
  0.54687525E+000  0.80029456E+000  0.11544234E+001  0.22550756E+001
  0.54687525E+000  0.80029455E+000  0.11544234E+001  0.22550754E+001
  0.54687525E+000  0.80029455E+000  0.11544234E+001  0.22550752E+001
  0.54687526E+000  0.80029454E+000  0.11544234E+001  0.22550751E+001
  0.54687526E+000  0.80029453E+000  0.11544234E+001  0.22550749E+001
  0.54687526E+000  0.80029453E+000  0.11544233E+001  0.22550747E+001
  0.54687526E+000  0.80029452E+000  0.11544233E+001  0.22550746E+001
  0.54687526E+000  0.80029452E+000  0.11544233E+001  0.22550744E+001
  0.54687526E+000  0.80029451E+000  0.11544233E+001  0.22550743E+001
  0.54687525E+000  0.80029450E+000  0.11544233E+001  0.22550741E+001
