  0.67766975E+000  0.85082826E+000  0.11116288E+001  0.23120143E+001
  0.67693434E+000  0.85135102E+000  0.11116469E+001  0.23120342E+001
  0.67672363E+000  0.85144368E+000  0.11116391E+001  0.23120163E+001
  0.67675044E+000  0.85132489E+000  0.11116286E+001  0.23120021E+001
  0.67680525E+000  0.85119081E+000  0.11116178E+001  0.23119909E+001
  0.67685965E+000  0.85106685E+000  0.11116071E+001  0.23119816E+001
  0.67691156E+000  0.85095385E+000  0.11115966E+001  0.23119737E+001
  0.67695979E+000  0.85085196E+000  0.11115862E+001  0.23119670E+001
  0.67700368E+000  0.85076094E+000  0.11115763E+001  0.23119613E+001
  0.67704294E+000  0.85068019E+000  0.11115666E+001  0.23119564E+001
  0.67707746E+000  0.85060907E+000  0.11115574E+001  0.23119521E+001
  0.67710744E+000  0.85054662E+000  0.11115486E+001  0.23119484E+001
  0.67713368E+000  0.85049177E+000  0.11115402E+001  0.23119451E+001
  0.67715641E+000  0.85044379E+000  0.11115323E+001  0.23119423E+001
  0.67717588E+000  0.85040197E+000  0.11115248E+001  0.23119397E+001
  0.67719233E+000  0.85036560E+000  0.11115176E+001  0.23119375E+001
  0.67720608E+000  0.85033409E+000  0.11115109E+001  0.23119356E+001
  0.67721742E+000  0.85030688E+000  0.11115045E+001  0.23119338E+001
  0.67722659E+000  0.85028348E+000  0.11114985E+001  0.23119323E+001
  0.67723386E+000  0.85026344E+000  0.11114928E+001  0.23119309E+001
  0.67723945E+000  0.85024638E+000  0.11114875E+001  0.23119296E+001
  0.67724355E+000  0.85023194E+000  0.11114825E+001  0.23119285E+001
  0.67724636E+000  0.85021981E+000  0.11114778E+001  0.23119275E+001
  0.67724804E+000  0.85020971E+000  0.11114734E+001  0.23119266E+001
  0.67724872E+000  0.85020138E+000  0.11114694E+001  0.23119258E+001
  0.67724856E+000  0.85019462E+000  0.11114656E+001  0.23119250E+001
  0.67724765E+000  0.85018921E+000  0.11114620E+001  0.23119244E+001
  0.67724610E+000  0.85018498E+000  0.11114588E+001  0.23119238E+001
  0.67724394E+000  0.85018168E+000  0.11114558E+001  0.23119233E+001
  0.67724120E+000  0.85017930E+000  0.11114531E+001  0.23119228E+001
  0.67723794E+000  0.85017798E+000  0.11114505E+001  0.23119223E+001
  0.67723432E+000  0.85017747E+000  0.11114483E+001  0.23119220E+001
  0.67723045E+000  0.85017758E+000  0.11114462E+001  0.23119216E+001
  0.67722641E+000  0.85017817E+000  0.11114444E+001  0.23119213E+001
  0.67722226E+000  0.85017911E+000  0.11114427E+001  0.23119210E+001
  0.67721808E+000  0.85018031E+000  0.11114413E+001  0.23119207E+001
  0.67721389E+000  0.85018168E+000  0.11114400E+001  0.23119205E+001
  0.67720974E+000  0.85018316E+000  0.11114389E+001  0.23119203E+001
  0.67720564E+000  0.85018471E+000  0.11114379E+001  0.23119201E+001
  0.67720163E+000  0.85018628E+000  0.11114371E+001  0.23119199E+001
  0.67719771E+000  0.85018786E+000  0.11114364E+001  0.23119197E+001
  0.67719391E+000  0.85018941E+000  0.11114358E+001  0.23119195E+001
  0.67719023E+000  0.85019091E+000  0.11114353E+001  0.23119194E+001
  0.67718667E+000  0.85019237E+000  0.11114350E+001  0.23119192E+001
  0.67718325E+000  0.85019376E+000  0.11114346E+001  0.23119191E+001
  0.67717997E+000  0.85019508E+000  0.11114344E+001  0.23119189E+001
  0.67717683E+000  0.85019634E+000  0.11114342E+001  0.23119188E+001
  0.67717383E+000  0.85019752E+000  0.11114341E+001  0.23119186E+001
  0.67717097E+000  0.85019864E+000  0.11114340E+001  0.23119185E+001
  0.67716825E+000  0.85019969E+000  0.11114339E+001  0.23119184E+001
  0.67716567E+000  0.85020068E+000  0.11114338E+001  0.23119183E+001
  0.67716322E+000  0.85020160E+000  0.11114338E+001  0.23119181E+001
  0.67716092E+000  0.85020247E+000  0.11114338E+001  0.23119180E+001
  0.67715874E+000  0.85020328E+000  0.11114337E+001  0.23119179E+001
  0.67715669E+000  0.85020404E+000  0.11114337E+001  0.23119178E+001
  0.67715476E+000  0.85020475E+000  0.11114337E+001  0.23119177E+001
  0.67715295E+000  0.85020541E+000  0.11114336E+001  0.23119176E+001
  0.67715126E+000  0.85020602E+000  0.11114336E+001  0.23119175E+001
  0.67714968E+000  0.85020659E+000  0.11114335E+001  0.23119174E+001
  0.67714821E+000  0.85020711E+000  0.11114334E+001  0.23119173E+001
  0.67714684E+000  0.85020759E+000  0.11114333E+001  0.23119172E+001
  0.67714557E+000  0.85020804E+000  0.11114332E+001  0.23119171E+001
  0.67714440E+000  0.85020844E+000  0.11114331E+001  0.23119170E+001
  0.67714332E+000  0.85020880E+000  0.11114330E+001  0.23119169E+001
  0.67714232E+000  0.85020913E+000  0.11114328E+001  0.23119168E+001
  0.67714140E+000  0.85020942E+000  0.11114327E+001  0.23119167E+001
  0.67714056E+000  0.85020967E+000  0.11114325E+001  0.23119166E+001
  0.67713979E+000  0.85020989E+000  0.11114323E+001  0.23119165E+001
  0.67713909E+000  0.85021008E+000  0.11114321E+001  0.23119164E+001
  0.67713845E+000  0.85021024E+000  0.11114319E+001  0.23119163E+001
  0.67713787E+000  0.85021037E+000  0.11114317E+001  0.23119162E+001
  0.67713735E+000  0.85021047E+000  0.11114315E+001  0.23119161E+001
  0.67713688E+000  0.85021055E+000  0.11114313E+001  0.23119160E+001
  0.67713646E+000  0.85021061E+000  0.11114310E+001  0.23119158E+001
  0.67713608E+000  0.85021064E+000  0.11114308E+001  0.23119157E+001
  0.67713574E+000  0.85021065E+000  0.11114305E+001  0.23119156E+001
  0.67713544E+000  0.85021064E+000  0.11114303E+001  0.23119154E+001
  0.67713517E+000  0.85021061E+000  0.11114300E+001  0.23119153E+001
  0.67713493E+000  0.85021057E+000  0.11114298E+001  0.23119152E+001
  0.67713472E+000  0.85021052E+000  0.11114295E+001  0.23119150E+001
  0.67713454E+000  0.85021045E+000  0.11114293E+001  0.23119148E+001
  0.67713438E+000  0.85021037E+000  0.11114290E+001  0.23119147E+001
  0.67713424E+000  0.85021029E+000  0.11114287E+001  0.23119145E+001
  0.67713411E+000  0.85021019E+000  0.11114285E+001  0.23119143E+001
  0.67713401E+000  0.85021008E+000  0.11114282E+001  0.23119142E+001
  0.67713391E+000  0.85020997E+000  0.11114280E+001  0.23119140E+001
  0.67713383E+000  0.85020985E+000  0.11114277E+001  0.23119138E+001
  0.67713376E+000  0.85020973E+000  0.11114274E+001  0.23119136E+001
  0.67713371E+000  0.85020960E+000  0.11114272E+001  0.23119134E+001
  0.67713365E+000  0.85020947E+000  0.11114269E+001  0.23119132E+001
  0.67713361E+000  0.85020934E+000  0.11114267E+001  0.23119130E+001
  0.67713357E+000  0.85020920E+000  0.11114264E+001  0.23119127E+001
  0.67713354E+000  0.85020906E+000  0.11114262E+001  0.23119125E+001
  0.67713352E+000  0.85020892E+000  0.11114259E+001  0.23119123E+001
  0.67713350E+000  0.85020878E+000  0.11114257E+001  0.23119120E+001
  0.67713348E+000  0.85020864E+000  0.11114254E+001  0.23119118E+001
  0.67713347E+000  0.85020850E+000  0.11114252E+001  0.23119115E+001
  0.67713345E+000  0.85020836E+000  0.11114250E+001  0.23119113E+001
  0.67713344E+000  0.85020821E+000  0.11114247E+001  0.23119110E+001
  0.67713344E+000  0.85020807E+000  0.11114245E+001  0.23119107E+001
  0.67713343E+000  0.85020793E+000  0.11114243E+001  0.23119105E+001
  0.67713343E+000  0.85020779E+000  0.11114241E+001  0.23119102E+001
  0.67713343E+000  0.85020765E+000  0.11114239E+001  0.23119099E+001
  0.67713343E+000  0.85020752E+000  0.11114237E+001  0.23119096E+001
  0.67713343E+000  0.85020738E+000  0.11114234E+001  0.23119093E+001
  0.67713343E+000  0.85020724E+000  0.11114232E+001  0.23119090E+001
  0.67713343E+000  0.85020711E+000  0.11114230E+001  0.23119087E+001
  0.67713343E+000  0.85020698E+000  0.11114228E+001  0.23119084E+001
  0.67713343E+000  0.85020685E+000  0.11114227E+001  0.23119081E+001
  0.67713344E+000  0.85020672E+000  0.11114225E+001  0.23119078E+001
  0.67713344E+000  0.85020660E+000  0.11114223E+001  0.23119074E+001
  0.67713345E+000  0.85020647E+000  0.11114221E+001  0.23119071E+001
  0.67713345E+000  0.85020635E+000  0.11114219E+001  0.23119068E+001
  0.67713345E+000  0.85020624E+000  0.11114218E+001  0.23119064E+001
  0.67713346E+000  0.85020612E+000  0.11114216E+001  0.23119061E+001
  0.67713346E+000  0.85020601E+000  0.11114214E+001  0.23119057E+001
  0.67713347E+000  0.85020589E+000  0.11114213E+001  0.23119054E+001
  0.67713347E+000  0.85020579E+000  0.11114211E+001  0.23119050E+001
  0.67713348E+000  0.85020568E+000  0.11114210E+001  0.23119047E+001
  0.67713349E+000  0.85020558E+000  0.11114208E+001  0.23119043E+001
  0.67713349E+000  0.85020547E+000  0.11114207E+001  0.23119040E+001
  0.67713350E+000  0.85020538E+000  0.11114205E+001  0.23119036E+001
  0.67713350E+000  0.85020528E+000  0.11114204E+001  0.23119032E+001
  0.67713351E+000  0.85020519E+000  0.11114202E+001  0.23119028E+001
  0.67713351E+000  0.85020509E+000  0.11114201E+001  0.23119025E+001
  0.67713352E+000  0.85020501E+000  0.11114200E+001  0.23119021E+001
  0.67713352E+000  0.85020492E+000  0.11114198E+001  0.23119017E+001
  0.67713353E+000  0.85020484E+000  0.11114197E+001  0.23119013E+001
  0.67713353E+000  0.85020476E+000  0.11114196E+001  0.23119010E+001
  0.67713354E+000  0.85020468E+000  0.11114195E+001  0.23119006E+001
  0.67713354E+000  0.85020460E+000  0.11114194E+001  0.23119002E+001
  0.67713355E+000  0.85020453E+000  0.11114193E+001  0.23118998E+001
  0.67713355E+000  0.85020445E+000  0.11114191E+001  0.23118994E+001
  0.67713356E+000  0.85020439E+000  0.11114190E+001  0.23118991E+001
  0.67713356E+000  0.85020432E+000  0.11114189E+001  0.23118987E+001
  0.67713357E+000  0.85020425E+000  0.11114188E+001  0.23118983E+001
  0.67713357E+000  0.85020419E+000  0.11114187E+001  0.23118979E+001
  0.67713358E+000  0.85020413E+000  0.11114186E+001  0.23118975E+001
  0.67713358E+000  0.85020407E+000  0.11114186E+001  0.23118971E+001
  0.67713358E+000  0.85020401E+000  0.11114185E+001  0.23118968E+001
  0.67713359E+000  0.85020396E+000  0.11114184E+001  0.23118964E+001
  0.67713359E+000  0.85020391E+000  0.11114183E+001  0.23118960E+001
  0.67713360E+000  0.85020386E+000  0.11114182E+001  0.23118956E+001
  0.67713360E+000  0.85020381E+000  0.11114181E+001  0.23118953E+001
  0.67713360E+000  0.85020376E+000  0.11114181E+001  0.23118949E+001
  0.67713361E+000  0.85020371E+000  0.11114180E+001  0.23118945E+001
  0.67713361E+000  0.85020367E+000  0.11114179E+001  0.23118942E+001
  0.67713361E+000  0.85020363E+000  0.11114178E+001  0.23118938E+001
  0.67713362E+000  0.85020359E+000  0.11114178E+001  0.23118934E+001
  0.67713362E+000  0.85020355E+000  0.11114177E+001  0.23118931E+001
  0.67713362E+000  0.85020351E+000  0.11114176E+001  0.23118927E+001
  0.67713363E+000  0.85020347E+000  0.11114176E+001  0.23118924E+001
  0.67713363E+000  0.85020344E+000  0.11114175E+001  0.23118920E+001
  0.67713363E+000  0.85020340E+000  0.11114174E+001  0.23118916E+001
  0.67713363E+000  0.85020337E+000  0.11114174E+001  0.23118913E+001
  0.67713364E+000  0.85020334E+000  0.11114173E+001  0.23118910E+001
  0.67713364E+000  0.85020331E+000  0.11114173E+001  0.23118906E+001
  0.67713364E+000  0.85020328E+000  0.11114172E+001  0.23118903E+001
  0.67713364E+000  0.85020325E+000  0.11114172E+001  0.23118900E+001
  0.67713365E+000  0.85020322E+000  0.11114171E+001  0.23118896E+001
  0.67713365E+000  0.85020320E+000  0.11114171E+001  0.23118893E+001
  0.67713365E+000  0.85020317E+000  0.11114170E+001  0.23118890E+001
  0.67713365E+000  0.85020315E+000  0.11114170E+001  0.23118887E+001
  0.67713365E+000  0.85020313E+000  0.11114169E+001  0.23118883E+001
  0.67713365E+000  0.85020311E+000  0.11114169E+001  0.23118880E+001
  0.67713365E+000  0.85020308E+000  0.11114168E+001  0.23118877E+001
  0.67713366E+000  0.85020306E+000  0.11114168E+001  0.23118874E+001
  0.67713366E+000  0.85020304E+000  0.11114168E+001  0.23118871E+001
  0.67713366E+000  0.85020303E+000  0.11114167E+001  0.23118868E+001
  0.67713366E+000  0.85020301E+000  0.11114167E+001  0.23118865E+001
  0.67713366E+000  0.85020299E+000  0.11114167E+001  0.23118863E+001
  0.67713366E+000  0.85020297E+000  0.11114166E+001  0.23118860E+001
  0.67713366E+000  0.85020296E+000  0.11114166E+001  0.23118857E+001
  0.67713366E+000  0.85020294E+000  0.11114166E+001  0.23118854E+001
  0.67713366E+000  0.85020293E+000  0.11114165E+001  0.23118852E+001
  0.67713366E+000  0.85020291E+000  0.11114165E+001  0.23118849E+001
  0.67713366E+000  0.85020290E+000  0.11114165E+001  0.23118846E+001
  0.67713367E+000  0.85020289E+000  0.11114164E+001  0.23118844E+001
  0.67713367E+000  0.85020288E+000  0.11114164E+001  0.23118841E+001
  0.67713367E+000  0.85020286E+000  0.11114164E+001  0.23118839E+001
  0.67713367E+000  0.85020285E+000  0.11114164E+001  0.23118837E+001
  0.67713367E+000  0.85020284E+000  0.11114163E+001  0.23118834E+001
  0.67713367E+000  0.85020283E+000  0.11114163E+001  0.23118832E+001
  0.67713367E+000  0.85020282E+000  0.11114163E+001  0.23118830E+001
  0.67713367E+000  0.85020281E+000  0.11114163E+001  0.23118827E+001
  0.67713367E+000  0.85020280E+000  0.11114163E+001  0.23118825E+001
  0.67713367E+000  0.85020279E+000  0.11114162E+001  0.23118823E+001
  0.67713367E+000  0.85020279E+000  0.11114162E+001  0.23118821E+001
  0.67713367E+000  0.85020278E+000  0.11114162E+001  0.23118819E+001
  0.67713367E+000  0.85020277E+000  0.11114162E+001  0.23118817E+001
  0.67713367E+000  0.85020276E+000  0.11114162E+001  0.23118815E+001
  0.67713367E+000  0.85020276E+000  0.11114162E+001  0.23118813E+001
  0.67713367E+000  0.85020275E+000  0.11114161E+001  0.23118811E+001
  0.67713367E+000  0.85020274E+000  0.11114161E+001  0.23118809E+001
  0.67713367E+000  0.85020274E+000  0.11114161E+001  0.23118807E+001
  0.67713367E+000  0.85020273E+000  0.11114161E+001  0.23118806E+001
  0.67713367E+000  0.85020273E+000  0.11114161E+001  0.23118804E+001
  0.67713367E+000  0.85020272E+000  0.11114161E+001  0.23118802E+001
  0.67713367E+000  0.85020272E+000  0.11114161E+001  0.23118801E+001
  0.67713367E+000  0.85020272E+000  0.11114160E+001  0.23118799E+001
