 -0.32012272E+000
 -0.32011337E+000
 -0.32011625E+000
 -0.32012154E+000
 -0.32012746E+000
 -0.32013335E+000
 -0.32013925E+000
 -0.32014430E+000
 -0.32014892E+000
 -0.32015295E+000
 -0.32015638E+000
 -0.32015966E+000
 -0.32016250E+000
 -0.32016465E+000
 -0.32016712E+000
 -0.32016890E+000
 -0.32017051E+000
 -0.32017188E+000
 -0.32017306E+000
 -0.32017410E+000
 -0.32017499E+000
 -0.32017579E+000
 -0.32017647E+000
 -0.32017705E+000
 -0.32017755E+000
 -0.32017804E+000
 -0.32017842E+000
 -0.32017875E+000
 -0.32017903E+000
 -0.32017928E+000
 -0.32017949E+000
 -0.32017969E+000
 -0.32017985E+000
 -0.32018000E+000
 -0.32018014E+000
 -0.32018025E+000
 -0.32018037E+000
 -0.32018046E+000
 -0.32018055E+000
 -0.32018063E+000
 -0.32018070E+000
 -0.32018077E+000
 -0.32018083E+000
 -0.32018088E+000
 -0.32018094E+000
 -0.32018099E+000
 -0.32018104E+000
 -0.32018108E+000
 -0.32018113E+000
 -0.32018117E+000
 -0.32018120E+000
 -0.32018124E+000
 -0.32018127E+000
 -0.32018130E+000
 -0.32018134E+000
 -0.32018137E+000
 -0.32018140E+000
 -0.32018143E+000
 -0.32018146E+000
 -0.32018150E+000
 -0.32018153E+000
 -0.32018156E+000
 -0.32018159E+000
 -0.32018162E+000
 -0.32018165E+000
 -0.32018167E+000
 -0.32018170E+000
 -0.32018173E+000
 -0.32018175E+000
 -0.32018178E+000
 -0.32018180E+000
 -0.32018182E+000
 -0.32018185E+000
 -0.32018187E+000
 -0.32018189E+000
 -0.32018191E+000
 -0.32018193E+000
 -0.32018194E+000
 -0.32018196E+000
 -0.32018198E+000
 -0.32018199E+000
 -0.32018201E+000
 -0.32018202E+000
 -0.32018204E+000
 -0.32018205E+000
 -0.32018206E+000
 -0.32018207E+000
 -0.32018208E+000
 -0.32018209E+000
 -0.32018209E+000
 -0.32018210E+000
 -0.32018210E+000
 -0.32018211E+000
 -0.32018211E+000
 -0.32018211E+000
 -0.32018211E+000
 -0.32018211E+000
 -0.32018211E+000
 -0.32018211E+000
 -0.32018211E+000
 -0.32018210E+000
 -0.32018210E+000
 -0.32018209E+000
 -0.32018208E+000
 -0.32018208E+000
 -0.32018207E+000
 -0.32018205E+000
 -0.32018204E+000
 -0.32018203E+000
 -0.32018201E+000
 -0.32018200E+000
 -0.32018198E+000
 -0.32018196E+000
 -0.32018194E+000
 -0.32018192E+000
 -0.32018190E+000
 -0.32018187E+000
 -0.32018185E+000
 -0.32018182E+000
 -0.32018179E+000
 -0.32018176E+000
 -0.32018173E+000
 -0.32018170E+000
 -0.32018166E+000
 -0.32018163E+000
 -0.32018159E+000
 -0.32018155E+000
 -0.32018151E+000
 -0.32018147E+000
 -0.32018142E+000
 -0.32018138E+000
 -0.32018133E+000
 -0.32018128E+000
 -0.32018123E+000
 -0.32018118E+000
 -0.32018113E+000
 -0.32018107E+000
 -0.32018101E+000
 -0.32018096E+000
 -0.32018090E+000
 -0.32018083E+000
 -0.32018077E+000
 -0.32018071E+000
 -0.32018064E+000
 -0.32018057E+000
 -0.32018051E+000
 -0.32018044E+000
 -0.32018037E+000
 -0.32018029E+000
 -0.32018022E+000
 -0.32018015E+000
 -0.32018007E+000
 -0.32018000E+000
 -0.32017992E+000
 -0.32017984E+000
 -0.32017976E+000
 -0.32017968E+000
 -0.32017961E+000
 -0.32017953E+000
 -0.32017945E+000
 -0.32017937E+000
 -0.32017929E+000
 -0.32017921E+000
 -0.32017913E+000
 -0.32017905E+000
 -0.32017897E+000
 -0.32017889E+000
 -0.32017882E+000
 -0.32017874E+000
 -0.32017866E+000
 -0.32017859E+000
 -0.32017851E+000
 -0.32017844E+000
 -0.32017836E+000
 -0.32017829E+000
 -0.32017822E+000
 -0.32017815E+000
 -0.32017809E+000
 -0.32017802E+000
 -0.32017796E+000
 -0.32017789E+000
 -0.32017783E+000
 -0.32017777E+000
 -0.32017771E+000
 -0.32017765E+000
 -0.32017760E+000
 -0.32017755E+000
 -0.32017749E+000
 -0.32017744E+000
 -0.32017739E+000
 -0.32017735E+000
 -0.32017730E+000
 -0.32017726E+000
 -0.32017722E+000
 -0.32017717E+000
 -0.32017714E+000
 -0.32017710E+000
 -0.32017706E+000
 -0.32017703E+000
 -0.32017699E+000
