  0.98458577E+000
  0.98461794E+000
  0.98465173E+000
  0.98468366E+000
  0.98471250E+000
  0.98473804E+000
  0.98476043E+000
  0.98477994E+000
  0.98479692E+000
  0.98481167E+000
  0.98482450E+000
  0.98483566E+000
  0.98484539E+000
  0.98485389E+000
  0.98486131E+000
  0.98486782E+000
  0.98487352E+000
  0.98487854E+000
  0.98488295E+000
  0.98488685E+000
  0.98489029E+000
  0.98489334E+000
  0.98489605E+000
  0.98489846E+000
  0.98490060E+000
  0.98490251E+000
  0.98490422E+000
  0.98490575E+000
  0.98490713E+000
  0.98490838E+000
  0.98490950E+000
  0.98491052E+000
  0.98491144E+000
  0.98491228E+000
  0.98491305E+000
  0.98491376E+000
  0.98491441E+000
  0.98491500E+000
  0.98491556E+000
  0.98491607E+000
  0.98491655E+000
  0.98491699E+000
  0.98491741E+000
  0.98491779E+000
  0.98491816E+000
  0.98491850E+000
  0.98491883E+000
  0.98491913E+000
  0.98491942E+000
  0.98491969E+000
  0.98491995E+000
  0.98492020E+000
  0.98492043E+000
  0.98492066E+000
  0.98492087E+000
  0.98492108E+000
  0.98492127E+000
  0.98492146E+000
  0.98492165E+000
  0.98492182E+000
  0.98492199E+000
  0.98492215E+000
  0.98492231E+000
  0.98492246E+000
  0.98492261E+000
  0.98492275E+000
  0.98492289E+000
  0.98492302E+000
  0.98492315E+000
  0.98492328E+000
  0.98492340E+000
  0.98492352E+000
  0.98492363E+000
  0.98492374E+000
  0.98492384E+000
  0.98492394E+000
  0.98492404E+000
  0.98492414E+000
  0.98492423E+000
  0.98492431E+000
  0.98492440E+000
  0.98492448E+000
  0.98492456E+000
  0.98492463E+000
  0.98492471E+000
  0.98492477E+000
  0.98492484E+000
  0.98492491E+000
  0.98492497E+000
  0.98492503E+000
  0.98492508E+000
  0.98492514E+000
  0.98492519E+000
  0.98492524E+000
  0.98492529E+000
  0.98492534E+000
  0.98492539E+000
  0.98492543E+000
  0.98492548E+000
  0.98492552E+000
  0.98492556E+000
  0.98492560E+000
  0.98492564E+000
  0.98492568E+000
  0.98492571E+000
  0.98492575E+000
  0.98492578E+000
  0.98492581E+000
  0.98492585E+000
  0.98492588E+000
  0.98492591E+000
  0.98492594E+000
  0.98492596E+000
  0.98492599E+000
  0.98492601E+000
  0.98492604E+000
  0.98492606E+000
  0.98492608E+000
  0.98492610E+000
  0.98492612E+000
  0.98492614E+000
  0.98492616E+000
  0.98492617E+000
  0.98492619E+000
  0.98492620E+000
  0.98492621E+000
  0.98492622E+000
  0.98492623E+000
  0.98492624E+000
  0.98492624E+000
  0.98492625E+000
  0.98492626E+000
  0.98492626E+000
  0.98492627E+000
  0.98492627E+000
  0.98492628E+000
  0.98492628E+000
  0.98492629E+000
  0.98492629E+000
  0.98492630E+000
  0.98492630E+000
  0.98492631E+000
  0.98492631E+000
  0.98492632E+000
  0.98492633E+000
  0.98492634E+000
  0.98492634E+000
  0.98492635E+000
  0.98492636E+000
  0.98492637E+000
  0.98492638E+000
  0.98492639E+000
  0.98492640E+000
  0.98492641E+000
  0.98492641E+000
  0.98492642E+000
  0.98492643E+000
  0.98492644E+000
  0.98492645E+000
  0.98492646E+000
  0.98492646E+000
  0.98492647E+000
  0.98492648E+000
  0.98492649E+000
  0.98492649E+000
  0.98492650E+000
  0.98492651E+000
  0.98492651E+000
  0.98492652E+000
  0.98492652E+000
  0.98492653E+000
  0.98492654E+000
  0.98492654E+000
  0.98492655E+000
  0.98492655E+000
  0.98492656E+000
  0.98492656E+000
  0.98492657E+000
  0.98492658E+000
  0.98492658E+000
  0.98492659E+000
  0.98492659E+000
  0.98492660E+000
  0.98492660E+000
  0.98492661E+000
  0.98492661E+000
  0.98492662E+000
  0.98492662E+000
  0.98492663E+000
  0.98492663E+000
  0.98492664E+000
  0.98492664E+000
  0.98492664E+000
  0.98492665E+000
  0.98492665E+000
  0.98492665E+000
  0.98492665E+000
  0.98492666E+000
  0.98492666E+000
  0.98492665E+000
