  0.54827989E+000
  0.54831138E+000
  0.54833852E+000
  0.54836182E+000
  0.54838182E+000
  0.54839900E+000
  0.54841376E+000
  0.54842646E+000
  0.54843715E+000
  0.54844636E+000
  0.54845433E+000
  0.54846123E+000
  0.54846721E+000
  0.54847241E+000
  0.54847695E+000
  0.54848091E+000
  0.54848437E+000
  0.54848740E+000
  0.54849006E+000
  0.54849240E+000
  0.54849446E+000
  0.54849629E+000
  0.54849789E+000
  0.54849931E+000
  0.54850057E+000
  0.54850170E+000
  0.54850271E+000
  0.54850361E+000
  0.54850442E+000
  0.54850515E+000
  0.54850581E+000
  0.54850640E+000
  0.54850694E+000
  0.54850744E+000
  0.54850789E+000
  0.54850830E+000
  0.54850868E+000
  0.54850903E+000
  0.54850935E+000
  0.54850964E+000
  0.54850991E+000
  0.54851016E+000
  0.54851040E+000
  0.54851061E+000
  0.54851081E+000
  0.54851099E+000
  0.54851116E+000
  0.54851131E+000
  0.54851146E+000
  0.54851159E+000
  0.54851171E+000
  0.54851182E+000
  0.54851193E+000
  0.54851202E+000
  0.54851211E+000
  0.54851219E+000
  0.54851227E+000
  0.54851233E+000
  0.54851240E+000
  0.54851246E+000
  0.54851251E+000
  0.54851256E+000
  0.54851261E+000
  0.54851265E+000
  0.54851269E+000
  0.54851273E+000
  0.54851277E+000
  0.54851280E+000
  0.54851283E+000
  0.54851286E+000
  0.54851289E+000
  0.54851291E+000
  0.54851294E+000
  0.54851296E+000
  0.54851298E+000
  0.54851301E+000
  0.54851303E+000
  0.54851304E+000
  0.54851306E+000
  0.54851308E+000
  0.54851309E+000
  0.54851311E+000
  0.54851312E+000
  0.54851314E+000
  0.54851315E+000
  0.54851316E+000
  0.54851317E+000
  0.54851318E+000
  0.54851319E+000
  0.54851320E+000
  0.54851321E+000
  0.54851322E+000
  0.54851323E+000
  0.54851324E+000
  0.54851324E+000
  0.54851325E+000
  0.54851326E+000
  0.54851326E+000
  0.54851327E+000
  0.54851328E+000
  0.54851328E+000
  0.54851329E+000
  0.54851329E+000
  0.54851330E+000
  0.54851330E+000
  0.54851330E+000
  0.54851330E+000
  0.54851331E+000
  0.54851331E+000
  0.54851331E+000
  0.54851330E+000
  0.54851330E+000
  0.54851329E+000
  0.54851328E+000
  0.54851327E+000
  0.54851326E+000
  0.54851324E+000
  0.54851322E+000
  0.54851320E+000
  0.54851318E+000
  0.54851315E+000
  0.54851312E+000
  0.54851309E+000
  0.54851306E+000
  0.54851302E+000
  0.54851299E+000
  0.54851295E+000
  0.54851292E+000
  0.54851288E+000
  0.54851285E+000
  0.54851282E+000
  0.54851279E+000
  0.54851276E+000
  0.54851274E+000
  0.54851272E+000
  0.54851270E+000
  0.54851269E+000
  0.54851269E+000
  0.54851269E+000
  0.54851269E+000
  0.54851270E+000
  0.54851272E+000
  0.54851273E+000
  0.54851276E+000
  0.54851279E+000
  0.54851282E+000
  0.54851286E+000
  0.54851290E+000
  0.54851294E+000
  0.54851299E+000
  0.54851304E+000
  0.54851309E+000
  0.54851314E+000
  0.54851319E+000
  0.54851325E+000
  0.54851330E+000
  0.54851336E+000
  0.54851341E+000
  0.54851346E+000
  0.54851351E+000
  0.54851356E+000
  0.54851361E+000
  0.54851365E+000
  0.54851370E+000
  0.54851373E+000
  0.54851377E+000
  0.54851380E+000
  0.54851383E+000
  0.54851385E+000
  0.54851387E+000
  0.54851388E+000
  0.54851389E+000
  0.54851389E+000
  0.54851389E+000
  0.54851388E+000
  0.54851387E+000
  0.54851385E+000
  0.54851383E+000
  0.54851380E+000
  0.54851377E+000
  0.54851373E+000
  0.54851369E+000
  0.54851364E+000
  0.54851359E+000
  0.54851354E+000
  0.54851348E+000
  0.54851343E+000
  0.54851337E+000
  0.54851331E+000
  0.54851324E+000
  0.54851318E+000
  0.54851312E+000
  0.54851306E+000
  0.54851300E+000
  0.54851294E+000
  0.54851289E+000
  0.54851284E+000
  0.54851280E+000
  0.54851274E+000
  0.54851279E+000
