  0.48887311E+000  0.88173945E+000  0.13188103E+001  0.32414019E+001
  0.48884411E+000  0.88169750E+000  0.13187941E+001  0.32413976E+001
  0.48881866E+000  0.88165962E+000  0.13187755E+001  0.32413895E+001
  0.52414573E+000  0.89797835E+000  0.13187581E+001  0.32413813E+001
  0.52412743E+000  0.89795287E+000  0.13187427E+001  0.32413739E+001
  0.52411167E+000  0.89793102E+000  0.13187291E+001  0.32413673E+001
  0.52409810E+000  0.89791230E+000  0.13187172E+001  0.32413614E+001
  0.52408643E+000  0.89789625E+000  0.13187068E+001  0.32413563E+001
  0.52407638E+000  0.89788249E+000  0.13186976E+001  0.32413518E+001
  0.52406773E+000  0.89787069E+000  0.13186896E+001  0.32413478E+001
  0.52406028E+000  0.89786056E+000  0.13186826E+001  0.32413443E+001
  0.52405385E+000  0.89785185E+000  0.13186764E+001  0.32413413E+001
  0.52404831E+000  0.89784436E+000  0.13186708E+001  0.32413386E+001
  0.52404352E+000  0.89783791E+000  0.13186660E+001  0.32413363E+001
  0.52403937E+000  0.89783235E+000  0.13186618E+001  0.32413342E+001
  0.52403577E+000  0.89782755E+000  0.13186581E+001  0.32413324E+001
  0.52403265E+000  0.89782341E+000  0.13186548E+001  0.32413308E+001
  0.52402994E+000  0.89781981E+000  0.13186520E+001  0.32413294E+001
  0.52402758E+000  0.89781669E+000  0.13186495E+001  0.32413282E+001
  0.52402552E+000  0.89781398E+000  0.13186473E+001  0.32413271E+001
  0.52402372E+000  0.89781160E+000  0.13186453E+001  0.32413261E+001
  0.52402214E+000  0.89780953E+000  0.13186436E+001  0.32413252E+001
  0.52402074E+000  0.89780771E+000  0.13186421E+001  0.32413244E+001
  0.52401950E+000  0.89780611E+000  0.13186408E+001  0.32413237E+001
  0.52401840E+000  0.89780469E+000  0.13186396E+001  0.32413231E+001
  0.52401742E+000  0.89780343E+000  0.13186385E+001  0.32413226E+001
  0.52401654E+000  0.89780231E+000  0.13186376E+001  0.32413221E+001
  0.52401575E+000  0.89780131E+000  0.13186367E+001  0.32413216E+001
  0.52401503E+000  0.89780041E+000  0.13186360E+001  0.32413212E+001
  0.52401437E+000  0.89779960E+000  0.13186353E+001  0.32413208E+001
  0.52401377E+000  0.89779886E+000  0.13186347E+001  0.32413205E+001
  0.52401322E+000  0.89779819E+000  0.13186342E+001  0.32413202E+001
  0.52401271E+000  0.89779758E+000  0.13186337E+001  0.32413199E+001
  0.52401223E+000  0.89779702E+000  0.13186333E+001  0.32413197E+001
  0.52401179E+000  0.89779652E+000  0.13186329E+001  0.32413194E+001
  0.52401138E+000  0.89779605E+000  0.13186325E+001  0.32413192E+001
  0.52401100E+000  0.89779562E+000  0.13186322E+001  0.32413190E+001
  0.52401064E+000  0.89779524E+000  0.13186319E+001  0.32413189E+001
  0.52401031E+000  0.89779488E+000  0.13186316E+001  0.32413187E+001
  0.52401000E+000  0.89779455E+000  0.13186314E+001  0.32413186E+001
  0.52400971E+000  0.89779426E+000  0.13186311E+001  0.32413185E+001
  0.52400944E+000  0.89779399E+000  0.13186309E+001  0.32413184E+001
  0.52400919E+000  0.89779374E+000  0.13186307E+001  0.32413183E+001
  0.52400896E+000  0.89779352E+000  0.13186306E+001  0.32413182E+001
  0.52400874E+000  0.89779332E+000  0.13186304E+001  0.32413181E+001
  0.52400854E+000  0.89779314E+000  0.13186303E+001  0.32413181E+001
  0.52400836E+000  0.89779298E+000  0.13186302E+001  0.32413180E+001
  0.52400819E+000  0.89779283E+000  0.13186301E+001  0.32413180E+001
  0.52400804E+000  0.89779270E+000  0.13186300E+001  0.32413180E+001
  0.52400790E+000  0.89779258E+000  0.13186299E+001  0.32413179E+001
  0.52400777E+000  0.89779248E+000  0.13186299E+001  0.32413179E+001
  0.52400765E+000  0.89779239E+000  0.13186298E+001  0.32413179E+001
  0.52400755E+000  0.89779231E+000  0.13186298E+001  0.32413179E+001
  0.52400745E+000  0.89779224E+000  0.13186297E+001  0.32413180E+001
  0.52400737E+000  0.89779217E+000  0.13186297E+001  0.32413180E+001
  0.52400730E+000  0.89779212E+000  0.13186297E+001  0.32413180E+001
  0.52400723E+000  0.89779207E+000  0.13186297E+001  0.32413181E+001
  0.52400717E+000  0.89779203E+000  0.13186297E+001  0.32413181E+001
  0.52400712E+000  0.89779199E+000  0.13186297E+001  0.32413181E+001
  0.52400708E+000  0.89779196E+000  0.13186297E+001  0.32413182E+001
  0.52400704E+000  0.89779194E+000  0.13186297E+001  0.32413183E+001
  0.52400701E+000  0.89779192E+000  0.13186297E+001  0.32413183E+001
  0.52400698E+000  0.89779190E+000  0.13186297E+001  0.32413184E+001
  0.52400696E+000  0.89779189E+000  0.13186297E+001  0.32413185E+001
  0.52400695E+000  0.89779187E+000  0.13186298E+001  0.32413186E+001
  0.52400693E+000  0.89779187E+000  0.13186298E+001  0.32413186E+001
  0.52400692E+000  0.89779186E+000  0.13186299E+001  0.32413187E+001
  0.52400692E+000  0.89779186E+000  0.13186299E+001  0.32413188E+001
  0.52400692E+000  0.89779186E+000  0.13186300E+001  0.32413189E+001
  0.52400692E+000  0.89779186E+000  0.13186300E+001  0.32413190E+001
  0.52400693E+000  0.89779187E+000  0.13186301E+001  0.32413191E+001
  0.52400693E+000  0.89779188E+000  0.13186301E+001  0.32413192E+001
  0.52400695E+000  0.89779189E+000  0.13186302E+001  0.32413193E+001
  0.52400696E+000  0.89779190E+000  0.13186302E+001  0.32413194E+001
  0.52400697E+000  0.89779191E+000  0.13186303E+001  0.32413195E+001
  0.52400699E+000  0.89779192E+000  0.13186304E+001  0.32413197E+001
  0.52400701E+000  0.89779194E+000  0.13186305E+001  0.32413198E+001
  0.52400703E+000  0.89779196E+000  0.13186305E+001  0.32413199E+001
  0.52400705E+000  0.89779198E+000  0.13186306E+001  0.32413200E+001
  0.52400707E+000  0.89779200E+000  0.13186307E+001  0.32413201E+001
  0.52400710E+000  0.89779202E+000  0.13186308E+001  0.32413203E+001
  0.52400712E+000  0.89779204E+000  0.13186309E+001  0.32413204E+001
  0.52400715E+000  0.89779206E+000  0.13186309E+001  0.32413205E+001
  0.52400717E+000  0.89779208E+000  0.13186310E+001  0.32413207E+001
  0.52400720E+000  0.89779211E+000  0.13186311E+001  0.32413208E+001
  0.52400723E+000  0.89779213E+000  0.13186312E+001  0.32413209E+001
  0.52400725E+000  0.89779216E+000  0.13186313E+001  0.32413211E+001
  0.52400728E+000  0.89779219E+000  0.13186314E+001  0.32413212E+001
  0.52400731E+000  0.89779221E+000  0.13186315E+001  0.32413214E+001
  0.52400734E+000  0.89779224E+000  0.13186316E+001  0.32413215E+001
  0.52400737E+000  0.89779227E+000  0.13186317E+001  0.32413217E+001
  0.52400740E+000  0.89779230E+000  0.13186318E+001  0.32413218E+001
  0.52400743E+000  0.89779233E+000  0.13186319E+001  0.32413220E+001
  0.52400746E+000  0.89779236E+000  0.13186320E+001  0.32413221E+001
  0.52400749E+000  0.89779238E+000  0.13186321E+001  0.32413223E+001
  0.52400752E+000  0.89779241E+000  0.13186322E+001  0.32413224E+001
  0.52400755E+000  0.89779244E+000  0.13186323E+001  0.32413226E+001
  0.52400758E+000  0.89779247E+000  0.13186324E+001  0.32413227E+001
  0.52400760E+000  0.89779250E+000  0.13186325E+001  0.32413229E+001
  0.52400763E+000  0.89779253E+000  0.13186326E+001  0.32413230E+001
  0.52400766E+000  0.89779256E+000  0.13186327E+001  0.32413232E+001
  0.52400769E+000  0.89779259E+000  0.13186328E+001  0.32413234E+001
  0.52400772E+000  0.89779262E+000  0.13186329E+001  0.32413235E+001
  0.52400775E+000  0.89779265E+000  0.13186330E+001  0.32413237E+001
  0.52400777E+000  0.89779268E+000  0.13186331E+001  0.32413239E+001
  0.52400780E+000  0.89779271E+000  0.13186332E+001  0.32413240E+001
  0.52400783E+000  0.89779274E+000  0.13186333E+001  0.32413242E+001
  0.52400785E+000  0.89779277E+000  0.13186334E+001  0.32413244E+001
  0.52400788E+000  0.89779280E+000  0.13186335E+001  0.32413245E+001
  0.52400790E+000  0.89779283E+000  0.13186336E+001  0.32413247E+001
  0.52400793E+000  0.89779286E+000  0.13186337E+001  0.32413249E+001
  0.52400795E+000  0.89779289E+000  0.13186338E+001  0.32413251E+001
  0.52400798E+000  0.89779292E+000  0.13186339E+001  0.32413252E+001
  0.52400800E+000  0.89779294E+000  0.13186340E+001  0.32413254E+001
  0.52400802E+000  0.89779297E+000  0.13186341E+001  0.32413256E+001
  0.52400805E+000  0.89779300E+000  0.13186342E+001  0.32413258E+001
  0.52400807E+000  0.89779302E+000  0.13186343E+001  0.32413259E+001
  0.52400809E+000  0.89779305E+000  0.13186344E+001  0.32413261E+001
  0.52400811E+000  0.89779308E+000  0.13186345E+001  0.32413263E+001
  0.52400813E+000  0.89779310E+000  0.13186346E+001  0.32413265E+001
  0.52400815E+000  0.89779313E+000  0.13186347E+001  0.32413266E+001
  0.52400817E+000  0.89779315E+000  0.13186348E+001  0.32413268E+001
  0.52400819E+000  0.89779318E+000  0.13186349E+001  0.32413270E+001
  0.52400821E+000  0.89779320E+000  0.13186350E+001  0.32413272E+001
  0.52400823E+000  0.89779322E+000  0.13186351E+001  0.32413274E+001
  0.52400824E+000  0.89779324E+000  0.13186351E+001  0.32413275E+001
  0.52400826E+000  0.89779327E+000  0.13186352E+001  0.32413277E+001
  0.52400828E+000  0.89779329E+000  0.13186353E+001  0.32413279E+001
  0.52400830E+000  0.89779331E+000  0.13186354E+001  0.32413281E+001
  0.52400831E+000  0.89779333E+000  0.13186355E+001  0.32413283E+001
  0.52400833E+000  0.89779335E+000  0.13186355E+001  0.32413284E+001
  0.52400834E+000  0.89779337E+000  0.13186356E+001  0.32413286E+001
  0.52400836E+000  0.89779339E+000  0.13186357E+001  0.32413288E+001
  0.52400837E+000  0.89779341E+000  0.13186358E+001  0.32413290E+001
  0.52400839E+000  0.89779343E+000  0.13186358E+001  0.32413291E+001
  0.52400840E+000  0.89779345E+000  0.13186359E+001  0.32413293E+001
  0.52400841E+000  0.89779346E+000  0.13186360E+001  0.32413295E+001
  0.52400842E+000  0.89779348E+000  0.13186360E+001  0.32413297E+001
  0.52400844E+000  0.89779350E+000  0.13186361E+001  0.32413299E+001
  0.52400845E+000  0.89779351E+000  0.13186362E+001  0.32413300E+001
  0.52400846E+000  0.89779353E+000  0.13186362E+001  0.32413302E+001
  0.52400847E+000  0.89779354E+000  0.13186363E+001  0.32413304E+001
  0.52400848E+000  0.89779356E+000  0.13186364E+001  0.32413305E+001
  0.52400849E+000  0.89779357E+000  0.13186364E+001  0.32413307E+001
  0.52400850E+000  0.89779359E+000  0.13186365E+001  0.32413309E+001
  0.52400851E+000  0.89779360E+000  0.13186365E+001  0.32413310E+001
  0.52400852E+000  0.89779361E+000  0.13186366E+001  0.32413312E+001
  0.52400853E+000  0.89779363E+000  0.13186366E+001  0.32413314E+001
  0.52400854E+000  0.89779364E+000  0.13186367E+001  0.32413315E+001
  0.52400855E+000  0.89779365E+000  0.13186367E+001  0.32413317E+001
  0.52400856E+000  0.89779366E+000  0.13186368E+001  0.32413319E+001
  0.52400857E+000  0.89779367E+000  0.13186368E+001  0.32413320E+001
  0.52400857E+000  0.89779369E+000  0.13186369E+001  0.32413322E+001
  0.52400858E+000  0.89779370E+000  0.13186369E+001  0.32413323E+001
  0.52400859E+000  0.89779371E+000  0.13186370E+001  0.32413325E+001
  0.52400860E+000  0.89779372E+000  0.13186370E+001  0.32413327E+001
  0.52400860E+000  0.89779373E+000  0.13186370E+001  0.32413328E+001
  0.52400861E+000  0.89779374E+000  0.13186371E+001  0.32413330E+001
  0.52400862E+000  0.89779374E+000  0.13186371E+001  0.32413331E+001
  0.52400862E+000  0.89779375E+000  0.13186372E+001  0.32413333E+001
  0.52400863E+000  0.89779376E+000  0.13186372E+001  0.32413334E+001
  0.52400863E+000  0.89779377E+000  0.13186372E+001  0.32413335E+001
  0.52400864E+000  0.89779378E+000  0.13186373E+001  0.32413337E+001
  0.52400864E+000  0.89779379E+000  0.13186373E+001  0.32413338E+001
  0.52400865E+000  0.89779379E+000  0.13186373E+001  0.32413340E+001
  0.52400865E+000  0.89779380E+000  0.13186374E+001  0.32413341E+001
  0.52400866E+000  0.89779381E+000  0.13186374E+001  0.32413342E+001
  0.52400866E+000  0.89779381E+000  0.13186374E+001  0.32413344E+001
  0.52400867E+000  0.89779382E+000  0.13186375E+001  0.32413345E+001
  0.52400867E+000  0.89779383E+000  0.13186375E+001  0.32413346E+001
  0.52400868E+000  0.89779383E+000  0.13186375E+001  0.32413348E+001
  0.52400868E+000  0.89779384E+000  0.13186375E+001  0.32413349E+001
  0.52400868E+000  0.89779384E+000  0.13186376E+001  0.32413350E+001
  0.52400869E+000  0.89779385E+000  0.13186376E+001  0.32413351E+001
  0.52400869E+000  0.89779385E+000  0.13186376E+001  0.32413352E+001
  0.52400869E+000  0.89779386E+000  0.13186376E+001  0.32413354E+001
  0.52400870E+000  0.89779386E+000  0.13186376E+001  0.32413355E+001
  0.52400870E+000  0.89779387E+000  0.13186377E+001  0.32413356E+001
  0.52400870E+000  0.89779387E+000  0.13186377E+001  0.32413357E+001
  0.52400871E+000  0.89779388E+000  0.13186377E+001  0.32413358E+001
  0.52400871E+000  0.89779388E+000  0.13186377E+001  0.32413359E+001
  0.52400871E+000  0.89779388E+000  0.13186377E+001  0.32413360E+001
  0.52400871E+000  0.89779389E+000  0.13186378E+001  0.32413361E+001
  0.52400872E+000  0.89779389E+000  0.13186378E+001  0.32413362E+001
  0.52400872E+000  0.89779390E+000  0.13186378E+001  0.32413363E+001
  0.52400872E+000  0.89779390E+000  0.13186378E+001  0.32413364E+001
  0.52400872E+000  0.89779390E+000  0.13186378E+001  0.32413365E+001
  0.52400872E+000  0.89779390E+000  0.13186378E+001  0.32413366E+001
  0.52400873E+000  0.89779391E+000  0.13186379E+001  0.32413367E+001
  0.52400873E+000  0.89779391E+000  0.13186379E+001  0.32413368E+001
  0.52400873E+000  0.89779391E+000  0.13186379E+001  0.32413369E+001
  0.52400873E+000  0.89779392E+000  0.13186379E+001  0.32413369E+001
  0.52400873E+000  0.89779392E+000  0.13186379E+001  0.32413370E+001
  0.52400873E+000  0.89779392E+000  0.13186379E+001  0.32413371E+001
  0.52400874E+000  0.89779392E+000  0.13186379E+001  0.32413372E+001
  0.52400874E+000  0.89779392E+000  0.13186379E+001  0.32413373E+001
  0.52400874E+000  0.89779393E+000  0.13186379E+001  0.32413373E+001
  0.52400874E+000  0.89779393E+000  0.13186380E+001  0.32413374E+001
  0.52400874E+000  0.89779393E+000  0.13186380E+001  0.32413375E+001
  0.52400874E+000  0.89779393E+000  0.13186380E+001  0.32413375E+001
