 -0.12669534E+000  0.50707974E-001  0.40851946E+001  0.44788039E+002
 -0.12651872E+000  0.50797415E-001  0.40855224E+001  0.44788442E+002
 -0.12641535E+000  0.50849917E-001  0.40857470E+001  0.44788734E+002
 -0.12634577E+000  0.50886588E-001  0.40859238E+001  0.44788973E+002
 -0.12629890E+000  0.50912610E-001  0.40860659E+001  0.44789173E+002
 -0.12626871E+000  0.50930641E-001  0.40861803E+001  0.44789342E+002
 -0.12625030E+000  0.50942609E-001  0.40862724E+001  0.44789486E+002
 -0.12623762E+000  0.50949964E-001  0.40863462E+001  0.44789609E+002
 -0.12622960E+000  0.50953789E-001  0.40864050E+001  0.44789714E+002
 -0.12622539E+000  0.50954781E-001  0.40864517E+001  0.44789806E+002
 -0.12622428E+000  0.50953637E-001  0.40864882E+001  0.44789886E+002
 -0.12622571E+000  0.50950889E-001  0.40865164E+001  0.44789955E+002
 -0.12622922E+000  0.50946932E-001  0.40865377E+001  0.44790017E+002
 -0.12623445E+000  0.50942055E-001  0.40865531E+001  0.44790071E+002
 -0.12624109E+000  0.50936492E-001  0.40865636E+001  0.44790118E+002
 -0.12624890E+000  0.50930421E-001  0.40865698E+001  0.44790161E+002
 -0.12625767E+000  0.50923978E-001  0.40865726E+001  0.44790198E+002
 -0.12626730E+000  0.50917202E-001  0.40865721E+001  0.44790232E+002
 -0.12627765E+000  0.50910183E-001  0.40865688E+001  0.44790261E+002
 -0.12628856E+000  0.50903017E-001  0.40865633E+001  0.44790288E+002
 -0.12629989E+000  0.50895776E-001  0.40865558E+001  0.44790311E+002
 -0.12631155E+000  0.50888516E-001  0.40865466E+001  0.44790332E+002
 -0.12632344E+000  0.50881285E-001  0.40865361E+001  0.44790351E+002
 -0.12633548E+000  0.50874121E-001  0.40865245E+001  0.44790368E+002
 -0.12634760E+000  0.50867058E-001  0.40865120E+001  0.44790383E+002
 -0.12635974E+000  0.50860122E-001  0.40864988E+001  0.44790397E+002
 -0.12637185E+000  0.50853337E-001  0.40864849E+001  0.44790410E+002
 -0.12638388E+000  0.50846723E-001  0.40864707E+001  0.44790422E+002
 -0.12639579E+000  0.50840297E-001  0.40864562E+001  0.44790432E+002
 -0.12640755E+000  0.50834074E-001  0.40864414E+001  0.44790442E+002
 -0.12641912E+000  0.50828065E-001  0.40864266E+001  0.44790452E+002
 -0.12643047E+000  0.50822283E-001  0.40864118E+001  0.44790460E+002
 -0.12644159E+000  0.50816736E-001  0.40863972E+001  0.44790469E+002
 -0.12645246E+000  0.50811431E-001  0.40863827E+001  0.44790477E+002
 -0.12646305E+000  0.50806372E-001  0.40863684E+001  0.44790484E+002
 -0.12647335E+000  0.50801564E-001  0.40863544E+001  0.44790492E+002
 -0.12648336E+000  0.50797007E-001  0.40863408E+001  0.44790499E+002
 -0.12649306E+000  0.50792701E-001  0.40863275E+001  0.44790506E+002
 -0.12650246E+000  0.50788643E-001  0.40863147E+001  0.44790513E+002
 -0.12651156E+000  0.50784830E-001  0.40863022E+001  0.44790520E+002
 -0.12652034E+000  0.50781255E-001  0.40862902E+001  0.44790526E+002
 -0.12652883E+000  0.50777911E-001  0.40862786E+001  0.44790533E+002
 -0.12653701E+000  0.50774791E-001  0.40862674E+001  0.44790539E+002
 -0.12654490E+000  0.50771885E-001  0.40862566E+001  0.44790546E+002
 -0.12655250E+000  0.50769182E-001  0.40862462E+001  0.44790552E+002
 -0.12655982E+000  0.50766673E-001  0.40862361E+001  0.44790558E+002
 -0.12656688E+000  0.50764345E-001  0.40862264E+001  0.44790564E+002
 -0.12657366E+000  0.50762188E-001  0.40862169E+001  0.44790569E+002
 -0.12658019E+000  0.50760189E-001  0.40862077E+001  0.44790574E+002
 -0.12658647E+000  0.50758336E-001  0.40861987E+001  0.44790579E+002
 -0.12659250E+000  0.50756619E-001  0.40861898E+001  0.44790584E+002
 -0.12659830E+000  0.50755025E-001  0.40861811E+001  0.44790588E+002
 -0.12660387E+000  0.50753544E-001  0.40861724E+001  0.44790592E+002
 -0.12660921E+000  0.50752165E-001  0.40861637E+001  0.44790595E+002
 -0.12661434E+000  0.50750878E-001  0.40861550E+001  0.44790598E+002
 -0.12661925E+000  0.50749675E-001  0.40861463E+001  0.44790600E+002
 -0.12662394E+000  0.50748546E-001  0.40861375E+001  0.44790602E+002
 -0.12662844E+000  0.50747483E-001  0.40861286E+001  0.44790603E+002
 -0.12663272E+000  0.50746479E-001  0.40861195E+001  0.44790603E+002
 -0.12663681E+000  0.50745527E-001  0.40861102E+001  0.44790603E+002
 -0.12664070E+000  0.50744622E-001  0.40861007E+001  0.44790602E+002
 -0.12664440E+000  0.50743758E-001  0.40860910E+001  0.44790600E+002
 -0.12664790E+000  0.50742929E-001  0.40860811E+001  0.44790598E+002
 -0.12665122E+000  0.50742132E-001  0.40860708E+001  0.44790594E+002
 -0.12665436E+000  0.50741363E-001  0.40860604E+001  0.44790590E+002
 -0.12665733E+000  0.50740617E-001  0.40860496E+001  0.44790585E+002
 -0.12666012E+000  0.50739892E-001  0.40860386E+001  0.44790579E+002
 -0.12666275E+000  0.50739187E-001  0.40860273E+001  0.44790572E+002
 -0.12666521E+000  0.50738497E-001  0.40860157E+001  0.44790565E+002
 -0.12666751E+000  0.50737824E-001  0.40860039E+001  0.44790556E+002
 -0.12666967E+000  0.50737164E-001  0.40859918E+001  0.44790547E+002
 -0.12667167E+000  0.50736516E-001  0.40859794E+001  0.44790537E+002
 -0.12667354E+000  0.50735879E-001  0.40859668E+001  0.44790525E+002
 -0.12667528E+000  0.50735252E-001  0.40859540E+001  0.44790514E+002
 -0.12667689E+000  0.50734635E-001  0.40859410E+001  0.44790501E+002
 -0.12667837E+000  0.50734027E-001  0.40859278E+001  0.44790487E+002
 -0.12667975E+000  0.50733428E-001  0.40859144E+001  0.44790473E+002
 -0.12668101E+000  0.50732836E-001  0.40859009E+001  0.44790458E+002
 -0.12668217E+000  0.50732253E-001  0.40858872E+001  0.44790442E+002
 -0.12668324E+000  0.50731678E-001  0.40858735E+001  0.44790425E+002
 -0.12668422E+000  0.50731110E-001  0.40858596E+001  0.44790407E+002
 -0.12668512E+000  0.50730550E-001  0.40858457E+001  0.44790389E+002
 -0.12668594E+000  0.50729997E-001  0.40858317E+001  0.44790370E+002
 -0.12668669E+000  0.50729452E-001  0.40858176E+001  0.44790351E+002
 -0.12668737E+000  0.50728914E-001  0.40858036E+001  0.44790331E+002
 -0.12668799E+000  0.50728383E-001  0.40857896E+001  0.44790310E+002
 -0.12668855E+000  0.50727859E-001  0.40857756E+001  0.44790289E+002
 -0.12668907E+000  0.50727343E-001  0.40857616E+001  0.44790267E+002
 -0.12668953E+000  0.50726834E-001  0.40857477E+001  0.44790244E+002
 -0.12668996E+000  0.50726332E-001  0.40857339E+001  0.44790221E+002
 -0.12669034E+000  0.50725837E-001  0.40857202E+001  0.44790198E+002
 -0.12669069E+000  0.50725350E-001  0.40857066E+001  0.44790174E+002
 -0.12669101E+000  0.50724870E-001  0.40856931E+001  0.44790150E+002
 -0.12669130E+000  0.50724398E-001  0.40856798E+001  0.44790126E+002
 -0.12669156E+000  0.50723933E-001  0.40856666E+001  0.44790101E+002
 -0.12669180E+000  0.50723476E-001  0.40856535E+001  0.44790075E+002
 -0.12669202E+000  0.50723026E-001  0.40856407E+001  0.44790050E+002
 -0.12669222E+000  0.50722584E-001  0.40856280E+001  0.44790024E+002
 -0.12669240E+000  0.50722149E-001  0.40856155E+001  0.44789998E+002
 -0.12669257E+000  0.50721723E-001  0.40856032E+001  0.44789972E+002
 -0.12669272E+000  0.50721304E-001  0.40855911E+001  0.44789945E+002
 -0.12669286E+000  0.50720893E-001  0.40855792E+001  0.44789919E+002
 -0.12669299E+000  0.50720490E-001  0.40855675E+001  0.44789892E+002
 -0.12669311E+000  0.50720095E-001  0.40855561E+001  0.44789865E+002
 -0.12669323E+000  0.50719708E-001  0.40855449E+001  0.44789838E+002
 -0.12669333E+000  0.50719329E-001  0.40855339E+001  0.44789811E+002
 -0.12669343E+000  0.50718958E-001  0.40855231E+001  0.44789784E+002
 -0.12669352E+000  0.50718595E-001  0.40855126E+001  0.44789756E+002
 -0.12669360E+000  0.50718240E-001  0.40855023E+001  0.44789729E+002
 -0.12669368E+000  0.50717894E-001  0.40854923E+001  0.44789702E+002
 -0.12669376E+000  0.50717555E-001  0.40854824E+001  0.44789675E+002
 -0.12669383E+000  0.50717225E-001  0.40854729E+001  0.44789647E+002
 -0.12669389E+000  0.50716903E-001  0.40854635E+001  0.44789620E+002
 -0.12669396E+000  0.50716589E-001  0.40854544E+001  0.44789593E+002
 -0.12669402E+000  0.50716282E-001  0.40854455E+001  0.44789566E+002
 -0.12669407E+000  0.50715984E-001  0.40854369E+001  0.44789539E+002
 -0.12669413E+000  0.50715694E-001  0.40854285E+001  0.44789513E+002
 -0.12669418E+000  0.50715411E-001  0.40854203E+001  0.44789486E+002
 -0.12669423E+000  0.50715137E-001  0.40854123E+001  0.44789459E+002
 -0.12669428E+000  0.50714870E-001  0.40854045E+001  0.44789433E+002
 -0.12669432E+000  0.50714610E-001  0.40853970E+001  0.44789407E+002
 -0.12669437E+000  0.50714359E-001  0.40853897E+001  0.44789381E+002
 -0.12669441E+000  0.50714114E-001  0.40853826E+001  0.44789355E+002
 -0.12669445E+000  0.50713877E-001  0.40853757E+001  0.44789329E+002
 -0.12669449E+000  0.50713647E-001  0.40853690E+001  0.44789304E+002
 -0.12669452E+000  0.50713425E-001  0.40853625E+001  0.44789279E+002
 -0.12669456E+000  0.50713209E-001  0.40853562E+001  0.44789254E+002
 -0.12669459E+000  0.50713000E-001  0.40853501E+001  0.44789229E+002
 -0.12669462E+000  0.50712798E-001  0.40853442E+001  0.44789204E+002
 -0.12669465E+000  0.50712603E-001  0.40853385E+001  0.44789180E+002
 -0.12669468E+000  0.50712414E-001  0.40853330E+001  0.44789156E+002
 -0.12669471E+000  0.50712231E-001  0.40853276E+001  0.44789132E+002
 -0.12669474E+000  0.50712054E-001  0.40853224E+001  0.44789109E+002
 -0.12669477E+000  0.50711884E-001  0.40853174E+001  0.44789086E+002
 -0.12669479E+000  0.50711719E-001  0.40853125E+001  0.44789063E+002
 -0.12669482E+000  0.50711561E-001  0.40853078E+001  0.44789040E+002
 -0.12669484E+000  0.50711407E-001  0.40853033E+001  0.44789018E+002
 -0.12669486E+000  0.50711260E-001  0.40852989E+001  0.44788996E+002
 -0.12669488E+000  0.50711117E-001  0.40852947E+001  0.44788974E+002
 -0.12669491E+000  0.50710980E-001  0.40852906E+001  0.44788953E+002
 -0.12669493E+000  0.50710848E-001  0.40852866E+001  0.44788931E+002
 -0.12669494E+000  0.50710721E-001  0.40852828E+001  0.44788911E+002
 -0.12669496E+000  0.50710598E-001  0.40852792E+001  0.44788890E+002
 -0.12669498E+000  0.50710480E-001  0.40852756E+001  0.44788870E+002
 -0.12669500E+000  0.50710367E-001  0.40852722E+001  0.44788850E+002
 -0.12669501E+000  0.50710258E-001  0.40852689E+001  0.44788830E+002
 -0.12669503E+000  0.50710153E-001  0.40852657E+001  0.44788811E+002
 -0.12669504E+000  0.50710052E-001  0.40852627E+001  0.44788792E+002
 -0.12669506E+000  0.50709955E-001  0.40852597E+001  0.44788773E+002
 -0.12669507E+000  0.50709862E-001  0.40852569E+001  0.44788755E+002
 -0.12669509E+000  0.50709773E-001  0.40852541E+001  0.44788737E+002
 -0.12669510E+000  0.50709687E-001  0.40852515E+001  0.44788719E+002
 -0.12669511E+000  0.50709605E-001  0.40852489E+001  0.44788702E+002
 -0.12669512E+000  0.50709526E-001  0.40852465E+001  0.44788685E+002
 -0.12669513E+000  0.50709450E-001  0.40852442E+001  0.44788668E+002
 -0.12669514E+000  0.50709377E-001  0.40852419E+001  0.44788651E+002
 -0.12669515E+000  0.50709308E-001  0.40852397E+001  0.44788635E+002
 -0.12669516E+000  0.50709241E-001  0.40852376E+001  0.44788619E+002
 -0.12669517E+000  0.50709177E-001  0.40852356E+001  0.44788604E+002
 -0.12669518E+000  0.50709115E-001  0.40852337E+001  0.44788588E+002
 -0.12669519E+000  0.50709056E-001  0.40852318E+001  0.44788573E+002
 -0.12669520E+000  0.50709000E-001  0.40852300E+001  0.44788559E+002
 -0.12669521E+000  0.50708946E-001  0.40852283E+001  0.44788544E+002
 -0.12669521E+000  0.50708894E-001  0.40852267E+001  0.44788530E+002
 -0.12669522E+000  0.50708845E-001  0.40852251E+001  0.44788516E+002
 -0.12669523E+000  0.50708797E-001  0.40852236E+001  0.44788503E+002
 -0.12669523E+000  0.50708752E-001  0.40852221E+001  0.44788489E+002
 -0.12669524E+000  0.50708709E-001  0.40852207E+001  0.44788476E+002
 -0.12669525E+000  0.50708667E-001  0.40852194E+001  0.44788464E+002
 -0.12669525E+000  0.50708627E-001  0.40852181E+001  0.44788451E+002
 -0.12669526E+000  0.50708589E-001  0.40852169E+001  0.44788439E+002
 -0.12669526E+000  0.50708553E-001  0.40852157E+001  0.44788427E+002
 -0.12669527E+000  0.50708518E-001  0.40852145E+001  0.44788415E+002
 -0.12669527E+000  0.50708485E-001  0.40852134E+001  0.44788404E+002
 -0.12669528E+000  0.50708454E-001  0.40852124E+001  0.44788393E+002
 -0.12669528E+000  0.50708423E-001  0.40852114E+001  0.44788382E+002
 -0.12669528E+000  0.50708395E-001  0.40852104E+001  0.44788371E+002
 -0.12669529E+000  0.50708367E-001  0.40852095E+001  0.44788361E+002
 -0.12669529E+000  0.50708341E-001  0.40852086E+001  0.44788351E+002
 -0.12669529E+000  0.50708316E-001  0.40852078E+001  0.44788341E+002
 -0.12669530E+000  0.50708292E-001  0.40852070E+001  0.44788331E+002
 -0.12669530E+000  0.50708270E-001  0.40852062E+001  0.44788322E+002
 -0.12669530E+000  0.50708248E-001  0.40852055E+001  0.44788313E+002
 -0.12669531E+000  0.50708228E-001  0.40852048E+001  0.44788304E+002
 -0.12669531E+000  0.50708209E-001  0.40852041E+001  0.44788295E+002
 -0.12669531E+000  0.50708191E-001  0.40852035E+001  0.44788287E+002
 -0.12669532E+000  0.50708174E-001  0.40852029E+001  0.44788278E+002
 -0.12669532E+000  0.50708158E-001  0.40852023E+001  0.44788270E+002
 -0.12669532E+000  0.50708144E-001  0.40852018E+001  0.44788262E+002
 -0.12669532E+000  0.50708130E-001  0.40852013E+001  0.44788255E+002
 -0.12669532E+000  0.50708118E-001  0.40852008E+001  0.44788247E+002
 -0.12669533E+000  0.50708107E-001  0.40852004E+001  0.44788240E+002
 -0.12669533E+000  0.50708097E-001  0.40852000E+001  0.44788233E+002
 -0.12669533E+000  0.50708089E-001  0.40851996E+001  0.44788226E+002
 -0.12669533E+000  0.50708082E-001  0.40851993E+001  0.44788220E+002
 -0.12669533E+000  0.50708076E-001  0.40851990E+001  0.44788214E+002
 -0.12669533E+000  0.50708073E-001  0.40851988E+001  0.44788207E+002
 -0.12669533E+000  0.50708072E-001  0.40851986E+001  0.44788202E+002
 -0.12669532E+000  0.50708078E-001  0.40851985E+001  0.44788196E+002
 -0.12669531E+000  0.50708085E-001  0.40851984E+001  0.44788191E+002
