  0.83519810E+000
  0.83506315E+000
  0.83495471E+000
  0.83486613E+000
  0.83479335E+000
  0.83473323E+000
  0.83468343E+000
  0.83464205E+000
  0.83460758E+000
  0.83457883E+000
  0.83455484E+000
  0.83453480E+000
  0.83451808E+000
  0.83450415E+000
  0.83449260E+000
  0.83448302E+000
  0.83447509E+000
  0.83446858E+000
  0.83446325E+000
  0.83445891E+000
  0.83445541E+000
  0.83445262E+000
  0.83445043E+000
  0.83444873E+000
  0.83444744E+000
  0.83444651E+000
  0.83444586E+000
  0.83444545E+000
  0.83444523E+000
  0.83444517E+000
  0.83444524E+000
  0.83444540E+000
  0.83444563E+000
  0.83444593E+000
  0.83444626E+000
  0.83444662E+000
  0.83444699E+000
  0.83444737E+000
  0.83444775E+000
  0.83444812E+000
  0.83444848E+000
  0.83444882E+000
  0.83444915E+000
  0.83444946E+000
  0.83444975E+000
  0.83445002E+000
  0.83445027E+000
  0.83445050E+000
  0.83445071E+000
  0.83445090E+000
  0.83445106E+000
  0.83445121E+000
  0.83445133E+000
  0.83445144E+000
  0.83445153E+000
  0.83445161E+000
  0.83445166E+000
  0.83445171E+000
  0.83445173E+000
  0.83445175E+000
  0.83445175E+000
  0.83445174E+000
  0.83445171E+000
  0.83445168E+000
  0.83445163E+000
  0.83445158E+000
  0.83445152E+000
  0.83445145E+000
  0.83445137E+000
  0.83445129E+000
  0.83445120E+000
  0.83445111E+000
  0.83445102E+000
  0.83445092E+000
  0.83445081E+000
  0.83445071E+000
  0.83445060E+000
  0.83445049E+000
  0.83445038E+000
  0.83445026E+000
  0.83445015E+000
  0.83445004E+000
  0.83444992E+000
  0.83444981E+000
  0.83444970E+000
  0.83444958E+000
  0.83444947E+000
  0.83444936E+000
  0.83444925E+000
  0.83444914E+000
  0.83444903E+000
  0.83444893E+000
  0.83444882E+000
  0.83444872E+000
  0.83444862E+000
  0.83444852E+000
  0.83444842E+000
  0.83444832E+000
  0.83444823E+000
  0.83444814E+000
  0.83444805E+000
  0.83444796E+000
  0.83444787E+000
  0.83444779E+000
  0.83444771E+000
  0.83444763E+000
  0.83444756E+000
  0.83444749E+000
  0.83444742E+000
  0.83444735E+000
  0.83444729E+000
  0.83444723E+000
  0.83444717E+000
  0.83444712E+000
  0.83444707E+000
  0.83444702E+000
  0.83444698E+000
  0.83444694E+000
  0.83444690E+000
  0.83444687E+000
  0.83444684E+000
  0.83444682E+000
  0.83444680E+000
  0.83444678E+000
  0.83444677E+000
  0.83444676E+000
  0.83444675E+000
  0.83444675E+000
  0.83444675E+000
  0.83444675E+000
  0.83444676E+000
  0.83444676E+000
  0.83444678E+000
  0.83444679E+000
  0.83444681E+000
  0.83444682E+000
  0.83444684E+000
  0.83444686E+000
  0.83444689E+000
  0.83444691E+000
  0.83444694E+000
  0.83444696E+000
  0.83444699E+000
  0.83444702E+000
  0.83444704E+000
  0.83444707E+000
  0.83444710E+000
  0.83444713E+000
  0.83444716E+000
  0.83444719E+000
  0.83444722E+000
  0.83444725E+000
  0.83444728E+000
  0.83444731E+000
  0.83444734E+000
  0.83444737E+000
  0.83444740E+000
  0.83444742E+000
  0.83444745E+000
  0.83444747E+000
  0.83444750E+000
  0.83444752E+000
  0.83444754E+000
  0.83444756E+000
  0.83444758E+000
  0.83444759E+000
  0.83444761E+000
  0.83444762E+000
  0.83444763E+000
  0.83444764E+000
  0.83444765E+000
  0.83444765E+000
  0.83444765E+000
  0.83444766E+000
  0.83444766E+000
  0.83444765E+000
  0.83444765E+000
  0.83444765E+000
  0.83444764E+000
  0.83444763E+000
  0.83444763E+000
  0.83444762E+000
  0.83444761E+000
  0.83444760E+000
  0.83444760E+000
  0.83444759E+000
  0.83444758E+000
  0.83444757E+000
  0.83444756E+000
  0.83444755E+000
  0.83444755E+000
  0.83444754E+000
  0.83444754E+000
  0.83444753E+000
  0.83444753E+000
  0.83444752E+000
  0.83444752E+000
  0.83444751E+000
  0.83444751E+000
  0.83444743E+000
