  0.13989077E+002
  0.13989208E+002
  0.13989305E+002
  0.13989376E+002
  0.13989430E+002
  0.13989468E+002
  0.13989495E+002
  0.13989514E+002
  0.13989525E+002
  0.13989531E+002
  0.13989533E+002
  0.13989531E+002
  0.13989527E+002
  0.13989520E+002
  0.13989512E+002
  0.13989503E+002
  0.13989493E+002
  0.13989482E+002
  0.13989471E+002
  0.13989460E+002
  0.13989448E+002
  0.13989437E+002
  0.13989425E+002
  0.13989414E+002
  0.13989402E+002
  0.13989391E+002
  0.13989380E+002
  0.13989370E+002
  0.13989359E+002
  0.13989349E+002
  0.13989339E+002
  0.13989330E+002
  0.13989321E+002
  0.13989312E+002
  0.13989303E+002
  0.13989295E+002
  0.13989287E+002
  0.13989279E+002
  0.13989272E+002
  0.13989265E+002
  0.13989258E+002
  0.13989251E+002
  0.13989245E+002
  0.13989239E+002
  0.13989233E+002
  0.13989228E+002
  0.13989223E+002
  0.13989218E+002
  0.13989213E+002
  0.13989208E+002
  0.13989204E+002
  0.13989200E+002
  0.13989196E+002
  0.13989193E+002
  0.13989189E+002
  0.13989186E+002
  0.13989183E+002
  0.13989180E+002
  0.13989178E+002
  0.13989175E+002
  0.13989173E+002
  0.13989171E+002
  0.13989169E+002
  0.13989168E+002
  0.13989166E+002
  0.13989165E+002
  0.13989163E+002
  0.13989162E+002
  0.13989161E+002
  0.13989161E+002
  0.13989160E+002
  0.13989159E+002
  0.13989159E+002
  0.13989159E+002
  0.13989158E+002
  0.13989158E+002
  0.13989158E+002
  0.13989158E+002
  0.13989158E+002
  0.13989159E+002
  0.13989159E+002
  0.13989159E+002
  0.13989160E+002
  0.13989160E+002
  0.13989161E+002
  0.13989161E+002
  0.13989162E+002
  0.13989163E+002
  0.13989164E+002
  0.13989164E+002
  0.13989165E+002
  0.13989166E+002
  0.13989167E+002
  0.13989168E+002
  0.13989169E+002
  0.13989170E+002
  0.13989171E+002
  0.13989172E+002
  0.13989173E+002
  0.13989173E+002
  0.13989174E+002
  0.13989175E+002
  0.13989176E+002
  0.13989177E+002
  0.13989178E+002
  0.13989179E+002
  0.13989180E+002
  0.13989181E+002
  0.13989182E+002
  0.13989183E+002
  0.13989184E+002
  0.13989185E+002
  0.13989185E+002
  0.13989186E+002
  0.13989187E+002
  0.13989188E+002
  0.13989189E+002
  0.13989189E+002
  0.13989190E+002
  0.13989191E+002
  0.13989191E+002
  0.13989192E+002
  0.13989192E+002
  0.13989193E+002
  0.13989193E+002
  0.13989194E+002
  0.13989194E+002
  0.13989195E+002
  0.13989195E+002
  0.13989195E+002
  0.13989196E+002
  0.13989196E+002
  0.13989196E+002
  0.13989197E+002
  0.13989197E+002
  0.13989197E+002
  0.13989197E+002
  0.13989197E+002
  0.13989197E+002
  0.13989197E+002
  0.13989197E+002
  0.13989197E+002
  0.13989197E+002
  0.13989197E+002
  0.13989197E+002
  0.13989197E+002
  0.13989197E+002
  0.13989197E+002
  0.13989196E+002
  0.13989196E+002
  0.13989196E+002
  0.13989195E+002
  0.13989195E+002
  0.13989194E+002
  0.13989194E+002
  0.13989193E+002
  0.13989193E+002
  0.13989192E+002
  0.13989191E+002
  0.13989191E+002
  0.13989190E+002
  0.13989189E+002
  0.13989188E+002
  0.13989187E+002
  0.13989186E+002
  0.13989185E+002
  0.13989184E+002
  0.13989183E+002
  0.13989181E+002
  0.13989180E+002
  0.13989179E+002
  0.13989177E+002
  0.13989176E+002
  0.13989175E+002
  0.13989173E+002
  0.13989172E+002
  0.13989170E+002
  0.13989168E+002
  0.13989167E+002
  0.13989165E+002
  0.13989164E+002
  0.13989162E+002
  0.13989160E+002
  0.13989158E+002
  0.13989157E+002
  0.13989155E+002
  0.13989153E+002
  0.13989151E+002
  0.13989149E+002
  0.13989148E+002
  0.13989146E+002
  0.13989144E+002
  0.13989142E+002
  0.13989140E+002
  0.13989139E+002
  0.13989137E+002
  0.13989135E+002
  0.13989133E+002
  0.13989131E+002
  0.13989129E+002
