  0.56916454E+000
  0.56922448E+000
  0.56929778E+000
  0.56936020E+000
  0.56940687E+000
  0.56943885E+000
  0.56945869E+000
  0.56946896E+000
  0.56947191E+000
  0.56946933E+000
  0.56946268E+000
  0.56945308E+000
  0.56944140E+000
  0.56942832E+000
  0.56941438E+000
  0.56939998E+000
  0.56938544E+000
  0.56937100E+000
  0.56935683E+000
  0.56934306E+000
  0.56932980E+000
  0.56931710E+000
  0.56930502E+000
  0.56929358E+000
  0.56928281E+000
  0.56927270E+000
  0.56926326E+000
  0.56925447E+000
  0.56924632E+000
  0.56923879E+000
  0.56923186E+000
  0.56922550E+000
  0.56921969E+000
  0.56921439E+000
  0.56920958E+000
  0.56920522E+000
  0.56920128E+000
  0.56919773E+000
  0.56919453E+000
  0.56919166E+000
  0.56918909E+000
  0.56918678E+000
  0.56918471E+000
  0.56918285E+000
  0.56918119E+000
  0.56917969E+000
  0.56917833E+000
  0.56917711E+000
  0.56917600E+000
  0.56917499E+000
  0.56917407E+000
  0.56917323E+000
  0.56917246E+000
  0.56917176E+000
  0.56917111E+000
  0.56917051E+000
  0.56916996E+000
  0.56916946E+000
  0.56916899E+000
  0.56916857E+000
  0.56916818E+000
  0.56916782E+000
  0.56916749E+000
  0.56916720E+000
  0.56916693E+000
  0.56916668E+000
  0.56916646E+000
  0.56916626E+000
  0.56916608E+000
  0.56916592E+000
  0.56916577E+000
  0.56916564E+000
  0.56916552E+000
  0.56916542E+000
  0.56916533E+000
  0.56916524E+000
  0.56916517E+000
  0.56916510E+000
  0.56916504E+000
  0.56916499E+000
  0.56916495E+000
  0.56916490E+000
  0.56916487E+000
  0.56916483E+000
  0.56916480E+000
  0.56916478E+000
  0.56916475E+000
  0.56916473E+000
  0.56916471E+000
  0.56916469E+000
  0.56916468E+000
  0.56916466E+000
  0.56916465E+000
  0.56916464E+000
  0.56916463E+000
  0.56916461E+000
  0.56916460E+000
  0.56916459E+000
  0.56916458E+000
  0.56916458E+000
  0.56916457E+000
  0.56916456E+000
  0.56916455E+000
  0.56916454E+000
  0.56916453E+000
  0.56916451E+000
  0.56916450E+000
  0.56916449E+000
  0.56916447E+000
  0.56916446E+000
  0.56916444E+000
  0.56916442E+000
  0.56916440E+000
  0.56916438E+000
  0.56916436E+000
  0.56916433E+000
  0.56916431E+000
  0.56916429E+000
  0.56916428E+000
  0.56916426E+000
  0.56916425E+000
  0.56916424E+000
  0.56916424E+000
  0.56916424E+000
  0.56916425E+000
  0.56916426E+000
  0.56916428E+000
  0.56916430E+000
  0.56916433E+000
  0.56916437E+000
  0.56916441E+000
  0.56916446E+000
  0.56916450E+000
  0.56916455E+000
  0.56916461E+000
  0.56916466E+000
  0.56916471E+000
  0.56916477E+000
  0.56916482E+000
  0.56916487E+000
  0.56916491E+000
  0.56916496E+000
  0.56916499E+000
  0.56916503E+000
  0.56916505E+000
  0.56916508E+000
  0.56916509E+000
  0.56916510E+000
  0.56916511E+000
  0.56916511E+000
  0.56916510E+000
  0.56916509E+000
  0.56916507E+000
  0.56916505E+000
  0.56916503E+000
  0.56916500E+000
  0.56916496E+000
  0.56916493E+000
  0.56916489E+000
  0.56916484E+000
  0.56916480E+000
  0.56916475E+000
  0.56916470E+000
  0.56916465E+000
  0.56916460E+000
  0.56916454E+000
  0.56916449E+000
  0.56916444E+000
  0.56916439E+000
  0.56916433E+000
  0.56916428E+000
  0.56916423E+000
  0.56916419E+000
  0.56916414E+000
  0.56916410E+000
  0.56916406E+000
  0.56916402E+000
  0.56916399E+000
  0.56916396E+000
  0.56916394E+000
  0.56916392E+000
  0.56916390E+000
  0.56916389E+000
  0.56916389E+000
  0.56916389E+000
  0.56916390E+000
  0.56916391E+000
  0.56916393E+000
  0.56916395E+000
  0.56916398E+000
  0.56916402E+000
  0.56916406E+000
  0.56916411E+000
  0.56916416E+000
  0.56916423E+000
  0.56916431E+000
  0.56916443E+000
  0.56916454E+000
  0.56916486E+000
  0.56916500E+000
