  0.54244417E-002
  0.53492560E-002
  0.53493713E-002
  0.53617797E-002
  0.53736998E-002
  0.53832348E-002
  0.53906439E-002
  0.53964467E-002
  0.54010681E-002
  0.54047501E-002
  0.54077256E-002
  0.54101557E-002
  0.54121563E-002
  0.54138127E-002
  0.54151902E-002
  0.54163560E-002
  0.54173510E-002
  0.54182037E-002
  0.54189375E-002
  0.54195714E-002
  0.54201207E-002
  0.54205979E-002
  0.54210138E-002
  0.54213772E-002
  0.54216955E-002
  0.54219752E-002
  0.54222215E-002
  0.54224389E-002
  0.54226313E-002
  0.54228019E-002
  0.54229536E-002
  0.54230887E-002
  0.54232094E-002
  0.54233173E-002
  0.54234141E-002
  0.54235010E-002
  0.54235792E-002
  0.54236497E-002
  0.54237134E-002
  0.54237710E-002
  0.54238232E-002
  0.54238706E-002
  0.54239137E-002
  0.54239529E-002
  0.54239888E-002
  0.54240215E-002
  0.54240516E-002
  0.54240792E-002
  0.54241046E-002
  0.54241280E-002
  0.54241498E-002
  0.54241700E-002
  0.54241889E-002
  0.54242067E-002
  0.54242234E-002
  0.54242391E-002
  0.54242541E-002
  0.54242684E-002
  0.54242821E-002
  0.54242952E-002
  0.54243079E-002
  0.54243202E-002
  0.54243320E-002
  0.54243436E-002
  0.54243548E-002
  0.54243657E-002
  0.54243763E-002
  0.54243866E-002
  0.54243967E-002
  0.54244065E-002
  0.54244160E-002
  0.54244252E-002
  0.54244342E-002
  0.54244428E-002
  0.54244512E-002
  0.54244592E-002
  0.54244670E-002
  0.54244744E-002
  0.54244814E-002
  0.54244882E-002
  0.54244945E-002
  0.54245005E-002
  0.54245062E-002
  0.54245115E-002
  0.54245164E-002
  0.54245209E-002
  0.54245250E-002
  0.54245287E-002
  0.54245321E-002
  0.54245350E-002
  0.54245376E-002
  0.54245398E-002
  0.54245416E-002
  0.54245430E-002
  0.54245441E-002
  0.54245447E-002
  0.54245450E-002
  0.54245450E-002
  0.54245446E-002
  0.54245440E-002
  0.54245430E-002
  0.54245417E-002
  0.54245401E-002
  0.54245383E-002
  0.54245362E-002
  0.54245339E-002
  0.54245314E-002
  0.54245288E-002
  0.54245260E-002
  0.54245230E-002
  0.54245200E-002
  0.54245169E-002
  0.54245137E-002
  0.54245104E-002
  0.54245072E-002
  0.54245039E-002
  0.54245006E-002
  0.54244974E-002
  0.54244941E-002
  0.54244910E-002
  0.54244879E-002
  0.54244849E-002
  0.54244819E-002
  0.54244791E-002
  0.54244764E-002
  0.54244737E-002
  0.54244712E-002
  0.54244687E-002
  0.54244664E-002
  0.54244641E-002
  0.54244620E-002
  0.54244600E-002
  0.54244580E-002
  0.54244562E-002
  0.54244544E-002
  0.54244527E-002
  0.54244511E-002
  0.54244496E-002
  0.54244481E-002
  0.54244467E-002
  0.54244454E-002
  0.54244441E-002
  0.54244428E-002
  0.54244416E-002
  0.54244405E-002
  0.54244394E-002
  0.54244383E-002
  0.54244372E-002
  0.54244362E-002
  0.54244352E-002
  0.54244343E-002
  0.54244334E-002
  0.54244325E-002
  0.54244316E-002
  0.54244308E-002
  0.54244300E-002
  0.54244293E-002
  0.54244286E-002
  0.54244280E-002
  0.54244273E-002
  0.54244268E-002
  0.54244263E-002
  0.54244258E-002
  0.54244254E-002
  0.54244250E-002
  0.54244247E-002
  0.54244244E-002
  0.54244242E-002
  0.54244240E-002
  0.54244239E-002
  0.54244239E-002
  0.54244239E-002
  0.54244239E-002
  0.54244240E-002
  0.54244241E-002
  0.54244243E-002
  0.54244245E-002
  0.54244248E-002
  0.54244251E-002
  0.54244254E-002
  0.54244257E-002
  0.54244261E-002
  0.54244265E-002
  0.54244269E-002
  0.54244274E-002
  0.54244278E-002
  0.54244283E-002
  0.54244287E-002
  0.54244292E-002
  0.54244297E-002
  0.54244303E-002
  0.54244308E-002
  0.54244314E-002
  0.54244320E-002
  0.54244327E-002
  0.54244335E-002
  0.54244346E-002
  0.54244345E-002
  0.54244380E-002
  0.54244176E-002
