  0.15019934E+000
  0.14995282E+000
  0.14978772E+000
  0.14967876E+000
  0.14960948E+000
  0.14956874E+000
  0.14954869E+000
  0.14954373E+000
  0.14954976E+000
  0.14956371E+000
  0.14958333E+000
  0.14960689E+000
  0.14963308E+000
  0.14966086E+000
  0.14968949E+000
  0.14971840E+000
  0.14974716E+000
  0.14977545E+000
  0.14980303E+000
  0.14982972E+000
  0.14985540E+000
  0.14987998E+000
  0.14990342E+000
  0.14992568E+000
  0.14994675E+000
  0.14996662E+000
  0.14998532E+000
  0.15000285E+000
  0.15001925E+000
  0.15003455E+000
  0.15004878E+000
  0.15006199E+000
  0.15007421E+000
  0.15008549E+000
  0.15009589E+000
  0.15010544E+000
  0.15011420E+000
  0.15012222E+000
  0.15012953E+000
  0.15013621E+000
  0.15014228E+000
  0.15014779E+000
  0.15015280E+000
  0.15015734E+000
  0.15016145E+000
  0.15016517E+000
  0.15016854E+000
  0.15017158E+000
  0.15017434E+000
  0.15017682E+000
  0.15017907E+000
  0.15018111E+000
  0.15018294E+000
  0.15018460E+000
  0.15018610E+000
  0.15018746E+000
  0.15018868E+000
  0.15018978E+000
  0.15019077E+000
  0.15019166E+000
  0.15019246E+000
  0.15019318E+000
  0.15019383E+000
  0.15019441E+000
  0.15019493E+000
  0.15019540E+000
  0.15019581E+000
  0.15019619E+000
  0.15019652E+000
  0.15019681E+000
  0.15019708E+000
  0.15019731E+000
  0.15019752E+000
  0.15019771E+000
  0.15019787E+000
  0.15019802E+000
  0.15019815E+000
  0.15019826E+000
  0.15019837E+000
  0.15019846E+000
  0.15019854E+000
  0.15019861E+000
  0.15019868E+000
  0.15019873E+000
  0.15019879E+000
  0.15019883E+000
  0.15019887E+000
  0.15019891E+000
  0.15019894E+000
  0.15019897E+000
  0.15019900E+000
  0.15019903E+000
  0.15019905E+000
  0.15019907E+000
  0.15019909E+000
  0.15019910E+000
  0.15019912E+000
  0.15019914E+000
  0.15019915E+000
  0.15019917E+000
  0.15019918E+000
  0.15019920E+000
  0.15019921E+000
  0.15019923E+000
  0.15019925E+000
  0.15019927E+000
  0.15019930E+000
  0.15019932E+000
  0.15019936E+000
  0.15019939E+000
  0.15019943E+000
  0.15019948E+000
  0.15019953E+000
  0.15019958E+000
  0.15019964E+000
  0.15019970E+000
  0.15019976E+000
  0.15019983E+000
  0.15019989E+000
  0.15019995E+000
  0.15020001E+000
  0.15020006E+000
  0.15020010E+000
  0.15020013E+000
  0.15020015E+000
  0.15020016E+000
  0.15020016E+000
  0.15020015E+000
  0.15020012E+000
  0.15020008E+000
  0.15020002E+000
  0.15019995E+000
  0.15019987E+000
  0.15019978E+000
  0.15019968E+000
  0.15019957E+000
  0.15019946E+000
  0.15019935E+000
  0.15019923E+000
  0.15019911E+000
  0.15019899E+000
  0.15019888E+000
  0.15019877E+000
  0.15019866E+000
  0.15019857E+000
  0.15019848E+000
  0.15019840E+000
  0.15019833E+000
  0.15019827E+000
  0.15019821E+000
  0.15019817E+000
  0.15019814E+000
  0.15019812E+000
  0.15019811E+000
  0.15019811E+000
  0.15019812E+000
  0.15019814E+000
  0.15019817E+000
  0.15019821E+000
  0.15019825E+000
  0.15019831E+000
  0.15019837E+000
  0.15019844E+000
  0.15019851E+000
  0.15019860E+000
  0.15019868E+000
  0.15019878E+000
  0.15019887E+000
  0.15019898E+000
  0.15019908E+000
  0.15019919E+000
  0.15019930E+000
  0.15019941E+000
  0.15019952E+000
  0.15019963E+000
  0.15019974E+000
  0.15019985E+000
  0.15019996E+000
  0.15020006E+000
  0.15020016E+000
  0.15020025E+000
  0.15020033E+000
  0.15020041E+000
  0.15020048E+000
  0.15020054E+000
  0.15020059E+000
  0.15020063E+000
  0.15020066E+000
  0.15020067E+000
  0.15020068E+000
  0.15020067E+000
  0.15020065E+000
  0.15020061E+000
  0.15020056E+000
  0.15020048E+000
  0.15020038E+000
  0.15020022E+000
  0.15020005E+000
  0.15019957E+000
  0.15019982E+000
