  0.46844200E+000
  0.46844075E+000
  0.46843964E+000
  0.46843864E+000
  0.46843774E+000
  0.46843692E+000
  0.46843619E+000
  0.46843553E+000
  0.46843493E+000
  0.46843439E+000
  0.46843390E+000
  0.46843345E+000
  0.46843305E+000
  0.46843268E+000
  0.46843235E+000
  0.46843205E+000
  0.46843178E+000
  0.46843153E+000
  0.46843131E+000
  0.46843110E+000
  0.46843092E+000
  0.46843075E+000
  0.46843061E+000
  0.46843047E+000
  0.46843035E+000
  0.46843025E+000
  0.46843016E+000
  0.46843008E+000
  0.46843001E+000
  0.46842995E+000
  0.46842990E+000
  0.46842986E+000
  0.46842983E+000
  0.46842981E+000
  0.46842980E+000
  0.46842979E+000
  0.46842980E+000
  0.46842981E+000
  0.46842982E+000
  0.46842985E+000
  0.46842988E+000
  0.46842992E+000
  0.46842996E+000
  0.46843001E+000
  0.46843007E+000
  0.46843013E+000
  0.46843019E+000
  0.46843026E+000
  0.46843034E+000
  0.46843042E+000
  0.46843051E+000
  0.46843060E+000
  0.46843069E+000
  0.46843079E+000
  0.46843090E+000
  0.46843101E+000
  0.46843112E+000
  0.46843123E+000
  0.46843135E+000
  0.46843148E+000
  0.46843160E+000
  0.46843173E+000
  0.46843187E+000
  0.46843201E+000
  0.46843215E+000
  0.46843229E+000
  0.46843243E+000
  0.46843258E+000
  0.46843273E+000
  0.46843289E+000
  0.46843304E+000
  0.46843320E+000
  0.46843336E+000
  0.46843352E+000
  0.46843368E+000
  0.46843384E+000
  0.46843401E+000
  0.46843417E+000
  0.46843434E+000
  0.46843450E+000
  0.46843467E+000
  0.46843483E+000
  0.46843500E+000
  0.46843516E+000
  0.46843533E+000
  0.46843549E+000
  0.46843565E+000
  0.46843581E+000
  0.46843598E+000
  0.46843613E+000
  0.46843629E+000
  0.46843645E+000
  0.46843660E+000
  0.46843675E+000
  0.46843690E+000
  0.46843705E+000
  0.46843719E+000
  0.46843734E+000
  0.46843748E+000
  0.46843762E+000
  0.46843775E+000
  0.46843788E+000
  0.46843801E+000
  0.46843814E+000
  0.46843826E+000
  0.46843839E+000
  0.46843850E+000
  0.46843862E+000
  0.46843873E+000
  0.46843884E+000
  0.46843895E+000
  0.46843906E+000
  0.46843916E+000
  0.46843926E+000
  0.46843935E+000
  0.46843945E+000
  0.46843954E+000
  0.46843963E+000
  0.46843971E+000
  0.46843979E+000
  0.46843987E+000
  0.46843995E+000
  0.46844003E+000
  0.46844010E+000
  0.46844017E+000
  0.46844024E+000
  0.46844031E+000
  0.46844037E+000
  0.46844043E+000
  0.46844049E+000
  0.46844055E+000
  0.46844060E+000
  0.46844066E+000
  0.46844071E+000
  0.46844076E+000
  0.46844081E+000
  0.46844085E+000
  0.46844090E+000
  0.46844094E+000
  0.46844098E+000
  0.46844102E+000
  0.46844106E+000
  0.46844110E+000
  0.46844113E+000
  0.46844116E+000
  0.46844120E+000
  0.46844123E+000
  0.46844126E+000
  0.46844129E+000
  0.46844131E+000
  0.46844134E+000
  0.46844136E+000
  0.46844139E+000
  0.46844141E+000
  0.46844143E+000
  0.46844145E+000
  0.46844147E+000
  0.46844149E+000
  0.46844151E+000
  0.46844153E+000
  0.46844155E+000
  0.46844156E+000
  0.46844158E+000
  0.46844159E+000
  0.46844161E+000
  0.46844162E+000
  0.46844164E+000
  0.46844165E+000
  0.46844166E+000
  0.46844167E+000
  0.46844168E+000
  0.46844169E+000
  0.46844170E+000
  0.46844171E+000
  0.46844172E+000
  0.46844173E+000
  0.46844174E+000
  0.46844175E+000
  0.46844176E+000
  0.46844177E+000
  0.46844178E+000
  0.46844178E+000
  0.46844179E+000
  0.46844180E+000
  0.46844181E+000
  0.46844181E+000
  0.46844182E+000
  0.46844183E+000
  0.46844183E+000
  0.46844184E+000
  0.46844185E+000
  0.46844186E+000
  0.46844186E+000
  0.46844187E+000
  0.46844188E+000
  0.46844188E+000
  0.46844189E+000
  0.46844190E+000
  0.46844191E+000
  0.46844191E+000
