  0.51602526E+000
  0.51602376E+000
  0.51602247E+000
  0.51602134E+000
  0.51602037E+000
  0.51601952E+000
  0.51601878E+000
  0.51601814E+000
  0.51601758E+000
  0.51601708E+000
  0.51601665E+000
  0.51601627E+000
  0.51601593E+000
  0.51601564E+000
  0.51601538E+000
  0.51601515E+000
  0.51601494E+000
  0.51601476E+000
  0.51601461E+000
  0.51601447E+000
  0.51601434E+000
  0.51601423E+000
  0.51601414E+000
  0.51601406E+000
  0.51601398E+000
  0.51601392E+000
  0.51601387E+000
  0.51601382E+000
  0.51601379E+000
  0.51601376E+000
  0.51601374E+000
  0.51601372E+000
  0.51601371E+000
  0.51601371E+000
  0.51601371E+000
  0.51601371E+000
  0.51601373E+000
  0.51601374E+000
  0.51601376E+000
  0.51601379E+000
  0.51601382E+000
  0.51601386E+000
  0.51601390E+000
  0.51601394E+000
  0.51601399E+000
  0.51601404E+000
  0.51601410E+000
  0.51601416E+000
  0.51601422E+000
  0.51601429E+000
  0.51601437E+000
  0.51601445E+000
  0.51601453E+000
  0.51601461E+000
  0.51601470E+000
  0.51601480E+000
  0.51601490E+000
  0.51601500E+000
  0.51601510E+000
  0.51601521E+000
  0.51601533E+000
  0.51601544E+000
  0.51601556E+000
  0.51601569E+000
  0.51601581E+000
  0.51601594E+000
  0.51601608E+000
  0.51601622E+000
  0.51601636E+000
  0.51601650E+000
  0.51601664E+000
  0.51601679E+000
  0.51601694E+000
  0.51601710E+000
  0.51601725E+000
  0.51601741E+000
  0.51601757E+000
  0.51601773E+000
  0.51601789E+000
  0.51601805E+000
  0.51601822E+000
  0.51601838E+000
  0.51601855E+000
  0.51601872E+000
  0.51601888E+000
  0.51601905E+000
  0.51601922E+000
  0.51601938E+000
  0.51601955E+000
  0.51601971E+000
  0.51601988E+000
  0.51602004E+000
  0.51602021E+000
  0.51602037E+000
  0.51602053E+000
  0.51602069E+000
  0.51602084E+000
  0.51602100E+000
  0.51602115E+000
  0.51602130E+000
  0.51602145E+000
  0.51602160E+000
  0.51602175E+000
  0.51602189E+000
  0.51602203E+000
  0.51602217E+000
  0.51602230E+000
  0.51602244E+000
  0.51602257E+000
  0.51602270E+000
  0.51602282E+000
  0.51602294E+000
  0.51602306E+000
  0.51602318E+000
  0.51602329E+000
  0.51602340E+000
  0.51602351E+000
  0.51602362E+000
  0.51602372E+000
  0.51602382E+000
  0.51602391E+000
  0.51602400E+000
  0.51602409E+000
  0.51602418E+000
  0.51602426E+000
  0.51602434E+000
  0.51602441E+000
  0.51602449E+000
  0.51602456E+000
  0.51602462E+000
  0.51602468E+000
  0.51602474E+000
  0.51602480E+000
  0.51602485E+000
  0.51602490E+000
  0.51602495E+000
  0.51602499E+000
  0.51602503E+000
  0.51602507E+000
  0.51602510E+000
  0.51602513E+000
  0.51602516E+000
  0.51602519E+000
  0.51602521E+000
  0.51602523E+000
  0.51602525E+000
  0.51602527E+000
  0.51602528E+000
  0.51602530E+000
  0.51602531E+000
  0.51602532E+000
  0.51602532E+000
  0.51602533E+000
  0.51602533E+000
  0.51602534E+000
  0.51602534E+000
  0.51602534E+000
  0.51602533E+000
  0.51602533E+000
  0.51602533E+000
  0.51602532E+000
  0.51602532E+000
  0.51602531E+000
  0.51602531E+000
  0.51602530E+000
  0.51602529E+000
  0.51602528E+000
  0.51602528E+000
  0.51602527E+000
  0.51602526E+000
  0.51602526E+000
  0.51602525E+000
  0.51602524E+000
  0.51602524E+000
  0.51602523E+000
  0.51602523E+000
  0.51602523E+000
  0.51602522E+000
  0.51602522E+000
  0.51602522E+000
  0.51602522E+000
  0.51602522E+000
  0.51602522E+000
  0.51602523E+000
  0.51602523E+000
  0.51602523E+000
  0.51602524E+000
  0.51602524E+000
  0.51602524E+000
  0.51602525E+000
  0.51602526E+000
  0.51602526E+000
  0.51602527E+000
  0.51602527E+000
  0.51602528E+000
  0.51602528E+000
  0.51602529E+000
  0.51602529E+000
  0.51602530E+000
  0.51602530E+000
