  0.29112395E+000
  0.29113149E+000
  0.29112555E+000
  0.29111570E+000
  0.29110598E+000
  0.29109791E+000
  0.29109185E+000
  0.29108768E+000
  0.29108510E+000
  0.29108380E+000
  0.29108347E+000
  0.29108386E+000
  0.29108477E+000
  0.29108603E+000
  0.29108752E+000
  0.29108912E+000
  0.29109079E+000
  0.29109245E+000
  0.29109408E+000
  0.29109565E+000
  0.29109715E+000
  0.29109855E+000
  0.29109986E+000
  0.29110108E+000
  0.29110221E+000
  0.29110326E+000
  0.29110423E+000
  0.29110512E+000
  0.29110595E+000
  0.29110673E+000
  0.29110745E+000
  0.29110812E+000
  0.29110876E+000
  0.29110937E+000
  0.29110994E+000
  0.29111049E+000
  0.29111102E+000
  0.29111153E+000
  0.29111203E+000
  0.29111250E+000
  0.29111297E+000
  0.29111341E+000
  0.29111384E+000
  0.29111426E+000
  0.29111466E+000
  0.29111504E+000
  0.29111541E+000
  0.29111576E+000
  0.29111609E+000
  0.29111640E+000
  0.29111670E+000
  0.29111698E+000
  0.29111724E+000
  0.29111748E+000
  0.29111771E+000
  0.29111793E+000
  0.29111813E+000
  0.29111832E+000
  0.29111850E+000
  0.29111867E+000
  0.29111883E+000
  0.29111898E+000
  0.29111912E+000
  0.29111926E+000
  0.29111939E+000
  0.29111952E+000
  0.29111964E+000
  0.29111976E+000
  0.29111987E+000
  0.29111998E+000
  0.29112009E+000
  0.29112020E+000
  0.29112030E+000
  0.29112040E+000
  0.29112050E+000
  0.29112060E+000
  0.29112070E+000
  0.29112079E+000
  0.29112088E+000
  0.29112097E+000
  0.29112106E+000
  0.29112115E+000
  0.29112124E+000
  0.29112133E+000
  0.29112141E+000
  0.29112149E+000
  0.29112157E+000
  0.29112165E+000
  0.29112173E+000
  0.29112181E+000
  0.29112188E+000
  0.29112196E+000
  0.29112203E+000
  0.29112210E+000
  0.29112217E+000
  0.29112224E+000
  0.29112230E+000
  0.29112237E+000
  0.29112243E+000
  0.29112249E+000
  0.29112255E+000
  0.29112261E+000
  0.29112267E+000
  0.29112273E+000
  0.29112278E+000
  0.29112283E+000
  0.29112288E+000
  0.29112294E+000
  0.29112298E+000
  0.29112303E+000
  0.29112308E+000
  0.29112312E+000
  0.29112317E+000
  0.29112321E+000
  0.29112325E+000
  0.29112329E+000
  0.29112333E+000
  0.29112337E+000
  0.29112341E+000
  0.29112344E+000
  0.29112348E+000
  0.29112351E+000
  0.29112354E+000
  0.29112357E+000
  0.29112360E+000
  0.29112363E+000
  0.29112366E+000
  0.29112369E+000
  0.29112371E+000
  0.29112373E+000
  0.29112376E+000
  0.29112378E+000
  0.29112380E+000
  0.29112382E+000
  0.29112383E+000
  0.29112385E+000
  0.29112386E+000
  0.29112388E+000
  0.29112389E+000
  0.29112390E+000
  0.29112391E+000
  0.29112393E+000
  0.29112393E+000
  0.29112394E+000
  0.29112395E+000
  0.29112396E+000
  0.29112397E+000
  0.29112397E+000
  0.29112398E+000
  0.29112398E+000
  0.29112399E+000
  0.29112399E+000
  0.29112399E+000
  0.29112400E+000
  0.29112400E+000
  0.29112400E+000
  0.29112401E+000
  0.29112401E+000
  0.29112401E+000
  0.29112401E+000
  0.29112401E+000
  0.29112401E+000
  0.29112401E+000
  0.29112401E+000
  0.29112402E+000
  0.29112402E+000
  0.29112402E+000
  0.29112401E+000
  0.29112401E+000
  0.29112401E+000
  0.29112401E+000
  0.29112401E+000
  0.29112401E+000
  0.29112401E+000
  0.29112401E+000
  0.29112401E+000
  0.29112401E+000
  0.29112401E+000
  0.29112400E+000
  0.29112400E+000
  0.29112400E+000
  0.29112400E+000
  0.29112400E+000
  0.29112400E+000
  0.29112400E+000
  0.29112400E+000
  0.29112400E+000
  0.29112399E+000
  0.29112399E+000
  0.29112399E+000
  0.29112399E+000
  0.29112399E+000
  0.29112399E+000
  0.29112399E+000
  0.29112399E+000
  0.29112398E+000
  0.29112398E+000
  0.29112398E+000
  0.29112398E+000
  0.29112398E+000
