  0.83135156E+000
  0.83125779E+000
  0.83119812E+000
  0.83115879E+000
  0.83113244E+000
  0.83111545E+000
  0.83110574E+000
  0.83110149E+000
  0.83110135E+000
  0.83110437E+000
  0.83110969E+000
  0.83111670E+000
  0.83112491E+000
  0.83113396E+000
  0.83114355E+000
  0.83115346E+000
  0.83116352E+000
  0.83117357E+000
  0.83118352E+000
  0.83119328E+000
  0.83120279E+000
  0.83121201E+000
  0.83122090E+000
  0.83122945E+000
  0.83123762E+000
  0.83124543E+000
  0.83125285E+000
  0.83125990E+000
  0.83126657E+000
  0.83127288E+000
  0.83127883E+000
  0.83128442E+000
  0.83128967E+000
  0.83129460E+000
  0.83129921E+000
  0.83130351E+000
  0.83130753E+000
  0.83131127E+000
  0.83131475E+000
  0.83131797E+000
  0.83132096E+000
  0.83132373E+000
  0.83132628E+000
  0.83132864E+000
  0.83133081E+000
  0.83133280E+000
  0.83133463E+000
  0.83133630E+000
  0.83133783E+000
  0.83133922E+000
  0.83134049E+000
  0.83134165E+000
  0.83134269E+000
  0.83134364E+000
  0.83134449E+000
  0.83134525E+000
  0.83134594E+000
  0.83134656E+000
  0.83134710E+000
  0.83134759E+000
  0.83134803E+000
  0.83134842E+000
  0.83134876E+000
  0.83134906E+000
  0.83134932E+000
  0.83134956E+000
  0.83134976E+000
  0.83134994E+000
  0.83135009E+000
  0.83135023E+000
  0.83135035E+000
  0.83135045E+000
  0.83135054E+000
  0.83135062E+000
  0.83135068E+000
  0.83135074E+000
  0.83135079E+000
  0.83135083E+000
  0.83135087E+000
  0.83135090E+000
  0.83135093E+000
  0.83135095E+000
  0.83135097E+000
  0.83135099E+000
  0.83135101E+000
  0.83135103E+000
  0.83135104E+000
  0.83135105E+000
  0.83135107E+000
  0.83135108E+000
  0.83135109E+000
  0.83135110E+000
  0.83135111E+000
  0.83135112E+000
  0.83135113E+000
  0.83135114E+000
  0.83135115E+000
  0.83135115E+000
  0.83135116E+000
  0.83135117E+000
  0.83135118E+000
  0.83135119E+000
  0.83135120E+000
  0.83135121E+000
  0.83135122E+000
  0.83135123E+000
  0.83135124E+000
  0.83135124E+000
  0.83135125E+000
  0.83135126E+000
  0.83135127E+000
  0.83135128E+000
  0.83135129E+000
  0.83135130E+000
  0.83135131E+000
  0.83135132E+000
  0.83135133E+000
  0.83135135E+000
  0.83135136E+000
  0.83135137E+000
  0.83135138E+000
  0.83135139E+000
  0.83135140E+000
  0.83135142E+000
  0.83135143E+000
  0.83135144E+000
  0.83135145E+000
  0.83135146E+000
  0.83135147E+000
  0.83135148E+000
  0.83135148E+000
  0.83135149E+000
  0.83135150E+000
  0.83135150E+000
  0.83135151E+000
  0.83135151E+000
  0.83135151E+000
  0.83135151E+000
  0.83135151E+000
  0.83135151E+000
  0.83135151E+000
  0.83135151E+000
  0.83135151E+000
  0.83135151E+000
  0.83135151E+000
  0.83135151E+000
  0.83135150E+000
  0.83135150E+000
  0.83135150E+000
  0.83135150E+000
  0.83135150E+000
  0.83135150E+000
  0.83135150E+000
  0.83135150E+000
  0.83135149E+000
  0.83135149E+000
  0.83135149E+000
  0.83135149E+000
  0.83135149E+000
  0.83135149E+000
  0.83135149E+000
  0.83135149E+000
  0.83135149E+000
  0.83135149E+000
  0.83135148E+000
  0.83135148E+000
  0.83135148E+000
  0.83135148E+000
  0.83135148E+000
  0.83135147E+000
  0.83135147E+000
  0.83135147E+000
  0.83135147E+000
  0.83135147E+000
  0.83135147E+000
  0.83135147E+000
  0.83135146E+000
  0.83135146E+000
  0.83135146E+000
  0.83135146E+000
  0.83135146E+000
  0.83135147E+000
  0.83135147E+000
  0.83135147E+000
  0.83135147E+000
  0.83135147E+000
  0.83135148E+000
  0.83135148E+000
  0.83135149E+000
  0.83135149E+000
  0.83135149E+000
  0.83135150E+000
  0.83135150E+000
  0.83135151E+000
  0.83135151E+000
  0.83135152E+000
  0.83135152E+000
  0.83135153E+000
  0.83135155E+000
  0.83135156E+000
