  0.78479855E+000
  0.78479701E+000
  0.78479563E+000
  0.78479443E+000
  0.78479338E+000
  0.78479246E+000
  0.78479165E+000
  0.78479093E+000
  0.78479030E+000
  0.78478974E+000
  0.78478924E+000
  0.78478879E+000
  0.78478839E+000
  0.78478803E+000
  0.78478771E+000
  0.78478742E+000
  0.78478716E+000
  0.78478692E+000
  0.78478671E+000
  0.78478651E+000
  0.78478634E+000
  0.78478618E+000
  0.78478604E+000
  0.78478591E+000
  0.78478579E+000
  0.78478569E+000
  0.78478559E+000
  0.78478550E+000
  0.78478543E+000
  0.78478536E+000
  0.78478530E+000
  0.78478524E+000
  0.78478519E+000
  0.78478515E+000
  0.78478512E+000
  0.78478509E+000
  0.78478506E+000
  0.78478504E+000
  0.78478502E+000
  0.78478501E+000
  0.78478501E+000
  0.78478500E+000
  0.78478501E+000
  0.78478501E+000
  0.78478503E+000
  0.78478504E+000
  0.78478506E+000
  0.78478509E+000
  0.78478512E+000
  0.78478516E+000
  0.78478520E+000
  0.78478524E+000
  0.78478529E+000
  0.78478535E+000
  0.78478541E+000
  0.78478548E+000
  0.78478555E+000
  0.78478563E+000
  0.78478572E+000
  0.78478581E+000
  0.78478591E+000
  0.78478601E+000
  0.78478612E+000
  0.78478623E+000
  0.78478635E+000
  0.78478648E+000
  0.78478661E+000
  0.78478675E+000
  0.78478689E+000
  0.78478704E+000
  0.78478719E+000
  0.78478735E+000
  0.78478751E+000
  0.78478768E+000
  0.78478785E+000
  0.78478803E+000
  0.78478821E+000
  0.78478839E+000
  0.78478858E+000
  0.78478877E+000
  0.78478897E+000
  0.78478916E+000
  0.78478936E+000
  0.78478956E+000
  0.78478976E+000
  0.78478997E+000
  0.78479017E+000
  0.78479038E+000
  0.78479059E+000
  0.78479079E+000
  0.78479100E+000
  0.78479121E+000
  0.78479141E+000
  0.78479162E+000
  0.78479182E+000
  0.78479202E+000
  0.78479222E+000
  0.78479242E+000
  0.78479262E+000
  0.78479282E+000
  0.78479301E+000
  0.78479320E+000
  0.78479339E+000
  0.78479357E+000
  0.78479375E+000
  0.78479393E+000
  0.78479410E+000
  0.78479428E+000
  0.78479444E+000
  0.78479461E+000
  0.78479477E+000
  0.78479493E+000
  0.78479508E+000
  0.78479523E+000
  0.78479538E+000
  0.78479552E+000
  0.78479566E+000
  0.78479580E+000
  0.78479593E+000
  0.78479605E+000
  0.78479618E+000
  0.78479630E+000
  0.78479641E+000
  0.78479653E+000
  0.78479664E+000
  0.78479674E+000
  0.78479684E+000
  0.78479694E+000
  0.78479704E+000
  0.78479713E+000
  0.78479722E+000
  0.78479730E+000
  0.78479738E+000
  0.78479746E+000
  0.78479754E+000
  0.78479761E+000
  0.78479768E+000
  0.78479774E+000
  0.78479781E+000
  0.78479787E+000
  0.78479793E+000
  0.78479798E+000
  0.78479804E+000
  0.78479809E+000
  0.78479813E+000
  0.78479818E+000
  0.78479822E+000
  0.78479827E+000
  0.78479831E+000
  0.78479834E+000
  0.78479838E+000
  0.78479841E+000
  0.78479844E+000
  0.78479847E+000
  0.78479850E+000
  0.78479853E+000
  0.78479855E+000
  0.78479858E+000
  0.78479860E+000
  0.78479862E+000
  0.78479864E+000
  0.78479866E+000
  0.78479867E+000
  0.78479869E+000
  0.78479870E+000
  0.78479872E+000
  0.78479873E+000
  0.78479874E+000
  0.78479875E+000
  0.78479876E+000
  0.78479877E+000
  0.78479878E+000
  0.78479878E+000
  0.78479879E+000
  0.78479879E+000
  0.78479880E+000
  0.78479880E+000
  0.78479881E+000
  0.78479881E+000
  0.78479881E+000
  0.78479881E+000
  0.78479882E+000
  0.78479882E+000
  0.78479882E+000
  0.78479882E+000
  0.78479882E+000
  0.78479882E+000
  0.78479881E+000
  0.78479881E+000
  0.78479881E+000
  0.78479881E+000
  0.78479881E+000
  0.78479881E+000
  0.78479880E+000
  0.78479880E+000
  0.78479880E+000
  0.78479880E+000
  0.78479879E+000
  0.78479879E+000
  0.78479879E+000
