  0.38702741E+000
  0.38701141E+000
  0.38699671E+000
  0.38698535E+000
  0.38697370E+000
  0.38696275E+000
  0.38695598E+000
  0.38694821E+000
  0.38694217E+000
  0.38693751E+000
  0.38693216E+000
  0.38692903E+000
  0.38692593E+000
  0.38692334E+000
  0.38692123E+000
  0.38691932E+000
  0.38691760E+000
  0.38691624E+000
  0.38691371E+000
  0.38691271E+000
  0.38691178E+000
  0.38691099E+000
  0.38690914E+000
  0.38690853E+000
  0.38690805E+000
  0.38690756E+000
  0.38690715E+000
  0.38690678E+000
  0.38690646E+000
  0.38690617E+000
  0.38690593E+000
  0.38690572E+000
  0.38690553E+000
  0.38690536E+000
  0.38690521E+000
  0.38690507E+000
  0.38690496E+000
  0.38690485E+000
  0.38690476E+000
  0.38690468E+000
  0.38690461E+000
  0.38690455E+000
  0.38690449E+000
  0.38690444E+000
  0.38690439E+000
  0.38690435E+000
  0.38690432E+000
  0.38690429E+000
  0.38690426E+000
  0.38690424E+000
  0.38690421E+000
  0.38690419E+000
  0.38690417E+000
  0.38690415E+000
  0.38690414E+000
  0.38690412E+000
  0.38690411E+000
  0.38690410E+000
  0.38690409E+000
  0.38690410E+000
  0.38690410E+000
  0.38690408E+000
  0.38690408E+000
  0.38690409E+000
  0.38690408E+000
  0.38690407E+000
  0.38690406E+000
  0.38690405E+000
  0.38690405E+000
  0.38690404E+000
  0.38690403E+000
  0.38690402E+000
  0.38690401E+000
  0.38690400E+000
  0.38690400E+000
  0.38690399E+000
  0.38690398E+000
  0.38690398E+000
  0.38690397E+000
  0.38690397E+000
  0.38690396E+000
  0.38690396E+000
  0.38690395E+000
  0.38690395E+000
  0.38690395E+000
  0.38690394E+000
  0.38690394E+000
  0.38690394E+000
  0.38690394E+000
  0.38690393E+000
  0.38690393E+000
  0.38690393E+000
  0.38690388E+000
  0.38690388E+000
  0.38690388E+000
  0.38690388E+000
  0.38690389E+000
  0.38690389E+000
  0.38690389E+000
  0.38690390E+000
  0.38690390E+000
  0.38690390E+000
  0.38690390E+000
  0.38690391E+000
  0.38690391E+000
  0.38690392E+000
  0.38690392E+000
  0.38690393E+000
  0.38690394E+000
  0.38690395E+000
  0.38690395E+000
  0.38690395E+000
  0.38690396E+000
  0.38690396E+000
  0.38690396E+000
  0.38690397E+000
  0.38690398E+000
  0.38690399E+000
  0.38690399E+000
  0.38690400E+000
  0.38690401E+000
  0.38690402E+000
  0.38690403E+000
  0.38690403E+000
  0.38690404E+000
  0.38690405E+000
  0.38690405E+000
  0.38690406E+000
  0.38690407E+000
  0.38690407E+000
  0.38690408E+000
  0.38690408E+000
  0.38690409E+000
  0.38690409E+000
  0.38690409E+000
  0.38690410E+000
  0.38690410E+000
  0.38690409E+000
  0.38690409E+000
  0.38690408E+000
  0.38690408E+000
  0.38690407E+000
  0.38690406E+000
  0.38690405E+000
  0.38690404E+000
  0.38690403E+000
  0.38690401E+000
  0.38690400E+000
  0.38690398E+000
  0.38690396E+000
  0.38690394E+000
  0.38690392E+000
  0.38690390E+000
  0.38690387E+000
  0.38690385E+000
  0.38690382E+000
  0.38690380E+000
  0.38690377E+000
  0.38690374E+000
  0.38690372E+000
  0.38690369E+000
  0.38690366E+000
  0.38690364E+000
  0.38690361E+000
  0.38690358E+000
  0.38690356E+000
  0.38690353E+000
  0.38690351E+000
  0.38690348E+000
  0.38690346E+000
  0.38690343E+000
  0.38690341E+000
  0.38690339E+000
  0.38690337E+000
  0.38690335E+000
  0.38690333E+000
  0.38690331E+000
  0.38690329E+000
  0.38690327E+000
  0.38690326E+000
  0.38690324E+000
  0.38690323E+000
  0.38690321E+000
  0.38690320E+000
  0.38690319E+000
  0.38690318E+000
  0.38690317E+000
  0.38690316E+000
  0.38690315E+000
  0.38690314E+000
  0.38690313E+000
  0.38690312E+000
  0.38690312E+000
  0.38690311E+000
  0.38690310E+000
  0.38690310E+000
  0.38690309E+000
  0.38690309E+000
  0.38690308E+000
  0.38690308E+000
