  0.82700648E+000
  0.82701117E+000
  0.82701562E+000
  0.82701885E+000
  0.82702119E+000
  0.82702296E+000
  0.82702428E+000
  0.82702521E+000
  0.82702585E+000
  0.82702623E+000
  0.82702642E+000
  0.82702644E+000
  0.82702633E+000
  0.82702611E+000
  0.82702582E+000
  0.82702546E+000
  0.82702505E+000
  0.82702460E+000
  0.82702412E+000
  0.82702363E+000
  0.82702312E+000
  0.82702260E+000
  0.82702207E+000
  0.82702154E+000
  0.82702102E+000
  0.82702050E+000
  0.82701999E+000
  0.82701948E+000
  0.82701898E+000
  0.82701849E+000
  0.82701802E+000
  0.82701755E+000
  0.82701710E+000
  0.82701665E+000
  0.82701622E+000
  0.82701580E+000
  0.82701540E+000
  0.82701500E+000
  0.82701462E+000
  0.82701425E+000
  0.82701390E+000
  0.82701355E+000
  0.82701322E+000
  0.82701289E+000
  0.82701258E+000
  0.82701228E+000
  0.82701199E+000
  0.82701171E+000
  0.82701144E+000
  0.82701118E+000
  0.82701093E+000
  0.82701069E+000
  0.82701045E+000
  0.82701023E+000
  0.82701001E+000
  0.82700980E+000
  0.82700960E+000
  0.82700941E+000
  0.82700922E+000
  0.82700904E+000
  0.82700887E+000
  0.82700870E+000
  0.82700854E+000
  0.82700839E+000
  0.82700824E+000
  0.82700809E+000
  0.82700796E+000
  0.82700782E+000
  0.82700770E+000
  0.82700757E+000
  0.82700746E+000
  0.82700734E+000
  0.82700724E+000
  0.82700714E+000
  0.82700704E+000
  0.82700695E+000
  0.82700686E+000
  0.82700678E+000
  0.82700670E+000
  0.82700663E+000
  0.82700656E+000
  0.82700650E+000
  0.82700644E+000
  0.82700639E+000
  0.82700634E+000
  0.82700629E+000
  0.82700625E+000
  0.82700621E+000
  0.82700618E+000
  0.82700615E+000
  0.82700612E+000
  0.82700610E+000
  0.82700608E+000
  0.82700606E+000
  0.82700605E+000
  0.82700604E+000
  0.82700603E+000
  0.82700602E+000
  0.82700601E+000
  0.82700601E+000
  0.82700601E+000
  0.82700601E+000
  0.82700601E+000
  0.82700602E+000
  0.82700602E+000
  0.82700603E+000
  0.82700603E+000
  0.82700604E+000
  0.82700605E+000
  0.82700605E+000
  0.82700606E+000
  0.82700607E+000
  0.82700608E+000
  0.82700609E+000
  0.82700610E+000
  0.82700611E+000
  0.82700612E+000
  0.82700613E+000
  0.82700614E+000
  0.82700615E+000
  0.82700616E+000
  0.82700617E+000
  0.82700618E+000
  0.82700619E+000
  0.82700619E+000
  0.82700620E+000
  0.82700621E+000
  0.82700622E+000
  0.82700623E+000
  0.82700623E+000
  0.82700624E+000
  0.82700625E+000
  0.82700626E+000
  0.82700626E+000
  0.82700627E+000
  0.82700628E+000
  0.82700628E+000
  0.82700629E+000
  0.82700630E+000
  0.82700630E+000
  0.82700631E+000
  0.82700631E+000
  0.82700632E+000
  0.82700632E+000
  0.82700633E+000
  0.82700633E+000
  0.82700634E+000
  0.82700634E+000
  0.82700635E+000
  0.82700635E+000
  0.82700636E+000
  0.82700636E+000
  0.82700636E+000
  0.82700637E+000
  0.82700637E+000
  0.82700638E+000
  0.82700638E+000
  0.82700638E+000
  0.82700639E+000
  0.82700639E+000
  0.82700639E+000
  0.82700640E+000
  0.82700640E+000
  0.82700640E+000
  0.82700640E+000
  0.82700641E+000
  0.82700641E+000
  0.82700641E+000
  0.82700641E+000
  0.82700642E+000
  0.82700642E+000
  0.82700642E+000
  0.82700642E+000
  0.82700643E+000
  0.82700643E+000
  0.82700643E+000
  0.82700643E+000
  0.82700643E+000
  0.82700644E+000
  0.82700644E+000
  0.82700644E+000
  0.82700644E+000
  0.82700644E+000
  0.82700644E+000
  0.82700645E+000
  0.82700645E+000
  0.82700645E+000
  0.82700645E+000
  0.82700645E+000
  0.82700645E+000
  0.82700645E+000
  0.82700646E+000
  0.82700646E+000
  0.82700646E+000
  0.82700646E+000
  0.82700646E+000
  0.82700646E+000
  0.82700646E+000
  0.82700647E+000
  0.82700647E+000
