 -0.72867610E+000 -0.56805004E+000 -0.32575168E+000 -0.13712392E+000 -0.69434103E-001 -0.13592317E-001  0.72188240E-002  0.94351552E+000  0.22190508E+001  0.42387517E+001  0.59382068E+001
 -0.72835803E+000 -0.56776729E+000 -0.32538823E+000 -0.13681880E+000 -0.69234066E-001 -0.13076125E-001  0.72342066E-002  0.94381284E+000  0.22193897E+001  0.42391023E+001  0.59385978E+001
 -0.72814905E+000 -0.56757858E+000 -0.32514515E+000 -0.13662008E+000 -0.69194755E-001 -0.12996882E-001  0.72387925E-002  0.94400933E+000  0.22196211E+001  0.42393479E+001  0.59388747E+001
 -0.72799662E+000 -0.56743879E+000 -0.32496256E+000 -0.13647234E+000 -0.69178070E-001 -0.12973273E-001  0.72408765E-002  0.94415432E+000  0.22197957E+001  0.42395389E+001  0.59390927E+001
 -0.72788658E+000 -0.56733532E+000 -0.32482355E+000 -0.13636066E+000 -0.69172041E-001 -0.12973920E-001  0.72416622E-002  0.94426219E+000  0.22199278E+001  0.42396880E+001  0.59392654E+001
 -0.72781044E+000 -0.56726068E+000 -0.32471863E+000 -0.13627705E+000 -0.69173461E-001 -0.12991058E-001  0.72416197E-002  0.94434114E+000  0.22200256E+001  0.42398023E+001  0.59394001E+001
 -0.72776138E+000 -0.56720904E+000 -0.32464094E+000 -0.13621588E+000 -0.69180011E-001 -0.13019063E-001  0.72410449E-002  0.94439710E+000  0.22200958E+001  0.42398872E+001  0.59395022E+001
 -0.72773375E+000 -0.56717574E+000 -0.32458523E+000 -0.13617287E+000 -0.69190007E-001 -0.13053877E-001  0.72401319E-002  0.94443455E+000  0.22201434E+001  0.42399475E+001  0.59395765E+001
 -0.72772273E+000 -0.56715691E+000 -0.32454724E+000 -0.13614452E+000 -0.69202074E-001 -0.13092183E-001  0.72390230E-002  0.94445715E+000  0.22201727E+001  0.42399872E+001  0.59396271E+001
 -0.72772434E+000 -0.56714939E+000 -0.32452351E+000 -0.13612801E+000 -0.69215215E-001 -0.13131631E-001  0.72378171E-002  0.94446781E+000  0.22201873E+001  0.42400099E+001  0.59396577E+001
 -0.72773537E+000 -0.56715065E+000 -0.32451126E+000 -0.13612104E+000 -0.69228738E-001 -0.13170639E-001  0.72365811E-002  0.94446891E+000  0.22201901E+001  0.42400186E+001  0.59396715E+001
 -0.72775332E+000 -0.56715867E+000 -0.32450828E+000 -0.13612179E+000 -0.69242208E-001 -0.13208272E-001  0.72353567E-002  0.94446233E+000  0.22201834E+001  0.42400159E+001  0.59396714E+001
 -0.72777620E+000 -0.56717186E+000 -0.32451280E+000 -0.13612880E+000 -0.69255332E-001 -0.13243944E-001  0.72341704E-002  0.94444957E+000  0.22201690E+001  0.42400039E+001  0.59396596E+001
 -0.72780252E+000 -0.56718894E+000 -0.32452336E+000 -0.13614089E+000 -0.69267923E-001 -0.13277314E-001  0.72330384E-002  0.94443188E+000  0.22201484E+001  0.42399842E+001  0.59396383E+001
 -0.72783109E+000 -0.56720891E+000 -0.32453879E+000 -0.13615708E+000 -0.69279873E-001 -0.13308234E-001  0.72319691E-002  0.94441023E+000  0.22201228E+001  0.42399583E+001  0.59396092E+001
 -0.72786102E+000 -0.56723097E+000 -0.32455815E+000 -0.13617659E+000 -0.69291128E-001 -0.13336681E-001  0.72309662E-002  0.94438545E+000  0.22200933E+001  0.42399273E+001  0.59395736E+001
 -0.72789165E+000 -0.56725449E+000 -0.32458065E+000 -0.13619878E+000 -0.69301671E-001 -0.13362704E-001  0.72300302E-002  0.94435821E+000  0.22200606E+001  0.42398923E+001  0.59395328E+001
 -0.72792247E+000 -0.56727896E+000 -0.32460565E+000 -0.13622312E+000 -0.69311507E-001 -0.13386402E-001  0.72291594E-002  0.94432904E+000  0.22200254E+001  0.42398540E+001  0.59394878E+001
 -0.72795311E+000 -0.56730399E+000 -0.32463263E+000 -0.13624917E+000 -0.69320658E-001 -0.13407907E-001  0.72283509E-002  0.94429840E+000  0.22199884E+001  0.42398132E+001  0.59394395E+001
 -0.72798329E+000 -0.56732926E+000 -0.32466114E+000 -0.13627656E+000 -0.69329154E-001 -0.13427364E-001  0.72276014E-002  0.94426668E+000  0.22199499E+001  0.42397704E+001  0.59393886E+001
 -0.72801281E+000 -0.56735455E+000 -0.32469082E+000 -0.13630499E+000 -0.69337033E-001 -0.13444924E-001  0.72269069E-002  0.94423419E+000  0.22199104E+001  0.42397260E+001  0.59393357E+001
 -0.72804154E+000 -0.56737965E+000 -0.32472138E+000 -0.13633419E+000 -0.69344332E-001 -0.13460737E-001  0.72262637E-002  0.94420120E+000  0.22198702E+001  0.42396805E+001  0.59392813E+001
 -0.72806938E+000 -0.56740442E+000 -0.32475255E+000 -0.13636388E+000 -0.69351084E-001 -0.13474943E-001  0.72256680E-002  0.94416794E+000  0.22198296E+001  0.42396342E+001  0.59392260E+001
 -0.72809628E+000 -0.56742874E+000 -0.32478413E+000 -0.13639370E+000 -0.69357312E-001 -0.13487678E-001  0.72251163E-002  0.94413460E+000  0.22197888E+001  0.42395875E+001  0.59391701E+001
 -0.72812220E+000 -0.56745254E+000 -0.32481592E+000 -0.13642349E+000 -0.69363054E-001 -0.13499067E-001  0.72246055E-002  0.94410137E+000  0.22197481E+001  0.42395406E+001  0.59391140E+001
 -0.72814712E+000 -0.56747576E+000 -0.32484778E+000 -0.13645313E+000 -0.69368350E-001 -0.13509244E-001  0.72241320E-002  0.94406839E+000  0.22197076E+001  0.42394938E+001  0.59390579E+001
 -0.72817105E+000 -0.56749834E+000 -0.32487958E+000 -0.13648252E+000 -0.69373232E-001 -0.13518312E-001  0.72236933E-002  0.94403581E+000  0.22196676E+001  0.42394473E+001  0.59390022E+001
 -0.72819399E+000 -0.56752025E+000 -0.32491120E+000 -0.13651156E+000 -0.69377730E-001 -0.13526373E-001  0.72232870E-002  0.94400373E+000  0.22196282E+001  0.42394013E+001  0.59389472E+001
 -0.72821595E+000 -0.56754147E+000 -0.32494254E+000 -0.13654015E+000 -0.69381873E-001 -0.13533517E-001  0.72229108E-002  0.94397227E+000  0.22195894E+001  0.42393560E+001  0.59388930E+001
 -0.72823695E+000 -0.56756199E+000 -0.32497353E+000 -0.13656821E+000 -0.69385686E-001 -0.13539831E-001  0.72225628E-002  0.94394154E+000  0.22195516E+001  0.42393115E+001  0.59388398E+001
 -0.72825701E+000 -0.56758180E+000 -0.32500408E+000 -0.13659567E+000 -0.69389193E-001 -0.13545394E-001  0.72222411E-002  0.94391162E+000  0.22195147E+001  0.42392680E+001  0.59387880E+001
 -0.72827616E+000 -0.56760090E+000 -0.32503413E+000 -0.13662247E+000 -0.69392419E-001 -0.13550281E-001  0.72219439E-002  0.94388260E+000  0.22194789E+001  0.42392257E+001  0.59387375E+001
 -0.72829443E+000 -0.56761930E+000 -0.32506364E+000 -0.13664855E+000 -0.69395385E-001 -0.13554560E-001  0.72216697E-002  0.94385454E+000  0.22194442E+001  0.42391847E+001  0.59386887E+001
 -0.72831185E+000 -0.56763701E+000 -0.32509257E+000 -0.13667386E+000 -0.69398110E-001 -0.13558295E-001  0.72214170E-002  0.94382750E+000  0.22194108E+001  0.42391451E+001  0.59386417E+001
 -0.72832846E+000 -0.56765406E+000 -0.32512088E+000 -0.13669836E+000 -0.69400615E-001 -0.13561548E-001  0.72211843E-002  0.94380155E+000  0.22193788E+001  0.42391070E+001  0.59385965E+001
 -0.72834429E+000 -0.56767045E+000 -0.32514854E+000 -0.13672202E+000 -0.69402918E-001 -0.13564375E-001  0.72209703E-002  0.94377672E+000  0.22193481E+001  0.42390705E+001  0.59385533E+001
 -0.72835938E+000 -0.56768622E+000 -0.32517553E+000 -0.13674481E+000 -0.69405036E-001 -0.13566826E-001  0.72207736E-002  0.94375306E+000  0.22193189E+001  0.42390357E+001  0.59385122E+001
 -0.72837377E+000 -0.56770140E+000 -0.32520185E+000 -0.13676672E+000 -0.69406985E-001 -0.13568951E-001  0.72205931E-002  0.94373058E+000  0.22192912E+001  0.42390027E+001  0.59384732E+001
 -0.72838750E+000 -0.56771600E+000 -0.32522747E+000 -0.13678773E+000 -0.69408782E-001 -0.13570794E-001  0.72204274E-002  0.94370931E+000  0.22192650E+001  0.42389715E+001  0.59384364E+001
 -0.72840061E+000 -0.56773007E+000 -0.32525240E+000 -0.13680784E+000 -0.69410439E-001 -0.13572394E-001  0.72202755E-002  0.94368925E+000  0.22192403E+001  0.42389421E+001  0.59384019E+001
 -0.72841314E+000 -0.56774363E+000 -0.32527662E+000 -0.13682704E+000 -0.69411972E-001 -0.13573789E-001  0.72201363E-002  0.94367041E+000  0.22192171E+001  0.42389146E+001  0.59383697E+001
 -0.72842513E+000 -0.56775672E+000 -0.32530015E+000 -0.13684536E+000 -0.69413391E-001 -0.13575011E-001  0.72200088E-002  0.94365277E+000  0.22191954E+001  0.42388889E+001  0.59383397E+001
 -0.72843661E+000 -0.56776937E+000 -0.32532298E+000 -0.13686280E+000 -0.69414708E-001 -0.13576088E-001  0.72198920E-002  0.94363632E+000  0.22191753E+001  0.42388651E+001  0.59383119E+001
 -0.72844763E+000 -0.56778161E+000 -0.32534512E+000 -0.13687937E+000 -0.69415934E-001 -0.13577045E-001  0.72197850E-002  0.94362104E+000  0.22191567E+001  0.42388431E+001  0.59382863E+001
 -0.72845822E+000 -0.56779346E+000 -0.32536657E+000 -0.13689511E+000 -0.69417076E-001 -0.13577903E-001  0.72196871E-002  0.94360690E+000  0.22191394E+001  0.42388229E+001  0.59382629E+001
 -0.72846841E+000 -0.56780496E+000 -0.32538733E+000 -0.13691002E+000 -0.69418144E-001 -0.13578681E-001  0.72195974E-002  0.94359385E+000  0.22191236E+001  0.42388044E+001  0.59382416E+001
 -0.72847822E+000 -0.56781612E+000 -0.32540741E+000 -0.13692414E+000 -0.69419144E-001 -0.13579393E-001  0.72195153E-002  0.94358187E+000  0.22191092E+001  0.42387876E+001  0.59382223E+001
 -0.72848768E+000 -0.56782697E+000 -0.32542681E+000 -0.13693749E+000 -0.69420082E-001 -0.13580052E-001  0.72194401E-002  0.94357090E+000  0.22190960E+001  0.42387724E+001  0.59382048E+001
 -0.72849683E+000 -0.56783752E+000 -0.32544553E+000 -0.13695010E+000 -0.69420964E-001 -0.13580668E-001  0.72193713E-002  0.94356089E+000  0.22190841E+001  0.42387588E+001  0.59381893E+001
 -0.72850566E+000 -0.56784780E+000 -0.32546358E+000 -0.13696200E+000 -0.69421794E-001 -0.13581247E-001  0.72193083E-002  0.94355180E+000  0.22190733E+001  0.42387466E+001  0.59381754E+001
 -0.72851421E+000 -0.56785780E+000 -0.32548095E+000 -0.13697322E+000 -0.69422577E-001 -0.13581796E-001  0.72192506E-002  0.94354357E+000  0.22190636E+001  0.42387357E+001  0.59381632E+001
 -0.72852248E+000 -0.56786754E+000 -0.32549766E+000 -0.13698379E+000 -0.69423315E-001 -0.13582320E-001  0.72191979E-002  0.94353614E+000  0.22190550E+001  0.42387261E+001  0.59381524E+001
 -0.72853049E+000 -0.56787703E+000 -0.32551369E+000 -0.13699373E+000 -0.69424011E-001 -0.13582822E-001  0.72191496E-002  0.94352946E+000  0.22190473E+001  0.42387177E+001  0.59381431E+001
 -0.72853824E+000 -0.56788626E+000 -0.32552905E+000 -0.13700307E+000 -0.69424668E-001 -0.13583303E-001  0.72191055E-002  0.94352347E+000  0.22190405E+001  0.42387103E+001  0.59381350E+001
 -0.72854573E+000 -0.56789524E+000 -0.32554375E+000 -0.13701184E+000 -0.69425288E-001 -0.13583766E-001  0.72190652E-002  0.94351812E+000  0.22190344E+001  0.42387040E+001  0.59381281E+001
 -0.72855298E+000 -0.56790395E+000 -0.32555778E+000 -0.13702006E+000 -0.69425873E-001 -0.13584212E-001  0.72190283E-002  0.94351336E+000  0.22190292E+001  0.42386985E+001  0.59381222E+001
 -0.72855999E+000 -0.56791241E+000 -0.32557114E+000 -0.13702776E+000 -0.69426425E-001 -0.13584641E-001  0.72189947E-002  0.94350914E+000  0.22190246E+001  0.42386939E+001  0.59381173E+001
 -0.72856675E+000 -0.56792060E+000 -0.32558384E+000 -0.13703497E+000 -0.69426945E-001 -0.13585053E-001  0.72189640E-002  0.94350540E+000  0.22190205E+001  0.42386899E+001  0.59381133E+001
 -0.72857326E+000 -0.56792851E+000 -0.32559589E+000 -0.13704170E+000 -0.69427434E-001 -0.13585450E-001  0.72189360E-002  0.94350211E+000  0.22190171E+001  0.42386867E+001  0.59381100E+001
 -0.72857953E+000 -0.56793615E+000 -0.32560729E+000 -0.13704798E+000 -0.69427894E-001 -0.13585831E-001  0.72189104E-002  0.94349921E+000  0.22190141E+001  0.42386840E+001  0.59381074E+001
 -0.72858555E+000 -0.56794349E+000 -0.32561806E+000 -0.13705383E+000 -0.69428326E-001 -0.13586196E-001  0.72188871E-002  0.94349667E+000  0.22190116E+001  0.42386818E+001  0.59381055E+001
 -0.72859133E+000 -0.56795055E+000 -0.32562819E+000 -0.13705928E+000 -0.69428731E-001 -0.13586545E-001  0.72188659E-002  0.94349446E+000  0.22190095E+001  0.42386801E+001  0.59381040E+001
 -0.72859685E+000 -0.56795730E+000 -0.32563772E+000 -0.13706434E+000 -0.69429111E-001 -0.13586880E-001  0.72188466E-002  0.94349253E+000  0.22190077E+001  0.42386787E+001  0.59381030E+001
 -0.72860213E+000 -0.56796375E+000 -0.32564665E+000 -0.13706903E+000 -0.69429466E-001 -0.13587199E-001  0.72188289E-002  0.94349086E+000  0.22190062E+001  0.42386778E+001  0.59381024E+001
 -0.72860716E+000 -0.56796990E+000 -0.32565500E+000 -0.13707337E+000 -0.69429798E-001 -0.13587504E-001  0.72188129E-002  0.94348942E+000  0.22190050E+001  0.42386771E+001  0.59381022E+001
 -0.72861193E+000 -0.56797573E+000 -0.32566279E+000 -0.13707739E+000 -0.69430107E-001 -0.13587795E-001  0.72187983E-002  0.94348819E+000  0.22190040E+001  0.42386767E+001  0.59381023E+001
 -0.72861646E+000 -0.56798126E+000 -0.32567004E+000 -0.13708109E+000 -0.69430396E-001 -0.13588071E-001  0.72187851E-002  0.94348714E+000  0.22190032E+001  0.42386765E+001  0.59381026E+001
 -0.72862075E+000 -0.56798647E+000 -0.32567678E+000 -0.13708451E+000 -0.69430664E-001 -0.13588333E-001  0.72187730E-002  0.94348625E+000  0.22190026E+001  0.42386765E+001  0.59381032E+001
 -0.72862478E+000 -0.56799138E+000 -0.32568301E+000 -0.13708765E+000 -0.69430914E-001 -0.13588582E-001  0.72187621E-002  0.94348551E+000  0.22190022E+001  0.42386767E+001  0.59381039E+001
 -0.72862858E+000 -0.56799598E+000 -0.32568878E+000 -0.13709054E+000 -0.69431145E-001 -0.13588817E-001  0.72187523E-002  0.94348489E+000  0.22190020E+001  0.42386770E+001  0.59381048E+001
 -0.72863215E+000 -0.56800029E+000 -0.32569409E+000 -0.13709319E+000 -0.69431359E-001 -0.13589040E-001  0.72187434E-002  0.94348440E+000  0.22190018E+001  0.42386775E+001  0.59381059E+001
 -0.72863548E+000 -0.56800431E+000 -0.32569899E+000 -0.13709561E+000 -0.69431558E-001 -0.13589251E-001  0.72187354E-002  0.94348401E+000  0.22190018E+001  0.42386781E+001  0.59381070E+001
 -0.72863859E+000 -0.56800804E+000 -0.32570348E+000 -0.13709783E+000 -0.69431741E-001 -0.13589449E-001  0.72187283E-002  0.94348372E+000  0.22190018E+001  0.42386788E+001  0.59381083E+001
 -0.72864149E+000 -0.56801151E+000 -0.32570760E+000 -0.13709986E+000 -0.69431910E-001 -0.13589635E-001  0.72187219E-002  0.94348351E+000  0.22190020E+001  0.42386795E+001  0.59381097E+001
 -0.72864418E+000 -0.56801471E+000 -0.32571137E+000 -0.13710171E+000 -0.69432066E-001 -0.13589811E-001  0.72187163E-002  0.94348338E+000  0.22190022E+001  0.42386804E+001  0.59381111E+001
 -0.72864667E+000 -0.56801766E+000 -0.32571481E+000 -0.13710339E+000 -0.69432209E-001 -0.13589975E-001  0.72187114E-002  0.94348333E+000  0.22190025E+001  0.42386813E+001  0.59381126E+001
 -0.72864897E+000 -0.56802038E+000 -0.32571794E+000 -0.13710492E+000 -0.69432341E-001 -0.13590128E-001  0.72187071E-002  0.94348334E+000  0.22190029E+001  0.42386822E+001  0.59381142E+001
 -0.72865108E+000 -0.56802287E+000 -0.32572080E+000 -0.13710632E+000 -0.69432462E-001 -0.13590272E-001  0.72187034E-002  0.94348340E+000  0.22190033E+001  0.42386833E+001  0.59381158E+001
 -0.72865303E+000 -0.56802515E+000 -0.32572339E+000 -0.13710758E+000 -0.69432573E-001 -0.13590406E-001  0.72187004E-002  0.94348353E+000  0.22190038E+001  0.42386843E+001  0.59381175E+001
 -0.72865482E+000 -0.56802723E+000 -0.32572575E+000 -0.13710873E+000 -0.69432675E-001 -0.13590530E-001  0.72186978E-002  0.94348370E+000  0.22190043E+001  0.42386854E+001  0.59381192E+001
 -0.72865646E+000 -0.56802912E+000 -0.32572789E+000 -0.13710978E+000 -0.69432768E-001 -0.13590646E-001  0.72186957E-002  0.94348392E+000  0.22190048E+001  0.42386865E+001  0.59381209E+001
 -0.72865795E+000 -0.56803085E+000 -0.32572982E+000 -0.13711072E+000 -0.69432854E-001 -0.13590754E-001  0.72186941E-002  0.94348418E+000  0.22190054E+001  0.42386877E+001  0.59381227E+001
 -0.72865932E+000 -0.56803241E+000 -0.32573157E+000 -0.13711158E+000 -0.69432932E-001 -0.13590853E-001  0.72186930E-002  0.94348448E+000  0.22190061E+001  0.42386889E+001  0.59381244E+001
 -0.72866056E+000 -0.56803383E+000 -0.32573315E+000 -0.13711236E+000 -0.69433004E-001 -0.13590945E-001  0.72186922E-002  0.94348481E+000  0.22190067E+001  0.42386901E+001  0.59381262E+001
 -0.72866170E+000 -0.56803511E+000 -0.32573458E+000 -0.13711307E+000 -0.69433069E-001 -0.13591031E-001  0.72186919E-002  0.94348518E+000  0.22190074E+001  0.42386913E+001  0.59381280E+001
 -0.72866273E+000 -0.56803627E+000 -0.32573587E+000 -0.13711371E+000 -0.69433129E-001 -0.13591109E-001  0.72186918E-002  0.94348557E+000  0.22190081E+001  0.42386925E+001  0.59381299E+001
 -0.72866366E+000 -0.56803732E+000 -0.32573703E+000 -0.13711430E+000 -0.69433184E-001 -0.13591182E-001  0.72186921E-002  0.94348599E+000  0.22190089E+001  0.42386938E+001  0.59381317E+001
 -0.72866451E+000 -0.56803826E+000 -0.32573808E+000 -0.13711483E+000 -0.69433234E-001 -0.13591248E-001  0.72186927E-002  0.94348644E+000  0.22190096E+001  0.42386951E+001  0.59381335E+001
 -0.72866529E+000 -0.56803911E+000 -0.32573903E+000 -0.13711532E+000 -0.69433280E-001 -0.13591310E-001  0.72186936E-002  0.94348690E+000  0.22190104E+001  0.42386963E+001  0.59381353E+001
 -0.72866599E+000 -0.56803988E+000 -0.32573989E+000 -0.13711576E+000 -0.69433323E-001 -0.13591367E-001  0.72186947E-002  0.94348738E+000  0.22190112E+001  0.42386976E+001  0.59381371E+001
 -0.72866663E+000 -0.56804058E+000 -0.32574066E+000 -0.13711617E+000 -0.69433362E-001 -0.13591419E-001  0.72186960E-002  0.94348788E+000  0.22190120E+001  0.42386989E+001  0.59381389E+001
 -0.72866721E+000 -0.56804121E+000 -0.32574136E+000 -0.13711654E+000 -0.69433398E-001 -0.13591467E-001  0.72186975E-002  0.94348839E+000  0.22190128E+001  0.42387001E+001  0.59381407E+001
 -0.72866774E+000 -0.56804177E+000 -0.32574200E+000 -0.13711688E+000 -0.69433431E-001 -0.13591511E-001  0.72186992E-002  0.94348891E+000  0.22190136E+001  0.42387014E+001  0.59381425E+001
 -0.72866823E+000 -0.56804229E+000 -0.32574257E+000 -0.13711720E+000 -0.69433461E-001 -0.13591552E-001  0.72187010E-002  0.94348945E+000  0.22190144E+001  0.42387027E+001  0.59381443E+001
 -0.72866867E+000 -0.56804276E+000 -0.32574310E+000 -0.13711749E+000 -0.69433490E-001 -0.13591590E-001  0.72187030E-002  0.94348999E+000  0.22190153E+001  0.42387039E+001  0.59381460E+001
 -0.72866908E+000 -0.56804318E+000 -0.32574358E+000 -0.13711777E+000 -0.69433516E-001 -0.13591624E-001  0.72187051E-002  0.94349053E+000  0.22190161E+001  0.42387052E+001  0.59381477E+001
 -0.72866945E+000 -0.56804356E+000 -0.32574401E+000 -0.13711802E+000 -0.69433540E-001 -0.13591657E-001  0.72187073E-002  0.94349108E+000  0.22190169E+001  0.42387064E+001  0.59381494E+001
 -0.72866979E+000 -0.56804392E+000 -0.32574441E+000 -0.13711826E+000 -0.69433563E-001 -0.13591686E-001  0.72187095E-002  0.94349164E+000  0.22190177E+001  0.42387077E+001  0.59381511E+001
 -0.72867010E+000 -0.56804424E+000 -0.32574478E+000 -0.13711848E+000 -0.69433585E-001 -0.13591714E-001  0.72187119E-002  0.94349219E+000  0.22190186E+001  0.42387089E+001  0.59381527E+001
 -0.72867040E+000 -0.56804454E+000 -0.32574511E+000 -0.13711869E+000 -0.69433605E-001 -0.13591740E-001  0.72187143E-002  0.94349275E+000  0.22190194E+001  0.42387101E+001  0.59381543E+001
 -0.72867067E+000 -0.56804481E+000 -0.32574542E+000 -0.13711888E+000 -0.69433624E-001 -0.13591764E-001  0.72187167E-002  0.94349331E+000  0.22190202E+001  0.42387112E+001  0.59381559E+001
 -0.72867092E+000 -0.56804506E+000 -0.32574571E+000 -0.13711907E+000 -0.69433641E-001 -0.13591786E-001  0.72187192E-002  0.94349386E+000  0.22190210E+001  0.42387124E+001  0.59381575E+001
 -0.72867115E+000 -0.56804529E+000 -0.32574598E+000 -0.13711924E+000 -0.69433658E-001 -0.13591807E-001  0.72187217E-002  0.94349441E+000  0.22190218E+001  0.42387135E+001  0.59381590E+001
 -0.72867137E+000 -0.56804551E+000 -0.32574623E+000 -0.13711941E+000 -0.69433674E-001 -0.13591826E-001  0.72187242E-002  0.94349496E+000  0.22190226E+001  0.42387147E+001  0.59381605E+001
 -0.72867157E+000 -0.56804571E+000 -0.32574646E+000 -0.13711957E+000 -0.69433689E-001 -0.13591845E-001  0.72187267E-002  0.94349550E+000  0.22190233E+001  0.42387158E+001  0.59381620E+001
 -0.72867177E+000 -0.56804590E+000 -0.32574668E+000 -0.13711972E+000 -0.69433703E-001 -0.13591862E-001  0.72187293E-002  0.94349604E+000  0.22190241E+001  0.42387168E+001  0.59381634E+001
 -0.72867195E+000 -0.56804608E+000 -0.32574688E+000 -0.13711987E+000 -0.69433717E-001 -0.13591878E-001  0.72187318E-002  0.94349657E+000  0.22190249E+001  0.42387179E+001  0.59381648E+001
 -0.72867212E+000 -0.56804624E+000 -0.32574707E+000 -0.13712000E+000 -0.69433730E-001 -0.13591894E-001  0.72187343E-002  0.94349709E+000  0.22190256E+001  0.42387189E+001  0.59381662E+001
 -0.72867228E+000 -0.56804640E+000 -0.32574726E+000 -0.13712014E+000 -0.69433743E-001 -0.13591908E-001  0.72187368E-002  0.94349761E+000  0.22190263E+001  0.42387200E+001  0.59381675E+001
 -0.72867244E+000 -0.56804655E+000 -0.32574743E+000 -0.13712027E+000 -0.69433755E-001 -0.13591922E-001  0.72187392E-002  0.94349812E+000  0.22190270E+001  0.42387210E+001  0.59381688E+001
 -0.72867258E+000 -0.56804669E+000 -0.32574760E+000 -0.13712039E+000 -0.69433767E-001 -0.13591936E-001  0.72187416E-002  0.94349862E+000  0.22190277E+001  0.42387219E+001  0.59381700E+001
 -0.72867272E+000 -0.56804683E+000 -0.32574775E+000 -0.13712051E+000 -0.69433778E-001 -0.13591948E-001  0.72187440E-002  0.94349911E+000  0.22190284E+001  0.42387229E+001  0.59381713E+001
 -0.72867286E+000 -0.56804695E+000 -0.32574790E+000 -0.13712063E+000 -0.69433789E-001 -0.13591961E-001  0.72187464E-002  0.94349960E+000  0.22190291E+001  0.42387238E+001  0.59381725E+001
 -0.72867299E+000 -0.56804708E+000 -0.32574805E+000 -0.13712074E+000 -0.69433799E-001 -0.13591972E-001  0.72187487E-002  0.94350007E+000  0.22190298E+001  0.42387247E+001  0.59381736E+001
 -0.72867311E+000 -0.56804719E+000 -0.32574818E+000 -0.13712085E+000 -0.69433809E-001 -0.13591983E-001  0.72187510E-002  0.94350054E+000  0.22190304E+001  0.42387256E+001  0.59381747E+001
 -0.72867323E+000 -0.56804730E+000 -0.32574832E+000 -0.13712095E+000 -0.69433819E-001 -0.13591994E-001  0.72187532E-002  0.94350099E+000  0.22190311E+001  0.42387264E+001  0.59381758E+001
 -0.72867334E+000 -0.56804741E+000 -0.32574844E+000 -0.13712106E+000 -0.69433828E-001 -0.13592005E-001  0.72187554E-002  0.94350144E+000  0.22190317E+001  0.42387273E+001  0.59381769E+001
 -0.72867345E+000 -0.56804751E+000 -0.32574857E+000 -0.13712115E+000 -0.69433837E-001 -0.13592015E-001  0.72187576E-002  0.94350188E+000  0.22190323E+001  0.42387281E+001  0.59381779E+001
 -0.72867355E+000 -0.56804761E+000 -0.32574868E+000 -0.13712125E+000 -0.69433846E-001 -0.13592024E-001  0.72187597E-002  0.94350231E+000  0.22190329E+001  0.42387289E+001  0.59381789E+001
 -0.72867365E+000 -0.56804771E+000 -0.32574880E+000 -0.13712134E+000 -0.69433855E-001 -0.13592033E-001  0.72187617E-002  0.94350273E+000  0.22190335E+001  0.42387297E+001  0.59381799E+001
 -0.72867375E+000 -0.56804780E+000 -0.32574890E+000 -0.13712143E+000 -0.69433863E-001 -0.13592042E-001  0.72187637E-002  0.94350313E+000  0.22190340E+001  0.42387304E+001  0.59381809E+001
 -0.72867384E+000 -0.56804789E+000 -0.32574901E+000 -0.13712152E+000 -0.69433871E-001 -0.13592051E-001  0.72187657E-002  0.94350353E+000  0.22190346E+001  0.42387311E+001  0.59381818E+001
 -0.72867393E+000 -0.56804797E+000 -0.32574911E+000 -0.13712161E+000 -0.69433879E-001 -0.13592059E-001  0.72187676E-002  0.94350392E+000  0.22190351E+001  0.42387319E+001  0.59381827E+001
 -0.72867402E+000 -0.56804805E+000 -0.32574921E+000 -0.13712169E+000 -0.69433886E-001 -0.13592068E-001  0.72187695E-002  0.94350430E+000  0.22190356E+001  0.42387325E+001  0.59381835E+001
 -0.72867410E+000 -0.56804813E+000 -0.32574930E+000 -0.13712177E+000 -0.69433893E-001 -0.13592075E-001  0.72187713E-002  0.94350467E+000  0.22190361E+001  0.42387332E+001  0.59381844E+001
 -0.72867418E+000 -0.56804821E+000 -0.32574940E+000 -0.13712184E+000 -0.69433901E-001 -0.13592083E-001  0.72187731E-002  0.94350503E+000  0.22190366E+001  0.42387339E+001  0.59381852E+001
 -0.72867426E+000 -0.56804828E+000 -0.32574948E+000 -0.13712192E+000 -0.69433907E-001 -0.13592090E-001  0.72187748E-002  0.94350538E+000  0.22190371E+001  0.42387345E+001  0.59381859E+001
 -0.72867433E+000 -0.56804835E+000 -0.32574957E+000 -0.13712199E+000 -0.69433914E-001 -0.13592097E-001  0.72187765E-002  0.94350572E+000  0.22190376E+001  0.42387351E+001  0.59381867E+001
 -0.72867440E+000 -0.56804842E+000 -0.32574965E+000 -0.13712206E+000 -0.69433921E-001 -0.13592104E-001  0.72187781E-002  0.94350605E+000  0.22190380E+001  0.42387357E+001  0.59381874E+001
 -0.72867447E+000 -0.56804848E+000 -0.32574973E+000 -0.13712213E+000 -0.69433927E-001 -0.13592111E-001  0.72187797E-002  0.94350637E+000  0.22190385E+001  0.42387363E+001  0.59381881E+001
 -0.72867454E+000 -0.56804855E+000 -0.32574981E+000 -0.13712220E+000 -0.69433933E-001 -0.13592117E-001  0.72187812E-002  0.94350669E+000  0.22190389E+001  0.42387368E+001  0.59381888E+001
 -0.72867460E+000 -0.56804861E+000 -0.32574988E+000 -0.13712226E+000 -0.69433939E-001 -0.13592124E-001  0.72187827E-002  0.94350699E+000  0.22190393E+001  0.42387374E+001  0.59381895E+001
 -0.72867466E+000 -0.56804867E+000 -0.32574995E+000 -0.13712232E+000 -0.69433944E-001 -0.13592130E-001  0.72187841E-002  0.94350729E+000  0.22190397E+001  0.42387379E+001  0.59381901E+001
 -0.72867472E+000 -0.56804872E+000 -0.32575002E+000 -0.13712238E+000 -0.69433950E-001 -0.13592135E-001  0.72187856E-002  0.94350757E+000  0.22190401E+001  0.42387384E+001  0.59381907E+001
 -0.72867478E+000 -0.56804878E+000 -0.32575009E+000 -0.13712244E+000 -0.69433955E-001 -0.13592141E-001  0.72187869E-002  0.94350785E+000  0.22190405E+001  0.42387389E+001  0.59381913E+001
 -0.72867483E+000 -0.56804883E+000 -0.32575015E+000 -0.13712250E+000 -0.69433960E-001 -0.13592146E-001  0.72187882E-002  0.94350812E+000  0.22190409E+001  0.42387393E+001  0.59381919E+001
 -0.72867489E+000 -0.56804888E+000 -0.32575021E+000 -0.13712255E+000 -0.69433965E-001 -0.13592152E-001  0.72187895E-002  0.94350838E+000  0.22190412E+001  0.42387398E+001  0.59381925E+001
 -0.72867494E+000 -0.56804893E+000 -0.32575027E+000 -0.13712260E+000 -0.69433970E-001 -0.13592157E-001  0.72187908E-002  0.94350864E+000  0.22190416E+001  0.42387402E+001  0.59381930E+001
 -0.72867499E+000 -0.56804897E+000 -0.32575033E+000 -0.13712265E+000 -0.69433975E-001 -0.13592162E-001  0.72187920E-002  0.94350888E+000  0.22190419E+001  0.42387407E+001  0.59381935E+001
 -0.72867503E+000 -0.56804902E+000 -0.32575038E+000 -0.13712270E+000 -0.69433979E-001 -0.13592166E-001  0.72187931E-002  0.94350912E+000  0.22190422E+001  0.42387411E+001  0.59381940E+001
 -0.72867508E+000 -0.56804906E+000 -0.32575044E+000 -0.13712275E+000 -0.69433983E-001 -0.13592171E-001  0.72187942E-002  0.94350935E+000  0.22190425E+001  0.42387415E+001  0.59381945E+001
 -0.72867512E+000 -0.56804910E+000 -0.32575049E+000 -0.13712279E+000 -0.69433988E-001 -0.13592175E-001  0.72187953E-002  0.94350957E+000  0.22190428E+001  0.42387419E+001  0.59381950E+001
 -0.72867516E+000 -0.56804914E+000 -0.32575054E+000 -0.13712284E+000 -0.69433992E-001 -0.13592180E-001  0.72187964E-002  0.94350979E+000  0.22190431E+001  0.42387422E+001  0.59381954E+001
 -0.72867520E+000 -0.56804918E+000 -0.32575058E+000 -0.13712288E+000 -0.69433995E-001 -0.13592184E-001  0.72187974E-002  0.94351000E+000  0.22190434E+001  0.42387426E+001  0.59381959E+001
 -0.72867524E+000 -0.56804922E+000 -0.32575063E+000 -0.13712292E+000 -0.69433999E-001 -0.13592188E-001  0.72187984E-002  0.94351020E+000  0.22190437E+001  0.42387429E+001  0.59381963E+001
 -0.72867528E+000 -0.56804925E+000 -0.32575067E+000 -0.13712296E+000 -0.69434003E-001 -0.13592192E-001  0.72187994E-002  0.94351040E+000  0.22190439E+001  0.42387433E+001  0.59381967E+001
 -0.72867531E+000 -0.56804929E+000 -0.32575071E+000 -0.13712300E+000 -0.69434006E-001 -0.13592195E-001  0.72188003E-002  0.94351058E+000  0.22190442E+001  0.42387436E+001  0.59381971E+001
 -0.72867535E+000 -0.56804932E+000 -0.32575075E+000 -0.13712303E+000 -0.69434010E-001 -0.13592199E-001  0.72188012E-002  0.94351077E+000  0.22190444E+001  0.42387439E+001  0.59381975E+001
 -0.72867538E+000 -0.56804935E+000 -0.32575079E+000 -0.13712307E+000 -0.69434013E-001 -0.13592202E-001  0.72188020E-002  0.94351094E+000  0.22190447E+001  0.42387442E+001  0.59381978E+001
 -0.72867541E+000 -0.56804938E+000 -0.32575083E+000 -0.13712310E+000 -0.69434016E-001 -0.13592206E-001  0.72188029E-002  0.94351111E+000  0.22190449E+001  0.42387445E+001  0.59381982E+001
 -0.72867544E+000 -0.56804941E+000 -0.32575086E+000 -0.13712313E+000 -0.69434019E-001 -0.13592209E-001  0.72188037E-002  0.94351128E+000  0.22190451E+001  0.42387448E+001  0.59381985E+001
 -0.72867547E+000 -0.56804944E+000 -0.32575090E+000 -0.13712317E+000 -0.69434022E-001 -0.13592212E-001  0.72188044E-002  0.94351144E+000  0.22190453E+001  0.42387450E+001  0.59381988E+001
 -0.72867550E+000 -0.56804946E+000 -0.32575093E+000 -0.13712320E+000 -0.69434025E-001 -0.13592215E-001  0.72188052E-002  0.94351159E+000  0.22190456E+001  0.42387453E+001  0.59381991E+001
 -0.72867552E+000 -0.56804949E+000 -0.32575096E+000 -0.13712322E+000 -0.69434028E-001 -0.13592218E-001  0.72188059E-002  0.94351174E+000  0.22190458E+001  0.42387456E+001  0.59381994E+001
 -0.72867555E+000 -0.56804951E+000 -0.32575099E+000 -0.13712325E+000 -0.69434030E-001 -0.13592221E-001  0.72188066E-002  0.94351188E+000  0.22190459E+001  0.42387458E+001  0.59381997E+001
 -0.72867557E+000 -0.56804953E+000 -0.32575102E+000 -0.13712328E+000 -0.69434033E-001 -0.13592223E-001  0.72188073E-002  0.94351202E+000  0.22190461E+001  0.42387460E+001  0.59382000E+001
 -0.72867559E+000 -0.56804956E+000 -0.32575105E+000 -0.13712330E+000 -0.69434035E-001 -0.13592226E-001  0.72188079E-002  0.94351215E+000  0.22190463E+001  0.42387462E+001  0.59382003E+001
 -0.72867562E+000 -0.56804958E+000 -0.32575108E+000 -0.13712333E+000 -0.69434037E-001 -0.13592229E-001  0.72188085E-002  0.94351228E+000  0.22190465E+001  0.42387465E+001  0.59382005E+001
 -0.72867564E+000 -0.56804960E+000 -0.32575110E+000 -0.13712335E+000 -0.69434040E-001 -0.13592231E-001  0.72188091E-002  0.94351240E+000  0.22190466E+001  0.42387467E+001  0.59382008E+001
 -0.72867566E+000 -0.56804962E+000 -0.32575113E+000 -0.13712338E+000 -0.69434042E-001 -0.13592233E-001  0.72188097E-002  0.94351252E+000  0.22190468E+001  0.42387469E+001  0.59382010E+001
 -0.72867568E+000 -0.56804964E+000 -0.32575115E+000 -0.13712340E+000 -0.69434044E-001 -0.13592236E-001  0.72188103E-002  0.94351264E+000  0.22190470E+001  0.42387471E+001  0.59382012E+001
 -0.72867570E+000 -0.56804965E+000 -0.32575117E+000 -0.13712342E+000 -0.69434046E-001 -0.13592238E-001  0.72188108E-002  0.94351275E+000  0.22190471E+001  0.42387472E+001  0.59382015E+001
 -0.72867571E+000 -0.56804967E+000 -0.32575119E+000 -0.13712344E+000 -0.69434048E-001 -0.13592240E-001  0.72188113E-002  0.94351285E+000  0.22190473E+001  0.42387474E+001  0.59382017E+001
 -0.72867573E+000 -0.56804969E+000 -0.32575121E+000 -0.13712346E+000 -0.69434050E-001 -0.13592242E-001  0.72188118E-002  0.94351296E+000  0.22190474E+001  0.42387476E+001  0.59382019E+001
 -0.72867575E+000 -0.56804970E+000 -0.32575123E+000 -0.13712348E+000 -0.69434051E-001 -0.13592244E-001  0.72188123E-002  0.94351305E+000  0.22190475E+001  0.42387478E+001  0.59382021E+001
 -0.72867576E+000 -0.56804972E+000 -0.32575125E+000 -0.13712350E+000 -0.69434053E-001 -0.13592246E-001  0.72188128E-002  0.94351315E+000  0.22190476E+001  0.42387479E+001  0.59382022E+001
 -0.72867578E+000 -0.56804973E+000 -0.32575127E+000 -0.13712351E+000 -0.69434055E-001 -0.13592248E-001  0.72188132E-002  0.94351324E+000  0.22190478E+001  0.42387481E+001  0.59382024E+001
 -0.72867579E+000 -0.56804974E+000 -0.32575129E+000 -0.13712353E+000 -0.69434056E-001 -0.13592250E-001  0.72188136E-002  0.94351333E+000  0.22190479E+001  0.42387482E+001  0.59382026E+001
 -0.72867580E+000 -0.56804976E+000 -0.32575130E+000 -0.13712354E+000 -0.69434058E-001 -0.13592251E-001  0.72188141E-002  0.94351341E+000  0.22190480E+001  0.42387483E+001  0.59382028E+001
 -0.72867582E+000 -0.56804977E+000 -0.32575132E+000 -0.13712356E+000 -0.69434059E-001 -0.13592253E-001  0.72188144E-002  0.94351350E+000  0.22190481E+001  0.42387485E+001  0.59382029E+001
 -0.72867583E+000 -0.56804978E+000 -0.32575133E+000 -0.13712357E+000 -0.69434061E-001 -0.13592255E-001  0.72188148E-002  0.94351357E+000  0.22190482E+001  0.42387486E+001  0.59382031E+001
 -0.72867584E+000 -0.56804979E+000 -0.32575135E+000 -0.13712359E+000 -0.69434062E-001 -0.13592256E-001  0.72188152E-002  0.94351365E+000  0.22190483E+001  0.42387487E+001  0.59382032E+001
 -0.72867585E+000 -0.56804980E+000 -0.32575136E+000 -0.13712360E+000 -0.69434063E-001 -0.13592258E-001  0.72188155E-002  0.94351372E+000  0.22190484E+001  0.42387488E+001  0.59382034E+001
 -0.72867586E+000 -0.56804981E+000 -0.32575138E+000 -0.13712361E+000 -0.69434065E-001 -0.13592259E-001  0.72188159E-002  0.94351379E+000  0.22190485E+001  0.42387490E+001  0.59382035E+001
 -0.72867587E+000 -0.56804982E+000 -0.32575139E+000 -0.13712363E+000 -0.69434066E-001 -0.13592260E-001  0.72188162E-002  0.94351386E+000  0.22190486E+001  0.42387491E+001  0.59382036E+001
 -0.72867588E+000 -0.56804983E+000 -0.32575140E+000 -0.13712364E+000 -0.69434067E-001 -0.13592262E-001  0.72188165E-002  0.94351393E+000  0.22190487E+001  0.42387492E+001  0.59382038E+001
 -0.72867589E+000 -0.56804984E+000 -0.32575141E+000 -0.13712365E+000 -0.69434068E-001 -0.13592263E-001  0.72188168E-002  0.94351399E+000  0.22190488E+001  0.42387493E+001  0.59382039E+001
 -0.72867590E+000 -0.56804985E+000 -0.32575142E+000 -0.13712366E+000 -0.69434069E-001 -0.13592264E-001  0.72188171E-002  0.94351405E+000  0.22190488E+001  0.42387494E+001  0.59382040E+001
 -0.72867591E+000 -0.56804986E+000 -0.32575143E+000 -0.13712367E+000 -0.69434070E-001 -0.13592266E-001  0.72188174E-002  0.94351410E+000  0.22190489E+001  0.42387495E+001  0.59382041E+001
 -0.72867592E+000 -0.56804987E+000 -0.32575144E+000 -0.13712368E+000 -0.69434071E-001 -0.13592267E-001  0.72188177E-002  0.94351416E+000  0.22190490E+001  0.42387496E+001  0.59382042E+001
 -0.72867592E+000 -0.56804987E+000 -0.32575145E+000 -0.13712369E+000 -0.69434072E-001 -0.13592268E-001  0.72188179E-002  0.94351421E+000  0.22190491E+001  0.42387496E+001  0.59382043E+001
 -0.72867593E+000 -0.56804988E+000 -0.32575146E+000 -0.13712370E+000 -0.69434073E-001 -0.13592269E-001  0.72188182E-002  0.94351426E+000  0.22190491E+001  0.42387497E+001  0.59382044E+001
 -0.72867594E+000 -0.56804989E+000 -0.32575147E+000 -0.13712371E+000 -0.69434074E-001 -0.13592270E-001  0.72188184E-002  0.94351431E+000  0.22190492E+001  0.42387498E+001  0.59382045E+001
 -0.72867595E+000 -0.56804990E+000 -0.32575148E+000 -0.13712372E+000 -0.69434075E-001 -0.13592271E-001  0.72188186E-002  0.94351436E+000  0.22190493E+001  0.42387499E+001  0.59382046E+001
 -0.72867595E+000 -0.56804990E+000 -0.32575149E+000 -0.13712373E+000 -0.69434076E-001 -0.13592273E-001  0.72188189E-002  0.94351441E+000  0.22190493E+001  0.42387500E+001  0.59382047E+001
 -0.72867596E+000 -0.56804991E+000 -0.32575150E+000 -0.13712373E+000 -0.69434077E-001 -0.13592274E-001  0.72188191E-002  0.94351445E+000  0.22190494E+001  0.42387500E+001  0.59382048E+001
 -0.72867596E+000 -0.56804991E+000 -0.32575150E+000 -0.13712374E+000 -0.69434078E-001 -0.13592275E-001  0.72188193E-002  0.94351449E+000  0.22190494E+001  0.42387501E+001  0.59382048E+001
 -0.72867597E+000 -0.56804992E+000 -0.32575151E+000 -0.13712375E+000 -0.69434078E-001 -0.13592276E-001  0.72188195E-002  0.94351453E+000  0.22190495E+001  0.42387502E+001  0.59382049E+001
 -0.72867597E+000 -0.56804992E+000 -0.32575152E+000 -0.13712376E+000 -0.69434079E-001 -0.13592277E-001  0.72188196E-002  0.94351457E+000  0.22190495E+001  0.42387502E+001  0.59382050E+001
 -0.72867598E+000 -0.56804993E+000 -0.32575153E+000 -0.13712376E+000 -0.69434080E-001 -0.13592278E-001  0.72188198E-002  0.94351461E+000  0.22190496E+001  0.42387503E+001  0.59382050E+001
 -0.72867599E+000 -0.56804994E+000 -0.32575153E+000 -0.13712377E+000 -0.69434081E-001 -0.13592279E-001  0.72188200E-002  0.94351464E+000  0.22190496E+001  0.42387503E+001  0.59382051E+001
 -0.72867599E+000 -0.56804994E+000 -0.32575154E+000 -0.13712377E+000 -0.69434081E-001 -0.13592280E-001  0.72188201E-002  0.94351468E+000  0.22190497E+001  0.42387504E+001  0.59382052E+001
 -0.72867600E+000 -0.56804994E+000 -0.32575155E+000 -0.13712378E+000 -0.69434082E-001 -0.13592281E-001  0.72188203E-002  0.94351471E+000  0.22190497E+001  0.42387504E+001  0.59382052E+001
 -0.72867600E+000 -0.56804995E+000 -0.32575155E+000 -0.13712379E+000 -0.69434083E-001 -0.13592282E-001  0.72188204E-002  0.94351474E+000  0.22190498E+001  0.42387505E+001  0.59382053E+001
 -0.72867600E+000 -0.56804995E+000 -0.32575156E+000 -0.13712379E+000 -0.69434084E-001 -0.13592283E-001  0.72188206E-002  0.94351477E+000  0.22190498E+001  0.42387505E+001  0.59382054E+001
 -0.72867601E+000 -0.56804996E+000 -0.32575156E+000 -0.13712380E+000 -0.69434084E-001 -0.13592284E-001  0.72188207E-002  0.94351480E+000  0.22190498E+001  0.42387506E+001  0.59382054E+001
 -0.72867601E+000 -0.56804996E+000 -0.32575157E+000 -0.13712380E+000 -0.69434085E-001 -0.13592285E-001  0.72188208E-002  0.94351483E+000  0.22190499E+001  0.42387506E+001  0.59382055E+001
 -0.72867602E+000 -0.56804997E+000 -0.32575157E+000 -0.13712381E+000 -0.69434086E-001 -0.13592286E-001  0.72188209E-002  0.94351485E+000  0.22190499E+001  0.42387507E+001  0.59382055E+001
 -0.72867602E+000 -0.56804997E+000 -0.32575157E+000 -0.13712381E+000 -0.69434086E-001 -0.13592286E-001  0.72188211E-002  0.94351489E+000  0.22190500E+001  0.42387507E+001  0.59382056E+001
 -0.72867602E+000 -0.56804997E+000 -0.32575157E+000 -0.13712381E+000 -0.69434086E-001 -0.13592287E-001  0.72188213E-002  0.94351492E+000  0.22190500E+001  0.42387508E+001  0.59382057E+001
