  0.00000000E+000  0.00000000E+000  0.00000000E+000  0.00000000E+000  0.00000000E+000  0.00000000E+000  0.24733853E+001  0.31586267E+002  0.82760269E+002  0.20512650E+003  0.24463324E+003
  0.00000000E+000  0.00000000E+000  0.00000000E+000  0.00000000E+000  0.00000000E+000  0.00000000E+000  0.24734002E+001  0.31586373E+002  0.82760350E+002  0.20512653E+003  0.24463325E+003
  0.00000000E+000  0.00000000E+000  0.00000000E+000  0.00000000E+000  0.00000000E+000  0.00000000E+000  0.24734155E+001  0.31586475E+002  0.82760430E+002  0.20512655E+003  0.24463325E+003
  0.00000000E+000  0.00000000E+000  0.00000000E+000  0.00000000E+000  0.00000000E+000  0.00000000E+000  0.24734290E+001  0.31586568E+002  0.82760506E+002  0.20512657E+003  0.24463325E+003
  0.00000000E+000  0.00000000E+000  0.00000000E+000  0.00000000E+000  0.00000000E+000  0.00000000E+000  0.24734404E+001  0.31586650E+002  0.82760578E+002  0.20512659E+003  0.24463325E+003
  0.00000000E+000  0.00000000E+000  0.00000000E+000  0.00000000E+000  0.00000000E+000  0.00000000E+000  0.24734498E+001  0.31586723E+002  0.82760644E+002  0.20512661E+003  0.24463326E+003
  0.00000000E+000  0.00000000E+000  0.00000000E+000  0.00000000E+000  0.00000000E+000  0.00000000E+000  0.24734576E+001  0.31586787E+002  0.82760705E+002  0.20512662E+003  0.24463326E+003
  0.00000000E+000  0.00000000E+000  0.00000000E+000  0.00000000E+000  0.00000000E+000  0.00000000E+000  0.24734641E+001  0.31586843E+002  0.82760761E+002  0.20512664E+003  0.24463326E+003
  0.00000000E+000  0.00000000E+000  0.00000000E+000  0.00000000E+000  0.00000000E+000  0.00000000E+000  0.24734695E+001  0.31586892E+002  0.82760811E+002  0.20512666E+003  0.24463326E+003
  0.00000000E+000  0.00000000E+000  0.00000000E+000  0.00000000E+000  0.00000000E+000  0.00000000E+000  0.24734740E+001  0.31586936E+002  0.82760856E+002  0.20512667E+003  0.24463327E+003
  0.00000000E+000  0.00000000E+000  0.00000000E+000  0.00000000E+000  0.00000000E+000  0.00000000E+000  0.24734776E+001  0.31586974E+002  0.82760897E+002  0.20512668E+003  0.24463327E+003
  0.00000000E+000  0.00000000E+000  0.00000000E+000  0.00000000E+000  0.00000000E+000  0.00000000E+000  0.24734806E+001  0.31587007E+002  0.82760934E+002  0.20512670E+003  0.24463327E+003
  0.00000000E+000  0.00000000E+000  0.00000000E+000  0.00000000E+000  0.00000000E+000  0.00000000E+000  0.24734829E+001  0.31587036E+002  0.82760967E+002  0.20512671E+003  0.24463327E+003
  0.00000000E+000  0.00000000E+000  0.00000000E+000  0.00000000E+000  0.00000000E+000  0.00000000E+000  0.24734848E+001  0.31587062E+002  0.82760996E+002  0.20512672E+003  0.24463327E+003
  0.00000000E+000  0.00000000E+000  0.00000000E+000  0.00000000E+000  0.00000000E+000  0.00000000E+000  0.24734862E+001  0.31587084E+002  0.82761022E+002  0.20512673E+003  0.24463327E+003
  0.00000000E+000  0.00000000E+000  0.00000000E+000  0.00000000E+000  0.00000000E+000  0.00000000E+000  0.24734872E+001  0.31587104E+002  0.82761045E+002  0.20512674E+003  0.24463327E+003
  0.00000000E+000  0.00000000E+000  0.00000000E+000  0.00000000E+000  0.00000000E+000  0.00000000E+000  0.24734880E+001  0.31587121E+002  0.82761066E+002  0.20512675E+003  0.24463328E+003
  0.00000000E+000  0.00000000E+000  0.00000000E+000  0.00000000E+000  0.00000000E+000  0.00000000E+000  0.24734885E+001  0.31587137E+002  0.82761085E+002  0.20512676E+003  0.24463328E+003
  0.00000000E+000  0.00000000E+000  0.00000000E+000  0.00000000E+000  0.00000000E+000  0.00000000E+000  0.24734888E+001  0.31587150E+002  0.82761102E+002  0.20512677E+003  0.24463328E+003
  0.00000000E+000  0.00000000E+000  0.00000000E+000  0.00000000E+000  0.00000000E+000  0.00000000E+000  0.24734890E+001  0.31587162E+002  0.82761117E+002  0.20512677E+003  0.24463328E+003
  0.00000000E+000  0.00000000E+000  0.00000000E+000  0.00000000E+000  0.00000000E+000  0.00000000E+000  0.24734890E+001  0.31587173E+002  0.82761130E+002  0.20512678E+003  0.24463328E+003
  0.00000000E+000  0.00000000E+000  0.00000000E+000  0.00000000E+000  0.00000000E+000  0.00000000E+000  0.24734889E+001  0.31587183E+002  0.82761142E+002  0.20512679E+003  0.24463328E+003
  0.00000000E+000  0.00000000E+000  0.00000000E+000  0.00000000E+000  0.00000000E+000  0.00000000E+000  0.24734887E+001  0.31587192E+002  0.82761154E+002  0.20512679E+003  0.24463328E+003
  0.00000000E+000  0.00000000E+000  0.00000000E+000  0.00000000E+000  0.00000000E+000  0.00000000E+000  0.24734885E+001  0.31587200E+002  0.82761164E+002  0.20512680E+003  0.24463328E+003
  0.00000000E+000  0.00000000E+000  0.00000000E+000  0.00000000E+000  0.00000000E+000  0.00000000E+000  0.24734882E+001  0.31587207E+002  0.82761173E+002  0.20512680E+003  0.24463328E+003
  0.00000000E+000  0.00000000E+000  0.00000000E+000  0.00000000E+000  0.00000000E+000  0.00000000E+000  0.24734879E+001  0.31587214E+002  0.82761182E+002  0.20512681E+003  0.24463328E+003
  0.00000000E+000  0.00000000E+000  0.00000000E+000  0.00000000E+000  0.00000000E+000  0.00000000E+000  0.24734876E+001  0.31587220E+002  0.82761190E+002  0.20512681E+003  0.24463328E+003
  0.00000000E+000  0.00000000E+000  0.00000000E+000  0.00000000E+000  0.00000000E+000  0.00000000E+000  0.24734873E+001  0.31587226E+002  0.82761198E+002  0.20512682E+003  0.24463328E+003
  0.00000000E+000  0.00000000E+000  0.00000000E+000  0.00000000E+000  0.00000000E+000  0.00000000E+000  0.24734871E+001  0.31587232E+002  0.82761205E+002  0.20512682E+003  0.24463328E+003
  0.00000000E+000  0.00000000E+000  0.00000000E+000  0.00000000E+000  0.00000000E+000  0.00000000E+000  0.24734868E+001  0.31587237E+002  0.82761212E+002  0.20512683E+003  0.24463328E+003
  0.00000000E+000  0.00000000E+000  0.00000000E+000  0.00000000E+000  0.00000000E+000  0.00000000E+000  0.24734866E+001  0.31587242E+002  0.82761219E+002  0.20512683E+003  0.24463328E+003
  0.00000000E+000  0.00000000E+000  0.00000000E+000  0.00000000E+000  0.00000000E+000  0.00000000E+000  0.24734864E+001  0.31587247E+002  0.82761226E+002  0.20512684E+003  0.24463328E+003
  0.00000000E+000  0.00000000E+000  0.00000000E+000  0.00000000E+000  0.00000000E+000  0.00000000E+000  0.24734863E+001  0.31587252E+002  0.82761232E+002  0.20512684E+003  0.24463328E+003
  0.00000000E+000  0.00000000E+000  0.00000000E+000  0.00000000E+000  0.00000000E+000  0.00000000E+000  0.24734862E+001  0.31587256E+002  0.82761239E+002  0.20512685E+003  0.24463328E+003
  0.00000000E+000  0.00000000E+000  0.00000000E+000  0.00000000E+000  0.00000000E+000  0.00000000E+000  0.24734863E+001  0.31587261E+002  0.82761245E+002  0.20512685E+003  0.24463328E+003
  0.00000000E+000  0.00000000E+000  0.00000000E+000  0.00000000E+000  0.00000000E+000  0.00000000E+000  0.24734864E+001  0.31587265E+002  0.82761251E+002  0.20512685E+003  0.24463328E+003
  0.00000000E+000  0.00000000E+000  0.00000000E+000  0.00000000E+000  0.00000000E+000  0.00000000E+000  0.24734865E+001  0.31587269E+002  0.82761258E+002  0.20512686E+003  0.24463328E+003
  0.00000000E+000  0.00000000E+000  0.00000000E+000  0.00000000E+000  0.00000000E+000  0.00000000E+000  0.24734868E+001  0.31587274E+002  0.82761264E+002  0.20512686E+003  0.24463328E+003
  0.00000000E+000  0.00000000E+000  0.00000000E+000  0.00000000E+000  0.00000000E+000  0.00000000E+000  0.24734871E+001  0.31587278E+002  0.82761271E+002  0.20512686E+003  0.24463328E+003
  0.00000000E+000  0.00000000E+000  0.00000000E+000  0.00000000E+000  0.00000000E+000  0.00000000E+000  0.24734876E+001  0.31587282E+002  0.82761277E+002  0.20512687E+003  0.24463328E+003
  0.00000000E+000  0.00000000E+000  0.00000000E+000  0.00000000E+000  0.00000000E+000  0.00000000E+000  0.24734881E+001  0.31587286E+002  0.82761284E+002  0.20512687E+003  0.24463328E+003
  0.00000000E+000  0.00000000E+000  0.00000000E+000  0.00000000E+000  0.00000000E+000  0.00000000E+000  0.24734887E+001  0.31587290E+002  0.82761291E+002  0.20512688E+003  0.24463328E+003
  0.00000000E+000  0.00000000E+000  0.00000000E+000  0.00000000E+000  0.00000000E+000  0.00000000E+000  0.24734894E+001  0.31587295E+002  0.82761298E+002  0.20512688E+003  0.24463328E+003
  0.00000000E+000  0.00000000E+000  0.00000000E+000  0.00000000E+000  0.00000000E+000  0.00000000E+000  0.24734902E+001  0.31587299E+002  0.82761305E+002  0.20512688E+003  0.24463328E+003
  0.00000000E+000  0.00000000E+000  0.00000000E+000  0.00000000E+000  0.00000000E+000  0.00000000E+000  0.24734911E+001  0.31587303E+002  0.82761313E+002  0.20512689E+003  0.24463328E+003
  0.00000000E+000  0.00000000E+000  0.00000000E+000  0.00000000E+000  0.00000000E+000  0.00000000E+000  0.24734921E+001  0.31587307E+002  0.82761321E+002  0.20512689E+003  0.24463328E+003
  0.00000000E+000  0.00000000E+000  0.00000000E+000  0.00000000E+000  0.00000000E+000  0.00000000E+000  0.24734931E+001  0.31587311E+002  0.82761329E+002  0.20512690E+003  0.24463328E+003
  0.00000000E+000  0.00000000E+000  0.00000000E+000  0.00000000E+000  0.00000000E+000  0.00000000E+000  0.24734941E+001  0.31587315E+002  0.82761337E+002  0.20512690E+003  0.24463328E+003
  0.00000000E+000  0.00000000E+000  0.00000000E+000  0.00000000E+000  0.00000000E+000  0.00000000E+000  0.24734952E+001  0.31587319E+002  0.82761345E+002  0.20512690E+003  0.24463328E+003
  0.00000000E+000  0.00000000E+000  0.00000000E+000  0.00000000E+000  0.00000000E+000  0.00000000E+000  0.24734963E+001  0.31587324E+002  0.82761354E+002  0.20512691E+003  0.24463328E+003
  0.00000000E+000  0.00000000E+000  0.00000000E+000  0.00000000E+000  0.00000000E+000  0.00000000E+000  0.24734974E+001  0.31587328E+002  0.82761363E+002  0.20512691E+003  0.24463328E+003
  0.00000000E+000  0.00000000E+000  0.00000000E+000  0.00000000E+000  0.00000000E+000  0.00000000E+000  0.24734985E+001  0.31587332E+002  0.82761372E+002  0.20512692E+003  0.24463328E+003
  0.00000000E+000  0.00000000E+000  0.00000000E+000  0.00000000E+000  0.00000000E+000  0.00000000E+000  0.24734995E+001  0.31587336E+002  0.82761382E+002  0.20512692E+003  0.24463328E+003
  0.00000000E+000  0.00000000E+000  0.00000000E+000  0.00000000E+000  0.00000000E+000  0.00000000E+000  0.24735005E+001  0.31587341E+002  0.82761392E+002  0.20512693E+003  0.24463327E+003
  0.00000000E+000  0.00000000E+000  0.00000000E+000  0.00000000E+000  0.00000000E+000  0.00000000E+000  0.24735014E+001  0.31587345E+002  0.82761402E+002  0.20512694E+003  0.24463327E+003
  0.00000000E+000  0.00000000E+000  0.00000000E+000  0.00000000E+000  0.00000000E+000  0.00000000E+000  0.24735022E+001  0.31587350E+002  0.82761412E+002  0.20512694E+003  0.24463327E+003
  0.00000000E+000  0.00000000E+000  0.00000000E+000  0.00000000E+000  0.00000000E+000  0.00000000E+000  0.24735029E+001  0.31587355E+002  0.82761423E+002  0.20512695E+003  0.24463327E+003
  0.00000000E+000  0.00000000E+000  0.00000000E+000  0.00000000E+000  0.00000000E+000  0.00000000E+000  0.24735033E+001  0.31587359E+002  0.82761434E+002  0.20512695E+003  0.24463327E+003
  0.00000000E+000  0.00000000E+000  0.00000000E+000  0.00000000E+000  0.00000000E+000  0.00000000E+000  0.24735037E+001  0.31587364E+002  0.82761446E+002  0.20512696E+003  0.24463327E+003
  0.00000000E+000  0.00000000E+000  0.00000000E+000  0.00000000E+000  0.00000000E+000  0.00000000E+000  0.24735038E+001  0.31587369E+002  0.82761458E+002  0.20512697E+003  0.24463327E+003
  0.00000000E+000  0.00000000E+000  0.00000000E+000  0.00000000E+000  0.00000000E+000  0.00000000E+000  0.24735036E+001  0.31587374E+002  0.82761470E+002  0.20512697E+003  0.24463327E+003
  0.00000000E+000  0.00000000E+000  0.00000000E+000  0.00000000E+000  0.00000000E+000  0.00000000E+000  0.24735033E+001  0.31587380E+002  0.82761482E+002  0.20512698E+003  0.24463327E+003
  0.00000000E+000  0.00000000E+000  0.00000000E+000  0.00000000E+000  0.00000000E+000  0.00000000E+000  0.24735027E+001  0.31587385E+002  0.82761495E+002  0.20512699E+003  0.24463327E+003
  0.00000000E+000  0.00000000E+000  0.00000000E+000  0.00000000E+000  0.00000000E+000  0.00000000E+000  0.24735019E+001  0.31587390E+002  0.82761508E+002  0.20512700E+003  0.24463327E+003
  0.00000000E+000  0.00000000E+000  0.00000000E+000  0.00000000E+000  0.00000000E+000  0.00000000E+000  0.24735008E+001  0.31587396E+002  0.82761521E+002  0.20512700E+003  0.24463327E+003
  0.00000000E+000  0.00000000E+000  0.00000000E+000  0.00000000E+000  0.00000000E+000  0.00000000E+000  0.24734994E+001  0.31587401E+002  0.82761535E+002  0.20512701E+003  0.24463327E+003
  0.00000000E+000  0.00000000E+000  0.00000000E+000  0.00000000E+000  0.00000000E+000  0.00000000E+000  0.24734979E+001  0.31587407E+002  0.82761549E+002  0.20512702E+003  0.24463327E+003
  0.00000000E+000  0.00000000E+000  0.00000000E+000  0.00000000E+000  0.00000000E+000  0.00000000E+000  0.24734961E+001  0.31587413E+002  0.82761564E+002  0.20512703E+003  0.24463327E+003
  0.00000000E+000  0.00000000E+000  0.00000000E+000  0.00000000E+000  0.00000000E+000  0.00000000E+000  0.24734941E+001  0.31587418E+002  0.82761579E+002  0.20512704E+003  0.24463327E+003
  0.00000000E+000  0.00000000E+000  0.00000000E+000  0.00000000E+000  0.00000000E+000  0.00000000E+000  0.24734919E+001  0.31587424E+002  0.82761594E+002  0.20512705E+003  0.24463327E+003
  0.00000000E+000  0.00000000E+000  0.00000000E+000  0.00000000E+000  0.00000000E+000  0.00000000E+000  0.24734895E+001  0.31587430E+002  0.82761610E+002  0.20512706E+003  0.24463327E+003
  0.00000000E+000  0.00000000E+000  0.00000000E+000  0.00000000E+000  0.00000000E+000  0.00000000E+000  0.24734870E+001  0.31587436E+002  0.82761626E+002  0.20512707E+003  0.24463327E+003
  0.00000000E+000  0.00000000E+000  0.00000000E+000  0.00000000E+000  0.00000000E+000  0.00000000E+000  0.24734844E+001  0.31587443E+002  0.82761642E+002  0.20512708E+003  0.24463327E+003
  0.00000000E+000  0.00000000E+000  0.00000000E+000  0.00000000E+000  0.00000000E+000  0.00000000E+000  0.24734817E+001  0.31587449E+002  0.82761659E+002  0.20512709E+003  0.24463327E+003
  0.00000000E+000  0.00000000E+000  0.00000000E+000  0.00000000E+000  0.00000000E+000  0.00000000E+000  0.24734789E+001  0.31587455E+002  0.82761676E+002  0.20512711E+003  0.24463327E+003
  0.00000000E+000  0.00000000E+000  0.00000000E+000  0.00000000E+000  0.00000000E+000  0.00000000E+000  0.24734761E+001  0.31587461E+002  0.82761694E+002  0.20512712E+003  0.24463327E+003
  0.00000000E+000  0.00000000E+000  0.00000000E+000  0.00000000E+000  0.00000000E+000  0.00000000E+000  0.24734732E+001  0.31587468E+002  0.82761712E+002  0.20512713E+003  0.24463327E+003
  0.00000000E+000  0.00000000E+000  0.00000000E+000  0.00000000E+000  0.00000000E+000  0.00000000E+000  0.24734704E+001  0.31587474E+002  0.82761730E+002  0.20512714E+003  0.24463327E+003
  0.00000000E+000  0.00000000E+000  0.00000000E+000  0.00000000E+000  0.00000000E+000  0.00000000E+000  0.24734676E+001  0.31587480E+002  0.82761749E+002  0.20512716E+003  0.24463327E+003
  0.00000000E+000  0.00000000E+000  0.00000000E+000  0.00000000E+000  0.00000000E+000  0.00000000E+000  0.24734648E+001  0.31587486E+002  0.82761769E+002  0.20512717E+003  0.24463327E+003
  0.00000000E+000  0.00000000E+000  0.00000000E+000  0.00000000E+000  0.00000000E+000  0.00000000E+000  0.24734621E+001  0.31587492E+002  0.82761788E+002  0.20512719E+003  0.24463327E+003
  0.00000000E+000  0.00000000E+000  0.00000000E+000  0.00000000E+000  0.00000000E+000  0.00000000E+000  0.24734594E+001  0.31587498E+002  0.82761808E+002  0.20512720E+003  0.24463327E+003
  0.00000000E+000  0.00000000E+000  0.00000000E+000  0.00000000E+000  0.00000000E+000  0.00000000E+000  0.24734569E+001  0.31587503E+002  0.82761828E+002  0.20512722E+003  0.24463327E+003
  0.00000000E+000  0.00000000E+000  0.00000000E+000  0.00000000E+000  0.00000000E+000  0.00000000E+000  0.24734544E+001  0.31587508E+002  0.82761849E+002  0.20512724E+003  0.24463327E+003
  0.00000000E+000  0.00000000E+000  0.00000000E+000  0.00000000E+000  0.00000000E+000  0.00000000E+000  0.24734521E+001  0.31587513E+002  0.82761870E+002  0.20512725E+003  0.24463327E+003
  0.00000000E+000  0.00000000E+000  0.00000000E+000  0.00000000E+000  0.00000000E+000  0.00000000E+000  0.24734498E+001  0.31587517E+002  0.82761892E+002  0.20512727E+003  0.24463327E+003
  0.00000000E+000  0.00000000E+000  0.00000000E+000  0.00000000E+000  0.00000000E+000  0.00000000E+000  0.24734476E+001  0.31587521E+002  0.82761913E+002  0.20512729E+003  0.24463327E+003
  0.00000000E+000  0.00000000E+000  0.00000000E+000  0.00000000E+000  0.00000000E+000  0.00000000E+000  0.24734456E+001  0.31587524E+002  0.82761935E+002  0.20512731E+003  0.24463327E+003
  0.00000000E+000  0.00000000E+000  0.00000000E+000  0.00000000E+000  0.00000000E+000  0.00000000E+000  0.24734436E+001  0.31587527E+002  0.82761957E+002  0.20512733E+003  0.24463328E+003
  0.00000000E+000  0.00000000E+000  0.00000000E+000  0.00000000E+000  0.00000000E+000  0.00000000E+000  0.24734417E+001  0.31587529E+002  0.82761980E+002  0.20512735E+003  0.24463328E+003
  0.00000000E+000  0.00000000E+000  0.00000000E+000  0.00000000E+000  0.00000000E+000  0.00000000E+000  0.24734399E+001  0.31587531E+002  0.82762002E+002  0.20512737E+003  0.24463328E+003
  0.00000000E+000  0.00000000E+000  0.00000000E+000  0.00000000E+000  0.00000000E+000  0.00000000E+000  0.24734382E+001  0.31587531E+002  0.82762025E+002  0.20512739E+003  0.24463328E+003
  0.00000000E+000  0.00000000E+000  0.00000000E+000  0.00000000E+000  0.00000000E+000  0.00000000E+000  0.24734366E+001  0.31587532E+002  0.82762048E+002  0.20512741E+003  0.24463328E+003
  0.00000000E+000  0.00000000E+000  0.00000000E+000  0.00000000E+000  0.00000000E+000  0.00000000E+000  0.24734351E+001  0.31587531E+002  0.82762071E+002  0.20512744E+003  0.24463328E+003
  0.00000000E+000  0.00000000E+000  0.00000000E+000  0.00000000E+000  0.00000000E+000  0.00000000E+000  0.24734336E+001  0.31587530E+002  0.82762094E+002  0.20512746E+003  0.24463328E+003
  0.00000000E+000  0.00000000E+000  0.00000000E+000  0.00000000E+000  0.00000000E+000  0.00000000E+000  0.24734322E+001  0.31587528E+002  0.82762117E+002  0.20512749E+003  0.24463328E+003
  0.00000000E+000  0.00000000E+000  0.00000000E+000  0.00000000E+000  0.00000000E+000  0.00000000E+000  0.24734308E+001  0.31587525E+002  0.82762140E+002  0.20512751E+003  0.24463328E+003
  0.00000000E+000  0.00000000E+000  0.00000000E+000  0.00000000E+000  0.00000000E+000  0.00000000E+000  0.24734295E+001  0.31587522E+002  0.82762163E+002  0.20512754E+003  0.24463328E+003
  0.00000000E+000  0.00000000E+000  0.00000000E+000  0.00000000E+000  0.00000000E+000  0.00000000E+000  0.24734282E+001  0.31587518E+002  0.82762186E+002  0.20512757E+003  0.24463329E+003
  0.00000000E+000  0.00000000E+000  0.00000000E+000  0.00000000E+000  0.00000000E+000  0.00000000E+000  0.24734270E+001  0.31587513E+002  0.82762209E+002  0.20512760E+003  0.24463329E+003
  0.00000000E+000  0.00000000E+000  0.00000000E+000  0.00000000E+000  0.00000000E+000  0.00000000E+000  0.24734258E+001  0.31587506E+002  0.82762231E+002  0.20512763E+003  0.24463329E+003
  0.00000000E+000  0.00000000E+000  0.00000000E+000  0.00000000E+000  0.00000000E+000  0.00000000E+000  0.24734246E+001  0.31587500E+002  0.82762253E+002  0.20512766E+003  0.24463329E+003
  0.00000000E+000  0.00000000E+000  0.00000000E+000  0.00000000E+000  0.00000000E+000  0.00000000E+000  0.24734235E+001  0.31587492E+002  0.82762275E+002  0.20512769E+003  0.24463329E+003
  0.00000000E+000  0.00000000E+000  0.00000000E+000  0.00000000E+000  0.00000000E+000  0.00000000E+000  0.24734224E+001  0.31587483E+002  0.82762297E+002  0.20512772E+003  0.24463329E+003
  0.00000000E+000  0.00000000E+000  0.00000000E+000  0.00000000E+000  0.00000000E+000  0.00000000E+000  0.24734213E+001  0.31587473E+002  0.82762318E+002  0.20512775E+003  0.24463329E+003
  0.00000000E+000  0.00000000E+000  0.00000000E+000  0.00000000E+000  0.00000000E+000  0.00000000E+000  0.24734203E+001  0.31587462E+002  0.82762338E+002  0.20512779E+003  0.24463330E+003
  0.00000000E+000  0.00000000E+000  0.00000000E+000  0.00000000E+000  0.00000000E+000  0.00000000E+000  0.24734192E+001  0.31587450E+002  0.82762358E+002  0.20512782E+003  0.24463330E+003
  0.00000000E+000  0.00000000E+000  0.00000000E+000  0.00000000E+000  0.00000000E+000  0.00000000E+000  0.24734182E+001  0.31587438E+002  0.82762377E+002  0.20512786E+003  0.24463330E+003
  0.00000000E+000  0.00000000E+000  0.00000000E+000  0.00000000E+000  0.00000000E+000  0.00000000E+000  0.24734172E+001  0.31587424E+002  0.82762395E+002  0.20512790E+003  0.24463330E+003
  0.00000000E+000  0.00000000E+000  0.00000000E+000  0.00000000E+000  0.00000000E+000  0.00000000E+000  0.24734163E+001  0.31587409E+002  0.82762413E+002  0.20512794E+003  0.24463330E+003
  0.00000000E+000  0.00000000E+000  0.00000000E+000  0.00000000E+000  0.00000000E+000  0.00000000E+000  0.24734153E+001  0.31587393E+002  0.82762430E+002  0.20512798E+003  0.24463331E+003
  0.00000000E+000  0.00000000E+000  0.00000000E+000  0.00000000E+000  0.00000000E+000  0.00000000E+000  0.24734144E+001  0.31587377E+002  0.82762446E+002  0.20512802E+003  0.24463331E+003
  0.00000000E+000  0.00000000E+000  0.00000000E+000  0.00000000E+000  0.00000000E+000  0.00000000E+000  0.24734134E+001  0.31587359E+002  0.82762460E+002  0.20512806E+003  0.24463331E+003
  0.00000000E+000  0.00000000E+000  0.00000000E+000  0.00000000E+000  0.00000000E+000  0.00000000E+000  0.24734125E+001  0.31587341E+002  0.82762474E+002  0.20512810E+003  0.24463331E+003
  0.00000000E+000  0.00000000E+000  0.00000000E+000  0.00000000E+000  0.00000000E+000  0.00000000E+000  0.24734117E+001  0.31587321E+002  0.82762486E+002  0.20512815E+003  0.24463331E+003
  0.00000000E+000  0.00000000E+000  0.00000000E+000  0.00000000E+000  0.00000000E+000  0.00000000E+000  0.24734108E+001  0.31587301E+002  0.82762497E+002  0.20512819E+003  0.24463332E+003
  0.00000000E+000  0.00000000E+000  0.00000000E+000  0.00000000E+000  0.00000000E+000  0.00000000E+000  0.24734100E+001  0.31587280E+002  0.82762507E+002  0.20512823E+003  0.24463332E+003
  0.00000000E+000  0.00000000E+000  0.00000000E+000  0.00000000E+000  0.00000000E+000  0.00000000E+000  0.24734091E+001  0.31587259E+002  0.82762516E+002  0.20512828E+003  0.24463332E+003
  0.00000000E+000  0.00000000E+000  0.00000000E+000  0.00000000E+000  0.00000000E+000  0.00000000E+000  0.24734083E+001  0.31587237E+002  0.82762522E+002  0.20512833E+003  0.24463332E+003
  0.00000000E+000  0.00000000E+000  0.00000000E+000  0.00000000E+000  0.00000000E+000  0.00000000E+000  0.24734075E+001  0.31587214E+002  0.82762528E+002  0.20512837E+003  0.24463333E+003
  0.00000000E+000  0.00000000E+000  0.00000000E+000  0.00000000E+000  0.00000000E+000  0.00000000E+000  0.24734068E+001  0.31587191E+002  0.82762531E+002  0.20512842E+003  0.24463333E+003
  0.00000000E+000  0.00000000E+000  0.00000000E+000  0.00000000E+000  0.00000000E+000  0.00000000E+000  0.24734060E+001  0.31587167E+002  0.82762533E+002  0.20512847E+003  0.24463333E+003
  0.00000000E+000  0.00000000E+000  0.00000000E+000  0.00000000E+000  0.00000000E+000  0.00000000E+000  0.24734053E+001  0.31587143E+002  0.82762533E+002  0.20512852E+003  0.24463333E+003
  0.00000000E+000  0.00000000E+000  0.00000000E+000  0.00000000E+000  0.00000000E+000  0.00000000E+000  0.24734046E+001  0.31587119E+002  0.82762532E+002  0.20512856E+003  0.24463334E+003
  0.00000000E+000  0.00000000E+000  0.00000000E+000  0.00000000E+000  0.00000000E+000  0.00000000E+000  0.24734039E+001  0.31587095E+002  0.82762528E+002  0.20512861E+003  0.24463334E+003
  0.00000000E+000  0.00000000E+000  0.00000000E+000  0.00000000E+000  0.00000000E+000  0.00000000E+000  0.24734032E+001  0.31587070E+002  0.82762522E+002  0.20512866E+003  0.24463334E+003
  0.00000000E+000  0.00000000E+000  0.00000000E+000  0.00000000E+000  0.00000000E+000  0.00000000E+000  0.24734026E+001  0.31587046E+002  0.82762515E+002  0.20512871E+003  0.24463335E+003
  0.00000000E+000  0.00000000E+000  0.00000000E+000  0.00000000E+000  0.00000000E+000  0.00000000E+000  0.24734019E+001  0.31587021E+002  0.82762505E+002  0.20512876E+003  0.24463335E+003
  0.00000000E+000  0.00000000E+000  0.00000000E+000  0.00000000E+000  0.00000000E+000  0.00000000E+000  0.24734013E+001  0.31586997E+002  0.82762493E+002  0.20512881E+003  0.24463335E+003
  0.00000000E+000  0.00000000E+000  0.00000000E+000  0.00000000E+000  0.00000000E+000  0.00000000E+000  0.24734007E+001  0.31586973E+002  0.82762480E+002  0.20512886E+003  0.24463335E+003
  0.00000000E+000  0.00000000E+000  0.00000000E+000  0.00000000E+000  0.00000000E+000  0.00000000E+000  0.24734001E+001  0.31586949E+002  0.82762464E+002  0.20512891E+003  0.24463336E+003
  0.00000000E+000  0.00000000E+000  0.00000000E+000  0.00000000E+000  0.00000000E+000  0.00000000E+000  0.24733996E+001  0.31586925E+002  0.82762446E+002  0.20512895E+003  0.24463336E+003
  0.00000000E+000  0.00000000E+000  0.00000000E+000  0.00000000E+000  0.00000000E+000  0.00000000E+000  0.24733990E+001  0.31586901E+002  0.82762425E+002  0.20512900E+003  0.24463336E+003
  0.00000000E+000  0.00000000E+000  0.00000000E+000  0.00000000E+000  0.00000000E+000  0.00000000E+000  0.24733985E+001  0.31586878E+002  0.82762403E+002  0.20512905E+003  0.24463337E+003
  0.00000000E+000  0.00000000E+000  0.00000000E+000  0.00000000E+000  0.00000000E+000  0.00000000E+000  0.24733980E+001  0.31586856E+002  0.82762379E+002  0.20512909E+003  0.24463337E+003
  0.00000000E+000  0.00000000E+000  0.00000000E+000  0.00000000E+000  0.00000000E+000  0.00000000E+000  0.24733975E+001  0.31586833E+002  0.82762353E+002  0.20512914E+003  0.24463337E+003
  0.00000000E+000  0.00000000E+000  0.00000000E+000  0.00000000E+000  0.00000000E+000  0.00000000E+000  0.24733970E+001  0.31586812E+002  0.82762324E+002  0.20512918E+003  0.24463338E+003
  0.00000000E+000  0.00000000E+000  0.00000000E+000  0.00000000E+000  0.00000000E+000  0.00000000E+000  0.24733965E+001  0.31586790E+002  0.82762294E+002  0.20512922E+003  0.24463338E+003
  0.00000000E+000  0.00000000E+000  0.00000000E+000  0.00000000E+000  0.00000000E+000  0.00000000E+000  0.24733961E+001  0.31586770E+002  0.82762262E+002  0.20512926E+003  0.24463338E+003
  0.00000000E+000  0.00000000E+000  0.00000000E+000  0.00000000E+000  0.00000000E+000  0.00000000E+000  0.24733957E+001  0.31586749E+002  0.82762228E+002  0.20512930E+003  0.24463339E+003
  0.00000000E+000  0.00000000E+000  0.00000000E+000  0.00000000E+000  0.00000000E+000  0.00000000E+000  0.24733952E+001  0.31586730E+002  0.82762193E+002  0.20512934E+003  0.24463339E+003
  0.00000000E+000  0.00000000E+000  0.00000000E+000  0.00000000E+000  0.00000000E+000  0.00000000E+000  0.24733948E+001  0.31586711E+002  0.82762156E+002  0.20512937E+003  0.24463339E+003
  0.00000000E+000  0.00000000E+000  0.00000000E+000  0.00000000E+000  0.00000000E+000  0.00000000E+000  0.24733945E+001  0.31586692E+002  0.82762117E+002  0.20512940E+003  0.24463340E+003
  0.00000000E+000  0.00000000E+000  0.00000000E+000  0.00000000E+000  0.00000000E+000  0.00000000E+000  0.24733941E+001  0.31586674E+002  0.82762077E+002  0.20512943E+003  0.24463340E+003
  0.00000000E+000  0.00000000E+000  0.00000000E+000  0.00000000E+000  0.00000000E+000  0.00000000E+000  0.24733937E+001  0.31586657E+002  0.82762036E+002  0.20512946E+003  0.24463340E+003
  0.00000000E+000  0.00000000E+000  0.00000000E+000  0.00000000E+000  0.00000000E+000  0.00000000E+000  0.24733934E+001  0.31586640E+002  0.82761994E+002  0.20512949E+003  0.24463340E+003
  0.00000000E+000  0.00000000E+000  0.00000000E+000  0.00000000E+000  0.00000000E+000  0.00000000E+000  0.24733930E+001  0.31586624E+002  0.82761951E+002  0.20512951E+003  0.24463341E+003
  0.00000000E+000  0.00000000E+000  0.00000000E+000  0.00000000E+000  0.00000000E+000  0.00000000E+000  0.24733927E+001  0.31586609E+002  0.82761907E+002  0.20512953E+003  0.24463341E+003
  0.00000000E+000  0.00000000E+000  0.00000000E+000  0.00000000E+000  0.00000000E+000  0.00000000E+000  0.24733924E+001  0.31586593E+002  0.82761863E+002  0.20512955E+003  0.24463341E+003
  0.00000000E+000  0.00000000E+000  0.00000000E+000  0.00000000E+000  0.00000000E+000  0.00000000E+000  0.24733921E+001  0.31586579E+002  0.82761817E+002  0.20512956E+003  0.24463342E+003
  0.00000000E+000  0.00000000E+000  0.00000000E+000  0.00000000E+000  0.00000000E+000  0.00000000E+000  0.24733918E+001  0.31586565E+002  0.82761772E+002  0.20512957E+003  0.24463342E+003
  0.00000000E+000  0.00000000E+000  0.00000000E+000  0.00000000E+000  0.00000000E+000  0.00000000E+000  0.24733915E+001  0.31586552E+002  0.82761726E+002  0.20512958E+003  0.24463342E+003
  0.00000000E+000  0.00000000E+000  0.00000000E+000  0.00000000E+000  0.00000000E+000  0.00000000E+000  0.24733913E+001  0.31586539E+002  0.82761680E+002  0.20512958E+003  0.24463342E+003
  0.00000000E+000  0.00000000E+000  0.00000000E+000  0.00000000E+000  0.00000000E+000  0.00000000E+000  0.24733910E+001  0.31586526E+002  0.82761634E+002  0.20512958E+003  0.24463342E+003
  0.00000000E+000  0.00000000E+000  0.00000000E+000  0.00000000E+000  0.00000000E+000  0.00000000E+000  0.24733908E+001  0.31586515E+002  0.82761589E+002  0.20512958E+003  0.24463343E+003
  0.00000000E+000  0.00000000E+000  0.00000000E+000  0.00000000E+000  0.00000000E+000  0.00000000E+000  0.24733905E+001  0.31586503E+002  0.82761543E+002  0.20512957E+003  0.24463343E+003
  0.00000000E+000  0.00000000E+000  0.00000000E+000  0.00000000E+000  0.00000000E+000  0.00000000E+000  0.24733903E+001  0.31586492E+002  0.82761498E+002  0.20512956E+003  0.24463343E+003
  0.00000000E+000  0.00000000E+000  0.00000000E+000  0.00000000E+000  0.00000000E+000  0.00000000E+000  0.24733901E+001  0.31586482E+002  0.82761453E+002  0.20512955E+003  0.24463343E+003
  0.00000000E+000  0.00000000E+000  0.00000000E+000  0.00000000E+000  0.00000000E+000  0.00000000E+000  0.24733899E+001  0.31586472E+002  0.82761409E+002  0.20512953E+003  0.24463343E+003
  0.00000000E+000  0.00000000E+000  0.00000000E+000  0.00000000E+000  0.00000000E+000  0.00000000E+000  0.24733897E+001  0.31586462E+002  0.82761366E+002  0.20512951E+003  0.24463343E+003
  0.00000000E+000  0.00000000E+000  0.00000000E+000  0.00000000E+000  0.00000000E+000  0.00000000E+000  0.24733895E+001  0.31586453E+002  0.82761323E+002  0.20512949E+003  0.24463343E+003
  0.00000000E+000  0.00000000E+000  0.00000000E+000  0.00000000E+000  0.00000000E+000  0.00000000E+000  0.24733893E+001  0.31586444E+002  0.82761281E+002  0.20512946E+003  0.24463343E+003
  0.00000000E+000  0.00000000E+000  0.00000000E+000  0.00000000E+000  0.00000000E+000  0.00000000E+000  0.24733891E+001  0.31586436E+002  0.82761240E+002  0.20512943E+003  0.24463343E+003
  0.00000000E+000  0.00000000E+000  0.00000000E+000  0.00000000E+000  0.00000000E+000  0.00000000E+000  0.24733889E+001  0.31586428E+002  0.82761200E+002  0.20512939E+003  0.24463343E+003
  0.00000000E+000  0.00000000E+000  0.00000000E+000  0.00000000E+000  0.00000000E+000  0.00000000E+000  0.24733888E+001  0.31586420E+002  0.82761161E+002  0.20512936E+003  0.24463343E+003
  0.00000000E+000  0.00000000E+000  0.00000000E+000  0.00000000E+000  0.00000000E+000  0.00000000E+000  0.24733886E+001  0.31586413E+002  0.82761123E+002  0.20512932E+003  0.24463343E+003
  0.00000000E+000  0.00000000E+000  0.00000000E+000  0.00000000E+000  0.00000000E+000  0.00000000E+000  0.24733884E+001  0.31586406E+002  0.82761086E+002  0.20512927E+003  0.24463343E+003
  0.00000000E+000  0.00000000E+000  0.00000000E+000  0.00000000E+000  0.00000000E+000  0.00000000E+000  0.24733883E+001  0.31586399E+002  0.82761050E+002  0.20512923E+003  0.24463343E+003
  0.00000000E+000  0.00000000E+000  0.00000000E+000  0.00000000E+000  0.00000000E+000  0.00000000E+000  0.24733881E+001  0.31586393E+002  0.82761016E+002  0.20512918E+003  0.24463343E+003
  0.00000000E+000  0.00000000E+000  0.00000000E+000  0.00000000E+000  0.00000000E+000  0.00000000E+000  0.24733880E+001  0.31586387E+002  0.82760982E+002  0.20512913E+003  0.24463343E+003
  0.00000000E+000  0.00000000E+000  0.00000000E+000  0.00000000E+000  0.00000000E+000  0.00000000E+000  0.24733879E+001  0.31586381E+002  0.82760949E+002  0.20512907E+003  0.24463342E+003
  0.00000000E+000  0.00000000E+000  0.00000000E+000  0.00000000E+000  0.00000000E+000  0.00000000E+000  0.24733877E+001  0.31586375E+002  0.82760918E+002  0.20512902E+003  0.24463342E+003
  0.00000000E+000  0.00000000E+000  0.00000000E+000  0.00000000E+000  0.00000000E+000  0.00000000E+000  0.24733876E+001  0.31586370E+002  0.82760888E+002  0.20512896E+003  0.24463342E+003
  0.00000000E+000  0.00000000E+000  0.00000000E+000  0.00000000E+000  0.00000000E+000  0.00000000E+000  0.24733875E+001  0.31586365E+002  0.82760859E+002  0.20512890E+003  0.24463342E+003
  0.00000000E+000  0.00000000E+000  0.00000000E+000  0.00000000E+000  0.00000000E+000  0.00000000E+000  0.24733874E+001  0.31586360E+002  0.82760831E+002  0.20512884E+003  0.24463342E+003
  0.00000000E+000  0.00000000E+000  0.00000000E+000  0.00000000E+000  0.00000000E+000  0.00000000E+000  0.24733873E+001  0.31586355E+002  0.82760804E+002  0.20512878E+003  0.24463341E+003
  0.00000000E+000  0.00000000E+000  0.00000000E+000  0.00000000E+000  0.00000000E+000  0.00000000E+000  0.24733872E+001  0.31586351E+002  0.82760778E+002  0.20512872E+003  0.24463341E+003
  0.00000000E+000  0.00000000E+000  0.00000000E+000  0.00000000E+000  0.00000000E+000  0.00000000E+000  0.24733871E+001  0.31586347E+002  0.82760753E+002  0.20512865E+003  0.24463341E+003
  0.00000000E+000  0.00000000E+000  0.00000000E+000  0.00000000E+000  0.00000000E+000  0.00000000E+000  0.24733870E+001  0.31586343E+002  0.82760730E+002  0.20512859E+003  0.24463340E+003
  0.00000000E+000  0.00000000E+000  0.00000000E+000  0.00000000E+000  0.00000000E+000  0.00000000E+000  0.24733869E+001  0.31586339E+002  0.82760707E+002  0.20512853E+003  0.24463340E+003
  0.00000000E+000  0.00000000E+000  0.00000000E+000  0.00000000E+000  0.00000000E+000  0.00000000E+000  0.24733868E+001  0.31586335E+002  0.82760685E+002  0.20512846E+003  0.24463340E+003
  0.00000000E+000  0.00000000E+000  0.00000000E+000  0.00000000E+000  0.00000000E+000  0.00000000E+000  0.24733867E+001  0.31586332E+002  0.82760665E+002  0.20512840E+003  0.24463339E+003
  0.00000000E+000  0.00000000E+000  0.00000000E+000  0.00000000E+000  0.00000000E+000  0.00000000E+000  0.24733866E+001  0.31586328E+002  0.82760645E+002  0.20512833E+003  0.24463339E+003
  0.00000000E+000  0.00000000E+000  0.00000000E+000  0.00000000E+000  0.00000000E+000  0.00000000E+000  0.24733865E+001  0.31586325E+002  0.82760626E+002  0.20512827E+003  0.24463339E+003
  0.00000000E+000  0.00000000E+000  0.00000000E+000  0.00000000E+000  0.00000000E+000  0.00000000E+000  0.24733865E+001  0.31586322E+002  0.82760608E+002  0.20512820E+003  0.24463338E+003
  0.00000000E+000  0.00000000E+000  0.00000000E+000  0.00000000E+000  0.00000000E+000  0.00000000E+000  0.24733864E+001  0.31586319E+002  0.82760591E+002  0.20512814E+003  0.24463338E+003
  0.00000000E+000  0.00000000E+000  0.00000000E+000  0.00000000E+000  0.00000000E+000  0.00000000E+000  0.24733863E+001  0.31586316E+002  0.82760574E+002  0.20512808E+003  0.24463338E+003
  0.00000000E+000  0.00000000E+000  0.00000000E+000  0.00000000E+000  0.00000000E+000  0.00000000E+000  0.24733863E+001  0.31586314E+002  0.82760559E+002  0.20512802E+003  0.24463337E+003
  0.00000000E+000  0.00000000E+000  0.00000000E+000  0.00000000E+000  0.00000000E+000  0.00000000E+000  0.24733862E+001  0.31586311E+002  0.82760544E+002  0.20512796E+003  0.24463337E+003
  0.00000000E+000  0.00000000E+000  0.00000000E+000  0.00000000E+000  0.00000000E+000  0.00000000E+000  0.24733861E+001  0.31586309E+002  0.82760529E+002  0.20512790E+003  0.24463336E+003
  0.00000000E+000  0.00000000E+000  0.00000000E+000  0.00000000E+000  0.00000000E+000  0.00000000E+000  0.24733861E+001  0.31586306E+002  0.82760516E+002  0.20512784E+003  0.24463336E+003
  0.00000000E+000  0.00000000E+000  0.00000000E+000  0.00000000E+000  0.00000000E+000  0.00000000E+000  0.24733860E+001  0.31586304E+002  0.82760503E+002  0.20512778E+003  0.24463336E+003
  0.00000000E+000  0.00000000E+000  0.00000000E+000  0.00000000E+000  0.00000000E+000  0.00000000E+000  0.24733860E+001  0.31586302E+002  0.82760491E+002  0.20512773E+003  0.24463335E+003
  0.00000000E+000  0.00000000E+000  0.00000000E+000  0.00000000E+000  0.00000000E+000  0.00000000E+000  0.24733859E+001  0.31586300E+002  0.82760479E+002  0.20512768E+003  0.24463335E+003
  0.00000000E+000  0.00000000E+000  0.00000000E+000  0.00000000E+000  0.00000000E+000  0.00000000E+000  0.24733859E+001  0.31586298E+002  0.82760468E+002  0.20512762E+003  0.24463334E+003
  0.00000000E+000  0.00000000E+000  0.00000000E+000  0.00000000E+000  0.00000000E+000  0.00000000E+000  0.24733858E+001  0.31586296E+002  0.82760457E+002  0.20512757E+003  0.24463334E+003
  0.00000000E+000  0.00000000E+000  0.00000000E+000  0.00000000E+000  0.00000000E+000  0.00000000E+000  0.24733858E+001  0.31586294E+002  0.82760447E+002  0.20512752E+003  0.24463334E+003
  0.00000000E+000  0.00000000E+000  0.00000000E+000  0.00000000E+000  0.00000000E+000  0.00000000E+000  0.24733857E+001  0.31586293E+002  0.82760437E+002  0.20512748E+003  0.24463333E+003
  0.00000000E+000  0.00000000E+000  0.00000000E+000  0.00000000E+000  0.00000000E+000  0.00000000E+000  0.24733857E+001  0.31586291E+002  0.82760428E+002  0.20512743E+003  0.24463333E+003
  0.00000000E+000  0.00000000E+000  0.00000000E+000  0.00000000E+000  0.00000000E+000  0.00000000E+000  0.24733856E+001  0.31586289E+002  0.82760419E+002  0.20512739E+003  0.24463333E+003
