  0.36197765E+000  0.41563818E+000  0.50210698E+000  0.58506395E+000  0.73660810E+000  0.89336804E+000  0.13024202E+001  0.17239310E+001  0.22709888E+001  0.44120165E+001  0.46105234E+001
  0.36192681E+000  0.41554952E+000  0.50203944E+000  0.58503454E+000  0.73652178E+000  0.89332151E+000  0.13024069E+001  0.17242724E+001  0.22709180E+001  0.44119886E+001  0.46105057E+001
  0.36188434E+000  0.41539847E+000  0.50204836E+000  0.58500955E+000  0.73644994E+000  0.89328819E+000  0.13023957E+001  0.17243111E+001  0.22709117E+001  0.44119648E+001  0.46104007E+001
  0.36184781E+000  0.41537116E+000  0.50198743E+000  0.58497237E+000  0.73638997E+000  0.89324321E+000  0.13023634E+001  0.17243026E+001  0.22708903E+001  0.44119443E+001  0.46103851E+001
  0.36181588E+000  0.41536235E+000  0.50191272E+000  0.58495279E+000  0.73633952E+000  0.89322084E+000  0.13023510E+001  0.17242938E+001  0.22708704E+001  0.44119268E+001  0.46103718E+001
  0.36179967E+000  0.41531467E+000  0.50189201E+000  0.58493624E+000  0.73629606E+000  0.89320182E+000  0.13023406E+001  0.17242865E+001  0.22708516E+001  0.44119120E+001  0.46103607E+001
  0.36178545E+000  0.41526023E+000  0.50185478E+000  0.58492225E+000  0.73625942E+000  0.89318569E+000  0.13023317E+001  0.17242805E+001  0.22708337E+001  0.44118994E+001  0.46103512E+001
  0.36177310E+000  0.41524828E+000  0.50182329E+000  0.58491042E+000  0.73622843E+000  0.89316141E+000  0.13023243E+001  0.17242759E+001  0.22706716E+001  0.44118887E+001  0.46103433E+001
  0.36176248E+000  0.41522131E+000  0.50179661E+000  0.58490043E+000  0.73618335E+000  0.89314882E+000  0.13023180E+001  0.17242205E+001  0.22706497E+001  0.44118797E+001  0.46103366E+001
  0.36175334E+000  0.41519864E+000  0.50177417E+000  0.58489214E+000  0.73616849E+000  0.89313817E+000  0.13023126E+001  0.17241593E+001  0.22706313E+001  0.44118720E+001  0.46103309E+001
  0.36174551E+000  0.41517954E+000  0.50175528E+000  0.58488642E+000  0.73616148E+000  0.89312917E+000  0.13023081E+001  0.17240556E+001  0.22706155E+001  0.44118655E+001  0.46103261E+001
  0.36173879E+000  0.41516341E+000  0.50173932E+000  0.58488157E+000  0.73614577E+000  0.89312179E+000  0.13023043E+001  0.17240460E+001  0.22706024E+001  0.44118600E+001  0.46103220E+001
  0.36173304E+000  0.41514979E+000  0.50172583E+000  0.58487749E+000  0.73613250E+000  0.89311620E+000  0.13023010E+001  0.17240396E+001  0.22705913E+001  0.44118554E+001  0.46103186E+001
  0.36172811E+000  0.41513825E+000  0.50171442E+000  0.58487403E+000  0.73612127E+000  0.89311148E+000  0.13022983E+001  0.17240364E+001  0.22705819E+001  0.44118515E+001  0.46103156E+001
  0.36172387E+000  0.41512849E+000  0.50170476E+000  0.58486575E+000  0.73611176E+000  0.89310751E+000  0.13022960E+001  0.17240329E+001  0.22705735E+001  0.44118482E+001  0.46103132E+001
  0.36172022E+000  0.41512026E+000  0.50169661E+000  0.58486268E+000  0.73610374E+000  0.89310416E+000  0.13022940E+001  0.17240293E+001  0.22705668E+001  0.44118454E+001  0.46103111E+001
  0.36171706E+000  0.41511331E+000  0.50168973E+000  0.58485780E+000  0.73609697E+000  0.89310135E+000  0.13022923E+001  0.17240256E+001  0.22705611E+001  0.44118430E+001  0.46103094E+001
  0.36171434E+000  0.41510744E+000  0.50168393E+000  0.58485381E+000  0.73609125E+000  0.89309898E+000  0.13022909E+001  0.17240220E+001  0.22705564E+001  0.44118410E+001  0.46103079E+001
  0.36171200E+000  0.41510249E+000  0.50167903E+000  0.58485606E+000  0.73608643E+000  0.89309700E+000  0.13022898E+001  0.17240186E+001  0.22705524E+001  0.44118394E+001  0.46103066E+001
  0.36170998E+000  0.41509833E+000  0.50167491E+000  0.58485452E+000  0.73608238E+000  0.89309083E+000  0.13022888E+001  0.17240152E+001  0.22705490E+001  0.44118380E+001  0.46103056E+001
  0.36170824E+000  0.41509483E+000  0.50167145E+000  0.58485323E+000  0.73607897E+000  0.89308919E+000  0.13022879E+001  0.17240121E+001  0.22705462E+001  0.44118368E+001  0.46103047E+001
  0.36170674E+000  0.41509191E+000  0.50166856E+000  0.58485216E+000  0.73607612E+000  0.89308782E+000  0.13022872E+001  0.17240092E+001  0.22705439E+001  0.44118358E+001  0.46103040E+001
  0.36170544E+000  0.41503079E+000  0.50166614E+000  0.58485126E+000  0.73607375E+000  0.89308668E+000  0.13022867E+001  0.17240064E+001  0.22705420E+001  0.44118350E+001  0.46103034E+001
  0.36170432E+000  0.41502911E+000  0.50166413E+000  0.58485053E+000  0.73607177E+000  0.89308574E+000  0.13022862E+001  0.17240038E+001  0.22705404E+001  0.44118344E+001  0.46103029E+001
  0.36170336E+000  0.41508576E+000  0.50164635E+000  0.58484992E+000  0.73607013E+000  0.89308496E+000  0.13022858E+001  0.17240014E+001  0.22705390E+001  0.44118338E+001  0.46103025E+001
  0.36170253E+000  0.41508437E+000  0.50164593E+000  0.58484943E+000  0.73606878E+000  0.89308432E+000  0.13022854E+001  0.17239992E+001  0.22705380E+001  0.44118334E+001  0.46103021E+001
  0.36170182E+000  0.41508324E+000  0.50164559E+000  0.58484902E+000  0.73606768E+000  0.89308380E+000  0.13022852E+001  0.17239972E+001  0.22705371E+001  0.44118330E+001  0.46103018E+001
  0.36170120E+000  0.41508232E+000  0.50164531E+000  0.58484870E+000  0.73606678E+000  0.89308337E+000  0.13022849E+001  0.17239955E+001  0.22705364E+001  0.44118327E+001  0.46103016E+001
  0.36170066E+000  0.41508157E+000  0.50164508E+000  0.58484844E+000  0.73606606E+000  0.89308303E+000  0.13022848E+001  0.17239939E+001  0.22705358E+001  0.44118324E+001  0.46103014E+001
  0.36170020E+000  0.41508097E+000  0.50164491E+000  0.58484823E+000  0.73606547E+000  0.89308276E+000  0.13022846E+001  0.17239924E+001  0.22705353E+001  0.44118323E+001  0.46103012E+001
  0.36169980E+000  0.41508050E+000  0.50164477E+000  0.58484807E+000  0.73606501E+000  0.89308254E+000  0.13022845E+001  0.17239910E+001  0.22705350E+001  0.44118321E+001  0.46103011E+001
  0.36169945E+000  0.41508013E+000  0.50164465E+000  0.58484794E+000  0.73606465E+000  0.89308236E+000  0.13022844E+001  0.17239897E+001  0.22705347E+001  0.44118320E+001  0.46103010E+001
  0.36169915E+000  0.41507984E+000  0.50164457E+000  0.58484784E+000  0.73606437E+000  0.89308223E+000  0.13022843E+001  0.17239884E+001  0.22705345E+001  0.44118319E+001  0.46103009E+001
  0.36169888E+000  0.41507961E+000  0.50164450E+000  0.58484776E+000  0.73606415E+000  0.89308212E+000  0.13022842E+001  0.17239872E+001  0.22705343E+001  0.44118318E+001  0.46103008E+001
  0.36169864E+000  0.41507944E+000  0.50164444E+000  0.58484770E+000  0.73606398E+000  0.89308203E+000  0.13022842E+001  0.17239861E+001  0.22705342E+001  0.44118317E+001  0.46103007E+001
  0.36169843E+000  0.41507932E+000  0.50164440E+000  0.58484765E+000  0.73606386E+000  0.89308196E+000  0.13022841E+001  0.17239849E+001  0.22705341E+001  0.44118316E+001  0.46103006E+001
  0.36169824E+000  0.41507922E+000  0.50164436E+000  0.58484761E+000  0.73606377E+000  0.89308191E+000  0.13022841E+001  0.17239838E+001  0.22705340E+001  0.44118316E+001  0.46103006E+001
  0.36169807E+000  0.41507915E+000  0.50164433E+000  0.58484758E+000  0.73606370E+000  0.89308186E+000  0.13022841E+001  0.17239826E+001  0.22705339E+001  0.44118315E+001  0.46103005E+001
  0.36169791E+000  0.41507910E+000  0.50164430E+000  0.58484755E+000  0.73606365E+000  0.89308182E+000  0.13022840E+001  0.17239815E+001  0.22705339E+001  0.44118314E+001  0.46103004E+001
  0.36169777E+000  0.41507907E+000  0.50164428E+000  0.58484752E+000  0.73606362E+000  0.89308179E+000  0.13022840E+001  0.17239804E+001  0.22705338E+001  0.44118314E+001  0.46103003E+001
  0.36169764E+000  0.41507904E+000  0.50164425E+000  0.58484750E+000  0.73606359E+000  0.89308175E+000  0.13022839E+001  0.17239793E+001  0.22705338E+001  0.44118313E+001  0.46103003E+001
  0.36169751E+000  0.41507902E+000  0.50164423E+000  0.58484747E+000  0.73606357E+000  0.89308172E+000  0.13022839E+001  0.17239782E+001  0.22705338E+001  0.44118312E+001  0.46103002E+001
  0.36169739E+000  0.41507900E+000  0.50164420E+000  0.58484744E+000  0.73606355E+000  0.89308168E+000  0.13022839E+001  0.17239771E+001  0.22705337E+001  0.44118312E+001  0.46103001E+001
  0.36169728E+000  0.41507898E+000  0.50164417E+000  0.58484741E+000  0.73606353E+000  0.89308164E+000  0.13022838E+001  0.17239759E+001  0.22705337E+001  0.44118311E+001  0.46103000E+001
  0.36169717E+000  0.41507895E+000  0.50164413E+000  0.58484737E+000  0.73606351E+000  0.89308160E+000  0.13022838E+001  0.17239748E+001  0.22705336E+001  0.44118310E+001  0.46102999E+001
  0.36169706E+000  0.41507893E+000  0.50164409E+000  0.58484733E+000  0.73606348E+000  0.89308155E+000  0.13022837E+001  0.17239736E+001  0.22705336E+001  0.44118309E+001  0.46102998E+001
  0.36169695E+000  0.41507890E+000  0.50164405E+000  0.58484729E+000  0.73606346E+000  0.89308150E+000  0.13022836E+001  0.17239725E+001  0.22705335E+001  0.44118308E+001  0.46102997E+001
  0.36169685E+000  0.41507887E+000  0.50164401E+000  0.58484724E+000  0.73606343E+000  0.89308145E+000  0.13022836E+001  0.17239713E+001  0.22705334E+001  0.44118307E+001  0.46102996E+001
  0.36169674E+000  0.41507883E+000  0.50164396E+000  0.58484718E+000  0.73606339E+000  0.89308139E+000  0.13022835E+001  0.17239702E+001  0.22705334E+001  0.44118306E+001  0.46102995E+001
  0.36169664E+000  0.41507879E+000  0.50164390E+000  0.58484712E+000  0.73606335E+000  0.89308132E+000  0.13022834E+001  0.17239690E+001  0.22705333E+001  0.44118305E+001  0.46102993E+001
  0.36169653E+000  0.41507875E+000  0.50164384E+000  0.58484706E+000  0.73606330E+000  0.89308125E+000  0.13022834E+001  0.17239653E+001  0.22705332E+001  0.44118303E+001  0.46102992E+001
  0.36169643E+000  0.41507869E+000  0.50164378E+000  0.58484699E+000  0.73606325E+000  0.89308118E+000  0.13022833E+001  0.17239600E+001  0.22705331E+001  0.44118302E+001  0.46102990E+001
  0.36169632E+000  0.41507864E+000  0.50164371E+000  0.58484691E+000  0.73606320E+000  0.89308110E+000  0.13022832E+001  0.17239547E+001  0.22705330E+001  0.44118300E+001  0.46102989E+001
  0.36169621E+000  0.41507857E+000  0.50164364E+000  0.58484683E+000  0.73606313E+000  0.89308101E+000  0.13022831E+001  0.17239494E+001  0.22705328E+001  0.44118299E+001  0.46102987E+001
  0.36169610E+000  0.41507850E+000  0.50164357E+000  0.58484675E+000  0.73606307E+000  0.89308092E+000  0.13022830E+001  0.17239442E+001  0.22705327E+001  0.44118297E+001  0.46102986E+001
  0.36169599E+000  0.41507843E+000  0.50164349E+000  0.58484666E+000  0.73606299E+000  0.89308082E+000  0.13022829E+001  0.17239427E+001  0.22705326E+001  0.44118295E+001  0.46102984E+001
  0.36169587E+000  0.41507834E+000  0.50164340E+000  0.58484656E+000  0.73606291E+000  0.89308072E+000  0.13022828E+001  0.17239419E+001  0.22705324E+001  0.44118294E+001  0.46102982E+001
  0.36169576E+000  0.41507826E+000  0.50164331E+000  0.58484646E+000  0.73606283E+000  0.89308061E+000  0.13022827E+001  0.17239412E+001  0.22705323E+001  0.44118292E+001  0.46102980E+001
  0.36169564E+000  0.41507816E+000  0.50164322E+000  0.58484636E+000  0.73606274E+000  0.89308050E+000  0.13022826E+001  0.17239404E+001  0.22705321E+001  0.44118290E+001  0.46102978E+001
  0.36169551E+000  0.41507806E+000  0.50164312E+000  0.58484625E+000  0.73606264E+000  0.89308038E+000  0.13022825E+001  0.17239396E+001  0.22705320E+001  0.44118288E+001  0.46102977E+001
  0.36169539E+000  0.41507796E+000  0.50164303E+000  0.58484613E+000  0.73606254E+000  0.89308026E+000  0.13022823E+001  0.17239389E+001  0.22705318E+001  0.44118286E+001  0.46102975E+001
  0.36169527E+000  0.41507785E+000  0.50164292E+000  0.58484602E+000  0.73606243E+000  0.89308014E+000  0.13022822E+001  0.17239381E+001  0.22705316E+001  0.44118284E+001  0.46102973E+001
  0.36169514E+000  0.41507774E+000  0.50164282E+000  0.58484590E+000  0.73606233E+000  0.89308001E+000  0.13022821E+001  0.17239373E+001  0.22705314E+001  0.44118282E+001  0.46102970E+001
  0.36169501E+000  0.41507763E+000  0.50164271E+000  0.58484578E+000  0.73606221E+000  0.89307988E+000  0.13022820E+001  0.17239368E+001  0.22705313E+001  0.44118279E+001  0.46102968E+001
  0.36169488E+000  0.41507751E+000  0.50164260E+000  0.58484565E+000  0.73606210E+000  0.89307975E+000  0.13022818E+001  0.17239366E+001  0.22705311E+001  0.44118277E+001  0.46102966E+001
  0.36169475E+000  0.41507739E+000  0.50164249E+000  0.58484553E+000  0.73606198E+000  0.89307961E+000  0.13022817E+001  0.17239363E+001  0.22705309E+001  0.44118275E+001  0.46102964E+001
  0.36169461E+000  0.41507726E+000  0.50164238E+000  0.58484540E+000  0.73606186E+000  0.89307947E+000  0.13022816E+001  0.17239361E+001  0.22705307E+001  0.44118273E+001  0.46102962E+001
  0.36169448E+000  0.41507713E+000  0.50164227E+000  0.58484527E+000  0.73606173E+000  0.89307933E+000  0.13022814E+001  0.17239359E+001  0.22705305E+001  0.44118270E+001  0.46102960E+001
  0.36169435E+000  0.41507700E+000  0.50164215E+000  0.58484513E+000  0.73606161E+000  0.89307919E+000  0.13022813E+001  0.17239357E+001  0.22705303E+001  0.44118268E+001  0.46102958E+001
  0.36169421E+000  0.41507687E+000  0.50164204E+000  0.58484500E+000  0.73606148E+000  0.89307905E+000  0.13022812E+001  0.17239354E+001  0.22705301E+001  0.44118266E+001  0.46102955E+001
  0.36169408E+000  0.41507674E+000  0.50164192E+000  0.58484487E+000  0.73606135E+000  0.89307890E+000  0.13022810E+001  0.17239352E+001  0.22705299E+001  0.44118263E+001  0.46102953E+001
  0.36169395E+000  0.41507661E+000  0.50164181E+000  0.58484474E+000  0.73606122E+000  0.89307876E+000  0.13022809E+001  0.17239350E+001  0.22705297E+001  0.44118261E+001  0.46102951E+001
  0.36169381E+000  0.41507647E+000  0.50164169E+000  0.58484460E+000  0.73606109E+000  0.89307862E+000  0.13022808E+001  0.17239348E+001  0.22705295E+001  0.44118259E+001  0.46102949E+001
  0.36169368E+000  0.41507634E+000  0.50164157E+000  0.58484447E+000  0.73606096E+000  0.89307847E+000  0.13022806E+001  0.17239346E+001  0.22705293E+001  0.44118256E+001  0.46102946E+001
  0.36169355E+000  0.41507621E+000  0.50164146E+000  0.58484434E+000  0.73606083E+000  0.89307833E+000  0.13022805E+001  0.17239344E+001  0.22705291E+001  0.44118254E+001  0.46102944E+001
  0.36169342E+000  0.41507607E+000  0.50164135E+000  0.58484420E+000  0.73606070E+000  0.89307819E+000  0.13022804E+001  0.17239343E+001  0.22705289E+001  0.44118252E+001  0.46102942E+001
  0.36169329E+000  0.41507594E+000  0.50164123E+000  0.58484407E+000  0.73606057E+000  0.89307805E+000  0.13022802E+001  0.17239341E+001  0.22705287E+001  0.44118250E+001  0.46102940E+001
  0.36169316E+000  0.41507581E+000  0.50164112E+000  0.58484394E+000  0.73606044E+000  0.89307791E+000  0.13022801E+001  0.17239339E+001  0.22705285E+001  0.44118247E+001  0.46102938E+001
  0.36169303E+000  0.41507568E+000  0.50164101E+000  0.58484381E+000  0.73606032E+000  0.89307777E+000  0.13022800E+001  0.17239337E+001  0.22705283E+001  0.44118245E+001  0.46102936E+001
  0.36169291E+000  0.41507555E+000  0.50164090E+000  0.58484369E+000  0.73606019E+000  0.89307763E+000  0.13022798E+001  0.17239335E+001  0.22705281E+001  0.44118243E+001  0.46102934E+001
  0.36169278E+000  0.41507542E+000  0.50164079E+000  0.58484356E+000  0.73606006E+000  0.89307749E+000  0.13022797E+001  0.17239334E+001  0.22705279E+001  0.44118241E+001  0.46102932E+001
  0.36169266E+000  0.41507529E+000  0.50164068E+000  0.58484344E+000  0.73605994E+000  0.89307736E+000  0.13022796E+001  0.17239332E+001  0.22705277E+001  0.44118239E+001  0.46102929E+001
  0.36169254E+000  0.41501834E+000  0.50165199E+000  0.58484331E+000  0.73605982E+000  0.89307723E+000  0.13022794E+001  0.17239331E+001  0.22705275E+001  0.44118236E+001  0.46102927E+001
  0.36169242E+000  0.41501822E+000  0.50165187E+000  0.58484319E+000  0.73605970E+000  0.89307710E+000  0.13022793E+001  0.17239329E+001  0.22705273E+001  0.44118234E+001  0.46102925E+001
  0.36169231E+000  0.41501810E+000  0.50165175E+000  0.58484308E+000  0.73605958E+000  0.89307697E+000  0.13022792E+001  0.17239315E+001  0.22705271E+001  0.44118232E+001  0.46102924E+001
  0.36169219E+000  0.41501799E+000  0.50165163E+000  0.58484296E+000  0.73605946E+000  0.89307684E+000  0.13022791E+001  0.17239149E+001  0.22705270E+001  0.44118230E+001  0.46102922E+001
  0.36169208E+000  0.41501787E+000  0.50165151E+000  0.58484284E+000  0.73605935E+000  0.89307672E+000  0.13022790E+001  0.17239145E+001  0.22705268E+001  0.44118228E+001  0.46102920E+001
  0.36169197E+000  0.41501776E+000  0.50165140E+000  0.58484273E+000  0.73605924E+000  0.89307660E+000  0.13022788E+001  0.17239142E+001  0.22705266E+001  0.44118226E+001  0.46102918E+001
  0.36169187E+000  0.41501765E+000  0.50165129E+000  0.58484262E+000  0.73605913E+000  0.89307648E+000  0.13022787E+001  0.17239138E+001  0.22705264E+001  0.44118224E+001  0.46102916E+001
  0.36169176E+000  0.41501754E+000  0.50165118E+000  0.58484251E+000  0.73605902E+000  0.89307636E+000  0.13022786E+001  0.17239136E+001  0.22705263E+001  0.44118223E+001  0.46102914E+001
  0.36169166E+000  0.41501743E+000  0.50165107E+000  0.58484241E+000  0.73605891E+000  0.89307625E+000  0.13022785E+001  0.17239133E+001  0.22705261E+001  0.44118221E+001  0.46102913E+001
  0.36169156E+000  0.41501733E+000  0.50165096E+000  0.58484230E+000  0.73605881E+000  0.89307614E+000  0.13022784E+001  0.17239131E+001  0.22705259E+001  0.44118219E+001  0.46102911E+001
  0.36169146E+000  0.41501723E+000  0.50165086E+000  0.58484220E+000  0.73605871E+000  0.89307603E+000  0.13022783E+001  0.17239130E+001  0.22705258E+001  0.44118217E+001  0.46102909E+001
  0.36169136E+000  0.41501713E+000  0.50165076E+000  0.58484210E+000  0.73605861E+000  0.89307592E+000  0.13022782E+001  0.17239128E+001  0.22705256E+001  0.44118216E+001  0.46102908E+001
  0.36169127E+000  0.41501703E+000  0.50165066E+000  0.58484201E+000  0.73605851E+000  0.89307581E+000  0.13022781E+001  0.17239127E+001  0.22705255E+001  0.44118214E+001  0.46102906E+001
  0.36169118E+000  0.41501693E+000  0.50165057E+000  0.58484191E+000  0.73605842E+000  0.89307571E+000  0.13022780E+001  0.17239126E+001  0.22705253E+001  0.44118212E+001  0.46102904E+001
  0.36169109E+000  0.41501684E+000  0.50165047E+000  0.58484182E+000  0.73605832E+000  0.89307561E+000  0.13022779E+001  0.17239126E+001  0.22705252E+001  0.44118211E+001  0.46102903E+001
  0.36169101E+000  0.41501675E+000  0.50165038E+000  0.58484173E+000  0.73605823E+000  0.89307552E+000  0.13022778E+001  0.17239125E+001  0.22705251E+001  0.44118209E+001  0.46102901E+001
  0.36169092E+000  0.41501666E+000  0.50165029E+000  0.58484165E+000  0.73605815E+000  0.89307542E+000  0.13022777E+001  0.17239125E+001  0.22705249E+001  0.44118208E+001  0.46102900E+001
  0.36169084E+000  0.41501658E+000  0.50165021E+000  0.58484156E+000  0.73605806E+000  0.89307533E+000  0.13022777E+001  0.17239125E+001  0.22705248E+001  0.44118206E+001  0.46102899E+001
  0.36169076E+000  0.41501650E+000  0.50165012E+000  0.58484148E+000  0.73605798E+000  0.89307525E+000  0.13022776E+001  0.17239125E+001  0.22705247E+001  0.44118205E+001  0.46102897E+001
  0.36169069E+000  0.41501642E+000  0.50165004E+000  0.58484140E+000  0.73605790E+000  0.89307516E+000  0.13022775E+001  0.17239125E+001  0.22705246E+001  0.44118203E+001  0.46102896E+001
  0.36169061E+000  0.41501634E+000  0.50164996E+000  0.58484133E+000  0.73605782E+000  0.89307508E+000  0.13022774E+001  0.17239125E+001  0.22705244E+001  0.44118202E+001  0.46102895E+001
  0.36169054E+000  0.41501627E+000  0.50164989E+000  0.58484125E+000  0.73605775E+000  0.89307500E+000  0.13022773E+001  0.17239125E+001  0.22705243E+001  0.44118201E+001  0.46102894E+001
  0.36169047E+000  0.41501619E+000  0.50164981E+000  0.58484118E+000  0.73605767E+000  0.89307492E+000  0.13022773E+001  0.17239126E+001  0.22705242E+001  0.44118200E+001  0.46102893E+001
  0.36169041E+000  0.41501612E+000  0.50164974E+000  0.58484112E+000  0.73605760E+000  0.89307485E+000  0.13022772E+001  0.17239126E+001  0.22705241E+001  0.44118198E+001  0.46102891E+001
  0.36169035E+000  0.41501606E+000  0.50164967E+000  0.58484105E+000  0.73605754E+000  0.89307478E+000  0.13022771E+001  0.17239126E+001  0.22705240E+001  0.44118197E+001  0.46102890E+001
  0.36169028E+000  0.41501599E+000  0.50164961E+000  0.58484099E+000  0.73605747E+000  0.89307471E+000  0.13022771E+001  0.17239127E+001  0.22705239E+001  0.44118196E+001  0.46102890E+001
  0.36169023E+000  0.41501593E+000  0.50164954E+000  0.58484093E+000  0.73605741E+000  0.89307465E+000  0.13022770E+001  0.17239127E+001  0.22705238E+001  0.44118195E+001  0.46102889E+001
  0.36169017E+000  0.41501587E+000  0.50164948E+000  0.58484087E+000  0.73605735E+000  0.89307458E+000  0.13022770E+001  0.17239128E+001  0.22705237E+001  0.44118194E+001  0.46102888E+001
  0.36169012E+000  0.41501582E+000  0.50164943E+000  0.58484082E+000  0.73605730E+000  0.89307453E+000  0.13022769E+001  0.17239128E+001  0.22705237E+001  0.44118193E+001  0.46102887E+001
  0.36169007E+000  0.41501577E+000  0.50164937E+000  0.58484077E+000  0.73605724E+000  0.89307447E+000  0.13022769E+001  0.17239129E+001  0.22705236E+001  0.44118193E+001  0.46102886E+001
  0.36169002E+000  0.41501572E+000  0.50164932E+000  0.58484072E+000  0.73605719E+000  0.89307442E+000  0.13022768E+001  0.17239129E+001  0.22705235E+001  0.44118192E+001  0.46102886E+001
  0.36168998E+000  0.41501567E+000  0.50164927E+000  0.58484068E+000  0.73605714E+000  0.89307437E+000  0.13022768E+001  0.17239129E+001  0.22705234E+001  0.44118191E+001  0.46102885E+001
  0.36168994E+000  0.41501563E+000  0.50164923E+000  0.58484064E+000  0.73605710E+000  0.89307433E+000  0.13022767E+001  0.17239130E+001  0.22705234E+001  0.44118190E+001  0.46102884E+001
  0.36168990E+000  0.41501559E+000  0.50164918E+000  0.58484060E+000  0.73605706E+000  0.89307429E+000  0.13022767E+001  0.17239130E+001  0.22705233E+001  0.44118190E+001  0.46102884E+001
  0.36168987E+000  0.41501555E+000  0.50164914E+000  0.58484056E+000  0.73605702E+000  0.89307425E+000  0.13022767E+001  0.17239131E+001  0.22705233E+001  0.44118189E+001  0.46102883E+001
  0.36168984E+000  0.41501552E+000  0.50164911E+000  0.58484053E+000  0.73605698E+000  0.89307422E+000  0.13022766E+001  0.17239131E+001  0.22705232E+001  0.44118189E+001  0.46102883E+001
  0.36168981E+000  0.41501549E+000  0.50164908E+000  0.58484051E+000  0.73605695E+000  0.89307419E+000  0.13022766E+001  0.17239132E+001  0.22705232E+001  0.44118188E+001  0.46102883E+001
  0.36168978E+000  0.41501546E+000  0.50164905E+000  0.58484048E+000  0.73605692E+000  0.89307416E+000  0.13022766E+001  0.17239132E+001  0.22705231E+001  0.44118188E+001  0.46102882E+001
  0.36168976E+000  0.41501544E+000  0.50164902E+000  0.58484046E+000  0.73605690E+000  0.89307414E+000  0.13022766E+001  0.17239133E+001  0.22705231E+001  0.44118188E+001  0.46102882E+001
  0.36168974E+000  0.41501542E+000  0.50164900E+000  0.58484044E+000  0.73605687E+000  0.89307412E+000  0.13022766E+001  0.17239133E+001  0.22705231E+001  0.44118188E+001  0.46102882E+001
  0.36168973E+000  0.41501540E+000  0.50164898E+000  0.58484043E+000  0.73605685E+000  0.89307410E+000  0.13022765E+001  0.17239134E+001  0.22705231E+001  0.44118187E+001  0.46102882E+001
  0.36168972E+000  0.41501538E+000  0.50164896E+000  0.58484042E+000  0.73605684E+000  0.89307409E+000  0.13022765E+001  0.17239134E+001  0.22705230E+001  0.44118187E+001  0.46102882E+001
  0.36168971E+000  0.41501537E+000  0.50164895E+000  0.58484041E+000  0.73605682E+000  0.89307408E+000  0.13022765E+001  0.17239135E+001  0.22705230E+001  0.44118187E+001  0.46102882E+001
  0.36168970E+000  0.41501536E+000  0.50164894E+000  0.58484041E+000  0.73605681E+000  0.89307408E+000  0.13022765E+001  0.17239135E+001  0.22705230E+001  0.44118187E+001  0.46102882E+001
  0.36168970E+000  0.41501536E+000  0.50164893E+000  0.58484040E+000  0.73605681E+000  0.89307407E+000  0.13022765E+001  0.17239135E+001  0.22705230E+001  0.44118187E+001  0.46102882E+001
  0.36168969E+000  0.41501536E+000  0.50164893E+000  0.58484040E+000  0.73605680E+000  0.89307407E+000  0.13022765E+001  0.17239136E+001  0.22705230E+001  0.44118187E+001  0.46102882E+001
  0.36168970E+000  0.41501536E+000  0.50164892E+000  0.58484041E+000  0.73605680E+000  0.89307408E+000  0.13022765E+001  0.17239136E+001  0.22705230E+001  0.44118187E+001  0.46102882E+001
  0.36168970E+000  0.41501536E+000  0.50164892E+000  0.58484041E+000  0.73605680E+000  0.89307408E+000  0.13022765E+001  0.17239137E+001  0.22705230E+001  0.44118187E+001  0.46102882E+001
  0.36168970E+000  0.41501536E+000  0.50164893E+000  0.58484042E+000  0.73605680E+000  0.89307409E+000  0.13022766E+001  0.17239137E+001  0.22705230E+001  0.44118187E+001  0.46102883E+001
  0.36168971E+000  0.41501537E+000  0.50164893E+000  0.58484043E+000  0.73605681E+000  0.89307410E+000  0.13022766E+001  0.17239137E+001  0.22705230E+001  0.44118188E+001  0.46102883E+001
  0.36168972E+000  0.41501538E+000  0.50164894E+000  0.58484044E+000  0.73605682E+000  0.89307411E+000  0.13022766E+001  0.17239137E+001  0.22705231E+001  0.44118188E+001  0.46102883E+001
  0.36168973E+000  0.41501539E+000  0.50164895E+000  0.58484045E+000  0.73605682E+000  0.89307412E+000  0.13022766E+001  0.17239137E+001  0.22705231E+001  0.44118188E+001  0.46102883E+001
  0.36168974E+000  0.41501540E+000  0.50164896E+000  0.58484046E+000  0.73605683E+000  0.89307414E+000  0.13022766E+001  0.17239136E+001  0.22705231E+001  0.44118188E+001  0.46102884E+001
  0.36168975E+000  0.41501541E+000  0.50164897E+000  0.58484048E+000  0.73605685E+000  0.89307415E+000  0.13022766E+001  0.17239136E+001  0.22705231E+001  0.44118189E+001  0.46102884E+001
  0.36168976E+000  0.41501543E+000  0.50164898E+000  0.58484049E+000  0.73605686E+000  0.89307417E+000  0.13022766E+001  0.17239135E+001  0.22705231E+001  0.44118189E+001  0.46102884E+001
  0.36168978E+000  0.41501544E+000  0.50164900E+000  0.58484051E+000  0.73605687E+000  0.89307419E+000  0.13022767E+001  0.17239134E+001  0.22705232E+001  0.44118189E+001  0.46102885E+001
  0.36168979E+000  0.41501546E+000  0.50164901E+000  0.58484052E+000  0.73605689E+000  0.89307420E+000  0.13022767E+001  0.17239133E+001  0.22705232E+001  0.44118190E+001  0.46102885E+001
  0.36168981E+000  0.41501547E+000  0.50164903E+000  0.58484054E+000  0.73605690E+000  0.89307422E+000  0.13022767E+001  0.17239131E+001  0.22705232E+001  0.44118190E+001  0.46102885E+001
  0.36168982E+000  0.41501549E+000  0.50164904E+000  0.58484056E+000  0.73605692E+000  0.89307424E+000  0.13022767E+001  0.17239130E+001  0.22705232E+001  0.44118190E+001  0.46102885E+001
  0.36168984E+000  0.41501550E+000  0.50164906E+000  0.58484057E+000  0.73605693E+000  0.89307426E+000  0.13022767E+001  0.17239128E+001  0.22705233E+001  0.44118191E+001  0.46102886E+001
  0.36168985E+000  0.41501552E+000  0.50164907E+000  0.58484059E+000  0.73605695E+000  0.89307428E+000  0.13022767E+001  0.17239126E+001  0.22705233E+001  0.44118191E+001  0.46102886E+001
  0.36168987E+000  0.41501554E+000  0.50164909E+000  0.58484061E+000  0.73605696E+000  0.89307430E+000  0.13022768E+001  0.17239123E+001  0.22705233E+001  0.44118191E+001  0.46102886E+001
  0.36168989E+000  0.41501555E+000  0.50164911E+000  0.58484062E+000  0.73605698E+000  0.89307431E+000  0.13022768E+001  0.17239120E+001  0.22705233E+001  0.44118191E+001  0.46102887E+001
  0.36168990E+000  0.41501557E+000  0.50164912E+000  0.58484064E+000  0.73605700E+000  0.89307433E+000  0.13022768E+001  0.17239118E+001  0.22705234E+001  0.44118192E+001  0.46102887E+001
  0.36168992E+000  0.41501559E+000  0.50164914E+000  0.58484066E+000  0.73605701E+000  0.89307435E+000  0.13022768E+001  0.17239114E+001  0.22705234E+001  0.44118192E+001  0.46102887E+001
  0.36168993E+000  0.41501560E+000  0.50164916E+000  0.58484068E+000  0.73605703E+000  0.89307437E+000  0.13022768E+001  0.17239111E+001  0.22705234E+001  0.44118192E+001  0.46102888E+001
  0.36168995E+000  0.41501562E+000  0.50164917E+000  0.58484069E+000  0.73605705E+000  0.89307439E+000  0.13022769E+001  0.17239107E+001  0.22705234E+001  0.44118193E+001  0.46102888E+001
  0.36168996E+000  0.41501564E+000  0.50164919E+000  0.58484071E+000  0.73605706E+000  0.89307440E+000  0.13022769E+001  0.17239084E+001  0.22705235E+001  0.44118193E+001  0.46102888E+001
  0.36168998E+000  0.41501565E+000  0.50164920E+000  0.58484072E+000  0.73605708E+000  0.89307442E+000  0.13022769E+001  0.17239040E+001  0.22705235E+001  0.44118193E+001  0.46102889E+001
  0.36168999E+000  0.41501567E+000  0.50164922E+000  0.58484074E+000  0.73605709E+000  0.89307444E+000  0.13022769E+001  0.17239011E+001  0.22705235E+001  0.44118194E+001  0.46102889E+001
  0.36169001E+000  0.41501568E+000  0.50164923E+000  0.58484075E+000  0.73605711E+000  0.89307445E+000  0.13022769E+001  0.17238986E+001  0.22705235E+001  0.44118194E+001  0.46102889E+001
  0.36169002E+000  0.41501570E+000  0.50164925E+000  0.58484077E+000  0.73605712E+000  0.89307447E+000  0.13022769E+001  0.17238961E+001  0.22705236E+001  0.44118194E+001  0.46102889E+001
  0.36169003E+000  0.41501571E+000  0.50164926E+000  0.58484078E+000  0.73605714E+000  0.89307449E+000  0.13022769E+001  0.17238935E+001  0.22705236E+001  0.44118194E+001  0.46102890E+001
  0.36169004E+000  0.41501572E+000  0.50164928E+000  0.58484080E+000  0.73605715E+000  0.89307450E+000  0.13022770E+001  0.17238909E+001  0.22705236E+001  0.44118195E+001  0.46102890E+001
  0.36169006E+000  0.41501574E+000  0.50164929E+000  0.58484081E+000  0.73605716E+000  0.89307451E+000  0.13022770E+001  0.17238883E+001  0.22705236E+001  0.44118195E+001  0.46102890E+001
  0.36169007E+000  0.41501575E+000  0.50164930E+000  0.58484082E+000  0.73605717E+000  0.89307453E+000  0.13022770E+001  0.17238857E+001  0.22705236E+001  0.44118195E+001  0.46102890E+001
  0.36169008E+000  0.41501576E+000  0.50164932E+000  0.58484083E+000  0.73605719E+000  0.89307454E+000  0.13022770E+001  0.17238831E+001  0.22705237E+001  0.44118195E+001  0.46102890E+001
  0.36169009E+000  0.41501577E+000  0.50164933E+000  0.58484084E+000  0.73605720E+000  0.89307455E+000  0.13022770E+001  0.17238805E+001  0.22705237E+001  0.44118195E+001  0.46102890E+001
  0.36169010E+000  0.41501578E+000  0.50164934E+000  0.58484085E+000  0.73605721E+000  0.89307456E+000  0.13022770E+001  0.17238779E+001  0.22705237E+001  0.44118195E+001  0.46102890E+001
  0.36169010E+000  0.41501579E+000  0.50164935E+000  0.58484086E+000  0.73605722E+000  0.89307457E+000  0.13022770E+001  0.17238754E+001  0.22705237E+001  0.44118196E+001  0.46102891E+001
  0.36169011E+000  0.41501580E+000  0.50164936E+000  0.58484086E+000  0.73605723E+000  0.89307457E+000  0.13022770E+001  0.17238737E+001  0.22705237E+001  0.44118196E+001  0.46102891E+001
  0.36169011E+000  0.41501580E+000  0.50164936E+000  0.58484087E+000  0.73605723E+000  0.89307458E+000  0.13022770E+001  0.17238734E+001  0.22705237E+001  0.44118196E+001  0.46102891E+001
  0.36169012E+000  0.41501581E+000  0.50164937E+000  0.58484087E+000  0.73605724E+000  0.89307458E+000  0.13022770E+001  0.17238732E+001  0.22705237E+001  0.44118196E+001  0.46102891E+001
  0.36169012E+000  0.41501581E+000  0.50164937E+000  0.58484088E+000  0.73605724E+000  0.89307459E+000  0.13022770E+001  0.17238729E+001  0.22705237E+001  0.44118196E+001  0.46102891E+001
  0.36169012E+000  0.41501582E+000  0.50164938E+000  0.58484088E+000  0.73605725E+000  0.89307459E+000  0.13022770E+001  0.17238726E+001  0.22705237E+001  0.44118196E+001  0.46102891E+001
  0.36169012E+000  0.41501582E+000  0.50164938E+000  0.58484088E+000  0.73605725E+000  0.89307459E+000  0.13022770E+001  0.17238724E+001  0.22705237E+001  0.44118196E+001  0.46102891E+001
  0.36169012E+000  0.41501582E+000  0.50164938E+000  0.58484088E+000  0.73605725E+000  0.89307459E+000  0.13022770E+001  0.17238721E+001  0.22705237E+001  0.44118196E+001  0.46102891E+001
  0.36169012E+000  0.41501582E+000  0.50164938E+000  0.58484088E+000  0.73605725E+000  0.89307459E+000  0.13022770E+001  0.17238719E+001  0.22705237E+001  0.44118196E+001  0.46102890E+001
  0.36169012E+000  0.41501581E+000  0.50164938E+000  0.58484087E+000  0.73605725E+000  0.89307458E+000  0.13022770E+001  0.17238716E+001  0.22705237E+001  0.44118196E+001  0.46102890E+001
  0.36169011E+000  0.41501581E+000  0.50164938E+000  0.58484087E+000  0.73605725E+000  0.89307458E+000  0.13022770E+001  0.17238714E+001  0.22705237E+001  0.44118195E+001  0.46102890E+001
  0.36169011E+000  0.41501581E+000  0.50164937E+000  0.58484086E+000  0.73605724E+000  0.89307457E+000  0.13022770E+001  0.17238712E+001  0.22705237E+001  0.44118195E+001  0.46102890E+001
  0.36169010E+000  0.41501580E+000  0.50164937E+000  0.58484086E+000  0.73605724E+000  0.89307457E+000  0.13022770E+001  0.17238710E+001  0.22705237E+001  0.44118195E+001  0.46102890E+001
  0.36169010E+000  0.41501580E+000  0.50164937E+000  0.58484085E+000  0.73605723E+000  0.89307456E+000  0.13022770E+001  0.17238708E+001  0.22705237E+001  0.44118195E+001  0.46102890E+001
  0.36169009E+000  0.41501579E+000  0.50164936E+000  0.58484084E+000  0.73605723E+000  0.89307455E+000  0.13022770E+001  0.17238706E+001  0.22705237E+001  0.44118195E+001  0.46102890E+001
  0.36169008E+000  0.41501578E+000  0.50164935E+000  0.58484083E+000  0.73605722E+000  0.89307454E+000  0.13022770E+001  0.17238704E+001  0.22705237E+001  0.44118195E+001  0.46102889E+001
  0.36169007E+000  0.41501577E+000  0.50164934E+000  0.58484082E+000  0.73605721E+000  0.89307453E+000  0.13022770E+001  0.17238703E+001  0.22705236E+001  0.44118195E+001  0.46102889E+001
  0.36169006E+000  0.41501576E+000  0.50164934E+000  0.58484082E+000  0.73605721E+000  0.89307452E+000  0.13022770E+001  0.17238701E+001  0.22705236E+001  0.44118194E+001  0.46102889E+001
  0.36169005E+000  0.41501575E+000  0.50164933E+000  0.58484081E+000  0.73605720E+000  0.89307451E+000  0.13022769E+001  0.17238700E+001  0.22705236E+001  0.44118194E+001  0.46102889E+001
  0.36169004E+000  0.41501575E+000  0.50164932E+000  0.58484080E+000  0.73605719E+000  0.89307450E+000  0.13022769E+001  0.17238698E+001  0.22705236E+001  0.44118194E+001  0.46102889E+001
  0.36169003E+000  0.41501574E+000  0.50164931E+000  0.58484079E+000  0.73605718E+000  0.89307449E+000  0.13022769E+001  0.17238697E+001  0.22705236E+001  0.44118194E+001  0.46102889E+001
  0.36169002E+000  0.41501573E+000  0.50164930E+000  0.58484078E+000  0.73605717E+000  0.89307448E+000  0.13022769E+001  0.17238696E+001  0.22705236E+001  0.44118194E+001  0.46102888E+001
  0.36169001E+000  0.41501572E+000  0.50164929E+000  0.58484077E+000  0.73605716E+000  0.89307447E+000  0.13022769E+001  0.17238695E+001  0.22705236E+001  0.44118194E+001  0.46102888E+001
  0.36169001E+000  0.41501571E+000  0.50164928E+000  0.58484076E+000  0.73605715E+000  0.89307446E+000  0.13022769E+001  0.17237955E+001  0.22705235E+001  0.44118193E+001  0.46102888E+001
  0.36169000E+000  0.41501570E+000  0.50164927E+000  0.58484075E+000  0.73605714E+000  0.89307445E+000  0.13022769E+001  0.17237954E+001  0.22705235E+001  0.44118193E+001  0.46102888E+001
  0.36168999E+000  0.41501569E+000  0.50164926E+000  0.58484074E+000  0.73605713E+000  0.89307444E+000  0.13022769E+001  0.17237953E+001  0.22705235E+001  0.44118193E+001  0.46102888E+001
  0.36168998E+000  0.41501568E+000  0.50164925E+000  0.58484073E+000  0.73605712E+000  0.89307443E+000  0.13022769E+001  0.17237953E+001  0.22705235E+001  0.44118193E+001  0.46102888E+001
  0.36168997E+000  0.41501567E+000  0.50164924E+000  0.58484072E+000  0.73605712E+000  0.89307442E+000  0.13022769E+001  0.17237952E+001  0.22705235E+001  0.44118193E+001  0.46102888E+001
  0.36168997E+000  0.41501567E+000  0.50164924E+000  0.58484072E+000  0.73605711E+000  0.89307441E+000  0.13022769E+001  0.17237952E+001  0.22705235E+001  0.44118193E+001  0.46102888E+001
  0.36168996E+000  0.41501566E+000  0.50164923E+000  0.58484071E+000  0.73605710E+000  0.89307441E+000  0.13022768E+001  0.17237951E+001  0.22705235E+001  0.44118193E+001  0.46102887E+001
  0.36168996E+000  0.41501565E+000  0.50164922E+000  0.58484070E+000  0.73605710E+000  0.89307440E+000  0.13022768E+001  0.17237951E+001  0.22705235E+001  0.44118192E+001  0.46102887E+001
  0.36168995E+000  0.41501565E+000  0.50164922E+000  0.58484070E+000  0.73605709E+000  0.89307440E+000  0.13022768E+001  0.17237950E+001  0.22705234E+001  0.44118192E+001  0.46102887E+001
  0.36168995E+000  0.41501564E+000  0.50164921E+000  0.58484070E+000  0.73605708E+000  0.89307439E+000  0.13022768E+001  0.17237950E+001  0.22705234E+001  0.44118192E+001  0.46102887E+001
  0.36168994E+000  0.41501564E+000  0.50164921E+000  0.58484069E+000  0.73605708E+000  0.89307439E+000  0.13022768E+001  0.17237950E+001  0.22705234E+001  0.44118192E+001  0.46102887E+001
  0.36168994E+000  0.41501564E+000  0.50164920E+000  0.58484069E+000  0.73605708E+000  0.89307439E+000  0.13022768E+001  0.17237949E+001  0.22705234E+001  0.44118192E+001  0.46102888E+001
  0.36168994E+000  0.41501563E+000  0.50164920E+000  0.58484069E+000  0.73605707E+000  0.89307438E+000  0.13022768E+001  0.17237949E+001  0.22705234E+001  0.44118192E+001  0.46102888E+001
  0.36168994E+000  0.41501563E+000  0.50164920E+000  0.58484069E+000  0.73605707E+000  0.89307439E+000  0.13022768E+001  0.17237949E+001  0.22705234E+001  0.44118192E+001  0.46102888E+001
  0.36168995E+000  0.41501561E+000  0.50164919E+000  0.58484070E+000  0.73605707E+000  0.89307437E+000  0.13022769E+001  0.17237949E+001  0.22705234E+001  0.44118193E+001  0.46102888E+001
  0.36169001E+000  0.41501567E+000  0.50164917E+000  0.58484076E+000  0.73605704E+000  0.89307446E+000  0.13022769E+001  0.17237949E+001  0.22705235E+001  0.44118194E+001  0.46102889E+001
