 -0.71029513E+000 -0.54561375E+000 -0.29240243E+000 -0.99183791E-001 -0.45828608E-001  0.62017745E+000  0.11158804E+002  0.39851989E+002  0.74941143E+002  0.11297014E+003  0.14887899E+003
 -0.70991686E+000 -0.54526596E+000 -0.29207324E+000 -0.99141868E-001 -0.45635252E-001  0.62032051E+000  0.11158872E+002  0.39853073E+002  0.74941174E+002  0.11297015E+003  0.14887926E+003
 -0.70966227E+000 -0.54502865E+000 -0.29184850E+000 -0.99114529E-001 -0.45546549E-001  0.62041892E+000  0.11158866E+002  0.39853898E+002  0.74941175E+002  0.11297015E+003  0.14887917E+003
 -0.70947474E+000 -0.54485063E+000 -0.29167746E+000 -0.99094321E-001 -0.45502691E-001  0.62049405E+000  0.11158859E+002  0.39854560E+002  0.74941178E+002  0.11297015E+003  0.14887914E+003
 -0.70933826E+000 -0.54471701E+000 -0.29154530E+000 -0.99079158E-001 -0.45484927E-001  0.62055223E+000  0.11158855E+002  0.39855107E+002  0.74941181E+002  0.11297015E+003  0.14887913E+003
 -0.70924291E+000 -0.54461876E+000 -0.29144375E+000 -0.99067913E-001 -0.45483449E-001  0.62059701E+000  0.11158851E+002  0.39855563E+002  0.74941184E+002  0.11297015E+003  0.14887912E+003
 -0.70918055E+000 -0.54454893E+000 -0.29136689E+000 -0.99059787E-001 -0.45492092E-001  0.62063094E+000  0.11158849E+002  0.39855945E+002  0.74941187E+002  0.11297015E+003  0.14887912E+003
 -0.70914424E+000 -0.54450182E+000 -0.29131011E+000 -0.99054158E-001 -0.45506758E-001  0.62065605E+000  0.11158847E+002  0.39856268E+002  0.74941189E+002  0.11297015E+003  0.14887912E+003
 -0.70912818E+000 -0.54447283E+000 -0.29126971E+000 -0.99050539E-001 -0.45524717E-001  0.62067395E+000  0.11158845E+002  0.39856540E+002  0.74941191E+002  0.11297015E+003  0.14887911E+003
 -0.70912764E+000 -0.54445824E+000 -0.29124275E+000 -0.99048541E-001 -0.45544169E-001  0.62068596E+000  0.11158843E+002  0.39856772E+002  0.74941193E+002  0.11297015E+003  0.14887911E+003
 -0.70913885E+000 -0.54445507E+000 -0.29122685E+000 -0.99047858E-001 -0.45563976E-001  0.62069314E+000  0.11158842E+002  0.39856968E+002  0.74941194E+002  0.11297015E+003  0.14887911E+003
 -0.70915883E+000 -0.54446094E+000 -0.29122009E+000 -0.99048247E-001 -0.45583431E-001  0.62069636E+000  0.11158841E+002  0.39857136E+002  0.74941196E+002  0.11297015E+003  0.14887911E+003
 -0.70918519E+000 -0.54447386E+000 -0.29122085E+000 -0.99049505E-001 -0.45602073E-001  0.62069633E+000  0.11158840E+002  0.39857279E+002  0.74941197E+002  0.11297015E+003  0.14887911E+003
 -0.70921604E+000 -0.54449224E+000 -0.29122778E+000 -0.99051467E-001 -0.45619644E-001  0.62069366E+000  0.11158840E+002  0.39857401E+002  0.74941198E+002  0.11297015E+003  0.14887911E+003
 -0.70924995E+000 -0.54451479E+000 -0.29123978E+000 -0.99054001E-001 -0.45636027E-001  0.62068883E+000  0.11158839E+002  0.39857506E+002  0.74941199E+002  0.11297015E+003  0.14887911E+003
 -0.70928579E+000 -0.54454046E+000 -0.29125595E+000 -0.99056997E-001 -0.45651190E-001  0.62068224E+000  0.11158838E+002  0.39857596E+002  0.74941199E+002  0.11297015E+003  0.14887911E+003
 -0.70932272E+000 -0.54456843E+000 -0.29127552E+000 -0.99060367E-001 -0.45665157E-001  0.62067423E+000  0.11158838E+002  0.39857672E+002  0.74941200E+002  0.11297015E+003  0.14887911E+003
 -0.70936007E+000 -0.54459801E+000 -0.29129787E+000 -0.99064036E-001 -0.45677981E-001  0.62066506E+000  0.11158837E+002  0.39857738E+002  0.74941201E+002  0.11297015E+003  0.14887911E+003
 -0.70939736E+000 -0.54462867E+000 -0.29132247E+000 -0.99067892E-001 -0.45689714E-001  0.62065496E+000  0.11158837E+002  0.39857795E+002  0.74941201E+002  0.11297015E+003  0.14887911E+003
 -0.70943425E+000 -0.54465999E+000 -0.29134888E+000 -0.99071859E-001 -0.45700430E-001  0.62064413E+000  0.11158836E+002  0.39857843E+002  0.74941202E+002  0.11297015E+003  0.14887911E+003
 -0.70947046E+000 -0.54469163E+000 -0.29137673E+000 -0.99075903E-001 -0.45710218E-001  0.62063272E+000  0.11158836E+002  0.39857885E+002  0.74941202E+002  0.11297015E+003  0.14887911E+003
 -0.70950581E+000 -0.54472330E+000 -0.29140570E+000 -0.99079996E-001 -0.45719164E-001  0.62062087E+000  0.11158836E+002  0.39857920E+002  0.74941203E+002  0.11297015E+003  0.14887911E+003
 -0.70954017E+000 -0.54475481E+000 -0.29143552E+000 -0.99084115E-001 -0.45727348E-001  0.62060869E+000  0.11158835E+002  0.39857950E+002  0.74941203E+002  0.11297015E+003  0.14887911E+003
 -0.70957346E+000 -0.54478597E+000 -0.29146598E+000 -0.99088238E-001 -0.45734848E-001  0.62059627E+000  0.11158835E+002  0.39857976E+002  0.74941204E+002  0.11297015E+003  0.14887911E+003
 -0.70960562E+000 -0.54481668E+000 -0.29149688E+000 -0.99092348E-001 -0.45741730E-001  0.62058371E+000  0.11158835E+002  0.39857997E+002  0.74941204E+002  0.11297015E+003  0.14887911E+003
 -0.70963662E+000 -0.54484681E+000 -0.29152803E+000 -0.99096427E-001 -0.45748050E-001  0.62057108E+000  0.11158834E+002  0.39858016E+002  0.74941204E+002  0.11297015E+003  0.14887911E+003
 -0.70966644E+000 -0.54487628E+000 -0.29155931E+000 -0.99100462E-001 -0.45753860E-001  0.62055845E+000  0.11158834E+002  0.39858031E+002  0.74941204E+002  0.11297015E+003  0.14887911E+003
 -0.70969509E+000 -0.54490505E+000 -0.29159056E+000 -0.99104437E-001 -0.45759204E-001  0.62054588E+000  0.11158834E+002  0.39858045E+002  0.74941205E+002  0.11297015E+003  0.14887911E+003
 -0.70972256E+000 -0.54493305E+000 -0.29162168E+000 -0.99108342E-001 -0.45764123E-001  0.62053342E+000  0.11158833E+002  0.39858056E+002  0.74941205E+002  0.11297015E+003  0.14887911E+003
 -0.70974888E+000 -0.54496026E+000 -0.29165257E+000 -0.99112165E-001 -0.45768652E-001  0.62052113E+000  0.11158833E+002  0.39858066E+002  0.74941205E+002  0.11297015E+003  0.14887911E+003
 -0.70977407E+000 -0.54498666E+000 -0.29168314E+000 -0.99115897E-001 -0.45772823E-001  0.62050905E+000  0.11158833E+002  0.39858074E+002  0.74941205E+002  0.11297015E+003  0.14887911E+003
 -0.70979815E+000 -0.54501224E+000 -0.29171331E+000 -0.99119529E-001 -0.45776665E-001  0.62049721E+000  0.11158833E+002  0.39858081E+002  0.74941205E+002  0.11297015E+003  0.14887911E+003
 -0.70982115E+000 -0.54503699E+000 -0.29174302E+000 -0.99123053E-001 -0.45780205E-001  0.62048567E+000  0.11158832E+002  0.39858088E+002  0.74941205E+002  0.11297015E+003  0.14887911E+003
 -0.70984312E+000 -0.54506092E+000 -0.29177220E+000 -0.99126463E-001 -0.45783467E-001  0.62047444E+000  0.11158832E+002  0.39858094E+002  0.74941206E+002  0.11297015E+003  0.14887911E+003
 -0.70986410E+000 -0.54508405E+000 -0.29180082E+000 -0.99129753E-001 -0.45786474E-001  0.62046356E+000  0.11158832E+002  0.39858100E+002  0.74941206E+002  0.11297015E+003  0.14887911E+003
 -0.70988411E+000 -0.54510639E+000 -0.29182882E+000 -0.99132919E-001 -0.45789245E-001  0.62045306E+000  0.11158832E+002  0.39858105E+002  0.74941206E+002  0.11297015E+003  0.14887911E+003
 -0.70990322E+000 -0.54512795E+000 -0.29185617E+000 -0.99135958E-001 -0.45791803E-001  0.62044294E+000  0.11158831E+002  0.39858110E+002  0.74941206E+002  0.11297015E+003  0.14887911E+003
 -0.70992146E+000 -0.54514878E+000 -0.29188285E+000 -0.99138868E-001 -0.45794163E-001  0.62043324E+000  0.11158831E+002  0.39858116E+002  0.74941206E+002  0.11297015E+003  0.14887911E+003
 -0.70993888E+000 -0.54516890E+000 -0.29190882E+000 -0.99141648E-001 -0.45796345E-001  0.62042395E+000  0.11158831E+002  0.39858121E+002  0.74941206E+002  0.11297015E+003  0.14887911E+003
 -0.70995553E+000 -0.54518834E+000 -0.29193408E+000 -0.99144297E-001 -0.45798362E-001  0.62041509E+000  0.11158831E+002  0.39858126E+002  0.74941206E+002  0.11297015E+003  0.14887911E+003
 -0.70997147E+000 -0.54520713E+000 -0.29195860E+000 -0.99146817E-001 -0.45800232E-001  0.62040665E+000  0.11158830E+002  0.39858132E+002  0.74941207E+002  0.11297015E+003  0.14887911E+003
 -0.70998672E+000 -0.54522531E+000 -0.29198238E+000 -0.99149209E-001 -0.45801965E-001  0.62039865E+000  0.11158830E+002  0.39858137E+002  0.74941207E+002  0.11297015E+003  0.14887911E+003
 -0.71000135E+000 -0.54524292E+000 -0.29200541E+000 -0.99151475E-001 -0.45803576E-001  0.62039108E+000  0.11158830E+002  0.39858143E+002  0.74941207E+002  0.11297015E+003  0.14887911E+003
 -0.71001538E+000 -0.54525998E+000 -0.29202768E+000 -0.99153620E-001 -0.45805075E-001  0.62038393E+000  0.11158830E+002  0.39858149E+002  0.74941207E+002  0.11297015E+003  0.14887911E+003
 -0.71002887E+000 -0.54527653E+000 -0.29204920E+000 -0.99155645E-001 -0.45806473E-001  0.62037718E+000  0.11158830E+002  0.39858154E+002  0.74941207E+002  0.11297015E+003  0.14887911E+003
 -0.71004186E+000 -0.54529259E+000 -0.29206995E+000 -0.99157556E-001 -0.45807778E-001  0.62037084E+000  0.11158829E+002  0.39858160E+002  0.74941207E+002  0.11297015E+003  0.14887911E+003
 -0.71005436E+000 -0.54530819E+000 -0.29208994E+000 -0.99159356E-001 -0.45808998E-001  0.62036487E+000  0.11158829E+002  0.39858166E+002  0.74941207E+002  0.11297015E+003  0.14887911E+003
 -0.71006642E+000 -0.54532335E+000 -0.29210917E+000 -0.99161051E-001 -0.45810140E-001  0.62035927E+000  0.11158829E+002  0.39858171E+002  0.74941207E+002  0.11297015E+003  0.14887911E+003
 -0.71007806E+000 -0.54533808E+000 -0.29212764E+000 -0.99162644E-001 -0.45811212E-001  0.62035402E+000  0.11158829E+002  0.39858177E+002  0.74941208E+002  0.11297015E+003  0.14887911E+003
 -0.71008930E+000 -0.54535241E+000 -0.29214535E+000 -0.99164141E-001 -0.45812217E-001  0.62034909E+000  0.11158828E+002  0.39858182E+002  0.74941208E+002  0.11297015E+003  0.14887911E+003
 -0.71010016E+000 -0.54536634E+000 -0.29216231E+000 -0.99165546E-001 -0.45813161E-001  0.62034447E+000  0.11158828E+002  0.39858186E+002  0.74941208E+002  0.11297015E+003  0.14887911E+003
 -0.71011067E+000 -0.54537987E+000 -0.29217851E+000 -0.99166863E-001 -0.45814049E-001  0.62034013E+000  0.11158828E+002  0.39858191E+002  0.74941208E+002  0.11297015E+003  0.14887911E+003
 -0.71012081E+000 -0.54539302E+000 -0.29219397E+000 -0.99168098E-001 -0.45814883E-001  0.62033605E+000  0.11158828E+002  0.39858194E+002  0.74941208E+002  0.11297015E+003  0.14887911E+003
 -0.71013062E+000 -0.54540577E+000 -0.29220868E+000 -0.99169253E-001 -0.45815668E-001  0.62033221E+000  0.11158828E+002  0.39858197E+002  0.74941208E+002  0.11297015E+003  0.14887911E+003
 -0.71014009E+000 -0.54541812E+000 -0.29222265E+000 -0.99170334E-001 -0.45816406E-001  0.62032859E+000  0.11158827E+002  0.39858199E+002  0.74941208E+002  0.11297015E+003  0.14887911E+003
 -0.71014923E+000 -0.54543008E+000 -0.29223590E+000 -0.99171345E-001 -0.45817100E-001  0.62032516E+000  0.11158827E+002  0.39858201E+002  0.74941208E+002  0.11297015E+003  0.14887911E+003
 -0.71015805E+000 -0.54544162E+000 -0.29224842E+000 -0.99172288E-001 -0.45817752E-001  0.62032191E+000  0.11158827E+002  0.39858201E+002  0.74941208E+002  0.11297015E+003  0.14887911E+003
 -0.71016653E+000 -0.54545276E+000 -0.29226024E+000 -0.99173167E-001 -0.45818365E-001  0.62031882E+000  0.11158827E+002  0.39858201E+002  0.74941208E+002  0.11297015E+003  0.14887911E+003
 -0.71017468E+000 -0.54546346E+000 -0.29227136E+000 -0.99173986E-001 -0.45818941E-001  0.62031588E+000  0.11158826E+002  0.39858200E+002  0.74941209E+002  0.11297015E+003  0.14887911E+003
 -0.71018251E+000 -0.54547374E+000 -0.29228180E+000 -0.99174748E-001 -0.45819481E-001  0.62031305E+000  0.11158826E+002  0.39858197E+002  0.74941209E+002  0.11297015E+003  0.14887911E+003
 -0.71019001E+000 -0.54548357E+000 -0.29229158E+000 -0.99175456E-001 -0.45819988E-001  0.62031034E+000  0.11158826E+002  0.39858193E+002  0.74941209E+002  0.11297015E+003  0.14887911E+003
 -0.71019718E+000 -0.54549296E+000 -0.29230071E+000 -0.99176113E-001 -0.45820463E-001  0.62030772E+000  0.11158826E+002  0.39858188E+002  0.74941209E+002  0.11297015E+003  0.14887911E+003
 -0.71020401E+000 -0.54550189E+000 -0.29230922E+000 -0.99176721E-001 -0.45820908E-001  0.62030518E+000  0.11158825E+002  0.39858181E+002  0.74941209E+002  0.11297015E+003  0.14887911E+003
 -0.71021052E+000 -0.54551037E+000 -0.29231712E+000 -0.99177284E-001 -0.45821326E-001  0.62030271E+000  0.11158825E+002  0.39858173E+002  0.74941209E+002  0.11297015E+003  0.14887911E+003
 -0.71021669E+000 -0.54551839E+000 -0.29232446E+000 -0.99177804E-001 -0.45821716E-001  0.62030030E+000  0.11158825E+002  0.39858164E+002  0.74941209E+002  0.11297015E+003  0.14887911E+003
 -0.71022254E+000 -0.54552596E+000 -0.29233123E+000 -0.99178283E-001 -0.45822081E-001  0.62029794E+000  0.11158825E+002  0.39858152E+002  0.74941209E+002  0.11297015E+003  0.14887911E+003
 -0.71022806E+000 -0.54553308E+000 -0.29233749E+000 -0.99178724E-001 -0.45822423E-001  0.62029563E+000  0.11158824E+002  0.39858140E+002  0.74941209E+002  0.11297015E+003  0.14887911E+003
 -0.71023326E+000 -0.54553975E+000 -0.29234324E+000 -0.99179129E-001 -0.45822743E-001  0.62029336E+000  0.11158824E+002  0.39858125E+002  0.74941209E+002  0.11297015E+003  0.14887911E+003
 -0.71023814E+000 -0.54554598E+000 -0.29234853E+000 -0.99179501E-001 -0.45823041E-001  0.62029111E+000  0.11158824E+002  0.39858109E+002  0.74941209E+002  0.11297015E+003  0.14887911E+003
 -0.71024271E+000 -0.54555178E+000 -0.29235337E+000 -0.99179841E-001 -0.45823321E-001  0.62028890E+000  0.11158823E+002  0.39858090E+002  0.74941209E+002  0.11297015E+003  0.14887911E+003
 -0.71024697E+000 -0.54555717E+000 -0.29235780E+000 -0.99180152E-001 -0.45823581E-001  0.62028670E+000  0.11158823E+002  0.39858070E+002  0.74941209E+002  0.11297015E+003  0.14887911E+003
 -0.71025095E+000 -0.54556216E+000 -0.29236184E+000 -0.99180436E-001 -0.45823825E-001  0.62028453E+000  0.11158823E+002  0.39858048E+002  0.74941209E+002  0.11297015E+003  0.14887911E+003
 -0.71025463E+000 -0.54556676E+000 -0.29236552E+000 -0.99180695E-001 -0.45824052E-001  0.62028237E+000  0.11158823E+002  0.39858025E+002  0.74941209E+002  0.11297015E+003  0.14887911E+003
 -0.71025805E+000 -0.54557099E+000 -0.29236886E+000 -0.99180931E-001 -0.45824265E-001  0.62028023E+000  0.11158822E+002  0.39857999E+002  0.74941209E+002  0.11297015E+003  0.14887911E+003
 -0.71026120E+000 -0.54557488E+000 -0.29237189E+000 -0.99181145E-001 -0.45824464E-001  0.62027810E+000  0.11158822E+002  0.39857971E+002  0.74941209E+002  0.11297015E+003  0.14887911E+003
 -0.71026410E+000 -0.54557843E+000 -0.29237464E+000 -0.99181339E-001 -0.45824650E-001  0.62027598E+000  0.11158822E+002  0.39857942E+002  0.74941208E+002  0.11297015E+003  0.14887911E+003
 -0.71026676E+000 -0.54558167E+000 -0.29237713E+000 -0.99181516E-001 -0.45824823E-001  0.62027388E+000  0.11158821E+002  0.39857910E+002  0.74941208E+002  0.11297015E+003  0.14887911E+003
 -0.71026920E+000 -0.54558461E+000 -0.29237938E+000 -0.99181676E-001 -0.45824986E-001  0.62027179E+000  0.11158821E+002  0.39857877E+002  0.74941208E+002  0.11297015E+003  0.14887911E+003
 -0.71027142E+000 -0.54558729E+000 -0.29238141E+000 -0.99181821E-001 -0.45825139E-001  0.62026971E+000  0.11158821E+002  0.39857842E+002  0.74941208E+002  0.11297015E+003  0.14887911E+003
 -0.71027345E+000 -0.54558971E+000 -0.29238324E+000 -0.99181953E-001 -0.45825282E-001  0.62026764E+000  0.11158821E+002  0.39857805E+002  0.74941208E+002  0.11297015E+003  0.14887911E+003
 -0.71027529E+000 -0.54559190E+000 -0.29238488E+000 -0.99182072E-001 -0.45825416E-001  0.62026559E+000  0.11158820E+002  0.39857766E+002  0.74941208E+002  0.11297015E+003  0.14887911E+003
 -0.71027696E+000 -0.54559387E+000 -0.29238637E+000 -0.99182180E-001 -0.45825543E-001  0.62026354E+000  0.11158820E+002  0.39857725E+002  0.74941207E+002  0.11297015E+003  0.14887911E+003
 -0.71027848E+000 -0.54559565E+000 -0.29238770E+000 -0.99182278E-001 -0.45825662E-001  0.62026151E+000  0.11158820E+002  0.39857683E+002  0.74941207E+002  0.11297015E+003  0.14887911E+003
 -0.71027985E+000 -0.54559724E+000 -0.29238890E+000 -0.99182367E-001 -0.45825774E-001  0.62025950E+000  0.11158819E+002  0.39857639E+002  0.74941207E+002  0.11297015E+003  0.14887911E+003
 -0.71028108E+000 -0.54559868E+000 -0.29238998E+000 -0.99182448E-001 -0.45825880E-001  0.62025750E+000  0.11158819E+002  0.39857593E+002  0.74941207E+002  0.11297015E+003  0.14887910E+003
 -0.71028220E+000 -0.54559996E+000 -0.29239095E+000 -0.99182522E-001 -0.45825980E-001  0.62025552E+000  0.11158819E+002  0.39857546E+002  0.74941207E+002  0.11297015E+003  0.14887910E+003
 -0.71028320E+000 -0.54560111E+000 -0.29239182E+000 -0.99182589E-001 -0.45826075E-001  0.62025355E+000  0.11158818E+002  0.39857497E+002  0.74941206E+002  0.11297015E+003  0.14887910E+003
 -0.71028411E+000 -0.54560214E+000 -0.29239261E+000 -0.99182651E-001 -0.45826166E-001  0.62025160E+000  0.11158818E+002  0.39857446E+002  0.74941206E+002  0.11297015E+003  0.14887910E+003
 -0.71028492E+000 -0.54560307E+000 -0.29239331E+000 -0.99182708E-001 -0.45826252E-001  0.62024967E+000  0.11158818E+002  0.39857394E+002  0.74941206E+002  0.11297015E+003  0.14887910E+003
 -0.71028566E+000 -0.54560389E+000 -0.29239395E+000 -0.99182760E-001 -0.45826334E-001  0.62024776E+000  0.11158818E+002  0.39857341E+002  0.74941205E+002  0.11297015E+003  0.14887910E+003
 -0.71028632E+000 -0.54560463E+000 -0.29239452E+000 -0.99182808E-001 -0.45826413E-001  0.62024588E+000  0.11158817E+002  0.39857286E+002  0.74941205E+002  0.11297015E+003  0.14887910E+003
 -0.71028691E+000 -0.54560529E+000 -0.29239504E+000 -0.99182852E-001 -0.45826488E-001  0.62024401E+000  0.11158817E+002  0.39857230E+002  0.74941205E+002  0.11297015E+003  0.14887910E+003
 -0.71028745E+000 -0.54560589E+000 -0.29239551E+000 -0.99182893E-001 -0.45826560E-001  0.62024217E+000  0.11158817E+002  0.39857172E+002  0.74941204E+002  0.11297015E+003  0.14887910E+003
 -0.71028794E+000 -0.54560642E+000 -0.29239594E+000 -0.99182932E-001 -0.45826629E-001  0.62024035E+000  0.11158816E+002  0.39857113E+002  0.74941204E+002  0.11297015E+003  0.14887910E+003
 -0.71028838E+000 -0.54560690E+000 -0.29239632E+000 -0.99182967E-001 -0.45826696E-001  0.62023856E+000  0.11158816E+002  0.39857053E+002  0.74941204E+002  0.11297015E+003  0.14887910E+003
 -0.71028878E+000 -0.54560734E+000 -0.29239667E+000 -0.99183001E-001 -0.45826760E-001  0.62023679E+000  0.11158816E+002  0.39856992E+002  0.74941203E+002  0.11297015E+003  0.14887910E+003
 -0.71028914E+000 -0.54560773E+000 -0.29239699E+000 -0.99183033E-001 -0.45826822E-001  0.62023505E+000  0.11158816E+002  0.39856929E+002  0.74941203E+002  0.11297015E+003  0.14887910E+003
 -0.71028947E+000 -0.54560808E+000 -0.29239729E+000 -0.99183062E-001 -0.45826882E-001  0.62023333E+000  0.11158815E+002  0.39856866E+002  0.74941202E+002  0.11297015E+003  0.14887910E+003
 -0.71028978E+000 -0.54560841E+000 -0.29239756E+000 -0.99183090E-001 -0.45826940E-001  0.62023165E+000  0.11158815E+002  0.39856802E+002  0.74941202E+002  0.11297015E+003  0.14887910E+003
 -0.71029005E+000 -0.54560870E+000 -0.29239780E+000 -0.99183117E-001 -0.45826996E-001  0.62022999E+000  0.11158815E+002  0.39856737E+002  0.74941201E+002  0.11297015E+003  0.14887910E+003
 -0.71029031E+000 -0.54560897E+000 -0.29239803E+000 -0.99183143E-001 -0.45827051E-001  0.62022836E+000  0.11158814E+002  0.39856671E+002  0.74941201E+002  0.11297015E+003  0.14887910E+003
 -0.71029055E+000 -0.54560921E+000 -0.29239824E+000 -0.99183167E-001 -0.45827103E-001  0.62022676E+000  0.11158814E+002  0.39856604E+002  0.74941200E+002  0.11297015E+003  0.14887910E+003
 -0.71029076E+000 -0.54560944E+000 -0.29239844E+000 -0.99183190E-001 -0.45827155E-001  0.62022519E+000  0.11158814E+002  0.39856536E+002  0.74941200E+002  0.11297015E+003  0.14887910E+003
 -0.71029097E+000 -0.54560965E+000 -0.29239862E+000 -0.99183212E-001 -0.45827204E-001  0.62022366E+000  0.11158814E+002  0.39856468E+002  0.74941199E+002  0.11297015E+003  0.14887910E+003
 -0.71029116E+000 -0.54560985E+000 -0.29239879E+000 -0.99183233E-001 -0.45827253E-001  0.62022215E+000  0.11158813E+002  0.39856400E+002  0.74941199E+002  0.11297015E+003  0.14887910E+003
 -0.71029133E+000 -0.54561003E+000 -0.29239895E+000 -0.99183254E-001 -0.45827300E-001  0.62022068E+000  0.11158813E+002  0.39856330E+002  0.74941198E+002  0.11297015E+003  0.14887910E+003
 -0.71029150E+000 -0.54561020E+000 -0.29239910E+000 -0.99183273E-001 -0.45827346E-001  0.62021923E+000  0.11158813E+002  0.39856261E+002  0.74941198E+002  0.11297015E+003  0.14887910E+003
 -0.71029166E+000 -0.54561035E+000 -0.29239924E+000 -0.99183292E-001 -0.45827390E-001  0.62021782E+000  0.11158813E+002  0.39856190E+002  0.74941197E+002  0.11297015E+003  0.14887910E+003
 -0.71029181E+000 -0.54561050E+000 -0.29239938E+000 -0.99183311E-001 -0.45827434E-001  0.62021644E+000  0.11158812E+002  0.39856120E+002  0.74941197E+002  0.11297015E+003  0.14887910E+003
 -0.71029195E+000 -0.54561064E+000 -0.29239950E+000 -0.99183328E-001 -0.45827476E-001  0.62021510E+000  0.11158812E+002  0.39856049E+002  0.74941196E+002  0.11297015E+003  0.14887909E+003
 -0.71029208E+000 -0.54561078E+000 -0.29239963E+000 -0.99183345E-001 -0.45827517E-001  0.62021378E+000  0.11158812E+002  0.39855978E+002  0.74941196E+002  0.11297015E+003  0.14887909E+003
 -0.71029220E+000 -0.54561090E+000 -0.29239974E+000 -0.99183362E-001 -0.45827557E-001  0.62021250E+000  0.11158812E+002  0.39855907E+002  0.74941195E+002  0.11297015E+003  0.14887909E+003
 -0.71029233E+000 -0.54561102E+000 -0.29239985E+000 -0.99183378E-001 -0.45827596E-001  0.62021125E+000  0.11158811E+002  0.39855836E+002  0.74941194E+002  0.11297015E+003  0.14887909E+003
 -0.71029244E+000 -0.54561113E+000 -0.29239996E+000 -0.99183393E-001 -0.45827633E-001  0.62021003E+000  0.11158811E+002  0.39855765E+002  0.74941194E+002  0.11297015E+003  0.14887909E+003
 -0.71029255E+000 -0.54561124E+000 -0.29240006E+000 -0.99183408E-001 -0.45827670E-001  0.62020885E+000  0.11158811E+002  0.39855693E+002  0.74941193E+002  0.11297015E+003  0.14887909E+003
 -0.71029266E+000 -0.54561135E+000 -0.29240015E+000 -0.99183422E-001 -0.45827706E-001  0.62020770E+000  0.11158811E+002  0.39855622E+002  0.74941192E+002  0.11297015E+003  0.14887909E+003
 -0.71029276E+000 -0.54561144E+000 -0.29240024E+000 -0.99183436E-001 -0.45827740E-001  0.62020657E+000  0.11158811E+002  0.39855551E+002  0.74941192E+002  0.11297015E+003  0.14887909E+003
 -0.71029285E+000 -0.54561154E+000 -0.29240033E+000 -0.99183450E-001 -0.45827774E-001  0.62020548E+000  0.11158810E+002  0.39855480E+002  0.74941191E+002  0.11297015E+003  0.14887909E+003
 -0.71029295E+000 -0.54561163E+000 -0.29240042E+000 -0.99183463E-001 -0.45827807E-001  0.62020442E+000  0.11158810E+002  0.39855409E+002  0.74941191E+002  0.11297015E+003  0.14887909E+003
 -0.71029304E+000 -0.54561172E+000 -0.29240050E+000 -0.99183475E-001 -0.45827838E-001  0.62020340E+000  0.11158810E+002  0.39855339E+002  0.74941190E+002  0.11297015E+003  0.14887909E+003
 -0.71029312E+000 -0.54561180E+000 -0.29240058E+000 -0.99183488E-001 -0.45827869E-001  0.62020240E+000  0.11158810E+002  0.39855268E+002  0.74941189E+002  0.11297015E+003  0.14887909E+003
 -0.71029320E+000 -0.54561188E+000 -0.29240065E+000 -0.99183500E-001 -0.45827899E-001  0.62020143E+000  0.11158810E+002  0.39855198E+002  0.74941189E+002  0.11297015E+003  0.14887909E+003
 -0.71029328E+000 -0.54561196E+000 -0.29240073E+000 -0.99183511E-001 -0.45827928E-001  0.62020049E+000  0.11158809E+002  0.39855129E+002  0.74941188E+002  0.11297015E+003  0.14887909E+003
 -0.71029336E+000 -0.54561204E+000 -0.29240080E+000 -0.99183522E-001 -0.45827956E-001  0.62019958E+000  0.11158809E+002  0.39855060E+002  0.74941187E+002  0.11297015E+003  0.14887909E+003
 -0.71029344E+000 -0.54561211E+000 -0.29240087E+000 -0.99183533E-001 -0.45827983E-001  0.62019870E+000  0.11158809E+002  0.39854991E+002  0.74941186E+002  0.11297015E+003  0.14887909E+003
 -0.71029351E+000 -0.54561218E+000 -0.29240093E+000 -0.99183543E-001 -0.45828009E-001  0.62019785E+000  0.11158809E+002  0.39854923E+002  0.74941186E+002  0.11297015E+003  0.14887909E+003
 -0.71029358E+000 -0.54561224E+000 -0.29240099E+000 -0.99183553E-001 -0.45828035E-001  0.62019702E+000  0.11158809E+002  0.39854856E+002  0.74941185E+002  0.11297015E+003  0.14887909E+003
 -0.71029364E+000 -0.54561231E+000 -0.29240105E+000 -0.99183563E-001 -0.45828059E-001  0.62019622E+000  0.11158809E+002  0.39854789E+002  0.74941184E+002  0.11297015E+003  0.14887908E+003
 -0.71029371E+000 -0.54561237E+000 -0.29240111E+000 -0.99183572E-001 -0.45828083E-001  0.62019545E+000  0.11158808E+002  0.39854723E+002  0.74941184E+002  0.11297015E+003  0.14887908E+003
 -0.71029377E+000 -0.54561243E+000 -0.29240117E+000 -0.99183582E-001 -0.45828106E-001  0.62019470E+000  0.11158808E+002  0.39854657E+002  0.74941183E+002  0.11297015E+003  0.14887908E+003
 -0.71029383E+000 -0.54561249E+000 -0.29240122E+000 -0.99183590E-001 -0.45828128E-001  0.62019398E+000  0.11158808E+002  0.39854592E+002  0.74941182E+002  0.11297015E+003  0.14887908E+003
 -0.71029388E+000 -0.54561254E+000 -0.29240128E+000 -0.99183599E-001 -0.45828150E-001  0.62019329E+000  0.11158808E+002  0.39854528E+002  0.74941182E+002  0.11297015E+003  0.14887908E+003
 -0.71029394E+000 -0.54561260E+000 -0.29240133E+000 -0.99183607E-001 -0.45828171E-001  0.62019261E+000  0.11158808E+002  0.39854464E+002  0.74941181E+002  0.11297015E+003  0.14887908E+003
 -0.71029399E+000 -0.54561265E+000 -0.29240137E+000 -0.99183615E-001 -0.45828191E-001  0.62019197E+000  0.11158808E+002  0.39854402E+002  0.74941180E+002  0.11297015E+003  0.14887908E+003
 -0.71029404E+000 -0.54561270E+000 -0.29240142E+000 -0.99183622E-001 -0.45828210E-001  0.62019134E+000  0.11158808E+002  0.39854340E+002  0.74941179E+002  0.11297015E+003  0.14887908E+003
 -0.71029409E+000 -0.54561274E+000 -0.29240147E+000 -0.99183630E-001 -0.45828228E-001  0.62019074E+000  0.11158807E+002  0.39854279E+002  0.74941179E+002  0.11297015E+003  0.14887908E+003
 -0.71029414E+000 -0.54561279E+000 -0.29240151E+000 -0.99183637E-001 -0.45828246E-001  0.62019016E+000  0.11158807E+002  0.39854219E+002  0.74941178E+002  0.11297015E+003  0.14887908E+003
 -0.71029418E+000 -0.54561283E+000 -0.29240155E+000 -0.99183643E-001 -0.45828264E-001  0.62018960E+000  0.11158807E+002  0.39854160E+002  0.74941177E+002  0.11297015E+003  0.14887908E+003
 -0.71029423E+000 -0.54561287E+000 -0.29240159E+000 -0.99183650E-001 -0.45828280E-001  0.62018906E+000  0.11158807E+002  0.39854101E+002  0.74941177E+002  0.11297015E+003  0.14887908E+003
 -0.71029427E+000 -0.54561291E+000 -0.29240163E+000 -0.99183656E-001 -0.45828296E-001  0.62018854E+000  0.11158807E+002  0.39854044E+002  0.74941176E+002  0.11297015E+003  0.14887908E+003
 -0.71029431E+000 -0.54561295E+000 -0.29240167E+000 -0.99183662E-001 -0.45828312E-001  0.62018804E+000  0.11158807E+002  0.39853987E+002  0.74941175E+002  0.11297015E+003  0.14887908E+003
 -0.71029435E+000 -0.54561299E+000 -0.29240170E+000 -0.99183668E-001 -0.45828326E-001  0.62018756E+000  0.11158807E+002  0.39853932E+002  0.74941175E+002  0.11297015E+003  0.14887907E+003
 -0.71029438E+000 -0.54561303E+000 -0.29240174E+000 -0.99183674E-001 -0.45828341E-001  0.62018710E+000  0.11158807E+002  0.39853877E+002  0.74941174E+002  0.11297015E+003  0.14887907E+003
 -0.71029442E+000 -0.54561306E+000 -0.29240177E+000 -0.99183679E-001 -0.45828354E-001  0.62018666E+000  0.11158807E+002  0.39853824E+002  0.74941173E+002  0.11297014E+003  0.14887907E+003
 -0.71029445E+000 -0.54561309E+000 -0.29240180E+000 -0.99183684E-001 -0.45828367E-001  0.62018623E+000  0.11158807E+002  0.39853771E+002  0.74941173E+002  0.11297014E+003  0.14887907E+003
 -0.71029449E+000 -0.54561313E+000 -0.29240183E+000 -0.99183689E-001 -0.45828380E-001  0.62018582E+000  0.11158806E+002  0.39853719E+002  0.74941172E+002  0.11297014E+003  0.14887907E+003
 -0.71029452E+000 -0.54561316E+000 -0.29240186E+000 -0.99183694E-001 -0.45828392E-001  0.62018543E+000  0.11158806E+002  0.39853668E+002  0.74941171E+002  0.11297014E+003  0.14887907E+003
 -0.71029455E+000 -0.54561318E+000 -0.29240189E+000 -0.99183698E-001 -0.45828404E-001  0.62018505E+000  0.11158806E+002  0.39853619E+002  0.74941171E+002  0.11297014E+003  0.14887907E+003
 -0.71029458E+000 -0.54561321E+000 -0.29240191E+000 -0.99183703E-001 -0.45828415E-001  0.62018469E+000  0.11158806E+002  0.39853570E+002  0.74941170E+002  0.11297014E+003  0.14887907E+003
 -0.71029460E+000 -0.54561324E+000 -0.29240194E+000 -0.99183707E-001 -0.45828426E-001  0.62018434E+000  0.11158806E+002  0.39853522E+002  0.74941169E+002  0.11297014E+003  0.14887907E+003
 -0.71029463E+000 -0.54561326E+000 -0.29240196E+000 -0.99183711E-001 -0.45828436E-001  0.62018400E+000  0.11158806E+002  0.39853475E+002  0.74941169E+002  0.11297014E+003  0.14887907E+003
 -0.71029466E+000 -0.54561329E+000 -0.29240198E+000 -0.99183715E-001 -0.45828446E-001  0.62018368E+000  0.11158806E+002  0.39853429E+002  0.74941168E+002  0.11297014E+003  0.14887907E+003
 -0.71029468E+000 -0.54561331E+000 -0.29240201E+000 -0.99183719E-001 -0.45828455E-001  0.62018338E+000  0.11158806E+002  0.39853385E+002  0.74941167E+002  0.11297014E+003  0.14887907E+003
 -0.71029470E+000 -0.54561333E+000 -0.29240203E+000 -0.99183722E-001 -0.45828464E-001  0.62018308E+000  0.11158806E+002  0.39853341E+002  0.74941167E+002  0.11297014E+003  0.14887906E+003
 -0.71029472E+000 -0.54561336E+000 -0.29240205E+000 -0.99183726E-001 -0.45828473E-001  0.62018280E+000  0.11158806E+002  0.39853298E+002  0.74941166E+002  0.11297014E+003  0.14887906E+003
 -0.71029475E+000 -0.54561338E+000 -0.29240207E+000 -0.99183729E-001 -0.45828481E-001  0.62018253E+000  0.11158806E+002  0.39853256E+002  0.74941166E+002  0.11297014E+003  0.14887906E+003
 -0.71029477E+000 -0.54561340E+000 -0.29240209E+000 -0.99183732E-001 -0.45828489E-001  0.62018227E+000  0.11158806E+002  0.39853215E+002  0.74941165E+002  0.11297014E+003  0.14887906E+003
 -0.71029479E+000 -0.54561341E+000 -0.29240210E+000 -0.99183735E-001 -0.45828497E-001  0.62018202E+000  0.11158806E+002  0.39853175E+002  0.74941165E+002  0.11297014E+003  0.14887906E+003
 -0.71029480E+000 -0.54561343E+000 -0.29240212E+000 -0.99183738E-001 -0.45828504E-001  0.62018178E+000  0.11158806E+002  0.39853136E+002  0.74941164E+002  0.11297014E+003  0.14887906E+003
 -0.71029482E+000 -0.54561345E+000 -0.29240214E+000 -0.99183741E-001 -0.45828511E-001  0.62018155E+000  0.11158805E+002  0.39853098E+002  0.74941163E+002  0.11297014E+003  0.14887906E+003
 -0.71029484E+000 -0.54561347E+000 -0.29240215E+000 -0.99183743E-001 -0.45828518E-001  0.62018134E+000  0.11158805E+002  0.39853061E+002  0.74941163E+002  0.11297014E+003  0.14887906E+003
 -0.71029485E+000 -0.54561348E+000 -0.29240217E+000 -0.99183746E-001 -0.45828524E-001  0.62018113E+000  0.11158805E+002  0.39853025E+002  0.74941162E+002  0.11297014E+003  0.14887906E+003
 -0.71029487E+000 -0.54561350E+000 -0.29240218E+000 -0.99183748E-001 -0.45828530E-001  0.62018093E+000  0.11158805E+002  0.39852990E+002  0.74941162E+002  0.11297014E+003  0.14887906E+003
 -0.71029489E+000 -0.54561351E+000 -0.29240220E+000 -0.99183750E-001 -0.45828536E-001  0.62018074E+000  0.11158805E+002  0.39852955E+002  0.74941161E+002  0.11297014E+003  0.14887905E+003
 -0.71029490E+000 -0.54561352E+000 -0.29240221E+000 -0.99183753E-001 -0.45828542E-001  0.62018055E+000  0.11158805E+002  0.39852922E+002  0.74941161E+002  0.11297014E+003  0.14887905E+003
 -0.71029491E+000 -0.54561354E+000 -0.29240222E+000 -0.99183755E-001 -0.45828547E-001  0.62018038E+000  0.11158805E+002  0.39852889E+002  0.74941160E+002  0.11297014E+003  0.14887905E+003
 -0.71029493E+000 -0.54561355E+000 -0.29240223E+000 -0.99183757E-001 -0.45828552E-001  0.62018021E+000  0.11158805E+002  0.39852857E+002  0.74941160E+002  0.11297014E+003  0.14887905E+003
 -0.71029494E+000 -0.54561356E+000 -0.29240224E+000 -0.99183759E-001 -0.45828557E-001  0.62018005E+000  0.11158805E+002  0.39852826E+002  0.74941159E+002  0.11297014E+003  0.14887905E+003
 -0.71029495E+000 -0.54561357E+000 -0.29240225E+000 -0.99183761E-001 -0.45828562E-001  0.62017990E+000  0.11158805E+002  0.39852796E+002  0.74941159E+002  0.11297014E+003  0.14887905E+003
 -0.71029496E+000 -0.54561358E+000 -0.29240226E+000 -0.99183762E-001 -0.45828566E-001  0.62017975E+000  0.11158805E+002  0.39852767E+002  0.74941158E+002  0.11297014E+003  0.14887905E+003
 -0.71029497E+000 -0.54561359E+000 -0.29240227E+000 -0.99183764E-001 -0.45828570E-001  0.62017962E+000  0.11158805E+002  0.39852739E+002  0.74941158E+002  0.11297014E+003  0.14887905E+003
 -0.71029498E+000 -0.54561360E+000 -0.29240228E+000 -0.99183766E-001 -0.45828574E-001  0.62017948E+000  0.11158805E+002  0.39852711E+002  0.74941157E+002  0.11297014E+003  0.14887905E+003
 -0.71029499E+000 -0.54561361E+000 -0.29240229E+000 -0.99183767E-001 -0.45828578E-001  0.62017936E+000  0.11158805E+002  0.39852684E+002  0.74941157E+002  0.11297014E+003  0.14887905E+003
 -0.71029500E+000 -0.54561362E+000 -0.29240230E+000 -0.99183769E-001 -0.45828582E-001  0.62017923E+000  0.11158805E+002  0.39852658E+002  0.74941156E+002  0.11297014E+003  0.14887904E+003
 -0.71029501E+000 -0.54561363E+000 -0.29240231E+000 -0.99183770E-001 -0.45828585E-001  0.62017912E+000  0.11158805E+002  0.39852633E+002  0.74941156E+002  0.11297014E+003  0.14887904E+003
 -0.71029502E+000 -0.54561364E+000 -0.29240232E+000 -0.99183771E-001 -0.45828588E-001  0.62017901E+000  0.11158805E+002  0.39852608E+002  0.74941156E+002  0.11297014E+003  0.14887904E+003
 -0.71029503E+000 -0.54561365E+000 -0.29240232E+000 -0.99183773E-001 -0.45828591E-001  0.62017890E+000  0.11158805E+002  0.39852584E+002  0.74941155E+002  0.11297014E+003  0.14887904E+003
 -0.71029503E+000 -0.54561365E+000 -0.29240233E+000 -0.99183774E-001 -0.45828594E-001  0.62017880E+000  0.11158805E+002  0.39852561E+002  0.74941155E+002  0.11297014E+003  0.14887904E+003
 -0.71029504E+000 -0.54561366E+000 -0.29240234E+000 -0.99183775E-001 -0.45828597E-001  0.62017871E+000  0.11158805E+002  0.39852539E+002  0.74941154E+002  0.11297014E+003  0.14887904E+003
 -0.71029505E+000 -0.54561367E+000 -0.29240234E+000 -0.99183776E-001 -0.45828600E-001  0.62017862E+000  0.11158805E+002  0.39852517E+002  0.74941154E+002  0.11297014E+003  0.14887904E+003
 -0.71029505E+000 -0.54561367E+000 -0.29240235E+000 -0.99183777E-001 -0.45828602E-001  0.62017853E+000  0.11158805E+002  0.39852496E+002  0.74941154E+002  0.11297014E+003  0.14887904E+003
 -0.71029506E+000 -0.54561368E+000 -0.29240236E+000 -0.99183778E-001 -0.45828604E-001  0.62017845E+000  0.11158805E+002  0.39852475E+002  0.74941153E+002  0.11297014E+003  0.14887904E+003
 -0.71029507E+000 -0.54561369E+000 -0.29240236E+000 -0.99183779E-001 -0.45828606E-001  0.62017837E+000  0.11158805E+002  0.39852456E+002  0.74941153E+002  0.11297014E+003  0.14887904E+003
 -0.71029507E+000 -0.54561369E+000 -0.29240237E+000 -0.99183780E-001 -0.45828608E-001  0.62017829E+000  0.11158805E+002  0.39852436E+002  0.74941153E+002  0.11297014E+003  0.14887903E+003
 -0.71029508E+000 -0.54561370E+000 -0.29240237E+000 -0.99183781E-001 -0.45828610E-001  0.62017822E+000  0.11158805E+002  0.39852418E+002  0.74941152E+002  0.11297014E+003  0.14887903E+003
 -0.71029508E+000 -0.54561370E+000 -0.29240238E+000 -0.99183782E-001 -0.45828611E-001  0.62017816E+000  0.11158805E+002  0.39852400E+002  0.74941152E+002  0.11297014E+003  0.14887903E+003
 -0.71029509E+000 -0.54561371E+000 -0.29240238E+000 -0.99183782E-001 -0.45828613E-001  0.62017810E+000  0.11158805E+002  0.39852382E+002  0.74941152E+002  0.11297014E+003  0.14887903E+003
 -0.71029509E+000 -0.54561371E+000 -0.29240239E+000 -0.99183783E-001 -0.45828614E-001  0.62017804E+000  0.11158805E+002  0.39852366E+002  0.74941151E+002  0.11297014E+003  0.14887903E+003
 -0.71029510E+000 -0.54561372E+000 -0.29240239E+000 -0.99183784E-001 -0.45828614E-001  0.62017798E+000  0.11158805E+002  0.39852349E+002  0.74941151E+002  0.11297014E+003  0.14887903E+003
 -0.71029510E+000 -0.54561372E+000 -0.29240239E+000 -0.99183785E-001 -0.45828615E-001  0.62017793E+000  0.11158804E+002  0.39852334E+002  0.74941151E+002  0.11297014E+003  0.14887903E+003
 -0.71029510E+000 -0.54561372E+000 -0.29240240E+000 -0.99183785E-001 -0.45828615E-001  0.62017788E+000  0.11158804E+002  0.39852318E+002  0.74941150E+002  0.11297014E+003  0.14887903E+003
 -0.71029511E+000 -0.54561373E+000 -0.29240240E+000 -0.99183786E-001 -0.45828615E-001  0.62017784E+000  0.11158804E+002  0.39852304E+002  0.74941150E+002  0.11297014E+003  0.14887903E+003
 -0.71029511E+000 -0.54561373E+000 -0.29240241E+000 -0.99183786E-001 -0.45828615E-001  0.62017780E+000  0.11158804E+002  0.39852290E+002  0.74941150E+002  0.11297014E+003  0.14887903E+003
 -0.71029512E+000 -0.54561373E+000 -0.29240241E+000 -0.99183787E-001 -0.45828614E-001  0.62017777E+000  0.11158804E+002  0.39852276E+002  0.74941149E+002  0.11297014E+003  0.14887903E+003
 -0.71029512E+000 -0.54561374E+000 -0.29240241E+000 -0.99183787E-001 -0.45828613E-001  0.62017774E+000  0.11158804E+002  0.39852263E+002  0.74941149E+002  0.11297014E+003  0.14887902E+003
 -0.71029512E+000 -0.54561374E+000 -0.29240241E+000 -0.99183788E-001 -0.45828611E-001  0.62017771E+000  0.11158804E+002  0.39852251E+002  0.74941149E+002  0.11297014E+003  0.14887902E+003
 -0.71029512E+000 -0.54561374E+000 -0.29240242E+000 -0.99183788E-001 -0.45828609E-001  0.62017769E+000  0.11158804E+002  0.39852239E+002  0.74941149E+002  0.11297014E+003  0.14887902E+003
 -0.71029512E+000 -0.54561374E+000 -0.29240242E+000 -0.99183788E-001 -0.45828607E-001  0.62017768E+000  0.11158804E+002  0.39852227E+002  0.74941148E+002  0.11297014E+003  0.14887902E+003
 -0.71029512E+000 -0.54561374E+000 -0.29240241E+000 -0.99183788E-001 -0.45828604E-001  0.62017767E+000  0.11158804E+002  0.39852216E+002  0.74941148E+002  0.11297014E+003  0.14887902E+003
 -0.71029512E+000 -0.54561373E+000 -0.29240241E+000 -0.99183788E-001 -0.45828601E-001  0.62017767E+000  0.11158804E+002  0.39852206E+002  0.74941148E+002  0.11297014E+003  0.14887902E+003
