  0.11410253E+002
  0.11410356E+002
  0.11410443E+002
  0.11410517E+002
  0.11410581E+002
  0.11410636E+002
  0.11410684E+002
  0.11410724E+002
  0.11410759E+002
  0.11410790E+002
  0.11410816E+002
  0.11410839E+002
  0.11410859E+002
  0.11410876E+002
  0.11410892E+002
  0.11410905E+002
  0.11410917E+002
  0.11410927E+002
  0.11410936E+002
  0.11410944E+002
  0.11410952E+002
  0.11410958E+002
  0.11410964E+002
  0.11410969E+002
  0.11410974E+002
  0.11410978E+002
  0.11410982E+002
  0.11410986E+002
  0.11410989E+002
  0.11410992E+002
  0.11410995E+002
  0.11410998E+002
  0.11411000E+002
  0.11411002E+002
  0.11411005E+002
  0.11411007E+002
  0.11411009E+002
  0.11411011E+002
  0.11411012E+002
  0.11411014E+002
  0.11411016E+002
  0.11411017E+002
  0.11411019E+002
  0.11411020E+002
  0.11411021E+002
  0.11411023E+002
  0.11411024E+002
  0.11411025E+002
  0.11411026E+002
  0.11411027E+002
  0.11411028E+002
  0.11411028E+002
  0.11411029E+002
  0.11411030E+002
  0.11411030E+002
  0.11411030E+002
  0.11411031E+002
  0.11411031E+002
  0.11411031E+002
  0.11411031E+002
  0.11411031E+002
  0.11411030E+002
  0.11411030E+002
  0.11411029E+002
  0.11411029E+002
  0.11411028E+002
  0.11411027E+002
  0.11411026E+002
  0.11411025E+002
  0.11411024E+002
  0.11411022E+002
  0.11411021E+002
  0.11411020E+002
  0.11411018E+002
  0.11411016E+002
  0.11411014E+002
  0.11411012E+002
  0.11411010E+002
  0.11411008E+002
  0.11411006E+002
  0.11411004E+002
  0.11411001E+002
  0.11410999E+002
  0.11410996E+002
  0.11410993E+002
  0.11410990E+002
  0.11410987E+002
  0.11410984E+002
  0.11410981E+002
  0.11410978E+002
  0.11410975E+002
  0.11410971E+002
  0.11410968E+002
  0.11410964E+002
  0.11410961E+002
  0.11410957E+002
  0.11410953E+002
  0.11410949E+002
  0.11410945E+002
  0.11410941E+002
  0.11410937E+002
  0.11410932E+002
  0.11410928E+002
  0.11410923E+002
  0.11410918E+002
  0.11410914E+002
  0.11410909E+002
  0.11410904E+002
  0.11410899E+002
  0.11410894E+002
  0.11410888E+002
  0.11410883E+002
  0.11410878E+002
  0.11410872E+002
  0.11410867E+002
  0.11410861E+002
  0.11410855E+002
  0.11410849E+002
  0.11410843E+002
  0.11410837E+002
  0.11410831E+002
  0.11410825E+002
  0.11410819E+002
  0.11410812E+002
  0.11410806E+002
  0.11410799E+002
  0.11410793E+002
  0.11410786E+002
  0.11410779E+002
  0.11410773E+002
  0.11410766E+002
  0.11410759E+002
  0.11410752E+002
  0.11410745E+002
  0.11410738E+002
  0.11410731E+002
  0.11410724E+002
  0.11410717E+002
  0.11410709E+002
  0.11410702E+002
  0.11410695E+002
  0.11410688E+002
  0.11410681E+002
  0.11410673E+002
  0.11410666E+002
  0.11410659E+002
  0.11410652E+002
  0.11410645E+002
  0.11410637E+002
  0.11410630E+002
  0.11410623E+002
  0.11410616E+002
  0.11410609E+002
  0.11410602E+002
  0.11410595E+002
  0.11410588E+002
  0.11410581E+002
  0.11410574E+002
  0.11410567E+002
  0.11410560E+002
  0.11410553E+002
  0.11410547E+002
  0.11410540E+002
  0.11410533E+002
  0.11410527E+002
  0.11410520E+002
  0.11410514E+002
  0.11410508E+002
  0.11410502E+002
  0.11410496E+002
  0.11410489E+002
  0.11410483E+002
  0.11410478E+002
  0.11410472E+002
  0.11410466E+002
  0.11410460E+002
  0.11410455E+002
  0.11410450E+002
  0.11410444E+002
  0.11410439E+002
  0.11410434E+002
  0.11410429E+002
  0.11410424E+002
  0.11410419E+002
  0.11410414E+002
  0.11410409E+002
  0.11410405E+002
  0.11410400E+002
  0.11410396E+002
  0.11410392E+002
  0.11410387E+002
  0.11410383E+002
  0.11410379E+002
  0.11410375E+002
  0.11410371E+002
  0.11410368E+002
  0.11410364E+002
  0.11410360E+002
  0.11410357E+002
  0.11410353E+002
