  0.35499048E+000  0.47244961E+000  0.20679445E+001  0.50840258E+002
  0.35536108E+000  0.47207252E+000  0.20679938E+001  0.50840263E+002
  0.35555136E+000  0.47253142E+000  0.20673921E+001  0.50840263E+002
  0.35564150E+000  0.47244869E+000  0.20674183E+001  0.50840274E+002
  0.35564873E+000  0.47244810E+000  0.20674369E+001  0.50840289E+002
  0.35561148E+000  0.47252511E+000  0.20674159E+001  0.50840307E+002
  0.35556603E+000  0.47257662E+000  0.20674237E+001  0.50840325E+002
  0.35551870E+000  0.47262947E+000  0.20674281E+001  0.50840343E+002
  0.35547630E+000  0.47267623E+000  0.20674306E+001  0.50840362E+002
  0.35543761E+000  0.47200848E+000  0.20681533E+001  0.50840368E+002
  0.35540172E+000  0.47204663E+000  0.20681536E+001  0.50840385E+002
  0.35536907E+000  0.47208112E+000  0.20681526E+001  0.50840402E+002
  0.35534755E+000  0.47210413E+000  0.20681508E+001  0.50840418E+002
  0.35532254E+000  0.47213034E+000  0.20681482E+001  0.50840433E+002
  0.35530044E+000  0.47215338E+000  0.20681451E+001  0.50840448E+002
  0.35528123E+000  0.47218613E+000  0.20681287E+001  0.50840462E+002
  0.35526426E+000  0.47220365E+000  0.20681248E+001  0.50840476E+002
  0.35524936E+000  0.47221893E+000  0.20681208E+001  0.50840489E+002
  0.35523628E+000  0.47223227E+000  0.20681165E+001  0.50840501E+002
  0.35522476E+000  0.47224391E+000  0.20681122E+001  0.50840513E+002
  0.35521461E+000  0.47225408E+000  0.20681079E+001  0.50840525E+002
  0.35520565E+000  0.47226295E+000  0.20681036E+001  0.50840535E+002
  0.35519773E+000  0.47227069E+000  0.20675180E+001  0.50841127E+002
  0.35519071E+000  0.47227744E+000  0.20675141E+001  0.50841137E+002
  0.35518448E+000  0.47228331E+000  0.20675102E+001  0.50841147E+002
  0.35517894E+000  0.47228841E+000  0.20675065E+001  0.50841156E+002
  0.35517407E+000  0.47229277E+000  0.20675030E+001  0.50841164E+002
  0.35516967E+000  0.47229657E+000  0.20674997E+001  0.50841173E+002
  0.35516575E+000  0.47229985E+000  0.20674965E+001  0.50841181E+002
  0.35516223E+000  0.47230264E+000  0.20674935E+001  0.50841188E+002
  0.35515908E+000  0.47230501E+000  0.20674907E+001  0.50841196E+002
  0.35515624E+000  0.47230702E+000  0.20674881E+001  0.50841203E+002
  0.35515370E+000  0.47230869E+000  0.20674857E+001  0.50841210E+002
  0.35515140E+000  0.47231008E+000  0.20674835E+001  0.50841217E+002
  0.35514933E+000  0.47231121E+000  0.20674814E+001  0.50841224E+002
  0.35514745E+000  0.47231214E+000  0.20674795E+001  0.50841230E+002
  0.35514575E+000  0.47231287E+000  0.20674778E+001  0.50841237E+002
  0.35514421E+000  0.47231345E+000  0.20674761E+001  0.50841243E+002
  0.35514282E+000  0.47231390E+000  0.20674746E+001  0.50841249E+002
  0.35514155E+000  0.47231424E+000  0.20674732E+001  0.50841255E+002
  0.35514040E+000  0.47231450E+000  0.20674719E+001  0.50841261E+002
  0.35513935E+000  0.47231468E+000  0.20674707E+001  0.50841267E+002
  0.35513839E+000  0.47231481E+000  0.20674696E+001  0.50841273E+002
  0.35513753E+000  0.47231489E+000  0.20674686E+001  0.50841279E+002
  0.35513674E+000  0.47231495E+000  0.20674676E+001  0.50841285E+002
  0.35513602E+000  0.47231498E+000  0.20674666E+001  0.50841290E+002
  0.35513537E+000  0.47231500E+000  0.20674657E+001  0.50841296E+002
  0.35513478E+000  0.47231500E+000  0.20674649E+001  0.50841302E+002
  0.35513424E+000  0.47231501E+000  0.20674640E+001  0.50841308E+002
  0.35513375E+000  0.47231501E+000  0.20674633E+001  0.50841314E+002
  0.35513331E+000  0.47231501E+000  0.20674625E+001  0.50841320E+002
  0.35513291E+000  0.47231501E+000  0.20674618E+001  0.50841326E+002
  0.35513255E+000  0.47231501E+000  0.20674611E+001  0.50841333E+002
  0.35513222E+000  0.47231502E+000  0.20674605E+001  0.50841339E+002
  0.35513192E+000  0.47231503E+000  0.20674599E+001  0.50841345E+002
  0.35513165E+000  0.47231504E+000  0.20674594E+001  0.50841352E+002
  0.35513141E+000  0.47231505E+000  0.20674588E+001  0.50841358E+002
  0.35513119E+000  0.47231506E+000  0.20674583E+001  0.50841365E+002
  0.35513098E+000  0.47231507E+000  0.20674579E+001  0.50841372E+002
  0.35513080E+000  0.47231508E+000  0.20674575E+001  0.50841379E+002
  0.35513063E+000  0.47231509E+000  0.20674571E+001  0.50841386E+002
  0.35513047E+000  0.47231510E+000  0.20674567E+001  0.50841393E+002
  0.35513033E+000  0.47231510E+000  0.20674564E+001  0.50841401E+002
  0.35513020E+000  0.47231510E+000  0.20674561E+001  0.50841408E+002
  0.35513008E+000  0.47231509E+000  0.20674559E+001  0.50841416E+002
  0.35512996E+000  0.47231508E+000  0.20674556E+001  0.50841424E+002
  0.35512985E+000  0.47231507E+000  0.20674554E+001  0.50841432E+002
  0.35512975E+000  0.47231505E+000  0.20674552E+001  0.50841440E+002
  0.35512966E+000  0.47231502E+000  0.20674550E+001  0.50841448E+002
  0.35512957E+000  0.47231498E+000  0.20674548E+001  0.50841457E+002
  0.35512949E+000  0.47231494E+000  0.20674546E+001  0.50841466E+002
  0.35512941E+000  0.47231489E+000  0.20674544E+001  0.50841475E+002
  0.35512934E+000  0.47231484E+000  0.20674542E+001  0.50841484E+002
  0.35512927E+000  0.47231477E+000  0.20674540E+001  0.50841493E+002
  0.35512921E+000  0.47231470E+000  0.20674538E+001  0.50841503E+002
  0.35512915E+000  0.47231463E+000  0.20674536E+001  0.50841512E+002
  0.35512909E+000  0.47231454E+000  0.20674533E+001  0.50841522E+002
  0.35512904E+000  0.47231445E+000  0.20674531E+001  0.50841532E+002
  0.35512900E+000  0.47231436E+000  0.20674528E+001  0.50841543E+002
  0.35512895E+000  0.47231426E+000  0.20674525E+001  0.50841553E+002
  0.35512892E+000  0.47231416E+000  0.20674522E+001  0.50841564E+002
  0.35512888E+000  0.47231405E+000  0.20674520E+001  0.50841574E+002
  0.35512885E+000  0.47231394E+000  0.20674517E+001  0.50841585E+002
  0.35512882E+000  0.47231383E+000  0.20674514E+001  0.50841596E+002
  0.35512880E+000  0.47231371E+000  0.20674511E+001  0.50841608E+002
  0.35512877E+000  0.47231359E+000  0.20674509E+001  0.50841619E+002
  0.35512875E+000  0.47231347E+000  0.20674506E+001  0.50841630E+002
  0.35512872E+000  0.47231335E+000  0.20674504E+001  0.50841642E+002
  0.35512870E+000  0.47231323E+000  0.20674502E+001  0.50841653E+002
  0.35512866E+000  0.47231310E+000  0.20674500E+001  0.50841665E+002
  0.35512863E+000  0.47231297E+000  0.20674499E+001  0.50841676E+002
  0.35512859E+000  0.47231284E+000  0.20674497E+001  0.50841688E+002
  0.35512854E+000  0.47231270E+000  0.20674496E+001  0.50841700E+002
  0.35512848E+000  0.47231255E+000  0.20674494E+001  0.50841712E+002
  0.35512841E+000  0.47231239E+000  0.20674493E+001  0.50841723E+002
  0.35512832E+000  0.47231222E+000  0.20674491E+001  0.50841735E+002
  0.35512822E+000  0.47231203E+000  0.20674490E+001  0.50841747E+002
  0.35512810E+000  0.47231183E+000  0.20674488E+001  0.50841759E+002
  0.35512796E+000  0.47231161E+000  0.20674486E+001  0.50841770E+002
  0.35512780E+000  0.47231138E+000  0.20674483E+001  0.50841782E+002
  0.35512762E+000  0.47231112E+000  0.20674480E+001  0.50841794E+002
  0.35512742E+000  0.47231083E+000  0.20674477E+001  0.50841805E+002
  0.35512719E+000  0.47231052E+000  0.20674473E+001  0.50841816E+002
  0.35512694E+000  0.47231018E+000  0.20674468E+001  0.50841828E+002
  0.35512667E+000  0.47230982E+000  0.20674463E+001  0.50841839E+002
  0.35512636E+000  0.47230942E+000  0.20674456E+001  0.50841849E+002
  0.35512604E+000  0.47230900E+000  0.20674449E+001  0.50841860E+002
  0.35512569E+000  0.47230855E+000  0.20674441E+001  0.50841870E+002
  0.35512533E+000  0.47230806E+000  0.20674431E+001  0.50841881E+002
  0.35512494E+000  0.47230755E+000  0.20674421E+001  0.50841890E+002
  0.35512454E+000  0.47230701E+000  0.20674410E+001  0.50841900E+002
  0.35512412E+000  0.47230645E+000  0.20674397E+001  0.50841909E+002
  0.35512369E+000  0.47230586E+000  0.20674383E+001  0.50841918E+002
  0.35512325E+000  0.47230525E+000  0.20674368E+001  0.50841926E+002
  0.35512280E+000  0.47230463E+000  0.20674353E+001  0.50841933E+002
  0.35512235E+000  0.47230399E+000  0.20674336E+001  0.50841941E+002
  0.35512190E+000  0.47230333E+000  0.20674318E+001  0.50841947E+002
  0.35512146E+000  0.47230267E+000  0.20674299E+001  0.50841953E+002
  0.35512102E+000  0.47230201E+000  0.20674279E+001  0.50841958E+002
  0.35512060E+000  0.47230135E+000  0.20674259E+001  0.50841963E+002
  0.35512018E+000  0.47230069E+000  0.20674238E+001  0.50841967E+002
  0.35511978E+000  0.47230003E+000  0.20674217E+001  0.50841970E+002
  0.35511940E+000  0.47229939E+000  0.20674196E+001  0.50841972E+002
  0.35511904E+000  0.47229876E+000  0.20674174E+001  0.50841974E+002
  0.35511870E+000  0.47229815E+000  0.20674152E+001  0.50841974E+002
  0.35511839E+000  0.47229756E+000  0.20674131E+001  0.50841974E+002
  0.35511809E+000  0.47229700E+000  0.20674110E+001  0.50841973E+002
  0.35511782E+000  0.47229646E+000  0.20674089E+001  0.50841970E+002
  0.35511758E+000  0.47229595E+000  0.20674069E+001  0.50841967E+002
  0.35511736E+000  0.47229547E+000  0.20674050E+001  0.50841963E+002
  0.35511716E+000  0.47229502E+000  0.20674031E+001  0.50841957E+002
  0.35511699E+000  0.47229460E+000  0.20674013E+001  0.50841951E+002
  0.35511684E+000  0.47229422E+000  0.20673997E+001  0.50841943E+002
  0.35511671E+000  0.47229386E+000  0.20673981E+001  0.50841934E+002
  0.35511660E+000  0.47229354E+000  0.20673967E+001  0.50841924E+002
  0.35511651E+000  0.47229325E+000  0.20673954E+001  0.50841913E+002
  0.35511644E+000  0.47229299E+000  0.20673941E+001  0.50841901E+002
  0.35511639E+000  0.47229276E+000  0.20673931E+001  0.50841887E+002
  0.35511635E+000  0.47229255E+000  0.20673921E+001  0.50841873E+002
  0.35511633E+000  0.47229237E+000  0.20673912E+001  0.50841857E+002
  0.35511631E+000  0.47229222E+000  0.20673905E+001  0.50841840E+002
  0.35511631E+000  0.47229209E+000  0.20673898E+001  0.50841822E+002
  0.35511632E+000  0.47229198E+000  0.20673893E+001  0.50841803E+002
  0.35511633E+000  0.47229189E+000  0.20673889E+001  0.50841782E+002
  0.35511636E+000  0.47229182E+000  0.20673885E+001  0.50841761E+002
  0.35511638E+000  0.47229176E+000  0.20673882E+001  0.50841739E+002
  0.35511642E+000  0.47229172E+000  0.20673881E+001  0.50841716E+002
  0.35511645E+000  0.47229169E+000  0.20673879E+001  0.50841692E+002
  0.35511649E+000  0.47229167E+000  0.20673879E+001  0.50841667E+002
  0.35511654E+000  0.47229166E+000  0.20673879E+001  0.50841642E+002
  0.35511658E+000  0.47229166E+000  0.20673879E+001  0.50841616E+002
  0.35511662E+000  0.47229167E+000  0.20673880E+001  0.50841589E+002
  0.35511667E+000  0.47229168E+000  0.20673881E+001  0.50841562E+002
  0.35511672E+000  0.47229170E+000  0.20673883E+001  0.50841535E+002
  0.35511676E+000  0.47229173E+000  0.20673884E+001  0.50841508E+002
  0.35511681E+000  0.47229175E+000  0.20673886E+001  0.50841480E+002
  0.35511685E+000  0.47229178E+000  0.20673888E+001  0.50841453E+002
  0.35511689E+000  0.47229181E+000  0.20673891E+001  0.50841425E+002
  0.35511693E+000  0.47229184E+000  0.20673893E+001  0.50841398E+002
  0.35511697E+000  0.47229188E+000  0.20673895E+001  0.50841371E+002
  0.35511701E+000  0.47229191E+000  0.20673898E+001  0.50841344E+002
  0.35511705E+000  0.47229195E+000  0.20673900E+001  0.50841318E+002
  0.35511709E+000  0.47229198E+000  0.20673903E+001  0.50841292E+002
  0.35511712E+000  0.47229201E+000  0.20673905E+001  0.50841267E+002
  0.35511716E+000  0.47229205E+000  0.20673907E+001  0.50841243E+002
  0.35511719E+000  0.47229208E+000  0.20673910E+001  0.50841219E+002
  0.35511722E+000  0.47229211E+000  0.20673912E+001  0.50841196E+002
  0.35511725E+000  0.47229215E+000  0.20673914E+001  0.50841173E+002
  0.35511728E+000  0.47229218E+000  0.20673916E+001  0.50841152E+002
  0.35511730E+000  0.47229221E+000  0.20673918E+001  0.50841131E+002
  0.35511733E+000  0.47229223E+000  0.20673920E+001  0.50841111E+002
  0.35511735E+000  0.47229226E+000  0.20673922E+001  0.50841092E+002
  0.35511738E+000  0.47229229E+000  0.20673924E+001  0.50841074E+002
  0.35511740E+000  0.47229231E+000  0.20673926E+001  0.50841057E+002
  0.35511742E+000  0.47229234E+000  0.20673927E+001  0.50841040E+002
  0.35511744E+000  0.47229236E+000  0.20673929E+001  0.50841025E+002
  0.35511746E+000  0.47229238E+000  0.20673930E+001  0.50841010E+002
  0.35511748E+000  0.47229241E+000  0.20673932E+001  0.50840996E+002
  0.35511749E+000  0.47229243E+000  0.20673933E+001  0.50840983E+002
  0.35511751E+000  0.47229245E+000  0.20673934E+001  0.50840970E+002
  0.35511752E+000  0.47229246E+000  0.20673935E+001  0.50840959E+002
  0.35511754E+000  0.47229248E+000  0.20673936E+001  0.50840948E+002
  0.35511755E+000  0.47229250E+000  0.20673937E+001  0.50840938E+002
  0.35511756E+000  0.47229251E+000  0.20673938E+001  0.50840928E+002
  0.35511757E+000  0.47229253E+000  0.20673939E+001  0.50840919E+002
  0.35511758E+000  0.47229254E+000  0.20673940E+001  0.50840911E+002
  0.35511759E+000  0.47229256E+000  0.20673941E+001  0.50840904E+002
  0.35511760E+000  0.47229257E+000  0.20673942E+001  0.50840897E+002
  0.35511761E+000  0.47229258E+000  0.20673942E+001  0.50840890E+002
  0.35511762E+000  0.47229259E+000  0.20673943E+001  0.50840884E+002
  0.35511762E+000  0.47229260E+000  0.20673944E+001  0.50840878E+002
  0.35511763E+000  0.47229261E+000  0.20673944E+001  0.50840873E+002
  0.35511764E+000  0.47229262E+000  0.20673945E+001  0.50840868E+002
  0.35511764E+000  0.47229263E+000  0.20673945E+001  0.50840864E+002
  0.35511764E+000  0.47229264E+000  0.20673946E+001  0.50840860E+002
  0.35511765E+000  0.47229265E+000  0.20673946E+001  0.50840856E+002
  0.35511765E+000  0.47229265E+000  0.20673947E+001  0.50840853E+002
  0.35511766E+000  0.47229266E+000  0.20673947E+001  0.50840850E+002
  0.35511767E+000  0.47229266E+000  0.20673947E+001  0.50840847E+002
  0.35511767E+000  0.47229266E+000  0.20673948E+001  0.50840845E+002
