  0.00000000E+000  0.10884781E-002  0.35012176E+001  0.46899917E+002
  0.00000000E+000  0.10869866E-002  0.35014533E+001  0.46900451E+002
  0.00000000E+000  0.10861347E-002  0.35016614E+001  0.46900893E+002
  0.00000000E+000  0.10856240E-002  0.35018406E+001  0.46901263E+002
  0.00000000E+000  0.10853459E-002  0.35019948E+001  0.46901576E+002
  0.00000000E+000  0.10852331E-002  0.35021278E+001  0.46901843E+002
  0.00000000E+000  0.10852386E-002  0.35022426E+001  0.46902071E+002
  0.00000000E+000  0.10853276E-002  0.35023419E+001  0.46902267E+002
  0.00000000E+000  0.10854739E-002  0.35024279E+001  0.46902437E+002
  0.00000000E+000  0.10856574E-002  0.35025026E+001  0.46902583E+002
  0.00000000E+000  0.10858632E-002  0.35025674E+001  0.46902711E+002
  0.00000000E+000  0.10860797E-002  0.35026237E+001  0.46902822E+002
  0.00000000E+000  0.10862983E-002  0.35026727E+001  0.46902920E+002
  0.00000000E+000  0.10865128E-002  0.35027153E+001  0.46903005E+002
  0.00000000E+000  0.10867188E-002  0.35027524E+001  0.46903080E+002
  0.00000000E+000  0.10869135E-002  0.35027847E+001  0.46903147E+002
  0.00000000E+000  0.10870954E-002  0.35028128E+001  0.46903206E+002
  0.00000000E+000  0.10872635E-002  0.35028372E+001  0.46903258E+002
  0.00000000E+000  0.10874177E-002  0.35028584E+001  0.46903305E+002
  0.00000000E+000  0.10875583E-002  0.35028767E+001  0.46903346E+002
  0.00000000E+000  0.10876859E-002  0.35028925E+001  0.46903384E+002
  0.00000000E+000  0.10878010E-002  0.35029061E+001  0.46903417E+002
  0.00000000E+000  0.10879046E-002  0.35029176E+001  0.46903447E+002
  0.00000000E+000  0.10879976E-002  0.35029274E+001  0.46903474E+002
  0.00000000E+000  0.10880806E-002  0.35029355E+001  0.46903498E+002
  0.00000000E+000  0.10881547E-002  0.35029422E+001  0.46903520E+002
  0.00000000E+000  0.10882205E-002  0.35029476E+001  0.46903540E+002
  0.00000000E+000  0.10882788E-002  0.35029518E+001  0.46903558E+002
  0.00000000E+000  0.10883302E-002  0.35029549E+001  0.46903574E+002
  0.00000000E+000  0.10883753E-002  0.35029570E+001  0.46903589E+002
  0.00000000E+000  0.10884148E-002  0.35029583E+001  0.46903603E+002
  0.00000000E+000  0.10884491E-002  0.35029586E+001  0.46903615E+002
  0.00000000E+000  0.10884787E-002  0.35029583E+001  0.46903627E+002
  0.00000000E+000  0.10885041E-002  0.35029572E+001  0.46903637E+002
  0.00000000E+000  0.10885256E-002  0.35029554E+001  0.46903646E+002
  0.00000000E+000  0.10885437E-002  0.35029530E+001  0.46903655E+002
  0.00000000E+000  0.10885586E-002  0.35029500E+001  0.46903663E+002
  0.00000000E+000  0.10885708E-002  0.35029464E+001  0.46903671E+002
  0.00000000E+000  0.10885804E-002  0.35029423E+001  0.46903677E+002
  0.00000000E+000  0.10885878E-002  0.35029377E+001  0.46903684E+002
  0.00000000E+000  0.10885932E-002  0.35029325E+001  0.46903689E+002
  0.00000000E+000  0.10885968E-002  0.35029268E+001  0.46903694E+002
  0.00000000E+000  0.10885988E-002  0.35029206E+001  0.46903699E+002
  0.00000000E+000  0.10885995E-002  0.35029139E+001  0.46903703E+002
  0.00000000E+000  0.10885990E-002  0.35029067E+001  0.46903707E+002
  0.00000000E+000  0.10885974E-002  0.35028990E+001  0.46903710E+002
  0.00000000E+000  0.10885948E-002  0.35028908E+001  0.46903712E+002
  0.00000000E+000  0.10885915E-002  0.35028821E+001  0.46903714E+002
  0.00000000E+000  0.10885875E-002  0.35028729E+001  0.46903715E+002
  0.00000000E+000  0.10885828E-002  0.35028631E+001  0.46903716E+002
  0.00000000E+000  0.10885777E-002  0.35028529E+001  0.46903716E+002
  0.00000000E+000  0.10885722E-002  0.35028420E+001  0.46903716E+002
  0.00000000E+000  0.10885663E-002  0.35028307E+001  0.46903714E+002
  0.00000000E+000  0.10885602E-002  0.35028188E+001  0.46903713E+002
  0.00000000E+000  0.10885539E-002  0.35028064E+001  0.46903710E+002
  0.00000000E+000  0.10885474E-002  0.35027934E+001  0.46903707E+002
  0.00000000E+000  0.10885409E-002  0.35027799E+001  0.46903702E+002
  0.00000000E+000  0.10885343E-002  0.35027659E+001  0.46903697E+002
  0.00000000E+000  0.10885278E-002  0.35027513E+001  0.46903692E+002
  0.00000000E+000  0.10885214E-002  0.35027362E+001  0.46903685E+002
  0.00000000E+000  0.10885151E-002  0.35027206E+001  0.46903678E+002
  0.00000000E+000  0.10885089E-002  0.35027044E+001  0.46903669E+002
  0.00000000E+000  0.10885030E-002  0.35026877E+001  0.46903660E+002
  0.00000000E+000  0.10884972E-002  0.35026705E+001  0.46903650E+002
  0.00000000E+000  0.10884917E-002  0.35026528E+001  0.46903639E+002
  0.00000000E+000  0.10884865E-002  0.35026347E+001  0.46903627E+002
  0.00000000E+000  0.10884816E-002  0.35026160E+001  0.46903614E+002
  0.00000000E+000  0.10884769E-002  0.35025970E+001  0.46903600E+002
  0.00000000E+000  0.10884726E-002  0.35025774E+001  0.46903585E+002
  0.00000000E+000  0.10884686E-002  0.35025575E+001  0.46903569E+002
  0.00000000E+000  0.10884649E-002  0.35025372E+001  0.46903552E+002
  0.00000000E+000  0.10884615E-002  0.35025165E+001  0.46903534E+002
  0.00000000E+000  0.10884585E-002  0.35024955E+001  0.46903515E+002
  0.00000000E+000  0.10884557E-002  0.35024741E+001  0.46903496E+002
  0.00000000E+000  0.10884533E-002  0.35024524E+001  0.46903475E+002
  0.00000000E+000  0.10884512E-002  0.35024305E+001  0.46903453E+002
  0.00000000E+000  0.10884493E-002  0.35024083E+001  0.46903431E+002
  0.00000000E+000  0.10884478E-002  0.35023858E+001  0.46903408E+002
  0.00000000E+000  0.10884464E-002  0.35023632E+001  0.46903383E+002
  0.00000000E+000  0.10884454E-002  0.35023404E+001  0.46903358E+002
  0.00000000E+000  0.10884445E-002  0.35023175E+001  0.46903332E+002
  0.00000000E+000  0.10884439E-002  0.35022945E+001  0.46903306E+002
  0.00000000E+000  0.10884434E-002  0.35022714E+001  0.46903278E+002
  0.00000000E+000  0.10884432E-002  0.35022482E+001  0.46903250E+002
  0.00000000E+000  0.10884431E-002  0.35022250E+001  0.46903221E+002
  0.00000000E+000  0.10884431E-002  0.35022018E+001  0.46903191E+002
  0.00000000E+000  0.10884433E-002  0.35021787E+001  0.46903161E+002
  0.00000000E+000  0.10884437E-002  0.35021556E+001  0.46903130E+002
  0.00000000E+000  0.10884441E-002  0.35021326E+001  0.46903098E+002
  0.00000000E+000  0.10884446E-002  0.35021098E+001  0.46903066E+002
  0.00000000E+000  0.10884452E-002  0.35020870E+001  0.46903033E+002
  0.00000000E+000  0.10884458E-002  0.35020645E+001  0.46902999E+002
  0.00000000E+000  0.10884465E-002  0.35020421E+001  0.46902966E+002
  0.00000000E+000  0.10884473E-002  0.35020199E+001  0.46902931E+002
  0.00000000E+000  0.10884481E-002  0.35019980E+001  0.46902896E+002
  0.00000000E+000  0.10884489E-002  0.35019764E+001  0.46902861E+002
  0.00000000E+000  0.10884498E-002  0.35019550E+001  0.46902826E+002
  0.00000000E+000  0.10884506E-002  0.35019339E+001  0.46902790E+002
  0.00000000E+000  0.10884515E-002  0.35019131E+001  0.46902753E+002
  0.00000000E+000  0.10884524E-002  0.35018926E+001  0.46902717E+002
  0.00000000E+000  0.10884532E-002  0.35018725E+001  0.46902680E+002
  0.00000000E+000  0.10884541E-002  0.35018527E+001  0.46902643E+002
  0.00000000E+000  0.10884549E-002  0.35018332E+001  0.46902605E+002
  0.00000000E+000  0.10884557E-002  0.35018142E+001  0.46902568E+002
  0.00000000E+000  0.10884565E-002  0.35017955E+001  0.46902530E+002
  0.00000000E+000  0.10884573E-002  0.35017772E+001  0.46902492E+002
  0.00000000E+000  0.10884581E-002  0.35017593E+001  0.46902454E+002
  0.00000000E+000  0.10884588E-002  0.35017417E+001  0.46902416E+002
  0.00000000E+000  0.10884596E-002  0.35017246E+001  0.46902378E+002
  0.00000000E+000  0.10884603E-002  0.35017078E+001  0.46902340E+002
  0.00000000E+000  0.10884609E-002  0.35016915E+001  0.46902302E+002
  0.00000000E+000  0.10884616E-002  0.35016755E+001  0.46902264E+002
  0.00000000E+000  0.10884622E-002  0.35016600E+001  0.46902226E+002
  0.00000000E+000  0.10884628E-002  0.35016448E+001  0.46902187E+002
  0.00000000E+000  0.10884634E-002  0.35016301E+001  0.46902150E+002
  0.00000000E+000  0.10884639E-002  0.35016157E+001  0.46902112E+002
  0.00000000E+000  0.10884645E-002  0.35016017E+001  0.46902074E+002
  0.00000000E+000  0.10884650E-002  0.35015881E+001  0.46902036E+002
  0.00000000E+000  0.10884655E-002  0.35015749E+001  0.46901999E+002
  0.00000000E+000  0.10884659E-002  0.35015620E+001  0.46901962E+002
  0.00000000E+000  0.10884664E-002  0.35015496E+001  0.46901924E+002
  0.00000000E+000  0.10884668E-002  0.35015374E+001  0.46901888E+002
  0.00000000E+000  0.10884672E-002  0.35015257E+001  0.46901851E+002
  0.00000000E+000  0.10884676E-002  0.35015143E+001  0.46901815E+002
  0.00000000E+000  0.10884680E-002  0.35015032E+001  0.46901778E+002
  0.00000000E+000  0.10884684E-002  0.35014925E+001  0.46901742E+002
  0.00000000E+000  0.10884687E-002  0.35014821E+001  0.46901707E+002
  0.00000000E+000  0.10884691E-002  0.35014721E+001  0.46901672E+002
  0.00000000E+000  0.10884694E-002  0.35014623E+001  0.46901637E+002
  0.00000000E+000  0.10884697E-002  0.35014529E+001  0.46901602E+002
  0.00000000E+000  0.10884700E-002  0.35014438E+001  0.46901568E+002
  0.00000000E+000  0.10884703E-002  0.35014350E+001  0.46901534E+002
  0.00000000E+000  0.10884705E-002  0.35014264E+001  0.46901500E+002
  0.00000000E+000  0.10884708E-002  0.35014182E+001  0.46901467E+002
  0.00000000E+000  0.10884711E-002  0.35014102E+001  0.46901434E+002
  0.00000000E+000  0.10884713E-002  0.35014025E+001  0.46901402E+002
  0.00000000E+000  0.10884715E-002  0.35013951E+001  0.46901369E+002
  0.00000000E+000  0.10884718E-002  0.35013879E+001  0.46901338E+002
  0.00000000E+000  0.10884720E-002  0.35013810E+001  0.46901306E+002
  0.00000000E+000  0.10884722E-002  0.35013743E+001  0.46901275E+002
  0.00000000E+000  0.10884724E-002  0.35013678E+001  0.46901245E+002
  0.00000000E+000  0.10884726E-002  0.35013616E+001  0.46901215E+002
  0.00000000E+000  0.10884728E-002  0.35013556E+001  0.46901185E+002
  0.00000000E+000  0.10884729E-002  0.35013498E+001  0.46901156E+002
  0.00000000E+000  0.10884731E-002  0.35013443E+001  0.46901127E+002
  0.00000000E+000  0.10884733E-002  0.35013389E+001  0.46901099E+002
  0.00000000E+000  0.10884735E-002  0.35013337E+001  0.46901071E+002
  0.00000000E+000  0.10884736E-002  0.35013288E+001  0.46901043E+002
  0.00000000E+000  0.10884738E-002  0.35013240E+001  0.46901016E+002
  0.00000000E+000  0.10884739E-002  0.35013194E+001  0.46900989E+002
  0.00000000E+000  0.10884740E-002  0.35013149E+001  0.46900963E+002
  0.00000000E+000  0.10884742E-002  0.35013107E+001  0.46900937E+002
  0.00000000E+000  0.10884743E-002  0.35013065E+001  0.46900912E+002
  0.00000000E+000  0.10884744E-002  0.35013026E+001  0.46900887E+002
  0.00000000E+000  0.10884746E-002  0.35012988E+001  0.46900863E+002
  0.00000000E+000  0.10884747E-002  0.35012951E+001  0.46900838E+002
  0.00000000E+000  0.10884748E-002  0.35012916E+001  0.46900815E+002
  0.00000000E+000  0.10884749E-002  0.35012883E+001  0.46900792E+002
  0.00000000E+000  0.10884750E-002  0.35012850E+001  0.46900769E+002
  0.00000000E+000  0.10884751E-002  0.35012819E+001  0.46900746E+002
  0.00000000E+000  0.10884752E-002  0.35012789E+001  0.46900724E+002
  0.00000000E+000  0.10884753E-002  0.35012761E+001  0.46900703E+002
  0.00000000E+000  0.10884754E-002  0.35012733E+001  0.46900682E+002
  0.00000000E+000  0.10884755E-002  0.35012707E+001  0.46900661E+002
  0.00000000E+000  0.10884756E-002  0.35012681E+001  0.46900641E+002
  0.00000000E+000  0.10884757E-002  0.35012657E+001  0.46900621E+002
  0.00000000E+000  0.10884757E-002  0.35012634E+001  0.46900601E+002
  0.00000000E+000  0.10884758E-002  0.35012611E+001  0.46900582E+002
  0.00000000E+000  0.10884759E-002  0.35012590E+001  0.46900564E+002
  0.00000000E+000  0.10884760E-002  0.35012569E+001  0.46900545E+002
  0.00000000E+000  0.10884760E-002  0.35012549E+001  0.46900527E+002
  0.00000000E+000  0.10884761E-002  0.35012530E+001  0.46900510E+002
  0.00000000E+000  0.10884762E-002  0.35012512E+001  0.46900493E+002
  0.00000000E+000  0.10884762E-002  0.35012495E+001  0.46900476E+002
  0.00000000E+000  0.10884763E-002  0.35012478E+001  0.46900460E+002
  0.00000000E+000  0.10884763E-002  0.35012462E+001  0.46900444E+002
  0.00000000E+000  0.10884764E-002  0.35012447E+001  0.46900428E+002
  0.00000000E+000  0.10884765E-002  0.35012432E+001  0.46900412E+002
  0.00000000E+000  0.10884765E-002  0.35012418E+001  0.46900398E+002
  0.00000000E+000  0.10884766E-002  0.35012405E+001  0.46900383E+002
  0.00000000E+000  0.10884766E-002  0.35012392E+001  0.46900369E+002
  0.00000000E+000  0.10884767E-002  0.35012380E+001  0.46900355E+002
  0.00000000E+000  0.10884767E-002  0.35012368E+001  0.46900341E+002
  0.00000000E+000  0.10884768E-002  0.35012357E+001  0.46900328E+002
  0.00000000E+000  0.10884768E-002  0.35012346E+001  0.46900315E+002
  0.00000000E+000  0.10884769E-002  0.35012336E+001  0.46900302E+002
  0.00000000E+000  0.10884769E-002  0.35012327E+001  0.46900290E+002
  0.00000000E+000  0.10884770E-002  0.35012317E+001  0.46900278E+002
  0.00000000E+000  0.10884770E-002  0.35012309E+001  0.46900266E+002
  0.00000000E+000  0.10884771E-002  0.35012300E+001  0.46900255E+002
  0.00000000E+000  0.10884771E-002  0.35012292E+001  0.46900243E+002
  0.00000000E+000  0.10884772E-002  0.35012285E+001  0.46900233E+002
  0.00000000E+000  0.10884772E-002  0.35012278E+001  0.46900222E+002
  0.00000000E+000  0.10884773E-002  0.35012272E+001  0.46900212E+002
  0.00000000E+000  0.10884774E-002  0.35012266E+001  0.46900202E+002
  0.00000000E+000  0.10884774E-002  0.35012260E+001  0.46900192E+002
  0.00000000E+000  0.10884775E-002  0.35012255E+001  0.46900183E+002
  0.00000000E+000  0.10884776E-002  0.35012251E+001  0.46900174E+002
  0.00000000E+000  0.10884776E-002  0.35012248E+001  0.46900165E+002
  0.00000000E+000  0.10884777E-002  0.35012244E+001  0.46900157E+002
