  0.71839955E-001
  0.71837234E-001
  0.71837219E-001
  0.71838102E-001
  0.71839241E-001
  0.71840408E-001
  0.71841515E-001
  0.71842531E-001
  0.71843447E-001
  0.71844266E-001
  0.71844994E-001
  0.71845640E-001
  0.71846211E-001
  0.71846715E-001
  0.71847160E-001
  0.71847551E-001
  0.71847896E-001
  0.71848200E-001
  0.71848467E-001
  0.71848702E-001
  0.71848909E-001
  0.71849091E-001
  0.71849251E-001
  0.71849392E-001
  0.71849516E-001
  0.71849625E-001
  0.71849721E-001
  0.71849806E-001
  0.71849880E-001
  0.71849946E-001
  0.71850004E-001
  0.71850055E-001
  0.71850100E-001
  0.71850140E-001
  0.71850175E-001
  0.71850207E-001
  0.71850235E-001
  0.71850260E-001
  0.71850282E-001
  0.71850303E-001
  0.71850321E-001
  0.71850338E-001
  0.71850353E-001
  0.71850367E-001
  0.71850381E-001
  0.71850393E-001
  0.71850404E-001
  0.71850415E-001
  0.71850426E-001
  0.71850436E-001
  0.71850446E-001
  0.71850456E-001
  0.71850465E-001
  0.71850475E-001
  0.71850484E-001
  0.71850494E-001
  0.71850503E-001
  0.71850513E-001
  0.71850522E-001
  0.71850532E-001
  0.71850543E-001
  0.71850553E-001
  0.71850564E-001
  0.71850575E-001
  0.71850586E-001
  0.71850597E-001
  0.71850609E-001
  0.71850621E-001
  0.71850634E-001
  0.71850647E-001
  0.71850660E-001
  0.71850673E-001
  0.71850687E-001
  0.71850701E-001
  0.71850716E-001
  0.71850730E-001
  0.71850746E-001
  0.71850761E-001
  0.71850777E-001
  0.71850793E-001
  0.71850810E-001
  0.71850827E-001
  0.71850844E-001
  0.71850862E-001
  0.71850880E-001
  0.71850899E-001
  0.71850918E-001
  0.71850937E-001
  0.71850956E-001
  0.71850976E-001
  0.71850997E-001
  0.71851017E-001
  0.71851038E-001
  0.71851060E-001
  0.71851081E-001
  0.71851103E-001
  0.71851125E-001
  0.71851148E-001
  0.71851171E-001
  0.71851194E-001
  0.71851217E-001
  0.71851241E-001
  0.71851264E-001
  0.71851288E-001
  0.71851311E-001
  0.71851335E-001
  0.71851359E-001
  0.71851382E-001
  0.71851406E-001
  0.71851429E-001
  0.71851452E-001
  0.71851474E-001
  0.71851497E-001
  0.71851518E-001
  0.71851539E-001
  0.71851560E-001
  0.71851580E-001
  0.71851599E-001
  0.71851618E-001
  0.71851635E-001
  0.71851652E-001
  0.71851668E-001
  0.71851683E-001
  0.71851697E-001
  0.71851710E-001
  0.71851722E-001
  0.71851733E-001
  0.71851743E-001
  0.71851752E-001
  0.71851759E-001
  0.71851766E-001
  0.71851771E-001
  0.71851774E-001
  0.71851777E-001
  0.71851777E-001
  0.71851776E-001
  0.71851774E-001
  0.71851769E-001
  0.71851763E-001
  0.71851755E-001
  0.71851745E-001
  0.71851733E-001
  0.71851718E-001
  0.71851702E-001
  0.71851683E-001
  0.71851662E-001
  0.71851638E-001
  0.71851612E-001
  0.71851584E-001
  0.71851554E-001
  0.71851522E-001
  0.71851487E-001
  0.71851451E-001
  0.71851413E-001
  0.71851373E-001
  0.71851332E-001
  0.71851289E-001
  0.71851246E-001
  0.71851201E-001
  0.71851155E-001
  0.71851109E-001
  0.71851063E-001
  0.71851016E-001
  0.71850969E-001
  0.71850923E-001
  0.71850877E-001
  0.71850831E-001
  0.71850787E-001
  0.71850743E-001
  0.71850700E-001
  0.71850658E-001
  0.71850617E-001
  0.71850577E-001
  0.71850539E-001
  0.71850502E-001
  0.71850467E-001
  0.71850433E-001
  0.71850401E-001
  0.71850370E-001
  0.71850341E-001
  0.71850313E-001
  0.71850287E-001
  0.71850262E-001
  0.71850238E-001
  0.71850217E-001
  0.71850196E-001
  0.71850177E-001
  0.71850159E-001
  0.71850142E-001
  0.71850127E-001
  0.71850112E-001
  0.71850099E-001
  0.71850086E-001
  0.71850075E-001
  0.71850065E-001
  0.71850055E-001
  0.71850046E-001
  0.71850039E-001
  0.71850032E-001
  0.71850023E-001
