  0.26673715E+000
  0.26685689E+000
  0.26695113E+000
  0.26702460E+000
  0.26708108E+000
  0.26712365E+000
  0.26715482E+000
  0.26717669E+000
  0.26719098E+000
  0.26719912E+000
  0.26720228E+000
  0.26720138E+000
  0.26719714E+000
  0.26719025E+000
  0.26718126E+000
  0.26717063E+000
  0.26715873E+000
  0.26714588E+000
  0.26713233E+000
  0.26711829E+000
  0.26710394E+000
  0.26708943E+000
  0.26707486E+000
  0.26706034E+000
  0.26704595E+000
  0.26703174E+000
  0.26701778E+000
  0.26700411E+000
  0.26699076E+000
  0.26697777E+000
  0.26696516E+000
  0.26695294E+000
  0.26694114E+000
  0.26692975E+000
  0.26691880E+000
  0.26690827E+000
  0.26689818E+000
  0.26688851E+000
  0.26687927E+000
  0.26687045E+000
  0.26686204E+000
  0.26685404E+000
  0.26684643E+000
  0.26683921E+000
  0.26683235E+000
  0.26682586E+000
  0.26681971E+000
  0.26681390E+000
  0.26680842E+000
  0.26680324E+000
  0.26679837E+000
  0.26679377E+000
  0.26678946E+000
  0.26678540E+000
  0.26678160E+000
  0.26677804E+000
  0.26677470E+000
  0.26677159E+000
  0.26676868E+000
  0.26676597E+000
  0.26676345E+000
  0.26676111E+000
  0.26675894E+000
  0.26675693E+000
  0.26675508E+000
  0.26675336E+000
  0.26675179E+000
  0.26675034E+000
  0.26674901E+000
  0.26674780E+000
  0.26674669E+000
  0.26674568E+000
  0.26674477E+000
  0.26674393E+000
  0.26674318E+000
  0.26674250E+000
  0.26674189E+000
  0.26674135E+000
  0.26674086E+000
  0.26674042E+000
  0.26674003E+000
  0.26673968E+000
  0.26673937E+000
  0.26673910E+000
  0.26673886E+000
  0.26673865E+000
  0.26673847E+000
  0.26673831E+000
  0.26673817E+000
  0.26673804E+000
  0.26673794E+000
  0.26673784E+000
  0.26673776E+000
  0.26673770E+000
  0.26673764E+000
  0.26673758E+000
  0.26673754E+000
  0.26673750E+000
  0.26673746E+000
  0.26673743E+000
  0.26673741E+000
  0.26673738E+000
  0.26673735E+000
  0.26673732E+000
  0.26673730E+000
  0.26673727E+000
  0.26673723E+000
  0.26673720E+000
  0.26673715E+000
  0.26673711E+000
  0.26673705E+000
  0.26673699E+000
  0.26673692E+000
  0.26673685E+000
  0.26673677E+000
  0.26673668E+000
  0.26673658E+000
  0.26673649E+000
  0.26673638E+000
  0.26673628E+000
  0.26673618E+000
  0.26673608E+000
  0.26673598E+000
  0.26673589E+000
  0.26673581E+000
  0.26673574E+000
  0.26673568E+000
  0.26673563E+000
  0.26673560E+000
  0.26673558E+000
  0.26673559E+000
  0.26673561E+000
  0.26673564E+000
  0.26673570E+000
  0.26673577E+000
  0.26673585E+000
  0.26673595E+000
  0.26673606E+000
  0.26673619E+000
  0.26673632E+000
  0.26673647E+000
  0.26673662E+000
  0.26673677E+000
  0.26673693E+000
  0.26673709E+000
  0.26673724E+000
  0.26673740E+000
  0.26673755E+000
  0.26673770E+000
  0.26673785E+000
  0.26673798E+000
  0.26673811E+000
  0.26673823E+000
  0.26673835E+000
  0.26673845E+000
  0.26673854E+000
  0.26673862E+000
  0.26673869E+000
  0.26673875E+000
  0.26673880E+000
  0.26673883E+000
  0.26673885E+000
  0.26673886E+000
  0.26673885E+000
  0.26673884E+000
  0.26673881E+000
  0.26673876E+000
  0.26673871E+000
  0.26673864E+000
  0.26673856E+000
  0.26673847E+000
  0.26673836E+000
  0.26673825E+000
  0.26673813E+000
  0.26673799E+000
  0.26673785E+000
  0.26673770E+000
  0.26673755E+000
  0.26673739E+000
  0.26673722E+000
  0.26673706E+000
  0.26673689E+000
  0.26673672E+000
  0.26673656E+000
  0.26673640E+000
  0.26673624E+000
  0.26673610E+000
  0.26673596E+000
  0.26673583E+000
  0.26673572E+000
  0.26673562E+000
  0.26673555E+000
  0.26673550E+000
  0.26673548E+000
  0.26673551E+000
  0.26673559E+000
  0.26673574E+000
  0.26673601E+000
  0.26673651E+000
  0.26673733E+000
