 -0.13445528E+000  0.00000000E+000  0.87859741E-002  0.11926180E+001
 -0.13430737E+000  0.00000000E+000  0.88432963E-002  0.11928917E+001
 -0.13419098E+000  0.00000000E+000  0.88861509E-002  0.11931095E+001
 -0.13410056E+000  0.00000000E+000  0.89178379E-002  0.11932812E+001
 -0.13403151E+000  0.00000000E+000  0.89407399E-002  0.11934152E+001
 -0.13397996E+000  0.00000000E+000  0.89566838E-002  0.11935180E+001
 -0.13394271E+000  0.00000000E+000  0.89671088E-002  0.11935950E+001
 -0.13391711E+000  0.00000000E+000  0.89731652E-002  0.11936508E+001
 -0.13390088E+000  0.00000000E+000  0.89757767E-002  0.11936891E+001
 -0.13389220E+000  0.00000000E+000  0.89756866E-002  0.11937131E+001
 -0.13388957E+000  0.00000000E+000  0.89734940E-002  0.11937253E+001
 -0.13389192E+000  0.00000000E+000  0.89696818E-002  0.11937279E+001
 -0.13389855E+000  0.00000000E+000  0.89646419E-002  0.11937226E+001
 -0.13390856E+000  0.00000000E+000  0.89586908E-002  0.11937110E+001
 -0.13392119E+000  0.00000000E+000  0.89520795E-002  0.11936943E+001
 -0.13393583E+000  0.00000000E+000  0.89450102E-002  0.11936734E+001
 -0.13395200E+000  0.00000000E+000  0.89376452E-002  0.11936494E+001
 -0.13396926E+000  0.00000000E+000  0.89301149E-002  0.11936228E+001
 -0.13398729E+000  0.00000000E+000  0.89225236E-002  0.11935942E+001
 -0.13400581E+000  0.00000000E+000  0.89149543E-002  0.11935641E+001
 -0.13402460E+000  0.00000000E+000  0.89074732E-002  0.11935330E+001
 -0.13404346E+000  0.00000000E+000  0.89001324E-002  0.11935011E+001
 -0.13406225E+000  0.00000000E+000  0.88929730E-002  0.11934688E+001
 -0.13408084E+000  0.00000000E+000  0.88860268E-002  0.11934363E+001
 -0.13409914E+000  0.00000000E+000  0.88793182E-002  0.11934037E+001
 -0.13411707E+000  0.00000000E+000  0.88728657E-002  0.11933713E+001
 -0.13413458E+000  0.00000000E+000  0.88666827E-002  0.11933391E+001
 -0.13415162E+000  0.00000000E+000  0.88607785E-002  0.11933074E+001
 -0.13416814E+000  0.00000000E+000  0.88551591E-002  0.11932761E+001
 -0.13418410E+000  0.00000000E+000  0.88498274E-002  0.11932455E+001
 -0.13419950E+000  0.00000000E+000  0.88447844E-002  0.11932155E+001
 -0.13421429E+000  0.00000000E+000  0.88400285E-002  0.11931861E+001
 -0.13422849E+000  0.00000000E+000  0.88355564E-002  0.11931576E+001
 -0.13424208E+000  0.00000000E+000  0.88313633E-002  0.11931298E+001
 -0.13425506E+000  0.00000000E+000  0.88274429E-002  0.11931029E+001
 -0.13426744E+000  0.00000000E+000  0.88237878E-002  0.11930768E+001
 -0.13427923E+000  0.00000000E+000  0.88203896E-002  0.11930516E+001
 -0.13429043E+000  0.00000000E+000  0.88172391E-002  0.11930273E+001
 -0.13430106E+000  0.00000000E+000  0.88143262E-002  0.11930039E+001
 -0.13431114E+000  0.00000000E+000  0.88116404E-002  0.11929814E+001
 -0.13432069E+000  0.00000000E+000  0.88091705E-002  0.11929598E+001
 -0.13432972E+000  0.00000000E+000  0.88069053E-002  0.11929391E+001
 -0.13433825E+000  0.00000000E+000  0.88048331E-002  0.11929192E+001
 -0.13434630E+000  0.00000000E+000  0.88029423E-002  0.11929003E+001
 -0.13435390E+000  0.00000000E+000  0.88012214E-002  0.11928822E+001
 -0.13436105E+000  0.00000000E+000  0.87996588E-002  0.11928649E+001
 -0.13436780E+000  0.00000000E+000  0.87982433E-002  0.11928485E+001
 -0.13437414E+000  0.00000000E+000  0.87969640E-002  0.11928329E+001
 -0.13438011E+000  0.00000000E+000  0.87958101E-002  0.11928181E+001
 -0.13438572E+000  0.00000000E+000  0.87947716E-002  0.11928040E+001
 -0.13439098E+000  0.00000000E+000  0.87938388E-002  0.11927907E+001
 -0.13439592E+000  0.00000000E+000  0.87930024E-002  0.11927781E+001
 -0.13440055E+000  0.00000000E+000  0.87922537E-002  0.11927662E+001
 -0.13440488E+000  0.00000000E+000  0.87915847E-002  0.11927550E+001
 -0.13440894E+000  0.00000000E+000  0.87909876E-002  0.11927445E+001
 -0.13441272E+000  0.00000000E+000  0.87904554E-002  0.11927345E+001
 -0.13441626E+000  0.00000000E+000  0.87899817E-002  0.11927252E+001
 -0.13441955E+000  0.00000000E+000  0.87895604E-002  0.11927164E+001
 -0.13442261E+000  0.00000000E+000  0.87891860E-002  0.11927083E+001
 -0.13442546E+000  0.00000000E+000  0.87888535E-002  0.11927006E+001
 -0.13442810E+000  0.00000000E+000  0.87885584E-002  0.11926935E+001
 -0.13443055E+000  0.00000000E+000  0.87882967E-002  0.11926868E+001
 -0.13443281E+000  0.00000000E+000  0.87880645E-002  0.11926806E+001
 -0.13443490E+000  0.00000000E+000  0.87878586E-002  0.11926749E+001
 -0.13443682E+000  0.00000000E+000  0.87876760E-002  0.11926696E+001
 -0.13443859E+000  0.00000000E+000  0.87875140E-002  0.11926646E+001
 -0.13444021E+000  0.00000000E+000  0.87873704E-002  0.11926601E+001
 -0.13444170E+000  0.00000000E+000  0.87872430E-002  0.11926559E+001
 -0.13444306E+000  0.00000000E+000  0.87871299E-002  0.11926521E+001
 -0.13444430E+000  0.00000000E+000  0.87870295E-002  0.11926486E+001
 -0.13444542E+000  0.00000000E+000  0.87869404E-002  0.11926454E+001
 -0.13444645E+000  0.00000000E+000  0.87868613E-002  0.11926424E+001
 -0.13444738E+000  0.00000000E+000  0.87867909E-002  0.11926398E+001
 -0.13444822E+000  0.00000000E+000  0.87867284E-002  0.11926373E+001
 -0.13444897E+000  0.00000000E+000  0.87866728E-002  0.11926351E+001
 -0.13444965E+000  0.00000000E+000  0.87866233E-002  0.11926332E+001
 -0.13445027E+000  0.00000000E+000  0.87865793E-002  0.11926314E+001
 -0.13445081E+000  0.00000000E+000  0.87865401E-002  0.11926298E+001
 -0.13445131E+000  0.00000000E+000  0.87865051E-002  0.11926283E+001
 -0.13445174E+000  0.00000000E+000  0.87864739E-002  0.11926270E+001
 -0.13445213E+000  0.00000000E+000  0.87864460E-002  0.11926259E+001
 -0.13445248E+000  0.00000000E+000  0.87864211E-002  0.11926249E+001
 -0.13445279E+000  0.00000000E+000  0.87863987E-002  0.11926240E+001
 -0.13445306E+000  0.00000000E+000  0.87863787E-002  0.11926232E+001
 -0.13445330E+000  0.00000000E+000  0.87863606E-002  0.11926225E+001
 -0.13445352E+000  0.00000000E+000  0.87863444E-002  0.11926219E+001
 -0.13445371E+000  0.00000000E+000  0.87863297E-002  0.11926214E+001
 -0.13445387E+000  0.00000000E+000  0.87863163E-002  0.11926209E+001
 -0.13445402E+000  0.00000000E+000  0.87863042E-002  0.11926205E+001
 -0.13445415E+000  0.00000000E+000  0.87862931E-002  0.11926201E+001
 -0.13445426E+000  0.00000000E+000  0.87862829E-002  0.11926198E+001
 -0.13445436E+000  0.00000000E+000  0.87862734E-002  0.11926196E+001
 -0.13445445E+000  0.00000000E+000  0.87862647E-002  0.11926194E+001
 -0.13445453E+000  0.00000000E+000  0.87862566E-002  0.11926192E+001
 -0.13445460E+000  0.00000000E+000  0.87862489E-002  0.11926190E+001
 -0.13445466E+000  0.00000000E+000  0.87862417E-002  0.11926189E+001
 -0.13445471E+000  0.00000000E+000  0.87862349E-002  0.11926187E+001
 -0.13445476E+000  0.00000000E+000  0.87862283E-002  0.11926186E+001
 -0.13445481E+000  0.00000000E+000  0.87862220E-002  0.11926186E+001
 -0.13445485E+000  0.00000000E+000  0.87862157E-002  0.11926185E+001
 -0.13445489E+000  0.00000000E+000  0.87862096E-002  0.11926184E+001
 -0.13445492E+000  0.00000000E+000  0.87862033E-002  0.11926183E+001
 -0.13445496E+000  0.00000000E+000  0.87861969E-002  0.11926183E+001
 -0.13445499E+000  0.00000000E+000  0.87861902E-002  0.11926182E+001
 -0.13445502E+000  0.00000000E+000  0.87861831E-002  0.11926181E+001
 -0.13445506E+000  0.00000000E+000  0.87861755E-002  0.11926181E+001
 -0.13445510E+000  0.00000000E+000  0.87861671E-002  0.11926180E+001
 -0.13445514E+000  0.00000000E+000  0.87861579E-002  0.11926179E+001
 -0.13445518E+000  0.00000000E+000  0.87861476E-002  0.11926178E+001
 -0.13445522E+000  0.00000000E+000  0.87861362E-002  0.11926176E+001
 -0.13445528E+000  0.00000000E+000  0.87861235E-002  0.11926175E+001
 -0.13445533E+000  0.00000000E+000  0.87861094E-002  0.11926173E+001
 -0.13445539E+000  0.00000000E+000  0.87860938E-002  0.11926171E+001
 -0.13445545E+000  0.00000000E+000  0.87860768E-002  0.11926169E+001
 -0.13445552E+000  0.00000000E+000  0.87860584E-002  0.11926166E+001
 -0.13445559E+000  0.00000000E+000  0.87860387E-002  0.11926164E+001
 -0.13445566E+000  0.00000000E+000  0.87860178E-002  0.11926161E+001
 -0.13445573E+000  0.00000000E+000  0.87859959E-002  0.11926158E+001
 -0.13445580E+000  0.00000000E+000  0.87859734E-002  0.11926155E+001
 -0.13445586E+000  0.00000000E+000  0.87859506E-002  0.11926151E+001
 -0.13445593E+000  0.00000000E+000  0.87859279E-002  0.11926148E+001
 -0.13445598E+000  0.00000000E+000  0.87859057E-002  0.11926145E+001
 -0.13445603E+000  0.00000000E+000  0.87858843E-002  0.11926142E+001
 -0.13445606E+000  0.00000000E+000  0.87858644E-002  0.11926139E+001
 -0.13445609E+000  0.00000000E+000  0.87858462E-002  0.11926136E+001
 -0.13445610E+000  0.00000000E+000  0.87858303E-002  0.11926133E+001
 -0.13445610E+000  0.00000000E+000  0.87858170E-002  0.11926131E+001
 -0.13445608E+000  0.00000000E+000  0.87858066E-002  0.11926129E+001
 -0.13445605E+000  0.00000000E+000  0.87857994E-002  0.11926128E+001
 -0.13445600E+000  0.00000000E+000  0.87857955E-002  0.11926126E+001
 -0.13445593E+000  0.00000000E+000  0.87857952E-002  0.11926126E+001
 -0.13445586E+000  0.00000000E+000  0.87857985E-002  0.11926126E+001
 -0.13445576E+000  0.00000000E+000  0.87858052E-002  0.11926126E+001
 -0.13445566E+000  0.00000000E+000  0.87858154E-002  0.11926127E+001
 -0.13445554E+000  0.00000000E+000  0.87858288E-002  0.11926129E+001
 -0.13445542E+000  0.00000000E+000  0.87858453E-002  0.11926131E+001
 -0.13445529E+000  0.00000000E+000  0.87858645E-002  0.11926133E+001
 -0.13445515E+000  0.00000000E+000  0.87858861E-002  0.11926136E+001
 -0.13445502E+000  0.00000000E+000  0.87859098E-002  0.11926140E+001
 -0.13445488E+000  0.00000000E+000  0.87859352E-002  0.11926143E+001
 -0.13445474E+000  0.00000000E+000  0.87859620E-002  0.11926148E+001
 -0.13445461E+000  0.00000000E+000  0.87859897E-002  0.11926152E+001
 -0.13445448E+000  0.00000000E+000  0.87860180E-002  0.11926157E+001
 -0.13445436E+000  0.00000000E+000  0.87860466E-002  0.11926161E+001
 -0.13445425E+000  0.00000000E+000  0.87860750E-002  0.11926166E+001
 -0.13445415E+000  0.00000000E+000  0.87861030E-002  0.11926171E+001
 -0.13445406E+000  0.00000000E+000  0.87861302E-002  0.11926176E+001
 -0.13445398E+000  0.00000000E+000  0.87861565E-002  0.11926182E+001
 -0.13445392E+000  0.00000000E+000  0.87861816E-002  0.11926187E+001
 -0.13445386E+000  0.00000000E+000  0.87862052E-002  0.11926192E+001
 -0.13445382E+000  0.00000000E+000  0.87862272E-002  0.11926196E+001
 -0.13445380E+000  0.00000000E+000  0.87862475E-002  0.11926201E+001
 -0.13445378E+000  0.00000000E+000  0.87862658E-002  0.11926206E+001
 -0.13445378E+000  0.00000000E+000  0.87862821E-002  0.11926210E+001
 -0.13445379E+000  0.00000000E+000  0.87862963E-002  0.11926214E+001
 -0.13445381E+000  0.00000000E+000  0.87863084E-002  0.11926218E+001
 -0.13445385E+000  0.00000000E+000  0.87863181E-002  0.11926221E+001
 -0.13445389E+000  0.00000000E+000  0.87863256E-002  0.11926224E+001
 -0.13445395E+000  0.00000000E+000  0.87863307E-002  0.11926227E+001
 -0.13445402E+000  0.00000000E+000  0.87863335E-002  0.11926230E+001
 -0.13445409E+000  0.00000000E+000  0.87863338E-002  0.11926232E+001
 -0.13445418E+000  0.00000000E+000  0.87863318E-002  0.11926234E+001
 -0.13445427E+000  0.00000000E+000  0.87863274E-002  0.11926235E+001
 -0.13445437E+000  0.00000000E+000  0.87863205E-002  0.11926236E+001
 -0.13445448E+000  0.00000000E+000  0.87863113E-002  0.11926236E+001
 -0.13445459E+000  0.00000000E+000  0.87862998E-002  0.11926236E+001
 -0.13445471E+000  0.00000000E+000  0.87862859E-002  0.11926236E+001
 -0.13445483E+000  0.00000000E+000  0.87862699E-002  0.11926235E+001
 -0.13445496E+000  0.00000000E+000  0.87862516E-002  0.11926234E+001
 -0.13445509E+000  0.00000000E+000  0.87862312E-002  0.11926232E+001
 -0.13445522E+000  0.00000000E+000  0.87862089E-002  0.11926230E+001
 -0.13445535E+000  0.00000000E+000  0.87861848E-002  0.11926227E+001
 -0.13445549E+000  0.00000000E+000  0.87861589E-002  0.11926224E+001
 -0.13445562E+000  0.00000000E+000  0.87861314E-002  0.11926221E+001
 -0.13445575E+000  0.00000000E+000  0.87861026E-002  0.11926217E+001
 -0.13445588E+000  0.00000000E+000  0.87860726E-002  0.11926213E+001
 -0.13445600E+000  0.00000000E+000  0.87860416E-002  0.11926209E+001
 -0.13445612E+000  0.00000000E+000  0.87860099E-002  0.11926204E+001
 -0.13445624E+000  0.00000000E+000  0.87859777E-002  0.11926199E+001
 -0.13445634E+000  0.00000000E+000  0.87859453E-002  0.11926194E+001
 -0.13445644E+000  0.00000000E+000  0.87859128E-002  0.11926189E+001
 -0.13445653E+000  0.00000000E+000  0.87858807E-002  0.11926183E+001
 -0.13445661E+000  0.00000000E+000  0.87858492E-002  0.11926178E+001
 -0.13445668E+000  0.00000000E+000  0.87858186E-002  0.11926172E+001
 -0.13445674E+000  0.00000000E+000  0.87857891E-002  0.11926167E+001
 -0.13445679E+000  0.00000000E+000  0.87857610E-002  0.11926161E+001
 -0.13445682E+000  0.00000000E+000  0.87857347E-002  0.11926156E+001
 -0.13445684E+000  0.00000000E+000  0.87857103E-002  0.11926151E+001
 -0.13445684E+000  0.00000000E+000  0.87856882E-002  0.11926146E+001
 -0.13445683E+000  0.00000000E+000  0.87856686E-002  0.11926141E+001
 -0.13445681E+000  0.00000000E+000  0.87856519E-002  0.11926138E+001
 -0.13445676E+000  0.00000000E+000  0.87856382E-002  0.11926134E+001
 -0.13445670E+000  0.00000000E+000  0.87856280E-002  0.11926132E+001
 -0.13445662E+000  0.00000000E+000  0.87856218E-002  0.11926130E+001
 -0.13445650E+000  0.00000000E+000  0.87856201E-002  0.11926130E+001
 -0.13445636E+000  0.00000000E+000  0.87856234E-002  0.11926132E+001
 -0.13445614E+000  0.00000000E+000  0.87856345E-002  0.11926136E+001
 -0.13445589E+000  0.00000000E+000  0.87856467E-002  0.11926144E+001
 -0.13445527E+000  0.00000000E+000  0.87857061E-002  0.11926157E+001
 -0.13445454E+000  0.00000000E+000  0.87857850E-002  0.11926182E+001
