 -0.14475375E-001
 -0.14435908E-001
 -0.14410340E-001
 -0.14393517E-001
 -0.14382691E-001
 -0.14376182E-001
 -0.14372863E-001
 -0.14371933E-001
 -0.14372781E-001
 -0.14374946E-001
 -0.14378070E-001
 -0.14381879E-001
 -0.14386155E-001
 -0.14390726E-001
 -0.14395461E-001
 -0.14400257E-001
 -0.14405034E-001
 -0.14409734E-001
 -0.14414312E-001
 -0.14418735E-001
 -0.14422980E-001
 -0.14427030E-001
 -0.14430875E-001
 -0.14434509E-001
 -0.14437930E-001
 -0.14441139E-001
 -0.14444137E-001
 -0.14446930E-001
 -0.14449525E-001
 -0.14451926E-001
 -0.14454144E-001
 -0.14456185E-001
 -0.14458059E-001
 -0.14459776E-001
 -0.14461343E-001
 -0.14462772E-001
 -0.14464070E-001
 -0.14465248E-001
 -0.14466313E-001
 -0.14467276E-001
 -0.14468142E-001
 -0.14468922E-001
 -0.14469622E-001
 -0.14470249E-001
 -0.14470810E-001
 -0.14471311E-001
 -0.14471757E-001
 -0.14472154E-001
 -0.14472507E-001
 -0.14472819E-001
 -0.14473096E-001
 -0.14473341E-001
 -0.14473557E-001
 -0.14473747E-001
 -0.14473915E-001
 -0.14474062E-001
 -0.14474191E-001
 -0.14474305E-001
 -0.14474404E-001
 -0.14474491E-001
 -0.14474568E-001
 -0.14474635E-001
 -0.14474694E-001
 -0.14474745E-001
 -0.14474791E-001
 -0.14474831E-001
 -0.14474867E-001
 -0.14474898E-001
 -0.14474927E-001
 -0.14474953E-001
 -0.14474976E-001
 -0.14474997E-001
 -0.14475016E-001
 -0.14475034E-001
 -0.14475050E-001
 -0.14475065E-001
 -0.14475079E-001
 -0.14475092E-001
 -0.14475105E-001
 -0.14475116E-001
 -0.14475127E-001
 -0.14475137E-001
 -0.14475147E-001
 -0.14475157E-001
 -0.14475165E-001
 -0.14475174E-001
 -0.14475182E-001
 -0.14475189E-001
 -0.14475197E-001
 -0.14475204E-001
 -0.14475211E-001
 -0.14475217E-001
 -0.14475223E-001
 -0.14475229E-001
 -0.14475235E-001
 -0.14475240E-001
 -0.14475245E-001
 -0.14475250E-001
 -0.14475255E-001
 -0.14475260E-001
 -0.14475264E-001
 -0.14475268E-001
 -0.14475273E-001
 -0.14475277E-001
 -0.14475280E-001
 -0.14475284E-001
 -0.14475288E-001
 -0.14475291E-001
 -0.14475295E-001
 -0.14475298E-001
 -0.14475301E-001
 -0.14475304E-001
 -0.14475308E-001
 -0.14475311E-001
 -0.14475314E-001
 -0.14475316E-001
 -0.14475319E-001
 -0.14475322E-001
 -0.14475325E-001
 -0.14475328E-001
 -0.14475330E-001
 -0.14475333E-001
 -0.14475335E-001
 -0.14475338E-001
 -0.14475340E-001
 -0.14475343E-001
 -0.14475345E-001
 -0.14475347E-001
 -0.14475349E-001
 -0.14475351E-001
 -0.14475353E-001
 -0.14475355E-001
 -0.14475356E-001
 -0.14475358E-001
 -0.14475359E-001
 -0.14475361E-001
 -0.14475362E-001
 -0.14475363E-001
 -0.14475364E-001
 -0.14475365E-001
 -0.14475366E-001
 -0.14475367E-001
 -0.14475368E-001
 -0.14475368E-001
 -0.14475369E-001
 -0.14475370E-001
 -0.14475370E-001
 -0.14475371E-001
 -0.14475372E-001
 -0.14475372E-001
 -0.14475373E-001
 -0.14475373E-001
 -0.14475374E-001
 -0.14475374E-001
 -0.14475375E-001
 -0.14475375E-001
 -0.14475375E-001
 -0.14475375E-001
 -0.14475375E-001
 -0.14475375E-001
 -0.14475375E-001
 -0.14475375E-001
 -0.14475374E-001
 -0.14475374E-001
 -0.14475373E-001
 -0.14475373E-001
 -0.14475372E-001
 -0.14475371E-001
 -0.14475371E-001
 -0.14475370E-001
 -0.14475369E-001
 -0.14475368E-001
 -0.14475368E-001
 -0.14475367E-001
 -0.14475366E-001
 -0.14475366E-001
 -0.14475365E-001
 -0.14475365E-001
 -0.14475364E-001
 -0.14475364E-001
 -0.14475364E-001
 -0.14475364E-001
 -0.14475364E-001
 -0.14475364E-001
 -0.14475364E-001
 -0.14475364E-001
 -0.14475365E-001
 -0.14475365E-001
 -0.14475366E-001
 -0.14475366E-001
 -0.14475367E-001
 -0.14475367E-001
 -0.14475368E-001
 -0.14475369E-001
 -0.14475370E-001
 -0.14475371E-001
 -0.14475371E-001
 -0.14475370E-001
 -0.14475368E-001
 -0.14475369E-001
