  0.30131895E+000
  0.30139989E+000
  0.30146378E+000
  0.30151379E+000
  0.30155243E+000
  0.30158173E+000
  0.30160336E+000
  0.30161871E+000
  0.30162891E+000
  0.30163490E+000
  0.30163747E+000
  0.30163727E+000
  0.30163483E+000
  0.30163059E+000
  0.30162492E+000
  0.30161812E+000
  0.30161045E+000
  0.30160209E+000
  0.30159323E+000
  0.30158401E+000
  0.30157454E+000
  0.30156491E+000
  0.30155521E+000
  0.30154551E+000
  0.30153585E+000
  0.30152629E+000
  0.30151686E+000
  0.30150759E+000
  0.30149851E+000
  0.30148964E+000
  0.30148101E+000
  0.30147261E+000
  0.30146447E+000
  0.30145659E+000
  0.30144899E+000
  0.30144166E+000
  0.30143460E+000
  0.30142783E+000
  0.30142133E+000
  0.30141511E+000
  0.30140917E+000
  0.30140349E+000
  0.30139808E+000
  0.30139293E+000
  0.30138804E+000
  0.30138339E+000
  0.30137898E+000
  0.30137481E+000
  0.30137086E+000
  0.30136713E+000
  0.30136361E+000
  0.30136030E+000
  0.30135717E+000
  0.30135424E+000
  0.30135148E+000
  0.30134889E+000
  0.30134647E+000
  0.30134420E+000
  0.30134208E+000
  0.30134011E+000
  0.30133827E+000
  0.30133656E+000
  0.30133497E+000
  0.30133350E+000
  0.30133214E+000
  0.30133089E+000
  0.30132973E+000
  0.30132866E+000
  0.30132769E+000
  0.30132679E+000
  0.30132598E+000
  0.30132523E+000
  0.30132455E+000
  0.30132394E+000
  0.30132338E+000
  0.30132288E+000
  0.30132243E+000
  0.30132202E+000
  0.30132165E+000
  0.30132133E+000
  0.30132104E+000
  0.30132078E+000
  0.30132055E+000
  0.30132035E+000
  0.30132018E+000
  0.30132002E+000
  0.30131988E+000
  0.30131977E+000
  0.30131966E+000
  0.30131957E+000
  0.30131950E+000
  0.30131943E+000
  0.30131937E+000
  0.30131932E+000
  0.30131928E+000
  0.30131924E+000
  0.30131921E+000
  0.30131919E+000
  0.30131916E+000
  0.30131914E+000
  0.30131912E+000
  0.30131910E+000
  0.30131909E+000
  0.30131907E+000
  0.30131905E+000
  0.30131903E+000
  0.30131900E+000
  0.30131898E+000
  0.30131894E+000
  0.30131891E+000
  0.30131887E+000
  0.30131882E+000
  0.30131877E+000
  0.30131871E+000
  0.30131864E+000
  0.30131857E+000
  0.30131849E+000
  0.30131841E+000
  0.30131833E+000
  0.30131824E+000
  0.30131815E+000
  0.30131807E+000
  0.30131798E+000
  0.30131790E+000
  0.30131782E+000
  0.30131775E+000
  0.30131769E+000
  0.30131764E+000
  0.30131760E+000
  0.30131757E+000
  0.30131756E+000
  0.30131756E+000
  0.30131757E+000
  0.30131760E+000
  0.30131764E+000
  0.30131769E+000
  0.30131776E+000
  0.30131784E+000
  0.30131792E+000
  0.30131802E+000
  0.30131813E+000
  0.30131825E+000
  0.30131837E+000
  0.30131849E+000
  0.30131862E+000
  0.30131876E+000
  0.30131889E+000
  0.30131902E+000
  0.30131916E+000
  0.30131929E+000
  0.30131941E+000
  0.30131953E+000
  0.30131965E+000
  0.30131976E+000
  0.30131987E+000
  0.30131997E+000
  0.30132006E+000
  0.30132014E+000
  0.30132021E+000
  0.30132027E+000
  0.30132033E+000
  0.30132037E+000
  0.30132040E+000
  0.30132042E+000
  0.30132043E+000
  0.30132043E+000
  0.30132042E+000
  0.30132039E+000
  0.30132036E+000
  0.30132031E+000
  0.30132025E+000
  0.30132018E+000
  0.30132010E+000
  0.30132001E+000
  0.30131991E+000
  0.30131980E+000
  0.30131969E+000
  0.30131956E+000
  0.30131943E+000
  0.30131929E+000
  0.30131915E+000
  0.30131901E+000
  0.30131886E+000
  0.30131872E+000
  0.30131857E+000
  0.30131843E+000
  0.30131829E+000
  0.30131815E+000
  0.30131803E+000
  0.30131791E+000
  0.30131781E+000
  0.30131773E+000
  0.30131766E+000
  0.30131762E+000
  0.30131762E+000
  0.30131766E+000
  0.30131776E+000
  0.30131796E+000
  0.30131831E+000
  0.30131894E+000
