  0.12209482E+001
  0.12208908E+001
  0.12208288E+001
  0.12207728E+001
  0.12207171E+001
  0.12206645E+001
  0.12206181E+001
  0.12205758E+001
  0.12205389E+001
  0.12205056E+001
  0.12204750E+001
  0.12204483E+001
  0.12204245E+001
  0.12204022E+001
  0.12203840E+001
  0.12203677E+001
  0.12203535E+001
  0.12203409E+001
  0.12203297E+001
  0.12203197E+001
  0.12203107E+001
  0.12203028E+001
  0.12202958E+001
  0.12202895E+001
  0.12202839E+001
  0.12202788E+001
  0.12202741E+001
  0.12202700E+001
  0.12202661E+001
  0.12202627E+001
  0.12202595E+001
  0.12202566E+001
  0.12202538E+001
  0.12202513E+001
  0.12202490E+001
  0.12202469E+001
  0.12202449E+001
  0.12202430E+001
  0.12202413E+001
  0.12202397E+001
  0.12202382E+001
  0.12202367E+001
  0.12202354E+001
  0.12202341E+001
  0.12202330E+001
  0.12202318E+001
  0.12202308E+001
  0.12202298E+001
  0.12202288E+001
  0.12202279E+001
  0.12202271E+001
  0.12202263E+001
  0.12202256E+001
  0.12202249E+001
  0.12202243E+001
  0.12202237E+001
  0.12202231E+001
  0.12202226E+001
  0.12202220E+001
  0.12202216E+001
  0.12202211E+001
  0.12202207E+001
  0.12202203E+001
  0.12202199E+001
  0.12202195E+001
  0.12202192E+001
  0.12202189E+001
  0.12202186E+001
  0.12202183E+001
  0.12202181E+001
  0.12202178E+001
  0.12202176E+001
  0.12202174E+001
  0.12202172E+001
  0.12202170E+001
  0.12202168E+001
  0.12202166E+001
  0.12202165E+001
  0.12202163E+001
  0.12202162E+001
  0.12202161E+001
  0.12202159E+001
  0.12202158E+001
  0.12202157E+001
  0.12202156E+001
  0.12202155E+001
  0.12202154E+001
  0.12202154E+001
  0.12202153E+001
  0.12202152E+001
  0.12202152E+001
  0.12202151E+001
  0.12202150E+001
  0.12202150E+001
  0.12202149E+001
  0.12202149E+001
  0.12202148E+001
  0.12202148E+001
  0.12202148E+001
  0.12202147E+001
  0.12202147E+001
  0.12202147E+001
  0.12202147E+001
  0.12202146E+001
  0.12202146E+001
  0.12202146E+001
  0.12202146E+001
  0.12202145E+001
  0.12202145E+001
  0.12202145E+001
  0.12202145E+001
  0.12202145E+001
  0.12202144E+001
  0.12202144E+001
  0.12202144E+001
  0.12202144E+001
  0.12202143E+001
  0.12202143E+001
  0.12202143E+001
  0.12202142E+001
  0.12202142E+001
  0.12202142E+001
  0.12202141E+001
  0.12202141E+001
  0.12202140E+001
  0.12202140E+001
  0.12202140E+001
  0.12202139E+001
  0.12202139E+001
  0.12202138E+001
  0.12202137E+001
  0.12202137E+001
  0.12202136E+001
  0.12202135E+001
  0.12202135E+001
  0.12202134E+001
  0.12202133E+001
  0.12202132E+001
  0.12202131E+001
  0.12202131E+001
  0.12202130E+001
  0.12202129E+001
  0.12202128E+001
  0.12202127E+001
  0.12202126E+001
  0.12202125E+001
  0.12202123E+001
  0.12202122E+001
  0.12202121E+001
  0.12202120E+001
  0.12202119E+001
  0.12202118E+001
  0.12202116E+001
  0.12202115E+001
  0.12202114E+001
  0.12202113E+001
  0.12202111E+001
  0.12202110E+001
  0.12202109E+001
  0.12202107E+001
  0.12202106E+001
  0.12202105E+001
  0.12202103E+001
  0.12202102E+001
  0.12202101E+001
  0.12202099E+001
  0.12202098E+001
  0.12202097E+001
  0.12202095E+001
  0.12202094E+001
  0.12202093E+001
  0.12202092E+001
  0.12202090E+001
  0.12202089E+001
  0.12202088E+001
  0.12202087E+001
  0.12202086E+001
  0.12202085E+001
  0.12202083E+001
  0.12202082E+001
  0.12202081E+001
  0.12202080E+001
  0.12202079E+001
  0.12202078E+001
  0.12202077E+001
  0.12202076E+001
  0.12202076E+001
  0.12202075E+001
  0.12202074E+001
  0.12202073E+001
  0.12202072E+001
  0.12202072E+001
  0.12202071E+001
  0.12202070E+001
  0.12202069E+001
  0.12202069E+001
  0.12202068E+001
  0.12202068E+001
  0.12202067E+001
  0.12202067E+001
