  0.65986354E+000
  0.65991123E+000
  0.65996396E+000
  0.66001408E+000
  0.66005889E+000
  0.66009747E+000
  0.66012962E+000
  0.66015556E+000
  0.66017571E+000
  0.66019056E+000
  0.66020067E+000
  0.66020656E+000
  0.66020872E+000
  0.66020759E+000
  0.66020358E+000
  0.66019705E+000
  0.66018830E+000
  0.66017762E+000
  0.66016523E+000
  0.66015117E+000
  0.66013603E+000
  0.66012033E+000
  0.66010414E+000
  0.66008751E+000
  0.66007051E+000
  0.66005319E+000
  0.66003560E+000
  0.66001779E+000
  0.65999981E+000
  0.65998170E+000
  0.65996352E+000
  0.65994532E+000
  0.65992713E+000
  0.65990901E+000
  0.65989100E+000
  0.65987315E+000
  0.65985551E+000
  0.65983812E+000
  0.65982103E+000
  0.65980427E+000
  0.65978789E+000
  0.65977192E+000
  0.65975639E+000
  0.65974133E+000
  0.65972676E+000
  0.65971270E+000
  0.65969918E+000
  0.65968619E+000
  0.65967375E+000
  0.65966187E+000
  0.65965054E+000
  0.65963976E+000
  0.65962953E+000
  0.65961984E+000
  0.65961068E+000
  0.65960205E+000
  0.65959392E+000
  0.65958629E+000
  0.65957913E+000
  0.65957245E+000
  0.65956621E+000
  0.65956040E+000
  0.65955501E+000
  0.65955002E+000
  0.65954540E+000
  0.65954115E+000
  0.65953723E+000
  0.65953364E+000
  0.65953036E+000
  0.65952736E+000
  0.65952463E+000
  0.65952215E+000
  0.65951991E+000
  0.65951787E+000
  0.65951604E+000
  0.65951439E+000
  0.65951291E+000
  0.65951158E+000
  0.65951039E+000
  0.65950933E+000
  0.65950838E+000
  0.65950754E+000
  0.65950678E+000
  0.65950611E+000
  0.65950551E+000
  0.65950498E+000
  0.65950450E+000
  0.65950408E+000
  0.65950370E+000
  0.65950336E+000
  0.65950306E+000
  0.65950279E+000
  0.65950255E+000
  0.65950233E+000
  0.65950213E+000
  0.65950195E+000
  0.65950179E+000
  0.65950164E+000
  0.65950150E+000
  0.65950138E+000
  0.65950126E+000
  0.65950116E+000
  0.65950106E+000
  0.65950097E+000
  0.65950088E+000
  0.65950081E+000
  0.65950073E+000
  0.65950066E+000
  0.65950060E+000
  0.65950054E+000
  0.65950048E+000
  0.65950043E+000
  0.65950037E+000
  0.65950033E+000
  0.65950028E+000
  0.65950024E+000
  0.65950019E+000
  0.65950016E+000
  0.65950012E+000
  0.65950008E+000
  0.65950005E+000
  0.65950002E+000
  0.65949999E+000
  0.65949996E+000
  0.65949993E+000
  0.65949990E+000
  0.65949988E+000
  0.65949986E+000
  0.65949983E+000
  0.65949981E+000
  0.65949979E+000
  0.65949978E+000
  0.65949976E+000
  0.65949974E+000
  0.65949973E+000
  0.65949971E+000
  0.65949970E+000
  0.65949968E+000
  0.65949967E+000
  0.65949966E+000
  0.65949965E+000
  0.65949964E+000
  0.65949963E+000
  0.65949962E+000
  0.65949961E+000
  0.65949961E+000
  0.65949960E+000
  0.65949959E+000
  0.65949959E+000
  0.65949958E+000
  0.65949958E+000
  0.65949957E+000
  0.65949957E+000
  0.65949957E+000
  0.65949956E+000
  0.65949956E+000
  0.65949956E+000
  0.65949955E+000
  0.65949955E+000
  0.65949955E+000
  0.65949955E+000
  0.65949955E+000
  0.65949955E+000
  0.65949954E+000
  0.65949954E+000
  0.65949954E+000
  0.65949954E+000
  0.65949954E+000
  0.65949954E+000
  0.65949954E+000
  0.65949954E+000
  0.65949954E+000
  0.65949954E+000
  0.65949954E+000
  0.65949954E+000
  0.65949954E+000
  0.65949954E+000
  0.65949954E+000
  0.65949954E+000
  0.65949954E+000
  0.65949955E+000
  0.65949955E+000
  0.65949955E+000
  0.65949955E+000
  0.65949955E+000
  0.65949955E+000
  0.65949955E+000
  0.65949955E+000
  0.65949955E+000
  0.65949955E+000
  0.65949955E+000
  0.65949955E+000
  0.65949955E+000
  0.65949955E+000
  0.65949956E+000
  0.65949956E+000
  0.65949956E+000
  0.65949956E+000
  0.65949956E+000
  0.65949956E+000
