  0.54405382E+000  0.79703512E+000  0.10886546E+001  0.21761410E+001
  0.54401752E+000  0.79690778E+000  0.10886149E+001  0.21761768E+001
  0.54393566E+000  0.79680109E+000  0.10885610E+001  0.21761172E+001
  0.54386576E+000  0.79671593E+000  0.10882054E+001  0.21749148E+001
  0.54380698E+000  0.79663917E+000  0.10881838E+001  0.21750098E+001
  0.54375314E+000  0.79657502E+000  0.10881599E+001  0.21750734E+001
  0.54370607E+000  0.79651998E+000  0.10881344E+001  0.21751108E+001
  0.54366480E+000  0.79647317E+000  0.10883196E+001  0.21759728E+001
  0.54362966E+000  0.79643122E+000  0.10882881E+001  0.21759534E+001
  0.54359778E+000  0.79641072E+000  0.10882456E+001  0.21759364E+001
  0.54356969E+000  0.79638175E+000  0.10882196E+001  0.21759213E+001
  0.54354490E+000  0.79635527E+000  0.10881981E+001  0.21759079E+001
  0.54352295E+000  0.79633281E+000  0.10881730E+001  0.21759016E+001
  0.54350347E+000  0.79631278E+000  0.10881578E+001  0.21758893E+001
  0.54348614E+000  0.79629540E+000  0.10881426E+001  0.21758799E+001
  0.54347068E+000  0.79628009E+000  0.10881292E+001  0.21758715E+001
  0.54345684E+000  0.79626665E+000  0.10881172E+001  0.21758640E+001
  0.54344441E+000  0.79625483E+000  0.10881064E+001  0.21758572E+001
  0.54343322E+000  0.79617011E+000  0.10869112E+001  0.21758511E+001
  0.54342312E+000  0.79616058E+000  0.10868975E+001  0.21758455E+001
  0.54341396E+000  0.79615211E+000  0.10868850E+001  0.21758405E+001
  0.54340563E+000  0.79614456E+000  0.10868736E+001  0.21758359E+001
  0.54339804E+000  0.79613781E+000  0.10868631E+001  0.21758317E+001
  0.54339109E+000  0.79613175E+000  0.10868535E+001  0.21758279E+001
  0.54338471E+000  0.79612631E+000  0.10868447E+001  0.21758243E+001
  0.54337884E+000  0.79612139E+000  0.10868366E+001  0.21758210E+001
  0.54337341E+000  0.79611693E+000  0.10868292E+001  0.21758179E+001
  0.54336839E+000  0.79611288E+000  0.10868224E+001  0.21758151E+001
  0.54336372E+000  0.79610918E+000  0.10868190E+001  0.21758095E+001
  0.54335937E+000  0.79610578E+000  0.10868132E+001  0.21758070E+001
  0.54335530E+000  0.79610266E+000  0.10868078E+001  0.21758046E+001
  0.54335150E+000  0.79609977E+000  0.10868029E+001  0.21758023E+001
  0.54334792E+000  0.79609709E+000  0.10867983E+001  0.21758002E+001
  0.54334456E+000  0.79609459E+000  0.10867941E+001  0.21757981E+001
  0.54334140E+000  0.79609226E+000  0.10867902E+001  0.21757961E+001
  0.54333841E+000  0.79609007E+000  0.10867865E+001  0.21757942E+001
  0.54333559E+000  0.79608800E+000  0.10867831E+001  0.21757924E+001
  0.54333292E+000  0.79608605E+000  0.10867799E+001  0.21757907E+001
  0.54333038E+000  0.79608420E+000  0.10867770E+001  0.21757890E+001
  0.54332799E+000  0.79608244E+000  0.10867742E+001  0.21757873E+001
  0.54332571E+000  0.79608076E+000  0.10867716E+001  0.21757857E+001
  0.54332355E+000  0.79607916E+000  0.10867691E+001  0.21757842E+001
  0.54332149E+000  0.79607763E+000  0.10867667E+001  0.21757827E+001
  0.54331954E+000  0.79607616E+000  0.10867645E+001  0.21757813E+001
  0.54331769E+000  0.79615261E+000  0.10880015E+001  0.21757799E+001
  0.54331592E+000  0.79615129E+000  0.10879999E+001  0.21757785E+001
  0.54331425E+000  0.79615003E+000  0.10879984E+001  0.21757772E+001
  0.54331266E+000  0.79614881E+000  0.10879969E+001  0.21757759E+001
  0.54331114E+000  0.79614763E+000  0.10879955E+001  0.21757747E+001
  0.54330970E+000  0.79614651E+000  0.10879941E+001  0.21757734E+001
  0.54330833E+000  0.79614543E+000  0.10879928E+001  0.21757723E+001
  0.54330702E+000  0.79614439E+000  0.10879916E+001  0.21757711E+001
  0.54330578E+000  0.79614339E+000  0.10879904E+001  0.21757700E+001
  0.54330461E+000  0.79614243E+000  0.10879892E+001  0.21757690E+001
  0.54330348E+000  0.79614151E+000  0.10879881E+001  0.21757680E+001
  0.54330242E+000  0.79614063E+000  0.10879871E+001  0.21757670E+001
  0.54330140E+000  0.79613979E+000  0.10879861E+001  0.21757660E+001
  0.54330044E+000  0.79613899E+000  0.10879851E+001  0.21757651E+001
  0.54329953E+000  0.79613822E+000  0.10879842E+001  0.21757642E+001
  0.54329866E+000  0.79613748E+000  0.10879833E+001  0.21757633E+001
  0.54329783E+000  0.79613678E+000  0.10879825E+001  0.21757625E+001
  0.54329705E+000  0.79613611E+000  0.10879817E+001  0.21757617E+001
  0.54329631E+000  0.79613548E+000  0.10879809E+001  0.21757610E+001
  0.54329561E+000  0.79613488E+000  0.10879802E+001  0.21757603E+001
  0.54329494E+000  0.79613430E+000  0.10879795E+001  0.21757596E+001
  0.54329432E+000  0.79613376E+000  0.10879789E+001  0.21757589E+001
  0.54329373E+000  0.79613325E+000  0.10879783E+001  0.21757583E+001
  0.54329317E+000  0.79613276E+000  0.10879777E+001  0.21757577E+001
  0.54329265E+000  0.79613230E+000  0.10879772E+001  0.21757572E+001
  0.54329215E+000  0.79613187E+000  0.10879767E+001  0.21757566E+001
  0.54329169E+000  0.79613146E+000  0.10879762E+001  0.21757561E+001
  0.54329126E+000  0.79613108E+000  0.10879757E+001  0.21757556E+001
  0.54329085E+000  0.79613072E+000  0.10879753E+001  0.21757552E+001
  0.54329047E+000  0.79613038E+000  0.10879749E+001  0.21757548E+001
  0.54329012E+000  0.79613007E+000  0.10879745E+001  0.21757544E+001
  0.54328979E+000  0.79612977E+000  0.10879742E+001  0.21757540E+001
  0.54328948E+000  0.79612950E+000  0.10879738E+001  0.21757536E+001
  0.54328920E+000  0.79612924E+000  0.10879735E+001  0.21757533E+001
  0.54328893E+000  0.79612900E+000  0.10879732E+001  0.21757530E+001
  0.54328868E+000  0.79612878E+000  0.10879730E+001  0.21757527E+001
  0.54328846E+000  0.79612857E+000  0.10879727E+001  0.21757524E+001
  0.54328824E+000  0.79612838E+000  0.10879724E+001  0.21757522E+001
  0.54328805E+000  0.79612820E+000  0.10879722E+001  0.21757519E+001
  0.54328787E+000  0.79612803E+000  0.10879720E+001  0.21757517E+001
  0.54328770E+000  0.79612788E+000  0.10879718E+001  0.21757515E+001
  0.54328754E+000  0.79612773E+000  0.10879716E+001  0.21757513E+001
  0.54328740E+000  0.79612760E+000  0.10879714E+001  0.21757511E+001
  0.54328726E+000  0.79612747E+000  0.10879713E+001  0.21757509E+001
  0.54328714E+000  0.79612736E+000  0.10879711E+001  0.21757507E+001
  0.54328703E+000  0.79612725E+000  0.10879709E+001  0.21757506E+001
  0.54328692E+000  0.79612715E+000  0.10879708E+001  0.21757504E+001
  0.54328682E+000  0.79612705E+000  0.10879707E+001  0.21757503E+001
  0.54328673E+000  0.79612696E+000  0.10879705E+001  0.21757501E+001
  0.54328665E+000  0.79612688E+000  0.10879704E+001  0.21757500E+001
  0.54328657E+000  0.79612680E+000  0.10879703E+001  0.21757498E+001
  0.54328650E+000  0.79612673E+000  0.10879702E+001  0.21757497E+001
  0.54328644E+000  0.79612666E+000  0.10879700E+001  0.21757496E+001
  0.54328638E+000  0.79612660E+000  0.10879699E+001  0.21757494E+001
  0.54328632E+000  0.79612654E+000  0.10879698E+001  0.21757493E+001
  0.54328627E+000  0.79612648E+000  0.10879697E+001  0.21757492E+001
  0.54328622E+000  0.79612643E+000  0.10879696E+001  0.21757490E+001
  0.54328617E+000  0.79612638E+000  0.10879695E+001  0.21757489E+001
  0.54328613E+000  0.79612633E+000  0.10879694E+001  0.21757488E+001
  0.54328609E+000  0.79612628E+000  0.10879693E+001  0.21757486E+001
  0.54328605E+000  0.79612624E+000  0.10879692E+001  0.21757485E+001
  0.54328602E+000  0.79612619E+000  0.10879691E+001  0.21757484E+001
  0.54328599E+000  0.79612615E+000  0.10879690E+001  0.21757482E+001
  0.54328596E+000  0.79612611E+000  0.10879689E+001  0.21757481E+001
  0.54328593E+000  0.79612608E+000  0.10879688E+001  0.21757479E+001
  0.54328590E+000  0.79612604E+000  0.10879687E+001  0.21757478E+001
  0.54328587E+000  0.79612600E+000  0.10879686E+001  0.21757476E+001
  0.54328585E+000  0.79612597E+000  0.10879684E+001  0.21757475E+001
  0.54328582E+000  0.79612593E+000  0.10879683E+001  0.21757473E+001
  0.54328580E+000  0.79612590E+000  0.10879682E+001  0.21757471E+001
  0.54328577E+000  0.79612587E+000  0.10879681E+001  0.21757470E+001
  0.54328575E+000  0.79612584E+000  0.10879680E+001  0.21757468E+001
  0.54328573E+000  0.79612580E+000  0.10879679E+001  0.21757466E+001
  0.54328571E+000  0.79612577E+000  0.10879678E+001  0.21757464E+001
  0.54328569E+000  0.79612574E+000  0.10879677E+001  0.21757462E+001
  0.54328567E+000  0.79612571E+000  0.10879675E+001  0.21757460E+001
  0.54328565E+000  0.79612568E+000  0.10879674E+001  0.21757458E+001
  0.54328563E+000  0.79612565E+000  0.10879673E+001  0.21757456E+001
  0.54328561E+000  0.79612562E+000  0.10879672E+001  0.21757453E+001
  0.54328559E+000  0.79612560E+000  0.10879671E+001  0.21757451E+001
  0.54328557E+000  0.79612557E+000  0.10879669E+001  0.21757449E+001
  0.54328555E+000  0.79612554E+000  0.10879668E+001  0.21757446E+001
  0.54328553E+000  0.79612551E+000  0.10879667E+001  0.21757444E+001
  0.54328552E+000  0.79612548E+000  0.10879666E+001  0.21757441E+001
  0.54328550E+000  0.79612546E+000  0.10879664E+001  0.21757439E+001
  0.54328548E+000  0.79612543E+000  0.10879663E+001  0.21757436E+001
  0.54328546E+000  0.79612541E+000  0.10879662E+001  0.21757433E+001
  0.54328545E+000  0.79612538E+000  0.10879661E+001  0.21757430E+001
  0.54328543E+000  0.79612535E+000  0.10879659E+001  0.21757427E+001
  0.54328541E+000  0.79612533E+000  0.10879658E+001  0.21757424E+001
  0.54328540E+000  0.79612530E+000  0.10879657E+001  0.21757421E+001
  0.54328538E+000  0.79612528E+000  0.10879656E+001  0.21757418E+001
  0.54328537E+000  0.79612525E+000  0.10879654E+001  0.21757415E+001
  0.54328535E+000  0.79612523E+000  0.10879653E+001  0.21757412E+001
  0.54328534E+000  0.79612521E+000  0.10879652E+001  0.21757408E+001
  0.54328532E+000  0.79612518E+000  0.10879651E+001  0.21757405E+001
  0.54328531E+000  0.79612516E+000  0.10879650E+001  0.21757401E+001
  0.54328529E+000  0.79612514E+000  0.10879648E+001  0.21757398E+001
  0.54328528E+000  0.79612512E+000  0.10879647E+001  0.21757394E+001
  0.54328526E+000  0.79612509E+000  0.10879646E+001  0.21757391E+001
  0.54328525E+000  0.79612507E+000  0.10879645E+001  0.21757387E+001
  0.54328524E+000  0.79612505E+000  0.10879644E+001  0.21757383E+001
  0.54328523E+000  0.79612503E+000  0.10879643E+001  0.21757380E+001
  0.54328521E+000  0.79612501E+000  0.10879642E+001  0.21757376E+001
  0.54328520E+000  0.79612499E+000  0.10879640E+001  0.21757372E+001
  0.54328519E+000  0.79612497E+000  0.10879639E+001  0.21757368E+001
  0.54328518E+000  0.79612495E+000  0.10879638E+001  0.21757364E+001
  0.54328517E+000  0.79612493E+000  0.10879637E+001  0.21757360E+001
  0.54328515E+000  0.79612491E+000  0.10879636E+001  0.21757356E+001
  0.54328514E+000  0.79612490E+000  0.10879635E+001  0.21757352E+001
  0.54328513E+000  0.79612488E+000  0.10879634E+001  0.21757348E+001
  0.54328512E+000  0.79612486E+000  0.10879633E+001  0.21757344E+001
  0.54328511E+000  0.79612484E+000  0.10879632E+001  0.21757340E+001
  0.54328510E+000  0.79612483E+000  0.10879631E+001  0.21757336E+001
  0.54328509E+000  0.79612481E+000  0.10879631E+001  0.21757332E+001
  0.54328508E+000  0.79612480E+000  0.10879630E+001  0.21757328E+001
  0.54328508E+000  0.79612478E+000  0.10879629E+001  0.21757323E+001
  0.54328507E+000  0.79612477E+000  0.10879628E+001  0.21757319E+001
  0.54328506E+000  0.79612475E+000  0.10879627E+001  0.21757315E+001
  0.54328505E+000  0.79612474E+000  0.10879626E+001  0.21757311E+001
  0.54328504E+000  0.79612472E+000  0.10879626E+001  0.21757307E+001
  0.54328504E+000  0.79612471E+000  0.10879625E+001  0.21757303E+001
  0.54328503E+000  0.79612470E+000  0.10879624E+001  0.21757299E+001
  0.54328502E+000  0.79612468E+000  0.10879623E+001  0.21757295E+001
  0.54328501E+000  0.79612467E+000  0.10879623E+001  0.21757291E+001
  0.54328501E+000  0.79612466E+000  0.10879622E+001  0.21757287E+001
  0.54328500E+000  0.79612465E+000  0.10879621E+001  0.21757282E+001
  0.54328500E+000  0.79612464E+000  0.10879621E+001  0.21757278E+001
  0.54328499E+000  0.79612463E+000  0.10879620E+001  0.21757274E+001
  0.54328499E+000  0.79612462E+000  0.10879619E+001  0.21757271E+001
  0.54328498E+000  0.79612461E+000  0.10879619E+001  0.21757267E+001
  0.54328497E+000  0.79612460E+000  0.10879618E+001  0.21757263E+001
  0.54328497E+000  0.79612459E+000  0.10879618E+001  0.21757259E+001
  0.54328497E+000  0.79612458E+000  0.10879617E+001  0.21757255E+001
  0.54328496E+000  0.79612457E+000  0.10879617E+001  0.21757251E+001
  0.54328496E+000  0.79612456E+000  0.10879616E+001  0.21757248E+001
  0.54328495E+000  0.79612456E+000  0.10879616E+001  0.21757244E+001
  0.54328495E+000  0.79612455E+000  0.10879615E+001  0.21757240E+001
  0.54328495E+000  0.79612454E+000  0.10879615E+001  0.21757237E+001
  0.54328494E+000  0.79612453E+000  0.10879614E+001  0.21757233E+001
  0.54328494E+000  0.79612453E+000  0.10879614E+001  0.21757229E+001
  0.54328494E+000  0.79612452E+000  0.10879614E+001  0.21757226E+001
  0.54328493E+000  0.79612451E+000  0.10879613E+001  0.21757223E+001
  0.54328493E+000  0.79612451E+000  0.10879613E+001  0.21757219E+001
  0.54328493E+000  0.79612450E+000  0.10879612E+001  0.21757216E+001
  0.54328493E+000  0.79612450E+000  0.10879612E+001  0.21757213E+001
  0.54328492E+000  0.79612449E+000  0.10879612E+001  0.21757209E+001
  0.54328492E+000  0.79612449E+000  0.10879611E+001  0.21757206E+001
  0.54328492E+000  0.79612448E+000  0.10879611E+001  0.21757203E+001
  0.54328492E+000  0.79612448E+000  0.10879611E+001  0.21757200E+001
  0.54328491E+000  0.79612447E+000  0.10879610E+001  0.21757197E+001
  0.54328491E+000  0.79612447E+000  0.10879610E+001  0.21757194E+001
  0.54328491E+000  0.79612447E+000  0.10879610E+001  0.21757191E+001
  0.54328491E+000  0.79612446E+000  0.10879610E+001  0.21757189E+001
  0.54328491E+000  0.79612446E+000  0.10879609E+001  0.21757186E+001
  0.54328491E+000  0.79612446E+000  0.10879609E+001  0.21757183E+001
