  0.68060118E+000  0.83206583E+000  0.10845350E+001  0.20086826E+001
  0.68044939E+000  0.83202032E+000  0.10845252E+001  0.20087220E+001
  0.68034485E+000  0.83193992E+000  0.10844660E+001  0.20086641E+001
  0.68025797E+000  0.83187162E+000  0.10844170E+001  0.20086123E+001
  0.68017812E+000  0.83181328E+000  0.10843769E+001  0.20085702E+001
  0.68010832E+000  0.83176129E+000  0.10843422E+001  0.20085335E+001
  0.68004748E+000  0.83171541E+000  0.10843122E+001  0.20085019E+001
  0.67999403E+000  0.83167486E+000  0.10842866E+001  0.20084749E+001
  0.67994722E+000  0.83163888E+000  0.10842647E+001  0.20084517E+001
  0.67990617E+000  0.83160677E+000  0.10842458E+001  0.20084317E+001
  0.67987015E+000  0.83157801E+000  0.10842297E+001  0.20084145E+001
  0.67983853E+000  0.83155214E+000  0.10842158E+001  0.20083997E+001
  0.67981072E+000  0.83152879E+000  0.10842039E+001  0.20083870E+001
  0.67978625E+000  0.83150765E+000  0.10841936E+001  0.20083759E+001
  0.67976467E+000  0.83148844E+000  0.10841846E+001  0.20083663E+001
  0.67974563E+000  0.83147092E+000  0.10841769E+001  0.20083580E+001
  0.67972879E+000  0.83145490E+000  0.10841701E+001  0.20083508E+001
  0.67971387E+000  0.83144021E+000  0.10841642E+001  0.20083445E+001
  0.67970064E+000  0.83142671E+000  0.10841590E+001  0.20083390E+001
  0.67968888E+000  0.83141426E+000  0.10841544E+001  0.20083342E+001
  0.67967840E+000  0.83140276E+000  0.10841503E+001  0.20083300E+001
  0.67966905E+000  0.83139209E+000  0.10841467E+001  0.20083263E+001
  0.67966069E+000  0.83138217E+000  0.10841435E+001  0.20083229E+001
  0.67965319E+000  0.83137291E+000  0.10841406E+001  0.20083200E+001
  0.67964646E+000  0.83136426E+000  0.10841381E+001  0.20083174E+001
  0.67964039E+000  0.83135614E+000  0.10841358E+001  0.20083150E+001
  0.67963491E+000  0.83134850E+000  0.10841337E+001  0.20083128E+001
  0.67962994E+000  0.83134128E+000  0.10841319E+001  0.20083108E+001
  0.67962544E+000  0.83133446E+000  0.10841302E+001  0.20083090E+001
  0.67962133E+000  0.83132798E+000  0.10841288E+001  0.20083073E+001
  0.67961758E+000  0.83132182E+000  0.10841274E+001  0.20083057E+001
  0.67961415E+000  0.83131595E+000  0.10841263E+001  0.20083042E+001
  0.67961099E+000  0.83131033E+000  0.10841252E+001  0.20083028E+001
  0.67960808E+000  0.83130497E+000  0.10841242E+001  0.20083015E+001
  0.67960540E+000  0.83129983E+000  0.10841234E+001  0.20083002E+001
  0.67960291E+000  0.83129490E+000  0.10841226E+001  0.20082989E+001
  0.67960060E+000  0.83129018E+000  0.10841219E+001  0.20082977E+001
  0.67959844E+000  0.83128566E+000  0.10841212E+001  0.20082965E+001
  0.67959643E+000  0.83128132E+000  0.10841206E+001  0.20082953E+001
  0.67959455E+000  0.83127717E+000  0.10841200E+001  0.20082941E+001
  0.67959278E+000  0.83127320E+000  0.10841194E+001  0.20082930E+001
  0.67959112E+000  0.83126941E+000  0.10841188E+001  0.20082919E+001
  0.67958956E+000  0.83126580E+000  0.10841183E+001  0.20082908E+001
  0.67958808E+000  0.83126236E+000  0.10841177E+001  0.20082898E+001
  0.67958668E+000  0.83125908E+000  0.10841171E+001  0.20082888E+001
  0.67958536E+000  0.83125598E+000  0.10841165E+001  0.20082877E+001
  0.67958411E+000  0.83125304E+000  0.10841159E+001  0.20082867E+001
  0.67958292E+000  0.83125026E+000  0.10841153E+001  0.20082858E+001
  0.67958178E+000  0.83124764E+000  0.10841146E+001  0.20082848E+001
  0.67958071E+000  0.83124516E+000  0.10841140E+001  0.20082839E+001
  0.67957968E+000  0.83124283E+000  0.10841133E+001  0.20082830E+001
  0.67957871E+000  0.83124064E+000  0.10841126E+001  0.20082821E+001
  0.67957778E+000  0.83123857E+000  0.10841119E+001  0.20082813E+001
  0.67957689E+000  0.83123663E+000  0.10841112E+001  0.20082805E+001
  0.67957605E+000  0.83123481E+000  0.10841105E+001  0.20082797E+001
  0.67957525E+000  0.83123309E+000  0.10841098E+001  0.20082789E+001
  0.67957448E+000  0.83123148E+000  0.10841091E+001  0.20082782E+001
  0.67957376E+000  0.83122997E+000  0.10841084E+001  0.20082775E+001
  0.67957307E+000  0.83122854E+000  0.10841077E+001  0.20082768E+001
  0.67957241E+000  0.83122719E+000  0.10841070E+001  0.20082761E+001
  0.67957179E+000  0.83122592E+000  0.10841064E+001  0.20082755E+001
  0.67957120E+000  0.83122473E+000  0.10841057E+001  0.20082749E+001
  0.67957064E+000  0.83122360E+000  0.10841051E+001  0.20082744E+001
  0.67957011E+000  0.83122253E+000  0.10841045E+001  0.20082738E+001
  0.67956961E+000  0.83122152E+000  0.10841039E+001  0.20082733E+001
  0.67956914E+000  0.83122056E+000  0.10841033E+001  0.20082728E+001
  0.67956870E+000  0.83121966E+000  0.10841028E+001  0.20082724E+001
  0.67956829E+000  0.83121880E+000  0.10841023E+001  0.20082720E+001
  0.67956791E+000  0.83121798E+000  0.10841018E+001  0.20082716E+001
  0.67956755E+000  0.83121721E+000  0.10841013E+001  0.20082712E+001
  0.67956721E+000  0.83121647E+000  0.10841008E+001  0.20082709E+001
  0.67956690E+000  0.83121577E+000  0.10841004E+001  0.20082706E+001
  0.67956661E+000  0.83121511E+000  0.10841000E+001  0.20082704E+001
  0.67956635E+000  0.83121448E+000  0.10840996E+001  0.20082701E+001
  0.67956610E+000  0.83121388E+000  0.10840992E+001  0.20082699E+001
  0.67956587E+000  0.83121331E+000  0.10840988E+001  0.20082697E+001
  0.67956567E+000  0.83121276E+000  0.10840985E+001  0.20082696E+001
  0.67956548E+000  0.83121224E+000  0.10840981E+001  0.20082694E+001
  0.67956530E+000  0.83121174E+000  0.10840978E+001  0.20082693E+001
  0.67956514E+000  0.83121127E+000  0.10840975E+001  0.20082692E+001
  0.67956500E+000  0.83121082E+000  0.10840972E+001  0.20082692E+001
  0.67956487E+000  0.83121038E+000  0.10840969E+001  0.20082691E+001
  0.67956475E+000  0.83120997E+000  0.10840966E+001  0.20082691E+001
  0.67956464E+000  0.83120957E+000  0.10840963E+001  0.20082691E+001
  0.67956454E+000  0.83120918E+000  0.10840961E+001  0.20082691E+001
  0.67956445E+000  0.83120881E+000  0.10840958E+001  0.20082691E+001
  0.67956437E+000  0.83120846E+000  0.10840955E+001  0.20082691E+001
  0.67956430E+000  0.83120811E+000  0.10840953E+001  0.20082692E+001
  0.67956424E+000  0.83120777E+000  0.10840951E+001  0.20082693E+001
  0.67956418E+000  0.83120744E+000  0.10840948E+001  0.20082693E+001
  0.67956412E+000  0.83120712E+000  0.10840946E+001  0.20082694E+001
  0.67956408E+000  0.83120681E+000  0.10840944E+001  0.20082695E+001
  0.67956403E+000  0.83120651E+000  0.10840942E+001  0.20082696E+001
  0.67956399E+000  0.83120621E+000  0.10840940E+001  0.20082697E+001
  0.67956396E+000  0.83120591E+000  0.10840938E+001  0.20082698E+001
  0.67956392E+000  0.83120562E+000  0.10840936E+001  0.20082700E+001
  0.67956389E+000  0.83120534E+000  0.10840934E+001  0.20082701E+001
  0.67956387E+000  0.83120505E+000  0.10840932E+001  0.20082702E+001
  0.67956384E+000  0.83120477E+000  0.10840930E+001  0.20082704E+001
  0.67956382E+000  0.83120450E+000  0.10840928E+001  0.20082705E+001
  0.67956380E+000  0.83120422E+000  0.10840926E+001  0.20082706E+001
  0.67956378E+000  0.83120395E+000  0.10840925E+001  0.20082708E+001
  0.67956376E+000  0.83120368E+000  0.10840923E+001  0.20082709E+001
  0.67956375E+000  0.83120342E+000  0.10840921E+001  0.20082710E+001
  0.67956373E+000  0.83120315E+000  0.10840919E+001  0.20082712E+001
  0.67956371E+000  0.83120289E+000  0.10840918E+001  0.20082713E+001
  0.67956370E+000  0.83120263E+000  0.10840916E+001  0.20082714E+001
  0.67956369E+000  0.83120237E+000  0.10840914E+001  0.20082715E+001
  0.67956367E+000  0.83120212E+000  0.10840913E+001  0.20082717E+001
  0.67956366E+000  0.83120186E+000  0.10840911E+001  0.20082718E+001
  0.67956365E+000  0.83120161E+000  0.10840909E+001  0.20082719E+001
  0.67956363E+000  0.83120137E+000  0.10840907E+001  0.20082720E+001
  0.67956362E+000  0.83120112E+000  0.10840906E+001  0.20082721E+001
  0.67956361E+000  0.83120088E+000  0.10840904E+001  0.20082722E+001
  0.67956360E+000  0.83120065E+000  0.10840902E+001  0.20082723E+001
  0.67956358E+000  0.83120041E+000  0.10840900E+001  0.20082723E+001
  0.67956357E+000  0.83120018E+000  0.10840898E+001  0.20082724E+001
  0.67956356E+000  0.83119995E+000  0.10840897E+001  0.20082725E+001
  0.67956355E+000  0.83119973E+000  0.10840895E+001  0.20082725E+001
  0.67956354E+000  0.83119951E+000  0.10840893E+001  0.20082726E+001
  0.67956352E+000  0.83119930E+000  0.10840891E+001  0.20082726E+001
  0.67956351E+000  0.83119909E+000  0.10840889E+001  0.20082726E+001
  0.67956350E+000  0.83119888E+000  0.10840887E+001  0.20082727E+001
  0.67956349E+000  0.83119868E+000  0.10840885E+001  0.20082727E+001
  0.67956348E+000  0.83119848E+000  0.10840883E+001  0.20082727E+001
  0.67956346E+000  0.83119829E+000  0.10840881E+001  0.20082727E+001
  0.67956345E+000  0.83119810E+000  0.10840879E+001  0.20082726E+001
  0.67956344E+000  0.83119791E+000  0.10840877E+001  0.20082726E+001
  0.67956343E+000  0.83119773E+000  0.10840875E+001  0.20082726E+001
  0.67956342E+000  0.83119756E+000  0.10840873E+001  0.20082725E+001
  0.67956341E+000  0.83119739E+000  0.10840871E+001  0.20082724E+001
  0.67956340E+000  0.83119723E+000  0.10840869E+001  0.20082724E+001
  0.67956338E+000  0.83119706E+000  0.10840867E+001  0.20082723E+001
  0.67956337E+000  0.83119691E+000  0.10840865E+001  0.20082722E+001
  0.67956336E+000  0.83119676E+000  0.10840863E+001  0.20082721E+001
  0.67956335E+000  0.83119661E+000  0.10840861E+001  0.20082720E+001
  0.67956334E+000  0.83119647E+000  0.10840859E+001  0.20082718E+001
  0.67956334E+000  0.83119633E+000  0.10840857E+001  0.20082717E+001
  0.67956333E+000  0.83119620E+000  0.10840855E+001  0.20082715E+001
  0.67956332E+000  0.83119607E+000  0.10840853E+001  0.20082714E+001
  0.67956331E+000  0.83119595E+000  0.10840851E+001  0.20082712E+001
  0.67956330E+000  0.83119583E+000  0.10840849E+001  0.20082710E+001
  0.67956329E+000  0.83119571E+000  0.10840847E+001  0.20082708E+001
  0.67956328E+000  0.83119560E+000  0.10840845E+001  0.20082706E+001
  0.67956328E+000  0.83119549E+000  0.10840843E+001  0.20082704E+001
  0.67956327E+000  0.83119539E+000  0.10840842E+001  0.20082702E+001
  0.67956326E+000  0.83119529E+000  0.10840840E+001  0.20082699E+001
  0.67956326E+000  0.83119519E+000  0.10840838E+001  0.20082697E+001
  0.67956325E+000  0.83119510E+000  0.10840836E+001  0.20082694E+001
  0.67956324E+000  0.83119501E+000  0.10840835E+001  0.20082692E+001
  0.67956324E+000  0.83119493E+000  0.10840833E+001  0.20082689E+001
  0.67956323E+000  0.83119484E+000  0.10840831E+001  0.20082686E+001
  0.67956322E+000  0.83119477E+000  0.10840830E+001  0.20082683E+001
  0.67956322E+000  0.83119469E+000  0.10840828E+001  0.20082680E+001
  0.67956321E+000  0.83119462E+000  0.10840827E+001  0.20082677E+001
  0.67956321E+000  0.83119455E+000  0.10840825E+001  0.20082674E+001
  0.67956320E+000  0.83119448E+000  0.10840824E+001  0.20082671E+001
  0.67956320E+000  0.83119442E+000  0.10840823E+001  0.20082668E+001
  0.67956319E+000  0.83119435E+000  0.10840821E+001  0.20082665E+001
  0.67956319E+000  0.83119430E+000  0.10840820E+001  0.20082661E+001
  0.67956319E+000  0.83119424E+000  0.10840819E+001  0.20082658E+001
  0.67956318E+000  0.83119418E+000  0.10840817E+001  0.20082654E+001
  0.67956318E+000  0.83119413E+000  0.10840816E+001  0.20082651E+001
  0.67956318E+000  0.83119408E+000  0.10840815E+001  0.20082648E+001
  0.67956317E+000  0.83119404E+000  0.10840814E+001  0.20082644E+001
  0.67956317E+000  0.83119399E+000  0.10840813E+001  0.20082641E+001
  0.67956317E+000  0.83119395E+000  0.10840812E+001  0.20082637E+001
  0.67956316E+000  0.83119391E+000  0.10840811E+001  0.20082633E+001
  0.67956316E+000  0.83119387E+000  0.10840810E+001  0.20082630E+001
  0.67956316E+000  0.83119383E+000  0.10840809E+001  0.20082626E+001
  0.67956315E+000  0.83119379E+000  0.10840808E+001  0.20082623E+001
  0.67956315E+000  0.83119376E+000  0.10840807E+001  0.20082619E+001
  0.67956315E+000  0.83119373E+000  0.10840806E+001  0.20082615E+001
  0.67956315E+000  0.83119369E+000  0.10840806E+001  0.20082612E+001
  0.67956315E+000  0.83119366E+000  0.10840805E+001  0.20082608E+001
  0.67956315E+000  0.83119364E+000  0.10840804E+001  0.20082605E+001
  0.67956314E+000  0.83119361E+000  0.10840803E+001  0.20082601E+001
  0.67956314E+000  0.83119358E+000  0.10840803E+001  0.20082598E+001
  0.67956314E+000  0.83119356E+000  0.10840802E+001  0.20082594E+001
  0.67956314E+000  0.83119353E+000  0.10840802E+001  0.20082591E+001
  0.67956314E+000  0.83119351E+000  0.10840801E+001  0.20082587E+001
  0.67956314E+000  0.83119349E+000  0.10840800E+001  0.20082584E+001
  0.67956314E+000  0.83119347E+000  0.10840800E+001  0.20082580E+001
  0.67956314E+000  0.83119345E+000  0.10840799E+001  0.20082577E+001
  0.67956314E+000  0.83119343E+000  0.10840799E+001  0.20082573E+001
  0.67956314E+000  0.83119341E+000  0.10840798E+001  0.20082570E+001
  0.67956313E+000  0.83119340E+000  0.10840798E+001  0.20082567E+001
  0.67956313E+000  0.83119338E+000  0.10840797E+001  0.20082564E+001
  0.67956313E+000  0.83119336E+000  0.10840797E+001  0.20082561E+001
  0.67956313E+000  0.83119335E+000  0.10840797E+001  0.20082557E+001
  0.67956313E+000  0.83119334E+000  0.10840796E+001  0.20082554E+001
  0.67956313E+000  0.83119332E+000  0.10840796E+001  0.20082551E+001
  0.67956313E+000  0.83119331E+000  0.10840796E+001  0.20082548E+001
  0.67956313E+000  0.83119330E+000  0.10840795E+001  0.20082545E+001
  0.67956313E+000  0.83119328E+000  0.10840795E+001  0.20082542E+001
  0.67956313E+000  0.83119327E+000  0.10840795E+001  0.20082540E+001
  0.67956313E+000  0.83119326E+000  0.10840794E+001  0.20082537E+001
  0.67956314E+000  0.83119325E+000  0.10840794E+001  0.20082534E+001
  0.67956314E+000  0.83119324E+000  0.10840794E+001  0.20082531E+001
  0.67956314E+000  0.83119324E+000  0.10840794E+001  0.20082529E+001
