 -0.35702469E+000
 -0.35701884E+000
 -0.35702207E+000
 -0.35702726E+000
 -0.35703255E+000
 -0.35703739E+000
 -0.35704168E+000
 -0.35704541E+000
 -0.35704863E+000
 -0.35705140E+000
 -0.35705378E+000
 -0.35705582E+000
 -0.35705757E+000
 -0.35705906E+000
 -0.35706034E+000
 -0.35706144E+000
 -0.35706238E+000
 -0.35706318E+000
 -0.35706386E+000
 -0.35706444E+000
 -0.35706493E+000
 -0.35706535E+000
 -0.35706571E+000
 -0.35706601E+000
 -0.35706626E+000
 -0.35706647E+000
 -0.35706665E+000
 -0.35706680E+000
 -0.35706692E+000
 -0.35706702E+000
 -0.35706710E+000
 -0.35706717E+000
 -0.35706722E+000
 -0.35706726E+000
 -0.35706730E+000
 -0.35706732E+000
 -0.35706734E+000
 -0.35706736E+000
 -0.35706737E+000
 -0.35706737E+000
 -0.35706738E+000
 -0.35706738E+000
 -0.35706738E+000
 -0.35706738E+000
 -0.35706738E+000
 -0.35706738E+000
 -0.35706738E+000
 -0.35706737E+000
 -0.35706737E+000
 -0.35706737E+000
 -0.35706736E+000
 -0.35706736E+000
 -0.35706736E+000
 -0.35706736E+000
 -0.35706735E+000
 -0.35706735E+000
 -0.35706735E+000
 -0.35706735E+000
 -0.35706735E+000
 -0.35706736E+000
 -0.35706736E+000
 -0.35706736E+000
 -0.35706737E+000
 -0.35706737E+000
 -0.35706738E+000
 -0.35706739E+000
 -0.35706740E+000
 -0.35706741E+000
 -0.35706742E+000
 -0.35706744E+000
 -0.35706745E+000
 -0.35706747E+000
 -0.35706749E+000
 -0.35706751E+000
 -0.35706754E+000
 -0.35706756E+000
 -0.35706759E+000
 -0.35706762E+000
 -0.35706765E+000
 -0.35706768E+000
 -0.35706772E+000
 -0.35706775E+000
 -0.35706779E+000
 -0.35706783E+000
 -0.35706787E+000
 -0.35706792E+000
 -0.35706797E+000
 -0.35706801E+000
 -0.35706806E+000
 -0.35706811E+000
 -0.35706817E+000
 -0.35706822E+000
 -0.35706828E+000
 -0.35706833E+000
 -0.35706839E+000
 -0.35706845E+000
 -0.35706851E+000
 -0.35706857E+000
 -0.35706864E+000
 -0.35706870E+000
 -0.35706876E+000
 -0.35706883E+000
 -0.35706889E+000
 -0.35706896E+000
 -0.35706902E+000
 -0.35706909E+000
 -0.35706915E+000
 -0.35706922E+000
 -0.35706928E+000
 -0.35706935E+000
 -0.35706941E+000
 -0.35706947E+000
 -0.35706954E+000
 -0.35706960E+000
 -0.35706966E+000
 -0.35706972E+000
 -0.35706978E+000
 -0.35706984E+000
 -0.35706990E+000
 -0.35706995E+000
 -0.35707001E+000
 -0.35707006E+000
 -0.35707011E+000
 -0.35707016E+000
 -0.35707021E+000
 -0.35707026E+000
 -0.35707031E+000
 -0.35707035E+000
 -0.35707039E+000
 -0.35707044E+000
 -0.35707048E+000
 -0.35707051E+000
 -0.35707055E+000
 -0.35707059E+000
 -0.35707062E+000
 -0.35707065E+000
 -0.35707068E+000
 -0.35707071E+000
 -0.35707074E+000
 -0.35707076E+000
 -0.35707079E+000
 -0.35707081E+000
 -0.35707083E+000
 -0.35707085E+000
 -0.35707087E+000
 -0.35707089E+000
 -0.35707090E+000
 -0.35707091E+000
 -0.35707092E+000
 -0.35707093E+000
 -0.35707094E+000
 -0.35707095E+000
 -0.35707095E+000
 -0.35707095E+000
 -0.35707095E+000
 -0.35707095E+000
 -0.35707094E+000
 -0.35707093E+000
 -0.35707092E+000
 -0.35707091E+000
 -0.35707089E+000
 -0.35707088E+000
 -0.35707085E+000
 -0.35707083E+000
 -0.35707080E+000
 -0.35707077E+000
 -0.35707074E+000
 -0.35707070E+000
 -0.35707066E+000
 -0.35707061E+000
 -0.35707057E+000
 -0.35707052E+000
 -0.35707046E+000
 -0.35707041E+000
 -0.35707035E+000
 -0.35707029E+000
 -0.35707022E+000
 -0.35707015E+000
 -0.35707008E+000
 -0.35707001E+000
 -0.35706993E+000
 -0.35706986E+000
 -0.35706978E+000
 -0.35706969E+000
 -0.35706961E+000
 -0.35706953E+000
 -0.35706944E+000
 -0.35706935E+000
 -0.35706926E+000
 -0.35706917E+000
 -0.35706908E+000
 -0.35706899E+000
 -0.35706889E+000
 -0.35706880E+000
 -0.35706871E+000
 -0.35706861E+000
 -0.35706852E+000
 -0.35706843E+000
 -0.35706834E+000
 -0.35706822E+000
