  0.10183980E+001
  0.10184978E+001
  0.10185802E+001
  0.10186489E+001
  0.10187069E+001
  0.10187562E+001
  0.10187983E+001
  0.10188345E+001
  0.10188658E+001
  0.10188929E+001
  0.10189165E+001
  0.10189371E+001
  0.10189551E+001
  0.10189710E+001
  0.10189849E+001
  0.10189972E+001
  0.10190082E+001
  0.10190179E+001
  0.10190265E+001
  0.10190342E+001
  0.10190412E+001
  0.10190474E+001
  0.10190530E+001
  0.10190581E+001
  0.10190627E+001
  0.10190669E+001
  0.10190707E+001
  0.10190741E+001
  0.10190773E+001
  0.10190802E+001
  0.10190829E+001
  0.10190853E+001
  0.10190876E+001
  0.10190897E+001
  0.10190916E+001
  0.10190934E+001
  0.10190950E+001
  0.10190966E+001
  0.10190980E+001
  0.10190993E+001
  0.10191005E+001
  0.10191017E+001
  0.10191027E+001
  0.10191037E+001
  0.10191046E+001
  0.10191055E+001
  0.10191063E+001
  0.10191070E+001
  0.10191077E+001
  0.10191083E+001
  0.10191089E+001
  0.10191095E+001
  0.10191100E+001
  0.10191104E+001
  0.10191109E+001
  0.10191112E+001
  0.10191116E+001
  0.10191119E+001
  0.10191123E+001
  0.10191125E+001
  0.10191128E+001
  0.10191130E+001
  0.10191133E+001
  0.10191135E+001
  0.10191136E+001
  0.10191138E+001
  0.10191139E+001
  0.10191141E+001
  0.10191142E+001
  0.10191143E+001
  0.10191144E+001
  0.10191145E+001
  0.10191146E+001
  0.10191146E+001
  0.10191147E+001
  0.10191148E+001
  0.10191148E+001
  0.10191148E+001
  0.10191149E+001
  0.10191149E+001
  0.10191149E+001
  0.10191149E+001
  0.10191150E+001
  0.10191150E+001
  0.10191150E+001
  0.10191150E+001
  0.10191150E+001
  0.10191150E+001
  0.10191150E+001
  0.10191150E+001
  0.10191150E+001
  0.10191150E+001
  0.10191150E+001
  0.10191150E+001
  0.10191150E+001
  0.10191149E+001
  0.10191149E+001
  0.10191149E+001
  0.10191149E+001
  0.10191149E+001
  0.10191149E+001
  0.10191149E+001
  0.10191149E+001
  0.10191149E+001
  0.10191149E+001
  0.10191148E+001
  0.10191148E+001
  0.10191148E+001
  0.10191148E+001
  0.10191148E+001
  0.10191148E+001
  0.10191148E+001
  0.10191148E+001
  0.10191148E+001
  0.10191147E+001
  0.10191147E+001
  0.10191147E+001
  0.10191147E+001
  0.10191147E+001
  0.10191147E+001
  0.10191147E+001
  0.10191147E+001
  0.10191147E+001
  0.10191146E+001
  0.10191146E+001
  0.10191146E+001
  0.10191146E+001
  0.10191146E+001
  0.10191146E+001
  0.10191146E+001
  0.10191146E+001
  0.10191145E+001
  0.10191145E+001
  0.10191145E+001
  0.10191145E+001
  0.10191145E+001
  0.10191145E+001
  0.10191145E+001
  0.10191145E+001
  0.10191145E+001
  0.10191144E+001
  0.10191144E+001
  0.10191144E+001
  0.10191144E+001
  0.10191144E+001
  0.10191144E+001
  0.10191144E+001
  0.10191144E+001
  0.10191144E+001
  0.10191144E+001
  0.10191144E+001
  0.10191144E+001
  0.10191144E+001
  0.10191144E+001
  0.10191144E+001
  0.10191145E+001
  0.10191145E+001
  0.10191145E+001
  0.10191145E+001
  0.10191145E+001
  0.10191145E+001
  0.10191146E+001
  0.10191146E+001
  0.10191146E+001
  0.10191146E+001
  0.10191147E+001
  0.10191147E+001
  0.10191147E+001
  0.10191148E+001
  0.10191148E+001
  0.10191148E+001
  0.10191148E+001
  0.10191149E+001
  0.10191149E+001
  0.10191149E+001
  0.10191150E+001
  0.10191150E+001
  0.10191150E+001
  0.10191151E+001
  0.10191151E+001
  0.10191151E+001
  0.10191151E+001
  0.10191152E+001
  0.10191152E+001
  0.10191152E+001
  0.10191152E+001
  0.10191153E+001
  0.10191153E+001
  0.10191153E+001
  0.10191153E+001
  0.10191153E+001
  0.10191153E+001
  0.10191154E+001
  0.10191154E+001
  0.10191154E+001
  0.10191154E+001
  0.10191154E+001
  0.10191154E+001
  0.10191154E+001
  0.10191154E+001
