  0.49423413E+000
  0.49423416E+000
  0.49421898E+000
  0.49421816E+000
  0.49421797E+000
  0.49421794E+000
  0.49421797E+000
  0.49421802E+000
  0.49421810E+000
  0.49421819E+000
  0.49421829E+000
  0.49421840E+000
  0.49421853E+000
  0.49421866E+000
  0.49421879E+000
  0.49421894E+000
  0.49421909E+000
  0.49421924E+000
  0.49421940E+000
  0.49421957E+000
  0.49421974E+000
  0.49421992E+000
  0.49422011E+000
  0.49422030E+000
  0.49422050E+000
  0.49422070E+000
  0.49422091E+000
  0.49422113E+000
  0.49422135E+000
  0.49422158E+000
  0.49422182E+000
  0.49422207E+000
  0.49422232E+000
  0.49422259E+000
  0.49422286E+000
  0.49422314E+000
  0.49422343E+000
  0.49422373E+000
  0.49422403E+000
  0.49422435E+000
  0.49422468E+000
  0.49422501E+000
  0.49422536E+000
  0.49422571E+000
  0.49422608E+000
  0.49422645E+000
  0.49422683E+000
  0.49422723E+000
  0.49422763E+000
  0.49422804E+000
  0.49422846E+000
  0.49422889E+000
  0.49422932E+000
  0.49422977E+000
  0.49423022E+000
  0.49423068E+000
  0.49423115E+000
  0.49423162E+000
  0.49423209E+000
  0.49423258E+000
  0.49423306E+000
  0.49423355E+000
  0.49423405E+000
  0.49423455E+000
  0.49423504E+000
  0.49423554E+000
  0.49423604E+000
  0.49423653E+000
  0.49423702E+000
  0.49423751E+000
  0.49423800E+000
  0.49423848E+000
  0.49423895E+000
  0.49423942E+000
  0.49423988E+000
  0.49424034E+000
  0.49424078E+000
  0.49424122E+000
  0.49424164E+000
  0.49424206E+000
  0.49424246E+000
  0.49424286E+000
  0.49424324E+000
  0.49424360E+000
  0.49424396E+000
  0.49424430E+000
  0.49424463E+000
  0.49424495E+000
  0.49424525E+000
  0.49424554E+000
  0.49424581E+000
  0.49424607E+000
  0.49424632E+000
  0.49424655E+000
  0.49424678E+000
  0.49424699E+000
  0.49424718E+000
  0.49424737E+000
  0.49424754E+000
  0.49424771E+000
  0.49424786E+000
  0.49424800E+000
  0.49424814E+000
  0.49424826E+000
  0.49424838E+000
  0.49424849E+000
  0.49424859E+000
  0.49424868E+000
  0.49424877E+000
  0.49424885E+000
  0.49424893E+000
  0.49424900E+000
  0.49424907E+000
  0.49424913E+000
  0.49424919E+000
  0.49424924E+000
  0.49424929E+000
  0.49424934E+000
  0.49424939E+000
  0.49424943E+000
  0.49424947E+000
  0.49424951E+000
  0.49424955E+000
  0.49424959E+000
  0.49424962E+000
  0.49424965E+000
  0.49424968E+000
  0.49424972E+000
  0.49424975E+000
  0.49424977E+000
  0.49424980E+000
  0.49424983E+000
  0.49424985E+000
  0.49424988E+000
  0.49424990E+000
  0.49424993E+000
  0.49424995E+000
  0.49424997E+000
  0.49425000E+000
  0.49425002E+000
  0.49425004E+000
  0.49425006E+000
  0.49425008E+000
  0.49425010E+000
  0.49425012E+000
  0.49425014E+000
  0.49425016E+000
  0.49425017E+000
  0.49425019E+000
  0.49425021E+000
  0.49425022E+000
  0.49425024E+000
  0.49425025E+000
  0.49425027E+000
  0.49425028E+000
  0.49425030E+000
  0.49425031E+000
  0.49425032E+000
  0.49425034E+000
  0.49425035E+000
  0.49425036E+000
  0.49425037E+000
  0.49425038E+000
  0.49425040E+000
  0.49425041E+000
  0.49425042E+000
  0.49425043E+000
  0.49425044E+000
  0.49425045E+000
  0.49425046E+000
  0.49425047E+000
  0.49425047E+000
  0.49425048E+000
  0.49425049E+000
  0.49425050E+000
  0.49425051E+000
  0.49425051E+000
  0.49425052E+000
  0.49425053E+000
  0.49425053E+000
  0.49425054E+000
  0.49425055E+000
  0.49425055E+000
  0.49425056E+000
  0.49425057E+000
  0.49425057E+000
  0.49425058E+000
  0.49425058E+000
  0.49425059E+000
  0.49425059E+000
  0.49425060E+000
  0.49425060E+000
  0.49425061E+000
  0.49425061E+000
  0.49425061E+000
  0.49425062E+000
  0.49425062E+000
  0.49425063E+000
  0.49425063E+000
  0.49425063E+000
