 -0.12433774E+000  0.73259015E-001  0.45422249E+001  0.47333624E+002
 -0.12413009E+000  0.73460013E-001  0.45427303E+001  0.47334273E+002
 -0.12398296E+000  0.73587438E-001  0.45430991E+001  0.47334769E+002
 -0.12387041E+000  0.73676599E-001  0.45433931E+001  0.47335178E+002
 -0.12378409E+000  0.73739268E-001  0.45436307E+001  0.47335520E+002
 -0.12371886E+000  0.73782260E-001  0.45438226E+001  0.47335808E+002
 -0.12367077E+000  0.73810263E-001  0.45439770E+001  0.47336050E+002
 -0.12363663E+000  0.73826787E-001  0.45441003E+001  0.47336255E+002
 -0.12361383E+000  0.73834578E-001  0.45441980E+001  0.47336429E+002
 -0.12360023E+000  0.73835732E-001  0.45442743E+001  0.47336577E+002
 -0.12359412E+000  0.73831841E-001  0.45443329E+001  0.47336703E+002
 -0.12359409E+000  0.73824124E-001  0.45443767E+001  0.47336811E+002
 -0.12359894E+000  0.73813549E-001  0.45444082E+001  0.47336902E+002
 -0.12360773E+000  0.73800865E-001  0.45444295E+001  0.47336981E+002
 -0.12361965E+000  0.73786649E-001  0.45444423E+001  0.47337048E+002
 -0.12363407E+000  0.73771347E-001  0.45444479E+001  0.47337106E+002
 -0.12365046E+000  0.73755306E-001  0.45444476E+001  0.47337155E+002
 -0.12366836E+000  0.73738798E-001  0.45444423E+001  0.47337198E+002
 -0.12368743E+000  0.73722031E-001  0.45444329E+001  0.47337234E+002
 -0.12370737E+000  0.73705168E-001  0.45444201E+001  0.47337266E+002
 -0.12372788E+000  0.73688335E-001  0.45444045E+001  0.47337293E+002
 -0.12374872E+000  0.73671631E-001  0.45443865E+001  0.47337316E+002
 -0.12376974E+000  0.73655136E-001  0.45443666E+001  0.47337336E+002
 -0.12379080E+000  0.73638911E-001  0.45443451E+001  0.47337353E+002
 -0.12381181E+000  0.73623005E-001  0.45443224E+001  0.47337367E+002
 -0.12383266E+000  0.73607463E-001  0.45442988E+001  0.47337379E+002
 -0.12385329E+000  0.73592318E-001  0.45442744E+001  0.47337390E+002
 -0.12387362E+000  0.73577601E-001  0.45442495E+001  0.47337399E+002
 -0.12389360E+000  0.73563336E-001  0.45442242E+001  0.47337406E+002
 -0.12391319E+000  0.73549543E-001  0.45441988E+001  0.47337413E+002
 -0.12393235E+000  0.73536239E-001  0.45441734E+001  0.47337418E+002
 -0.12395104E+000  0.73523440E-001  0.45441480E+001  0.47337423E+002
 -0.12396924E+000  0.73511154E-001  0.45441229E+001  0.47337427E+002
 -0.12398694E+000  0.73499392E-001  0.45440981E+001  0.47337430E+002
 -0.12400411E+000  0.73488156E-001  0.45440736E+001  0.47337433E+002
 -0.12402074E+000  0.73477451E-001  0.45440497E+001  0.47337435E+002
 -0.12403683E+000  0.73467275E-001  0.45440262E+001  0.47337438E+002
 -0.12405238E+000  0.73457625E-001  0.45440033E+001  0.47337439E+002
 -0.12406738E+000  0.73448496E-001  0.45439810E+001  0.47337441E+002
 -0.12408183E+000  0.73439878E-001  0.45439593E+001  0.47337442E+002
 -0.12409574E+000  0.73431761E-001  0.45439382E+001  0.47337444E+002
 -0.12410912E+000  0.73424132E-001  0.45439177E+001  0.47337445E+002
 -0.12412198E+000  0.73416976E-001  0.45438979E+001  0.47337445E+002
 -0.12413432E+000  0.73410276E-001  0.45438786E+001  0.47337446E+002
 -0.12414616E+000  0.73404013E-001  0.45438599E+001  0.47337446E+002
 -0.12415750E+000  0.73398167E-001  0.45438417E+001  0.47337446E+002
 -0.12416836E+000  0.73392718E-001  0.45438241E+001  0.47337446E+002
 -0.12417874E+000  0.73387643E-001  0.45438068E+001  0.47337446E+002
 -0.12418867E+000  0.73382921E-001  0.45437900E+001  0.47337445E+002
 -0.12419814E+000  0.73378529E-001  0.45437735E+001  0.47337443E+002
 -0.12420718E+000  0.73374443E-001  0.45437574E+001  0.47337442E+002
 -0.12421579E+000  0.73370643E-001  0.45437414E+001  0.47337440E+002
 -0.12422398E+000  0.73367105E-001  0.45437256E+001  0.47337437E+002
 -0.12423176E+000  0.73363808E-001  0.45437100E+001  0.47337434E+002
 -0.12423914E+000  0.73360730E-001  0.45436944E+001  0.47337430E+002
 -0.12424613E+000  0.73357853E-001  0.45436789E+001  0.47337426E+002
 -0.12425274E+000  0.73355156E-001  0.45436634E+001  0.47337420E+002
 -0.12425899E+000  0.73352622E-001  0.45436477E+001  0.47337415E+002
 -0.12426487E+000  0.73350234E-001  0.45436320E+001  0.47337408E+002
 -0.12427041E+000  0.73347975E-001  0.45436161E+001  0.47337401E+002
 -0.12427560E+000  0.73345833E-001  0.45436000E+001  0.47337393E+002
 -0.12428047E+000  0.73343792E-001  0.45435838E+001  0.47337384E+002
 -0.12428503E+000  0.73341842E-001  0.45435672E+001  0.47337374E+002
 -0.12428927E+000  0.73339971E-001  0.45435505E+001  0.47337364E+002
 -0.12429323E+000  0.73338169E-001  0.45435334E+001  0.47337352E+002
 -0.12429690E+000  0.73336428E-001  0.45435161E+001  0.47337340E+002
 -0.12430031E+000  0.73334741E-001  0.45434985E+001  0.47337326E+002
 -0.12430345E+000  0.73333100E-001  0.45434805E+001  0.47337312E+002
 -0.12430636E+000  0.73331500E-001  0.45434623E+001  0.47337297E+002
 -0.12430903E+000  0.73329936E-001  0.45434438E+001  0.47337281E+002
 -0.12431149E+000  0.73328404E-001  0.45434250E+001  0.47337264E+002
 -0.12431374E+000  0.73326900E-001  0.45434059E+001  0.47337245E+002
 -0.12431580E+000  0.73325421E-001  0.45433865E+001  0.47337226E+002
 -0.12431768E+000  0.73323965E-001  0.45433669E+001  0.47337206E+002
 -0.12431940E+000  0.73322529E-001  0.45433471E+001  0.47337186E+002
 -0.12432095E+000  0.73321112E-001  0.45433270E+001  0.47337164E+002
 -0.12432237E+000  0.73319713E-001  0.45433067E+001  0.47337141E+002
 -0.12432365E+000  0.73318331E-001  0.45432863E+001  0.47337117E+002
 -0.12432481E+000  0.73316964E-001  0.45432657E+001  0.47337093E+002
 -0.12432586E+000  0.73315613E-001  0.45432449E+001  0.47337068E+002
 -0.12432680E+000  0.73314276E-001  0.45432241E+001  0.47337042E+002
 -0.12432766E+000  0.73312954E-001  0.45432032E+001  0.47337015E+002
 -0.12432842E+000  0.73311646E-001  0.45431822E+001  0.47336987E+002
 -0.12432912E+000  0.73310353E-001  0.45431611E+001  0.47336958E+002
 -0.12432974E+000  0.73309074E-001  0.45431401E+001  0.47336929E+002
 -0.12433030E+000  0.73307809E-001  0.45431190E+001  0.47336899E+002
 -0.12433081E+000  0.73306559E-001  0.45430980E+001  0.47336869E+002
 -0.12433127E+000  0.73305324E-001  0.45430771E+001  0.47336838E+002
 -0.12433168E+000  0.73304104E-001  0.45430562E+001  0.47336806E+002
 -0.12433205E+000  0.73302899E-001  0.45430355E+001  0.47336773E+002
 -0.12433239E+000  0.73301710E-001  0.45430149E+001  0.47336740E+002
 -0.12433270E+000  0.73300536E-001  0.45429944E+001  0.47336707E+002
 -0.12433298E+000  0.73299380E-001  0.45429742E+001  0.47336673E+002
 -0.12433323E+000  0.73298239E-001  0.45429541E+001  0.47336638E+002
 -0.12433346E+000  0.73297116E-001  0.45429342E+001  0.47336603E+002
 -0.12433368E+000  0.73296011E-001  0.45429146E+001  0.47336568E+002
 -0.12433387E+000  0.73294923E-001  0.45428952E+001  0.47336532E+002
 -0.12433406E+000  0.73293853E-001  0.45428761E+001  0.47336496E+002
 -0.12433422E+000  0.73292801E-001  0.45428572E+001  0.47336460E+002
 -0.12433438E+000  0.73291768E-001  0.45428387E+001  0.47336423E+002
 -0.12433453E+000  0.73290754E-001  0.45428204E+001  0.47336386E+002
 -0.12433466E+000  0.73289759E-001  0.45428025E+001  0.47336349E+002
 -0.12433479E+000  0.73288784E-001  0.45427849E+001  0.47336311E+002
 -0.12433491E+000  0.73287828E-001  0.45427676E+001  0.47336274E+002
 -0.12433503E+000  0.73286892E-001  0.45427506E+001  0.47336236E+002
 -0.12433513E+000  0.73285976E-001  0.45427340E+001  0.47336198E+002
 -0.12433524E+000  0.73285080E-001  0.45427178E+001  0.47336160E+002
 -0.12433533E+000  0.73284204E-001  0.45427019E+001  0.47336122E+002
 -0.12433543E+000  0.73283348E-001  0.45426864E+001  0.47336084E+002
 -0.12433552E+000  0.73282512E-001  0.45426712E+001  0.47336046E+002
 -0.12433560E+000  0.73281697E-001  0.45426564E+001  0.47336007E+002
 -0.12433568E+000  0.73280902E-001  0.45426419E+001  0.47335969E+002
 -0.12433576E+000  0.73280127E-001  0.45426278E+001  0.47335931E+002
 -0.12433584E+000  0.73279372E-001  0.45426140E+001  0.47335893E+002
 -0.12433591E+000  0.73278637E-001  0.45426007E+001  0.47335855E+002
 -0.12433598E+000  0.73277921E-001  0.45425876E+001  0.47335817E+002
 -0.12433605E+000  0.73277226E-001  0.45425749E+001  0.47335779E+002
 -0.12433611E+000  0.73276549E-001  0.45425626E+001  0.47335742E+002
 -0.12433618E+000  0.73275892E-001  0.45425506E+001  0.47335704E+002
 -0.12433624E+000  0.73275254E-001  0.45425389E+001  0.47335667E+002
 -0.12433629E+000  0.73274635E-001  0.45425276E+001  0.47335630E+002
 -0.12433635E+000  0.73274035E-001  0.45425166E+001  0.47335593E+002
 -0.12433641E+000  0.73273452E-001  0.45425060E+001  0.47335556E+002
 -0.12433646E+000  0.73272888E-001  0.45424956E+001  0.47335520E+002
 -0.12433651E+000  0.73272342E-001  0.45424856E+001  0.47335484E+002
 -0.12433656E+000  0.73271812E-001  0.45424758E+001  0.47335448E+002
 -0.12433661E+000  0.73271300E-001  0.45424664E+001  0.47335412E+002
 -0.12433665E+000  0.73270805E-001  0.45424573E+001  0.47335377E+002
 -0.12433670E+000  0.73270326E-001  0.45424484E+001  0.47335342E+002
 -0.12433674E+000  0.73269863E-001  0.45424399E+001  0.47335307E+002
 -0.12433678E+000  0.73269416E-001  0.45424316E+001  0.47335273E+002
 -0.12433682E+000  0.73268985E-001  0.45424236E+001  0.47335239E+002
 -0.12433686E+000  0.73268568E-001  0.45424158E+001  0.47335206E+002
 -0.12433690E+000  0.73268166E-001  0.45424083E+001  0.47335172E+002
 -0.12433693E+000  0.73267778E-001  0.45424011E+001  0.47335139E+002
 -0.12433697E+000  0.73267404E-001  0.45423941E+001  0.47335107E+002
 -0.12433700E+000  0.73267044E-001  0.45423873E+001  0.47335075E+002
 -0.12433703E+000  0.73266697E-001  0.45423808E+001  0.47335043E+002
 -0.12433706E+000  0.73266362E-001  0.45423745E+001  0.47335012E+002
 -0.12433709E+000  0.73266041E-001  0.45423684E+001  0.47334981E+002
 -0.12433712E+000  0.73265731E-001  0.45423625E+001  0.47334951E+002
 -0.12433715E+000  0.73265433E-001  0.45423569E+001  0.47334920E+002
 -0.12433717E+000  0.73265146E-001  0.45423514E+001  0.47334891E+002
 -0.12433720E+000  0.73264871E-001  0.45423461E+001  0.47334862E+002
 -0.12433722E+000  0.73264606E-001  0.45423411E+001  0.47334833E+002
 -0.12433725E+000  0.73264352E-001  0.45423362E+001  0.47334804E+002
 -0.12433727E+000  0.73264107E-001  0.45423314E+001  0.47334776E+002
 -0.12433729E+000  0.73263872E-001  0.45423269E+001  0.47334749E+002
 -0.12433731E+000  0.73263647E-001  0.45423225E+001  0.47334722E+002
 -0.12433733E+000  0.73263431E-001  0.45423183E+001  0.47334695E+002
 -0.12433735E+000  0.73263223E-001  0.45423143E+001  0.47334669E+002
 -0.12433737E+000  0.73263024E-001  0.45423104E+001  0.47334643E+002
 -0.12433738E+000  0.73262833E-001  0.45423066E+001  0.47334618E+002
 -0.12433740E+000  0.73262650E-001  0.45423030E+001  0.47334593E+002
 -0.12433742E+000  0.73262475E-001  0.45422996E+001  0.47334568E+002
 -0.12433743E+000  0.73262306E-001  0.45422962E+001  0.47334544E+002
 -0.12433745E+000  0.73262145E-001  0.45422930E+001  0.47334521E+002
 -0.12433746E+000  0.73261991E-001  0.45422900E+001  0.47334498E+002
 -0.12433747E+000  0.73261843E-001  0.45422870E+001  0.47334475E+002
 -0.12433749E+000  0.73261701E-001  0.45422841E+001  0.47334452E+002
 -0.12433750E+000  0.73261566E-001  0.45422814E+001  0.47334431E+002
 -0.12433751E+000  0.73261436E-001  0.45422788E+001  0.47334409E+002
 -0.12433752E+000  0.73261312E-001  0.45422763E+001  0.47334388E+002
 -0.12433753E+000  0.73261193E-001  0.45422739E+001  0.47334367E+002
 -0.12433754E+000  0.73261080E-001  0.45422715E+001  0.47334347E+002
 -0.12433755E+000  0.73260971E-001  0.45422693E+001  0.47334327E+002
 -0.12433756E+000  0.73260867E-001  0.45422672E+001  0.47334308E+002
 -0.12433757E+000  0.73260768E-001  0.45422651E+001  0.47334289E+002
 -0.12433758E+000  0.73260673E-001  0.45422631E+001  0.47334270E+002
 -0.12433759E+000  0.73260582E-001  0.45422613E+001  0.47334252E+002
 -0.12433760E+000  0.73260495E-001  0.45422595E+001  0.47334234E+002
 -0.12433760E+000  0.73260412E-001  0.45422577E+001  0.47334216E+002
 -0.12433761E+000  0.73260333E-001  0.45422561E+001  0.47334199E+002
 -0.12433762E+000  0.73260257E-001  0.45422545E+001  0.47334182E+002
 -0.12433762E+000  0.73260185E-001  0.45422529E+001  0.47334166E+002
 -0.12433763E+000  0.73260116E-001  0.45422515E+001  0.47334150E+002
 -0.12433764E+000  0.73260051E-001  0.45422501E+001  0.47334134E+002
 -0.12433764E+000  0.73259988E-001  0.45422487E+001  0.47334119E+002
 -0.12433765E+000  0.73259928E-001  0.45422474E+001  0.47334104E+002
 -0.12433765E+000  0.73259871E-001  0.45422462E+001  0.47334089E+002
 -0.12433766E+000  0.73259817E-001  0.45422450E+001  0.47334075E+002
 -0.12433766E+000  0.73259765E-001  0.45422439E+001  0.47334061E+002
 -0.12433767E+000  0.73259716E-001  0.45422428E+001  0.47334048E+002
 -0.12433767E+000  0.73259670E-001  0.45422418E+001  0.47334034E+002
 -0.12433767E+000  0.73259625E-001  0.45422408E+001  0.47334021E+002
 -0.12433768E+000  0.73259584E-001  0.45422399E+001  0.47334009E+002
 -0.12433768E+000  0.73259544E-001  0.45422390E+001  0.47333996E+002
 -0.12433769E+000  0.73259507E-001  0.45422381E+001  0.47333984E+002
 -0.12433769E+000  0.73259472E-001  0.45422373E+001  0.47333973E+002
 -0.12433769E+000  0.73259439E-001  0.45422366E+001  0.47333961E+002
 -0.12433770E+000  0.73259408E-001  0.45422358E+001  0.47333950E+002
 -0.12433770E+000  0.73259380E-001  0.45422352E+001  0.47333939E+002
 -0.12433770E+000  0.73259354E-001  0.45422345E+001  0.47333929E+002
 -0.12433770E+000  0.73259330E-001  0.45422339E+001  0.47333918E+002
 -0.12433771E+000  0.73259309E-001  0.45422334E+001  0.47333909E+002
 -0.12433771E+000  0.73259291E-001  0.45422329E+001  0.47333899E+002
 -0.12433771E+000  0.73259275E-001  0.45422324E+001  0.47333890E+002
 -0.12433771E+000  0.73259261E-001  0.45422320E+001  0.47333881E+002
 -0.12433771E+000  0.73259253E-001  0.45422316E+001  0.47333872E+002
 -0.12433771E+000  0.73259246E-001  0.45422313E+001  0.47333863E+002
