  0.14948962E+001
  0.14949745E+001
  0.14950362E+001
  0.14950882E+001
  0.14951327E+001
  0.14951711E+001
  0.14952046E+001
  0.14952342E+001
  0.14952604E+001
  0.14952836E+001
  0.14953041E+001
  0.14953223E+001
  0.14953383E+001
  0.14953527E+001
  0.14953654E+001
  0.14953768E+001
  0.14953869E+001
  0.14953959E+001
  0.14954040E+001
  0.14954112E+001
  0.14954176E+001
  0.14954234E+001
  0.14954285E+001
  0.14954332E+001
  0.14954373E+001
  0.14954410E+001
  0.14954444E+001
  0.14954474E+001
  0.14954501E+001
  0.14954526E+001
  0.14954548E+001
  0.14954568E+001
  0.14954586E+001
  0.14954602E+001
  0.14954616E+001
  0.14954628E+001
  0.14954640E+001
  0.14954650E+001
  0.14954659E+001
  0.14954668E+001
  0.14954675E+001
  0.14954682E+001
  0.14954689E+001
  0.14954695E+001
  0.14954700E+001
  0.14954705E+001
  0.14954709E+001
  0.14954714E+001
  0.14954717E+001
  0.14954721E+001
  0.14954724E+001
  0.14954727E+001
  0.14954729E+001
  0.14954731E+001
  0.14954733E+001
  0.14954735E+001
  0.14954736E+001
  0.14954737E+001
  0.14954738E+001
  0.14954739E+001
  0.14954740E+001
  0.14954740E+001
  0.14954740E+001
  0.14954741E+001
  0.14954740E+001
  0.14954740E+001
  0.14954740E+001
  0.14954739E+001
  0.14954739E+001
  0.14954738E+001
  0.14954737E+001
  0.14954736E+001
  0.14954735E+001
  0.14954733E+001
  0.14954732E+001
  0.14954730E+001
  0.14954729E+001
  0.14954727E+001
  0.14954725E+001
  0.14954724E+001
  0.14954722E+001
  0.14954720E+001
  0.14954717E+001
  0.14954715E+001
  0.14954713E+001
  0.14954711E+001
  0.14954708E+001
  0.14954706E+001
  0.14954704E+001
  0.14954701E+001
  0.14954698E+001
  0.14954696E+001
  0.14954693E+001
  0.14954690E+001
  0.14954688E+001
  0.14954685E+001
  0.14954682E+001
  0.14954679E+001
  0.14954677E+001
  0.14954674E+001
  0.14954671E+001
  0.14954668E+001
  0.14954665E+001
  0.14954662E+001
  0.14954659E+001
  0.14954656E+001
  0.14954653E+001
  0.14954650E+001
  0.14954647E+001
  0.14954644E+001
  0.14954641E+001
  0.14954639E+001
  0.14954636E+001
  0.14954633E+001
  0.14954630E+001
  0.14954627E+001
  0.14954624E+001
  0.14954621E+001
  0.14954618E+001
  0.14954615E+001
  0.14954613E+001
  0.14954610E+001
  0.14954607E+001
  0.14954604E+001
  0.14954601E+001
  0.14954599E+001
  0.14954596E+001
  0.14954593E+001
  0.14954591E+001
  0.14954588E+001
  0.14954585E+001
  0.14954583E+001
  0.14954580E+001
  0.14954578E+001
  0.14954575E+001
  0.14954573E+001
  0.14954570E+001
  0.14954568E+001
  0.14954565E+001
  0.14954563E+001
  0.14954561E+001
  0.14954558E+001
  0.14954556E+001
  0.14954554E+001
  0.14954552E+001
  0.14954549E+001
  0.14954547E+001
  0.14954545E+001
  0.14954543E+001
  0.14954541E+001
  0.14954539E+001
  0.14954537E+001
  0.14954535E+001
  0.14954533E+001
  0.14954531E+001
  0.14954529E+001
  0.14954527E+001
  0.14954525E+001
  0.14954524E+001
  0.14954522E+001
  0.14954520E+001
  0.14954518E+001
  0.14954517E+001
  0.14954515E+001
  0.14954514E+001
  0.14954512E+001
  0.14954510E+001
  0.14954509E+001
  0.14954507E+001
  0.14954506E+001
  0.14954505E+001
  0.14954503E+001
  0.14954502E+001
  0.14954500E+001
  0.14954499E+001
  0.14954498E+001
  0.14954497E+001
  0.14954495E+001
  0.14954494E+001
  0.14954493E+001
  0.14954492E+001
  0.14954491E+001
  0.14954490E+001
  0.14954488E+001
  0.14954487E+001
  0.14954486E+001
  0.14954485E+001
  0.14954484E+001
  0.14954483E+001
  0.14954482E+001
  0.14954482E+001
  0.14954481E+001
  0.14954480E+001
  0.14954479E+001
  0.14954478E+001
  0.14954477E+001
  0.14954476E+001
  0.14954476E+001
  0.14954475E+001
  0.14954474E+001
