  0.14068901E+002
  0.14069162E+002
  0.14069363E+002
  0.14069519E+002
  0.14069640E+002
  0.14069733E+002
  0.14069803E+002
  0.14069855E+002
  0.14069891E+002
  0.14069915E+002
  0.14069930E+002
  0.14069936E+002
  0.14069935E+002
  0.14069929E+002
  0.14069919E+002
  0.14069905E+002
  0.14069889E+002
  0.14069870E+002
  0.14069850E+002
  0.14069829E+002
  0.14069806E+002
  0.14069783E+002
  0.14069760E+002
  0.14069736E+002
  0.14069712E+002
  0.14069689E+002
  0.14069665E+002
  0.14069642E+002
  0.14069618E+002
  0.14069596E+002
  0.14069573E+002
  0.14069552E+002
  0.14069530E+002
  0.14069509E+002
  0.14069489E+002
  0.14069470E+002
  0.14069450E+002
  0.14069432E+002
  0.14069414E+002
  0.14069397E+002
  0.14069380E+002
  0.14069364E+002
  0.14069349E+002
  0.14069334E+002
  0.14069320E+002
  0.14069306E+002
  0.14069293E+002
  0.14069280E+002
  0.14069268E+002
  0.14069257E+002
  0.14069246E+002
  0.14069236E+002
  0.14069226E+002
  0.14069217E+002
  0.14069208E+002
  0.14069200E+002
  0.14069192E+002
  0.14069185E+002
  0.14069178E+002
  0.14069172E+002
  0.14069166E+002
  0.14069161E+002
  0.14069156E+002
  0.14069151E+002
  0.14069147E+002
  0.14069143E+002
  0.14069139E+002
  0.14069136E+002
  0.14069133E+002
  0.14069131E+002
  0.14069129E+002
  0.14069127E+002
  0.14069125E+002
  0.14069124E+002
  0.14069123E+002
  0.14069122E+002
  0.14069122E+002
  0.14069121E+002
  0.14069121E+002
  0.14069122E+002
  0.14069122E+002
  0.14069123E+002
  0.14069123E+002
  0.14069124E+002
  0.14069126E+002
  0.14069127E+002
  0.14069129E+002
  0.14069130E+002
  0.14069132E+002
  0.14069134E+002
  0.14069136E+002
  0.14069138E+002
  0.14069140E+002
  0.14069142E+002
  0.14069145E+002
  0.14069147E+002
  0.14069150E+002
  0.14069152E+002
  0.14069155E+002
  0.14069157E+002
  0.14069160E+002
  0.14069162E+002
  0.14069165E+002
  0.14069167E+002
  0.14069169E+002
  0.14069172E+002
  0.14069174E+002
  0.14069176E+002
  0.14069178E+002
  0.14069180E+002
  0.14069182E+002
  0.14069184E+002
  0.14069185E+002
  0.14069187E+002
  0.14069188E+002
  0.14069189E+002
  0.14069190E+002
  0.14069191E+002
  0.14069192E+002
  0.14069192E+002
  0.14069192E+002
  0.14069192E+002
  0.14069192E+002
  0.14069192E+002
  0.14069191E+002
  0.14069191E+002
  0.14069189E+002
  0.14069188E+002
  0.14069187E+002
  0.14069185E+002
  0.14069183E+002
  0.14069181E+002
  0.14069178E+002
  0.14069176E+002
  0.14069173E+002
  0.14069170E+002
  0.14069166E+002
  0.14069163E+002
  0.14069159E+002
  0.14069154E+002
  0.14069150E+002
  0.14069145E+002
  0.14069140E+002
  0.14069135E+002
  0.14069130E+002
  0.14069124E+002
  0.14069119E+002
  0.14069113E+002
  0.14069106E+002
  0.14069100E+002
  0.14069094E+002
  0.14069087E+002
  0.14069080E+002
  0.14069074E+002
  0.14069067E+002
  0.14069060E+002
  0.14069053E+002
  0.14069047E+002
  0.14069040E+002
  0.14069033E+002
  0.14069027E+002
  0.14069020E+002
  0.14069014E+002
  0.14069007E+002
  0.14069001E+002
  0.14068996E+002
  0.14068990E+002
  0.14068984E+002
  0.14068979E+002
  0.14068974E+002
  0.14068969E+002
  0.14068964E+002
  0.14068960E+002
  0.14068955E+002
  0.14068951E+002
  0.14068948E+002
  0.14068944E+002
  0.14068940E+002
  0.14068937E+002
  0.14068934E+002
  0.14068931E+002
  0.14068929E+002
  0.14068926E+002
  0.14068924E+002
  0.14068922E+002
  0.14068920E+002
  0.14068918E+002
  0.14068916E+002
  0.14068914E+002
  0.14068913E+002
  0.14068911E+002
  0.14068910E+002
  0.14068909E+002
  0.14068908E+002
  0.14068907E+002
  0.14068906E+002
  0.14068905E+002
  0.14068904E+002
  0.14068904E+002
  0.14068903E+002
