  0.15720572E+000
  0.15548386E+000
  0.15569041E+000
  0.15595248E+000
  0.15616419E+000
  0.15633521E+000
  0.15647555E+000
  0.15659272E+000
  0.15669072E+000
  0.15677266E+000
  0.15684111E+000
  0.15689857E+000
  0.15694696E+000
  0.15698782E+000
  0.15702243E+000
  0.15705184E+000
  0.15707691E+000
  0.15709833E+000
  0.15711669E+000
  0.15713247E+000
  0.15714605E+000
  0.15715776E+000
  0.15716786E+000
  0.15717659E+000
  0.15718412E+000
  0.15719064E+000
  0.15719629E+000
  0.15720115E+000
  0.15720533E+000
  0.15720891E+000
  0.15721195E+000
  0.15721454E+000
  0.15721672E+000
  0.15721854E+000
  0.15722006E+000
  0.15722131E+000
  0.15722233E+000
  0.15722315E+000
  0.15722380E+000
  0.15722431E+000
  0.15722469E+000
  0.15722498E+000
  0.15722519E+000
  0.15722532E+000
  0.15722540E+000
  0.15722543E+000
  0.15722543E+000
  0.15722539E+000
  0.15722532E+000
  0.15722523E+000
  0.15722513E+000
  0.15722501E+000
  0.15722487E+000
  0.15722472E+000
  0.15722457E+000
  0.15722440E+000
  0.15722423E+000
  0.15722405E+000
  0.15722386E+000
  0.15722367E+000
  0.15722347E+000
  0.15722327E+000
  0.15722307E+000
  0.15722286E+000
  0.15722266E+000
  0.15722244E+000
  0.15722223E+000
  0.15722201E+000
  0.15722179E+000
  0.15722157E+000
  0.15722135E+000
  0.15722112E+000
  0.15722089E+000
  0.15722066E+000
  0.15722042E+000
  0.15722018E+000
  0.15721994E+000
  0.15721970E+000
  0.15721945E+000
  0.15721920E+000
  0.15721895E+000
  0.15721869E+000
  0.15721844E+000
  0.15721818E+000
  0.15721791E+000
  0.15721765E+000
  0.15721739E+000
  0.15721712E+000
  0.15721686E+000
  0.15721659E+000
  0.15721633E+000
  0.15721606E+000
  0.15721580E+000
  0.15721554E+000
  0.15721527E+000
  0.15721501E+000
  0.15721476E+000
  0.15721450E+000
  0.15721425E+000
  0.15721400E+000
  0.15721375E+000
  0.15721351E+000
  0.15721327E+000
  0.15721303E+000
  0.15721280E+000
  0.15721257E+000
  0.15721235E+000
  0.15721213E+000
  0.15721191E+000
  0.15721170E+000
  0.15721149E+000
  0.15721129E+000
  0.15721109E+000
  0.15721090E+000
  0.15721071E+000
  0.15721053E+000
  0.15721035E+000
  0.15721018E+000
  0.15721001E+000
  0.15720984E+000
  0.15720968E+000
  0.15720952E+000
  0.15720937E+000
  0.15720923E+000
  0.15720908E+000
  0.15720895E+000
  0.15720881E+000
  0.15720868E+000
  0.15720856E+000
  0.15720844E+000
  0.15720832E+000
  0.15720821E+000
  0.15720810E+000
  0.15720799E+000
  0.15720789E+000
  0.15720780E+000
  0.15720770E+000
  0.15720761E+000
  0.15720752E+000
  0.15720744E+000
  0.15720736E+000
  0.15720728E+000
  0.15720721E+000
  0.15720714E+000
  0.15720707E+000
  0.15720700E+000
  0.15720694E+000
  0.15720688E+000
  0.15720682E+000
  0.15720677E+000
  0.15720671E+000
  0.15720666E+000
  0.15720661E+000
  0.15720657E+000
  0.15720652E+000
  0.15720648E+000
  0.15720644E+000
  0.15720640E+000
  0.15720636E+000
  0.15720633E+000
  0.15720630E+000
  0.15720626E+000
  0.15720623E+000
  0.15720620E+000
  0.15720618E+000
  0.15720615E+000
  0.15720612E+000
  0.15720610E+000
  0.15720608E+000
  0.15720606E+000
  0.15720604E+000
  0.15720602E+000
  0.15720600E+000
  0.15720598E+000
  0.15720597E+000
  0.15720595E+000
  0.15720593E+000
  0.15720592E+000
  0.15720591E+000
  0.15720589E+000
  0.15720588E+000
  0.15720587E+000
  0.15720586E+000
  0.15720585E+000
  0.15720584E+000
  0.15720583E+000
  0.15720582E+000
  0.15720582E+000
  0.15720581E+000
  0.15720580E+000
  0.15720580E+000
  0.15720579E+000
  0.15720578E+000
  0.15720578E+000
  0.15720577E+000
  0.15720577E+000
  0.15720577E+000
  0.15720576E+000
  0.15720576E+000
  0.15720576E+000
