  0.60044295E+000
  0.60043975E+000
  0.60043674E+000
  0.60043402E+000
  0.60043159E+000
  0.60042940E+000
  0.60042744E+000
  0.60042567E+000
  0.60042407E+000
  0.60042262E+000
  0.60042129E+000
  0.60042008E+000
  0.60041898E+000
  0.60041796E+000
  0.60041704E+000
  0.60041619E+000
  0.60041541E+000
  0.60041469E+000
  0.60041403E+000
  0.60041343E+000
  0.60041288E+000
  0.60041238E+000
  0.60041191E+000
  0.60041149E+000
  0.60041110E+000
  0.60041075E+000
  0.60041043E+000
  0.60041013E+000
  0.60040987E+000
  0.60040963E+000
  0.60040942E+000
  0.60040923E+000
  0.60040906E+000
  0.60040891E+000
  0.60040879E+000
  0.60040868E+000
  0.60040859E+000
  0.60040853E+000
  0.60040848E+000
  0.60040844E+000
  0.60040843E+000
  0.60040843E+000
  0.60040845E+000
  0.60040849E+000
  0.60040854E+000
  0.60040861E+000
  0.60040869E+000
  0.60040879E+000
  0.60040891E+000
  0.60040904E+000
  0.60040919E+000
  0.60040935E+000
  0.60040953E+000
  0.60040972E+000
  0.60040993E+000
  0.60041015E+000
  0.60041039E+000
  0.60041064E+000
  0.60041091E+000
  0.60041119E+000
  0.60041148E+000
  0.60041179E+000
  0.60041211E+000
  0.60041244E+000
  0.60041279E+000
  0.60041314E+000
  0.60041351E+000
  0.60041389E+000
  0.60041428E+000
  0.60041468E+000
  0.60041509E+000
  0.60041551E+000
  0.60041594E+000
  0.60041637E+000
  0.60041681E+000
  0.60041726E+000
  0.60041772E+000
  0.60041818E+000
  0.60041864E+000
  0.60041911E+000
  0.60041959E+000
  0.60042006E+000
  0.60042054E+000
  0.60042102E+000
  0.60042150E+000
  0.60042199E+000
  0.60042247E+000
  0.60042295E+000
  0.60042343E+000
  0.60042391E+000
  0.60042438E+000
  0.60042486E+000
  0.60042533E+000
  0.60042579E+000
  0.60042625E+000
  0.60042671E+000
  0.60042716E+000
  0.60042761E+000
  0.60042805E+000
  0.60042849E+000
  0.60042892E+000
  0.60042934E+000
  0.60042975E+000
  0.60043016E+000
  0.60043056E+000
  0.60043095E+000
  0.60043134E+000
  0.60043172E+000
  0.60043209E+000
  0.60043245E+000
  0.60043281E+000
  0.60043315E+000
  0.60043349E+000
  0.60043382E+000
  0.60043414E+000
  0.60043445E+000
  0.60043476E+000
  0.60043506E+000
  0.60043535E+000
  0.60043563E+000
  0.60043590E+000
  0.60043617E+000
  0.60043642E+000
  0.60043667E+000
  0.60043692E+000
  0.60043715E+000
  0.60043738E+000
  0.60043760E+000
  0.60043781E+000
  0.60043802E+000
  0.60043822E+000
  0.60043841E+000
  0.60043860E+000
  0.60043878E+000
  0.60043895E+000
  0.60043912E+000
  0.60043928E+000
  0.60043944E+000
  0.60043959E+000
  0.60043973E+000
  0.60043987E+000
  0.60044000E+000
  0.60044013E+000
  0.60044026E+000
  0.60044038E+000
  0.60044049E+000
  0.60044060E+000
  0.60044071E+000
  0.60044081E+000
  0.60044091E+000
  0.60044100E+000
  0.60044110E+000
  0.60044118E+000
  0.60044127E+000
  0.60044135E+000
  0.60044142E+000
  0.60044150E+000
  0.60044157E+000
  0.60044163E+000
  0.60044170E+000
  0.60044176E+000
  0.60044182E+000
  0.60044188E+000
  0.60044193E+000
  0.60044198E+000
  0.60044203E+000
  0.60044208E+000
  0.60044213E+000
  0.60044217E+000
  0.60044221E+000
  0.60044225E+000
  0.60044229E+000
  0.60044233E+000
  0.60044236E+000
  0.60044240E+000
  0.60044243E+000
  0.60044246E+000
  0.60044249E+000
  0.60044252E+000
  0.60044254E+000
  0.60044257E+000
  0.60044259E+000
  0.60044261E+000
  0.60044264E+000
  0.60044266E+000
  0.60044268E+000
  0.60044269E+000
  0.60044271E+000
  0.60044273E+000
  0.60044274E+000
  0.60044276E+000
  0.60044277E+000
  0.60044278E+000
  0.60044279E+000
  0.60044280E+000
  0.60044281E+000
  0.60044281E+000
  0.60044282E+000
  0.60044282E+000
  0.60044282E+000
