  0.46607941E+000
  0.46692165E+000
  0.46664735E+000
  0.46620759E+000
  0.46586762E+000
  0.46561655E+000
  0.46543483E+000
  0.46530721E+000
  0.46522898E+000
  0.46519108E+000
  0.46517508E+000
  0.46517685E+000
  0.46519168E+000
  0.46521606E+000
  0.46524731E+000
  0.46528335E+000
  0.46532258E+000
  0.46536370E+000
  0.46540569E+000
  0.46544782E+000
  0.46548947E+000
  0.46553017E+000
  0.46556960E+000
  0.46560751E+000
  0.46564374E+000
  0.46567818E+000
  0.46571078E+000
  0.46574150E+000
  0.46577034E+000
  0.46579733E+000
  0.46582251E+000
  0.46584593E+000
  0.46586765E+000
  0.46588772E+000
  0.46590623E+000
  0.46592325E+000
  0.46593886E+000
  0.46595314E+000
  0.46596616E+000
  0.46597800E+000
  0.46598875E+000
  0.46599848E+000
  0.46600726E+000
  0.46601517E+000
  0.46602228E+000
  0.46602865E+000
  0.46603435E+000
  0.46603944E+000
  0.46604397E+000
  0.46604799E+000
  0.46605156E+000
  0.46605472E+000
  0.46605751E+000
  0.46605997E+000
  0.46606214E+000
  0.46606404E+000
  0.46606572E+000
  0.46606718E+000
  0.46606846E+000
  0.46606958E+000
  0.46607056E+000
  0.46607142E+000
  0.46607217E+000
  0.46607282E+000
  0.46607340E+000
  0.46607390E+000
  0.46607434E+000
  0.46607472E+000
  0.46607506E+000
  0.46607536E+000
  0.46607563E+000
  0.46607586E+000
  0.46607607E+000
  0.46607626E+000
  0.46607642E+000
  0.46607657E+000
  0.46607671E+000
  0.46607683E+000
  0.46607694E+000
  0.46607704E+000
  0.46607713E+000
  0.46607721E+000
  0.46607728E+000
  0.46607735E+000
  0.46607741E+000
  0.46607747E+000
  0.46607752E+000
  0.46607757E+000
  0.46607761E+000
  0.46607765E+000
  0.46607769E+000
  0.46607772E+000
  0.46607775E+000
  0.46607778E+000
  0.46607781E+000
  0.46607783E+000
  0.46607785E+000
  0.46607787E+000
  0.46607789E+000
  0.46607791E+000
  0.46607793E+000
  0.46607794E+000
  0.46607796E+000
  0.46607797E+000
  0.46607799E+000
  0.46607800E+000
  0.46607802E+000
  0.46607803E+000
  0.46607805E+000
  0.46607806E+000
  0.46607808E+000
  0.46607810E+000
  0.46607812E+000
  0.46607814E+000
  0.46607816E+000
  0.46607819E+000
  0.46607821E+000
  0.46607824E+000
  0.46607827E+000
  0.46607830E+000
  0.46607833E+000
  0.46607837E+000
  0.46607840E+000
  0.46607844E+000
  0.46607847E+000
  0.46607851E+000
  0.46607855E+000
  0.46607858E+000
  0.46607862E+000
  0.46607866E+000
  0.46607869E+000
  0.46607872E+000
  0.46607876E+000
  0.46607879E+000
  0.46607882E+000
  0.46607884E+000
  0.46607887E+000
  0.46607890E+000
  0.46607892E+000
  0.46607894E+000
  0.46607896E+000
  0.46607898E+000
  0.46607900E+000
  0.46607902E+000
  0.46607904E+000
  0.46607906E+000
  0.46607908E+000
  0.46607910E+000
  0.46607911E+000
  0.46607913E+000
  0.46607915E+000
  0.46607916E+000
  0.46607918E+000
  0.46607920E+000
  0.46607921E+000
  0.46607923E+000
  0.46607924E+000
  0.46607926E+000
  0.46607927E+000
  0.46607928E+000
  0.46607929E+000
  0.46607930E+000
  0.46607931E+000
  0.46607931E+000
  0.46607932E+000
  0.46607932E+000
  0.46607933E+000
  0.46607933E+000
  0.46607933E+000
  0.46607933E+000
  0.46607933E+000
  0.46607933E+000
  0.46607932E+000
  0.46607932E+000
  0.46607932E+000
  0.46607932E+000
  0.46607931E+000
  0.46607931E+000
  0.46607931E+000
  0.46607930E+000
  0.46607930E+000
  0.46607930E+000
  0.46607930E+000
  0.46607930E+000
  0.46607930E+000
  0.46607930E+000
  0.46607930E+000
  0.46607931E+000
  0.46607931E+000
  0.46607931E+000
  0.46607932E+000
  0.46607932E+000
  0.46607933E+000
  0.46607933E+000
  0.46607934E+000
  0.46607934E+000
  0.46607934E+000
  0.46607933E+000
  0.46607932E+000
  0.46607939E+000
