  0.31211734E+000
  0.31134786E+000
  0.31145226E+000
  0.31161635E+000
  0.31173251E+000
  0.31181281E+000
  0.31186657E+000
  0.31190085E+000
  0.31192100E+000
  0.31193739E+000
  0.31195287E+000
  0.31197145E+000
  0.31199348E+000
  0.31201728E+000
  0.31204157E+000
  0.31206546E+000
  0.31208831E+000
  0.31210981E+000
  0.31212968E+000
  0.31214772E+000
  0.31216383E+000
  0.31217799E+000
  0.31219021E+000
  0.31220057E+000
  0.31220915E+000
  0.31221605E+000
  0.31222140E+000
  0.31222530E+000
  0.31222789E+000
  0.31222930E+000
  0.31222964E+000
  0.31222905E+000
  0.31222764E+000
  0.31222551E+000
  0.31222278E+000
  0.31221956E+000
  0.31221592E+000
  0.31221196E+000
  0.31220775E+000
  0.31220337E+000
  0.31219887E+000
  0.31219432E+000
  0.31218976E+000
  0.31218522E+000
  0.31218074E+000
  0.31217635E+000
  0.31217208E+000
  0.31216792E+000
  0.31216391E+000
  0.31216005E+000
  0.31215634E+000
  0.31215279E+000
  0.31214940E+000
  0.31214617E+000
  0.31214310E+000
  0.31214019E+000
  0.31213744E+000
  0.31213485E+000
  0.31213240E+000
  0.31213011E+000
  0.31212796E+000
  0.31212595E+000
  0.31212408E+000
  0.31212234E+000
  0.31212074E+000
  0.31211926E+000
  0.31211790E+000
  0.31211666E+000
  0.31211552E+000
  0.31211450E+000
  0.31211358E+000
  0.31211275E+000
  0.31211201E+000
  0.31211136E+000
  0.31211079E+000
  0.31211030E+000
  0.31210987E+000
  0.31210951E+000
  0.31210921E+000
  0.31210897E+000
  0.31210878E+000
  0.31210863E+000
  0.31210853E+000
  0.31210846E+000
  0.31210843E+000
  0.31210843E+000
  0.31210846E+000
  0.31210851E+000
  0.31210858E+000
  0.31210868E+000
  0.31210879E+000
  0.31210891E+000
  0.31210905E+000
  0.31210920E+000
  0.31210936E+000
  0.31210952E+000
  0.31210969E+000
  0.31210987E+000
  0.31211005E+000
  0.31211023E+000
  0.31211042E+000
  0.31211060E+000
  0.31211079E+000
  0.31211098E+000
  0.31211116E+000
  0.31211135E+000
  0.31211153E+000
  0.31211171E+000
  0.31211189E+000
  0.31211207E+000
  0.31211225E+000
  0.31211242E+000
  0.31211259E+000
  0.31211275E+000
  0.31211291E+000
  0.31211307E+000
  0.31211322E+000
  0.31211337E+000
  0.31211352E+000
  0.31211366E+000
  0.31211380E+000
  0.31211394E+000
  0.31211407E+000
  0.31211420E+000
  0.31211432E+000
  0.31211444E+000
  0.31211456E+000
  0.31211467E+000
  0.31211478E+000
  0.31211489E+000
  0.31211499E+000
  0.31211509E+000
  0.31211519E+000
  0.31211528E+000
  0.31211537E+000
  0.31211546E+000
  0.31211554E+000
  0.31211562E+000
  0.31211570E+000
  0.31211577E+000
  0.31211585E+000
  0.31211592E+000
  0.31211598E+000
  0.31211605E+000
  0.31211611E+000
  0.31211617E+000
  0.31211623E+000
  0.31211628E+000
  0.31211633E+000
  0.31211638E+000
  0.31211643E+000
  0.31211648E+000
  0.31211652E+000
  0.31211657E+000
  0.31211661E+000
  0.31211665E+000
  0.31211669E+000
  0.31211672E+000
  0.31211676E+000
  0.31211679E+000
  0.31211682E+000
  0.31211685E+000
  0.31211688E+000
  0.31211691E+000
  0.31211694E+000
  0.31211696E+000
  0.31211699E+000
  0.31211701E+000
  0.31211704E+000
  0.31211706E+000
  0.31211708E+000
  0.31211710E+000
  0.31211712E+000
  0.31211713E+000
  0.31211715E+000
  0.31211717E+000
  0.31211718E+000
  0.31211720E+000
  0.31211721E+000
  0.31211722E+000
  0.31211723E+000
  0.31211725E+000
  0.31211726E+000
  0.31211726E+000
  0.31211727E+000
  0.31211728E+000
  0.31211729E+000
  0.31211729E+000
  0.31211730E+000
  0.31211730E+000
  0.31211730E+000
  0.31211730E+000
  0.31211730E+000
  0.31211730E+000
  0.31211729E+000
  0.31211729E+000
  0.31211728E+000
  0.31211727E+000
  0.31211726E+000
  0.31211725E+000
