  0.29048770E+000
  0.28895770E+000
  0.28817813E+000
  0.28777147E+000
  0.28760014E+000
  0.28758408E+000
  0.28766963E+000
  0.28781990E+000
  0.28800857E+000
  0.28821704E+000
  0.28843236E+000
  0.28864582E+000
  0.28885164E+000
  0.28904614E+000
  0.28922716E+000
  0.28939361E+000
  0.28954516E+000
  0.28968197E+000
  0.28980453E+000
  0.28991358E+000
  0.29000996E+000
  0.29009459E+000
  0.29016841E+000
  0.29023235E+000
  0.29028733E+000
  0.29033436E+000
  0.29037424E+000
  0.29040771E+000
  0.29043547E+000
  0.29045819E+000
  0.29047646E+000
  0.29049085E+000
  0.29050186E+000
  0.29050998E+000
  0.29051562E+000
  0.29051919E+000
  0.29052103E+000
  0.29052147E+000
  0.29052078E+000
  0.29051920E+000
  0.29051696E+000
  0.29051424E+000
  0.29051119E+000
  0.29050794E+000
  0.29050461E+000
  0.29050126E+000
  0.29049798E+000
  0.29049481E+000
  0.29049178E+000
  0.29048893E+000
  0.29048627E+000
  0.29048381E+000
  0.29048155E+000
  0.29047949E+000
  0.29047763E+000
  0.29047597E+000
  0.29047449E+000
  0.29047318E+000
  0.29047205E+000
  0.29047107E+000
  0.29047024E+000
  0.29046954E+000
  0.29046898E+000
  0.29046854E+000
  0.29046820E+000
  0.29046797E+000
  0.29046783E+000
  0.29046778E+000
  0.29046780E+000
  0.29046789E+000
  0.29046805E+000
  0.29046825E+000
  0.29046850E+000
  0.29046880E+000
  0.29046912E+000
  0.29046948E+000
  0.29046986E+000
  0.29047025E+000
  0.29047066E+000
  0.29047108E+000
  0.29047151E+000
  0.29047194E+000
  0.29047237E+000
  0.29047280E+000
  0.29047322E+000
  0.29047365E+000
  0.29047406E+000
  0.29047447E+000
  0.29047487E+000
  0.29047526E+000
  0.29047565E+000
  0.29047602E+000
  0.29047639E+000
  0.29047675E+000
  0.29047709E+000
  0.29047743E+000
  0.29047776E+000
  0.29047808E+000
  0.29047839E+000
  0.29047869E+000
  0.29047899E+000
  0.29047927E+000
  0.29047955E+000
  0.29047982E+000
  0.29048008E+000
  0.29048034E+000
  0.29048059E+000
  0.29048083E+000
  0.29048106E+000
  0.29048129E+000
  0.29048151E+000
  0.29048173E+000
  0.29048194E+000
  0.29048214E+000
  0.29048234E+000
  0.29048253E+000
  0.29048272E+000
  0.29048290E+000
  0.29048308E+000
  0.29048325E+000
  0.29048342E+000
  0.29048358E+000
  0.29048373E+000
  0.29048388E+000
  0.29048403E+000
  0.29048417E+000
  0.29048431E+000
  0.29048444E+000
  0.29048457E+000
  0.29048469E+000
  0.29048481E+000
  0.29048493E+000
  0.29048504E+000
  0.29048515E+000
  0.29048525E+000
  0.29048535E+000
  0.29048545E+000
  0.29048554E+000
  0.29048563E+000
  0.29048572E+000
  0.29048580E+000
  0.29048588E+000
  0.29048595E+000
  0.29048603E+000
  0.29048610E+000
  0.29048617E+000
  0.29048623E+000
  0.29048629E+000
  0.29048635E+000
  0.29048641E+000
  0.29048647E+000
  0.29048652E+000
  0.29048657E+000
  0.29048662E+000
  0.29048666E+000
  0.29048671E+000
  0.29048675E+000
  0.29048679E+000
  0.29048683E+000
  0.29048687E+000
  0.29048690E+000
  0.29048694E+000
  0.29048697E+000
  0.29048700E+000
  0.29048703E+000
  0.29048706E+000
  0.29048708E+000
  0.29048711E+000
  0.29048713E+000
  0.29048716E+000
  0.29048718E+000
  0.29048720E+000
  0.29048722E+000
  0.29048724E+000
  0.29048726E+000
  0.29048728E+000
  0.29048729E+000
  0.29048731E+000
  0.29048733E+000
  0.29048734E+000
  0.29048736E+000
  0.29048737E+000
  0.29048738E+000
  0.29048739E+000
  0.29048741E+000
  0.29048742E+000
  0.29048743E+000
  0.29048744E+000
  0.29048745E+000
  0.29048746E+000
  0.29048747E+000
  0.29048747E+000
  0.29048748E+000
  0.29048749E+000
  0.29048750E+000
  0.29048751E+000
  0.29048752E+000
  0.29048752E+000
  0.29048753E+000
  0.29048753E+000
