  0.46832715E+000
  0.46844373E+000
  0.46855582E+000
  0.46837323E+000
  0.46833982E+000
  0.46833296E+000
  0.46833168E+000
  0.46833173E+000
  0.46833214E+000
  0.46833264E+000
  0.46833315E+000
  0.46833364E+000
  0.46833412E+000
  0.46833456E+000
  0.46833499E+000
  0.46833538E+000
  0.46833575E+000
  0.46833610E+000
  0.46833643E+000
  0.46833674E+000
  0.46833702E+000
  0.46833729E+000
  0.46833754E+000
  0.46833777E+000
  0.46833798E+000
  0.46833817E+000
  0.46833834E+000
  0.46833850E+000
  0.46833863E+000
  0.46833875E+000
  0.46833885E+000
  0.46833893E+000
  0.46833900E+000
  0.46833904E+000
  0.46833907E+000
  0.46833908E+000
  0.46833906E+000
  0.46833904E+000
  0.46833899E+000
  0.46833892E+000
  0.46833883E+000
  0.46833873E+000
  0.46833861E+000
  0.46833846E+000
  0.46833830E+000
  0.46833812E+000
  0.46833792E+000
  0.46833770E+000
  0.46833747E+000
  0.46833722E+000
  0.46833694E+000
  0.46833666E+000
  0.46833635E+000
  0.46833603E+000
  0.46833569E+000
  0.46833534E+000
  0.46833498E+000
  0.46833460E+000
  0.46833421E+000
  0.46833380E+000
  0.46833339E+000
  0.46833297E+000
  0.46833253E+000
  0.46833218E+000
  0.46833191E+000
  0.46833167E+000
  0.46833145E+000
  0.46833124E+000
  0.46833102E+000
  0.46833081E+000
  0.46833061E+000
  0.46833041E+000
  0.46833021E+000
  0.46833001E+000
  0.46832982E+000
  0.46832964E+000
  0.46832946E+000
  0.46832929E+000
  0.46832912E+000
  0.46832896E+000
  0.46832881E+000
  0.46832867E+000
  0.46832853E+000
  0.46832840E+000
  0.46832828E+000
  0.46832816E+000
  0.46832806E+000
  0.46832796E+000
  0.46832786E+000
  0.46832778E+000
  0.46832770E+000
  0.46832763E+000
  0.46832756E+000
  0.46832750E+000
  0.46832744E+000
  0.46832739E+000
  0.46832735E+000
  0.46832731E+000
  0.46832727E+000
  0.46832724E+000
  0.46832721E+000
  0.46832719E+000
  0.46832717E+000
  0.46832715E+000
  0.46832713E+000
  0.46832711E+000
  0.46832710E+000
  0.46832709E+000
  0.46832708E+000
  0.46832707E+000
  0.46832706E+000
  0.46832706E+000
  0.46832705E+000
  0.46832705E+000
  0.46832704E+000
  0.46832704E+000
  0.46832704E+000
  0.46832703E+000
  0.46832703E+000
  0.46832703E+000
  0.46832703E+000
  0.46832702E+000
  0.46832702E+000
  0.46832702E+000
  0.46832702E+000
  0.46832702E+000
  0.46832702E+000
  0.46832702E+000
  0.46832701E+000
  0.46832701E+000
  0.46832701E+000
  0.46832701E+000
  0.46832701E+000
  0.46832701E+000
  0.46832701E+000
  0.46832701E+000
  0.46832701E+000
  0.46832701E+000
  0.46832701E+000
  0.46832701E+000
  0.46832701E+000
  0.46832701E+000
  0.46832701E+000
  0.46832701E+000
  0.46832701E+000
  0.46832701E+000
  0.46832701E+000
  0.46832701E+000
  0.46832701E+000
  0.46832702E+000
  0.46832702E+000
  0.46832702E+000
  0.46832702E+000
  0.46832702E+000
  0.46832702E+000
  0.46832702E+000
  0.46832702E+000
  0.46832702E+000
  0.46832703E+000
  0.46832703E+000
  0.46832703E+000
  0.46832703E+000
  0.46832703E+000
  0.46832703E+000
  0.46832703E+000
  0.46832704E+000
  0.46832704E+000
  0.46832704E+000
  0.46832704E+000
  0.46832704E+000
  0.46832704E+000
  0.46832704E+000
  0.46832705E+000
  0.46832705E+000
  0.46832705E+000
  0.46832705E+000
  0.46832705E+000
  0.46832705E+000
  0.46832706E+000
  0.46832706E+000
  0.46832706E+000
  0.46832706E+000
  0.46832706E+000
  0.46832706E+000
  0.46832707E+000
  0.46832707E+000
  0.46832707E+000
  0.46832707E+000
  0.46832707E+000
  0.46832707E+000
  0.46832708E+000
  0.46832708E+000
  0.46832708E+000
  0.46832708E+000
  0.46832708E+000
  0.46832708E+000
  0.46832708E+000
  0.46832709E+000
  0.46832709E+000
  0.46832709E+000
