  0.49722603E-005
  0.49735101E-005
  0.49745095E-005
  0.49752700E-005
  0.49758208E-005
  0.49761959E-005
  0.49764277E-005
  0.49765451E-005
  0.49765725E-005
  0.49765305E-005
  0.49764359E-005
  0.49763021E-005
  0.49761403E-005
  0.49759593E-005
  0.49757658E-005
  0.49755655E-005
  0.49753626E-005
  0.49751603E-005
  0.49749614E-005
  0.49747676E-005
  0.49745804E-005
  0.49744009E-005
  0.49742299E-005
  0.49740677E-005
  0.49739147E-005
  0.49737710E-005
  0.49736367E-005
  0.49735116E-005
  0.49733956E-005
  0.49732883E-005
  0.49731896E-005
  0.49730991E-005
  0.49730164E-005
  0.49729411E-005
  0.49728727E-005
  0.49728108E-005
  0.49727551E-005
  0.49727049E-005
  0.49726599E-005
  0.49726196E-005
  0.49725836E-005
  0.49725515E-005
  0.49725228E-005
  0.49724972E-005
  0.49724743E-005
  0.49724539E-005
  0.49724355E-005
  0.49724190E-005
  0.49724042E-005
  0.49723908E-005
  0.49723786E-005
  0.49723675E-005
  0.49723574E-005
  0.49723482E-005
  0.49723398E-005
  0.49723320E-005
  0.49723250E-005
  0.49723184E-005
  0.49723125E-005
  0.49723070E-005
  0.49723020E-005
  0.49722974E-005
  0.49722933E-005
  0.49722895E-005
  0.49722861E-005
  0.49722830E-005
  0.49722802E-005
  0.49722777E-005
  0.49722754E-005
  0.49722734E-005
  0.49722716E-005
  0.49722700E-005
  0.49722685E-005
  0.49722673E-005
  0.49722661E-005
  0.49722652E-005
  0.49722643E-005
  0.49722635E-005
  0.49722629E-005
  0.49722623E-005
  0.49722618E-005
  0.49722613E-005
  0.49722609E-005
  0.49722606E-005
  0.49722603E-005
  0.49722601E-005
  0.49722599E-005
  0.49722597E-005
  0.49722595E-005
  0.49722594E-005
  0.49722593E-005
  0.49722592E-005
  0.49722591E-005
  0.49722590E-005
  0.49722589E-005
  0.49722589E-005
  0.49722588E-005
  0.49722588E-005
  0.49722588E-005
  0.49722587E-005
  0.49722587E-005
  0.49722587E-005
  0.49722586E-005
  0.49722586E-005
  0.49722586E-005
  0.49722585E-005
  0.49722585E-005
  0.49722584E-005
  0.49722583E-005
  0.49722582E-005
  0.49722581E-005
  0.49722580E-005
  0.49722578E-005
  0.49722577E-005
  0.49722575E-005
  0.49722574E-005
  0.49722572E-005
  0.49722571E-005
  0.49722569E-005
  0.49722568E-005
  0.49722567E-005
  0.49722567E-005
  0.49722566E-005
  0.49722566E-005
  0.49722567E-005
  0.49722568E-005
  0.49722570E-005
  0.49722572E-005
  0.49722574E-005
  0.49722578E-005
  0.49722581E-005
  0.49722585E-005
  0.49722590E-005
  0.49722594E-005
  0.49722599E-005
  0.49722604E-005
  0.49722609E-005
  0.49722614E-005
  0.49722619E-005
  0.49722623E-005
  0.49722628E-005
  0.49722632E-005
  0.49722636E-005
  0.49722639E-005
  0.49722642E-005
  0.49722644E-005
  0.49722646E-005
  0.49722648E-005
  0.49722649E-005
  0.49722649E-005
  0.49722649E-005
  0.49722648E-005
  0.49722647E-005
  0.49722646E-005
  0.49722644E-005
  0.49722642E-005
  0.49722639E-005
  0.49722636E-005
  0.49722633E-005
  0.49722630E-005
  0.49722626E-005
  0.49722622E-005
  0.49722618E-005
  0.49722614E-005
  0.49722610E-005
  0.49722605E-005
  0.49722601E-005
  0.49722596E-005
  0.49722592E-005
  0.49722587E-005
  0.49722583E-005
  0.49722578E-005
  0.49722574E-005
  0.49722570E-005
  0.49722567E-005
  0.49722563E-005
  0.49722560E-005
  0.49722557E-005
  0.49722554E-005
  0.49722552E-005
  0.49722550E-005
  0.49722548E-005
  0.49722547E-005
  0.49722547E-005
  0.49722546E-005
  0.49722547E-005
  0.49722547E-005
  0.49722549E-005
  0.49722550E-005
  0.49722552E-005
  0.49722555E-005
  0.49722558E-005
  0.49722562E-005
  0.49722567E-005
  0.49722572E-005
  0.49722578E-005
  0.49722586E-005
  0.49722593E-005
  0.49722614E-005
  0.49722625E-005
