  0.44129343E+000
  0.44126904E+000
  0.44124595E+000
  0.44122589E+000
  0.44121406E+000
  0.44119944E+000
  0.44118891E+000
  0.44117968E+000
  0.44117110E+000
  0.44116036E+000
  0.44115727E+000
  0.44114963E+000
  0.44114535E+000
  0.44114077E+000
  0.44113724E+000
  0.44113579E+000
  0.44113338E+000
  0.44113162E+000
  0.44112997E+000
  0.44112846E+000
  0.44112717E+000
  0.44112603E+000
  0.44112357E+000
  0.44112271E+000
  0.44112201E+000
  0.44112136E+000
  0.44112298E+000
  0.44112252E+000
  0.44112209E+000
  0.44112170E+000
  0.44112135E+000
  0.44112104E+000
  0.44112075E+000
  0.44112050E+000
  0.44112029E+000
  0.44112010E+000
  0.44111993E+000
  0.44111978E+000
  0.44111965E+000
  0.44111953E+000
  0.44111942E+000
  0.44111932E+000
  0.44111924E+000
  0.44111916E+000
  0.44111910E+000
  0.44111906E+000
  0.44111901E+000
  0.44111896E+000
  0.44111892E+000
  0.44111889E+000
  0.44111886E+000
  0.44111883E+000
  0.44111881E+000
  0.44111879E+000
  0.44111877E+000
  0.44111875E+000
  0.44111874E+000
  0.44111873E+000
  0.44111872E+000
  0.44111871E+000
  0.44111870E+000
  0.44111870E+000
  0.44111869E+000
  0.44111868E+000
  0.44111868E+000
  0.44111867E+000
  0.44111867E+000
  0.44111866E+000
  0.44111866E+000
  0.44111866E+000
  0.44111865E+000
  0.44111865E+000
  0.44111865E+000
  0.44111864E+000
  0.44111864E+000
  0.44111864E+000
  0.44111863E+000
  0.44111863E+000
  0.44111863E+000
  0.44111862E+000
  0.44111862E+000
  0.44111862E+000
  0.44111861E+000
  0.44111861E+000
  0.44111861E+000
  0.44111858E+000
  0.44111858E+000
  0.44111858E+000
  0.44111858E+000
  0.44111858E+000
  0.44111858E+000
  0.44111858E+000
  0.44111858E+000
  0.44111858E+000
  0.44111858E+000
  0.44111858E+000
  0.44111858E+000
  0.44111858E+000
  0.44111858E+000
  0.44111858E+000
  0.44111859E+000
  0.44111859E+000
  0.44111860E+000
  0.44111860E+000
  0.44111861E+000
  0.44111862E+000
  0.44111863E+000
  0.44111864E+000
  0.44111865E+000
  0.44111866E+000
  0.44111868E+000
  0.44111869E+000
  0.44111871E+000
  0.44111874E+000
  0.44111876E+000
  0.44111879E+000
  0.44111882E+000
  0.44111885E+000
  0.44111889E+000
  0.44111893E+000
  0.44111898E+000
  0.44111905E+000
  0.44111910E+000
  0.44111916E+000
  0.44111921E+000
  0.44111927E+000
  0.44111934E+000
  0.44111940E+000
  0.44111947E+000
  0.44111953E+000
  0.44111960E+000
  0.44111967E+000
  0.44111973E+000
  0.44111980E+000
  0.44111986E+000
  0.44111992E+000
  0.44111997E+000
  0.44112003E+000
  0.44112007E+000
  0.44112012E+000
  0.44112015E+000
  0.44112019E+000
  0.44112021E+000
  0.44112023E+000
  0.44112025E+000
  0.44112026E+000
  0.44112026E+000
  0.44112026E+000
  0.44112025E+000
  0.44112023E+000
  0.44112021E+000
  0.44112019E+000
  0.44112016E+000
  0.44112010E+000
  0.44112006E+000
  0.44112002E+000
  0.44111998E+000
  0.44111993E+000
  0.44111988E+000
  0.44111983E+000
  0.44111978E+000
  0.44111967E+000
  0.44111962E+000
  0.44111957E+000
  0.44111952E+000
  0.44111948E+000
  0.44111943E+000
  0.44111939E+000
  0.44111934E+000
  0.44111930E+000
  0.44111926E+000
  0.44111923E+000
  0.44111920E+000
  0.44111917E+000
  0.44111914E+000
  0.44111912E+000
  0.44111910E+000
  0.44111908E+000
  0.44111906E+000
  0.44111905E+000
  0.44111904E+000
  0.44111910E+000
  0.44111909E+000
  0.44111909E+000
  0.44111909E+000
  0.44111910E+000
  0.44111910E+000
  0.44111911E+000
  0.44111911E+000
  0.44111912E+000
  0.44111913E+000
  0.44111916E+000
  0.44111917E+000
  0.44111917E+000
  0.44111918E+000
  0.44111918E+000
  0.44111919E+000
  0.44111918E+000
  0.44111922E+000
  0.44111916E+000
