  0.99188154E+000
  0.99187458E+000
  0.99186911E+000
  0.99186487E+000
  0.99186164E+000
  0.99185924E+000
  0.99185752E+000
  0.99185635E+000
  0.99185563E+000
  0.99185526E+000
  0.99185518E+000
  0.99185534E+000
  0.99185569E+000
  0.99185619E+000
  0.99185681E+000
  0.99185751E+000
  0.99185829E+000
  0.99185911E+000
  0.99185997E+000
  0.99186084E+000
  0.99186173E+000
  0.99186262E+000
  0.99186351E+000
  0.99186438E+000
  0.99186524E+000
  0.99186608E+000
  0.99186690E+000
  0.99186770E+000
  0.99186847E+000
  0.99186922E+000
  0.99186994E+000
  0.99187063E+000
  0.99187129E+000
  0.99187192E+000
  0.99187252E+000
  0.99187310E+000
  0.99187365E+000
  0.99187417E+000
  0.99187466E+000
  0.99187512E+000
  0.99187556E+000
  0.99187598E+000
  0.99187637E+000
  0.99187674E+000
  0.99187708E+000
  0.99187741E+000
  0.99187771E+000
  0.99187800E+000
  0.99187827E+000
  0.99187852E+000
  0.99187875E+000
  0.99187897E+000
  0.99187918E+000
  0.99187937E+000
  0.99187954E+000
  0.99187971E+000
  0.99187986E+000
  0.99188001E+000
  0.99188014E+000
  0.99188026E+000
  0.99188037E+000
  0.99188048E+000
  0.99188057E+000
  0.99188066E+000
  0.99188074E+000
  0.99188082E+000
  0.99188089E+000
  0.99188095E+000
  0.99188100E+000
  0.99188106E+000
  0.99188110E+000
  0.99188115E+000
  0.99188118E+000
  0.99188122E+000
  0.99188125E+000
  0.99188128E+000
  0.99188130E+000
  0.99188132E+000
  0.99188134E+000
  0.99188136E+000
  0.99188138E+000
  0.99188139E+000
  0.99188140E+000
  0.99188141E+000
  0.99188142E+000
  0.99188143E+000
  0.99188144E+000
  0.99188145E+000
  0.99188145E+000
  0.99188146E+000
  0.99188146E+000
  0.99188146E+000
  0.99188147E+000
  0.99188147E+000
  0.99188147E+000
  0.99188147E+000
  0.99188147E+000
  0.99188148E+000
  0.99188148E+000
  0.99188148E+000
  0.99188148E+000
  0.99188148E+000
  0.99188148E+000
  0.99188148E+000
  0.99188148E+000
  0.99188148E+000
  0.99188148E+000
  0.99188148E+000
  0.99188148E+000
  0.99188148E+000
  0.99188148E+000
  0.99188148E+000
  0.99188148E+000
  0.99188149E+000
  0.99188149E+000
  0.99188149E+000
  0.99188149E+000
  0.99188149E+000
  0.99188149E+000
  0.99188149E+000
  0.99188149E+000
  0.99188150E+000
  0.99188150E+000
  0.99188150E+000
  0.99188149E+000
  0.99188149E+000
  0.99188149E+000
  0.99188149E+000
  0.99188148E+000
  0.99188148E+000
  0.99188148E+000
  0.99188147E+000
  0.99188146E+000
  0.99188146E+000
  0.99188145E+000
  0.99188144E+000
  0.99188144E+000
  0.99188143E+000
  0.99188142E+000
  0.99188141E+000
  0.99188140E+000
  0.99188140E+000
  0.99188139E+000
  0.99188138E+000
  0.99188138E+000
  0.99188137E+000
  0.99188137E+000
  0.99188136E+000
  0.99188136E+000
  0.99188136E+000
  0.99188136E+000
  0.99188135E+000
  0.99188135E+000
  0.99188135E+000
  0.99188136E+000
  0.99188136E+000
  0.99188136E+000
  0.99188136E+000
  0.99188137E+000
  0.99188137E+000
  0.99188137E+000
  0.99188138E+000
  0.99188138E+000
  0.99188139E+000
  0.99188140E+000
  0.99188140E+000
  0.99188141E+000
  0.99188142E+000
  0.99188142E+000
  0.99188143E+000
  0.99188144E+000
  0.99188145E+000
  0.99188146E+000
  0.99188146E+000
  0.99188147E+000
  0.99188148E+000
  0.99188149E+000
  0.99188150E+000
  0.99188150E+000
  0.99188151E+000
  0.99188152E+000
  0.99188152E+000
  0.99188153E+000
  0.99188154E+000
  0.99188154E+000
  0.99188155E+000
  0.99188155E+000
  0.99188156E+000
  0.99188156E+000
  0.99188156E+000
  0.99188156E+000
  0.99188157E+000
  0.99188157E+000
  0.99188157E+000
  0.99188156E+000
  0.99188156E+000
  0.99188155E+000
  0.99188154E+000
  0.99188152E+000
  0.99188149E+000
