  0.48000000E-001
  0.48000000E-001
  0.48113437E-001
  0.48112683E-001
  0.48111933E-001
  0.48111187E-001
  0.48110444E-001
  0.48109704E-001
  0.48108967E-001
  0.48108230E-001
  0.48107494E-001
  0.48106759E-001
  0.48106022E-001
  0.48105283E-001
  0.48104541E-001
  0.48103795E-001
  0.48103045E-001
  0.48102288E-001
  0.48101525E-001
  0.48100753E-001
  0.48099971E-001
  0.48099179E-001
  0.48098376E-001
  0.48097559E-001
  0.48096729E-001
  0.48095883E-001
  0.48095021E-001
  0.48094141E-001
  0.48093243E-001
  0.48092324E-001
  0.48091385E-001
  0.48090423E-001
  0.48089438E-001
  0.48088430E-001
  0.48087396E-001
  0.48086336E-001
  0.48085250E-001
  0.48084136E-001
  0.48082994E-001
  0.48081824E-001
  0.48080624E-001
  0.48079395E-001
  0.48078136E-001
  0.48076848E-001
  0.48075529E-001
  0.48074181E-001
  0.48072803E-001
  0.48071397E-001
  0.48069961E-001
  0.48068498E-001
  0.48067008E-001
  0.48065492E-001
  0.48063951E-001
  0.48062386E-001
  0.48060799E-001
  0.48059192E-001
  0.48057566E-001
  0.48055923E-001
  0.48054265E-001
  0.48052595E-001
  0.48050914E-001
  0.48049226E-001
  0.48047533E-001
  0.48045837E-001
  0.48044141E-001
  0.48042448E-001
  0.48040761E-001
  0.48039083E-001
  0.48037417E-001
  0.48035765E-001
  0.48034132E-001
  0.48032519E-001
  0.48030929E-001
  0.48029366E-001
  0.48027832E-001
  0.48026330E-001
  0.48024862E-001
  0.48023430E-001
  0.48022038E-001
  0.48020686E-001
  0.48019377E-001
  0.48018112E-001
  0.48016893E-001
  0.48015722E-001
  0.48014598E-001
  0.48013523E-001
  0.48012498E-001
  0.48011522E-001
  0.48010597E-001
  0.48009721E-001
  0.48008894E-001
  0.48008116E-001
  0.48007387E-001
  0.48006705E-001
  0.48006068E-001
  0.48005476E-001
  0.48004928E-001
  0.48004422E-001
  0.48003955E-001
  0.48003527E-001
  0.48003135E-001
  0.48002778E-001
  0.48002454E-001
  0.48002160E-001
  0.48001895E-001
  0.48001657E-001
  0.48001444E-001
  0.48001253E-001
  0.48001084E-001
  0.48000934E-001
  0.48000802E-001
  0.48000686E-001
  0.48000585E-001
  0.48000496E-001
  0.48000419E-001
  0.48000353E-001
  0.48000296E-001
  0.48000247E-001
  0.48000206E-001
  0.48000170E-001
  0.48000140E-001
  0.48000115E-001
  0.48000094E-001
  0.48000077E-001
  0.48000062E-001
  0.48000050E-001
  0.48000040E-001
  0.48000032E-001
  0.48000026E-001
  0.48000020E-001
  0.48000016E-001
  0.48000013E-001
  0.48000010E-001
  0.48000008E-001
  0.48000006E-001
  0.48000005E-001
  0.48000004E-001
  0.48000003E-001
  0.48000002E-001
  0.48000002E-001
  0.48000001E-001
  0.48000001E-001
  0.48000001E-001
  0.48000001E-001
  0.48000001E-001
  0.48000001E-001
  0.48000001E-001
  0.48000001E-001
  0.48000000E-001
  0.48000000E-001
  0.48000000E-001
  0.48000000E-001
  0.48000000E-001
  0.48000000E-001
  0.48000000E-001
  0.48000000E-001
  0.48000000E-001
  0.48000000E-001
  0.48000000E-001
  0.48000000E-001
  0.48000000E-001
  0.48000000E-001
  0.48000000E-001
  0.48000000E-001
  0.48000000E-001
  0.48000000E-001
  0.48000000E-001
  0.48000000E-001
  0.48000000E-001
  0.48000000E-001
  0.48000000E-001
  0.48000000E-001
  0.48000000E-001
  0.48000000E-001
  0.48000000E-001
  0.48000000E-001
  0.48000000E-001
  0.48000000E-001
  0.48000000E-001
  0.48000000E-001
  0.48000000E-001
  0.48000000E-001
  0.48000000E-001
  0.48000000E-001
  0.48000000E-001
  0.48000000E-001
  0.48000000E-001
  0.48000000E-001
  0.48000000E-001
  0.48000000E-001
  0.48000000E-001
  0.48000000E-001
  0.48000000E-001
  0.48000000E-001
  0.48000000E-001
  0.48000000E-001
  0.48000000E-001
  0.48000000E-001
  0.48000000E-001
  0.48000000E-001
