  0.00000000E+000  0.00000000E+000  0.00000000E+000  0.00000000E+000  0.00000000E+000  0.00000000E+000  0.97317321E+001  0.38093625E+002  0.66893468E+002  0.10854472E+003  0.13810448E+003
  0.00000000E+000  0.00000000E+000  0.00000000E+000  0.00000000E+000  0.00000000E+000  0.00000000E+000  0.97321657E+001  0.38094161E+002  0.66894057E+002  0.10854539E+003  0.13810512E+003
  0.00000000E+000  0.00000000E+000  0.00000000E+000  0.00000000E+000  0.00000000E+000  0.00000000E+000  0.97325382E+001  0.38094603E+002  0.66894533E+002  0.10854593E+003  0.13810561E+003
  0.00000000E+000  0.00000000E+000  0.00000000E+000  0.00000000E+000  0.00000000E+000  0.00000000E+000  0.97328520E+001  0.38094971E+002  0.66894928E+002  0.10854637E+003  0.13810603E+003
  0.00000000E+000  0.00000000E+000  0.00000000E+000  0.00000000E+000  0.00000000E+000  0.00000000E+000  0.97331174E+001  0.38095283E+002  0.66895261E+002  0.10854675E+003  0.13810637E+003
  0.00000000E+000  0.00000000E+000  0.00000000E+000  0.00000000E+000  0.00000000E+000  0.00000000E+000  0.97333428E+001  0.38095548E+002  0.66895544E+002  0.10854706E+003  0.13810666E+003
  0.00000000E+000  0.00000000E+000  0.00000000E+000  0.00000000E+000  0.00000000E+000  0.00000000E+000  0.97335346E+001  0.38095776E+002  0.66895786E+002  0.10854733E+003  0.13810691E+003
  0.00000000E+000  0.00000000E+000  0.00000000E+000  0.00000000E+000  0.00000000E+000  0.00000000E+000  0.97336982E+001  0.38095971E+002  0.66895993E+002  0.10854756E+003  0.13810712E+003
  0.00000000E+000  0.00000000E+000  0.00000000E+000  0.00000000E+000  0.00000000E+000  0.00000000E+000  0.97338379E+001  0.38096138E+002  0.66896171E+002  0.10854776E+003  0.13810730E+003
  0.00000000E+000  0.00000000E+000  0.00000000E+000  0.00000000E+000  0.00000000E+000  0.00000000E+000  0.97339572E+001  0.38096283E+002  0.66896324E+002  0.10854793E+003  0.13810745E+003
  0.00000000E+000  0.00000000E+000  0.00000000E+000  0.00000000E+000  0.00000000E+000  0.00000000E+000  0.97340594E+001  0.38096409E+002  0.66896457E+002  0.10854808E+003  0.13810759E+003
  0.00000000E+000  0.00000000E+000  0.00000000E+000  0.00000000E+000  0.00000000E+000  0.00000000E+000  0.97341467E+001  0.38096519E+002  0.66896572E+002  0.10854820E+003  0.13810770E+003
  0.00000000E+000  0.00000000E+000  0.00000000E+000  0.00000000E+000  0.00000000E+000  0.00000000E+000  0.97342215E+001  0.38096614E+002  0.66896672E+002  0.10854831E+003  0.13810780E+003
  0.00000000E+000  0.00000000E+000  0.00000000E+000  0.00000000E+000  0.00000000E+000  0.00000000E+000  0.97342854E+001  0.38096698E+002  0.66896760E+002  0.10854841E+003  0.13810789E+003
  0.00000000E+000  0.00000000E+000  0.00000000E+000  0.00000000E+000  0.00000000E+000  0.00000000E+000  0.97343399E+001  0.38096771E+002  0.66896837E+002  0.10854849E+003  0.13810796E+003
  0.00000000E+000  0.00000000E+000  0.00000000E+000  0.00000000E+000  0.00000000E+000  0.00000000E+000  0.97343863E+001  0.38096836E+002  0.66896905E+002  0.10854856E+003  0.13810803E+003
  0.00000000E+000  0.00000000E+000  0.00000000E+000  0.00000000E+000  0.00000000E+000  0.00000000E+000  0.97344256E+001  0.38096893E+002  0.66896965E+002  0.10854863E+003  0.13810808E+003
  0.00000000E+000  0.00000000E+000  0.00000000E+000  0.00000000E+000  0.00000000E+000  0.00000000E+000  0.97344587E+001  0.38096944E+002  0.66897018E+002  0.10854868E+003  0.13810813E+003
  0.00000000E+000  0.00000000E+000  0.00000000E+000  0.00000000E+000  0.00000000E+000  0.00000000E+000  0.97344864E+001  0.38096989E+002  0.66897065E+002  0.10854873E+003  0.13810818E+003
  0.00000000E+000  0.00000000E+000  0.00000000E+000  0.00000000E+000  0.00000000E+000  0.00000000E+000  0.97345092E+001  0.38097029E+002  0.66897107E+002  0.10854878E+003  0.13810822E+003
  0.00000000E+000  0.00000000E+000  0.00000000E+000  0.00000000E+000  0.00000000E+000  0.00000000E+000  0.97345278E+001  0.38097065E+002  0.66897145E+002  0.10854882E+003  0.13810825E+003
  0.00000000E+000  0.00000000E+000  0.00000000E+000  0.00000000E+000  0.00000000E+000  0.00000000E+000  0.97345426E+001  0.38097097E+002  0.66897179E+002  0.10854885E+003  0.13810828E+003
  0.00000000E+000  0.00000000E+000  0.00000000E+000  0.00000000E+000  0.00000000E+000  0.00000000E+000  0.97345541E+001  0.38097126E+002  0.66897210E+002  0.10854888E+003  0.13810831E+003
  0.00000000E+000  0.00000000E+000  0.00000000E+000  0.00000000E+000  0.00000000E+000  0.00000000E+000  0.97345625E+001  0.38097152E+002  0.66897238E+002  0.10854891E+003  0.13810833E+003
  0.00000000E+000  0.00000000E+000  0.00000000E+000  0.00000000E+000  0.00000000E+000  0.00000000E+000  0.97345681E+001  0.38097175E+002  0.66897263E+002  0.10854894E+003  0.13810835E+003
  0.00000000E+000  0.00000000E+000  0.00000000E+000  0.00000000E+000  0.00000000E+000  0.00000000E+000  0.97345713E+001  0.38097196E+002  0.66897286E+002  0.10854896E+003  0.13810837E+003
  0.00000000E+000  0.00000000E+000  0.00000000E+000  0.00000000E+000  0.00000000E+000  0.00000000E+000  0.97345722E+001  0.38097216E+002  0.66897307E+002  0.10854898E+003  0.13810839E+003
  0.00000000E+000  0.00000000E+000  0.00000000E+000  0.00000000E+000  0.00000000E+000  0.00000000E+000  0.97345711E+001  0.38097233E+002  0.66897326E+002  0.10854900E+003  0.13810841E+003
  0.00000000E+000  0.00000000E+000  0.00000000E+000  0.00000000E+000  0.00000000E+000  0.00000000E+000  0.97345682E+001  0.38097249E+002  0.66897344E+002  0.10854902E+003  0.13810842E+003
  0.00000000E+000  0.00000000E+000  0.00000000E+000  0.00000000E+000  0.00000000E+000  0.00000000E+000  0.97345635E+001  0.38097264E+002  0.66897361E+002  0.10854904E+003  0.13810844E+003
  0.00000000E+000  0.00000000E+000  0.00000000E+000  0.00000000E+000  0.00000000E+000  0.00000000E+000  0.97345573E+001  0.38097277E+002  0.66897377E+002  0.10854905E+003  0.13810845E+003
  0.00000000E+000  0.00000000E+000  0.00000000E+000  0.00000000E+000  0.00000000E+000  0.00000000E+000  0.97345496E+001  0.38097290E+002  0.66897392E+002  0.10854907E+003  0.13810846E+003
  0.00000000E+000  0.00000000E+000  0.00000000E+000  0.00000000E+000  0.00000000E+000  0.00000000E+000  0.97345406E+001  0.38097301E+002  0.66897406E+002  0.10854908E+003  0.13810847E+003
  0.00000000E+000  0.00000000E+000  0.00000000E+000  0.00000000E+000  0.00000000E+000  0.00000000E+000  0.97345304E+001  0.38097312E+002  0.66897420E+002  0.10854910E+003  0.13810848E+003
  0.00000000E+000  0.00000000E+000  0.00000000E+000  0.00000000E+000  0.00000000E+000  0.00000000E+000  0.97345191E+001  0.38097322E+002  0.66897432E+002  0.10854911E+003  0.13810849E+003
  0.00000000E+000  0.00000000E+000  0.00000000E+000  0.00000000E+000  0.00000000E+000  0.00000000E+000  0.97345067E+001  0.38097332E+002  0.66897445E+002  0.10854912E+003  0.13810850E+003
  0.00000000E+000  0.00000000E+000  0.00000000E+000  0.00000000E+000  0.00000000E+000  0.00000000E+000  0.97344934E+001  0.38097341E+002  0.66897457E+002  0.10854914E+003  0.13810851E+003
  0.00000000E+000  0.00000000E+000  0.00000000E+000  0.00000000E+000  0.00000000E+000  0.00000000E+000  0.97344791E+001  0.38097350E+002  0.66897469E+002  0.10854915E+003  0.13810852E+003
  0.00000000E+000  0.00000000E+000  0.00000000E+000  0.00000000E+000  0.00000000E+000  0.00000000E+000  0.97344640E+001  0.38097359E+002  0.66897481E+002  0.10854916E+003  0.13810853E+003
  0.00000000E+000  0.00000000E+000  0.00000000E+000  0.00000000E+000  0.00000000E+000  0.00000000E+000  0.97344481E+001  0.38097367E+002  0.66897492E+002  0.10854917E+003  0.13810853E+003
  0.00000000E+000  0.00000000E+000  0.00000000E+000  0.00000000E+000  0.00000000E+000  0.00000000E+000  0.97344314E+001  0.38097375E+002  0.66897503E+002  0.10854919E+003  0.13810854E+003
  0.00000000E+000  0.00000000E+000  0.00000000E+000  0.00000000E+000  0.00000000E+000  0.00000000E+000  0.97344141E+001  0.38097383E+002  0.66897514E+002  0.10854920E+003  0.13810855E+003
  0.00000000E+000  0.00000000E+000  0.00000000E+000  0.00000000E+000  0.00000000E+000  0.00000000E+000  0.97343961E+001  0.38097390E+002  0.66897525E+002  0.10854921E+003  0.13810856E+003
  0.00000000E+000  0.00000000E+000  0.00000000E+000  0.00000000E+000  0.00000000E+000  0.00000000E+000  0.97343774E+001  0.38097397E+002  0.66897535E+002  0.10854922E+003  0.13810857E+003
  0.00000000E+000  0.00000000E+000  0.00000000E+000  0.00000000E+000  0.00000000E+000  0.00000000E+000  0.97343582E+001  0.38097404E+002  0.66897546E+002  0.10854923E+003  0.13810857E+003
  0.00000000E+000  0.00000000E+000  0.00000000E+000  0.00000000E+000  0.00000000E+000  0.00000000E+000  0.97343385E+001  0.38097411E+002  0.66897556E+002  0.10854924E+003  0.13810858E+003
  0.00000000E+000  0.00000000E+000  0.00000000E+000  0.00000000E+000  0.00000000E+000  0.00000000E+000  0.97343182E+001  0.38097418E+002  0.66897566E+002  0.10854926E+003  0.13810859E+003
  0.00000000E+000  0.00000000E+000  0.00000000E+000  0.00000000E+000  0.00000000E+000  0.00000000E+000  0.97342975E+001  0.38097424E+002  0.66897576E+002  0.10854927E+003  0.13810859E+003
  0.00000000E+000  0.00000000E+000  0.00000000E+000  0.00000000E+000  0.00000000E+000  0.00000000E+000  0.97342763E+001  0.38097430E+002  0.66897586E+002  0.10854928E+003  0.13810860E+003
  0.00000000E+000  0.00000000E+000  0.00000000E+000  0.00000000E+000  0.00000000E+000  0.00000000E+000  0.97342546E+001  0.38097435E+002  0.66897596E+002  0.10854929E+003  0.13810861E+003
  0.00000000E+000  0.00000000E+000  0.00000000E+000  0.00000000E+000  0.00000000E+000  0.00000000E+000  0.97342326E+001  0.38097441E+002  0.66897605E+002  0.10854930E+003  0.13810861E+003
  0.00000000E+000  0.00000000E+000  0.00000000E+000  0.00000000E+000  0.00000000E+000  0.00000000E+000  0.97342102E+001  0.38097446E+002  0.66897614E+002  0.10854931E+003  0.13810862E+003
  0.00000000E+000  0.00000000E+000  0.00000000E+000  0.00000000E+000  0.00000000E+000  0.00000000E+000  0.97341874E+001  0.38097450E+002  0.66897623E+002  0.10854932E+003  0.13810863E+003
  0.00000000E+000  0.00000000E+000  0.00000000E+000  0.00000000E+000  0.00000000E+000  0.00000000E+000  0.97341643E+001  0.38097454E+002  0.66897631E+002  0.10854933E+003  0.13810863E+003
  0.00000000E+000  0.00000000E+000  0.00000000E+000  0.00000000E+000  0.00000000E+000  0.00000000E+000  0.97341409E+001  0.38097457E+002  0.66897639E+002  0.10854934E+003  0.13810864E+003
  0.00000000E+000  0.00000000E+000  0.00000000E+000  0.00000000E+000  0.00000000E+000  0.00000000E+000  0.97341172E+001  0.38097460E+002  0.66897647E+002  0.10854935E+003  0.13810864E+003
  0.00000000E+000  0.00000000E+000  0.00000000E+000  0.00000000E+000  0.00000000E+000  0.00000000E+000  0.97340932E+001  0.38097463E+002  0.66897654E+002  0.10854936E+003  0.13810864E+003
  0.00000000E+000  0.00000000E+000  0.00000000E+000  0.00000000E+000  0.00000000E+000  0.00000000E+000  0.97340689E+001  0.38097464E+002  0.66897660E+002  0.10854937E+003  0.13810865E+003
  0.00000000E+000  0.00000000E+000  0.00000000E+000  0.00000000E+000  0.00000000E+000  0.00000000E+000  0.97340445E+001  0.38097465E+002  0.66897667E+002  0.10854938E+003  0.13810865E+003
  0.00000000E+000  0.00000000E+000  0.00000000E+000  0.00000000E+000  0.00000000E+000  0.00000000E+000  0.97340198E+001  0.38097465E+002  0.66897673E+002  0.10854939E+003  0.13810866E+003
  0.00000000E+000  0.00000000E+000  0.00000000E+000  0.00000000E+000  0.00000000E+000  0.00000000E+000  0.97339949E+001  0.38097465E+002  0.66897678E+002  0.10854940E+003  0.13810866E+003
  0.00000000E+000  0.00000000E+000  0.00000000E+000  0.00000000E+000  0.00000000E+000  0.00000000E+000  0.97339698E+001  0.38097463E+002  0.66897683E+002  0.10854940E+003  0.13810866E+003
  0.00000000E+000  0.00000000E+000  0.00000000E+000  0.00000000E+000  0.00000000E+000  0.00000000E+000  0.97339445E+001  0.38097461E+002  0.66897687E+002  0.10854941E+003  0.13810866E+003
  0.00000000E+000  0.00000000E+000  0.00000000E+000  0.00000000E+000  0.00000000E+000  0.00000000E+000  0.97339190E+001  0.38097457E+002  0.66897690E+002  0.10854942E+003  0.13810866E+003
  0.00000000E+000  0.00000000E+000  0.00000000E+000  0.00000000E+000  0.00000000E+000  0.00000000E+000  0.97338934E+001  0.38097453E+002  0.66897693E+002  0.10854942E+003  0.13810866E+003
  0.00000000E+000  0.00000000E+000  0.00000000E+000  0.00000000E+000  0.00000000E+000  0.00000000E+000  0.97338676E+001  0.38097447E+002  0.66897696E+002  0.10854943E+003  0.13810866E+003
  0.00000000E+000  0.00000000E+000  0.00000000E+000  0.00000000E+000  0.00000000E+000  0.00000000E+000  0.97338417E+001  0.38097441E+002  0.66897697E+002  0.10854943E+003  0.13810866E+003
  0.00000000E+000  0.00000000E+000  0.00000000E+000  0.00000000E+000  0.00000000E+000  0.00000000E+000  0.97338156E+001  0.38097433E+002  0.66897698E+002  0.10854944E+003  0.13810866E+003
  0.00000000E+000  0.00000000E+000  0.00000000E+000  0.00000000E+000  0.00000000E+000  0.00000000E+000  0.97337894E+001  0.38097424E+002  0.66897699E+002  0.10854944E+003  0.13810866E+003
  0.00000000E+000  0.00000000E+000  0.00000000E+000  0.00000000E+000  0.00000000E+000  0.00000000E+000  0.97337631E+001  0.38097414E+002  0.66897698E+002  0.10854944E+003  0.13810866E+003
  0.00000000E+000  0.00000000E+000  0.00000000E+000  0.00000000E+000  0.00000000E+000  0.00000000E+000  0.97337367E+001  0.38097403E+002  0.66897697E+002  0.10854945E+003  0.13810866E+003
  0.00000000E+000  0.00000000E+000  0.00000000E+000  0.00000000E+000  0.00000000E+000  0.00000000E+000  0.97337101E+001  0.38097391E+002  0.66897694E+002  0.10854945E+003  0.13810865E+003
  0.00000000E+000  0.00000000E+000  0.00000000E+000  0.00000000E+000  0.00000000E+000  0.00000000E+000  0.97336835E+001  0.38097377E+002  0.66897691E+002  0.10854945E+003  0.13810865E+003
  0.00000000E+000  0.00000000E+000  0.00000000E+000  0.00000000E+000  0.00000000E+000  0.00000000E+000  0.97336567E+001  0.38097363E+002  0.66897688E+002  0.10854945E+003  0.13810865E+003
  0.00000000E+000  0.00000000E+000  0.00000000E+000  0.00000000E+000  0.00000000E+000  0.00000000E+000  0.97336298E+001  0.38097347E+002  0.66897683E+002  0.10854945E+003  0.13810864E+003
  0.00000000E+000  0.00000000E+000  0.00000000E+000  0.00000000E+000  0.00000000E+000  0.00000000E+000  0.97336028E+001  0.38097330E+002  0.66897677E+002  0.10854945E+003  0.13810864E+003
  0.00000000E+000  0.00000000E+000  0.00000000E+000  0.00000000E+000  0.00000000E+000  0.00000000E+000  0.97335756E+001  0.38097311E+002  0.66897670E+002  0.10854945E+003  0.13810863E+003
  0.00000000E+000  0.00000000E+000  0.00000000E+000  0.00000000E+000  0.00000000E+000  0.00000000E+000  0.97335484E+001  0.38097292E+002  0.66897663E+002  0.10854945E+003  0.13810863E+003
  0.00000000E+000  0.00000000E+000  0.00000000E+000  0.00000000E+000  0.00000000E+000  0.00000000E+000  0.97335209E+001  0.38097271E+002  0.66897654E+002  0.10854945E+003  0.13810862E+003
  0.00000000E+000  0.00000000E+000  0.00000000E+000  0.00000000E+000  0.00000000E+000  0.00000000E+000  0.97334934E+001  0.38097249E+002  0.66897644E+002  0.10854944E+003  0.13810861E+003
  0.00000000E+000  0.00000000E+000  0.00000000E+000  0.00000000E+000  0.00000000E+000  0.00000000E+000  0.97334657E+001  0.38097226E+002  0.66897634E+002  0.10854944E+003  0.13810861E+003
  0.00000000E+000  0.00000000E+000  0.00000000E+000  0.00000000E+000  0.00000000E+000  0.00000000E+000  0.97334378E+001  0.38097202E+002  0.66897622E+002  0.10854944E+003  0.13810860E+003
  0.00000000E+000  0.00000000E+000  0.00000000E+000  0.00000000E+000  0.00000000E+000  0.00000000E+000  0.97334098E+001  0.38097177E+002  0.66897609E+002  0.10854943E+003  0.13810859E+003
  0.00000000E+000  0.00000000E+000  0.00000000E+000  0.00000000E+000  0.00000000E+000  0.00000000E+000  0.97333816E+001  0.38097151E+002  0.66897596E+002  0.10854943E+003  0.13810858E+003
  0.00000000E+000  0.00000000E+000  0.00000000E+000  0.00000000E+000  0.00000000E+000  0.00000000E+000  0.97333532E+001  0.38097124E+002  0.66897581E+002  0.10854942E+003  0.13810858E+003
  0.00000000E+000  0.00000000E+000  0.00000000E+000  0.00000000E+000  0.00000000E+000  0.00000000E+000  0.97333246E+001  0.38097095E+002  0.66897566E+002  0.10854942E+003  0.13810857E+003
  0.00000000E+000  0.00000000E+000  0.00000000E+000  0.00000000E+000  0.00000000E+000  0.00000000E+000  0.97332959E+001  0.38097066E+002  0.66897549E+002  0.10854941E+003  0.13810856E+003
  0.00000000E+000  0.00000000E+000  0.00000000E+000  0.00000000E+000  0.00000000E+000  0.00000000E+000  0.97332669E+001  0.38097036E+002  0.66897531E+002  0.10854940E+003  0.13810855E+003
  0.00000000E+000  0.00000000E+000  0.00000000E+000  0.00000000E+000  0.00000000E+000  0.00000000E+000  0.97332378E+001  0.38097005E+002  0.66897513E+002  0.10854940E+003  0.13810854E+003
  0.00000000E+000  0.00000000E+000  0.00000000E+000  0.00000000E+000  0.00000000E+000  0.00000000E+000  0.97332086E+001  0.38096973E+002  0.66897493E+002  0.10854939E+003  0.13810853E+003
  0.00000000E+000  0.00000000E+000  0.00000000E+000  0.00000000E+000  0.00000000E+000  0.00000000E+000  0.97331792E+001  0.38096940E+002  0.66897473E+002  0.10854938E+003  0.13810852E+003
  0.00000000E+000  0.00000000E+000  0.00000000E+000  0.00000000E+000  0.00000000E+000  0.00000000E+000  0.97331496E+001  0.38096906E+002  0.66897451E+002  0.10854937E+003  0.13810851E+003
  0.00000000E+000  0.00000000E+000  0.00000000E+000  0.00000000E+000  0.00000000E+000  0.00000000E+000  0.97331200E+001  0.38096872E+002  0.66897429E+002  0.10854936E+003  0.13810850E+003
  0.00000000E+000  0.00000000E+000  0.00000000E+000  0.00000000E+000  0.00000000E+000  0.00000000E+000  0.97330903E+001  0.38096836E+002  0.66897405E+002  0.10854935E+003  0.13810849E+003
  0.00000000E+000  0.00000000E+000  0.00000000E+000  0.00000000E+000  0.00000000E+000  0.00000000E+000  0.97330605E+001  0.38096800E+002  0.66897381E+002  0.10854934E+003  0.13810848E+003
  0.00000000E+000  0.00000000E+000  0.00000000E+000  0.00000000E+000  0.00000000E+000  0.00000000E+000  0.97330306E+001  0.38096763E+002  0.66897356E+002  0.10854932E+003  0.13810847E+003
  0.00000000E+000  0.00000000E+000  0.00000000E+000  0.00000000E+000  0.00000000E+000  0.00000000E+000  0.97330008E+001  0.38096726E+002  0.66897330E+002  0.10854931E+003  0.13810846E+003
  0.00000000E+000  0.00000000E+000  0.00000000E+000  0.00000000E+000  0.00000000E+000  0.00000000E+000  0.97329710E+001  0.38096688E+002  0.66897303E+002  0.10854930E+003  0.13810845E+003
  0.00000000E+000  0.00000000E+000  0.00000000E+000  0.00000000E+000  0.00000000E+000  0.00000000E+000  0.97329412E+001  0.38096649E+002  0.66897275E+002  0.10854928E+003  0.13810843E+003
  0.00000000E+000  0.00000000E+000  0.00000000E+000  0.00000000E+000  0.00000000E+000  0.00000000E+000  0.97329116E+001  0.38096610E+002  0.66897246E+002  0.10854927E+003  0.13810842E+003
  0.00000000E+000  0.00000000E+000  0.00000000E+000  0.00000000E+000  0.00000000E+000  0.00000000E+000  0.97328821E+001  0.38096571E+002  0.66897217E+002  0.10854925E+003  0.13810841E+003
  0.00000000E+000  0.00000000E+000  0.00000000E+000  0.00000000E+000  0.00000000E+000  0.00000000E+000  0.97328527E+001  0.38096530E+002  0.66897186E+002  0.10854924E+003  0.13810840E+003
  0.00000000E+000  0.00000000E+000  0.00000000E+000  0.00000000E+000  0.00000000E+000  0.00000000E+000  0.97328236E+001  0.38096490E+002  0.66897155E+002  0.10854922E+003  0.13810838E+003
  0.00000000E+000  0.00000000E+000  0.00000000E+000  0.00000000E+000  0.00000000E+000  0.00000000E+000  0.97327947E+001  0.38096449E+002  0.66897123E+002  0.10854920E+003  0.13810837E+003
  0.00000000E+000  0.00000000E+000  0.00000000E+000  0.00000000E+000  0.00000000E+000  0.00000000E+000  0.97327661E+001  0.38096408E+002  0.66897091E+002  0.10854918E+003  0.13810836E+003
  0.00000000E+000  0.00000000E+000  0.00000000E+000  0.00000000E+000  0.00000000E+000  0.00000000E+000  0.97327378E+001  0.38096366E+002  0.66897057E+002  0.10854917E+003  0.13810834E+003
  0.00000000E+000  0.00000000E+000  0.00000000E+000  0.00000000E+000  0.00000000E+000  0.00000000E+000  0.97327098E+001  0.38096324E+002  0.66897023E+002  0.10854915E+003  0.13810833E+003
  0.00000000E+000  0.00000000E+000  0.00000000E+000  0.00000000E+000  0.00000000E+000  0.00000000E+000  0.97326822E+001  0.38096282E+002  0.66896988E+002  0.10854913E+003  0.13810832E+003
  0.00000000E+000  0.00000000E+000  0.00000000E+000  0.00000000E+000  0.00000000E+000  0.00000000E+000  0.97326549E+001  0.38096240E+002  0.66896953E+002  0.10854910E+003  0.13810830E+003
  0.00000000E+000  0.00000000E+000  0.00000000E+000  0.00000000E+000  0.00000000E+000  0.00000000E+000  0.97326281E+001  0.38096197E+002  0.66896917E+002  0.10854908E+003  0.13810829E+003
  0.00000000E+000  0.00000000E+000  0.00000000E+000  0.00000000E+000  0.00000000E+000  0.00000000E+000  0.97326018E+001  0.38096154E+002  0.66896880E+002  0.10854906E+003  0.13810827E+003
  0.00000000E+000  0.00000000E+000  0.00000000E+000  0.00000000E+000  0.00000000E+000  0.00000000E+000  0.97325758E+001  0.38096111E+002  0.66896843E+002  0.10854904E+003  0.13810825E+003
  0.00000000E+000  0.00000000E+000  0.00000000E+000  0.00000000E+000  0.00000000E+000  0.00000000E+000  0.97325504E+001  0.38096068E+002  0.66896805E+002  0.10854901E+003  0.13810824E+003
  0.00000000E+000  0.00000000E+000  0.00000000E+000  0.00000000E+000  0.00000000E+000  0.00000000E+000  0.97325254E+001  0.38096025E+002  0.66896766E+002  0.10854899E+003  0.13810822E+003
  0.00000000E+000  0.00000000E+000  0.00000000E+000  0.00000000E+000  0.00000000E+000  0.00000000E+000  0.97325010E+001  0.38095982E+002  0.66896727E+002  0.10854896E+003  0.13810821E+003
  0.00000000E+000  0.00000000E+000  0.00000000E+000  0.00000000E+000  0.00000000E+000  0.00000000E+000  0.97324770E+001  0.38095939E+002  0.66896688E+002  0.10854894E+003  0.13810819E+003
  0.00000000E+000  0.00000000E+000  0.00000000E+000  0.00000000E+000  0.00000000E+000  0.00000000E+000  0.97324536E+001  0.38095896E+002  0.66896648E+002  0.10854891E+003  0.13810817E+003
  0.00000000E+000  0.00000000E+000  0.00000000E+000  0.00000000E+000  0.00000000E+000  0.00000000E+000  0.97324307E+001  0.38095853E+002  0.66896608E+002  0.10854888E+003  0.13810815E+003
  0.00000000E+000  0.00000000E+000  0.00000000E+000  0.00000000E+000  0.00000000E+000  0.00000000E+000  0.97324083E+001  0.38095810E+002  0.66896567E+002  0.10854885E+003  0.13810814E+003
  0.00000000E+000  0.00000000E+000  0.00000000E+000  0.00000000E+000  0.00000000E+000  0.00000000E+000  0.97323865E+001  0.38095768E+002  0.66896526E+002  0.10854883E+003  0.13810812E+003
  0.00000000E+000  0.00000000E+000  0.00000000E+000  0.00000000E+000  0.00000000E+000  0.00000000E+000  0.97323652E+001  0.38095725E+002  0.66896484E+002  0.10854880E+003  0.13810810E+003
  0.00000000E+000  0.00000000E+000  0.00000000E+000  0.00000000E+000  0.00000000E+000  0.00000000E+000  0.97323444E+001  0.38095682E+002  0.66896442E+002  0.10854877E+003  0.13810808E+003
  0.00000000E+000  0.00000000E+000  0.00000000E+000  0.00000000E+000  0.00000000E+000  0.00000000E+000  0.97323241E+001  0.38095640E+002  0.66896400E+002  0.10854873E+003  0.13810806E+003
  0.00000000E+000  0.00000000E+000  0.00000000E+000  0.00000000E+000  0.00000000E+000  0.00000000E+000  0.97323044E+001  0.38095598E+002  0.66896358E+002  0.10854870E+003  0.13810804E+003
  0.00000000E+000  0.00000000E+000  0.00000000E+000  0.00000000E+000  0.00000000E+000  0.00000000E+000  0.97322852E+001  0.38095556E+002  0.66896315E+002  0.10854867E+003  0.13810802E+003
  0.00000000E+000  0.00000000E+000  0.00000000E+000  0.00000000E+000  0.00000000E+000  0.00000000E+000  0.97322666E+001  0.38095515E+002  0.66896272E+002  0.10854864E+003  0.13810800E+003
  0.00000000E+000  0.00000000E+000  0.00000000E+000  0.00000000E+000  0.00000000E+000  0.00000000E+000  0.97322484E+001  0.38095474E+002  0.66896229E+002  0.10854860E+003  0.13810798E+003
  0.00000000E+000  0.00000000E+000  0.00000000E+000  0.00000000E+000  0.00000000E+000  0.00000000E+000  0.97322308E+001  0.38095433E+002  0.66896186E+002  0.10854857E+003  0.13810796E+003
  0.00000000E+000  0.00000000E+000  0.00000000E+000  0.00000000E+000  0.00000000E+000  0.00000000E+000  0.97322137E+001  0.38095392E+002  0.66896143E+002  0.10854853E+003  0.13810794E+003
  0.00000000E+000  0.00000000E+000  0.00000000E+000  0.00000000E+000  0.00000000E+000  0.00000000E+000  0.97321970E+001  0.38095352E+002  0.66896099E+002  0.10854850E+003  0.13810792E+003
  0.00000000E+000  0.00000000E+000  0.00000000E+000  0.00000000E+000  0.00000000E+000  0.00000000E+000  0.97321809E+001  0.38095312E+002  0.66896056E+002  0.10854846E+003  0.13810789E+003
  0.00000000E+000  0.00000000E+000  0.00000000E+000  0.00000000E+000  0.00000000E+000  0.00000000E+000  0.97321652E+001  0.38095273E+002  0.66896012E+002  0.10854843E+003  0.13810787E+003
  0.00000000E+000  0.00000000E+000  0.00000000E+000  0.00000000E+000  0.00000000E+000  0.00000000E+000  0.97321500E+001  0.38095234E+002  0.66895969E+002  0.10854839E+003  0.13810785E+003
  0.00000000E+000  0.00000000E+000  0.00000000E+000  0.00000000E+000  0.00000000E+000  0.00000000E+000  0.97321352E+001  0.38095195E+002  0.66895925E+002  0.10854835E+003  0.13810782E+003
  0.00000000E+000  0.00000000E+000  0.00000000E+000  0.00000000E+000  0.00000000E+000  0.00000000E+000  0.97321209E+001  0.38095157E+002  0.66895881E+002  0.10854831E+003  0.13810780E+003
  0.00000000E+000  0.00000000E+000  0.00000000E+000  0.00000000E+000  0.00000000E+000  0.00000000E+000  0.97321070E+001  0.38095120E+002  0.66895838E+002  0.10854827E+003  0.13810777E+003
  0.00000000E+000  0.00000000E+000  0.00000000E+000  0.00000000E+000  0.00000000E+000  0.00000000E+000  0.97320936E+001  0.38095083E+002  0.66895795E+002  0.10854823E+003  0.13810775E+003
  0.00000000E+000  0.00000000E+000  0.00000000E+000  0.00000000E+000  0.00000000E+000  0.00000000E+000  0.97320806E+001  0.38095046E+002  0.66895751E+002  0.10854819E+003  0.13810772E+003
  0.00000000E+000  0.00000000E+000  0.00000000E+000  0.00000000E+000  0.00000000E+000  0.00000000E+000  0.97320680E+001  0.38095010E+002  0.66895708E+002  0.10854815E+003  0.13810770E+003
  0.00000000E+000  0.00000000E+000  0.00000000E+000  0.00000000E+000  0.00000000E+000  0.00000000E+000  0.97320558E+001  0.38094975E+002  0.66895665E+002  0.10854811E+003  0.13810767E+003
  0.00000000E+000  0.00000000E+000  0.00000000E+000  0.00000000E+000  0.00000000E+000  0.00000000E+000  0.97320440E+001  0.38094940E+002  0.66895623E+002  0.10854807E+003  0.13810765E+003
  0.00000000E+000  0.00000000E+000  0.00000000E+000  0.00000000E+000  0.00000000E+000  0.00000000E+000  0.97320326E+001  0.38094905E+002  0.66895580E+002  0.10854803E+003  0.13810762E+003
  0.00000000E+000  0.00000000E+000  0.00000000E+000  0.00000000E+000  0.00000000E+000  0.00000000E+000  0.97320216E+001  0.38094871E+002  0.66895538E+002  0.10854799E+003  0.13810759E+003
  0.00000000E+000  0.00000000E+000  0.00000000E+000  0.00000000E+000  0.00000000E+000  0.00000000E+000  0.97320109E+001  0.38094838E+002  0.66895496E+002  0.10854795E+003  0.13810756E+003
  0.00000000E+000  0.00000000E+000  0.00000000E+000  0.00000000E+000  0.00000000E+000  0.00000000E+000  0.97320006E+001  0.38094805E+002  0.66895454E+002  0.10854790E+003  0.13810754E+003
  0.00000000E+000  0.00000000E+000  0.00000000E+000  0.00000000E+000  0.00000000E+000  0.00000000E+000  0.97319906E+001  0.38094773E+002  0.66895413E+002  0.10854786E+003  0.13810751E+003
  0.00000000E+000  0.00000000E+000  0.00000000E+000  0.00000000E+000  0.00000000E+000  0.00000000E+000  0.97319809E+001  0.38094742E+002  0.66895372E+002  0.10854782E+003  0.13810748E+003
  0.00000000E+000  0.00000000E+000  0.00000000E+000  0.00000000E+000  0.00000000E+000  0.00000000E+000  0.97319716E+001  0.38094711E+002  0.66895331E+002  0.10854777E+003  0.13810745E+003
  0.00000000E+000  0.00000000E+000  0.00000000E+000  0.00000000E+000  0.00000000E+000  0.00000000E+000  0.97319626E+001  0.38094680E+002  0.66895291E+002  0.10854773E+003  0.13810742E+003
  0.00000000E+000  0.00000000E+000  0.00000000E+000  0.00000000E+000  0.00000000E+000  0.00000000E+000  0.97319539E+001  0.38094651E+002  0.66895251E+002  0.10854769E+003  0.13810739E+003
  0.00000000E+000  0.00000000E+000  0.00000000E+000  0.00000000E+000  0.00000000E+000  0.00000000E+000  0.97319455E+001  0.38094621E+002  0.66895211E+002  0.10854764E+003  0.13810736E+003
  0.00000000E+000  0.00000000E+000  0.00000000E+000  0.00000000E+000  0.00000000E+000  0.00000000E+000  0.97319375E+001  0.38094593E+002  0.66895172E+002  0.10854760E+003  0.13810733E+003
  0.00000000E+000  0.00000000E+000  0.00000000E+000  0.00000000E+000  0.00000000E+000  0.00000000E+000  0.97319296E+001  0.38094565E+002  0.66895134E+002  0.10854756E+003  0.13810730E+003
  0.00000000E+000  0.00000000E+000  0.00000000E+000  0.00000000E+000  0.00000000E+000  0.00000000E+000  0.97319221E+001  0.38094537E+002  0.66895095E+002  0.10854751E+003  0.13810727E+003
  0.00000000E+000  0.00000000E+000  0.00000000E+000  0.00000000E+000  0.00000000E+000  0.00000000E+000  0.97319148E+001  0.38094511E+002  0.66895058E+002  0.10854747E+003  0.13810723E+003
  0.00000000E+000  0.00000000E+000  0.00000000E+000  0.00000000E+000  0.00000000E+000  0.00000000E+000  0.97319078E+001  0.38094484E+002  0.66895020E+002  0.10854742E+003  0.13810720E+003
  0.00000000E+000  0.00000000E+000  0.00000000E+000  0.00000000E+000  0.00000000E+000  0.00000000E+000  0.97319010E+001  0.38094459E+002  0.66894983E+002  0.10854738E+003  0.13810717E+003
  0.00000000E+000  0.00000000E+000  0.00000000E+000  0.00000000E+000  0.00000000E+000  0.00000000E+000  0.97318945E+001  0.38094434E+002  0.66894947E+002  0.10854733E+003  0.13810714E+003
  0.00000000E+000  0.00000000E+000  0.00000000E+000  0.00000000E+000  0.00000000E+000  0.00000000E+000  0.97318882E+001  0.38094409E+002  0.66894911E+002  0.10854729E+003  0.13810711E+003
  0.00000000E+000  0.00000000E+000  0.00000000E+000  0.00000000E+000  0.00000000E+000  0.00000000E+000  0.97318822E+001  0.38094385E+002  0.66894876E+002  0.10854725E+003  0.13810707E+003
  0.00000000E+000  0.00000000E+000  0.00000000E+000  0.00000000E+000  0.00000000E+000  0.00000000E+000  0.97318763E+001  0.38094362E+002  0.66894841E+002  0.10854720E+003  0.13810704E+003
  0.00000000E+000  0.00000000E+000  0.00000000E+000  0.00000000E+000  0.00000000E+000  0.00000000E+000  0.97318707E+001  0.38094339E+002  0.66894807E+002  0.10854716E+003  0.13810701E+003
  0.00000000E+000  0.00000000E+000  0.00000000E+000  0.00000000E+000  0.00000000E+000  0.00000000E+000  0.97318653E+001  0.38094317E+002  0.66894773E+002  0.10854711E+003  0.13810697E+003
  0.00000000E+000  0.00000000E+000  0.00000000E+000  0.00000000E+000  0.00000000E+000  0.00000000E+000  0.97318601E+001  0.38094296E+002  0.66894740E+002  0.10854707E+003  0.13810694E+003
  0.00000000E+000  0.00000000E+000  0.00000000E+000  0.00000000E+000  0.00000000E+000  0.00000000E+000  0.97318551E+001  0.38094274E+002  0.66894707E+002  0.10854703E+003  0.13810691E+003
  0.00000000E+000  0.00000000E+000  0.00000000E+000  0.00000000E+000  0.00000000E+000  0.00000000E+000  0.97318502E+001  0.38094254E+002  0.66894675E+002  0.10854698E+003  0.13810687E+003
  0.00000000E+000  0.00000000E+000  0.00000000E+000  0.00000000E+000  0.00000000E+000  0.00000000E+000  0.97318456E+001  0.38094234E+002  0.66894643E+002  0.10854694E+003  0.13810684E+003
  0.00000000E+000  0.00000000E+000  0.00000000E+000  0.00000000E+000  0.00000000E+000  0.00000000E+000  0.97318411E+001  0.38094214E+002  0.66894612E+002  0.10854690E+003  0.13810681E+003
  0.00000000E+000  0.00000000E+000  0.00000000E+000  0.00000000E+000  0.00000000E+000  0.00000000E+000  0.97318368E+001  0.38094196E+002  0.66894582E+002  0.10854686E+003  0.13810677E+003
  0.00000000E+000  0.00000000E+000  0.00000000E+000  0.00000000E+000  0.00000000E+000  0.00000000E+000  0.97318327E+001  0.38094177E+002  0.66894552E+002  0.10854681E+003  0.13810674E+003
  0.00000000E+000  0.00000000E+000  0.00000000E+000  0.00000000E+000  0.00000000E+000  0.00000000E+000  0.97318287E+001  0.38094159E+002  0.66894523E+002  0.10854677E+003  0.13810670E+003
  0.00000000E+000  0.00000000E+000  0.00000000E+000  0.00000000E+000  0.00000000E+000  0.00000000E+000  0.97318248E+001  0.38094142E+002  0.66894494E+002  0.10854673E+003  0.13810667E+003
  0.00000000E+000  0.00000000E+000  0.00000000E+000  0.00000000E+000  0.00000000E+000  0.00000000E+000  0.97318212E+001  0.38094125E+002  0.66894466E+002  0.10854669E+003  0.13810663E+003
  0.00000000E+000  0.00000000E+000  0.00000000E+000  0.00000000E+000  0.00000000E+000  0.00000000E+000  0.97318176E+001  0.38094108E+002  0.66894438E+002  0.10854665E+003  0.13810660E+003
  0.00000000E+000  0.00000000E+000  0.00000000E+000  0.00000000E+000  0.00000000E+000  0.00000000E+000  0.97318142E+001  0.38094092E+002  0.66894411E+002  0.10854661E+003  0.13810657E+003
  0.00000000E+000  0.00000000E+000  0.00000000E+000  0.00000000E+000  0.00000000E+000  0.00000000E+000  0.97318109E+001  0.38094077E+002  0.66894385E+002  0.10854657E+003  0.13810653E+003
  0.00000000E+000  0.00000000E+000  0.00000000E+000  0.00000000E+000  0.00000000E+000  0.00000000E+000  0.97318078E+001  0.38094062E+002  0.66894359E+002  0.10854653E+003  0.13810650E+003
  0.00000000E+000  0.00000000E+000  0.00000000E+000  0.00000000E+000  0.00000000E+000  0.00000000E+000  0.97318048E+001  0.38094047E+002  0.66894333E+002  0.10854649E+003  0.13810646E+003
  0.00000000E+000  0.00000000E+000  0.00000000E+000  0.00000000E+000  0.00000000E+000  0.00000000E+000  0.97318019E+001  0.38094033E+002  0.66894309E+002  0.10854645E+003  0.13810643E+003
  0.00000000E+000  0.00000000E+000  0.00000000E+000  0.00000000E+000  0.00000000E+000  0.00000000E+000  0.97317991E+001  0.38094019E+002  0.66894284E+002  0.10854641E+003  0.13810640E+003
  0.00000000E+000  0.00000000E+000  0.00000000E+000  0.00000000E+000  0.00000000E+000  0.00000000E+000  0.97317964E+001  0.38094006E+002  0.66894261E+002  0.10854637E+003  0.13810636E+003
  0.00000000E+000  0.00000000E+000  0.00000000E+000  0.00000000E+000  0.00000000E+000  0.00000000E+000  0.97317938E+001  0.38093993E+002  0.66894237E+002  0.10854634E+003  0.13810633E+003
  0.00000000E+000  0.00000000E+000  0.00000000E+000  0.00000000E+000  0.00000000E+000  0.00000000E+000  0.97317913E+001  0.38093980E+002  0.66894215E+002  0.10854630E+003  0.13810630E+003
  0.00000000E+000  0.00000000E+000  0.00000000E+000  0.00000000E+000  0.00000000E+000  0.00000000E+000  0.97317890E+001  0.38093968E+002  0.66894193E+002  0.10854626E+003  0.13810626E+003
  0.00000000E+000  0.00000000E+000  0.00000000E+000  0.00000000E+000  0.00000000E+000  0.00000000E+000  0.97317867E+001  0.38093956E+002  0.66894171E+002  0.10854623E+003  0.13810623E+003
  0.00000000E+000  0.00000000E+000  0.00000000E+000  0.00000000E+000  0.00000000E+000  0.00000000E+000  0.97317845E+001  0.38093945E+002  0.66894150E+002  0.10854619E+003  0.13810620E+003
  0.00000000E+000  0.00000000E+000  0.00000000E+000  0.00000000E+000  0.00000000E+000  0.00000000E+000  0.97317824E+001  0.38093933E+002  0.66894129E+002  0.10854616E+003  0.13810617E+003
  0.00000000E+000  0.00000000E+000  0.00000000E+000  0.00000000E+000  0.00000000E+000  0.00000000E+000  0.97317804E+001  0.38093923E+002  0.66894109E+002  0.10854612E+003  0.13810613E+003
  0.00000000E+000  0.00000000E+000  0.00000000E+000  0.00000000E+000  0.00000000E+000  0.00000000E+000  0.97317784E+001  0.38093912E+002  0.66894090E+002  0.10854609E+003  0.13810610E+003
  0.00000000E+000  0.00000000E+000  0.00000000E+000  0.00000000E+000  0.00000000E+000  0.00000000E+000  0.97317766E+001  0.38093902E+002  0.66894071E+002  0.10854605E+003  0.13810607E+003
  0.00000000E+000  0.00000000E+000  0.00000000E+000  0.00000000E+000  0.00000000E+000  0.00000000E+000  0.97317748E+001  0.38093892E+002  0.66894052E+002  0.10854602E+003  0.13810604E+003
  0.00000000E+000  0.00000000E+000  0.00000000E+000  0.00000000E+000  0.00000000E+000  0.00000000E+000  0.97317731E+001  0.38093883E+002  0.66894034E+002  0.10854599E+003  0.13810601E+003
  0.00000000E+000  0.00000000E+000  0.00000000E+000  0.00000000E+000  0.00000000E+000  0.00000000E+000  0.97317714E+001  0.38093874E+002  0.66894017E+002  0.10854596E+003  0.13810598E+003
  0.00000000E+000  0.00000000E+000  0.00000000E+000  0.00000000E+000  0.00000000E+000  0.00000000E+000  0.97317699E+001  0.38093865E+002  0.66893999E+002  0.10854593E+003  0.13810595E+003
  0.00000000E+000  0.00000000E+000  0.00000000E+000  0.00000000E+000  0.00000000E+000  0.00000000E+000  0.97317684E+001  0.38093857E+002  0.66893983E+002  0.10854589E+003  0.13810591E+003
  0.00000000E+000  0.00000000E+000  0.00000000E+000  0.00000000E+000  0.00000000E+000  0.00000000E+000  0.97317669E+001  0.38093848E+002  0.66893967E+002  0.10854586E+003  0.13810588E+003
  0.00000000E+000  0.00000000E+000  0.00000000E+000  0.00000000E+000  0.00000000E+000  0.00000000E+000  0.97317655E+001  0.38093840E+002  0.66893951E+002  0.10854583E+003  0.13810585E+003
  0.00000000E+000  0.00000000E+000  0.00000000E+000  0.00000000E+000  0.00000000E+000  0.00000000E+000  0.97317642E+001  0.38093833E+002  0.66893935E+002  0.10854581E+003  0.13810583E+003
  0.00000000E+000  0.00000000E+000  0.00000000E+000  0.00000000E+000  0.00000000E+000  0.00000000E+000  0.97317630E+001  0.38093825E+002  0.66893921E+002  0.10854578E+003  0.13810580E+003
  0.00000000E+000  0.00000000E+000  0.00000000E+000  0.00000000E+000  0.00000000E+000  0.00000000E+000  0.97317618E+001  0.38093818E+002  0.66893906E+002  0.10854575E+003  0.13810577E+003
