 -0.80562568E+000 -0.53106745E+000 -0.29349520E+000 -0.51268370E-001 -0.90622428E-003 -0.40343483E-003  0.13244155E+000  0.13302885E+001  0.30859699E+001  0.13159257E+002  0.31665457E+003
 -0.80542162E+000 -0.53101578E+000 -0.29343748E+000 -0.51263908E-001 -0.90563344E-003 -0.40297034E-003  0.13245000E+000  0.13302904E+001  0.30859756E+001  0.13159263E+002  0.31665470E+003
 -0.80525216E+000 -0.53097292E+000 -0.29339178E+000 -0.51260423E-001 -0.90521621E-003 -0.40265410E-003  0.13245648E+000  0.13302920E+001  0.30859802E+001  0.13159267E+002  0.31665471E+003
 -0.80511584E+000 -0.53093832E+000 -0.29335634E+000 -0.51257702E-001 -0.90492543E-003 -0.40244013E-003  0.13246141E+000  0.13302933E+001  0.30859841E+001  0.13159271E+002  0.31665470E+003
 -0.80501020E+000 -0.53091120E+000 -0.29332936E+000 -0.51255590E-001 -0.90472909E-003 -0.40229943E-003  0.13246509E+000  0.13302943E+001  0.30859872E+001  0.13159274E+002  0.31665468E+003
 -0.80493201E+000 -0.53089065E+000 -0.29330927E+000 -0.51253970E-001 -0.90460407E-003 -0.40221228E-003  0.13246776E+000  0.13302950E+001  0.30859898E+001  0.13159277E+002  0.31665467E+003
 -0.80487762E+000 -0.53087574E+000 -0.29329476E+000 -0.51252748E-001 -0.90453315E-003 -0.40216475E-003  0.13246960E+000  0.13302956E+001  0.30859918E+001  0.13159279E+002  0.31665465E+003
 -0.80484335E+000 -0.53086559E+000 -0.29328477E+000 -0.51251849E-001 -0.90450323E-003 -0.40214669E-003  0.13247077E+000  0.13302961E+001  0.30859934E+001  0.13159280E+002  0.31665464E+003
 -0.80482569E+000 -0.53085933E+000 -0.29327842E+000 -0.51251211E-001 -0.90450430E-003 -0.40215053E-003  0.13247141E+000  0.13302964E+001  0.30859946E+001  0.13159282E+002  0.31665463E+003
 -0.80482146E+000 -0.53085626E+000 -0.29327501E+000 -0.51250786E-001 -0.90452859E-003 -0.40217058E-003  0.13247160E+000  0.13302965E+001  0.30859956E+001  0.13159283E+002  0.31665462E+003
 -0.80482787E+000 -0.53085579E+000 -0.29327398E+000 -0.51250531E-001 -0.90457007E-003 -0.40220250E-003  0.13247145E+000  0.13302966E+001  0.30859963E+001  0.13159283E+002  0.31665462E+003
 -0.80484252E+000 -0.53085740E+000 -0.29327488E+000 -0.51250428E-001 -0.90462404E-003 -0.40224297E-003  0.13247102E+000  0.13302966E+001  0.30859967E+001  0.13159284E+002  0.31665461E+003
 -0.80486341E+000 -0.53086068E+000 -0.29327732E+000 -0.51250478E-001 -0.90468681E-003 -0.40228941E-003  0.13247038E+000  0.13302966E+001  0.30859970E+001  0.13159284E+002  0.31665460E+003
 -0.80488885E+000 -0.53086525E+000 -0.29328099E+000 -0.51250652E-001 -0.90475548E-003 -0.40233979E-003  0.13246956E+000  0.13302965E+001  0.30859971E+001  0.13159284E+002  0.31665460E+003
 -0.80491750E+000 -0.53087082E+000 -0.29328564E+000 -0.51250926E-001 -0.90482783E-003 -0.40239261E-003  0.13246862E+000  0.13302964E+001  0.30859971E+001  0.13159285E+002  0.31665460E+003
 -0.80494825E+000 -0.53087714E+000 -0.29329105E+000 -0.51251280E-001 -0.90490214E-003 -0.40244669E-003  0.13246758E+000  0.13302962E+001  0.30859969E+001  0.13159285E+002  0.31665459E+003
 -0.80498024E+000 -0.53088401E+000 -0.29329704E+000 -0.51251695E-001 -0.90497708E-003 -0.40250114E-003  0.13246648E+000  0.13302960E+001  0.30859967E+001  0.13159285E+002  0.31665459E+003
 -0.80501277E+000 -0.53089125E+000 -0.29330348E+000 -0.51252160E-001 -0.90505162E-003 -0.40255525E-003  0.13246533E+000  0.13302958E+001  0.30859964E+001  0.13159284E+002  0.31665459E+003
 -0.80504530E+000 -0.53089872E+000 -0.29331023E+000 -0.51252661E-001 -0.90512497E-003 -0.40260851E-003  0.13246415E+000  0.13302956E+001  0.30859960E+001  0.13159284E+002  0.31665458E+003
 -0.80507742E+000 -0.53090631E+000 -0.29331720E+000 -0.51253190E-001 -0.90519655E-003 -0.40266051E-003  0.13246296E+000  0.13302954E+001  0.30859955E+001  0.13159284E+002  0.31665458E+003
 -0.80510881E+000 -0.53091394E+000 -0.29332430E+000 -0.51253739E-001 -0.90526591E-003 -0.40271096E-003  0.13246178E+000  0.13302951E+001  0.30859951E+001  0.13159284E+002  0.31665458E+003
 -0.80513925E+000 -0.53092151E+000 -0.29333145E+000 -0.51254301E-001 -0.90533273E-003 -0.40275965E-003  0.13246060E+000  0.13302949E+001  0.30859945E+001  0.13159283E+002  0.31665458E+003
 -0.80516857E+000 -0.53092897E+000 -0.29333861E+000 -0.51254870E-001 -0.90539678E-003 -0.40280642E-003  0.13245945E+000  0.13302946E+001  0.30859940E+001  0.13159283E+002  0.31665458E+003
 -0.80519666E+000 -0.53093627E+000 -0.29334571E+000 -0.51255442E-001 -0.90545791E-003 -0.40285116E-003  0.13245832E+000  0.13302944E+001  0.30859934E+001  0.13159283E+002  0.31665458E+003
 -0.80522343E+000 -0.53094338E+000 -0.29335271E+000 -0.51256014E-001 -0.90551603E-003 -0.40289382E-003  0.13245722E+000  0.13302941E+001  0.30859927E+001  0.13159282E+002  0.31665458E+003
 -0.80524887E+000 -0.53095026E+000 -0.29335962E+000 -0.51256582E-001 -0.90557107E-003 -0.40293434E-003  0.13245616E+000  0.13302939E+001  0.30859921E+001  0.13159282E+002  0.31665458E+003
 -0.80527294E+000 -0.53095689E+000 -0.29336640E+000 -0.51257143E-001 -0.90562304E-003 -0.40297273E-003  0.13245514E+000  0.13302936E+001  0.30859914E+001  0.13159282E+002  0.31665458E+003
 -0.80529566E+000 -0.53096326E+000 -0.29337303E+000 -0.51257695E-001 -0.90567194E-003 -0.40300900E-003  0.13245416E+000  0.13302934E+001  0.30859908E+001  0.13159281E+002  0.31665458E+003
 -0.80531705E+000 -0.53096936E+000 -0.29337948E+000 -0.51258236E-001 -0.90571783E-003 -0.40304315E-003  0.13245322E+000  0.13302931E+001  0.30859901E+001  0.13159281E+002  0.31665458E+003
 -0.80533716E+000 -0.53097518E+000 -0.29338573E+000 -0.51258765E-001 -0.90576075E-003 -0.40307523E-003  0.13245233E+000  0.13302929E+001  0.30859894E+001  0.13159280E+002  0.31665458E+003
 -0.80535601E+000 -0.53098071E+000 -0.29339178E+000 -0.51259281E-001 -0.90580078E-003 -0.40310529E-003  0.13245148E+000  0.13302927E+001  0.30859887E+001  0.13159280E+002  0.31665458E+003
 -0.80537367E+000 -0.53098596E+000 -0.29339760E+000 -0.51259782E-001 -0.90583801E-003 -0.40313337E-003  0.13245068E+000  0.13302924E+001  0.30859880E+001  0.13159279E+002  0.31665458E+003
 -0.80539020E+000 -0.53099094E+000 -0.29340319E+000 -0.51260268E-001 -0.90587255E-003 -0.40315955E-003  0.13244993E+000  0.13302922E+001  0.30859873E+001  0.13159279E+002  0.31665458E+003
 -0.80540564E+000 -0.53099564E+000 -0.29340854E+000 -0.51260738E-001 -0.90590449E-003 -0.40318387E-003  0.13244922E+000  0.13302920E+001  0.30859866E+001  0.13159278E+002  0.31665458E+003
 -0.80542006E+000 -0.53100008E+000 -0.29341366E+000 -0.51261191E-001 -0.90593396E-003 -0.40320643E-003  0.13244856E+000  0.13302918E+001  0.30859859E+001  0.13159278E+002  0.31665457E+003
 -0.80543352E+000 -0.53100426E+000 -0.29341853E+000 -0.51261627E-001 -0.90596108E-003 -0.40322730E-003  0.13244794E+000  0.13302916E+001  0.30859853E+001  0.13159278E+002  0.31665457E+003
 -0.80544609E+000 -0.53100820E+000 -0.29342317E+000 -0.51262046E-001 -0.90598596E-003 -0.40324654E-003  0.13244736E+000  0.13302914E+001  0.30859846E+001  0.13159277E+002  0.31665457E+003
 -0.80545782E+000 -0.53101190E+000 -0.29342758E+000 -0.51262448E-001 -0.90600875E-003 -0.40326426E-003  0.13244683E+000  0.13302912E+001  0.30859839E+001  0.13159277E+002  0.31665457E+003
 -0.80546877E+000 -0.53101538E+000 -0.29343176E+000 -0.51262833E-001 -0.90602956E-003 -0.40328052E-003  0.13244634E+000  0.13302910E+001  0.30859833E+001  0.13159276E+002  0.31665457E+003
 -0.80547900E+000 -0.53101865E+000 -0.29343571E+000 -0.51263200E-001 -0.90604853E-003 -0.40329542E-003  0.13244588E+000  0.13302909E+001  0.30859826E+001  0.13159276E+002  0.31665457E+003
 -0.80548855E+000 -0.53102172E+000 -0.29343945E+000 -0.51263551E-001 -0.90606579E-003 -0.40330903E-003  0.13244546E+000  0.13302907E+001  0.30859820E+001  0.13159275E+002  0.31665457E+003
 -0.80549749E+000 -0.53102461E+000 -0.29344298E+000 -0.51263885E-001 -0.90608146E-003 -0.40332145E-003  0.13244508E+000  0.13302905E+001  0.30859814E+001  0.13159275E+002  0.31665457E+003
 -0.80550585E+000 -0.53102732E+000 -0.29344632E+000 -0.51264202E-001 -0.90609566E-003 -0.40333275E-003  0.13244473E+000  0.13302904E+001  0.30859808E+001  0.13159274E+002  0.31665457E+003
 -0.80551368E+000 -0.53102986E+000 -0.29344947E+000 -0.51264503E-001 -0.90610851E-003 -0.40334302E-003  0.13244441E+000  0.13302902E+001  0.30859802E+001  0.13159274E+002  0.31665457E+003
 -0.80552102E+000 -0.53103225E+000 -0.29345243E+000 -0.51264788E-001 -0.90612013E-003 -0.40335232E-003  0.13244411E+000  0.13302901E+001  0.30859797E+001  0.13159273E+002  0.31665457E+003
 -0.80552790E+000 -0.53103450E+000 -0.29345523E+000 -0.51265058E-001 -0.90613062E-003 -0.40336075E-003  0.13244385E+000  0.13302900E+001  0.30859791E+001  0.13159273E+002  0.31665457E+003
 -0.80553436E+000 -0.53103662E+000 -0.29345787E+000 -0.51265313E-001 -0.90614009E-003 -0.40336836E-003  0.13244361E+000  0.13302899E+001  0.30859786E+001  0.13159272E+002  0.31665457E+003
 -0.80554043E+000 -0.53103861E+000 -0.29346035E+000 -0.51265553E-001 -0.90614862E-003 -0.40337523E-003  0.13244339E+000  0.13302898E+001  0.30859781E+001  0.13159272E+002  0.31665457E+003
 -0.80554614E+000 -0.53104049E+000 -0.29346269E+000 -0.51265779E-001 -0.90615631E-003 -0.40338142E-003  0.13244320E+000  0.13302897E+001  0.30859776E+001  0.13159271E+002  0.31665457E+003
 -0.80555151E+000 -0.53104226E+000 -0.29346490E+000 -0.51265991E-001 -0.90616324E-003 -0.40338699E-003  0.13244302E+000  0.13302896E+001  0.30859771E+001  0.13159271E+002  0.31665457E+003
 -0.80555656E+000 -0.53104392E+000 -0.29346698E+000 -0.51266190E-001 -0.90616948E-003 -0.40339199E-003  0.13244287E+000  0.13302895E+001  0.30859767E+001  0.13159270E+002  0.31665457E+003
 -0.80556132E+000 -0.53104550E+000 -0.29346893E+000 -0.51266377E-001 -0.90617509E-003 -0.40339649E-003  0.13244273E+000  0.13302894E+001  0.30859762E+001  0.13159270E+002  0.31665457E+003
 -0.80556580E+000 -0.53104698E+000 -0.29347078E+000 -0.51266551E-001 -0.90618014E-003 -0.40340052E-003  0.13244260E+000  0.13302893E+001  0.30859758E+001  0.13159269E+002  0.31665457E+003
 -0.80557002E+000 -0.53104838E+000 -0.29347252E+000 -0.51266713E-001 -0.90618469E-003 -0.40340414E-003  0.13244249E+000  0.13302893E+001  0.30859754E+001  0.13159269E+002  0.31665457E+003
 -0.80557399E+000 -0.53104971E+000 -0.29347416E+000 -0.51266864E-001 -0.90618878E-003 -0.40340737E-003  0.13244239E+000  0.13302892E+001  0.30859751E+001  0.13159268E+002  0.31665457E+003
 -0.80557773E+000 -0.53105096E+000 -0.29347570E+000 -0.51267004E-001 -0.90619246E-003 -0.40341027E-003  0.13244230E+000  0.13302891E+001  0.30859747E+001  0.13159268E+002  0.31665457E+003
 -0.80558125E+000 -0.53105214E+000 -0.29347716E+000 -0.51267133E-001 -0.90619577E-003 -0.40341286E-003  0.13244222E+000  0.13302891E+001  0.30859744E+001  0.13159267E+002  0.31665457E+003
 -0.80558457E+000 -0.53105325E+000 -0.29347852E+000 -0.51267253E-001 -0.90619874E-003 -0.40341518E-003  0.13244215E+000  0.13302890E+001  0.30859740E+001  0.13159267E+002  0.31665457E+003
 -0.80558768E+000 -0.53105430E+000 -0.29347981E+000 -0.51267363E-001 -0.90620141E-003 -0.40341724E-003  0.13244208E+000  0.13302890E+001  0.30859737E+001  0.13159267E+002  0.31665457E+003
 -0.80559060E+000 -0.53105529E+000 -0.29348102E+000 -0.51267465E-001 -0.90620381E-003 -0.40341909E-003  0.13244203E+000  0.13302889E+001  0.30859734E+001  0.13159266E+002  0.31665457E+003
 -0.80559335E+000 -0.53105622E+000 -0.29348215E+000 -0.51267557E-001 -0.90620597E-003 -0.40342074E-003  0.13244198E+000  0.13302889E+001  0.30859732E+001  0.13159266E+002  0.31665457E+003
 -0.80559592E+000 -0.53105710E+000 -0.29348321E+000 -0.51267642E-001 -0.90620790E-003 -0.40342221E-003  0.13244194E+000  0.13302889E+001  0.30859729E+001  0.13159265E+002  0.31665457E+003
 -0.80559833E+000 -0.53105792E+000 -0.29348421E+000 -0.51267719E-001 -0.90620963E-003 -0.40342352E-003  0.13244190E+000  0.13302888E+001  0.30859727E+001  0.13159265E+002  0.31665457E+003
 -0.80560059E+000 -0.53105870E+000 -0.29348514E+000 -0.51267790E-001 -0.90621118E-003 -0.40342469E-003  0.13244186E+000  0.13302888E+001  0.30859724E+001  0.13159265E+002  0.31665457E+003
 -0.80560269E+000 -0.53105942E+000 -0.29348601E+000 -0.51267853E-001 -0.90621257E-003 -0.40342573E-003  0.13244183E+000  0.13302888E+001  0.30859722E+001  0.13159264E+002  0.31665457E+003
 -0.80560465E+000 -0.53106010E+000 -0.29348681E+000 -0.51267911E-001 -0.90621381E-003 -0.40342666E-003  0.13244181E+000  0.13302888E+001  0.30859720E+001  0.13159264E+002  0.31665457E+003
 -0.80560648E+000 -0.53106073E+000 -0.29348757E+000 -0.51267962E-001 -0.90621492E-003 -0.40342748E-003  0.13244178E+000  0.13302887E+001  0.30859718E+001  0.13159263E+002  0.31665457E+003
 -0.80560818E+000 -0.53106132E+000 -0.29348826E+000 -0.51268009E-001 -0.90621591E-003 -0.40342822E-003  0.13244176E+000  0.13302887E+001  0.30859717E+001  0.13159263E+002  0.31665457E+003
 -0.80560975E+000 -0.53106187E+000 -0.29348891E+000 -0.51268051E-001 -0.90621679E-003 -0.40342887E-003  0.13244174E+000  0.13302887E+001  0.30859715E+001  0.13159263E+002  0.31665457E+003
 -0.80561121E+000 -0.53106238E+000 -0.29348951E+000 -0.51268088E-001 -0.90621757E-003 -0.40342945E-003  0.13244173E+000  0.13302887E+001  0.30859714E+001  0.13159262E+002  0.31665457E+003
 -0.80561256E+000 -0.53106285E+000 -0.29349005E+000 -0.51268121E-001 -0.90621827E-003 -0.40342997E-003  0.13244171E+000  0.13302887E+001  0.30859713E+001  0.13159262E+002  0.31665457E+003
 -0.80561380E+000 -0.53106329E+000 -0.29349056E+000 -0.51268151E-001 -0.90621890E-003 -0.40343043E-003  0.13244170E+000  0.13302887E+001  0.30859711E+001  0.13159262E+002  0.31665457E+003
 -0.80561494E+000 -0.53106369E+000 -0.29349102E+000 -0.51268177E-001 -0.90621945E-003 -0.40343084E-003  0.13244169E+000  0.13302887E+001  0.30859710E+001  0.13159262E+002  0.31665457E+003
 -0.80561599E+000 -0.53106406E+000 -0.29349145E+000 -0.51268200E-001 -0.90621994E-003 -0.40343120E-003  0.13244168E+000  0.13302886E+001  0.30859710E+001  0.13159261E+002  0.31665457E+003
 -0.80561695E+000 -0.53106440E+000 -0.29349183E+000 -0.51268220E-001 -0.90622038E-003 -0.40343152E-003  0.13244167E+000  0.13302886E+001  0.30859709E+001  0.13159261E+002  0.31665457E+003
 -0.80561783E+000 -0.53106471E+000 -0.29349218E+000 -0.51268238E-001 -0.90622076E-003 -0.40343181E-003  0.13244166E+000  0.13302886E+001  0.30859708E+001  0.13159261E+002  0.31665457E+003
 -0.80561862E+000 -0.53106499E+000 -0.29349250E+000 -0.51268254E-001 -0.90622111E-003 -0.40343206E-003  0.13244165E+000  0.13302886E+001  0.30859707E+001  0.13159261E+002  0.31665457E+003
 -0.80561935E+000 -0.53106525E+000 -0.29349279E+000 -0.51268268E-001 -0.90622141E-003 -0.40343229E-003  0.13244165E+000  0.13302886E+001  0.30859707E+001  0.13159261E+002  0.31665457E+003
 -0.80562001E+000 -0.53106548E+000 -0.29349305E+000 -0.51268280E-001 -0.90622168E-003 -0.40343249E-003  0.13244164E+000  0.13302886E+001  0.30859706E+001  0.13159261E+002  0.31665457E+003
 -0.80562061E+000 -0.53106569E+000 -0.29349328E+000 -0.51268290E-001 -0.90622192E-003 -0.40343267E-003  0.13244164E+000  0.13302886E+001  0.30859706E+001  0.13159261E+002  0.31665457E+003
 -0.80562114E+000 -0.53106588E+000 -0.29349349E+000 -0.51268299E-001 -0.90622213E-003 -0.40343283E-003  0.13244163E+000  0.13302886E+001  0.30859706E+001  0.13159261E+002  0.31665457E+003
 -0.80562163E+000 -0.53106606E+000 -0.29349368E+000 -0.51268307E-001 -0.90622231E-003 -0.40343297E-003  0.13244163E+000  0.13302886E+001  0.30859705E+001  0.13159261E+002  0.31665458E+003
 -0.80562206E+000 -0.53106621E+000 -0.29349384E+000 -0.51268314E-001 -0.90622248E-003 -0.40343310E-003  0.13244162E+000  0.13302886E+001  0.30859705E+001  0.13159261E+002  0.31665458E+003
 -0.80562245E+000 -0.53106635E+000 -0.29349399E+000 -0.51268321E-001 -0.90622262E-003 -0.40343321E-003  0.13244162E+000  0.13302886E+001  0.30859705E+001  0.13159261E+002  0.31665458E+003
 -0.80562280E+000 -0.53106647E+000 -0.29349412E+000 -0.51268326E-001 -0.90622275E-003 -0.40343331E-003  0.13244162E+000  0.13302886E+001  0.30859705E+001  0.13159261E+002  0.31665458E+003
 -0.80562312E+000 -0.53106658E+000 -0.29349424E+000 -0.51268330E-001 -0.90622287E-003 -0.40343340E-003  0.13244161E+000  0.13302886E+001  0.30859705E+001  0.13159261E+002  0.31665458E+003
 -0.80562339E+000 -0.53106668E+000 -0.29349434E+000 -0.51268334E-001 -0.90622297E-003 -0.40343348E-003  0.13244161E+000  0.13302886E+001  0.30859705E+001  0.13159261E+002  0.31665458E+003
 -0.80562364E+000 -0.53106677E+000 -0.29349444E+000 -0.51268338E-001 -0.90622306E-003 -0.40343355E-003  0.13244161E+000  0.13302886E+001  0.30859705E+001  0.13159261E+002  0.31665458E+003
 -0.80562386E+000 -0.53106684E+000 -0.29349452E+000 -0.51268341E-001 -0.90622314E-003 -0.40343361E-003  0.13244161E+000  0.13302886E+001  0.30859705E+001  0.13159262E+002  0.31665458E+003
 -0.80562406E+000 -0.53106691E+000 -0.29349459E+000 -0.51268344E-001 -0.90622321E-003 -0.40343367E-003  0.13244161E+000  0.13302886E+001  0.30859705E+001  0.13159262E+002  0.31665458E+003
 -0.80562423E+000 -0.53106697E+000 -0.29349465E+000 -0.51268346E-001 -0.90622328E-003 -0.40343373E-003  0.13244160E+000  0.13302886E+001  0.30859705E+001  0.13159262E+002  0.31665458E+003
 -0.80562438E+000 -0.53106702E+000 -0.29349471E+000 -0.51268348E-001 -0.90622334E-003 -0.40343377E-003  0.13244160E+000  0.13302886E+001  0.30859705E+001  0.13159262E+002  0.31665458E+003
 -0.80562452E+000 -0.53106707E+000 -0.29349476E+000 -0.51268350E-001 -0.90622339E-003 -0.40343382E-003  0.13244160E+000  0.13302886E+001  0.30859705E+001  0.13159263E+002  0.31665458E+003
 -0.80562464E+000 -0.53106711E+000 -0.29349480E+000 -0.51268352E-001 -0.90622344E-003 -0.40343386E-003  0.13244160E+000  0.13302886E+001  0.30859705E+001  0.13159263E+002  0.31665458E+003
 -0.80562474E+000 -0.53106715E+000 -0.29349484E+000 -0.51268353E-001 -0.90622348E-003 -0.40343390E-003  0.13244160E+000  0.13302886E+001  0.30859705E+001  0.13159264E+002  0.31665458E+003
 -0.80562484E+000 -0.53106718E+000 -0.29349487E+000 -0.51268354E-001 -0.90622352E-003 -0.40343393E-003  0.13244160E+000  0.13302886E+001  0.30859705E+001  0.13159264E+002  0.31665458E+003
 -0.80562492E+000 -0.53106721E+000 -0.29349490E+000 -0.51268356E-001 -0.90622356E-003 -0.40343396E-003  0.13244160E+000  0.13302886E+001  0.30859705E+001  0.13159265E+002  0.31665458E+003
 -0.80562499E+000 -0.53106723E+000 -0.29349493E+000 -0.51268357E-001 -0.90622359E-003 -0.40343399E-003  0.13244159E+000  0.13302886E+001  0.30859705E+001  0.13159265E+002  0.31665458E+003
 -0.80562506E+000 -0.53106725E+000 -0.29349496E+000 -0.51268358E-001 -0.90622362E-003 -0.40343402E-003  0.13244159E+000  0.13302886E+001  0.30859705E+001  0.13159266E+002  0.31665458E+003
 -0.80562512E+000 -0.53106727E+000 -0.29349498E+000 -0.51268359E-001 -0.90622366E-003 -0.40343405E-003  0.13244159E+000  0.13302886E+001  0.30859705E+001  0.13159266E+002  0.31665458E+003
 -0.80562517E+000 -0.53106729E+000 -0.29349500E+000 -0.51268360E-001 -0.90622369E-003 -0.40343408E-003  0.13244159E+000  0.13302886E+001  0.30859705E+001  0.13159267E+002  0.31665458E+003
 -0.80562522E+000 -0.53106731E+000 -0.29349502E+000 -0.51268360E-001 -0.90622372E-003 -0.40343411E-003  0.13244159E+000  0.13302886E+001  0.30859705E+001  0.13159267E+002  0.31665458E+003
 -0.80562527E+000 -0.53106732E+000 -0.29349504E+000 -0.51268361E-001 -0.90622375E-003 -0.40343414E-003  0.13244159E+000  0.13302886E+001  0.30859705E+001  0.13159268E+002  0.31665458E+003
 -0.80562531E+000 -0.53106734E+000 -0.29349505E+000 -0.51268362E-001 -0.90622378E-003 -0.40343417E-003  0.13244159E+000  0.13302886E+001  0.30859705E+001  0.13159268E+002  0.31665458E+003
 -0.80562536E+000 -0.53106735E+000 -0.29349507E+000 -0.51268363E-001 -0.90622382E-003 -0.40343420E-003  0.13244159E+000  0.13302886E+001  0.30859705E+001  0.13159269E+002  0.31665458E+003
 -0.80562540E+000 -0.53106736E+000 -0.29349509E+000 -0.51268364E-001 -0.90622386E-003 -0.40343423E-003  0.13244159E+000  0.13302886E+001  0.30859705E+001  0.13159269E+002  0.31665458E+003
 -0.80562544E+000 -0.53106738E+000 -0.29349511E+000 -0.51268366E-001 -0.90622390E-003 -0.40343427E-003  0.13244158E+000  0.13302886E+001  0.30859705E+001  0.13159270E+002  0.31665458E+003
 -0.80562549E+000 -0.53106739E+000 -0.29349513E+000 -0.51268367E-001 -0.90622395E-003 -0.40343431E-003  0.13244158E+000  0.13302886E+001  0.30859705E+001  0.13159270E+002  0.31665458E+003
 -0.80562553E+000 -0.53106740E+000 -0.29349515E+000 -0.51268368E-001 -0.90622401E-003 -0.40343436E-003  0.13244158E+000  0.13302886E+001  0.30859705E+001  0.13159271E+002  0.31665458E+003
 -0.80562558E+000 -0.53106742E+000 -0.29349517E+000 -0.51268370E-001 -0.90622407E-003 -0.40343442E-003  0.13244158E+000  0.13302886E+001  0.30859705E+001  0.13159271E+002  0.31665458E+003
 -0.80562563E+000 -0.53106743E+000 -0.29349520E+000 -0.51268372E-001 -0.90622414E-003 -0.40343448E-003  0.13244158E+000  0.13302886E+001  0.30859705E+001  0.13159271E+002  0.31665458E+003
 -0.80562569E+000 -0.53106745E+000 -0.29349522E+000 -0.51268373E-001 -0.90622422E-003 -0.40343454E-003  0.13244157E+000  0.13302886E+001  0.30859704E+001  0.13159272E+002  0.31665458E+003
 -0.80562575E+000 -0.53106747E+000 -0.29349525E+000 -0.51268376E-001 -0.90622431E-003 -0.40343462E-003  0.13244157E+000  0.13302886E+001  0.30859704E+001  0.13159272E+002  0.31665458E+003
 -0.80562581E+000 -0.53106749E+000 -0.29349528E+000 -0.51268378E-001 -0.90622441E-003 -0.40343470E-003  0.13244157E+000  0.13302886E+001  0.30859704E+001  0.13159272E+002  0.31665458E+003
 -0.80562588E+000 -0.53106751E+000 -0.29349531E+000 -0.51268380E-001 -0.90622451E-003 -0.40343479E-003  0.13244157E+000  0.13302886E+001  0.30859704E+001  0.13159272E+002  0.31665458E+003
 -0.80562595E+000 -0.53106753E+000 -0.29349535E+000 -0.51268383E-001 -0.90622463E-003 -0.40343489E-003  0.13244156E+000  0.13302886E+001  0.30859704E+001  0.13159272E+002  0.31665458E+003
 -0.80562602E+000 -0.53106755E+000 -0.29349538E+000 -0.51268385E-001 -0.90622474E-003 -0.40343499E-003  0.13244156E+000  0.13302886E+001  0.30859703E+001  0.13159273E+002  0.31665458E+003
 -0.80562609E+000 -0.53106757E+000 -0.29349541E+000 -0.51268387E-001 -0.90622486E-003 -0.40343509E-003  0.13244155E+000  0.13302886E+001  0.30859703E+001  0.13159273E+002  0.31665458E+003
 -0.80562616E+000 -0.53106759E+000 -0.29349545E+000 -0.51268390E-001 -0.90622498E-003 -0.40343519E-003  0.13244155E+000  0.13302886E+001  0.30859703E+001  0.13159273E+002  0.31665458E+003
 -0.80562622E+000 -0.53106761E+000 -0.29349548E+000 -0.51268392E-001 -0.90622509E-003 -0.40343530E-003  0.13244155E+000  0.13302885E+001  0.30859703E+001  0.13159273E+002  0.31665458E+003
 -0.80562629E+000 -0.53106763E+000 -0.29349551E+000 -0.51268394E-001 -0.90622520E-003 -0.40343540E-003  0.13244154E+000  0.13302885E+001  0.30859703E+001  0.13159272E+002  0.31665458E+003
 -0.80562634E+000 -0.53106765E+000 -0.29349553E+000 -0.51268396E-001 -0.90622531E-003 -0.40343549E-003  0.13244154E+000  0.13302885E+001  0.30859702E+001  0.13159272E+002  0.31665458E+003
 -0.80562639E+000 -0.53106767E+000 -0.29349556E+000 -0.51268398E-001 -0.90622540E-003 -0.40343558E-003  0.13244153E+000  0.13302885E+001  0.30859702E+001  0.13159272E+002  0.31665458E+003
 -0.80562643E+000 -0.53106768E+000 -0.29349557E+000 -0.51268399E-001 -0.90622547E-003 -0.40343566E-003  0.13244153E+000  0.13302885E+001  0.30859702E+001  0.13159272E+002  0.31665458E+003
 -0.80562645E+000 -0.53106769E+000 -0.29349558E+000 -0.51268400E-001 -0.90622553E-003 -0.40343573E-003  0.13244153E+000  0.13302885E+001  0.30859702E+001  0.13159272E+002  0.31665458E+003
 -0.80562647E+000 -0.53106769E+000 -0.29349559E+000 -0.51268400E-001 -0.90622557E-003 -0.40343578E-003  0.13244153E+000  0.13302885E+001  0.30859701E+001  0.13159272E+002  0.31665458E+003
 -0.80562647E+000 -0.53106769E+000 -0.29349559E+000 -0.51268400E-001 -0.90622559E-003 -0.40343581E-003  0.13244152E+000  0.13302885E+001  0.30859701E+001  0.13159271E+002  0.31665458E+003
 -0.80562645E+000 -0.53106769E+000 -0.29349558E+000 -0.51268399E-001 -0.90622559E-003 -0.40343583E-003  0.13244152E+000  0.13302885E+001  0.30859701E+001  0.13159271E+002  0.31665458E+003
 -0.80562642E+000 -0.53106768E+000 -0.29349556E+000 -0.51268398E-001 -0.90622556E-003 -0.40343583E-003  0.13244152E+000  0.13302885E+001  0.30859701E+001  0.13159271E+002  0.31665458E+003
 -0.80562637E+000 -0.53106767E+000 -0.29349554E+000 -0.51268396E-001 -0.90622551E-003 -0.40343581E-003  0.13244152E+000  0.13302885E+001  0.30859701E+001  0.13159270E+002  0.31665458E+003
 -0.80562631E+000 -0.53106765E+000 -0.29349551E+000 -0.51268393E-001 -0.90622543E-003 -0.40343577E-003  0.13244152E+000  0.13302885E+001  0.30859701E+001  0.13159270E+002  0.31665458E+003
 -0.80562623E+000 -0.53106763E+000 -0.29349547E+000 -0.51268390E-001 -0.90622533E-003 -0.40343571E-003  0.13244152E+000  0.13302885E+001  0.30859701E+001  0.13159270E+002  0.31665458E+003
 -0.80562614E+000 -0.53106760E+000 -0.29349543E+000 -0.51268387E-001 -0.90622521E-003 -0.40343563E-003  0.13244152E+000  0.13302885E+001  0.30859700E+001  0.13159270E+002  0.31665458E+003
 -0.80562603E+000 -0.53106757E+000 -0.29349537E+000 -0.51268383E-001 -0.90622507E-003 -0.40343553E-003  0.13244152E+000  0.13302885E+001  0.30859700E+001  0.13159269E+002  0.31665458E+003
 -0.80562592E+000 -0.53106754E+000 -0.29349532E+000 -0.51268379E-001 -0.90622491E-003 -0.40343542E-003  0.13244152E+000  0.13302885E+001  0.30859700E+001  0.13159269E+002  0.31665458E+003
 -0.80562579E+000 -0.53106750E+000 -0.29349526E+000 -0.51268375E-001 -0.90622474E-003 -0.40343530E-003  0.13244153E+000  0.13302885E+001  0.30859700E+001  0.13159269E+002  0.31665458E+003
 -0.80562566E+000 -0.53106746E+000 -0.29349520E+000 -0.51268370E-001 -0.90622455E-003 -0.40343516E-003  0.13244153E+000  0.13302885E+001  0.30859700E+001  0.13159268E+002  0.31665458E+003
 -0.80562552E+000 -0.53106742E+000 -0.29349513E+000 -0.51268365E-001 -0.90622435E-003 -0.40343502E-003  0.13244153E+000  0.13302885E+001  0.30859700E+001  0.13159268E+002  0.31665458E+003
 -0.80562538E+000 -0.53106738E+000 -0.29349506E+000 -0.51268361E-001 -0.90622415E-003 -0.40343487E-003  0.13244154E+000  0.13302885E+001  0.30859700E+001  0.13159268E+002  0.31665458E+003
 -0.80562524E+000 -0.53106734E+000 -0.29349500E+000 -0.51268356E-001 -0.90622395E-003 -0.40343471E-003  0.13244154E+000  0.13302885E+001  0.30859700E+001  0.13159267E+002  0.31665458E+003
 -0.80562510E+000 -0.53106730E+000 -0.29349493E+000 -0.51268351E-001 -0.90622374E-003 -0.40343455E-003  0.13244155E+000  0.13302885E+001  0.30859700E+001  0.13159267E+002  0.31665458E+003
 -0.80562497E+000 -0.53106726E+000 -0.29349487E+000 -0.51268347E-001 -0.90622354E-003 -0.40343439E-003  0.13244155E+000  0.13302885E+001  0.30859701E+001  0.13159267E+002  0.31665458E+003
 -0.80562484E+000 -0.53106722E+000 -0.29349481E+000 -0.51268342E-001 -0.90622335E-003 -0.40343423E-003  0.13244156E+000  0.13302885E+001  0.30859701E+001  0.13159267E+002  0.31665458E+003
 -0.80562471E+000 -0.53106718E+000 -0.29349475E+000 -0.51268338E-001 -0.90622316E-003 -0.40343408E-003  0.13244156E+000  0.13302885E+001  0.30859701E+001  0.13159266E+002  0.31665458E+003
 -0.80562460E+000 -0.53106714E+000 -0.29349469E+000 -0.51268335E-001 -0.90622298E-003 -0.40343393E-003  0.13244156E+000  0.13302885E+001  0.30859701E+001  0.13159266E+002  0.31665458E+003
 -0.80562449E+000 -0.53106711E+000 -0.29349464E+000 -0.51268331E-001 -0.90622282E-003 -0.40343379E-003  0.13244157E+000  0.13302885E+001  0.30859701E+001  0.13159266E+002  0.31665458E+003
 -0.80562440E+000 -0.53106708E+000 -0.29349460E+000 -0.51268328E-001 -0.90622267E-003 -0.40343366E-003  0.13244157E+000  0.13302885E+001  0.30859701E+001  0.13159266E+002  0.31665458E+003
 -0.80562432E+000 -0.53106706E+000 -0.29349456E+000 -0.51268326E-001 -0.90622253E-003 -0.40343354E-003  0.13244158E+000  0.13302885E+001  0.30859701E+001  0.13159265E+002  0.31665458E+003
 -0.80562425E+000 -0.53106703E+000 -0.29349453E+000 -0.51268323E-001 -0.90622241E-003 -0.40343343E-003  0.13244158E+000  0.13302885E+001  0.30859701E+001  0.13159265E+002  0.31665458E+003
 -0.80562419E+000 -0.53106701E+000 -0.29349451E+000 -0.51268322E-001 -0.90622231E-003 -0.40343333E-003  0.13244159E+000  0.13302886E+001  0.30859702E+001  0.13159265E+002  0.31665458E+003
 -0.80562415E+000 -0.53106700E+000 -0.29349449E+000 -0.51268320E-001 -0.90622223E-003 -0.40343325E-003  0.13244159E+000  0.13302886E+001  0.30859702E+001  0.13159265E+002  0.31665458E+003
 -0.80562412E+000 -0.53106699E+000 -0.29349447E+000 -0.51268320E-001 -0.90622216E-003 -0.40343317E-003  0.13244160E+000  0.13302886E+001  0.30859702E+001  0.13159265E+002  0.31665458E+003
 -0.80562410E+000 -0.53106698E+000 -0.29349447E+000 -0.51268319E-001 -0.90622211E-003 -0.40343311E-003  0.13244160E+000  0.13302886E+001  0.30859702E+001  0.13159264E+002  0.31665458E+003
 -0.80562410E+000 -0.53106698E+000 -0.29349447E+000 -0.51268319E-001 -0.90622208E-003 -0.40343307E-003  0.13244160E+000  0.13302886E+001  0.30859702E+001  0.13159264E+002  0.31665458E+003
 -0.80562412E+000 -0.53106698E+000 -0.29349447E+000 -0.51268320E-001 -0.90622207E-003 -0.40343304E-003  0.13244160E+000  0.13302886E+001  0.30859702E+001  0.13159264E+002  0.31665458E+003
 -0.80562414E+000 -0.53106699E+000 -0.29349448E+000 -0.51268321E-001 -0.90622207E-003 -0.40343302E-003  0.13244161E+000  0.13302886E+001  0.30859702E+001  0.13159264E+002  0.31665458E+003
 -0.80562418E+000 -0.53106700E+000 -0.29349450E+000 -0.51268322E-001 -0.90622209E-003 -0.40343301E-003  0.13244161E+000  0.13302886E+001  0.30859702E+001  0.13159264E+002  0.31665458E+003
 -0.80562423E+000 -0.53106701E+000 -0.29349452E+000 -0.51268323E-001 -0.90622213E-003 -0.40343302E-003  0.13244161E+000  0.13302886E+001  0.30859703E+001  0.13159264E+002  0.31665458E+003
 -0.80562429E+000 -0.53106703E+000 -0.29349455E+000 -0.51268325E-001 -0.90622218E-003 -0.40343304E-003  0.13244161E+000  0.13302886E+001  0.30859703E+001  0.13159264E+002  0.31665458E+003
 -0.80562436E+000 -0.53106705E+000 -0.29349459E+000 -0.51268328E-001 -0.90622225E-003 -0.40343307E-003  0.13244161E+000  0.13302886E+001  0.30859703E+001  0.13159264E+002  0.31665458E+003
 -0.80562444E+000 -0.53106707E+000 -0.29349462E+000 -0.51268330E-001 -0.90622233E-003 -0.40343312E-003  0.13244161E+000  0.13302886E+001  0.30859703E+001  0.13159263E+002  0.31665458E+003
 -0.80562453E+000 -0.53106710E+000 -0.29349467E+000 -0.51268333E-001 -0.90622243E-003 -0.40343318E-003  0.13244161E+000  0.13302886E+001  0.30859703E+001  0.13159263E+002  0.31665458E+003
 -0.80562463E+000 -0.53106713E+000 -0.29349471E+000 -0.51268336E-001 -0.90622254E-003 -0.40343325E-003  0.13244161E+000  0.13302886E+001  0.30859703E+001  0.13159263E+002  0.31665458E+003
 -0.80562474E+000 -0.53106716E+000 -0.29349476E+000 -0.51268340E-001 -0.90622267E-003 -0.40343333E-003  0.13244161E+000  0.13302886E+001  0.30859703E+001  0.13159263E+002  0.31665458E+003
 -0.80562486E+000 -0.53106719E+000 -0.29349481E+000 -0.51268344E-001 -0.90622280E-003 -0.40343342E-003  0.13244161E+000  0.13302886E+001  0.30859703E+001  0.13159263E+002  0.31665458E+003
 -0.80562498E+000 -0.53106723E+000 -0.29349487E+000 -0.51268347E-001 -0.90622295E-003 -0.40343352E-003  0.13244161E+000  0.13302886E+001  0.30859703E+001  0.13159263E+002  0.31665458E+003
 -0.80562510E+000 -0.53106727E+000 -0.29349493E+000 -0.51268352E-001 -0.90622310E-003 -0.40343363E-003  0.13244161E+000  0.13302886E+001  0.30859703E+001  0.13159263E+002  0.31665458E+003
 -0.80562524E+000 -0.53106731E+000 -0.29349499E+000 -0.51268356E-001 -0.90622327E-003 -0.40343376E-003  0.13244160E+000  0.13302886E+001  0.30859703E+001  0.13159263E+002  0.31665458E+003
 -0.80562537E+000 -0.53106735E+000 -0.29349505E+000 -0.51268360E-001 -0.90622345E-003 -0.40343389E-003  0.13244160E+000  0.13302886E+001  0.30859703E+001  0.13159263E+002  0.31665458E+003
 -0.80562551E+000 -0.53106739E+000 -0.29349512E+000 -0.51268365E-001 -0.90622363E-003 -0.40343402E-003  0.13244160E+000  0.13302886E+001  0.30859702E+001  0.13159263E+002  0.31665458E+003
 -0.80562565E+000 -0.53106743E+000 -0.29349518E+000 -0.51268369E-001 -0.90622382E-003 -0.40343417E-003  0.13244159E+000  0.13302886E+001  0.30859702E+001  0.13159262E+002  0.31665458E+003
 -0.80562579E+000 -0.53106747E+000 -0.29349525E+000 -0.51268374E-001 -0.90622401E-003 -0.40343432E-003  0.13244159E+000  0.13302886E+001  0.30859702E+001  0.13159262E+002  0.31665458E+003
 -0.80562593E+000 -0.53106751E+000 -0.29349531E+000 -0.51268378E-001 -0.90622421E-003 -0.40343447E-003  0.13244159E+000  0.13302886E+001  0.30859702E+001  0.13159262E+002  0.31665458E+003
 -0.80562607E+000 -0.53106756E+000 -0.29349537E+000 -0.51268383E-001 -0.90622441E-003 -0.40343463E-003  0.13244158E+000  0.13302886E+001  0.30859702E+001  0.13159262E+002  0.31665458E+003
 -0.80562621E+000 -0.53106760E+000 -0.29349544E+000 -0.51268387E-001 -0.90622461E-003 -0.40343479E-003  0.13244158E+000  0.13302886E+001  0.30859702E+001  0.13159262E+002  0.31665458E+003
 -0.80562634E+000 -0.53106764E+000 -0.29349550E+000 -0.51268391E-001 -0.90622480E-003 -0.40343495E-003  0.13244157E+000  0.13302886E+001  0.30859702E+001  0.13159262E+002  0.31665458E+003
 -0.80562648E+000 -0.53106768E+000 -0.29349556E+000 -0.51268396E-001 -0.90622500E-003 -0.40343512E-003  0.13244157E+000  0.13302885E+001  0.30859701E+001  0.13159262E+002  0.31665458E+003
 -0.80562660E+000 -0.53106772E+000 -0.29349562E+000 -0.51268400E-001 -0.90622520E-003 -0.40343528E-003  0.13244156E+000  0.13302885E+001  0.30859701E+001  0.13159262E+002  0.31665458E+003
 -0.80562672E+000 -0.53106775E+000 -0.29349567E+000 -0.51268404E-001 -0.90622538E-003 -0.40343544E-003  0.13244156E+000  0.13302885E+001  0.30859701E+001  0.13159261E+002  0.31665458E+003
 -0.80562683E+000 -0.53106779E+000 -0.29349573E+000 -0.51268407E-001 -0.90622556E-003 -0.40343560E-003  0.13244155E+000  0.13302885E+001  0.30859701E+001  0.13159261E+002  0.31665458E+003
 -0.80562693E+000 -0.53106782E+000 -0.29349577E+000 -0.51268410E-001 -0.90622574E-003 -0.40343575E-003  0.13244154E+000  0.13302885E+001  0.30859700E+001  0.13159261E+002  0.31665458E+003
 -0.80562703E+000 -0.53106785E+000 -0.29349582E+000 -0.51268413E-001 -0.90622590E-003 -0.40343590E-003  0.13244154E+000  0.13302885E+001  0.30859700E+001  0.13159261E+002  0.31665458E+003
 -0.80562711E+000 -0.53106787E+000 -0.29349585E+000 -0.51268416E-001 -0.90622605E-003 -0.40343604E-003  0.13244153E+000  0.13302885E+001  0.30859700E+001  0.13159261E+002  0.31665458E+003
 -0.80562718E+000 -0.53106790E+000 -0.29349589E+000 -0.51268419E-001 -0.90622618E-003 -0.40343617E-003  0.13244153E+000  0.13302885E+001  0.30859700E+001  0.13159260E+002  0.31665458E+003
 -0.80562724E+000 -0.53106791E+000 -0.29349591E+000 -0.51268420E-001 -0.90622630E-003 -0.40343628E-003  0.13244152E+000  0.13302885E+001  0.30859699E+001  0.13159260E+002  0.31665458E+003
 -0.80562729E+000 -0.53106793E+000 -0.29349594E+000 -0.51268422E-001 -0.90622641E-003 -0.40343639E-003  0.13244152E+000  0.13302885E+001  0.30859699E+001  0.13159260E+002  0.31665458E+003
 -0.80562732E+000 -0.53106794E+000 -0.29349595E+000 -0.51268423E-001 -0.90622649E-003 -0.40343649E-003  0.13244151E+000  0.13302885E+001  0.30859699E+001  0.13159260E+002  0.31665458E+003
 -0.80562734E+000 -0.53106795E+000 -0.29349596E+000 -0.51268424E-001 -0.90622656E-003 -0.40343657E-003  0.13244151E+000  0.13302885E+001  0.30859698E+001  0.13159260E+002  0.31665458E+003
 -0.80562734E+000 -0.53106795E+000 -0.29349596E+000 -0.51268424E-001 -0.90622661E-003 -0.40343663E-003  0.13244150E+000  0.13302885E+001  0.30859698E+001  0.13159259E+002  0.31665458E+003
 -0.80562733E+000 -0.53106795E+000 -0.29349595E+000 -0.51268423E-001 -0.90622664E-003 -0.40343668E-003  0.13244150E+000  0.13302885E+001  0.30859698E+001  0.13159259E+002  0.31665458E+003
 -0.80562730E+000 -0.53106794E+000 -0.29349594E+000 -0.51268422E-001 -0.90622664E-003 -0.40343671E-003  0.13244150E+000  0.13302885E+001  0.30859698E+001  0.13159259E+002  0.31665458E+003
 -0.80562726E+000 -0.53106793E+000 -0.29349591E+000 -0.51268421E-001 -0.90622663E-003 -0.40343673E-003  0.13244149E+000  0.13302885E+001  0.30859698E+001  0.13159259E+002  0.31665458E+003
 -0.80562719E+000 -0.53106791E+000 -0.29349588E+000 -0.51268419E-001 -0.90622658E-003 -0.40343672E-003  0.13244149E+000  0.13302885E+001  0.30859698E+001  0.13159259E+002  0.31665458E+003
 -0.80562711E+000 -0.53106789E+000 -0.29349583E+000 -0.51268416E-001 -0.90622651E-003 -0.40343670E-003  0.13244149E+000  0.13302885E+001  0.30859697E+001  0.13159258E+002  0.31665458E+003
 -0.80562700E+000 -0.53106786E+000 -0.29349577E+000 -0.51268412E-001 -0.90622641E-003 -0.40343665E-003  0.13244149E+000  0.13302885E+001  0.30859697E+001  0.13159258E+002  0.31665458E+003
 -0.80562686E+000 -0.53106782E+000 -0.29349570E+000 -0.51268406E-001 -0.90622628E-003 -0.40343658E-003  0.13244149E+000  0.13302885E+001  0.30859697E+001  0.13159258E+002  0.31665458E+003
 -0.80562666E+000 -0.53106776E+000 -0.29349558E+000 -0.51268398E-001 -0.90622608E-003 -0.40343646E-003  0.13244149E+000  0.13302885E+001  0.30859698E+001  0.13159258E+002  0.31665458E+003
 -0.80562642E+000 -0.53106769E+000 -0.29349545E+000 -0.51268389E-001 -0.90622595E-003 -0.40343640E-003  0.13244150E+000  0.13302885E+001  0.30859698E+001  0.13159258E+002  0.31665458E+003
 -0.80562594E+000 -0.53106755E+000 -0.29349517E+000 -0.51268362E-001 -0.90622557E-003 -0.40343624E-003  0.13244151E+000  0.13302885E+001  0.30859698E+001  0.13159258E+002  0.31665458E+003
 -0.80562509E+000 -0.53106732E+000 -0.29349482E+000 -0.51268334E-001 -0.90622600E-003 -0.40343678E-003  0.13244153E+000  0.13302885E+001  0.30859699E+001  0.13159258E+002  0.31665458E+003
