 -0.75583062E+000 -0.58864791E+000 -0.27718355E+000 -0.60576479E-001 -0.64091517E-002 -0.16010946E-002  0.19082638E+000  0.12326563E+001  0.24851573E+001  0.53345402E+001  0.73430020E+001
 -0.75547199E+000 -0.58821954E+000 -0.27681570E+000 -0.60004873E-001 -0.64021001E-002 -0.15916757E-002  0.19117425E+000  0.12330929E+001  0.24855883E+001  0.53350633E+001  0.73435105E+001
 -0.75517477E+000 -0.58787121E+000 -0.27653887E+000 -0.59606946E-001 -0.63982276E-002 -0.15873651E-002  0.19143289E+000  0.12334419E+001  0.24859365E+001  0.53354863E+001  0.73439210E+001
 -0.75493576E+000 -0.58759580E+000 -0.27633543E+000 -0.59328762E-001 -0.63959866E-002 -0.15852244E-002  0.19162356E+000  0.12337206E+001  0.24862188E+001  0.53358302E+001  0.73442542E+001
 -0.75475105E+000 -0.58738526E+000 -0.27618961E+000 -0.59137621E-001 -0.63947134E-002 -0.15841957E-002  0.19176186E+000  0.12339415E+001  0.24864477E+001  0.53361104E+001  0.73445255E+001
 -0.75461548E+000 -0.58723087E+000 -0.27608860E+000 -0.59011700E-001 -0.63940640E-002 -0.15838141E-002  0.19185937E+000  0.12341144E+001  0.24866327E+001  0.53363386E+001  0.73447463E+001
 -0.75452297E+000 -0.58712396E+000 -0.27602243E+000 -0.58935381E-001 -0.63938356E-002 -0.15838390E-002  0.19192486E+000  0.12342476E+001  0.24867810E+001  0.53365239E+001  0.73449256E+001
 -0.75446713E+000 -0.58705647E+000 -0.27598340E+000 -0.58897010E-001 -0.63938989E-002 -0.15841300E-002  0.19196510E+000  0.12343475E+001  0.24868986E+001  0.53366739E+001  0.73450706E+001
 -0.75444169E+000 -0.58702125E+000 -0.27596561E+000 -0.58887695E-001 -0.63941663E-002 -0.15845985E-002  0.19198543E+000  0.12344198E+001  0.24869903E+001  0.53367943E+001  0.73451871E+001
 -0.75444084E+000 -0.58701207E+000 -0.27596441E+000 -0.58900499E-001 -0.63945756E-002 -0.15851834E-002  0.19199011E+000  0.12344691E+001  0.24870603E+001  0.53368902E+001  0.73452798E+001
 -0.75445944E+000 -0.58702369E+000 -0.27597621E+000 -0.58930057E-001 -0.63950826E-002 -0.15858436E-002  0.19198253E+000  0.12344994E+001  0.24871117E+001  0.53369655E+001  0.73453525E+001
 -0.75449302E+000 -0.58705169E+000 -0.27599814E+000 -0.58972164E-001 -0.63956551E-002 -0.15865496E-002  0.19196541E+000  0.12345140E+001  0.24871474E+001  0.53370234E+001  0.73454084E+001
 -0.75453782E+000 -0.58709240E+000 -0.27602791E+000 -0.59023518E-001 -0.63962691E-002 -0.15872802E-002  0.19194094E+000  0.12345157E+001  0.24871698E+001  0.53370667E+001  0.73454502E+001
 -0.75459072E+000 -0.58714278E+000 -0.27606365E+000 -0.59081515E-001 -0.63969064E-002 -0.15880190E-002  0.19191090E+000  0.12345068E+001  0.24871808E+001  0.53370976E+001  0.73454800E+001
 -0.75464915E+000 -0.58720032E+000 -0.27610387E+000 -0.59144102E-001 -0.63975538E-002 -0.15887548E-002  0.19187672E+000  0.12344893E+001  0.24871821E+001  0.53371180E+001  0.73454996E+001
 -0.75471104E+000 -0.58726294E+000 -0.27614734E+000 -0.59209664E-001 -0.63982011E-002 -0.15894793E-002  0.19183953E+000  0.12344646E+001  0.24871751E+001  0.53371294E+001  0.73455106E+001
 -0.75477475E+000 -0.58732895E+000 -0.27619305E+000 -0.59276927E-001 -0.63988411E-002 -0.15901867E-002  0.19180026E+000  0.12344342E+001  0.24871610E+001  0.53371331E+001  0.73455142E+001
 -0.75483897E+000 -0.58739696E+000 -0.27624019E+000 -0.59344889E-001 -0.63994681E-002 -0.15908727E-002  0.19175965E+000  0.12343992E+001  0.24871410E+001  0.53371302E+001  0.73455114E+001
 -0.75490270E+000 -0.58746585E+000 -0.27628809E+000 -0.59412764E-001 -0.64000783E-002 -0.15915345E-002  0.19171828E+000  0.12343605E+001  0.24871158E+001  0.53371216E+001  0.73455031E+001
 -0.75496515E+000 -0.58753470E+000 -0.27633619E+000 -0.59479935E-001 -0.64006688E-002 -0.15921703E-002  0.19167664E+000  0.12343188E+001  0.24870861E+001  0.53371080E+001  0.73454901E+001
 -0.75502576E+000 -0.58760279E+000 -0.27638403E+000 -0.59545919E-001 -0.64012376E-002 -0.15927791E-002  0.19163509E+000  0.12342749E+001  0.24870528E+001  0.53370900E+001  0.73454729E+001
 -0.75508411E+000 -0.58766954E+000 -0.27643126E+000 -0.59610340E-001 -0.64017833E-002 -0.15933602E-002  0.19159395E+000  0.12342292E+001  0.24870162E+001  0.53370681E+001  0.73454520E+001
 -0.75513990E+000 -0.58773448E+000 -0.27647756E+000 -0.59672906E-001 -0.64023051E-002 -0.15939133E-002  0.19155344E+000  0.12341821E+001  0.24869770E+001  0.53370428E+001  0.73454280E+001
 -0.75519294E+000 -0.58779728E+000 -0.27652269E+000 -0.59733396E-001 -0.64028024E-002 -0.15944384E-002  0.19151375E+000  0.12341341E+001  0.24869355E+001  0.53370143E+001  0.73454010E+001
 -0.75524312E+000 -0.58785766E+000 -0.27656646E+000 -0.59791640E-001 -0.64032751E-002 -0.15949357E-002  0.19147504E+000  0.12340854E+001  0.24868921E+001  0.53369830E+001  0.73453716E+001
 -0.75529038E+000 -0.58791544E+000 -0.27660871E+000 -0.59847514E-001 -0.64037231E-002 -0.15954058E-002  0.19143742E+000  0.12340363E+001  0.24868472E+001  0.53369491E+001  0.73453399E+001
 -0.75533474E+000 -0.58797048E+000 -0.27664932E+000 -0.59900928E-001 -0.64041468E-002 -0.15958491E-002  0.19140098E+000  0.12339870E+001  0.24868011E+001  0.53369128E+001  0.73453061E+001
 -0.75537623E+000 -0.58802271E+000 -0.27668819E+000 -0.59951826E-001 -0.64045464E-002 -0.15962662E-002  0.19136578E+000  0.12339377E+001  0.24867540E+001  0.53368742E+001  0.73452706E+001
 -0.75541492E+000 -0.58807208E+000 -0.27672527E+000 -0.60000171E-001 -0.64049224E-002 -0.15966580E-002  0.19133189E+000  0.12338885E+001  0.24867062E+001  0.53368334E+001  0.73452332E+001
 -0.75545089E+000 -0.58811860E+000 -0.27676051E+000 -0.60045952E-001 -0.64052752E-002 -0.15970252E-002  0.19129932E+000  0.12338396E+001  0.24866579E+001  0.53367906E+001  0.73451943E+001
 -0.75548425E+000 -0.58816228E+000 -0.27679389E+000 -0.60089173E-001 -0.64056057E-002 -0.15973686E-002  0.19126812E+000  0.12337911E+001  0.24866094E+001  0.53367458E+001  0.73451539E+001
 -0.75551513E+000 -0.58820317E+000 -0.27682539E+000 -0.60129857E-001 -0.64059143E-002 -0.15976891E-002  0.19123829E+000  0.12337431E+001  0.24865607E+001  0.53366990E+001  0.73451121E+001
 -0.75554363E+000 -0.58824135E+000 -0.27685504E+000 -0.60168038E-001 -0.64062018E-002 -0.15979875E-002  0.19120984E+000  0.12336957E+001  0.24865121E+001  0.53366504E+001  0.73450690E+001
 -0.75556990E+000 -0.58827690E+000 -0.27688286E+000 -0.60203766E-001 -0.64064690E-002 -0.15982648E-002  0.19118277E+000  0.12336489E+001  0.24864636E+001  0.53365999E+001  0.73450246E+001
 -0.75559407E+000 -0.58830991E+000 -0.27690887E+000 -0.60237100E-001 -0.64067167E-002 -0.15985218E-002  0.19115706E+000  0.12336029E+001  0.24864154E+001  0.53365476E+001  0.73449789E+001
 -0.75561625E+000 -0.58834049E+000 -0.27693313E+000 -0.60268110E-001 -0.64069458E-002 -0.15987595E-002  0.19113271E+000  0.12335576E+001  0.24863677E+001  0.53364936E+001  0.73449321E+001
 -0.75563659E+000 -0.58836875E+000 -0.27695569E+000 -0.60296874E-001 -0.64071570E-002 -0.15989788E-002  0.19110970E+000  0.12335133E+001  0.24863204E+001  0.53364380E+001  0.73448842E+001
 -0.75565520E+000 -0.58839482E+000 -0.27697661E+000 -0.60323479E-001 -0.64073514E-002 -0.15991807E-002  0.19108799E+000  0.12334698E+001  0.24862737E+001  0.53363808E+001  0.73448353E+001
 -0.75567221E+000 -0.58841880E+000 -0.27699596E+000 -0.60348018E-001 -0.64075297E-002 -0.15993662E-002  0.19106756E+000  0.12334274E+001  0.24862276E+001  0.53363220E+001  0.73447853E+001
 -0.75568774E+000 -0.58844083E+000 -0.27701381E+000 -0.60370588E-001 -0.64076929E-002 -0.15995361E-002  0.19104839E+000  0.12333860E+001  0.24861822E+001  0.53362619E+001  0.73447344E+001
 -0.75570189E+000 -0.58846102E+000 -0.27703024E+000 -0.60391291E-001 -0.64078420E-002 -0.15996914E-002  0.19103042E+000  0.12333457E+001  0.24861376E+001  0.53362006E+001  0.73446826E+001
 -0.75571478E+000 -0.58847949E+000 -0.27704532E+000 -0.60410231E-001 -0.64079777E-002 -0.15998330E-002  0.19101362E+000  0.12333065E+001  0.24860937E+001  0.53361381E+001  0.73446299E+001
 -0.75572650E+000 -0.58849636E+000 -0.27705914E+000 -0.60427514E-001 -0.64081011E-002 -0.15999619E-002  0.19099795E+000  0.12332684E+001  0.24860507E+001  0.53360748E+001  0.73445764E+001
 -0.75573714E+000 -0.58851175E+000 -0.27707177E+000 -0.60443244E-001 -0.64082129E-002 -0.16000789E-002  0.19098337E+000  0.12332316E+001  0.24860085E+001  0.53360107E+001  0.73445221E+001
 -0.75574680E+000 -0.58852575E+000 -0.27708329E+000 -0.60457527E-001 -0.64083141E-002 -0.16001849E-002  0.19096983E+000  0.12331960E+001  0.24859671E+001  0.53359461E+001  0.73444673E+001
 -0.75575555E+000 -0.58853848E+000 -0.27709377E+000 -0.60470465E-001 -0.64084054E-002 -0.16002807E-002  0.19095727E+000  0.12331617E+001  0.24859267E+001  0.53358813E+001  0.73444118E+001
 -0.75576348E+000 -0.58855003E+000 -0.27710329E+000 -0.60482157E-001 -0.64084876E-002 -0.16003671E-002  0.19094566E+000  0.12331288E+001  0.24858871E+001  0.53358165E+001  0.73443558E+001
 -0.75577065E+000 -0.58856049E+000 -0.27711193E+000 -0.60492701E-001 -0.64085616E-002 -0.16004450E-002  0.19093493E+000  0.12330971E+001  0.24858486E+001  0.53357519E+001  0.73442995E+001
 -0.75577712E+000 -0.58856996E+000 -0.27711974E+000 -0.60502189E-001 -0.64086279E-002 -0.16005150E-002  0.19092505E+000  0.12330667E+001  0.24858110E+001  0.53356878E+001  0.73442429E+001
 -0.75578297E+000 -0.58857851E+000 -0.27712680E+000 -0.60510709E-001 -0.64086873E-002 -0.16005777E-002  0.19091596E+000  0.12330378E+001  0.24857744E+001  0.53356245E+001  0.73441862E+001
 -0.75578823E+000 -0.58858622E+000 -0.27713316E+000 -0.60518345E-001 -0.64087404E-002 -0.16006340E-002  0.19090761E+000  0.12330101E+001  0.24857389E+001  0.53355622E+001  0.73441294E+001
 -0.75579297E+000 -0.58859317E+000 -0.27713888E+000 -0.60525175E-001 -0.64087878E-002 -0.16006843E-002  0.19089996E+000  0.12329838E+001  0.24857044E+001  0.53355012E+001  0.73440729E+001
 -0.75579724E+000 -0.58859941E+000 -0.27714403E+000 -0.60531273E-001 -0.64088301E-002 -0.16007293E-002  0.19089296E+000  0.12329589E+001  0.24856710E+001  0.53354417E+001  0.73440166E+001
 -0.75580106E+000 -0.58860502E+000 -0.27714864E+000 -0.60536707E-001 -0.64088677E-002 -0.16007695E-002  0.19088656E+000  0.12329353E+001  0.24856387E+001  0.53353838E+001  0.73439607E+001
 -0.75580449E+000 -0.58861005E+000 -0.27715277E+000 -0.60541541E-001 -0.64089012E-002 -0.16008053E-002  0.19088072E+000  0.12329130E+001  0.24856075E+001  0.53353278E+001  0.73439056E+001
 -0.75580757E+000 -0.58861454E+000 -0.27715646E+000 -0.60545835E-001 -0.64089308E-002 -0.16008372E-002  0.19087540E+000  0.12328920E+001  0.24855775E+001  0.53352738E+001  0.73438512E+001
 -0.75581031E+000 -0.58861856E+000 -0.27715975E+000 -0.60549642E-001 -0.64089572E-002 -0.16008656E-002  0.19087055E+000  0.12328723E+001  0.24855487E+001  0.53352219E+001  0.73437978E+001
 -0.75581277E+000 -0.58862214E+000 -0.27716268E+000 -0.60553012E-001 -0.64089805E-002 -0.16008909E-002  0.19086615E+000  0.12328538E+001  0.24855211E+001  0.53351722E+001  0.73437456E+001
 -0.75581495E+000 -0.58862533E+000 -0.27716528E+000 -0.60555991E-001 -0.64090011E-002 -0.16009134E-002  0.19086215E+000  0.12328366E+001  0.24854947E+001  0.53351247E+001  0.73436948E+001
 -0.75581690E+000 -0.58862817E+000 -0.27716759E+000 -0.60558621E-001 -0.64090194E-002 -0.16009335E-002  0.19085851E+000  0.12328205E+001  0.24854695E+001  0.53350796E+001  0.73436454E+001
 -0.75581863E+000 -0.58863068E+000 -0.27716964E+000 -0.60560938E-001 -0.64090355E-002 -0.16009513E-002  0.19085522E+000  0.12328055E+001  0.24854455E+001  0.53350369E+001  0.73435977E+001
 -0.75582017E+000 -0.58863291E+000 -0.27717145E+000 -0.60562978E-001 -0.64090498E-002 -0.16009672E-002  0.19085224E+000  0.12327916E+001  0.24854227E+001  0.53349964E+001  0.73435517E+001
 -0.75582153E+000 -0.58863488E+000 -0.27717305E+000 -0.60564771E-001 -0.64090624E-002 -0.16009814E-002  0.19084953E+000  0.12327787E+001  0.24854011E+001  0.53349583E+001  0.73435077E+001
 -0.75582273E+000 -0.58863662E+000 -0.27717445E+000 -0.60566345E-001 -0.64090735E-002 -0.16009940E-002  0.19084709E+000  0.12327668E+001  0.24853808E+001  0.53349224E+001  0.73434656E+001
 -0.75582380E+000 -0.58863816E+000 -0.27717569E+000 -0.60567725E-001 -0.64090833E-002 -0.16010052E-002  0.19084488E+000  0.12327559E+001  0.24853616E+001  0.53348888E+001  0.73434257E+001
 -0.75582473E+000 -0.58863951E+000 -0.27717678E+000 -0.60568933E-001 -0.64090920E-002 -0.16010153E-002  0.19084288E+000  0.12327458E+001  0.24853435E+001  0.53348573E+001  0.73433878E+001
 -0.75582556E+000 -0.58864069E+000 -0.27717773E+000 -0.60569989E-001 -0.64090996E-002 -0.16010242E-002  0.19084108E+000  0.12327366E+001  0.24853267E+001  0.53348279E+001  0.73433522E+001
 -0.75582628E+000 -0.58864173E+000 -0.27717856E+000 -0.60570912E-001 -0.64091063E-002 -0.16010322E-002  0.19083945E+000  0.12327281E+001  0.24853109E+001  0.53348006E+001  0.73433187E+001
 -0.75582692E+000 -0.58864264E+000 -0.27717929E+000 -0.60571716E-001 -0.64091123E-002 -0.16010393E-002  0.19083798E+000  0.12327204E+001  0.24852962E+001  0.53347752E+001  0.73432875E+001
 -0.75582748E+000 -0.58864343E+000 -0.27717992E+000 -0.60572417E-001 -0.64091175E-002 -0.16010457E-002  0.19083666E+000  0.12327134E+001  0.24852825E+001  0.53347516E+001  0.73432584E+001
 -0.75582796E+000 -0.58864412E+000 -0.27718047E+000 -0.60573026E-001 -0.64091221E-002 -0.16010514E-002  0.19083547E+000  0.12327070E+001  0.24852698E+001  0.53347298E+001  0.73432314E+001
 -0.75582838E+000 -0.58864472E+000 -0.27718095E+000 -0.60573555E-001 -0.64091261E-002 -0.16010564E-002  0.19083440E+000  0.12327012E+001  0.24852581E+001  0.53347098E+001  0.73432066E+001
 -0.75582875E+000 -0.58864524E+000 -0.27718137E+000 -0.60574013E-001 -0.64091296E-002 -0.16010610E-002  0.19083343E+000  0.12326960E+001  0.24852473E+001  0.53346913E+001  0.73431837E+001
 -0.75582907E+000 -0.58864569E+000 -0.27718173E+000 -0.60574410E-001 -0.64091327E-002 -0.16010650E-002  0.19083256E+000  0.12326912E+001  0.24852374E+001  0.53346744E+001  0.73431628E+001
 -0.75582935E+000 -0.58864608E+000 -0.27718204E+000 -0.60574752E-001 -0.64091355E-002 -0.16010686E-002  0.19083179E+000  0.12326870E+001  0.24852284E+001  0.53346589E+001  0.73431437E+001
 -0.75582959E+000 -0.58864641E+000 -0.27718230E+000 -0.60575048E-001 -0.64091379E-002 -0.16010717E-002  0.19083109E+000  0.12326831E+001  0.24852201E+001  0.53346448E+001  0.73431264E+001
 -0.75582979E+000 -0.58864670E+000 -0.27718253E+000 -0.60575301E-001 -0.64091399E-002 -0.16010746E-002  0.19083046E+000  0.12326797E+001  0.24852125E+001  0.53346319E+001  0.73431107E+001
 -0.75582996E+000 -0.58864694E+000 -0.27718272E+000 -0.60575519E-001 -0.64091418E-002 -0.16010771E-002  0.19082990E+000  0.12326766E+001  0.24852057E+001  0.53346203E+001  0.73430966E+001
 -0.75583011E+000 -0.58864715E+000 -0.27718289E+000 -0.60575705E-001 -0.64091433E-002 -0.16010793E-002  0.19082940E+000  0.12326739E+001  0.24851995E+001  0.53346098E+001  0.73430839E+001
 -0.75583024E+000 -0.58864733E+000 -0.27718303E+000 -0.60575863E-001 -0.64091447E-002 -0.16010812E-002  0.19082896E+000  0.12326714E+001  0.24851939E+001  0.53346003E+001  0.73430725E+001
 -0.75583034E+000 -0.58864748E+000 -0.27718315E+000 -0.60575997E-001 -0.64091459E-002 -0.16010830E-002  0.19082856E+000  0.12326693E+001  0.24851889E+001  0.53345918E+001  0.73430624E+001
 -0.75583043E+000 -0.58864760E+000 -0.27718325E+000 -0.60576110E-001 -0.64091469E-002 -0.16010845E-002  0.19082821E+000  0.12326673E+001  0.24851844E+001  0.53345842E+001  0.73430535E+001
 -0.75583051E+000 -0.58864771E+000 -0.27718334E+000 -0.60576206E-001 -0.64091478E-002 -0.16010858E-002  0.19082790E+000  0.12326656E+001  0.24851804E+001  0.53345774E+001  0.73430456E+001
 -0.75583057E+000 -0.58864779E+000 -0.27718341E+000 -0.60576285E-001 -0.64091485E-002 -0.16010870E-002  0.19082762E+000  0.12326641E+001  0.24851769E+001  0.53345714E+001  0.73430386E+001
 -0.75583062E+000 -0.58864786E+000 -0.27718346E+000 -0.60576351E-001 -0.64091492E-002 -0.16010880E-002  0.19082738E+000  0.12326628E+001  0.24851737E+001  0.53345661E+001  0.73430325E+001
 -0.75583066E+000 -0.58864792E+000 -0.27718351E+000 -0.60576405E-001 -0.64091497E-002 -0.16010889E-002  0.19082717E+000  0.12326616E+001  0.24851709E+001  0.53345615E+001  0.73430272E+001
 -0.75583069E+000 -0.58864796E+000 -0.27718355E+000 -0.60576449E-001 -0.64091502E-002 -0.16010896E-002  0.19082698E+000  0.12326606E+001  0.24851685E+001  0.53345574E+001  0.73430226E+001
 -0.75583071E+000 -0.58864800E+000 -0.27718358E+000 -0.60576484E-001 -0.64091505E-002 -0.16010903E-002  0.19082682E+000  0.12326598E+001  0.24851663E+001  0.53345539E+001  0.73430186E+001
 -0.75583073E+000 -0.58864803E+000 -0.27718360E+000 -0.60576512E-001 -0.64091508E-002 -0.16010908E-002  0.19082667E+000  0.12326590E+001  0.24851645E+001  0.53345508E+001  0.73430152E+001
 -0.75583074E+000 -0.58864805E+000 -0.27718362E+000 -0.60576533E-001 -0.64091511E-002 -0.16010913E-002  0.19082655E+000  0.12326583E+001  0.24851628E+001  0.53345482E+001  0.73430123E+001
 -0.75583075E+000 -0.58864806E+000 -0.27718363E+000 -0.60576550E-001 -0.64091513E-002 -0.16010917E-002  0.19082644E+000  0.12326578E+001  0.24851615E+001  0.53345459E+001  0.73430098E+001
 -0.75583076E+000 -0.58864807E+000 -0.27718364E+000 -0.60576561E-001 -0.64091515E-002 -0.16010920E-002  0.19082635E+000  0.12326573E+001  0.24851602E+001  0.53345440E+001  0.73430077E+001
 -0.75583076E+000 -0.58864807E+000 -0.27718364E+000 -0.60576569E-001 -0.64091516E-002 -0.16010923E-002  0.19082627E+000  0.12326569E+001  0.24851592E+001  0.53345424E+001  0.73430060E+001
 -0.75583076E+000 -0.58864807E+000 -0.27718365E+000 -0.60576574E-001 -0.64091517E-002 -0.16010925E-002  0.19082621E+000  0.12326565E+001  0.24851583E+001  0.53345410E+001  0.73430045E+001
 -0.75583076E+000 -0.58864807E+000 -0.27718365E+000 -0.60576576E-001 -0.64091518E-002 -0.16010927E-002  0.19082615E+000  0.12326562E+001  0.24851576E+001  0.53345399E+001  0.73430033E+001
 -0.75583075E+000 -0.58864807E+000 -0.27718365E+000 -0.60576577E-001 -0.64091518E-002 -0.16010929E-002  0.19082610E+000  0.12326560E+001  0.24851570E+001  0.53345389E+001  0.73430023E+001
 -0.75583075E+000 -0.58864806E+000 -0.27718364E+000 -0.60576575E-001 -0.64091518E-002 -0.16010930E-002  0.19082607E+000  0.12326558E+001  0.24851565E+001  0.53345382E+001  0.73430015E+001
 -0.75583074E+000 -0.58864806E+000 -0.27718364E+000 -0.60576573E-001 -0.64091519E-002 -0.16010931E-002  0.19082603E+000  0.12326556E+001  0.24851560E+001  0.53345376E+001  0.73430009E+001
 -0.75583073E+000 -0.58864805E+000 -0.27718363E+000 -0.60576569E-001 -0.64091519E-002 -0.16010932E-002  0.19082601E+000  0.12326555E+001  0.24851557E+001  0.53345371E+001  0.73430004E+001
 -0.75583073E+000 -0.58864804E+000 -0.27718363E+000 -0.60576565E-001 -0.64091519E-002 -0.16010932E-002  0.19082599E+000  0.12326553E+001  0.24851554E+001  0.53345367E+001  0.73429999E+001
 -0.75583072E+000 -0.58864803E+000 -0.27718362E+000 -0.60576561E-001 -0.64091518E-002 -0.16010933E-002  0.19082597E+000  0.12326552E+001  0.24851552E+001  0.53345364E+001  0.73429996E+001
 -0.75583071E+000 -0.58864802E+000 -0.27718362E+000 -0.60576556E-001 -0.64091518E-002 -0.16010933E-002  0.19082596E+000  0.12326552E+001  0.24851550E+001  0.53345362E+001  0.73429994E+001
 -0.75583070E+000 -0.58864801E+000 -0.27718361E+000 -0.60576551E-001 -0.64091518E-002 -0.16010933E-002  0.19082595E+000  0.12326551E+001  0.24851548E+001  0.53345360E+001  0.73429992E+001
 -0.75583070E+000 -0.58864801E+000 -0.27718361E+000 -0.60576547E-001 -0.64091518E-002 -0.16010933E-002  0.19082594E+000  0.12326551E+001  0.24851547E+001  0.53345359E+001  0.73429990E+001
 -0.75583069E+000 -0.58864800E+000 -0.27718360E+000 -0.60576542E-001 -0.64091518E-002 -0.16010933E-002  0.19082593E+000  0.12326550E+001  0.24851546E+001  0.53345358E+001  0.73429989E+001
 -0.75583069E+000 -0.58864799E+000 -0.27718360E+000 -0.60576538E-001 -0.64091517E-002 -0.16010933E-002  0.19082593E+000  0.12326550E+001  0.24851546E+001  0.53345357E+001  0.73429988E+001
 -0.75583068E+000 -0.58864798E+000 -0.27718359E+000 -0.60576535E-001 -0.64091517E-002 -0.16010933E-002  0.19082593E+000  0.12326549E+001  0.24851545E+001  0.53345357E+001  0.73429987E+001
 -0.75583068E+000 -0.58864798E+000 -0.27718359E+000 -0.60576532E-001 -0.64091517E-002 -0.16010933E-002  0.19082593E+000  0.12326549E+001  0.24851545E+001  0.53345356E+001  0.73429987E+001
 -0.75583067E+000 -0.58864797E+000 -0.27718359E+000 -0.60576530E-001 -0.64091517E-002 -0.16010933E-002  0.19082592E+000  0.12326549E+001  0.24851544E+001  0.53345356E+001  0.73429986E+001
 -0.75583067E+000 -0.58864797E+000 -0.27718358E+000 -0.60576528E-001 -0.64091517E-002 -0.16010933E-002  0.19082592E+000  0.12326549E+001  0.24851544E+001  0.53345355E+001  0.73429985E+001
 -0.75583066E+000 -0.58864796E+000 -0.27718358E+000 -0.60576527E-001 -0.64091517E-002 -0.16010934E-002  0.19082592E+000  0.12326549E+001  0.24851544E+001  0.53345355E+001  0.73429984E+001
 -0.75583066E+000 -0.58864796E+000 -0.27718358E+000 -0.60576526E-001 -0.64091517E-002 -0.16010934E-002  0.19082592E+000  0.12326548E+001  0.24851543E+001  0.53345355E+001  0.73429983E+001
 -0.75583066E+000 -0.58864796E+000 -0.27718358E+000 -0.60576527E-001 -0.64091517E-002 -0.16010934E-002  0.19082592E+000  0.12326548E+001  0.24851543E+001  0.53345354E+001  0.73429982E+001
 -0.75583066E+000 -0.58864796E+000 -0.27718358E+000 -0.60576527E-001 -0.64091517E-002 -0.16010934E-002  0.19082591E+000  0.12326548E+001  0.24851543E+001  0.53345353E+001  0.73429981E+001
 -0.75583066E+000 -0.58864796E+000 -0.27718358E+000 -0.60576529E-001 -0.64091518E-002 -0.16010935E-002  0.19082591E+000  0.12326548E+001  0.24851542E+001  0.53345353E+001  0.73429980E+001
 -0.75583065E+000 -0.58864795E+000 -0.27718358E+000 -0.60576531E-001 -0.64091518E-002 -0.16010935E-002  0.19082591E+000  0.12326547E+001  0.24851542E+001  0.53345352E+001  0.73429978E+001
 -0.75583065E+000 -0.58864795E+000 -0.27718358E+000 -0.60576534E-001 -0.64091518E-002 -0.16010936E-002  0.19082590E+000  0.12326547E+001  0.24851541E+001  0.53345351E+001  0.73429977E+001
 -0.75583065E+000 -0.58864795E+000 -0.27718358E+000 -0.60576537E-001 -0.64091519E-002 -0.16010936E-002  0.19082590E+000  0.12326547E+001  0.24851541E+001  0.53345349E+001  0.73429975E+001
 -0.75583065E+000 -0.58864795E+000 -0.27718358E+000 -0.60576541E-001 -0.64091519E-002 -0.16010937E-002  0.19082589E+000  0.12326546E+001  0.24851540E+001  0.53345348E+001  0.73429973E+001
 -0.75583065E+000 -0.58864796E+000 -0.27718358E+000 -0.60576545E-001 -0.64091519E-002 -0.16010938E-002  0.19082588E+000  0.12326546E+001  0.24851539E+001  0.53345347E+001  0.73429971E+001
 -0.75583065E+000 -0.58864796E+000 -0.27718358E+000 -0.60576549E-001 -0.64091520E-002 -0.16010939E-002  0.19082587E+000  0.12326545E+001  0.24851539E+001  0.53345345E+001  0.73429969E+001
 -0.75583065E+000 -0.58864796E+000 -0.27718359E+000 -0.60576554E-001 -0.64091521E-002 -0.16010940E-002  0.19082587E+000  0.12326545E+001  0.24851538E+001  0.53345343E+001  0.73429967E+001
 -0.75583065E+000 -0.58864796E+000 -0.27718359E+000 -0.60576559E-001 -0.64091521E-002 -0.16010940E-002  0.19082586E+000  0.12326544E+001  0.24851537E+001  0.53345342E+001  0.73429964E+001
 -0.75583065E+000 -0.58864796E+000 -0.27718359E+000 -0.60576564E-001 -0.64091522E-002 -0.16010942E-002  0.19082585E+000  0.12326544E+001  0.24851536E+001  0.53345340E+001  0.73429962E+001
 -0.75583065E+000 -0.58864796E+000 -0.27718359E+000 -0.60576568E-001 -0.64091522E-002 -0.16010943E-002  0.19082584E+000  0.12326543E+001  0.24851535E+001  0.53345338E+001  0.73429959E+001
 -0.75583065E+000 -0.58864796E+000 -0.27718359E+000 -0.60576573E-001 -0.64091523E-002 -0.16010944E-002  0.19082583E+000  0.12326543E+001  0.24851534E+001  0.53345336E+001  0.73429956E+001
 -0.75583065E+000 -0.58864796E+000 -0.27718360E+000 -0.60576577E-001 -0.64091524E-002 -0.16010945E-002  0.19082582E+000  0.12326542E+001  0.24851533E+001  0.53345334E+001  0.73429954E+001
 -0.75583065E+000 -0.58864796E+000 -0.27718360E+000 -0.60576581E-001 -0.64091524E-002 -0.16010946E-002  0.19082581E+000  0.12326542E+001  0.24851532E+001  0.53345331E+001  0.73429951E+001
 -0.75583065E+000 -0.58864796E+000 -0.27718360E+000 -0.60576584E-001 -0.64091525E-002 -0.16010947E-002  0.19082580E+000  0.12326541E+001  0.24851531E+001  0.53345329E+001  0.73429948E+001
 -0.75583064E+000 -0.58864795E+000 -0.27718360E+000 -0.60576586E-001 -0.64091525E-002 -0.16010948E-002  0.19082579E+000  0.12326540E+001  0.24851530E+001  0.53345327E+001  0.73429945E+001
 -0.75583064E+000 -0.58864795E+000 -0.27718360E+000 -0.60576588E-001 -0.64091526E-002 -0.16010949E-002  0.19082578E+000  0.12326540E+001  0.24851529E+001  0.53345325E+001  0.73429943E+001
 -0.75583064E+000 -0.58864794E+000 -0.27718359E+000 -0.60576588E-001 -0.64091526E-002 -0.16010950E-002  0.19082577E+000  0.12326539E+001  0.24851529E+001  0.53345323E+001  0.73429940E+001
 -0.75583063E+000 -0.58864794E+000 -0.27718359E+000 -0.60576587E-001 -0.64091527E-002 -0.16010951E-002  0.19082577E+000  0.12326539E+001  0.24851528E+001  0.53345321E+001  0.73429938E+001
 -0.75583062E+000 -0.58864793E+000 -0.27718359E+000 -0.60576585E-001 -0.64091527E-002 -0.16010952E-002  0.19082576E+000  0.12326539E+001  0.24851527E+001  0.53345319E+001  0.73429935E+001
 -0.75583061E+000 -0.58864792E+000 -0.27718358E+000 -0.60576582E-001 -0.64091527E-002 -0.16010952E-002  0.19082576E+000  0.12326538E+001  0.24851526E+001  0.53345318E+001  0.73429933E+001
 -0.75583061E+000 -0.58864791E+000 -0.27718358E+000 -0.60576577E-001 -0.64091527E-002 -0.16010953E-002  0.19082575E+000  0.12326538E+001  0.24851525E+001  0.53345316E+001  0.73429931E+001
 -0.75583059E+000 -0.58864790E+000 -0.27718357E+000 -0.60576571E-001 -0.64091527E-002 -0.16010953E-002  0.19082575E+000  0.12326538E+001  0.24851525E+001  0.53345315E+001  0.73429929E+001
 -0.75583058E+000 -0.58864789E+000 -0.27718356E+000 -0.60576563E-001 -0.64091526E-002 -0.16010954E-002  0.19082575E+000  0.12326537E+001  0.24851524E+001  0.53345313E+001  0.73429927E+001
 -0.75583057E+000 -0.58864787E+000 -0.27718355E+000 -0.60576553E-001 -0.64091526E-002 -0.16010954E-002  0.19082576E+000  0.12326537E+001  0.24851524E+001  0.53345312E+001  0.73429926E+001
 -0.75583056E+000 -0.58864785E+000 -0.27718354E+000 -0.60576542E-001 -0.64091525E-002 -0.16010954E-002  0.19082576E+000  0.12326537E+001  0.24851524E+001  0.53345312E+001  0.73429924E+001
 -0.75583054E+000 -0.58864784E+000 -0.27718353E+000 -0.60576529E-001 -0.64091525E-002 -0.16010954E-002  0.19082577E+000  0.12326537E+001  0.24851523E+001  0.53345311E+001  0.73429924E+001
 -0.75583052E+000 -0.58864782E+000 -0.27718351E+000 -0.60576514E-001 -0.64091524E-002 -0.16010953E-002  0.19082578E+000  0.12326537E+001  0.24851523E+001  0.53345311E+001  0.73429923E+001
 -0.75583051E+000 -0.58864779E+000 -0.27718350E+000 -0.60576497E-001 -0.64091523E-002 -0.16010953E-002  0.19082580E+000  0.12326538E+001  0.24851524E+001  0.53345311E+001  0.73429923E+001
 -0.75583049E+000 -0.58864777E+000 -0.27718348E+000 -0.60576479E-001 -0.64091521E-002 -0.16010952E-002  0.19082581E+000  0.12326538E+001  0.24851524E+001  0.53345311E+001  0.73429923E+001
 -0.75583047E+000 -0.58864775E+000 -0.27718347E+000 -0.60576459E-001 -0.64091520E-002 -0.16010951E-002  0.19082583E+000  0.12326538E+001  0.24851524E+001  0.53345312E+001  0.73429923E+001
 -0.75583045E+000 -0.58864772E+000 -0.27718345E+000 -0.60576437E-001 -0.64091518E-002 -0.16010949E-002  0.19082585E+000  0.12326539E+001  0.24851525E+001  0.53345313E+001  0.73429924E+001
 -0.75583042E+000 -0.58864770E+000 -0.27718343E+000 -0.60576414E-001 -0.64091517E-002 -0.16010948E-002  0.19082588E+000  0.12326540E+001  0.24851526E+001  0.53345314E+001  0.73429925E+001
 -0.75583040E+000 -0.58864767E+000 -0.27718341E+000 -0.60576390E-001 -0.64091515E-002 -0.16010946E-002  0.19082591E+000  0.12326540E+001  0.24851527E+001  0.53345315E+001  0.73429927E+001
 -0.75583038E+000 -0.58864764E+000 -0.27718339E+000 -0.60576365E-001 -0.64091513E-002 -0.16010944E-002  0.19082594E+000  0.12326541E+001  0.24851528E+001  0.53345317E+001  0.73429929E+001
 -0.75583036E+000 -0.58864761E+000 -0.27718337E+000 -0.60576338E-001 -0.64091511E-002 -0.16010942E-002  0.19082597E+000  0.12326542E+001  0.24851529E+001  0.53345320E+001  0.73429931E+001
 -0.75583033E+000 -0.58864758E+000 -0.27718335E+000 -0.60576311E-001 -0.64091509E-002 -0.16010940E-002  0.19082601E+000  0.12326543E+001  0.24851530E+001  0.53345322E+001  0.73429933E+001
 -0.75583031E+000 -0.58864755E+000 -0.27718333E+000 -0.60576283E-001 -0.64091506E-002 -0.16010938E-002  0.19082604E+000  0.12326545E+001  0.24851532E+001  0.53345325E+001  0.73429937E+001
 -0.75583029E+000 -0.58864752E+000 -0.27718330E+000 -0.60576255E-001 -0.64091504E-002 -0.16010935E-002  0.19082608E+000  0.12326546E+001  0.24851534E+001  0.53345328E+001  0.73429940E+001
 -0.75583027E+000 -0.58864750E+000 -0.27718328E+000 -0.60576226E-001 -0.64091501E-002 -0.16010933E-002  0.19082613E+000  0.12326547E+001  0.24851536E+001  0.53345332E+001  0.73429944E+001
 -0.75583024E+000 -0.58864747E+000 -0.27718326E+000 -0.60576197E-001 -0.64091499E-002 -0.16010930E-002  0.19082617E+000  0.12326549E+001  0.24851538E+001  0.53345336E+001  0.73429948E+001
 -0.75583022E+000 -0.58864744E+000 -0.27718324E+000 -0.60576169E-001 -0.64091496E-002 -0.16010927E-002  0.19082622E+000  0.12326551E+001  0.24851540E+001  0.53345340E+001  0.73429952E+001
 -0.75583020E+000 -0.58864742E+000 -0.27718322E+000 -0.60576141E-001 -0.64091494E-002 -0.16010924E-002  0.19082627E+000  0.12326552E+001  0.24851542E+001  0.53345344E+001  0.73429957E+001
 -0.75583018E+000 -0.58864739E+000 -0.27718320E+000 -0.60576114E-001 -0.64091491E-002 -0.16010922E-002  0.19082632E+000  0.12326554E+001  0.24851545E+001  0.53345348E+001  0.73429962E+001
 -0.75583017E+000 -0.58864737E+000 -0.27718318E+000 -0.60576087E-001 -0.64091489E-002 -0.16010919E-002  0.19082637E+000  0.12326556E+001  0.24851547E+001  0.53345353E+001  0.73429967E+001
 -0.75583015E+000 -0.58864735E+000 -0.27718316E+000 -0.60576061E-001 -0.64091487E-002 -0.16010916E-002  0.19082642E+000  0.12326558E+001  0.24851550E+001  0.53345358E+001  0.73429973E+001
 -0.75583013E+000 -0.58864733E+000 -0.27718315E+000 -0.60576037E-001 -0.64091484E-002 -0.16010913E-002  0.19082647E+000  0.12326560E+001  0.24851553E+001  0.53345363E+001  0.73429978E+001
 -0.75583012E+000 -0.58864731E+000 -0.27718313E+000 -0.60576014E-001 -0.64091482E-002 -0.16010910E-002  0.19082652E+000  0.12326561E+001  0.24851555E+001  0.53345369E+001  0.73429984E+001
 -0.75583011E+000 -0.58864729E+000 -0.27718312E+000 -0.60575993E-001 -0.64091480E-002 -0.16010907E-002  0.19082657E+000  0.12326563E+001  0.24851558E+001  0.53345374E+001  0.73429990E+001
 -0.75583010E+000 -0.58864728E+000 -0.27718310E+000 -0.60575974E-001 -0.64091478E-002 -0.16010904E-002  0.19082662E+000  0.12326565E+001  0.24851561E+001  0.53345379E+001  0.73429996E+001
 -0.75583009E+000 -0.58864727E+000 -0.27718309E+000 -0.60575956E-001 -0.64091476E-002 -0.16010902E-002  0.19082667E+000  0.12326567E+001  0.24851564E+001  0.53345385E+001  0.73430003E+001
 -0.75583009E+000 -0.58864726E+000 -0.27718309E+000 -0.60575941E-001 -0.64091474E-002 -0.16010899E-002  0.19082672E+000  0.12326569E+001  0.24851567E+001  0.53345391E+001  0.73430009E+001
 -0.75583009E+000 -0.58864726E+000 -0.27718308E+000 -0.60575928E-001 -0.64091473E-002 -0.16010897E-002  0.19082677E+000  0.12326571E+001  0.24851570E+001  0.53345396E+001  0.73430015E+001
 -0.75583009E+000 -0.58864725E+000 -0.27718307E+000 -0.60575917E-001 -0.64091471E-002 -0.16010895E-002  0.19082681E+000  0.12326573E+001  0.24851573E+001  0.53345402E+001  0.73430022E+001
 -0.75583009E+000 -0.58864725E+000 -0.27718307E+000 -0.60575908E-001 -0.64091470E-002 -0.16010893E-002  0.19082686E+000  0.12326575E+001  0.24851575E+001  0.53345407E+001  0.73430028E+001
 -0.75583009E+000 -0.58864726E+000 -0.27718307E+000 -0.60575902E-001 -0.64091469E-002 -0.16010891E-002  0.19082690E+000  0.12326577E+001  0.24851578E+001  0.53345413E+001  0.73430034E+001
 -0.75583010E+000 -0.58864726E+000 -0.27718307E+000 -0.60575898E-001 -0.64091468E-002 -0.16010889E-002  0.19082694E+000  0.12326579E+001  0.24851581E+001  0.53345418E+001  0.73430040E+001
 -0.75583011E+000 -0.58864727E+000 -0.27718308E+000 -0.60575897E-001 -0.64091467E-002 -0.16010888E-002  0.19082698E+000  0.12326581E+001  0.24851584E+001  0.53345423E+001  0.73430046E+001
 -0.75583012E+000 -0.58864728E+000 -0.27718308E+000 -0.60575899E-001 -0.64091467E-002 -0.16010886E-002  0.19082702E+000  0.12326582E+001  0.24851586E+001  0.53345429E+001  0.73430052E+001
 -0.75583013E+000 -0.58864730E+000 -0.27718309E+000 -0.60575902E-001 -0.64091467E-002 -0.16010885E-002  0.19082705E+000  0.12326584E+001  0.24851589E+001  0.53345433E+001  0.73430058E+001
 -0.75583014E+000 -0.58864731E+000 -0.27718310E+000 -0.60575909E-001 -0.64091466E-002 -0.16010885E-002  0.19082708E+000  0.12326585E+001  0.24851591E+001  0.53345438E+001  0.73430063E+001
 -0.75583016E+000 -0.58864733E+000 -0.27718311E+000 -0.60575917E-001 -0.64091467E-002 -0.16010884E-002  0.19082711E+000  0.12326587E+001  0.24851593E+001  0.53345443E+001  0.73430069E+001
 -0.75583018E+000 -0.58864735E+000 -0.27718312E+000 -0.60575928E-001 -0.64091467E-002 -0.16010884E-002  0.19082713E+000  0.12326588E+001  0.24851595E+001  0.53345447E+001  0.73430074E+001
 -0.75583020E+000 -0.58864738E+000 -0.27718314E+000 -0.60575941E-001 -0.64091468E-002 -0.16010883E-002  0.19082716E+000  0.12326589E+001  0.24851597E+001  0.53345451E+001  0.73430078E+001
 -0.75583022E+000 -0.58864740E+000 -0.27718315E+000 -0.60575957E-001 -0.64091468E-002 -0.16010884E-002  0.19082718E+000  0.12326591E+001  0.24851599E+001  0.53345455E+001  0.73430083E+001
 -0.75583025E+000 -0.58864743E+000 -0.27718317E+000 -0.60575974E-001 -0.64091469E-002 -0.16010884E-002  0.19082719E+000  0.12326592E+001  0.24851601E+001  0.53345459E+001  0.73430087E+001
 -0.75583027E+000 -0.58864746E+000 -0.27718319E+000 -0.60575993E-001 -0.64091470E-002 -0.16010884E-002  0.19082721E+000  0.12326592E+001  0.24851603E+001  0.53345462E+001  0.73430091E+001
 -0.75583030E+000 -0.58864749E+000 -0.27718321E+000 -0.60576014E-001 -0.64091472E-002 -0.16010885E-002  0.19082722E+000  0.12326593E+001  0.24851604E+001  0.53345465E+001  0.73430094E+001
 -0.75583032E+000 -0.58864752E+000 -0.27718323E+000 -0.60576037E-001 -0.64091473E-002 -0.16010886E-002  0.19082722E+000  0.12326594E+001  0.24851605E+001  0.53345467E+001  0.73430097E+001
 -0.75583035E+000 -0.58864756E+000 -0.27718325E+000 -0.60576061E-001 -0.64091475E-002 -0.16010887E-002  0.19082723E+000  0.12326595E+001  0.24851606E+001  0.53345470E+001  0.73430100E+001
 -0.75583038E+000 -0.58864759E+000 -0.27718328E+000 -0.60576087E-001 -0.64091476E-002 -0.16010889E-002  0.19082723E+000  0.12326595E+001  0.24851607E+001  0.53345472E+001  0.73430102E+001
 -0.75583041E+000 -0.58864763E+000 -0.27718330E+000 -0.60576114E-001 -0.64091478E-002 -0.16010890E-002  0.19082723E+000  0.12326595E+001  0.24851608E+001  0.53345473E+001  0.73430104E+001
 -0.75583044E+000 -0.58864766E+000 -0.27718333E+000 -0.60576142E-001 -0.64091480E-002 -0.16010892E-002  0.19082722E+000  0.12326595E+001  0.24851608E+001  0.53345474E+001  0.73430105E+001
 -0.75583047E+000 -0.58864770E+000 -0.27718335E+000 -0.60576171E-001 -0.64091482E-002 -0.16010894E-002  0.19082721E+000  0.12326595E+001  0.24851609E+001  0.53345475E+001  0.73430105E+001
 -0.75583050E+000 -0.58864774E+000 -0.27718338E+000 -0.60576201E-001 -0.64091484E-002 -0.16010896E-002  0.19082720E+000  0.12326595E+001  0.24851609E+001  0.53345474E+001  0.73430105E+001
 -0.75583053E+000 -0.58864777E+000 -0.27718341E+000 -0.60576231E-001 -0.64091487E-002 -0.16010898E-002  0.19082719E+000  0.12326595E+001  0.24851608E+001  0.53345474E+001  0.73430104E+001
 -0.75583056E+000 -0.58864781E+000 -0.27718343E+000 -0.60576263E-001 -0.64091489E-002 -0.16010901E-002  0.19082717E+000  0.12326595E+001  0.24851608E+001  0.53345472E+001  0.73430102E+001
 -0.75583059E+000 -0.58864785E+000 -0.27718346E+000 -0.60576295E-001 -0.64091492E-002 -0.16010903E-002  0.19082715E+000  0.12326594E+001  0.24851607E+001  0.53345470E+001  0.73430099E+001
 -0.75583062E+000 -0.58864789E+000 -0.27718349E+000 -0.60576327E-001 -0.64091494E-002 -0.16010906E-002  0.19082713E+000  0.12326593E+001  0.24851606E+001  0.53345467E+001  0.73430095E+001
 -0.75583065E+000 -0.58864793E+000 -0.27718352E+000 -0.60576359E-001 -0.64091497E-002 -0.16010909E-002  0.19082710E+000  0.12326592E+001  0.24851604E+001  0.53345462E+001  0.73430089E+001
 -0.75583068E+000 -0.58864796E+000 -0.27718354E+000 -0.60576393E-001 -0.64091500E-002 -0.16010911E-002  0.19082707E+000  0.12326590E+001  0.24851602E+001  0.53345457E+001  0.73430083E+001
 -0.75583071E+000 -0.58864800E+000 -0.27718357E+000 -0.60576418E-001 -0.64091502E-002 -0.16010914E-002  0.19082703E+000  0.12326588E+001  0.24851598E+001  0.53345450E+001  0.73430074E+001
 -0.75583074E+000 -0.58864804E+000 -0.27718359E+000 -0.60576451E-001 -0.64091504E-002 -0.16010916E-002  0.19082699E+000  0.12326585E+001  0.24851594E+001  0.53345441E+001  0.73430064E+001
 -0.75583076E+000 -0.58864806E+000 -0.27718360E+000 -0.60576425E-001 -0.64091500E-002 -0.16010911E-002  0.19082695E+000  0.12326580E+001  0.24851588E+001  0.53345430E+001  0.73430052E+001
 -0.75583084E+000 -0.58864817E+000 -0.27718369E+000 -0.60576492E-001 -0.64091495E-002 -0.16010901E-002  0.19082678E+000  0.12326574E+001  0.24851581E+001  0.53345418E+001  0.73430039E+001
 -0.75583113E+000 -0.58864847E+000 -0.27718386E+000 -0.60576533E-001 -0.64091478E-002 -0.16010880E-002  0.19082642E+000  0.12326562E+001  0.24851569E+001  0.53345399E+001  0.73430019E+001
