  0.13039404E+002
  0.13039684E+002
  0.13039955E+002
  0.13040217E+002
  0.13040470E+002
  0.13040715E+002
  0.13040953E+002
  0.13041183E+002
  0.13041406E+002
  0.13041623E+002
  0.13041833E+002
  0.13042037E+002
  0.13042236E+002
  0.13042429E+002
  0.13042617E+002
  0.13042800E+002
  0.13042979E+002
  0.13043154E+002
  0.13043325E+002
  0.13043492E+002
  0.13043655E+002
  0.13043815E+002
  0.13043971E+002
  0.13044125E+002
  0.13044275E+002
  0.13044423E+002
  0.13044567E+002
  0.13044709E+002
  0.13044848E+002
  0.13044985E+002
  0.13045118E+002
  0.13045249E+002
  0.13045377E+002
  0.13045502E+002
  0.13045624E+002
  0.13045743E+002
  0.13045859E+002
  0.13045972E+002
  0.13046082E+002
  0.13046188E+002
  0.13046291E+002
  0.13046391E+002
  0.13046487E+002
  0.13046580E+002
  0.13046669E+002
  0.13046755E+002
  0.13046837E+002
  0.13046916E+002
  0.13046991E+002
  0.13047063E+002
  0.13047132E+002
  0.13047198E+002
  0.13047260E+002
  0.13047320E+002
  0.13047377E+002
  0.13047432E+002
  0.13047484E+002
  0.13047534E+002
  0.13047583E+002
  0.13047629E+002
  0.13047674E+002
  0.13047718E+002
  0.13047760E+002
  0.13047802E+002
  0.13047843E+002
  0.13047883E+002
  0.13047924E+002
  0.13047963E+002
  0.13048003E+002
  0.13048043E+002
  0.13048083E+002
  0.13048124E+002
  0.13048164E+002
  0.13048206E+002
  0.13048248E+002
  0.13048291E+002
  0.13048334E+002
  0.13048379E+002
  0.13048425E+002
  0.13048471E+002
  0.13048519E+002
  0.13048567E+002
  0.13048617E+002
  0.13048668E+002
  0.13048721E+002
  0.13048775E+002
  0.13048830E+002
  0.13048886E+002
  0.13048944E+002
  0.13049003E+002
  0.13049064E+002
  0.13049126E+002
  0.13049190E+002
  0.13049255E+002
  0.13049322E+002
  0.13049390E+002
  0.13049460E+002
  0.13049531E+002
  0.13049604E+002
  0.13049678E+002
  0.13049754E+002
  0.13049831E+002
  0.13049910E+002
  0.13049990E+002
  0.13050072E+002
  0.13050155E+002
  0.13050240E+002
  0.13050326E+002
  0.13050414E+002
  0.13050503E+002
  0.13050593E+002
  0.13050685E+002
  0.13050778E+002
  0.13050872E+002
  0.13050968E+002
  0.13051065E+002
  0.13051164E+002
  0.13051263E+002
  0.13051364E+002
  0.13051466E+002
  0.13051570E+002
  0.13051674E+002
  0.13051780E+002
  0.13051886E+002
  0.13051993E+002
  0.13052102E+002
  0.13052210E+002
  0.13052320E+002
  0.13052430E+002
  0.13052540E+002
  0.13052650E+002
  0.13052760E+002
  0.13052869E+002
  0.13052978E+002
  0.13053086E+002
  0.13053193E+002
  0.13053299E+002
  0.13053403E+002
  0.13053506E+002
  0.13053607E+002
  0.13053705E+002
  0.13053801E+002
  0.13053894E+002
  0.13053984E+002
  0.13054072E+002
  0.13054156E+002
  0.13054237E+002
  0.13054315E+002
  0.13054389E+002
  0.13054460E+002
  0.13054528E+002
  0.13054592E+002
  0.13054653E+002
  0.13054710E+002
  0.13054764E+002
  0.13054814E+002
  0.13054862E+002
  0.13054906E+002
  0.13054947E+002
  0.13054986E+002
  0.13055022E+002
  0.13055055E+002
  0.13055086E+002
  0.13055114E+002
  0.13055140E+002
  0.13055164E+002
  0.13055187E+002
  0.13055207E+002
  0.13055226E+002
  0.13055243E+002
  0.13055259E+002
  0.13055273E+002
  0.13055286E+002
  0.13055298E+002
  0.13055309E+002
  0.13055319E+002
  0.13055328E+002
  0.13055336E+002
  0.13055344E+002
  0.13055351E+002
  0.13055357E+002
  0.13055363E+002
  0.13055368E+002
  0.13055373E+002
  0.13055377E+002
  0.13055381E+002
  0.13055385E+002
  0.13055388E+002
  0.13055391E+002
  0.13055394E+002
  0.13055396E+002
  0.13055398E+002
  0.13055400E+002
  0.13055402E+002
  0.13055404E+002
  0.13055405E+002
  0.13055407E+002
  0.13055408E+002
  0.13055409E+002
  0.13055410E+002
