  0.29567104E-001  0.35849953E-001  0.80322472E-001  0.53298817E+002
  0.29567171E-001  0.35849900E-001  0.80322594E-001  0.53302263E+002
  0.29567231E-001  0.35849852E-001  0.80322695E-001  0.53305474E+002
  0.29567285E-001  0.35849805E-001  0.80322781E-001  0.53308465E+002
  0.29567335E-001  0.35849759E-001  0.80322857E-001  0.53311251E+002
  0.29567384E-001  0.35849712E-001  0.80322923E-001  0.53313845E+002
  0.29567432E-001  0.35849666E-001  0.80322981E-001  0.53316260E+002
  0.29567480E-001  0.35849618E-001  0.80323032E-001  0.53318509E+002
  0.29567529E-001  0.35849571E-001  0.80323077E-001  0.53320603E+002
  0.29567580E-001  0.35849524E-001  0.80323117E-001  0.53322553E+002
  0.29567633E-001  0.35849477E-001  0.80323152E-001  0.53324370E+002
  0.29567687E-001  0.35849429E-001  0.80323183E-001  0.53326061E+002
  0.29567744E-001  0.35849383E-001  0.80323210E-001  0.53327638E+002
  0.29567802E-001  0.35849337E-001  0.80323233E-001  0.53329106E+002
  0.29567863E-001  0.35849292E-001  0.80323252E-001  0.53330474E+002
  0.29567926E-001  0.35849248E-001  0.80323269E-001  0.53331749E+002
  0.29567991E-001  0.35849205E-001  0.80323283E-001  0.53332937E+002
  0.29568057E-001  0.35849163E-001  0.80323294E-001  0.53334044E+002
  0.29568126E-001  0.35849123E-001  0.80323304E-001  0.53335076E+002
  0.29568197E-001  0.35849084E-001  0.80323311E-001  0.53336036E+002
  0.29568270E-001  0.35849048E-001  0.80323317E-001  0.53336930E+002
  0.29568345E-001  0.35849013E-001  0.80323321E-001  0.53337761E+002
  0.29568423E-001  0.35848981E-001  0.80323324E-001  0.53338534E+002
  0.29568502E-001  0.35848951E-001  0.80323326E-001  0.53339251E+002
  0.29568583E-001  0.35848924E-001  0.80323327E-001  0.53339917E+002
  0.29568667E-001  0.35848899E-001  0.80323328E-001  0.53340533E+002
  0.29568752E-001  0.35848878E-001  0.80323329E-001  0.53341103E+002
  0.29568840E-001  0.35848860E-001  0.80323331E-001  0.53341629E+002
  0.29568930E-001  0.35848846E-001  0.80323333E-001  0.53342113E+002
  0.29569023E-001  0.35848835E-001  0.80323336E-001  0.53342558E+002
  0.29569118E-001  0.35848828E-001  0.80323341E-001  0.53342966E+002
  0.29569215E-001  0.35848826E-001  0.80323348E-001  0.53343339E+002
  0.29569315E-001  0.35848828E-001  0.80323358E-001  0.53343678E+002
  0.29569418E-001  0.35848835E-001  0.80323370E-001  0.53343986E+002
  0.29569523E-001  0.35848848E-001  0.80323387E-001  0.53344264E+002
  0.29569631E-001  0.35848865E-001  0.80323408E-001  0.53344514E+002
  0.29569741E-001  0.35848889E-001  0.80323434E-001  0.53344739E+002
  0.29569855E-001  0.35848919E-001  0.80323466E-001  0.53344939E+002
  0.29569972E-001  0.35848955E-001  0.80323505E-001  0.53345117E+002
  0.29570092E-001  0.35848998E-001  0.80323551E-001  0.53345274E+002
  0.29570216E-001  0.35849047E-001  0.80323605E-001  0.53345412E+002
  0.29570343E-001  0.35849105E-001  0.80323669E-001  0.53345533E+002
  0.29570474E-001  0.35849170E-001  0.80323743E-001  0.53345637E+002
  0.29570609E-001  0.35849242E-001  0.80323829E-001  0.53345728E+002
  0.29570748E-001  0.35849324E-001  0.80323926E-001  0.53345805E+002
  0.29570891E-001  0.35849413E-001  0.80324037E-001  0.53345871E+002
  0.29571039E-001  0.35849512E-001  0.80324162E-001  0.53345927E+002
  0.29571192E-001  0.35849620E-001  0.80324302E-001  0.53345974E+002
  0.29571349E-001  0.35849738E-001  0.80324459E-001  0.53346012E+002
  0.29571512E-001  0.35849866E-001  0.80324632E-001  0.53346045E+002
  0.29571681E-001  0.35850005E-001  0.80324825E-001  0.53346071E+002
  0.29571854E-001  0.35850154E-001  0.80325037E-001  0.53346092E+002
  0.29572034E-001  0.35850315E-001  0.80325269E-001  0.53346110E+002
  0.29572220E-001  0.35850488E-001  0.80325524E-001  0.53346123E+002
  0.29572412E-001  0.35850673E-001  0.80325801E-001  0.53346134E+002
  0.29572609E-001  0.35850871E-001  0.80326103E-001  0.53346142E+002
  0.29572813E-001  0.35851083E-001  0.80326431E-001  0.53346149E+002
  0.29573022E-001  0.35851308E-001  0.80326785E-001  0.53346153E+002
  0.29573237E-001  0.35851548E-001  0.80327168E-001  0.53346157E+002
  0.29573457E-001  0.35851803E-001  0.80327580E-001  0.53346159E+002
  0.29573682E-001  0.35852072E-001  0.80328023E-001  0.53346161E+002
  0.29573911E-001  0.35852358E-001  0.80328499E-001  0.53346162E+002
  0.29574143E-001  0.35852658E-001  0.80329008E-001  0.53346162E+002
  0.29574378E-001  0.35852974E-001  0.80329553E-001  0.53346162E+002
  0.29574615E-001  0.35853305E-001  0.80330134E-001  0.53346162E+002
  0.29574853E-001  0.35853652E-001  0.80330752E-001  0.53346162E+002
  0.29575090E-001  0.35854012E-001  0.80331408E-001  0.53346161E+002
  0.29575325E-001  0.35854385E-001  0.80332102E-001  0.53346160E+002
  0.29575558E-001  0.35854771E-001  0.80332835E-001  0.53346160E+002
  0.29575786E-001  0.35855166E-001  0.80334198E-001  0.53346159E+002
  0.29576008E-001  0.35855571E-001  0.80337850E-001  0.53346156E+002
  0.29576223E-001  0.35855983E-001  0.80341732E-001  0.53346153E+002
  0.29576430E-001  0.35856399E-001  0.80345850E-001  0.53346150E+002
  0.29576626E-001  0.35856818E-001  0.80350212E-001  0.53346147E+002
  0.29576811E-001  0.35857236E-001  0.80354824E-001  0.53346144E+002
  0.29576984E-001  0.35857650E-001  0.80358447E-001  0.53346143E+002
  0.29577142E-001  0.35858059E-001  0.80359512E-001  0.53346144E+002
  0.29577285E-001  0.35858458E-001  0.80360594E-001  0.53346147E+002
  0.29577412E-001  0.35858845E-001  0.80361689E-001  0.53346150E+002
  0.29577523E-001  0.35859218E-001  0.80362790E-001  0.53346154E+002
  0.29577616E-001  0.35859573E-001  0.80363890E-001  0.53346159E+002
  0.29577691E-001  0.35859908E-001  0.80364984E-001  0.53346164E+002
  0.29577747E-001  0.35860220E-001  0.80366063E-001  0.53346171E+002
  0.29577785E-001  0.35860508E-001  0.80367123E-001  0.53346179E+002
  0.29577805E-001  0.35860770E-001  0.80368156E-001  0.53346188E+002
  0.29577806E-001  0.35861004E-001  0.80369156E-001  0.53346199E+002
  0.29577789E-001  0.35861208E-001  0.80370118E-001  0.53346210E+002
  0.29577754E-001  0.35861383E-001  0.80371037E-001  0.53346223E+002
  0.29577703E-001  0.35861528E-001  0.80371908E-001  0.53346238E+002
  0.29577635E-001  0.35861642E-001  0.80372727E-001  0.53346254E+002
  0.29577552E-001  0.35861725E-001  0.80373491E-001  0.53346272E+002
  0.29577454E-001  0.35861779E-001  0.80374198E-001  0.53346292E+002
  0.29577343E-001  0.35861803E-001  0.80374846E-001  0.53346314E+002
  0.29577220E-001  0.35861799E-001  0.80375435E-001  0.53346337E+002
  0.29577086E-001  0.35861767E-001  0.80375963E-001  0.53346363E+002
  0.29576941E-001  0.35861710E-001  0.80376431E-001  0.53346391E+002
  0.29576789E-001  0.35861629E-001  0.80376841E-001  0.53346421E+002
  0.29576629E-001  0.35861526E-001  0.80377193E-001  0.53346454E+002
  0.29576464E-001  0.35861402E-001  0.80377490E-001  0.53346489E+002
  0.29576294E-001  0.35861259E-001  0.80377734E-001  0.53346527E+002
  0.29576122E-001  0.35861101E-001  0.80377928E-001  0.53346567E+002
  0.29575947E-001  0.35860927E-001  0.80378076E-001  0.53346611E+002
  0.29575772E-001  0.35860742E-001  0.80378180E-001  0.53346658E+002
  0.29575597E-001  0.35860547E-001  0.80378246E-001  0.53346709E+002
  0.29575424E-001  0.35860344E-001  0.80378275E-001  0.53346765E+002
  0.29575253E-001  0.35860135E-001  0.80378273E-001  0.53346824E+002
  0.29575087E-001  0.35859922E-001  0.80378243E-001  0.53346889E+002
  0.29574924E-001  0.35859707E-001  0.80378189E-001  0.53346960E+002
  0.29574767E-001  0.35859491E-001  0.80378116E-001  0.53347038E+002
  0.29574616E-001  0.35859278E-001  0.80378026E-001  0.53347122E+002
  0.29574471E-001  0.35859067E-001  0.80377923E-001  0.53347215E+002
  0.29574332E-001  0.35858861E-001  0.80377811E-001  0.53347317E+002
  0.29574201E-001  0.35858660E-001  0.80377694E-001  0.53347428E+002
  0.29574076E-001  0.35858465E-001  0.80377573E-001  0.53347551E+002
  0.29573960E-001  0.35858278E-001  0.80377452E-001  0.53347685E+002
  0.29573850E-001  0.35858099E-001  0.80377333E-001  0.53347832E+002
  0.29573748E-001  0.35857929E-001  0.80377218E-001  0.53347993E+002
  0.29573653E-001  0.35857768E-001  0.80377108E-001  0.53348168E+002
  0.29573565E-001  0.35857616E-001  0.80377006E-001  0.53348358E+002
  0.29573484E-001  0.35857474E-001  0.80376913E-001  0.53348564E+002
  0.29573409E-001  0.35857341E-001  0.80376830E-001  0.53348785E+002
  0.29573341E-001  0.35857217E-001  0.80376756E-001  0.53349022E+002
  0.29573279E-001  0.35857103E-001  0.80376694E-001  0.53349275E+002
  0.29573222E-001  0.35856998E-001  0.80376642E-001  0.53349543E+002
  0.29573171E-001  0.35856901E-001  0.80376602E-001  0.53349826E+002
  0.29573124E-001  0.35856812E-001  0.80376572E-001  0.53350123E+002
  0.29573082E-001  0.35856732E-001  0.80376553E-001  0.53350433E+002
  0.29573045E-001  0.35856659E-001  0.80376545E-001  0.53350755E+002
  0.29573011E-001  0.35856592E-001  0.80376546E-001  0.53351087E+002
  0.29572981E-001  0.35856533E-001  0.80376557E-001  0.53351428E+002
  0.29572954E-001  0.35856479E-001  0.80376576E-001  0.53351776E+002
  0.29572930E-001  0.35856431E-001  0.80376604E-001  0.53352129E+002
  0.29572908E-001  0.35856387E-001  0.80376638E-001  0.53352486E+002
  0.29572889E-001  0.35856349E-001  0.80376680E-001  0.53352846E+002
  0.29572872E-001  0.35856314E-001  0.80376727E-001  0.53353205E+002
  0.29572857E-001  0.35856284E-001  0.80376780E-001  0.53353563E+002
  0.29572844E-001  0.35856257E-001  0.80376837E-001  0.53353918E+002
  0.29572832E-001  0.35856233E-001  0.80376898E-001  0.53354269E+002
  0.29572821E-001  0.35856211E-001  0.80376963E-001  0.53354614E+002
  0.29572812E-001  0.35856193E-001  0.80377031E-001  0.53354952E+002
  0.29572804E-001  0.35856176E-001  0.80377101E-001  0.53355281E+002
  0.29572797E-001  0.35856161E-001  0.80377172E-001  0.53355602E+002
  0.29572790E-001  0.35856148E-001  0.80377246E-001  0.53355913E+002
  0.29572784E-001  0.35856137E-001  0.80377320E-001  0.53356213E+002
  0.29572779E-001  0.35856127E-001  0.80377395E-001  0.53356503E+002
  0.29572775E-001  0.35856118E-001  0.80377470E-001  0.53356781E+002
  0.29572771E-001  0.35856110E-001  0.80377546E-001  0.53357048E+002
  0.29572767E-001  0.35856103E-001  0.80377621E-001  0.53357304E+002
  0.29572764E-001  0.35856097E-001  0.80377696E-001  0.53357548E+002
  0.29572761E-001  0.35856091E-001  0.80377770E-001  0.53357782E+002
  0.29572758E-001  0.35856086E-001  0.80377843E-001  0.53358004E+002
  0.29572755E-001  0.35856082E-001  0.80377915E-001  0.53358215E+002
  0.29572753E-001  0.35856078E-001  0.80377987E-001  0.53358416E+002
  0.29572751E-001  0.35856074E-001  0.80378057E-001  0.53358607E+002
  0.29572749E-001  0.35856071E-001  0.80378126E-001  0.53358789E+002
  0.29572747E-001  0.35856068E-001  0.80378194E-001  0.53358961E+002
  0.29572746E-001  0.35856065E-001  0.80378260E-001  0.53359124E+002
  0.29572744E-001  0.35856062E-001  0.80378325E-001  0.53359280E+002
  0.29572743E-001  0.35856060E-001  0.80378389E-001  0.53359427E+002
  0.29572741E-001  0.35856058E-001  0.80378451E-001  0.53359568E+002
  0.29572740E-001  0.35856056E-001  0.80378511E-001  0.53359701E+002
  0.29572739E-001  0.35856054E-001  0.80378571E-001  0.53359828E+002
  0.29572738E-001  0.35856053E-001  0.80378628E-001  0.53359949E+002
  0.29572737E-001  0.35856051E-001  0.80378684E-001  0.53360064E+002
  0.29572736E-001  0.35856050E-001  0.80378739E-001  0.53360174E+002
  0.29572735E-001  0.35856048E-001  0.80378793E-001  0.53360279E+002
  0.29572734E-001  0.35856047E-001  0.80378844E-001  0.53360379E+002
  0.29572733E-001  0.35856046E-001  0.80378895E-001  0.53360475E+002
  0.29572733E-001  0.35856045E-001  0.80378944E-001  0.53360567E+002
  0.29572732E-001  0.35856044E-001  0.80378992E-001  0.53360655E+002
  0.29572731E-001  0.35856043E-001  0.80379038E-001  0.53360739E+002
  0.29572730E-001  0.35856042E-001  0.80379083E-001  0.53360820E+002
  0.29572730E-001  0.35856041E-001  0.80379127E-001  0.53360898E+002
  0.29572729E-001  0.35856040E-001  0.80379170E-001  0.53360973E+002
  0.29572729E-001  0.35856039E-001  0.80379212E-001  0.53361045E+002
  0.29572728E-001  0.35856038E-001  0.80379252E-001  0.53361114E+002
  0.29572728E-001  0.35856038E-001  0.80379291E-001  0.53361181E+002
  0.29572727E-001  0.35856037E-001  0.80379329E-001  0.53361245E+002
  0.29572727E-001  0.35856037E-001  0.80379366E-001  0.53361307E+002
  0.29572727E-001  0.35856036E-001  0.80379402E-001  0.53361367E+002
  0.29572727E-001  0.35856036E-001  0.80379437E-001  0.53361424E+002
  0.29572726E-001  0.35856035E-001  0.80379471E-001  0.53361480E+002
  0.29572726E-001  0.35856035E-001  0.80379504E-001  0.53361533E+002
  0.29572726E-001  0.35856035E-001  0.80379537E-001  0.53361585E+002
  0.29572726E-001  0.35856035E-001  0.80379568E-001  0.53361635E+002
  0.29572726E-001  0.35856034E-001  0.80379599E-001  0.53361683E+002
  0.29572726E-001  0.35856034E-001  0.80379628E-001  0.53361730E+002
  0.29572726E-001  0.35856034E-001  0.80379658E-001  0.53361775E+002
  0.29572726E-001  0.35856034E-001  0.80379686E-001  0.53361819E+002
  0.29572726E-001  0.35856034E-001  0.80379713E-001  0.53361861E+002
  0.29572727E-001  0.35856035E-001  0.80379740E-001  0.53361901E+002
  0.29572727E-001  0.35856035E-001  0.80379767E-001  0.53361940E+002
  0.29572727E-001  0.35856035E-001  0.80379792E-001  0.53361978E+002
  0.29572728E-001  0.35856035E-001  0.80379817E-001  0.53362015E+002
  0.29572728E-001  0.35856036E-001  0.80379842E-001  0.53362050E+002
  0.29572729E-001  0.35856036E-001  0.80379865E-001  0.53362084E+002
  0.29572729E-001  0.35856037E-001  0.80379888E-001  0.53362117E+002
  0.29572730E-001  0.35856037E-001  0.80379911E-001  0.53362149E+002
  0.29572731E-001  0.35856038E-001  0.80379931E-001  0.53362180E+002
  0.29572732E-001  0.35856038E-001  0.80379949E-001  0.53362210E+002
