  0.00000000E+000  0.00000000E+000  0.28599344E+001  0.50416005E+002
  0.00000000E+000  0.00000000E+000  0.28599693E+001  0.50416142E+002
  0.00000000E+000  0.00000000E+000  0.28600050E+001  0.50416279E+002
  0.00000000E+000  0.00000000E+000  0.28600410E+001  0.50416418E+002
  0.00000000E+000  0.00000000E+000  0.28600771E+001  0.50416558E+002
  0.00000000E+000  0.00000000E+000  0.28601133E+001  0.50416701E+002
  0.00000000E+000  0.00000000E+000  0.28601494E+001  0.50416845E+002
  0.00000000E+000  0.00000000E+000  0.28601855E+001  0.50416991E+002
  0.00000000E+000  0.00000000E+000  0.28602215E+001  0.50417140E+002
  0.00000000E+000  0.00000000E+000  0.28602574E+001  0.50417290E+002
  0.00000000E+000  0.00000000E+000  0.28602932E+001  0.50417443E+002
  0.00000000E+000  0.00000000E+000  0.28603290E+001  0.50417597E+002
  0.00000000E+000  0.00000000E+000  0.28603648E+001  0.50417754E+002
  0.00000000E+000  0.00000000E+000  0.28604006E+001  0.50417914E+002
  0.00000000E+000  0.00000000E+000  0.28604364E+001  0.50418076E+002
  0.00000000E+000  0.00000000E+000  0.28604723E+001  0.50418240E+002
  0.00000000E+000  0.00000000E+000  0.28605084E+001  0.50418408E+002
  0.00000000E+000  0.00000000E+000  0.28605446E+001  0.50418578E+002
  0.00000000E+000  0.00000000E+000  0.28605810E+001  0.50418752E+002
  0.00000000E+000  0.00000000E+000  0.28606177E+001  0.50418929E+002
  0.00000000E+000  0.00000000E+000  0.28606547E+001  0.50419110E+002
  0.00000000E+000  0.00000000E+000  0.28606921E+001  0.50419294E+002
  0.00000000E+000  0.00000000E+000  0.28607298E+001  0.50419483E+002
  0.00000000E+000  0.00000000E+000  0.28607680E+001  0.50419677E+002
  0.00000000E+000  0.00000000E+000  0.28608066E+001  0.50419875E+002
  0.00000000E+000  0.00000000E+000  0.28608458E+001  0.50420079E+002
  0.00000000E+000  0.00000000E+000  0.28608856E+001  0.50420287E+002
  0.00000000E+000  0.00000000E+000  0.28609260E+001  0.50420502E+002
  0.00000000E+000  0.00000000E+000  0.28609670E+001  0.50420723E+002
  0.00000000E+000  0.00000000E+000  0.28610087E+001  0.50420950E+002
  0.00000000E+000  0.00000000E+000  0.28610512E+001  0.50421184E+002
  0.00000000E+000  0.00000000E+000  0.28610944E+001  0.50421426E+002
  0.00000000E+000  0.00000000E+000  0.28611384E+001  0.50421675E+002
  0.00000000E+000  0.00000000E+000  0.28611833E+001  0.50421932E+002
  0.00000000E+000  0.00000000E+000  0.28612290E+001  0.50422198E+002
  0.00000000E+000  0.00000000E+000  0.28612756E+001  0.50422472E+002
  0.00000000E+000  0.00000000E+000  0.28613231E+001  0.50422755E+002
  0.00000000E+000  0.00000000E+000  0.28613715E+001  0.50423048E+002
  0.00000000E+000  0.00000000E+000  0.28614208E+001  0.50423351E+002
  0.00000000E+000  0.00000000E+000  0.28614711E+001  0.50423664E+002
  0.00000000E+000  0.00000000E+000  0.28615223E+001  0.50423988E+002
  0.00000000E+000  0.00000000E+000  0.28615745E+001  0.50424323E+002
  0.00000000E+000  0.00000000E+000  0.28616277E+001  0.50424669E+002
  0.00000000E+000  0.00000000E+000  0.28616818E+001  0.50425026E+002
  0.00000000E+000  0.00000000E+000  0.28617369E+001  0.50425396E+002
  0.00000000E+000  0.00000000E+000  0.28617929E+001  0.50425778E+002
  0.00000000E+000  0.00000000E+000  0.28618498E+001  0.50426173E+002
  0.00000000E+000  0.00000000E+000  0.28619076E+001  0.50426580E+002
  0.00000000E+000  0.00000000E+000  0.28619664E+001  0.50427001E+002
  0.00000000E+000  0.00000000E+000  0.28620260E+001  0.50427434E+002
  0.00000000E+000  0.00000000E+000  0.28620864E+001  0.50427882E+002
  0.00000000E+000  0.00000000E+000  0.28621477E+001  0.50428343E+002
  0.00000000E+000  0.00000000E+000  0.28622097E+001  0.50428818E+002
  0.00000000E+000  0.00000000E+000  0.28622725E+001  0.50429307E+002
  0.00000000E+000  0.00000000E+000  0.28623361E+001  0.50429810E+002
  0.00000000E+000  0.00000000E+000  0.28624003E+001  0.50430327E+002
  0.00000000E+000  0.00000000E+000  0.28624651E+001  0.50430858E+002
  0.00000000E+000  0.00000000E+000  0.28625306E+001  0.50431404E+002
  0.00000000E+000  0.00000000E+000  0.28625966E+001  0.50431964E+002
  0.00000000E+000  0.00000000E+000  0.28626632E+001  0.50432538E+002
  0.00000000E+000  0.00000000E+000  0.28627303E+001  0.50433126E+002
  0.00000000E+000  0.00000000E+000  0.28627978E+001  0.50433728E+002
  0.00000000E+000  0.00000000E+000  0.28628656E+001  0.50434345E+002
  0.00000000E+000  0.00000000E+000  0.28629339E+001  0.50434975E+002
  0.00000000E+000  0.00000000E+000  0.28630024E+001  0.50435618E+002
  0.00000000E+000  0.00000000E+000  0.28630712E+001  0.50436275E+002
  0.00000000E+000  0.00000000E+000  0.28631402E+001  0.50436945E+002
  0.00000000E+000  0.00000000E+000  0.28632094E+001  0.50437628E+002
  0.00000000E+000  0.00000000E+000  0.28632787E+001  0.50438323E+002
  0.00000000E+000  0.00000000E+000  0.28633480E+001  0.50439031E+002
  0.00000000E+000  0.00000000E+000  0.28634174E+001  0.50439750E+002
  0.00000000E+000  0.00000000E+000  0.28634868E+001  0.50440481E+002
  0.00000000E+000  0.00000000E+000  0.28635561E+001  0.50441223E+002
  0.00000000E+000  0.00000000E+000  0.28636254E+001  0.50441976E+002
  0.00000000E+000  0.00000000E+000  0.28636944E+001  0.50442739E+002
  0.00000000E+000  0.00000000E+000  0.28637633E+001  0.50443512E+002
  0.00000000E+000  0.00000000E+000  0.28638320E+001  0.50444295E+002
  0.00000000E+000  0.00000000E+000  0.28639004E+001  0.50445086E+002
  0.00000000E+000  0.00000000E+000  0.28639685E+001  0.50445886E+002
  0.00000000E+000  0.00000000E+000  0.28640362E+001  0.50446694E+002
  0.00000000E+000  0.00000000E+000  0.28641036E+001  0.50447510E+002
  0.00000000E+000  0.00000000E+000  0.28641705E+001  0.50448332E+002
  0.00000000E+000  0.00000000E+000  0.28642370E+001  0.50449161E+002
  0.00000000E+000  0.00000000E+000  0.28643031E+001  0.50449997E+002
  0.00000000E+000  0.00000000E+000  0.28643686E+001  0.50450837E+002
  0.00000000E+000  0.00000000E+000  0.28644335E+001  0.50451683E+002
  0.00000000E+000  0.00000000E+000  0.28644979E+001  0.50452533E+002
  0.00000000E+000  0.00000000E+000  0.28645617E+001  0.50453387E+002
  0.00000000E+000  0.00000000E+000  0.28646248E+001  0.50454245E+002
  0.00000000E+000  0.00000000E+000  0.28646873E+001  0.50455106E+002
  0.00000000E+000  0.00000000E+000  0.28647492E+001  0.50455969E+002
  0.00000000E+000  0.00000000E+000  0.28648103E+001  0.50456834E+002
  0.00000000E+000  0.00000000E+000  0.28648707E+001  0.50457701E+002
  0.00000000E+000  0.00000000E+000  0.28649303E+001  0.50458569E+002
  0.00000000E+000  0.00000000E+000  0.28649892E+001  0.50459437E+002
  0.00000000E+000  0.00000000E+000  0.28650474E+001  0.50460306E+002
  0.00000000E+000  0.00000000E+000  0.28651047E+001  0.50461174E+002
  0.00000000E+000  0.00000000E+000  0.28651612E+001  0.50462041E+002
  0.00000000E+000  0.00000000E+000  0.28652170E+001  0.50462907E+002
  0.00000000E+000  0.00000000E+000  0.28652719E+001  0.50463772E+002
  0.00000000E+000  0.00000000E+000  0.28653259E+001  0.50464634E+002
  0.00000000E+000  0.00000000E+000  0.28653791E+001  0.50465494E+002
  0.00000000E+000  0.00000000E+000  0.28654315E+001  0.50466350E+002
  0.00000000E+000  0.00000000E+000  0.28654829E+001  0.50467204E+002
  0.00000000E+000  0.00000000E+000  0.28655336E+001  0.50468053E+002
  0.00000000E+000  0.00000000E+000  0.28655833E+001  0.50468899E+002
  0.00000000E+000  0.00000000E+000  0.28656322E+001  0.50469740E+002
  0.00000000E+000  0.00000000E+000  0.28656802E+001  0.50470577E+002
  0.00000000E+000  0.00000000E+000  0.28657273E+001  0.50471408E+002
  0.00000000E+000  0.00000000E+000  0.28657735E+001  0.50472234E+002
  0.00000000E+000  0.00000000E+000  0.28658189E+001  0.50473054E+002
  0.00000000E+000  0.00000000E+000  0.28658633E+001  0.50473868E+002
  0.00000000E+000  0.00000000E+000  0.28659069E+001  0.50474675E+002
  0.00000000E+000  0.00000000E+000  0.28659497E+001  0.50475476E+002
  0.00000000E+000  0.00000000E+000  0.28659915E+001  0.50476271E+002
  0.00000000E+000  0.00000000E+000  0.28660325E+001  0.50477058E+002
  0.00000000E+000  0.00000000E+000  0.28660726E+001  0.50477837E+002
  0.00000000E+000  0.00000000E+000  0.28661119E+001  0.50478609E+002
  0.00000000E+000  0.00000000E+000  0.28661503E+001  0.50479373E+002
  0.00000000E+000  0.00000000E+000  0.28661879E+001  0.50480129E+002
  0.00000000E+000  0.00000000E+000  0.28662246E+001  0.50480877E+002
  0.00000000E+000  0.00000000E+000  0.28662605E+001  0.50481617E+002
  0.00000000E+000  0.00000000E+000  0.28662956E+001  0.50482348E+002
  0.00000000E+000  0.00000000E+000  0.28663298E+001  0.50483070E+002
  0.00000000E+000  0.00000000E+000  0.28663633E+001  0.50483783E+002
  0.00000000E+000  0.00000000E+000  0.28663960E+001  0.50484487E+002
  0.00000000E+000  0.00000000E+000  0.28664278E+001  0.50485182E+002
  0.00000000E+000  0.00000000E+000  0.28664589E+001  0.50485868E+002
  0.00000000E+000  0.00000000E+000  0.28664892E+001  0.50486545E+002
  0.00000000E+000  0.00000000E+000  0.28665188E+001  0.50487211E+002
  0.00000000E+000  0.00000000E+000  0.28665476E+001  0.50487869E+002
  0.00000000E+000  0.00000000E+000  0.28665757E+001  0.50488516E+002
  0.00000000E+000  0.00000000E+000  0.28666030E+001  0.50489154E+002
  0.00000000E+000  0.00000000E+000  0.28666296E+001  0.50489782E+002
  0.00000000E+000  0.00000000E+000  0.28666556E+001  0.50490401E+002
  0.00000000E+000  0.00000000E+000  0.28666808E+001  0.50491009E+002
  0.00000000E+000  0.00000000E+000  0.28667053E+001  0.50491607E+002
  0.00000000E+000  0.00000000E+000  0.28667292E+001  0.50492196E+002
  0.00000000E+000  0.00000000E+000  0.28667524E+001  0.50492774E+002
  0.00000000E+000  0.00000000E+000  0.28667750E+001  0.50493343E+002
  0.00000000E+000  0.00000000E+000  0.28667969E+001  0.50493902E+002
  0.00000000E+000  0.00000000E+000  0.28668182E+001  0.50494450E+002
  0.00000000E+000  0.00000000E+000  0.28668389E+001  0.50494989E+002
  0.00000000E+000  0.00000000E+000  0.28668590E+001  0.50495518E+002
  0.00000000E+000  0.00000000E+000  0.28668785E+001  0.50496036E+002
  0.00000000E+000  0.00000000E+000  0.28668974E+001  0.50496545E+002
  0.00000000E+000  0.00000000E+000  0.28669158E+001  0.50497044E+002
  0.00000000E+000  0.00000000E+000  0.28669336E+001  0.50497534E+002
  0.00000000E+000  0.00000000E+000  0.28669509E+001  0.50498013E+002
  0.00000000E+000  0.00000000E+000  0.28669676E+001  0.50498483E+002
  0.00000000E+000  0.00000000E+000  0.28669839E+001  0.50498943E+002
  0.00000000E+000  0.00000000E+000  0.28669996E+001  0.50499394E+002
  0.00000000E+000  0.00000000E+000  0.28670148E+001  0.50499835E+002
  0.00000000E+000  0.00000000E+000  0.28670296E+001  0.50500267E+002
  0.00000000E+000  0.00000000E+000  0.28670439E+001  0.50500690E+002
  0.00000000E+000  0.00000000E+000  0.28670577E+001  0.50501103E+002
  0.00000000E+000  0.00000000E+000  0.28670711E+001  0.50501507E+002
  0.00000000E+000  0.00000000E+000  0.28670841E+001  0.50501902E+002
  0.00000000E+000  0.00000000E+000  0.28670966E+001  0.50502288E+002
  0.00000000E+000  0.00000000E+000  0.28671087E+001  0.50502665E+002
  0.00000000E+000  0.00000000E+000  0.28671204E+001  0.50503034E+002
  0.00000000E+000  0.00000000E+000  0.28671318E+001  0.50503394E+002
  0.00000000E+000  0.00000000E+000  0.28671427E+001  0.50503745E+002
  0.00000000E+000  0.00000000E+000  0.28671533E+001  0.50504088E+002
  0.00000000E+000  0.00000000E+000  0.28671635E+001  0.50504422E+002
  0.00000000E+000  0.00000000E+000  0.28671734E+001  0.50504748E+002
  0.00000000E+000  0.00000000E+000  0.28671829E+001  0.50505067E+002
  0.00000000E+000  0.00000000E+000  0.28671922E+001  0.50505377E+002
  0.00000000E+000  0.00000000E+000  0.28672010E+001  0.50505679E+002
  0.00000000E+000  0.00000000E+000  0.28672096E+001  0.50505974E+002
  0.00000000E+000  0.00000000E+000  0.28672179E+001  0.50506261E+002
  0.00000000E+000  0.00000000E+000  0.28672259E+001  0.50506541E+002
  0.00000000E+000  0.00000000E+000  0.28672336E+001  0.50506813E+002
  0.00000000E+000  0.00000000E+000  0.28672410E+001  0.50507078E+002
  0.00000000E+000  0.00000000E+000  0.28672482E+001  0.50507336E+002
  0.00000000E+000  0.00000000E+000  0.28672551E+001  0.50507587E+002
  0.00000000E+000  0.00000000E+000  0.28672618E+001  0.50507831E+002
  0.00000000E+000  0.00000000E+000  0.28672682E+001  0.50508069E+002
  0.00000000E+000  0.00000000E+000  0.28672744E+001  0.50508300E+002
  0.00000000E+000  0.00000000E+000  0.28672804E+001  0.50508524E+002
  0.00000000E+000  0.00000000E+000  0.28672861E+001  0.50508742E+002
  0.00000000E+000  0.00000000E+000  0.28672916E+001  0.50508954E+002
  0.00000000E+000  0.00000000E+000  0.28672969E+001  0.50509160E+002
  0.00000000E+000  0.00000000E+000  0.28673021E+001  0.50509360E+002
  0.00000000E+000  0.00000000E+000  0.28673070E+001  0.50509554E+002
  0.00000000E+000  0.00000000E+000  0.28673118E+001  0.50509743E+002
  0.00000000E+000  0.00000000E+000  0.28673163E+001  0.50509926E+002
  0.00000000E+000  0.00000000E+000  0.28673207E+001  0.50510103E+002
  0.00000000E+000  0.00000000E+000  0.28673250E+001  0.50510275E+002
  0.00000000E+000  0.00000000E+000  0.28673290E+001  0.50510442E+002
  0.00000000E+000  0.00000000E+000  0.28673329E+001  0.50510604E+002
  0.00000000E+000  0.00000000E+000  0.28673367E+001  0.50510761E+002
  0.00000000E+000  0.00000000E+000  0.28673403E+001  0.50510914E+002
  0.00000000E+000  0.00000000E+000  0.28673438E+001  0.50511061E+002
  0.00000000E+000  0.00000000E+000  0.28673471E+001  0.50511204E+002
  0.00000000E+000  0.00000000E+000  0.28673503E+001  0.50511342E+002
  0.00000000E+000  0.00000000E+000  0.28673534E+001  0.50511476E+002
  0.00000000E+000  0.00000000E+000  0.28673563E+001  0.50511606E+002
  0.00000000E+000  0.00000000E+000  0.28673591E+001  0.50511732E+002
  0.00000000E+000  0.00000000E+000  0.28673618E+001  0.50511853E+002
