  0.38971916E-001
  0.38975040E-001
  0.38977939E-001
  0.38980631E-001
  0.38983133E-001
  0.38985458E-001
  0.38987619E-001
  0.38989629E-001
  0.38991498E-001
  0.38993237E-001
  0.38994854E-001
  0.38996359E-001
  0.38997760E-001
  0.38999064E-001
  0.39000279E-001
  0.39001409E-001
  0.39002462E-001
  0.39003443E-001
  0.39004355E-001
  0.39005205E-001
  0.39005995E-001
  0.39006729E-001
  0.39007412E-001
  0.39008045E-001
  0.39008633E-001
  0.39009176E-001
  0.39009679E-001
  0.39010142E-001
  0.39010569E-001
  0.39010960E-001
  0.39011319E-001
  0.39011647E-001
  0.39011945E-001
  0.39012215E-001
  0.39012460E-001
  0.39012680E-001
  0.39012877E-001
  0.39013053E-001
  0.39013209E-001
  0.39013346E-001
  0.39013467E-001
  0.39013573E-001
  0.39013664E-001
  0.39013743E-001
  0.39013811E-001
  0.39013868E-001
  0.39013917E-001
  0.39013958E-001
  0.39013992E-001
  0.39014019E-001
  0.39014042E-001
  0.39014061E-001
  0.39014075E-001
  0.39014087E-001
  0.39014096E-001
  0.39014103E-001
  0.39014109E-001
  0.39014112E-001
  0.39014115E-001
  0.39014117E-001
  0.39014118E-001
  0.39014118E-001
  0.39014118E-001
  0.39014117E-001
  0.39014117E-001
  0.39014116E-001
  0.39014114E-001
  0.39014113E-001
  0.39014112E-001
  0.39014110E-001
  0.39014109E-001
  0.39014108E-001
  0.39014106E-001
  0.39014105E-001
  0.39014104E-001
  0.39014104E-001
  0.39014103E-001
  0.39014103E-001
  0.39014103E-001
  0.39014103E-001
  0.39014104E-001
  0.39014106E-001
  0.39014108E-001
  0.39014111E-001
  0.39014114E-001
  0.39014118E-001
  0.39014123E-001
  0.39014128E-001
  0.39014134E-001
  0.39014142E-001
  0.39014150E-001
  0.39014159E-001
  0.39014169E-001
  0.39014181E-001
  0.39014193E-001
  0.39014207E-001
  0.39014222E-001
  0.39014239E-001
  0.39014256E-001
  0.39014276E-001
  0.39014297E-001
  0.39014320E-001
  0.39014345E-001
  0.39014372E-001
  0.39014402E-001
  0.39014435E-001
  0.39014471E-001
  0.39014510E-001
  0.39014554E-001
  0.39014603E-001
  0.39014658E-001
  0.39014718E-001
  0.39014786E-001
  0.39014862E-001
  0.39014947E-001
  0.39015041E-001
  0.39015145E-001
  0.39015261E-001
  0.39015388E-001
  0.39015527E-001
  0.39015679E-001
  0.39015844E-001
  0.39016021E-001
  0.39016211E-001
  0.39016414E-001
  0.39016628E-001
  0.39016853E-001
  0.39017088E-001
  0.39017332E-001
  0.39017585E-001
  0.39017844E-001
  0.39018109E-001
  0.39018377E-001
  0.39018648E-001
  0.39018921E-001
  0.39019193E-001
  0.39019464E-001
  0.39019732E-001
  0.39019997E-001
  0.39020256E-001
  0.39020510E-001
  0.39020757E-001
  0.39020998E-001
  0.39021230E-001
  0.39021454E-001
  0.39021670E-001
  0.39021877E-001
  0.39022076E-001
  0.39022266E-001
  0.39022447E-001
  0.39022619E-001
  0.39022784E-001
  0.39022940E-001
  0.39023088E-001
  0.39023229E-001
  0.39023362E-001
  0.39023489E-001
  0.39023610E-001
  0.39023724E-001
  0.39023832E-001
  0.39023935E-001
  0.39024033E-001
  0.39024126E-001
  0.39024215E-001
  0.39024300E-001
  0.39024380E-001
  0.39024457E-001
  0.39024531E-001
  0.39024601E-001
  0.39024669E-001
  0.39024734E-001
  0.39024795E-001
  0.39024855E-001
  0.39024912E-001
  0.39024967E-001
  0.39025020E-001
  0.39025071E-001
  0.39025120E-001
  0.39025167E-001
  0.39025212E-001
  0.39025256E-001
  0.39025299E-001
  0.39025340E-001
  0.39025379E-001
  0.39025417E-001
  0.39025454E-001
  0.39025489E-001
  0.39025523E-001
  0.39025557E-001
  0.39025589E-001
  0.39025619E-001
  0.39025649E-001
  0.39025678E-001
  0.39025706E-001
  0.39025733E-001
  0.39025759E-001
  0.39025784E-001
  0.39025808E-001
  0.39025831E-001
  0.39025854E-001
