  0.37828861E+000
  0.37829458E+000
  0.37830038E+000
  0.37830579E+000
  0.37831079E+000
  0.37831539E+000
  0.37831960E+000
  0.37832344E+000
  0.37832693E+000
  0.37833009E+000
  0.37833295E+000
  0.37833553E+000
  0.37833786E+000
  0.37833994E+000
  0.37834181E+000
  0.37834348E+000
  0.37834497E+000
  0.37834628E+000
  0.37834744E+000
  0.37834846E+000
  0.37834934E+000
  0.37835011E+000
  0.37835076E+000
  0.37835131E+000
  0.37835177E+000
  0.37835213E+000
  0.37835241E+000
  0.37835261E+000
  0.37835274E+000
  0.37835280E+000
  0.37835280E+000
  0.37835273E+000
  0.37835260E+000
  0.37835242E+000
  0.37835219E+000
  0.37835190E+000
  0.37835157E+000
  0.37835120E+000
  0.37835078E+000
  0.37835032E+000
  0.37834983E+000
  0.37834930E+000
  0.37834874E+000
  0.37834816E+000
  0.37834754E+000
  0.37834691E+000
  0.37834625E+000
  0.37834557E+000
  0.37834487E+000
  0.37834416E+000
  0.37834343E+000
  0.37834270E+000
  0.37834195E+000
  0.37834119E+000
  0.37834043E+000
  0.37833966E+000
  0.37833888E+000
  0.37833810E+000
  0.37833732E+000
  0.37833653E+000
  0.37833575E+000
  0.37833496E+000
  0.37833417E+000
  0.37833338E+000
  0.37833258E+000
  0.37833179E+000
  0.37833100E+000
  0.37833021E+000
  0.37832942E+000
  0.37832864E+000
  0.37832785E+000
  0.37832707E+000
  0.37832629E+000
  0.37832551E+000
  0.37832474E+000
  0.37832397E+000
  0.37832321E+000
  0.37832245E+000
  0.37832170E+000
  0.37832095E+000
  0.37832021E+000
  0.37831948E+000
  0.37831876E+000
  0.37831805E+000
  0.37831734E+000
  0.37831665E+000
  0.37831597E+000
  0.37831530E+000
  0.37831464E+000
  0.37831399E+000
  0.37831335E+000
  0.37831273E+000
  0.37831211E+000
  0.37831151E+000
  0.37831092E+000
  0.37831035E+000
  0.37830978E+000
  0.37830923E+000
  0.37830869E+000
  0.37830817E+000
  0.37830765E+000
  0.37830715E+000
  0.37830665E+000
  0.37830617E+000
  0.37830570E+000
  0.37830524E+000
  0.37830479E+000
  0.37830435E+000
  0.37830393E+000
  0.37830351E+000
  0.37830310E+000
  0.37830270E+000
  0.37830231E+000
  0.37830193E+000
  0.37830155E+000
  0.37830119E+000
  0.37830083E+000
  0.37830049E+000
  0.37830015E+000
  0.37829982E+000
  0.37829949E+000
  0.37829918E+000
  0.37829887E+000
  0.37829857E+000
  0.37829827E+000
  0.37829799E+000
  0.37829771E+000
  0.37829743E+000
  0.37829717E+000
  0.37829691E+000
  0.37829665E+000
  0.37829641E+000
  0.37829617E+000
  0.37829593E+000
  0.37829570E+000
  0.37829548E+000
  0.37829526E+000
  0.37829505E+000
  0.37829485E+000
  0.37829465E+000
  0.37829445E+000
  0.37829426E+000
  0.37829408E+000
  0.37829390E+000
  0.37829372E+000
  0.37829355E+000
  0.37829339E+000
  0.37829323E+000
  0.37829307E+000
  0.37829292E+000
  0.37829277E+000
  0.37829263E+000
  0.37829249E+000
  0.37829236E+000
  0.37829223E+000
  0.37829210E+000
  0.37829198E+000
  0.37829186E+000
  0.37829175E+000
  0.37829163E+000
  0.37829153E+000
  0.37829142E+000
  0.37829132E+000
  0.37829122E+000
  0.37829113E+000
  0.37829104E+000
  0.37829095E+000
  0.37829086E+000
  0.37829078E+000
  0.37829070E+000
  0.37829062E+000
  0.37829055E+000
  0.37829047E+000
  0.37829040E+000
  0.37829034E+000
  0.37829027E+000
  0.37829021E+000
  0.37829015E+000
  0.37829009E+000
  0.37829003E+000
  0.37828998E+000
  0.37828992E+000
  0.37828987E+000
  0.37828982E+000
  0.37828978E+000
  0.37828973E+000
  0.37828969E+000
  0.37828965E+000
  0.37828960E+000
  0.37828957E+000
  0.37828953E+000
  0.37828949E+000
  0.37828946E+000
  0.37828942E+000
  0.37828939E+000
  0.37828936E+000
  0.37828933E+000
  0.37828930E+000
  0.37828926E+000
  0.37828923E+000
