 -0.12999530E+000  0.29440670E-001  0.11801196E+001  0.43358946E+000
 -0.12999616E+000  0.29443706E-001  0.11801262E+001  0.43362236E+000
 -0.12999689E+000  0.29445890E-001  0.11801321E+001  0.43365547E+000
 -0.12999750E+000  0.29447546E-001  0.11801375E+001  0.43368678E+000
 -0.12999801E+000  0.29448854E-001  0.11801424E+001  0.43371595E+000
 -0.12999844E+000  0.29449928E-001  0.11801469E+001  0.43374288E+000
 -0.12999880E+000  0.29450834E-001  0.11801510E+001  0.43376759E+000
 -0.12999910E+000  0.29451617E-001  0.11801547E+001  0.43379016E+000
 -0.12999936E+000  0.29452308E-001  0.11801580E+001  0.43381068E+000
 -0.12999958E+000  0.29452925E-001  0.11801611E+001  0.43382927E+000
 -0.12999978E+000  0.29453483E-001  0.11801639E+001  0.43384605E+000
 -0.12999996E+000  0.29453993E-001  0.11801665E+001  0.43386116E+000
 -0.13000012E+000  0.29454460E-001  0.11801688E+001  0.43387471E+000
 -0.13000026E+000  0.29454893E-001  0.11801709E+001  0.43388684E+000
 -0.13000039E+000  0.29455295E-001  0.11801729E+001  0.43389765E+000
 -0.13000051E+000  0.29455669E-001  0.11801747E+001  0.43390724E+000
 -0.13000062E+000  0.29456020E-001  0.11801763E+001  0.43391574E+000
 -0.13000072E+000  0.29456350E-001  0.11801777E+001  0.43392321E+000
 -0.13000082E+000  0.29456661E-001  0.11801790E+001  0.43392975E+000
 -0.13000091E+000  0.29456956E-001  0.11801802E+001  0.43393544E+000
 -0.13000099E+000  0.29457236E-001  0.11801813E+001  0.43394033E+000
 -0.13000107E+000  0.29457503E-001  0.11801823E+001  0.43394451E+000
 -0.13000114E+000  0.29457759E-001  0.11801831E+001  0.43394802E+000
 -0.13000121E+000  0.29458004E-001  0.11801839E+001  0.43395091E+000
 -0.13000128E+000  0.29458241E-001  0.11801845E+001  0.43395323E+000
 -0.13000134E+000  0.29458470E-001  0.11801851E+001  0.43395502E+000
 -0.13000140E+000  0.29458692E-001  0.11801856E+001  0.43395632E+000
 -0.13000145E+000  0.29458908E-001  0.11801860E+001  0.43395715E+000
 -0.13000150E+000  0.29459120E-001  0.11801864E+001  0.43395754E+000
 -0.13000155E+000  0.29459328E-001  0.11801866E+001  0.43395753E+000
 -0.13000160E+000  0.29459533E-001  0.11801868E+001  0.43395712E+000
 -0.13000164E+000  0.29459735E-001  0.11801870E+001  0.43395634E+000
 -0.13000168E+000  0.29459936E-001  0.11801871E+001  0.43395521E+000
 -0.13000172E+000  0.29460135E-001  0.11801871E+001  0.43395375E+000
 -0.13000176E+000  0.29460335E-001  0.11801871E+001  0.43395196E+000
 -0.13000179E+000  0.29460534E-001  0.11801870E+001  0.43394986E+000
 -0.13000182E+000  0.29460735E-001  0.11801869E+001  0.43394747E+000
 -0.13000185E+000  0.29460936E-001  0.11801868E+001  0.43394480E+000
 -0.13000188E+000  0.29461140E-001  0.11801867E+001  0.43394186E+000
 -0.13000190E+000  0.29461346E-001  0.11801865E+001  0.43393866E+000
 -0.13000193E+000  0.29461555E-001  0.11801863E+001  0.43393521E+000
 -0.13000195E+000  0.29461768E-001  0.11801861E+001  0.43393153E+000
 -0.13000197E+000  0.29461984E-001  0.11801859E+001  0.43392763E+000
 -0.13000198E+000  0.29462204E-001  0.11801858E+001  0.43392352E+000
 -0.13000200E+000  0.29462430E-001  0.11801856E+001  0.43391920E+000
 -0.13000201E+000  0.29462660E-001  0.11801854E+001  0.43391469E+000
 -0.13000202E+000  0.29462896E-001  0.11801853E+001  0.43391000E+000
 -0.13000202E+000  0.29463137E-001  0.11801852E+001  0.43390514E+000
 -0.13000203E+000  0.29463385E-001  0.11801851E+001  0.43390011E+000
 -0.13000203E+000  0.29463640E-001  0.11801851E+001  0.43389493E+000
 -0.13000203E+000  0.29463901E-001  0.11801851E+001  0.43388960E+000
 -0.13000202E+000  0.29464170E-001  0.11801852E+001  0.43388413E+000
 -0.13000202E+000  0.29464447E-001  0.11801853E+001  0.43387853E+000
 -0.13000200E+000  0.29464731E-001  0.11801854E+001  0.43387280E+000
 -0.13000199E+000  0.29465024E-001  0.11801857E+001  0.43386696E+000
 -0.13000197E+000  0.29465325E-001  0.11801859E+001  0.43386100E+000
 -0.13000195E+000  0.29465635E-001  0.11801863E+001  0.43385494E+000
 -0.13000193E+000  0.29465954E-001  0.11801867E+001  0.43384878E+000
 -0.13000190E+000  0.29466282E-001  0.11801871E+001  0.43384252E+000
 -0.13000187E+000  0.29466620E-001  0.11801876E+001  0.43383618E+000
 -0.13000183E+000  0.29466967E-001  0.11801882E+001  0.43382976E+000
 -0.13000179E+000  0.29467324E-001  0.11801888E+001  0.43382326E+000
 -0.13000175E+000  0.29467691E-001  0.11801894E+001  0.43381669E+000
 -0.13000170E+000  0.29468068E-001  0.11801901E+001  0.43381006E+000
 -0.13000164E+000  0.29468454E-001  0.11801908E+001  0.43380337E+000
 -0.13000158E+000  0.29468851E-001  0.11801916E+001  0.43379663E+000
 -0.13000152E+000  0.29469258E-001  0.11801924E+001  0.43378984E+000
 -0.13000145E+000  0.29469675E-001  0.11801933E+001  0.43378302E+000
 -0.13000138E+000  0.29470101E-001  0.11801941E+001  0.43377617E+000
 -0.13000130E+000  0.29470538E-001  0.11801950E+001  0.43376929E+000
 -0.13000122E+000  0.29470985E-001  0.11801959E+001  0.43376239E+000
 -0.13000113E+000  0.29471441E-001  0.11801968E+001  0.43375549E+000
 -0.13000104E+000  0.29471907E-001  0.11801977E+001  0.43374858E+000
 -0.13000094E+000  0.29472382E-001  0.11801986E+001  0.43374169E+000
 -0.13000084E+000  0.29472867E-001  0.11801995E+001  0.43373480E+000
 -0.13000073E+000  0.29473360E-001  0.11802004E+001  0.43372794E+000
 -0.13000061E+000  0.29473863E-001  0.11802013E+001  0.43372110E+000
 -0.13000049E+000  0.29474374E-001  0.11802022E+001  0.43371430E+000
 -0.13000037E+000  0.29474893E-001  0.11802030E+001  0.43370755E+000
 -0.13000024E+000  0.29475421E-001  0.11802039E+001  0.43370085E+000
 -0.13000011E+000  0.29475957E-001  0.11802047E+001  0.43369420E+000
 -0.12999997E+000  0.29476500E-001  0.11802056E+001  0.43368758E+000
 -0.12999983E+000  0.29477050E-001  0.11802088E+001  0.43367863E+000
 -0.12999968E+000  0.29477607E-001  0.11802119E+001  0.43366981E+000
 -0.12999953E+000  0.29478170E-001  0.11802150E+001  0.43366110E+000
 -0.12999937E+000  0.29478740E-001  0.11802181E+001  0.43365252E+000
 -0.12999921E+000  0.29479315E-001  0.11802210E+001  0.43364407E+000
 -0.12999905E+000  0.29479896E-001  0.11802239E+001  0.43363575E+000
 -0.12999888E+000  0.29480482E-001  0.11802267E+001  0.43362757E+000
 -0.12999871E+000  0.29481071E-001  0.11802295E+001  0.43361953E+000
 -0.12999854E+000  0.29481665E-001  0.11802322E+001  0.43361164E+000
 -0.12999836E+000  0.29482262E-001  0.11802348E+001  0.43360388E+000
 -0.12999818E+000  0.29482863E-001  0.11802374E+001  0.43359627E+000
 -0.12999800E+000  0.29483465E-001  0.11802399E+001  0.43358881E+000
 -0.12999781E+000  0.29484070E-001  0.11802423E+001  0.43358149E+000
 -0.12999763E+000  0.29484676E-001  0.11802446E+001  0.43357432E+000
 -0.12999744E+000  0.29485283E-001  0.11802469E+001  0.43356730E+000
 -0.12999725E+000  0.29485890E-001  0.11802492E+001  0.43356041E+000
 -0.12999706E+000  0.29486497E-001  0.11802514E+001  0.43355368E+000
 -0.12999687E+000  0.29487103E-001  0.11802535E+001  0.43354708E+000
 -0.12999668E+000  0.29487708E-001  0.11802556E+001  0.43354062E+000
 -0.12999649E+000  0.29488311E-001  0.11802576E+001  0.43353431E+000
 -0.12999630E+000  0.29488912E-001  0.11802595E+001  0.43352813E+000
 -0.12999611E+000  0.29489510E-001  0.11802614E+001  0.43352208E+000
 -0.12999592E+000  0.29490104E-001  0.11802633E+001  0.43351617E+000
 -0.12999573E+000  0.29490695E-001  0.11802651E+001  0.43351039E+000
 -0.12999554E+000  0.29491282E-001  0.11802668E+001  0.43350473E+000
 -0.12999535E+000  0.29491863E-001  0.11802685E+001  0.43349921E+000
 -0.12999517E+000  0.29492440E-001  0.11802702E+001  0.43349380E+000
 -0.12999498E+000  0.29493011E-001  0.11802718E+001  0.43348852E+000
 -0.12999480E+000  0.29493576E-001  0.11802733E+001  0.43348336E+000
 -0.12999462E+000  0.29494135E-001  0.11802749E+001  0.43347832E+000
 -0.12999444E+000  0.29494687E-001  0.11802763E+001  0.43347339E+000
 -0.12999426E+000  0.29495231E-001  0.11802778E+001  0.43346858E+000
 -0.12999409E+000  0.29495769E-001  0.11802792E+001  0.43346388E+000
 -0.12999392E+000  0.29496299E-001  0.11802805E+001  0.43345928E+000
 -0.12999375E+000  0.29496821E-001  0.11802818E+001  0.43345480E+000
 -0.12999358E+000  0.29497335E-001  0.11802831E+001  0.43345042E+000
 -0.12999342E+000  0.29497840E-001  0.11802844E+001  0.43344614E+000
 -0.12999326E+000  0.29498337E-001  0.11802856E+001  0.43344197E+000
 -0.12999310E+000  0.29498825E-001  0.11802867E+001  0.43343789E+000
 -0.12999294E+000  0.29499305E-001  0.11802879E+001  0.43343392E+000
 -0.12999279E+000  0.29499775E-001  0.11802890E+001  0.43343004E+000
 -0.12999264E+000  0.29500237E-001  0.11802901E+001  0.43342625E+000
 -0.12999250E+000  0.29500689E-001  0.11802911E+001  0.43342256E+000
 -0.12999235E+000  0.29501132E-001  0.11802921E+001  0.43341896E+000
 -0.12999221E+000  0.29501565E-001  0.11802931E+001  0.43341545E+000
 -0.12999208E+000  0.29501989E-001  0.11802941E+001  0.43341203E+000
 -0.12999194E+000  0.29502404E-001  0.11802950E+001  0.43340869E+000
 -0.12999181E+000  0.29502810E-001  0.11802959E+001  0.43340544E+000
 -0.12999169E+000  0.29503206E-001  0.11802968E+001  0.43340227E+000
 -0.12999156E+000  0.29503593E-001  0.11802976E+001  0.43339918E+000
 -0.12999144E+000  0.29503970E-001  0.11802985E+001  0.43339618E+000
 -0.12999132E+000  0.29504339E-001  0.11802993E+001  0.43339325E+000
 -0.12999121E+000  0.29504698E-001  0.11803001E+001  0.43339040E+000
 -0.12999110E+000  0.29505048E-001  0.11803008E+001  0.43338763E+000
 -0.12999099E+000  0.29505389E-001  0.11803015E+001  0.43338493E+000
 -0.12999088E+000  0.29505721E-001  0.11803023E+001  0.43338230E+000
 -0.12999078E+000  0.29506044E-001  0.11803030E+001  0.43337975E+000
 -0.12999067E+000  0.29506359E-001  0.11803036E+001  0.43337726E+000
 -0.12999058E+000  0.29506665E-001  0.11803043E+001  0.43337485E+000
 -0.12999048E+000  0.29506963E-001  0.11803049E+001  0.43337250E+000
 -0.12999039E+000  0.29507252E-001  0.11803055E+001  0.43337022E+000
 -0.12999030E+000  0.29507533E-001  0.11803061E+001  0.43336800E+000
 -0.12999021E+000  0.29507806E-001  0.11803067E+001  0.43336585E+000
 -0.12999013E+000  0.29508071E-001  0.11803072E+001  0.43336376E+000
 -0.12999005E+000  0.29508328E-001  0.11803078E+001  0.43336172E+000
 -0.12998997E+000  0.29508578E-001  0.11803083E+001  0.43335975E+000
 -0.12998989E+000  0.29508820E-001  0.11803088E+001  0.43335784E+000
 -0.12998981E+000  0.29509054E-001  0.11803093E+001  0.43335598E+000
 -0.12998974E+000  0.29509282E-001  0.11803098E+001  0.43335418E+000
 -0.12998967E+000  0.29509503E-001  0.11803103E+001  0.43335243E+000
 -0.12998960E+000  0.29509716E-001  0.11803107E+001  0.43335074E+000
 -0.12998954E+000  0.29509923E-001  0.11803111E+001  0.43334910E+000
 -0.12998947E+000  0.29510123E-001  0.11803116E+001  0.43334751E+000
 -0.12998941E+000  0.29510317E-001  0.11803120E+001  0.43334596E+000
 -0.12998935E+000  0.29510505E-001  0.11803124E+001  0.43334447E+000
 -0.12998929E+000  0.29510687E-001  0.11803127E+001  0.43334302E+000
 -0.12998924E+000  0.29510862E-001  0.11803131E+001  0.43334162E+000
 -0.12998918E+000  0.29511032E-001  0.11803135E+001  0.43334026E+000
 -0.12998913E+000  0.29511196E-001  0.11803138E+001  0.43333895E+000
 -0.12998908E+000  0.29511355E-001  0.11803141E+001  0.43333768E+000
 -0.12998903E+000  0.29511508E-001  0.11803145E+001  0.43333645E+000
 -0.12998898E+000  0.29511657E-001  0.11803148E+001  0.43333525E+000
 -0.12998894E+000  0.29511800E-001  0.11803151E+001  0.43333410E+000
 -0.12998889E+000  0.29511938E-001  0.11803154E+001  0.43333299E+000
 -0.12998885E+000  0.29512071E-001  0.11803157E+001  0.43333191E+000
 -0.12998881E+000  0.29512200E-001  0.11803159E+001  0.43333087E+000
 -0.12998877E+000  0.29512324E-001  0.11803162E+001  0.43332987E+000
 -0.12998873E+000  0.29512444E-001  0.11803165E+001  0.43332889E+000
 -0.12998869E+000  0.29512560E-001  0.11803167E+001  0.43332795E+000
 -0.12998866E+000  0.29512671E-001  0.11803169E+001  0.43332705E+000
 -0.12998862E+000  0.29512779E-001  0.11803172E+001  0.43332617E+000
 -0.12998859E+000  0.29512883E-001  0.11803174E+001  0.43332532E+000
 -0.12998856E+000  0.29512982E-001  0.11803176E+001  0.43332451E+000
 -0.12998853E+000  0.29513079E-001  0.11803178E+001  0.43332372E+000
 -0.12998850E+000  0.29513172E-001  0.11803180E+001  0.43332296E+000
 -0.12998847E+000  0.29513261E-001  0.11803182E+001  0.43332222E+000
 -0.12998844E+000  0.29513347E-001  0.11803184E+001  0.43332151E+000
 -0.12998841E+000  0.29513430E-001  0.11803186E+001  0.43332083E+000
 -0.12998839E+000  0.29513510E-001  0.11803187E+001  0.43332017E+000
 -0.12998836E+000  0.29513587E-001  0.11803189E+001  0.43331953E+000
 -0.12998834E+000  0.29513661E-001  0.11803191E+001  0.43331892E+000
 -0.12998832E+000  0.29513732E-001  0.11803192E+001  0.43331833E+000
 -0.12998829E+000  0.29513801E-001  0.11803194E+001  0.43331776E+000
 -0.12998827E+000  0.29513866E-001  0.11803195E+001  0.43331721E+000
 -0.12998825E+000  0.29513930E-001  0.11803197E+001  0.43331668E+000
 -0.12998823E+000  0.29513991E-001  0.11803198E+001  0.43331617E+000
 -0.12998821E+000  0.29514049E-001  0.11803199E+001  0.43331568E+000
 -0.12998820E+000  0.29514106E-001  0.11803200E+001  0.43331521E+000
 -0.12998818E+000  0.29514160E-001  0.11803202E+001  0.43331475E+000
 -0.12998816E+000  0.29514212E-001  0.11803203E+001  0.43331431E+000
 -0.12998815E+000  0.29514261E-001  0.11803204E+001  0.43331389E+000
 -0.12998813E+000  0.29514309E-001  0.11803205E+001  0.43331348E+000
 -0.12998812E+000  0.29514355E-001  0.11803206E+001  0.43331309E+000
 -0.12998810E+000  0.29514399E-001  0.11803207E+001  0.43331272E+000
 -0.12998809E+000  0.29514441E-001  0.11803208E+001  0.43331235E+000
 -0.12998808E+000  0.29514481E-001  0.11803209E+001  0.43331201E+000
 -0.12998807E+000  0.29514518E-001  0.11803210E+001  0.43331167E+000
 -0.12998806E+000  0.29514553E-001  0.11803210E+001  0.43331134E+000
