 -0.34581798E-001
 -0.34581808E-001
 -0.34581817E-001
 -0.34581824E-001
 -0.34581831E-001
 -0.34581837E-001
 -0.34581843E-001
 -0.34581848E-001
 -0.34581852E-001
 -0.34581857E-001
 -0.34581860E-001
 -0.34581864E-001
 -0.34581867E-001
 -0.34581870E-001
 -0.34581872E-001
 -0.34581874E-001
 -0.34581877E-001
 -0.34581878E-001
 -0.34581880E-001
 -0.34581882E-001
 -0.34581883E-001
 -0.34581884E-001
 -0.34581886E-001
 -0.34581887E-001
 -0.34581888E-001
 -0.34581888E-001
 -0.34581889E-001
 -0.34581890E-001
 -0.34581891E-001
 -0.34581891E-001
 -0.34581892E-001
 -0.34581892E-001
 -0.34581892E-001
 -0.34581893E-001
 -0.34581893E-001
 -0.34581893E-001
 -0.34581893E-001
 -0.34581893E-001
 -0.34581893E-001
 -0.34581893E-001
 -0.34581893E-001
 -0.34581893E-001
 -0.34581893E-001
 -0.34581893E-001
 -0.34581893E-001
 -0.34581893E-001
 -0.34581892E-001
 -0.34581892E-001
 -0.34581892E-001
 -0.34581892E-001
 -0.34581891E-001
 -0.34581891E-001
 -0.34581891E-001
 -0.34581891E-001
 -0.34581890E-001
 -0.34581890E-001
 -0.34581890E-001
 -0.34581890E-001
 -0.34581889E-001
 -0.34581889E-001
 -0.34581889E-001
 -0.34581889E-001
 -0.34581889E-001
 -0.34581889E-001
 -0.34581888E-001
 -0.34581888E-001
 -0.34581888E-001
 -0.34581888E-001
 -0.34581888E-001
 -0.34581888E-001
 -0.34581888E-001
 -0.34581888E-001
 -0.34581888E-001
 -0.34581888E-001
 -0.34581888E-001
 -0.34581888E-001
 -0.34581889E-001
 -0.34581889E-001
 -0.34581889E-001
 -0.34581890E-001
 -0.34581890E-001
 -0.34581891E-001
 -0.34581891E-001
 -0.34581892E-001
 -0.34581893E-001
 -0.34581893E-001
 -0.34581894E-001
 -0.34581895E-001
 -0.34581897E-001
 -0.34581898E-001
 -0.34581899E-001
 -0.34581901E-001
 -0.34581902E-001
 -0.34581904E-001
 -0.34581906E-001
 -0.34581908E-001
 -0.34581910E-001
 -0.34581911E-001
 -0.34581913E-001
 -0.34581915E-001
 -0.34581917E-001
 -0.34581919E-001
 -0.34581920E-001
 -0.34581921E-001
 -0.34581923E-001
 -0.34581924E-001
 -0.34581924E-001
 -0.34581925E-001
 -0.34581925E-001
 -0.34581925E-001
 -0.34581925E-001
 -0.34581924E-001
 -0.34581923E-001
 -0.34581922E-001
 -0.34581921E-001
 -0.34581919E-001
 -0.34581917E-001
 -0.34581914E-001
 -0.34581912E-001
 -0.34581909E-001
 -0.34581906E-001
 -0.34581903E-001
 -0.34581900E-001
 -0.34581897E-001
 -0.34581893E-001
 -0.34581890E-001
 -0.34581886E-001
 -0.34581883E-001
 -0.34581880E-001
 -0.34581876E-001
 -0.34581873E-001
 -0.34581870E-001
 -0.34581867E-001
 -0.34581864E-001
 -0.34581861E-001
 -0.34581858E-001
 -0.34581855E-001
 -0.34581853E-001
 -0.34581850E-001
 -0.34581848E-001
 -0.34581845E-001
 -0.34581843E-001
 -0.34581841E-001
 -0.34581839E-001
 -0.34581838E-001
 -0.34581836E-001
 -0.34581834E-001
 -0.34581833E-001
 -0.34581831E-001
 -0.34581830E-001
 -0.34581829E-001
 -0.34581828E-001
 -0.34581826E-001
 -0.34581825E-001
 -0.34581824E-001
 -0.34581823E-001
 -0.34581822E-001
 -0.34581822E-001
 -0.34581821E-001
 -0.34581820E-001
 -0.34581819E-001
 -0.34581818E-001
 -0.34581818E-001
 -0.34581817E-001
 -0.34581816E-001
 -0.34581816E-001
 -0.34581815E-001
 -0.34581815E-001
 -0.34581814E-001
 -0.34581814E-001
 -0.34581813E-001
 -0.34581813E-001
 -0.34581812E-001
 -0.34581812E-001
 -0.34581811E-001
 -0.34581811E-001
 -0.34581810E-001
 -0.34581810E-001
 -0.34581810E-001
 -0.34581809E-001
 -0.34581809E-001
 -0.34581808E-001
 -0.34581808E-001
 -0.34581808E-001
 -0.34581808E-001
 -0.34581807E-001
 -0.34581807E-001
 -0.34581807E-001
 -0.34581806E-001
 -0.34581806E-001
 -0.34581806E-001
 -0.34581805E-001
 -0.34581805E-001
 -0.34581805E-001
 -0.34581804E-001
 -0.34581803E-001
 -0.34581802E-001
 -0.34581801E-001
 -0.34581797E-001
 -0.34581792E-001
