  0.12369378E+001
  0.12369388E+001
  0.12369405E+001
  0.12369423E+001
  0.12369440E+001
  0.12369457E+001
  0.12369473E+001
  0.12369490E+001
  0.12369506E+001
  0.12369521E+001
  0.12369537E+001
  0.12369552E+001
  0.12369567E+001
  0.12369582E+001
  0.12369597E+001
  0.12369612E+001
  0.12369626E+001
  0.12369641E+001
  0.12369655E+001
  0.12369670E+001
  0.12369685E+001
  0.12369700E+001
  0.12369715E+001
  0.12369730E+001
  0.12369745E+001
  0.12369761E+001
  0.12369777E+001
  0.12369793E+001
  0.12369809E+001
  0.12369826E+001
  0.12369843E+001
  0.12369861E+001
  0.12369879E+001
  0.12369898E+001
  0.12369917E+001
  0.12369937E+001
  0.12369957E+001
  0.12369978E+001
  0.12370000E+001
  0.12370022E+001
  0.12370045E+001
  0.12370068E+001
  0.12370093E+001
  0.12370118E+001
  0.12370144E+001
  0.12370171E+001
  0.12370199E+001
  0.12370227E+001
  0.12370256E+001
  0.12370287E+001
  0.12370318E+001
  0.12370350E+001
  0.12370383E+001
  0.12370418E+001
  0.12370453E+001
  0.12370489E+001
  0.12370526E+001
  0.12370564E+001
  0.12370603E+001
  0.12370644E+001
  0.12370685E+001
  0.12370727E+001
  0.12370770E+001
  0.12370814E+001
  0.12370859E+001
  0.12370906E+001
  0.12370953E+001
  0.12371001E+001
  0.12371050E+001
  0.12371099E+001
  0.12371150E+001
  0.12371202E+001
  0.12371254E+001
  0.12371307E+001
  0.12371361E+001
  0.12371416E+001
  0.12371471E+001
  0.12371527E+001
  0.12371584E+001
  0.12371641E+001
  0.12371699E+001
  0.12371757E+001
  0.12371816E+001
  0.12371875E+001
  0.12371935E+001
  0.12371995E+001
  0.12372055E+001
  0.12372116E+001
  0.12372177E+001
  0.12372238E+001
  0.12372299E+001
  0.12372361E+001
  0.12372423E+001
  0.12372484E+001
  0.12372546E+001
  0.12372608E+001
  0.12372670E+001
  0.12372732E+001
  0.12372793E+001
  0.12372855E+001
  0.12372917E+001
  0.12372978E+001
  0.12373039E+001
  0.12373100E+001
  0.12373160E+001
  0.12373221E+001
  0.12373281E+001
  0.12373340E+001
  0.12373400E+001
  0.12373459E+001
  0.12373517E+001
  0.12373575E+001
  0.12373633E+001
  0.12373690E+001
  0.12373747E+001
  0.12373803E+001
  0.12373859E+001
  0.12373914E+001
  0.12373969E+001
  0.12374023E+001
  0.12374076E+001
  0.12374129E+001
  0.12374181E+001
  0.12374233E+001
  0.12374284E+001
  0.12374334E+001
  0.12374384E+001
  0.12374433E+001
  0.12374482E+001
  0.12374529E+001
  0.12374577E+001
  0.12374623E+001
  0.12374669E+001
  0.12374714E+001
  0.12374758E+001
  0.12374802E+001
  0.12374845E+001
  0.12374887E+001
  0.12374929E+001
  0.12374970E+001
  0.12375010E+001
  0.12375049E+001
  0.12375088E+001
  0.12375126E+001
  0.12375163E+001
  0.12375200E+001
  0.12375236E+001
  0.12375272E+001
  0.12375306E+001
  0.12375340E+001
  0.12375373E+001
  0.12375406E+001
  0.12375438E+001
  0.12375469E+001
  0.12375500E+001
  0.12375530E+001
  0.12375559E+001
  0.12375588E+001
  0.12375616E+001
  0.12375643E+001
  0.12375670E+001
  0.12375696E+001
  0.12375722E+001
  0.12375747E+001
  0.12375771E+001
  0.12375795E+001
  0.12375818E+001
  0.12375841E+001
  0.12375863E+001
  0.12375885E+001
  0.12375906E+001
  0.12375926E+001
  0.12375946E+001
  0.12375966E+001
  0.12375985E+001
  0.12376003E+001
  0.12376021E+001
  0.12376039E+001
  0.12376056E+001
  0.12376072E+001
  0.12376088E+001
  0.12376104E+001
  0.12376119E+001
  0.12376134E+001
  0.12376148E+001
  0.12376162E+001
  0.12376176E+001
  0.12376189E+001
  0.12376202E+001
  0.12376214E+001
  0.12376226E+001
  0.12376238E+001
  0.12376249E+001
  0.12376260E+001
  0.12376271E+001
  0.12376281E+001
  0.12376291E+001
  0.12376301E+001
  0.12376310E+001
  0.12376319E+001
