  0.76756440E+000
  0.76757673E+000
  0.76758190E+000
  0.76758537E+000
  0.76758811E+000
  0.76759037E+000
  0.76759223E+000
  0.76759376E+000
  0.76759500E+000
  0.76759601E+000
  0.76759681E+000
  0.76759746E+000
  0.76759796E+000
  0.76759835E+000
  0.76759865E+000
  0.76759887E+000
  0.76759902E+000
  0.76759912E+000
  0.76759917E+000
  0.76759919E+000
  0.76759918E+000
  0.76759914E+000
  0.76759908E+000
  0.76759901E+000
  0.76759893E+000
  0.76759884E+000
  0.76759874E+000
  0.76759863E+000
  0.76759853E+000
  0.76759842E+000
  0.76759831E+000
  0.76759821E+000
  0.76759811E+000
  0.76759801E+000
  0.76759791E+000
  0.76759781E+000
  0.76759773E+000
  0.76759764E+000
  0.76759756E+000
  0.76759748E+000
  0.76759741E+000
  0.76759735E+000
  0.76759728E+000
  0.76759723E+000
  0.76759718E+000
  0.76759713E+000
  0.76759709E+000
  0.76759705E+000
  0.76759702E+000
  0.76759700E+000
  0.76759698E+000
  0.76759696E+000
  0.76759695E+000
  0.76759695E+000
  0.76759696E+000
  0.76759696E+000
  0.76759698E+000
  0.76759700E+000
  0.76759703E+000
  0.76759706E+000
  0.76759710E+000
  0.76759715E+000
  0.76759720E+000
  0.76759725E+000
  0.76759731E+000
  0.76759738E+000
  0.76759745E+000
  0.76759753E+000
  0.76759761E+000
  0.76759770E+000
  0.76759779E+000
  0.76759789E+000
  0.76759799E+000
  0.76759810E+000
  0.76759821E+000
  0.76759833E+000
  0.76759844E+000
  0.76759857E+000
  0.76759869E+000
  0.76759882E+000
  0.76759896E+000
  0.76759909E+000
  0.76759923E+000
  0.76759938E+000
  0.76759952E+000
  0.76759967E+000
  0.76759982E+000
  0.76759998E+000
  0.76760013E+000
  0.76760029E+000
  0.76760045E+000
  0.76760061E+000
  0.76760077E+000
  0.76760094E+000
  0.76760110E+000
  0.76760127E+000
  0.76760144E+000
  0.76760160E+000
  0.76760177E+000
  0.76760193E+000
  0.76760209E+000
  0.76760225E+000
  0.76760241E+000
  0.76760257E+000
  0.76760273E+000
  0.76760288E+000
  0.76760302E+000
  0.76760317E+000
  0.76760331E+000
  0.76760344E+000
  0.76760358E+000
  0.76760370E+000
  0.76760382E+000
  0.76760394E+000
  0.76760405E+000
  0.76760416E+000
  0.76760426E+000
  0.76760435E+000
  0.76760444E+000
  0.76760452E+000
  0.76760460E+000
  0.76760467E+000
  0.76760473E+000
  0.76760479E+000
  0.76760484E+000
  0.76760489E+000
  0.76760493E+000
  0.76760497E+000
  0.76760500E+000
  0.76760503E+000
  0.76760505E+000
  0.76760507E+000
  0.76760508E+000
  0.76760509E+000
  0.76760510E+000
  0.76760510E+000
  0.76760510E+000
  0.76760509E+000
  0.76760508E+000
  0.76760507E+000
  0.76760506E+000
  0.76760504E+000
  0.76760502E+000
  0.76760500E+000
  0.76760498E+000
  0.76760496E+000
  0.76760493E+000
  0.76760491E+000
  0.76760488E+000
  0.76760485E+000
  0.76760482E+000
  0.76760479E+000
  0.76760476E+000
  0.76760473E+000
  0.76760470E+000
  0.76760467E+000
  0.76760464E+000
  0.76760461E+000
  0.76760458E+000
  0.76760455E+000
  0.76760452E+000
  0.76760450E+000
  0.76760447E+000
  0.76760444E+000
  0.76760441E+000
  0.76760439E+000
  0.76760436E+000
  0.76760434E+000
  0.76760431E+000
  0.76760429E+000
  0.76760427E+000
  0.76760425E+000
  0.76760423E+000
  0.76760421E+000
  0.76760419E+000
  0.76760417E+000
  0.76760415E+000
  0.76760414E+000
  0.76760412E+000
  0.76760411E+000
  0.76760409E+000
  0.76760408E+000
  0.76760407E+000
  0.76760406E+000
  0.76760404E+000
  0.76760403E+000
  0.76760402E+000
  0.76760401E+000
  0.76760400E+000
  0.76760400E+000
  0.76760399E+000
  0.76760398E+000
  0.76760398E+000
  0.76760397E+000
  0.76760397E+000
  0.76760397E+000
  0.76760397E+000
  0.76760398E+000
  0.76760402E+000
  0.76760410E+000
