  0.98309509E+000
  0.98309518E+000
  0.98309517E+000
  0.98309512E+000
  0.98309504E+000
  0.98309494E+000
  0.98309483E+000
  0.98309471E+000
  0.98309459E+000
  0.98309445E+000
  0.98309431E+000
  0.98309416E+000
  0.98309401E+000
  0.98309386E+000
  0.98309370E+000
  0.98309354E+000
  0.98309338E+000
  0.98309322E+000
  0.98309305E+000
  0.98309288E+000
  0.98309271E+000
  0.98309254E+000
  0.98309237E+000
  0.98309220E+000
  0.98309203E+000
  0.98309185E+000
  0.98309168E+000
  0.98309150E+000
  0.98309132E+000
  0.98309114E+000
  0.98309097E+000
  0.98309079E+000
  0.98309061E+000
  0.98309043E+000
  0.98309025E+000
  0.98309007E+000
  0.98308990E+000
  0.98308972E+000
  0.98308954E+000
  0.98308937E+000
  0.98308919E+000
  0.98308902E+000
  0.98308885E+000
  0.98308867E+000
  0.98308851E+000
  0.98308834E+000
  0.98308817E+000
  0.98308801E+000
  0.98308785E+000
  0.98308769E+000
  0.98308753E+000
  0.98308738E+000
  0.98308723E+000
  0.98308708E+000
  0.98308693E+000
  0.98308678E+000
  0.98308663E+000
  0.98308649E+000
  0.98308635E+000
  0.98308620E+000
  0.98308606E+000
  0.98308592E+000
  0.98308578E+000
  0.98308564E+000
  0.98308550E+000
  0.98308536E+000
  0.98308521E+000
  0.98308507E+000
  0.98308492E+000
  0.98308478E+000
  0.98308463E+000
  0.98308448E+000
  0.98308433E+000
  0.98308417E+000
  0.98308401E+000
  0.98308385E+000
  0.98308369E+000
  0.98308352E+000
  0.98308335E+000
  0.98308317E+000
  0.98308299E+000
  0.98308281E+000
  0.98308262E+000
  0.98308243E+000
  0.98308223E+000
  0.98308203E+000
  0.98308182E+000
  0.98308161E+000
  0.98308139E+000
  0.98308117E+000
  0.98308094E+000
  0.98308070E+000
  0.98308046E+000
  0.98308021E+000
  0.98307995E+000
  0.98307968E+000
  0.98307941E+000
  0.98307914E+000
  0.98307885E+000
  0.98307856E+000
  0.98307826E+000
  0.98307795E+000
  0.98307763E+000
  0.98307731E+000
  0.98307698E+000
  0.98307664E+000
  0.98307630E+000
  0.98307595E+000
  0.98307559E+000
  0.98307523E+000
  0.98307486E+000
  0.98307448E+000
  0.98307410E+000
  0.98307371E+000
  0.98307332E+000
  0.98307292E+000
  0.98307253E+000
  0.98307212E+000
  0.98307172E+000
  0.98307132E+000
  0.98307091E+000
  0.98307050E+000
  0.98307010E+000
  0.98306969E+000
  0.98306929E+000
  0.98306889E+000
  0.98306849E+000
  0.98306810E+000
  0.98306771E+000
  0.98306733E+000
  0.98306696E+000
  0.98306659E+000
  0.98306623E+000
  0.98306588E+000
  0.98306554E+000
  0.98306520E+000
  0.98306488E+000
  0.98306457E+000
  0.98306427E+000
  0.98306398E+000
  0.98306370E+000
  0.98306343E+000
  0.98306317E+000
  0.98306293E+000
  0.98306270E+000
  0.98306248E+000
  0.98306227E+000
  0.98306207E+000
  0.98306188E+000
  0.98306171E+000
  0.98306154E+000
  0.98306139E+000
  0.98306124E+000
  0.98306110E+000
  0.98306098E+000
  0.98306086E+000
  0.98306075E+000
  0.98306065E+000
  0.98306055E+000
  0.98306047E+000
  0.98306039E+000
  0.98306031E+000
  0.98306024E+000
  0.98306018E+000
  0.98306012E+000
  0.98306007E+000
  0.98306002E+000
  0.98305998E+000
  0.98305994E+000
  0.98305990E+000
  0.98305986E+000
  0.98305983E+000
  0.98305980E+000
  0.98305978E+000
  0.98305975E+000
  0.98305973E+000
  0.98305971E+000
  0.98305969E+000
  0.98305968E+000
  0.98305966E+000
  0.98305965E+000
  0.98305964E+000
  0.98305962E+000
  0.98305961E+000
  0.98305960E+000
  0.98305960E+000
  0.98305959E+000
  0.98305958E+000
  0.98305957E+000
  0.98305957E+000
  0.98305956E+000
  0.98305956E+000
  0.98305955E+000
  0.98305955E+000
  0.98305954E+000
  0.98305954E+000
  0.98305954E+000
  0.98305953E+000
  0.98305953E+000
  0.98305952E+000
