  0.51178158E+000
  0.51178165E+000
  0.51178152E+000
  0.51178139E+000
  0.51178125E+000
  0.51178112E+000
  0.51178099E+000
  0.51178087E+000
  0.51178074E+000
  0.51178062E+000
  0.51178050E+000
  0.51178038E+000
  0.51178026E+000
  0.51178015E+000
  0.51178003E+000
  0.51177992E+000
  0.51177980E+000
  0.51177969E+000
  0.51177958E+000
  0.51177947E+000
  0.51177936E+000
  0.51177926E+000
  0.51177915E+000
  0.51177904E+000
  0.51177893E+000
  0.51177882E+000
  0.51177872E+000
  0.51177861E+000
  0.51177850E+000
  0.51177839E+000
  0.51177828E+000
  0.51177817E+000
  0.51177806E+000
  0.51177795E+000
  0.51177783E+000
  0.51177772E+000
  0.51177760E+000
  0.51177749E+000
  0.51177737E+000
  0.51177725E+000
  0.51177713E+000
  0.51177701E+000
  0.51177688E+000
  0.51177675E+000
  0.51177663E+000
  0.51177649E+000
  0.51177636E+000
  0.51177623E+000
  0.51177609E+000
  0.51177595E+000
  0.51177581E+000
  0.51177566E+000
  0.51177552E+000
  0.51177537E+000
  0.51177521E+000
  0.51177506E+000
  0.51177490E+000
  0.51177474E+000
  0.51177457E+000
  0.51177440E+000
  0.51177423E+000
  0.51177406E+000
  0.51177388E+000
  0.51177370E+000
  0.51177351E+000
  0.51177332E+000
  0.51177312E+000
  0.51177293E+000
  0.51177272E+000
  0.51177252E+000
  0.51177231E+000
  0.51177209E+000
  0.51177187E+000
  0.51177165E+000
  0.51177142E+000
  0.51177118E+000
  0.51177094E+000
  0.51177070E+000
  0.51177045E+000
  0.51177020E+000
  0.51176994E+000
  0.51176968E+000
  0.51176941E+000
  0.51176914E+000
  0.51176886E+000
  0.51176858E+000
  0.51176829E+000
  0.51176800E+000
  0.51176770E+000
  0.51176740E+000
  0.51176710E+000
  0.51176679E+000
  0.51176648E+000
  0.51176616E+000
  0.51176584E+000
  0.51176552E+000
  0.51176519E+000
  0.51176486E+000
  0.51176453E+000
  0.51176419E+000
  0.51176385E+000
  0.51176351E+000
  0.51176317E+000
  0.51176283E+000
  0.51176248E+000
  0.51176214E+000
  0.51176179E+000
  0.51176144E+000
  0.51176109E+000
  0.51176074E+000
  0.51176039E+000
  0.51176004E+000
  0.51175970E+000
  0.51175935E+000
  0.51175900E+000
  0.51175865E+000
  0.51175831E+000
  0.51175796E+000
  0.51175762E+000
  0.51175728E+000
  0.51175694E+000
  0.51175661E+000
  0.51175627E+000
  0.51175594E+000
  0.51175561E+000
  0.51175529E+000
  0.51175497E+000
  0.51175465E+000
  0.51175433E+000
  0.51175402E+000
  0.51175371E+000
  0.51175341E+000
  0.51175311E+000
  0.51175281E+000
  0.51175252E+000
  0.51175224E+000
  0.51175195E+000
  0.51175168E+000
  0.51175140E+000
  0.51175113E+000
  0.51175087E+000
  0.51175061E+000
  0.51175036E+000
  0.51175011E+000
  0.51174986E+000
  0.51174962E+000
  0.51174939E+000
  0.51174916E+000
  0.51174894E+000
  0.51174872E+000
  0.51174850E+000
  0.51174829E+000
  0.51174809E+000
  0.51174789E+000
  0.51174769E+000
  0.51174750E+000
  0.51174732E+000
  0.51174714E+000
  0.51174696E+000
  0.51174679E+000
  0.51174662E+000
  0.51174646E+000
  0.51174630E+000
  0.51174615E+000
  0.51174600E+000
  0.51174585E+000
  0.51174571E+000
  0.51174558E+000
  0.51174544E+000
  0.51174532E+000
  0.51174519E+000
  0.51174507E+000
  0.51174496E+000
  0.51174484E+000
  0.51174473E+000
  0.51174463E+000
  0.51174452E+000
  0.51174443E+000
  0.51174433E+000
  0.51174424E+000
  0.51174415E+000
  0.51174406E+000
  0.51174398E+000
  0.51174390E+000
  0.51174382E+000
  0.51174375E+000
  0.51174367E+000
  0.51174360E+000
  0.51174354E+000
  0.51174347E+000
  0.51174341E+000
  0.51174335E+000
  0.51174329E+000
  0.51174324E+000
  0.51174319E+000
  0.51174314E+000
  0.51174309E+000
  0.51174304E+000
  0.51174299E+000
  0.51174295E+000
