  0.15545625E+001
  0.15545717E+001
  0.15545805E+001
  0.15545890E+001
  0.15545973E+001
  0.15546053E+001
  0.15546130E+001
  0.15546205E+001
  0.15546277E+001
  0.15546347E+001
  0.15546416E+001
  0.15546482E+001
  0.15546547E+001
  0.15546610E+001
  0.15546671E+001
  0.15546731E+001
  0.15546789E+001
  0.15546846E+001
  0.15546902E+001
  0.15546957E+001
  0.15547010E+001
  0.15547062E+001
  0.15547113E+001
  0.15547164E+001
  0.15547213E+001
  0.15547261E+001
  0.15547308E+001
  0.15547355E+001
  0.15547400E+001
  0.15547445E+001
  0.15547489E+001
  0.15547531E+001
  0.15547573E+001
  0.15547614E+001
  0.15547654E+001
  0.15547693E+001
  0.15547731E+001
  0.15547768E+001
  0.15547804E+001
  0.15547839E+001
  0.15547873E+001
  0.15547905E+001
  0.15547937E+001
  0.15547967E+001
  0.15547996E+001
  0.15548024E+001
  0.15548051E+001
  0.15548076E+001
  0.15548101E+001
  0.15548124E+001
  0.15548146E+001
  0.15548167E+001
  0.15548188E+001
  0.15548207E+001
  0.15548225E+001
  0.15548242E+001
  0.15548259E+001
  0.15548275E+001
  0.15548290E+001
  0.15548305E+001
  0.15548319E+001
  0.15548332E+001
  0.15548345E+001
  0.15548358E+001
  0.15548371E+001
  0.15548383E+001
  0.15548395E+001
  0.15548407E+001
  0.15548419E+001
  0.15548431E+001
  0.15548443E+001
  0.15548455E+001
  0.15548467E+001
  0.15548479E+001
  0.15548492E+001
  0.15548504E+001
  0.15548517E+001
  0.15548531E+001
  0.15548544E+001
  0.15548558E+001
  0.15548572E+001
  0.15548586E+001
  0.15548601E+001
  0.15548616E+001
  0.15548631E+001
  0.15548647E+001
  0.15548663E+001
  0.15548680E+001
  0.15548696E+001
  0.15548714E+001
  0.15548732E+001
  0.15548750E+001
  0.15548769E+001
  0.15548788E+001
  0.15548807E+001
  0.15548827E+001
  0.15548848E+001
  0.15548868E+001
  0.15548890E+001
  0.15548911E+001
  0.15548934E+001
  0.15548956E+001
  0.15548979E+001
  0.15549003E+001
  0.15549027E+001
  0.15549051E+001
  0.15549076E+001
  0.15549101E+001
  0.15549127E+001
  0.15549153E+001
  0.15549179E+001
  0.15549206E+001
  0.15549233E+001
  0.15549261E+001
  0.15549289E+001
  0.15549318E+001
  0.15549346E+001
  0.15549376E+001
  0.15549406E+001
  0.15549436E+001
  0.15549466E+001
  0.15549497E+001
  0.15549528E+001
  0.15549560E+001
  0.15549592E+001
  0.15549624E+001
  0.15549657E+001
  0.15549690E+001
  0.15549723E+001
  0.15549756E+001
  0.15549789E+001
  0.15549822E+001
  0.15549855E+001
  0.15549889E+001
  0.15549921E+001
  0.15549954E+001
  0.15549987E+001
  0.15550018E+001
  0.15550050E+001
  0.15550081E+001
  0.15550111E+001
  0.15550141E+001
  0.15550170E+001
  0.15550198E+001
  0.15550225E+001
  0.15550251E+001
  0.15550276E+001
  0.15550301E+001
  0.15550324E+001
  0.15550346E+001
  0.15550367E+001
  0.15550387E+001
  0.15550406E+001
  0.15550424E+001
  0.15550441E+001
  0.15550457E+001
  0.15550472E+001
  0.15550486E+001
  0.15550499E+001
  0.15550511E+001
  0.15550522E+001
  0.15550533E+001
  0.15550542E+001
  0.15550551E+001
  0.15550560E+001
  0.15550567E+001
  0.15550574E+001
  0.15550581E+001
  0.15550587E+001
  0.15550592E+001
  0.15550597E+001
  0.15550602E+001
  0.15550606E+001
  0.15550610E+001
  0.15550613E+001
  0.15550616E+001
  0.15550619E+001
  0.15550622E+001
  0.15550624E+001
  0.15550626E+001
  0.15550628E+001
  0.15550630E+001
  0.15550632E+001
  0.15550633E+001
  0.15550635E+001
  0.15550636E+001
  0.15550637E+001
  0.15550638E+001
  0.15550639E+001
  0.15550640E+001
  0.15550641E+001
  0.15550641E+001
  0.15550642E+001
  0.15550643E+001
  0.15550643E+001
  0.15550644E+001
  0.15550644E+001
  0.15550644E+001
  0.15550645E+001
  0.15550645E+001
