 -0.54411872E-001  0.11064368E+000  0.19742324E+001  0.46328047E+002
 -0.54412084E-001  0.11064513E+000  0.19742373E+001  0.46328199E+002
 -0.54412289E-001  0.11064645E+000  0.19742422E+001  0.46328350E+002
 -0.54412476E-001  0.11064764E+000  0.19742469E+001  0.46328501E+002
 -0.54412642E-001  0.11064871E+000  0.19742517E+001  0.46328651E+002
 -0.54412787E-001  0.11064969E+000  0.19742563E+001  0.46328800E+002
 -0.54412912E-001  0.11065058E+000  0.19742608E+001  0.46328948E+002
 -0.54413017E-001  0.11065140E+000  0.19742653E+001  0.46329096E+002
 -0.54413105E-001  0.11065217E+000  0.19742697E+001  0.46329244E+002
 -0.54413178E-001  0.11065289E+000  0.19742740E+001  0.46329391E+002
 -0.54413238E-001  0.11065357E+000  0.19742782E+001  0.46329538E+002
 -0.54413286E-001  0.11065421E+000  0.19742824E+001  0.46329685E+002
 -0.54413324E-001  0.11065483E+000  0.19742865E+001  0.46329832E+002
 -0.54413353E-001  0.11065541E+000  0.19742905E+001  0.46329980E+002
 -0.54413374E-001  0.11065598E+000  0.19742945E+001  0.46330128E+002
 -0.54413388E-001  0.11065652E+000  0.19742984E+001  0.46330276E+002
 -0.54413396E-001  0.11065705E+000  0.19743023E+001  0.46330426E+002
 -0.54413399E-001  0.11065755E+000  0.19743061E+001  0.46330576E+002
 -0.54413397E-001  0.11065805E+000  0.19743099E+001  0.46330728E+002
 -0.54413391E-001  0.11065853E+000  0.19743137E+001  0.46330882E+002
 -0.54413381E-001  0.11065900E+000  0.19743175E+001  0.46331037E+002
 -0.54413368E-001  0.11065946E+000  0.19743212E+001  0.46331194E+002
 -0.54413351E-001  0.11065992E+000  0.19743250E+001  0.46331354E+002
 -0.54413332E-001  0.11066037E+000  0.19743287E+001  0.46331516E+002
 -0.54413311E-001  0.11066081E+000  0.19743324E+001  0.46331680E+002
 -0.54413287E-001  0.11066125E+000  0.19743362E+001  0.46331848E+002
 -0.54413262E-001  0.11066169E+000  0.19743400E+001  0.46332018E+002
 -0.54413234E-001  0.11066213E+000  0.19743438E+001  0.46332192E+002
 -0.54413205E-001  0.11066257E+000  0.19743476E+001  0.46332370E+002
 -0.54413174E-001  0.11066301E+000  0.19743514E+001  0.46332552E+002
 -0.54413142E-001  0.11066346E+000  0.19743553E+001  0.46332738E+002
 -0.54413108E-001  0.11066391E+000  0.19743592E+001  0.46332928E+002
 -0.54413073E-001  0.11066436E+000  0.19743632E+001  0.46333123E+002
 -0.54413037E-001  0.11066483E+000  0.19743672E+001  0.46333323E+002
 -0.54412999E-001  0.11066531E+000  0.19743713E+001  0.46333528E+002
 -0.54412960E-001  0.11066579E+000  0.19743754E+001  0.46333738E+002
 -0.54412919E-001  0.11066629E+000  0.19743796E+001  0.46333954E+002
 -0.54412877E-001  0.11066681E+000  0.19743839E+001  0.46334175E+002
 -0.54412834E-001  0.11066734E+000  0.19743882E+001  0.46334402E+002
 -0.54412790E-001  0.11066789E+000  0.19743927E+001  0.46334636E+002
 -0.54412744E-001  0.11066847E+000  0.19743972E+001  0.46334875E+002
 -0.54412696E-001  0.11066906E+000  0.19744018E+001  0.46335121E+002
 -0.54412647E-001  0.11066968E+000  0.19744065E+001  0.46335373E+002
 -0.54412596E-001  0.11067033E+000  0.19744114E+001  0.46335632E+002
 -0.54412543E-001  0.11067101E+000  0.19744163E+001  0.46335898E+002
 -0.54412488E-001  0.11067173E+000  0.19744214E+001  0.46336171E+002
 -0.54412432E-001  0.11067248E+000  0.19744267E+001  0.46336450E+002
 -0.54412373E-001  0.11067327E+000  0.19744320E+001  0.46336737E+002
 -0.54412312E-001  0.11067410E+000  0.19744376E+001  0.46337030E+002
 -0.54412248E-001  0.11067497E+000  0.19744433E+001  0.46337331E+002
 -0.54412182E-001  0.11067589E+000  0.19744491E+001  0.46337638E+002
 -0.54412114E-001  0.11067686E+000  0.19744552E+001  0.46337953E+002
 -0.54412042E-001  0.11067788E+000  0.19744614E+001  0.46338275E+002
 -0.54411968E-001  0.11067895E+000  0.19744679E+001  0.46338604E+002
 -0.54411891E-001  0.11068008E+000  0.19744746E+001  0.46338939E+002
 -0.54411811E-001  0.11068126E+000  0.19744815E+001  0.46339282E+002
 -0.54411727E-001  0.11068250E+000  0.19744887E+001  0.46339631E+002
 -0.54411640E-001  0.11068380E+000  0.19744961E+001  0.46339988E+002
 -0.54411550E-001  0.11068516E+000  0.19745038E+001  0.46340350E+002
 -0.54411457E-001  0.11068658E+000  0.19745117E+001  0.46340719E+002
 -0.54411360E-001  0.11068806E+000  0.19745200E+001  0.46341095E+002
 -0.54411260E-001  0.11068959E+000  0.19745286E+001  0.46341477E+002
 -0.54411157E-001  0.11069119E+000  0.19745375E+001  0.46341864E+002
 -0.54411050E-001  0.11069284E+000  0.19745468E+001  0.46342258E+002
 -0.54410941E-001  0.11069454E+000  0.19745564E+001  0.46342657E+002
 -0.54410828E-001  0.11069630E+000  0.19745664E+001  0.46343061E+002
 -0.54410712E-001  0.11069810E+000  0.19745767E+001  0.46343471E+002
 -0.54410594E-001  0.11069996E+000  0.19745875E+001  0.46343886E+002
 -0.54410472E-001  0.11070186E+000  0.19745986E+001  0.46344305E+002
 -0.54410348E-001  0.11070380E+000  0.19746102E+001  0.46344729E+002
 -0.54410222E-001  0.11070578E+000  0.19746222E+001  0.46345157E+002
 -0.54410093E-001  0.11070779E+000  0.19746346E+001  0.46345590E+002
 -0.54409963E-001  0.11070984E+000  0.19746474E+001  0.46346026E+002
 -0.54409830E-001  0.11071191E+000  0.19746607E+001  0.46346467E+002
 -0.54409696E-001  0.11071401E+000  0.19746745E+001  0.46346910E+002
 -0.54409561E-001  0.11071613E+000  0.19746887E+001  0.46347357E+002
 -0.54409424E-001  0.11071827E+000  0.19747033E+001  0.46347807E+002
 -0.54409286E-001  0.11072042E+000  0.19747184E+001  0.46348259E+002
 -0.54409148E-001  0.11072258E+000  0.19747340E+001  0.46348714E+002
 -0.54409009E-001  0.11072474E+000  0.19747500E+001  0.46349171E+002
 -0.54408869E-001  0.11072691E+000  0.19747665E+001  0.46349631E+002
 -0.54408729E-001  0.11072908E+000  0.19747834E+001  0.46350092E+002
 -0.54408590E-001  0.11073125E+000  0.19748008E+001  0.46350555E+002
 -0.54408450E-001  0.11073341E+000  0.19748185E+001  0.46351020E+002
 -0.54408311E-001  0.11073555E+000  0.19748367E+001  0.46351486E+002
 -0.54408173E-001  0.11073769E+000  0.19748553E+001  0.46351953E+002
 -0.54408035E-001  0.11073981E+000  0.19748743E+001  0.46352421E+002
 -0.54407898E-001  0.11074191E+000  0.19748937E+001  0.46352889E+002
 -0.54407763E-001  0.11074399E+000  0.19749134E+001  0.46353359E+002
 -0.54407628E-001  0.11074605E+000  0.19749334E+001  0.46353829E+002
 -0.54407495E-001  0.11074809E+000  0.19749538E+001  0.46354299E+002
 -0.54407364E-001  0.11075009E+000  0.19749744E+001  0.46354769E+002
 -0.54407234E-001  0.11075207E+000  0.19749953E+001  0.46355240E+002
 -0.54407106E-001  0.11075402E+000  0.19750164E+001  0.46355710E+002
 -0.54406980E-001  0.11075593E+000  0.19750377E+001  0.46356180E+002
 -0.54406856E-001  0.11075782E+000  0.19750591E+001  0.46356650E+002
 -0.54406734E-001  0.11075967E+000  0.19750807E+001  0.46357120E+002
 -0.54406614E-001  0.11076148E+000  0.19751024E+001  0.46357589E+002
 -0.54406497E-001  0.11076326E+000  0.19751241E+001  0.46358057E+002
 -0.54406381E-001  0.11076500E+000  0.19751459E+001  0.46358525E+002
 -0.54406268E-001  0.11076671E+000  0.19751677E+001  0.46358992E+002
 -0.54406158E-001  0.11076838E+000  0.19751895E+001  0.46359459E+002
 -0.54406049E-001  0.11077001E+000  0.19752112E+001  0.46359924E+002
 -0.54405943E-001  0.11077160E+000  0.19752328E+001  0.46360389E+002
 -0.54405840E-001  0.11077315E+000  0.19752543E+001  0.46360852E+002
 -0.54405739E-001  0.11077467E+000  0.19752757E+001  0.46361314E+002
 -0.54405640E-001  0.11077615E+000  0.19752968E+001  0.46361775E+002
 -0.54405544E-001  0.11077759E+000  0.19753178E+001  0.46362235E+002
 -0.54405450E-001  0.11077899E+000  0.19753385E+001  0.46362694E+002
 -0.54405359E-001  0.11078035E+000  0.19753589E+001  0.46363151E+002
 -0.54405270E-001  0.11078168E+000  0.19753791E+001  0.46363607E+002
 -0.54405184E-001  0.11078297E+000  0.19753990E+001  0.46364061E+002
 -0.54405100E-001  0.11078422E+000  0.19754185E+001  0.46364513E+002
 -0.54405018E-001  0.11078544E+000  0.19754378E+001  0.46364964E+002
 -0.54404938E-001  0.11078662E+000  0.19754566E+001  0.46365413E+002
 -0.54404861E-001  0.11078777E+000  0.19754751E+001  0.46365860E+002
 -0.54404786E-001  0.11078888E+000  0.19754933E+001  0.46366305E+002
 -0.54404714E-001  0.11078996E+000  0.19755110E+001  0.46366748E+002
 -0.54404643E-001  0.11079100E+000  0.19755283E+001  0.46367189E+002
 -0.54404575E-001  0.11079202E+000  0.19755453E+001  0.46367628E+002
 -0.54404509E-001  0.11079299E+000  0.19755618E+001  0.46368064E+002
 -0.54404445E-001  0.11079394E+000  0.19755779E+001  0.46368498E+002
 -0.54404383E-001  0.11079486E+000  0.19755936E+001  0.46368929E+002
 -0.54404323E-001  0.11079575E+000  0.19756089E+001  0.46369358E+002
 -0.54404265E-001  0.11079660E+000  0.19756238E+001  0.46369783E+002
 -0.54404208E-001  0.11079743E+000  0.19756382E+001  0.46370206E+002
 -0.54404154E-001  0.11079823E+000  0.19756522E+001  0.46370626E+002
 -0.54404102E-001  0.11079900E+000  0.19756659E+001  0.46371042E+002
 -0.54404051E-001  0.11079975E+000  0.19756791E+001  0.46371456E+002
 -0.54404002E-001  0.11080047E+000  0.19756919E+001  0.46371866E+002
 -0.54403955E-001  0.11080116E+000  0.19757043E+001  0.46372272E+002
 -0.54403910E-001  0.11080183E+000  0.19757163E+001  0.46372675E+002
 -0.54403866E-001  0.11080247E+000  0.19757280E+001  0.46373074E+002
 -0.54403823E-001  0.11080310E+000  0.19757392E+001  0.46373470E+002
 -0.54403783E-001  0.11080369E+000  0.19757501E+001  0.46373861E+002
 -0.54403744E-001  0.11080427E+000  0.19757605E+001  0.46374249E+002
 -0.54403706E-001  0.11080482E+000  0.19757707E+001  0.46374632E+002
 -0.54403669E-001  0.11080535E+000  0.19757804E+001  0.46375012E+002
 -0.54403634E-001  0.11080587E+000  0.19757899E+001  0.46375387E+002
 -0.54403601E-001  0.11080636E+000  0.19757989E+001  0.46375757E+002
 -0.54403568E-001  0.11080683E+000  0.19758077E+001  0.46376123E+002
 -0.54403537E-001  0.11080729E+000  0.19758161E+001  0.46376485E+002
 -0.54403507E-001  0.11080772E+000  0.19758242E+001  0.46376842E+002
 -0.54403479E-001  0.11080814E+000  0.19758320E+001  0.46377194E+002
 -0.54403451E-001  0.11080854E+000  0.19758395E+001  0.46377541E+002
 -0.54403425E-001  0.11080893E+000  0.19758467E+001  0.46377883E+002
 -0.54403399E-001  0.11080930E+000  0.19758536E+001  0.46378221E+002
 -0.54403375E-001  0.11080965E+000  0.19758603E+001  0.46378554E+002
 -0.54403352E-001  0.11080999E+000  0.19758666E+001  0.46378881E+002
 -0.54403329E-001  0.11081032E+000  0.19758728E+001  0.46379203E+002
 -0.54403308E-001  0.11081063E+000  0.19758787E+001  0.46379521E+002
 -0.54403287E-001  0.11081093E+000  0.19758843E+001  0.46379833E+002
 -0.54403268E-001  0.11081122E+000  0.19758897E+001  0.46380139E+002
 -0.54403249E-001  0.11081149E+000  0.19758949E+001  0.46380441E+002
 -0.54403231E-001  0.11081175E+000  0.19758999E+001  0.46380737E+002
 -0.54403213E-001  0.11081200E+000  0.19759046E+001  0.46381028E+002
 -0.54403197E-001  0.11081224E+000  0.19759092E+001  0.46381314E+002
 -0.54403181E-001  0.11081247E+000  0.19759135E+001  0.46381594E+002
 -0.54403166E-001  0.11081269E+000  0.19759177E+001  0.46381869E+002
 -0.54403152E-001  0.11081290E+000  0.19759217E+001  0.46382139E+002
 -0.54403138E-001  0.11081310E+000  0.19759255E+001  0.46382403E+002
 -0.54403125E-001  0.11081329E+000  0.19759292E+001  0.46382662E+002
 -0.54403112E-001  0.11081347E+000  0.19759327E+001  0.46382916E+002
 -0.54403100E-001  0.11081365E+000  0.19759360E+001  0.46383164E+002
 -0.54403089E-001  0.11081381E+000  0.19759392E+001  0.46383407E+002
 -0.54403078E-001  0.11081397E+000  0.19759422E+001  0.46383645E+002
 -0.54403067E-001  0.11081412E+000  0.19759451E+001  0.46383877E+002
 -0.54403057E-001  0.11081426E+000  0.19759479E+001  0.46384105E+002
 -0.54403048E-001  0.11081440E+000  0.19759506E+001  0.46384327E+002
 -0.54403039E-001  0.11081453E+000  0.19759531E+001  0.46384544E+002
 -0.54403030E-001  0.11081466E+000  0.19759555E+001  0.46384756E+002
 -0.54403022E-001  0.11081477E+000  0.19759578E+001  0.46384962E+002
 -0.54403014E-001  0.11081489E+000  0.19759600E+001  0.46385164E+002
 -0.54403007E-001  0.11081499E+000  0.19759621E+001  0.46385361E+002
 -0.54403000E-001  0.11081510E+000  0.19759641E+001  0.46385553E+002
 -0.54402993E-001  0.11081519E+000  0.19759659E+001  0.46385740E+002
 -0.54402986E-001  0.11081529E+000  0.19759678E+001  0.46385922E+002
 -0.54402980E-001  0.11081537E+000  0.19759695E+001  0.46386099E+002
 -0.54402975E-001  0.11081546E+000  0.19759711E+001  0.46386272E+002
 -0.54402969E-001  0.11081554E+000  0.19759727E+001  0.46386440E+002
 -0.54402964E-001  0.11081561E+000  0.19759741E+001  0.46386604E+002
 -0.54402959E-001  0.11081568E+000  0.19759755E+001  0.46386763E+002
 -0.54402954E-001  0.11081575E+000  0.19759769E+001  0.46386917E+002
 -0.54402950E-001  0.11081581E+000  0.19759782E+001  0.46387067E+002
 -0.54402945E-001  0.11081587E+000  0.19759794E+001  0.46387213E+002
 -0.54402941E-001  0.11081593E+000  0.19759805E+001  0.46387355E+002
 -0.54402938E-001  0.11081599E+000  0.19759816E+001  0.46387493E+002
 -0.54402934E-001  0.11081604E+000  0.19759826E+001  0.46387626E+002
 -0.54402931E-001  0.11081609E+000  0.19759836E+001  0.46387755E+002
 -0.54402927E-001  0.11081613E+000  0.19759845E+001  0.46387881E+002
 -0.54402924E-001  0.11081618E+000  0.19759854E+001  0.46388003E+002
 -0.54402922E-001  0.11081622E+000  0.19759863E+001  0.46388121E+002
 -0.54402919E-001  0.11081625E+000  0.19759871E+001  0.46388235E+002
 -0.54402916E-001  0.11081629E+000  0.19759878E+001  0.46388345E+002
 -0.54402914E-001  0.11081632E+000  0.19759885E+001  0.46388452E+002
 -0.54402912E-001  0.11081635E+000  0.19759892E+001  0.46388556E+002
 -0.54402910E-001  0.11081638E+000  0.19759898E+001  0.46388656E+002
 -0.54402908E-001  0.11081641E+000  0.19759904E+001  0.46388753E+002
 -0.54402907E-001  0.11081643E+000  0.19759909E+001  0.46388846E+002
 -0.54402907E-001  0.11081644E+000  0.19759914E+001  0.46388936E+002
