  0.88664887E+000
  0.88664889E+000
  0.88664888E+000
  0.88664887E+000
  0.88664885E+000
  0.88664883E+000
  0.88664881E+000
  0.88664878E+000
  0.88664875E+000
  0.88664872E+000
  0.88664869E+000
  0.88664866E+000
  0.88664863E+000
  0.88664860E+000
  0.88664857E+000
  0.88664854E+000
  0.88664851E+000
  0.88664849E+000
  0.88664846E+000
  0.88664844E+000
  0.88664841E+000
  0.88664839E+000
  0.88664837E+000
  0.88664835E+000
  0.88664833E+000
  0.88664831E+000
  0.88664829E+000
  0.88664827E+000
  0.88664825E+000
  0.88664824E+000
  0.88664822E+000
  0.88664821E+000
  0.88664820E+000
  0.88664819E+000
  0.88664818E+000
  0.88664817E+000
  0.88664816E+000
  0.88664815E+000
  0.88664814E+000
  0.88664813E+000
  0.88664813E+000
  0.88664812E+000
  0.88664812E+000
  0.88664811E+000
  0.88664811E+000
  0.88664810E+000
  0.88664810E+000
  0.88664810E+000
  0.88664809E+000
  0.88664809E+000
  0.88664809E+000
  0.88664809E+000
  0.88664809E+000
  0.88664809E+000
  0.88664808E+000
  0.88664808E+000
  0.88664808E+000
  0.88664808E+000
  0.88664808E+000
  0.88664808E+000
  0.88664808E+000
  0.88664808E+000
  0.88664807E+000
  0.88664807E+000
  0.88664807E+000
  0.88664807E+000
  0.88664807E+000
  0.88664807E+000
  0.88664807E+000
  0.88664807E+000
  0.88664807E+000
  0.88664806E+000
  0.88664806E+000
  0.88664806E+000
  0.88664806E+000
  0.88664806E+000
  0.88664806E+000
  0.88664805E+000
  0.88664805E+000
  0.88664805E+000
  0.88664805E+000
  0.88664804E+000
  0.88664804E+000
  0.88664804E+000
  0.88664803E+000
  0.88664803E+000
  0.88664803E+000
  0.88664802E+000
  0.88664802E+000
  0.88664801E+000
  0.88664801E+000
  0.88664800E+000
  0.88664800E+000
  0.88664799E+000
  0.88664798E+000
  0.88664797E+000
  0.88664796E+000
  0.88664795E+000
  0.88664794E+000
  0.88664793E+000
  0.88664792E+000
  0.88664791E+000
  0.88664790E+000
  0.88664788E+000
  0.88664786E+000
  0.88664785E+000
  0.88664783E+000
  0.88664781E+000
  0.88664779E+000
  0.88664776E+000
  0.88664774E+000
  0.88664771E+000
  0.88664769E+000
  0.88664766E+000
  0.88664763E+000
  0.88664760E+000
  0.88664756E+000
  0.88664753E+000
  0.88664749E+000
  0.88664746E+000
  0.88664742E+000
  0.88664738E+000
  0.88664734E+000
  0.88664730E+000
  0.88664726E+000
  0.88664721E+000
  0.88664717E+000
  0.88664713E+000
  0.88664709E+000
  0.88664704E+000
  0.88664700E+000
  0.88664696E+000
  0.88664692E+000
  0.88664688E+000
  0.88664684E+000
  0.88664680E+000
  0.88664676E+000
  0.88664673E+000
  0.88664669E+000
  0.88664666E+000
  0.88664662E+000
  0.88664659E+000
  0.88664656E+000
  0.88664653E+000
  0.88664650E+000
  0.88664648E+000
  0.88664645E+000
  0.88664643E+000
  0.88664640E+000
  0.88664638E+000
  0.88664636E+000
  0.88664634E+000
  0.88664632E+000
  0.88664630E+000
  0.88664629E+000
  0.88664627E+000
  0.88664625E+000
  0.88664624E+000
  0.88664622E+000
  0.88664621E+000
  0.88664620E+000
  0.88664618E+000
  0.88664617E+000
  0.88664616E+000
  0.88664615E+000
  0.88664614E+000
  0.88664613E+000
  0.88664612E+000
  0.88664611E+000
  0.88664610E+000
  0.88664609E+000
  0.88664608E+000
  0.88664607E+000
  0.88664607E+000
  0.88664606E+000
  0.88664605E+000
  0.88664604E+000
  0.88664604E+000
  0.88664603E+000
  0.88664602E+000
  0.88664602E+000
  0.88664601E+000
  0.88664601E+000
  0.88664600E+000
  0.88664599E+000
  0.88664599E+000
  0.88664598E+000
  0.88664598E+000
  0.88664597E+000
  0.88664597E+000
  0.88664597E+000
  0.88664596E+000
  0.88664596E+000
  0.88664595E+000
  0.88664595E+000
  0.88664595E+000
  0.88664594E+000
  0.88664594E+000
  0.88664594E+000
  0.88664594E+000
