  0.12180615E+002
  0.12180651E+002
  0.12180686E+002
  0.12180722E+002
  0.12180758E+002
  0.12180793E+002
  0.12180828E+002
  0.12180863E+002
  0.12180898E+002
  0.12180933E+002
  0.12180968E+002
  0.12181003E+002
  0.12181039E+002
  0.12181074E+002
  0.12181109E+002
  0.12181145E+002
  0.12181181E+002
  0.12181217E+002
  0.12181254E+002
  0.12181291E+002
  0.12181328E+002
  0.12181367E+002
  0.12181406E+002
  0.12181445E+002
  0.12181486E+002
  0.12181527E+002
  0.12181569E+002
  0.12181613E+002
  0.12181657E+002
  0.12181702E+002
  0.12181749E+002
  0.12181797E+002
  0.12181847E+002
  0.12181898E+002
  0.12181950E+002
  0.12182004E+002
  0.12182060E+002
  0.12182117E+002
  0.12182177E+002
  0.12182238E+002
  0.12182301E+002
  0.12182366E+002
  0.12182434E+002
  0.12182503E+002
  0.12182575E+002
  0.12182649E+002
  0.12182726E+002
  0.12182804E+002
  0.12182886E+002
  0.12182969E+002
  0.12183056E+002
  0.12183144E+002
  0.12183236E+002
  0.12183330E+002
  0.12183426E+002
  0.12183525E+002
  0.12183627E+002
  0.12183732E+002
  0.12183839E+002
  0.12183949E+002
  0.12184061E+002
  0.12184176E+002
  0.12184293E+002
  0.12184414E+002
  0.12184536E+002
  0.12184661E+002
  0.12184788E+002
  0.12184918E+002
  0.12185050E+002
  0.12185185E+002
  0.12185321E+002
  0.12185460E+002
  0.12185600E+002
  0.12185743E+002
  0.12185887E+002
  0.12186033E+002
  0.12186181E+002
  0.12186331E+002
  0.12186482E+002
  0.12186634E+002
  0.12186788E+002
  0.12186943E+002
  0.12187099E+002
  0.12187257E+002
  0.12187415E+002
  0.12187574E+002
  0.12187734E+002
  0.12187895E+002
  0.12188056E+002
  0.12188218E+002
  0.12188380E+002
  0.12188542E+002
  0.12188705E+002
  0.12188868E+002
  0.12189031E+002
  0.12189193E+002
  0.12189356E+002
  0.12189518E+002
  0.12189681E+002
  0.12189842E+002
  0.12190004E+002
  0.12190164E+002
  0.12190324E+002
  0.12190484E+002
  0.12190642E+002
  0.12190800E+002
  0.12190957E+002
  0.12191113E+002
  0.12191267E+002
  0.12191421E+002
  0.12191574E+002
  0.12191725E+002
  0.12191875E+002
  0.12192023E+002
  0.12192171E+002
  0.12192317E+002
  0.12192461E+002
  0.12192604E+002
  0.12192745E+002
  0.12192885E+002
  0.12193023E+002
  0.12193159E+002
  0.12193294E+002
  0.12193427E+002
  0.12193559E+002
  0.12193688E+002
  0.12193816E+002
  0.12193942E+002
  0.12194066E+002
  0.12194188E+002
  0.12194308E+002
  0.12194427E+002
  0.12194544E+002
  0.12194658E+002
  0.12194771E+002
  0.12194882E+002
  0.12194991E+002
  0.12195099E+002
  0.12195204E+002
  0.12195307E+002
  0.12195409E+002
  0.12195509E+002
  0.12195606E+002
  0.12195702E+002
  0.12195796E+002
  0.12195888E+002
  0.12195979E+002
  0.12196067E+002
  0.12196154E+002
  0.12196239E+002
  0.12196322E+002
  0.12196404E+002
  0.12196483E+002
  0.12196561E+002
  0.12196637E+002
  0.12196712E+002
  0.12196785E+002
  0.12196856E+002
  0.12196925E+002
  0.12196993E+002
  0.12197060E+002
  0.12197125E+002
  0.12197188E+002
  0.12197250E+002
  0.12197310E+002
  0.12197369E+002
  0.12197426E+002
  0.12197482E+002
  0.12197536E+002
  0.12197589E+002
  0.12197641E+002
  0.12197691E+002
  0.12197741E+002
  0.12197788E+002
  0.12197835E+002
  0.12197880E+002
  0.12197924E+002
  0.12197967E+002
  0.12198009E+002
  0.12198050E+002
  0.12198089E+002
  0.12198128E+002
  0.12198165E+002
  0.12198201E+002
  0.12198237E+002
  0.12198271E+002
  0.12198304E+002
  0.12198337E+002
  0.12198368E+002
  0.12198399E+002
  0.12198428E+002
  0.12198457E+002
  0.12198485E+002
  0.12198512E+002
  0.12198539E+002
  0.12198564E+002
  0.12198589E+002
  0.12198613E+002
  0.12198637E+002
  0.12198660E+002
