  0.62562178E+000
  0.62562142E+000
  0.62562104E+000
  0.62562064E+000
  0.62562022E+000
  0.62561981E+000
  0.62561939E+000
  0.62561897E+000
  0.62561854E+000
  0.62561813E+000
  0.62561771E+000
  0.62561729E+000
  0.62561687E+000
  0.62561646E+000
  0.62561605E+000
  0.62561564E+000
  0.62561522E+000
  0.62561481E+000
  0.62561440E+000
  0.62561398E+000
  0.62561357E+000
  0.62561315E+000
  0.62561273E+000
  0.62561231E+000
  0.62561189E+000
  0.62561146E+000
  0.62561102E+000
  0.62561059E+000
  0.62561014E+000
  0.62560969E+000
  0.62560924E+000
  0.62560878E+000
  0.62560831E+000
  0.62560784E+000
  0.62560736E+000
  0.62560687E+000
  0.62560638E+000
  0.62560588E+000
  0.62560537E+000
  0.62560486E+000
  0.62560433E+000
  0.62560380E+000
  0.62560327E+000
  0.62560272E+000
  0.62560217E+000
  0.62560161E+000
  0.62560104E+000
  0.62560047E+000
  0.62559989E+000
  0.62559930E+000
  0.62559871E+000
  0.62559810E+000
  0.62559750E+000
  0.62559688E+000
  0.62559626E+000
  0.62559564E+000
  0.62559500E+000
  0.62559437E+000
  0.62559372E+000
  0.62559307E+000
  0.62559242E+000
  0.62559176E+000
  0.62559109E+000
  0.62559042E+000
  0.62558974E+000
  0.62558906E+000
  0.62558837E+000
  0.62558767E+000
  0.62558697E+000
  0.62558627E+000
  0.62558556E+000
  0.62558484E+000
  0.62558412E+000
  0.62558339E+000
  0.62558265E+000
  0.62558192E+000
  0.62558117E+000
  0.62558042E+000
  0.62557966E+000
  0.62557890E+000
  0.62557813E+000
  0.62557736E+000
  0.62557658E+000
  0.62557580E+000
  0.62557502E+000
  0.62557422E+000
  0.62557343E+000
  0.62557263E+000
  0.62557183E+000
  0.62557102E+000
  0.62557021E+000
  0.62556940E+000
  0.62556859E+000
  0.62556778E+000
  0.62556696E+000
  0.62556615E+000
  0.62556533E+000
  0.62556452E+000
  0.62556370E+000
  0.62556289E+000
  0.62556209E+000
  0.62556128E+000
  0.62556048E+000
  0.62555968E+000
  0.62555889E+000
  0.62555810E+000
  0.62555732E+000
  0.62555654E+000
  0.62555578E+000
  0.62555502E+000
  0.62555426E+000
  0.62555352E+000
  0.62555278E+000
  0.62555206E+000
  0.62555134E+000
  0.62555063E+000
  0.62554994E+000
  0.62554925E+000
  0.62554858E+000
  0.62554792E+000
  0.62554726E+000
  0.62554662E+000
  0.62554600E+000
  0.62554538E+000
  0.62554477E+000
  0.62554418E+000
  0.62554360E+000
  0.62554304E+000
  0.62554248E+000
  0.62554194E+000
  0.62554141E+000
  0.62554089E+000
  0.62554038E+000
  0.62553989E+000
  0.62553941E+000
  0.62553894E+000
  0.62553848E+000
  0.62553803E+000
  0.62553760E+000
  0.62553718E+000
  0.62553677E+000
  0.62553637E+000
  0.62553598E+000
  0.62553560E+000
  0.62553523E+000
  0.62553488E+000
  0.62553453E+000
  0.62553419E+000
  0.62553387E+000
  0.62553355E+000
  0.62553325E+000
  0.62553295E+000
  0.62553266E+000
  0.62553238E+000
  0.62553211E+000
  0.62553185E+000
  0.62553160E+000
  0.62553135E+000
  0.62553112E+000
  0.62553089E+000
  0.62553067E+000
  0.62553045E+000
  0.62553025E+000
  0.62553005E+000
  0.62552985E+000
  0.62552967E+000
  0.62552949E+000
  0.62552931E+000
  0.62552915E+000
  0.62552898E+000
  0.62552883E+000
  0.62552868E+000
  0.62552853E+000
  0.62552839E+000
  0.62552826E+000
  0.62552813E+000
  0.62552800E+000
  0.62552788E+000
  0.62552777E+000
  0.62552765E+000
  0.62552755E+000
  0.62552744E+000
  0.62552734E+000
  0.62552725E+000
  0.62552715E+000
  0.62552706E+000
  0.62552698E+000
  0.62552690E+000
  0.62552682E+000
  0.62552674E+000
  0.62552667E+000
  0.62552660E+000
  0.62552653E+000
  0.62552647E+000
  0.62552640E+000
  0.62552634E+000
  0.62552629E+000
  0.62552623E+000
  0.62552618E+000
  0.62552613E+000
