  0.35409340E+000
  0.35413835E+000
  0.35414084E+000
  0.35414090E+000
  0.35414052E+000
  0.35414005E+000
  0.35413959E+000
  0.35413915E+000
  0.35413872E+000
  0.35413832E+000
  0.35413795E+000
  0.35413760E+000
  0.35413726E+000
  0.35413694E+000
  0.35413662E+000
  0.35413633E+000
  0.35413606E+000
  0.35413579E+000
  0.35413553E+000
  0.35413528E+000
  0.35413504E+000
  0.35413481E+000
  0.35413459E+000
  0.35413437E+000
  0.35413416E+000
  0.35413395E+000
  0.35413376E+000
  0.35413356E+000
  0.35413338E+000
  0.35413319E+000
  0.35413302E+000
  0.35413283E+000
  0.35413266E+000
  0.35413249E+000
  0.35413232E+000
  0.35413217E+000
  0.35413200E+000
  0.35413184E+000
  0.35413169E+000
  0.35413153E+000
  0.35413138E+000
  0.35413122E+000
  0.35413107E+000
  0.35413092E+000
  0.35413077E+000
  0.35413062E+000
  0.35413048E+000
  0.35413033E+000
  0.35413018E+000
  0.35413004E+000
  0.35412990E+000
  0.35412975E+000
  0.35412959E+000
  0.35412945E+000
  0.35412931E+000
  0.35412916E+000
  0.35412902E+000
  0.35412887E+000
  0.35412872E+000
  0.35412856E+000
  0.35412841E+000
  0.35412825E+000
  0.35412810E+000
  0.35412794E+000
  0.35412778E+000
  0.35412762E+000
  0.35412745E+000
  0.35412727E+000
  0.35412710E+000
  0.35412692E+000
  0.35412674E+000
  0.35412655E+000
  0.35412635E+000
  0.35412615E+000
  0.35412593E+000
  0.35412572E+000
  0.35412550E+000
  0.35412526E+000
  0.35412502E+000
  0.35412476E+000
  0.35412449E+000
  0.35412422E+000
  0.35412393E+000
  0.35412362E+000
  0.35412331E+000
  0.35412297E+000
  0.35412263E+000
  0.35412228E+000
  0.35412192E+000
  0.35412152E+000
  0.35412113E+000
  0.35412070E+000
  0.35412029E+000
  0.35411985E+000
  0.35411939E+000
  0.35411893E+000
  0.35411846E+000
  0.35411796E+000
  0.35411748E+000
  0.35411698E+000
  0.35411645E+000
  0.35411595E+000
  0.35411543E+000
  0.35411491E+000
  0.35411437E+000
  0.35411384E+000
  0.35411330E+000
  0.35411277E+000
  0.35411224E+000
  0.35411172E+000
  0.35411118E+000
  0.35411067E+000
  0.35411014E+000
  0.35410963E+000
  0.35410912E+000
  0.35410862E+000
  0.35410813E+000
  0.35410764E+000
  0.35410717E+000
  0.35410670E+000
  0.35410624E+000
  0.35410579E+000
  0.35410535E+000
  0.35410491E+000
  0.35410450E+000
  0.35410409E+000
  0.35410369E+000
  0.35410330E+000
  0.35410292E+000
  0.35410256E+000
  0.35410220E+000
  0.35410185E+000
  0.35410152E+000
  0.35410118E+000
  0.35410088E+000
  0.35410057E+000
  0.35410027E+000
  0.35409999E+000
  0.35409971E+000
  0.35409945E+000
  0.35409919E+000
  0.35409894E+000
  0.35409870E+000
  0.35409848E+000
  0.35409824E+000
  0.35409804E+000
  0.35409784E+000
  0.35409763E+000
  0.35409745E+000
  0.35409726E+000
  0.35409709E+000
  0.35409693E+000
  0.35409675E+000
  0.35409661E+000
  0.35409646E+000
  0.35409631E+000
  0.35409618E+000
  0.35409605E+000
  0.35409593E+000
  0.35409581E+000
  0.35409569E+000
  0.35409557E+000
  0.35409548E+000
  0.35409537E+000
  0.35409529E+000
  0.35409519E+000
  0.35409510E+000
  0.35409502E+000
  0.35409493E+000
  0.35409486E+000
  0.35409479E+000
  0.35409471E+000
  0.35409465E+000
  0.35409459E+000
  0.35409453E+000
  0.35409447E+000
  0.35409442E+000
  0.35409437E+000
  0.35409431E+000
  0.35409427E+000
  0.35409423E+000
  0.35409417E+000
  0.35409414E+000
  0.35409410E+000
  0.35409407E+000
  0.35409403E+000
  0.35409399E+000
  0.35409396E+000
  0.35409394E+000
  0.35409390E+000
  0.35409387E+000
  0.35409385E+000
  0.35409382E+000
  0.35409380E+000
  0.35409378E+000
  0.35409376E+000
  0.35409374E+000
  0.35409373E+000
  0.35409371E+000
  0.35409370E+000
