  0.31214478E-007
  0.31214428E-007
  0.31214594E-007
  0.31214720E-007
  0.31214797E-007
  0.31214840E-007
  0.31214861E-007
  0.31214869E-007
  0.31214869E-007
  0.31214865E-007
  0.31214858E-007
  0.31214849E-007
  0.31214839E-007
  0.31214828E-007
  0.31214817E-007
  0.31214806E-007
  0.31214795E-007
  0.31214784E-007
  0.31214772E-007
  0.31214761E-007
  0.31214751E-007
  0.31214740E-007
  0.31214730E-007
  0.31214719E-007
  0.31214709E-007
  0.31214700E-007
  0.31214690E-007
  0.31214681E-007
  0.31214672E-007
  0.31214664E-007
  0.31214655E-007
  0.31214647E-007
  0.31214639E-007
  0.31214631E-007
  0.31214623E-007
  0.31214615E-007
  0.31214607E-007
  0.31214599E-007
  0.31214591E-007
  0.31214584E-007
  0.31214576E-007
  0.31214568E-007
  0.31214560E-007
  0.31214551E-007
  0.31214543E-007
  0.31214534E-007
  0.31214525E-007
  0.31214516E-007
  0.31214506E-007
  0.31214496E-007
  0.31214486E-007
  0.31214475E-007
  0.31214464E-007
  0.31214452E-007
  0.31214440E-007
  0.31214427E-007
  0.31214414E-007
  0.31214401E-007
  0.31214386E-007
  0.31214371E-007
  0.31214356E-007
  0.31214340E-007
  0.31214323E-007
  0.31214305E-007
  0.31214287E-007
  0.31214268E-007
  0.31214249E-007
  0.31214229E-007
  0.31214208E-007
  0.31214186E-007
  0.31214164E-007
  0.31214141E-007
  0.31214118E-007
  0.31214094E-007
  0.31214069E-007
  0.31214043E-007
  0.31214017E-007
  0.31213990E-007
  0.31213963E-007
  0.31213935E-007
  0.31213906E-007
  0.31213877E-007
  0.31213847E-007
  0.31213817E-007
  0.31213787E-007
  0.31213756E-007
  0.31213725E-007
  0.31213693E-007
  0.31213661E-007
  0.31213628E-007
  0.31213596E-007
  0.31213563E-007
  0.31213530E-007
  0.31213497E-007
  0.31213464E-007
  0.31213430E-007
  0.31213397E-007
  0.31213363E-007
  0.31213330E-007
  0.31213297E-007
  0.31213263E-007
  0.31213230E-007
  0.31213197E-007
  0.31213164E-007
  0.31213132E-007
  0.31213100E-007
  0.31213067E-007
  0.31213036E-007
  0.31213004E-007
  0.31212973E-007
  0.31212942E-007
  0.31212912E-007
  0.31212882E-007
  0.31212852E-007
  0.31212823E-007
  0.31212794E-007
  0.31212766E-007
  0.31212738E-007
  0.31212711E-007
  0.31212684E-007
  0.31212657E-007
  0.31212631E-007
  0.31212606E-007
  0.31212581E-007
  0.31212556E-007
  0.31212532E-007
  0.31212509E-007
  0.31212486E-007
  0.31212464E-007
  0.31212442E-007
  0.31212420E-007
  0.31212399E-007
  0.31212379E-007
  0.31212359E-007
  0.31212340E-007
  0.31212321E-007
  0.31212302E-007
  0.31212284E-007
  0.31212267E-007
  0.31212250E-007
  0.31212233E-007
  0.31212217E-007
  0.31212202E-007
  0.31212187E-007
  0.31212172E-007
  0.31212157E-007
  0.31212143E-007
  0.31212130E-007
  0.31212117E-007
  0.31212104E-007
  0.31212092E-007
  0.31212080E-007
  0.31212068E-007
  0.31212057E-007
  0.31212046E-007
  0.31212036E-007
  0.31212025E-007
  0.31212015E-007
  0.31212006E-007
  0.31211997E-007
  0.31211988E-007
  0.31211979E-007
  0.31211971E-007
  0.31211963E-007
  0.31211955E-007
  0.31211947E-007
  0.31211940E-007
  0.31211933E-007
  0.31211926E-007
  0.31211919E-007
  0.31211913E-007
  0.31211907E-007
  0.31211901E-007
  0.31211895E-007
  0.31211890E-007
  0.31211884E-007
  0.31211879E-007
  0.31211874E-007
  0.31211869E-007
  0.31211865E-007
  0.31211860E-007
  0.31211856E-007
  0.31211851E-007
  0.31211847E-007
  0.31211843E-007
  0.31211839E-007
  0.31211835E-007
  0.31211831E-007
  0.31211827E-007
  0.31211824E-007
  0.31211820E-007
  0.31211816E-007
  0.31211812E-007
  0.31211809E-007
  0.31211805E-007
  0.31211801E-007
  0.31211797E-007
  0.31211794E-007
  0.31211790E-007
  0.31211787E-007
