  0.41506204E+000
  0.41509227E+000
  0.41510212E+000
  0.41510636E+000
  0.41510836E+000
  0.41510929E+000
  0.41510968E+000
  0.41510976E+000
  0.41510968E+000
  0.41510950E+000
  0.41510927E+000
  0.41510900E+000
  0.41510871E+000
  0.41510842E+000
  0.41510812E+000
  0.41510782E+000
  0.41510752E+000
  0.41510722E+000
  0.41510692E+000
  0.41510664E+000
  0.41510635E+000
  0.41510607E+000
  0.41510579E+000
  0.41510552E+000
  0.41510525E+000
  0.41510499E+000
  0.41510473E+000
  0.41510448E+000
  0.41510422E+000
  0.41510398E+000
  0.41510373E+000
  0.41510349E+000
  0.41510325E+000
  0.41510301E+000
  0.41510277E+000
  0.41510254E+000
  0.41510230E+000
  0.41510207E+000
  0.41510184E+000
  0.41510161E+000
  0.41510137E+000
  0.41510114E+000
  0.41510091E+000
  0.41510068E+000
  0.41510045E+000
  0.41510022E+000
  0.41509999E+000
  0.41509976E+000
  0.41509953E+000
  0.41509929E+000
  0.41509906E+000
  0.41509882E+000
  0.41509858E+000
  0.41509833E+000
  0.41509809E+000
  0.41509783E+000
  0.41509758E+000
  0.41509731E+000
  0.41509704E+000
  0.41509676E+000
  0.41509648E+000
  0.41509618E+000
  0.41509588E+000
  0.41509557E+000
  0.41509525E+000
  0.41509491E+000
  0.41509457E+000
  0.41509422E+000
  0.41509385E+000
  0.41509347E+000
  0.41509308E+000
  0.41509268E+000
  0.41509227E+000
  0.41509185E+000
  0.41509141E+000
  0.41509097E+000
  0.41509051E+000
  0.41509005E+000
  0.41508958E+000
  0.41508910E+000
  0.41508862E+000
  0.41508813E+000
  0.41508764E+000
  0.41508715E+000
  0.41508665E+000
  0.41508615E+000
  0.41508566E+000
  0.41508516E+000
  0.41508467E+000
  0.41508418E+000
  0.41508369E+000
  0.41508321E+000
  0.41508273E+000
  0.41508226E+000
  0.41508179E+000
  0.41508133E+000
  0.41508087E+000
  0.41508042E+000
  0.41507998E+000
  0.41507954E+000
  0.41507911E+000
  0.41507869E+000
  0.41507827E+000
  0.41507785E+000
  0.41507744E+000
  0.41507704E+000
  0.41507664E+000
  0.41507625E+000
  0.41507586E+000
  0.41507548E+000
  0.41507510E+000
  0.41507473E+000
  0.41507436E+000
  0.41507400E+000
  0.41507364E+000
  0.41507329E+000
  0.41507294E+000
  0.41507260E+000
  0.41507227E+000
  0.41507193E+000
  0.41507161E+000
  0.41507129E+000
  0.41507098E+000
  0.41507067E+000
  0.41507037E+000
  0.41507007E+000
  0.41506978E+000
  0.41506950E+000
  0.41506922E+000
  0.41506895E+000
  0.41506868E+000
  0.41506843E+000
  0.41506818E+000
  0.41506793E+000
  0.41506769E+000
  0.41506746E+000
  0.41506724E+000
  0.41506702E+000
  0.41506681E+000
  0.41506661E+000
  0.41506641E+000
  0.41506622E+000
  0.41506604E+000
  0.41506586E+000
  0.41506569E+000
  0.41506552E+000
  0.41506536E+000
  0.41506521E+000
  0.41506506E+000
  0.41506492E+000
  0.41506479E+000
  0.41506466E+000
  0.41506453E+000
  0.41506441E+000
  0.41506430E+000
  0.41506419E+000
  0.41506408E+000
  0.41506398E+000
  0.41506389E+000
  0.41506380E+000
  0.41506371E+000
  0.41506363E+000
  0.41506355E+000
  0.41506347E+000
  0.41506340E+000
  0.41506333E+000
  0.41506326E+000
  0.41506320E+000
  0.41506314E+000
  0.41506308E+000
  0.41506303E+000
  0.41506298E+000
  0.41506293E+000
  0.41506288E+000
  0.41506284E+000
  0.41506280E+000
  0.41506276E+000
  0.41506272E+000
  0.41506269E+000
  0.41506265E+000
  0.41506262E+000
  0.41506259E+000
  0.41506256E+000
  0.41506253E+000
  0.41506251E+000
  0.41506248E+000
  0.41506246E+000
  0.41506244E+000
  0.41506242E+000
  0.41506240E+000
  0.41506238E+000
  0.41506236E+000
  0.41506235E+000
  0.41506233E+000
  0.41506232E+000
  0.41506230E+000
  0.41506229E+000
  0.41506227E+000
  0.41506226E+000
  0.41506224E+000
