  0.28116608E+000
  0.28116450E+000
  0.28116557E+000
  0.28116637E+000
  0.28116673E+000
  0.28116681E+000
  0.28116672E+000
  0.28116655E+000
  0.28116634E+000
  0.28116613E+000
  0.28116591E+000
  0.28116569E+000
  0.28116549E+000
  0.28116530E+000
  0.28116512E+000
  0.28116495E+000
  0.28116479E+000
  0.28116464E+000
  0.28116449E+000
  0.28116436E+000
  0.28116423E+000
  0.28116411E+000
  0.28116399E+000
  0.28116388E+000
  0.28116378E+000
  0.28116368E+000
  0.28116358E+000
  0.28116349E+000
  0.28116340E+000
  0.28116332E+000
  0.28116324E+000
  0.28116316E+000
  0.28116308E+000
  0.28116301E+000
  0.28116294E+000
  0.28116286E+000
  0.28116280E+000
  0.28116273E+000
  0.28116266E+000
  0.28116259E+000
  0.28116252E+000
  0.28116245E+000
  0.28116238E+000
  0.28116231E+000
  0.28116224E+000
  0.28116217E+000
  0.28116209E+000
  0.28116201E+000
  0.28116193E+000
  0.28116184E+000
  0.28116176E+000
  0.28116167E+000
  0.28116157E+000
  0.28116147E+000
  0.28116137E+000
  0.28116126E+000
  0.28116115E+000
  0.28116103E+000
  0.28116090E+000
  0.28116077E+000
  0.28116064E+000
  0.28116050E+000
  0.28116035E+000
  0.28116019E+000
  0.28116003E+000
  0.28115986E+000
  0.28115969E+000
  0.28115951E+000
  0.28115932E+000
  0.28115913E+000
  0.28115892E+000
  0.28115871E+000
  0.28115850E+000
  0.28115827E+000
  0.28115804E+000
  0.28115780E+000
  0.28115756E+000
  0.28115731E+000
  0.28115705E+000
  0.28115679E+000
  0.28115652E+000
  0.28115624E+000
  0.28115596E+000
  0.28115567E+000
  0.28115538E+000
  0.28115508E+000
  0.28115477E+000
  0.28115447E+000
  0.28115415E+000
  0.28115384E+000
  0.28115352E+000
  0.28115320E+000
  0.28115287E+000
  0.28115255E+000
  0.28115222E+000
  0.28115189E+000
  0.28115156E+000
  0.28115123E+000
  0.28115090E+000
  0.28115056E+000
  0.28115023E+000
  0.28114990E+000
  0.28114957E+000
  0.28114924E+000
  0.28114892E+000
  0.28114859E+000
  0.28114827E+000
  0.28114795E+000
  0.28114763E+000
  0.28114732E+000
  0.28114701E+000
  0.28114670E+000
  0.28114639E+000
  0.28114610E+000
  0.28114580E+000
  0.28114551E+000
  0.28114522E+000
  0.28114494E+000
  0.28114466E+000
  0.28114439E+000
  0.28114412E+000
  0.28114386E+000
  0.28114360E+000
  0.28114335E+000
  0.28114310E+000
  0.28114286E+000
  0.28114262E+000
  0.28114239E+000
  0.28114216E+000
  0.28114194E+000
  0.28114172E+000
  0.28114151E+000
  0.28114131E+000
  0.28114110E+000
  0.28114091E+000
  0.28114072E+000
  0.28114053E+000
  0.28114035E+000
  0.28114017E+000
  0.28114000E+000
  0.28113983E+000
  0.28113967E+000
  0.28113951E+000
  0.28113936E+000
  0.28113921E+000
  0.28113907E+000
  0.28113893E+000
  0.28113879E+000
  0.28113866E+000
  0.28113853E+000
  0.28113841E+000
  0.28113829E+000
  0.28113817E+000
  0.28113806E+000
  0.28113795E+000
  0.28113785E+000
  0.28113774E+000
  0.28113764E+000
  0.28113755E+000
  0.28113746E+000
  0.28113737E+000
  0.28113728E+000
  0.28113720E+000
  0.28113712E+000
  0.28113704E+000
  0.28113696E+000
  0.28113689E+000
  0.28113682E+000
  0.28113675E+000
  0.28113669E+000
  0.28113663E+000
  0.28113656E+000
  0.28113651E+000
  0.28113645E+000
  0.28113639E+000
  0.28113634E+000
  0.28113629E+000
  0.28113624E+000
  0.28113619E+000
  0.28113615E+000
  0.28113610E+000
  0.28113606E+000
  0.28113601E+000
  0.28113597E+000
  0.28113593E+000
  0.28113589E+000
  0.28113585E+000
  0.28113582E+000
  0.28113578E+000
  0.28113574E+000
  0.28113570E+000
  0.28113567E+000
  0.28113563E+000
  0.28113559E+000
  0.28113555E+000
  0.28113552E+000
  0.28113548E+000
  0.28113544E+000
  0.28113539E+000
  0.28113535E+000
