  0.17017566E+000
  0.17018503E+000
  0.17018862E+000
  0.17019010E+000
  0.17019078E+000
  0.17019112E+000
  0.17019129E+000
  0.17019140E+000
  0.17019146E+000
  0.17019151E+000
  0.17019156E+000
  0.17019160E+000
  0.17019165E+000
  0.17019170E+000
  0.17019176E+000
  0.17019183E+000
  0.17019190E+000
  0.17019197E+000
  0.17019205E+000
  0.17019214E+000
  0.17019223E+000
  0.17019232E+000
  0.17019242E+000
  0.17019252E+000
  0.17019263E+000
  0.17019274E+000
  0.17019285E+000
  0.17019297E+000
  0.17019309E+000
  0.17019322E+000
  0.17019334E+000
  0.17019347E+000
  0.17019361E+000
  0.17019375E+000
  0.17019389E+000
  0.17019403E+000
  0.17019418E+000
  0.17019433E+000
  0.17019448E+000
  0.17019464E+000
  0.17019480E+000
  0.17019496E+000
  0.17019512E+000
  0.17019529E+000
  0.17019546E+000
  0.17019563E+000
  0.17019581E+000
  0.17019599E+000
  0.17019617E+000
  0.17019636E+000
  0.17019655E+000
  0.17019674E+000
  0.17019694E+000
  0.17019714E+000
  0.17019735E+000
  0.17019755E+000
  0.17019777E+000
  0.17019798E+000
  0.17019820E+000
  0.17019842E+000
  0.17019865E+000
  0.17019887E+000
  0.17019910E+000
  0.17019934E+000
  0.17019957E+000
  0.17019980E+000
  0.17020004E+000
  0.17020028E+000
  0.17020051E+000
  0.17020075E+000
  0.17020098E+000
  0.17020121E+000
  0.17020144E+000
  0.17020166E+000
  0.17020189E+000
  0.17020210E+000
  0.17020231E+000
  0.17020252E+000
  0.17020272E+000
  0.17020292E+000
  0.17020310E+000
  0.17020328E+000
  0.17020346E+000
  0.17020362E+000
  0.17020378E+000
  0.17020393E+000
  0.17020408E+000
  0.17020421E+000
  0.17020434E+000
  0.17020446E+000
  0.17020457E+000
  0.17020467E+000
  0.17020477E+000
  0.17020486E+000
  0.17020494E+000
  0.17020502E+000
  0.17020508E+000
  0.17020514E+000
  0.17020520E+000
  0.17020524E+000
  0.17020528E+000
  0.17020532E+000
  0.17020535E+000
  0.17020537E+000
  0.17020539E+000
  0.17020541E+000
  0.17020542E+000
  0.17020542E+000
  0.17020543E+000
  0.17020543E+000
  0.17020543E+000
  0.17020542E+000
  0.17020541E+000
  0.17020540E+000
  0.17020538E+000
  0.17020536E+000
  0.17020533E+000
  0.17020530E+000
  0.17020526E+000
  0.17020521E+000
  0.17020516E+000
  0.17020510E+000
  0.17020503E+000
  0.17020495E+000
  0.17020486E+000
  0.17020476E+000
  0.17020466E+000
  0.17020454E+000
  0.17020442E+000
  0.17020429E+000
  0.17020415E+000
  0.17020400E+000
  0.17020385E+000
  0.17020370E+000
  0.17020354E+000
  0.17020338E+000
  0.17020322E+000
  0.17020306E+000
  0.17020290E+000
  0.17020274E+000
  0.17020258E+000
  0.17020243E+000
  0.17020228E+000
  0.17020213E+000
  0.17020199E+000
  0.17020186E+000
  0.17020173E+000
  0.17020161E+000
  0.17020149E+000
  0.17020138E+000
  0.17020128E+000
  0.17020118E+000
  0.17020109E+000
  0.17020100E+000
  0.17020092E+000
  0.17020085E+000
  0.17020078E+000
  0.17020072E+000
  0.17020066E+000
  0.17020061E+000
  0.17020056E+000
  0.17020051E+000
  0.17020047E+000
  0.17020044E+000
  0.17020040E+000
  0.17020037E+000
  0.17020034E+000
  0.17020032E+000
  0.17020029E+000
  0.17020027E+000
  0.17020025E+000
  0.17020023E+000
  0.17020022E+000
  0.17020020E+000
  0.17020019E+000
  0.17020018E+000
  0.17020017E+000
  0.17020016E+000
  0.17020015E+000
  0.17020014E+000
  0.17020014E+000
  0.17020013E+000
  0.17020012E+000
  0.17020012E+000
  0.17020011E+000
  0.17020011E+000
  0.17020011E+000
  0.17020010E+000
  0.17020010E+000
  0.17020010E+000
  0.17020010E+000
  0.17020010E+000
  0.17020010E+000
  0.17020009E+000
  0.17020009E+000
  0.17020009E+000
  0.17020009E+000
  0.17020009E+000
  0.17020009E+000
  0.17020009E+000
