  0.10133839E+001
  0.10133805E+001
  0.10133774E+001
  0.10133745E+001
  0.10133716E+001
  0.10133689E+001
  0.10133663E+001
  0.10133638E+001
  0.10133614E+001
  0.10133592E+001
  0.10133572E+001
  0.10133553E+001
  0.10133535E+001
  0.10133520E+001
  0.10133506E+001
  0.10133493E+001
  0.10133482E+001
  0.10133472E+001
  0.10133463E+001
  0.10133456E+001
  0.10133450E+001
  0.10133444E+001
  0.10133440E+001
  0.10133436E+001
  0.10133433E+001
  0.10133431E+001
  0.10133430E+001
  0.10133429E+001
  0.10133429E+001
  0.10133430E+001
  0.10133431E+001
  0.10133432E+001
  0.10133434E+001
  0.10133437E+001
  0.10133440E+001
  0.10133443E+001
  0.10133446E+001
  0.10133450E+001
  0.10133454E+001
  0.10133459E+001
  0.10133463E+001
  0.10133468E+001
  0.10133473E+001
  0.10133479E+001
  0.10133484E+001
  0.10133490E+001
  0.10133495E+001
  0.10133501E+001
  0.10133507E+001
  0.10133512E+001
  0.10133518E+001
  0.10133524E+001
  0.10133530E+001
  0.10133535E+001
  0.10133541E+001
  0.10133547E+001
  0.10133552E+001
  0.10133558E+001
  0.10133563E+001
  0.10133569E+001
  0.10133574E+001
  0.10133580E+001
  0.10133585E+001
  0.10133590E+001
  0.10133595E+001
  0.10133601E+001
  0.10133606E+001
  0.10133611E+001
  0.10133616E+001
  0.10133621E+001
  0.10133626E+001
  0.10133630E+001
  0.10133635E+001
  0.10133640E+001
  0.10133645E+001
  0.10133649E+001
  0.10133654E+001
  0.10133658E+001
  0.10133663E+001
  0.10133667E+001
  0.10133671E+001
  0.10133675E+001
  0.10133680E+001
  0.10133684E+001
  0.10133688E+001
  0.10133691E+001
  0.10133695E+001
  0.10133699E+001
  0.10133702E+001
  0.10133706E+001
  0.10133709E+001
  0.10133713E+001
  0.10133716E+001
  0.10133719E+001
  0.10133722E+001
  0.10133725E+001
  0.10133728E+001
  0.10133731E+001
  0.10133734E+001
  0.10133737E+001
  0.10133739E+001
  0.10133742E+001
  0.10133744E+001
  0.10133747E+001
  0.10133749E+001
  0.10133751E+001
  0.10133754E+001
  0.10133756E+001
  0.10133758E+001
  0.10133760E+001
  0.10133762E+001
  0.10133764E+001
  0.10133766E+001
  0.10133768E+001
  0.10133770E+001
  0.10133772E+001
  0.10133774E+001
  0.10133775E+001
  0.10133777E+001
  0.10133779E+001
  0.10133780E+001
  0.10133782E+001
  0.10133783E+001
  0.10133785E+001
  0.10133786E+001
  0.10133788E+001
  0.10133789E+001
  0.10133791E+001
  0.10133792E+001
  0.10133793E+001
  0.10133794E+001
  0.10133796E+001
  0.10133797E+001
  0.10133798E+001
  0.10133799E+001
  0.10133800E+001
  0.10133802E+001
  0.10133803E+001
  0.10133804E+001
  0.10133805E+001
  0.10133806E+001
  0.10133807E+001
  0.10133808E+001
  0.10133809E+001
  0.10133810E+001
  0.10133810E+001
  0.10133811E+001
  0.10133812E+001
  0.10133813E+001
  0.10133814E+001
  0.10133815E+001
  0.10133815E+001
  0.10133816E+001
  0.10133817E+001
  0.10133817E+001
  0.10133818E+001
  0.10133819E+001
  0.10133819E+001
  0.10133820E+001
  0.10133821E+001
  0.10133821E+001
  0.10133822E+001
  0.10133822E+001
  0.10133823E+001
  0.10133823E+001
  0.10133824E+001
  0.10133824E+001
  0.10133825E+001
  0.10133825E+001
  0.10133826E+001
  0.10133826E+001
  0.10133827E+001
  0.10133827E+001
  0.10133827E+001
  0.10133828E+001
  0.10133828E+001
  0.10133829E+001
  0.10133829E+001
  0.10133829E+001
  0.10133830E+001
  0.10133830E+001
  0.10133830E+001
  0.10133830E+001
  0.10133831E+001
  0.10133831E+001
  0.10133831E+001
  0.10133832E+001
  0.10133832E+001
  0.10133832E+001
  0.10133832E+001
  0.10133833E+001
  0.10133833E+001
  0.10133833E+001
  0.10133833E+001
  0.10133833E+001
  0.10133834E+001
  0.10133834E+001
  0.10133834E+001
  0.10133834E+001
  0.10133834E+001
