  0.34611681E+000
  0.34611731E+000
  0.34611802E+000
  0.34611869E+000
  0.34611934E+000
  0.34611996E+000
  0.34612056E+000
  0.34612115E+000
  0.34612173E+000
  0.34612229E+000
  0.34612285E+000
  0.34612340E+000
  0.34612394E+000
  0.34612448E+000
  0.34612502E+000
  0.34612556E+000
  0.34612609E+000
  0.34612663E+000
  0.34612717E+000
  0.34612771E+000
  0.34612826E+000
  0.34612881E+000
  0.34612936E+000
  0.34612993E+000
  0.34613050E+000
  0.34613108E+000
  0.34613167E+000
  0.34613228E+000
  0.34613289E+000
  0.34613352E+000
  0.34613417E+000
  0.34613483E+000
  0.34613551E+000
  0.34613620E+000
  0.34613691E+000
  0.34613765E+000
  0.34613840E+000
  0.34613918E+000
  0.34613997E+000
  0.34614079E+000
  0.34614164E+000
  0.34614251E+000
  0.34614341E+000
  0.34614433E+000
  0.34614528E+000
  0.34614625E+000
  0.34614726E+000
  0.34614830E+000
  0.34614936E+000
  0.34615046E+000
  0.34615158E+000
  0.34615274E+000
  0.34615392E+000
  0.34615514E+000
  0.34615639E+000
  0.34615767E+000
  0.34615898E+000
  0.34616033E+000
  0.34616170E+000
  0.34616311E+000
  0.34616455E+000
  0.34616601E+000
  0.34616751E+000
  0.34616904E+000
  0.34617059E+000
  0.34617218E+000
  0.34617379E+000
  0.34617543E+000
  0.34617709E+000
  0.34617878E+000
  0.34618050E+000
  0.34618223E+000
  0.34618399E+000
  0.34618578E+000
  0.34618758E+000
  0.34618940E+000
  0.34619125E+000
  0.34619311E+000
  0.34619499E+000
  0.34619688E+000
  0.34619879E+000
  0.34620071E+000
  0.34620265E+000
  0.34620459E+000
  0.34620655E+000
  0.34620852E+000
  0.34621050E+000
  0.34621249E+000
  0.34621448E+000
  0.34621648E+000
  0.34621849E+000
  0.34622050E+000
  0.34622252E+000
  0.34622453E+000
  0.34622655E+000
  0.34622858E+000
  0.34623060E+000
  0.34623262E+000
  0.34623464E+000
  0.34623666E+000
  0.34623867E+000
  0.34624068E+000
  0.34624269E+000
  0.34624469E+000
  0.34624669E+000
  0.34624868E+000
  0.34625066E+000
  0.34625264E+000
  0.34625461E+000
  0.34625656E+000
  0.34625851E+000
  0.34626045E+000
  0.34626238E+000
  0.34626430E+000
  0.34626620E+000
  0.34626809E+000
  0.34626997E+000
  0.34627184E+000
  0.34627369E+000
  0.34627552E+000
  0.34627735E+000
  0.34627915E+000
  0.34628094E+000
  0.34628272E+000
  0.34628447E+000
  0.34628622E+000
  0.34628794E+000
  0.34628964E+000
  0.34629133E+000
  0.34629300E+000
  0.34629465E+000
  0.34629628E+000
  0.34629789E+000
  0.34629949E+000
  0.34630106E+000
  0.34630261E+000
  0.34630414E+000
  0.34630566E+000
  0.34630715E+000
  0.34630862E+000
  0.34631007E+000
  0.34631150E+000
  0.34631290E+000
  0.34631429E+000
  0.34631565E+000
  0.34631700E+000
  0.34631832E+000
  0.34631962E+000
  0.34632090E+000
  0.34632215E+000
  0.34632339E+000
  0.34632460E+000
  0.34632579E+000
  0.34632696E+000
  0.34632811E+000
  0.34632924E+000
  0.34633034E+000
  0.34633143E+000
  0.34633249E+000
  0.34633353E+000
  0.34633456E+000
  0.34633556E+000
  0.34633653E+000
  0.34633749E+000
  0.34633843E+000
  0.34633935E+000
  0.34634025E+000
  0.34634113E+000
  0.34634199E+000
  0.34634282E+000
  0.34634364E+000
  0.34634445E+000
  0.34634523E+000
  0.34634599E+000
  0.34634674E+000
  0.34634746E+000
  0.34634817E+000
  0.34634886E+000
  0.34634954E+000
  0.34635019E+000
  0.34635083E+000
  0.34635146E+000
  0.34635207E+000
  0.34635266E+000
  0.34635322E+000
  0.34635378E+000
  0.34635432E+000
  0.34635485E+000
  0.34635537E+000
  0.34635587E+000
  0.34635636E+000
  0.34635683E+000
  0.34635729E+000
  0.34635773E+000
  0.34635817E+000
  0.34635859E+000
  0.34635900E+000
  0.34635941E+000
  0.34635979E+000
  0.34636017E+000
