  0.36800931E+000  0.42625417E+000  0.52563325E+000  0.61653286E+000  0.85518623E+000  0.10615842E+001  0.15823297E+001  0.25083083E+001  0.38987075E+001  0.93221452E+001  0.97851426E+001
  0.36800931E+000  0.42625434E+000  0.52563325E+000  0.61653160E+000  0.85518623E+000  0.10615842E+001  0.15823297E+001  0.25083083E+001  0.38987107E+001  0.93221452E+001  0.97851426E+001
  0.36800931E+000  0.42625447E+000  0.52563325E+000  0.61653084E+000  0.85518623E+000  0.10615843E+001  0.15823297E+001  0.25083083E+001  0.38987141E+001  0.93221452E+001  0.97851426E+001
  0.36800931E+000  0.42625457E+000  0.52563325E+000  0.61653041E+000  0.85518623E+000  0.10615843E+001  0.15823297E+001  0.25083083E+001  0.38987175E+001  0.93221452E+001  0.97851426E+001
  0.36800931E+000  0.42625465E+000  0.52563325E+000  0.61653020E+000  0.85518623E+000  0.10615843E+001  0.15823297E+001  0.25083083E+001  0.38987209E+001  0.93221452E+001  0.97851426E+001
  0.36800931E+000  0.42625473E+000  0.52563325E+000  0.61653011E+000  0.85518623E+000  0.10615843E+001  0.15823297E+001  0.25083083E+001  0.38987244E+001  0.93221452E+001  0.97851426E+001
  0.36800931E+000  0.42625479E+000  0.52563325E+000  0.61653010E+000  0.85518623E+000  0.10615843E+001  0.15823297E+001  0.25083083E+001  0.38987279E+001  0.93221452E+001  0.97851426E+001
  0.36800931E+000  0.42625485E+000  0.52563325E+000  0.61653013E+000  0.85518623E+000  0.10615843E+001  0.15823297E+001  0.25083083E+001  0.38987313E+001  0.93221452E+001  0.97851426E+001
  0.36800931E+000  0.42625491E+000  0.52563325E+000  0.61653020E+000  0.85518623E+000  0.10615843E+001  0.15823297E+001  0.25083083E+001  0.38987348E+001  0.93221452E+001  0.97851426E+001
  0.36800931E+000  0.42625497E+000  0.52563325E+000  0.61653028E+000  0.85518623E+000  0.10615843E+001  0.15823297E+001  0.25083083E+001  0.38987383E+001  0.93221452E+001  0.97851426E+001
  0.36800931E+000  0.42625502E+000  0.52563325E+000  0.61653038E+000  0.85518623E+000  0.10615843E+001  0.15823297E+001  0.25083083E+001  0.38987417E+001  0.93221452E+001  0.97851426E+001
  0.36800931E+000  0.42625507E+000  0.52563325E+000  0.61653049E+000  0.85518623E+000  0.10615843E+001  0.15823297E+001  0.25083083E+001  0.38987452E+001  0.93221452E+001  0.97851426E+001
  0.36800931E+000  0.42625513E+000  0.52563325E+000  0.61653060E+000  0.85518623E+000  0.10615843E+001  0.15823297E+001  0.25083083E+001  0.38987486E+001  0.93221452E+001  0.97851426E+001
  0.36800931E+000  0.42625518E+000  0.52563325E+000  0.61653073E+000  0.85518623E+000  0.10615843E+001  0.15823297E+001  0.25083083E+001  0.38987521E+001  0.93221452E+001  0.97851426E+001
  0.36800931E+000  0.42625523E+000  0.52563325E+000  0.61653086E+000  0.85518623E+000  0.10615843E+001  0.15823297E+001  0.25083083E+001  0.38987556E+001  0.93221452E+001  0.97851426E+001
  0.36800931E+000  0.42625528E+000  0.52563325E+000  0.61653100E+000  0.85518623E+000  0.10615843E+001  0.15823297E+001  0.25083083E+001  0.38987592E+001  0.93221452E+001  0.97851426E+001
  0.36800931E+000  0.42625534E+000  0.52563325E+000  0.61653114E+000  0.85518623E+000  0.10615843E+001  0.15823297E+001  0.25083083E+001  0.38987627E+001  0.93221452E+001  0.97851426E+001
  0.36800931E+000  0.42625539E+000  0.52563325E+000  0.61653130E+000  0.85518623E+000  0.10615843E+001  0.15823297E+001  0.25083083E+001  0.38987663E+001  0.93221452E+001  0.97851426E+001
  0.36800931E+000  0.42625544E+000  0.52563325E+000  0.61653146E+000  0.85518623E+000  0.10615843E+001  0.15823297E+001  0.25083083E+001  0.38987700E+001  0.93221452E+001  0.97851426E+001
  0.36800931E+000  0.42625550E+000  0.52563325E+000  0.61653162E+000  0.85518623E+000  0.10615843E+001  0.15823297E+001  0.25083083E+001  0.38987737E+001  0.93221452E+001  0.97851426E+001
  0.36800931E+000  0.42625555E+000  0.52563325E+000  0.61653180E+000  0.85518623E+000  0.10615843E+001  0.15823297E+001  0.25083083E+001  0.38987775E+001  0.93221452E+001  0.97851426E+001
  0.36800931E+000  0.42625561E+000  0.52563325E+000  0.61653198E+000  0.85518623E+000  0.10615843E+001  0.15823297E+001  0.25083083E+001  0.38987813E+001  0.93221452E+001  0.97851426E+001
  0.36800931E+000  0.42625566E+000  0.52563325E+000  0.61653216E+000  0.85518623E+000  0.10615843E+001  0.15823297E+001  0.25083083E+001  0.38987852E+001  0.93221452E+001  0.97851426E+001
  0.36800931E+000  0.42625572E+000  0.52563325E+000  0.61653236E+000  0.85518623E+000  0.10615843E+001  0.15823297E+001  0.25083083E+001  0.38987892E+001  0.93221452E+001  0.97851426E+001
  0.36800931E+000  0.42625577E+000  0.52563325E+000  0.61653255E+000  0.85518623E+000  0.10615843E+001  0.15823297E+001  0.25083083E+001  0.38987933E+001  0.93221452E+001  0.97851426E+001
  0.36800931E+000  0.42625583E+000  0.52563325E+000  0.61653276E+000  0.85518623E+000  0.10615843E+001  0.15823297E+001  0.25083083E+001  0.38987974E+001  0.93221452E+001  0.97851426E+001
  0.36800931E+000  0.42625589E+000  0.52563325E+000  0.61653297E+000  0.85518623E+000  0.10615843E+001  0.15823297E+001  0.25083083E+001  0.38988017E+001  0.93221452E+001  0.97851426E+001
  0.36800931E+000  0.42625594E+000  0.52563325E+000  0.61653318E+000  0.85518623E+000  0.10615843E+001  0.15823297E+001  0.25083083E+001  0.38988061E+001  0.93221452E+001  0.97851426E+001
  0.36800931E+000  0.42625600E+000  0.52563325E+000  0.61653341E+000  0.85518623E+000  0.10615843E+001  0.15823297E+001  0.25083083E+001  0.38988106E+001  0.93221452E+001  0.97851426E+001
  0.36800931E+000  0.42625606E+000  0.52563325E+000  0.61653363E+000  0.85518623E+000  0.10615843E+001  0.15823297E+001  0.25083083E+001  0.38988153E+001  0.93221452E+001  0.97851426E+001
  0.36800931E+000  0.42625612E+000  0.52563325E+000  0.61653386E+000  0.85518623E+000  0.10615843E+001  0.15823297E+001  0.25083083E+001  0.38988200E+001  0.93221452E+001  0.97851426E+001
  0.36800931E+000  0.42625618E+000  0.52563325E+000  0.61653409E+000  0.85518623E+000  0.10615843E+001  0.15823297E+001  0.25083083E+001  0.38988249E+001  0.93221452E+001  0.97851426E+001
  0.36800931E+000  0.42625619E+000  0.52563325E+000  0.61653433E+000  0.85518623E+000  0.10615843E+001  0.15823297E+001  0.25083083E+001  0.38988300E+001  0.93221452E+001  0.97851426E+001
  0.36800931E+000  0.42625619E+000  0.52563326E+000  0.61653457E+000  0.85518623E+000  0.10615843E+001  0.15823297E+001  0.25083083E+001  0.38988352E+001  0.93221452E+001  0.97851426E+001
  0.36800931E+000  0.42625620E+000  0.52563326E+000  0.61653481E+000  0.85518623E+000  0.10615843E+001  0.15823297E+001  0.25083083E+001  0.38988406E+001  0.93221452E+001  0.97851426E+001
  0.36800931E+000  0.42625621E+000  0.52563326E+000  0.61653506E+000  0.85518623E+000  0.10615843E+001  0.15823297E+001  0.25083083E+001  0.38988462E+001  0.93221452E+001  0.97851426E+001
  0.36800931E+000  0.42625621E+000  0.52563326E+000  0.61653530E+000  0.85518623E+000  0.10615843E+001  0.15823297E+001  0.25083083E+001  0.38988519E+001  0.93221452E+001  0.97851426E+001
  0.36800931E+000  0.42625622E+000  0.52563326E+000  0.61653554E+000  0.85518623E+000  0.10615843E+001  0.15823297E+001  0.25083083E+001  0.38989663E+001  0.93221452E+001  0.97851426E+001
  0.36800931E+000  0.42625623E+000  0.52563326E+000  0.61653579E+000  0.85518623E+000  0.10615843E+001  0.15823297E+001  0.25083083E+001  0.38989668E+001  0.93221452E+001  0.97851426E+001
  0.36800931E+000  0.42625624E+000  0.52563326E+000  0.61653603E+000  0.85518623E+000  0.10615843E+001  0.15823297E+001  0.25083083E+001  0.38989673E+001  0.93221452E+001  0.97851426E+001
  0.36800931E+000  0.42625624E+000  0.52563326E+000  0.61653627E+000  0.85518623E+000  0.10615843E+001  0.15823297E+001  0.25083083E+001  0.38989679E+001  0.93221452E+001  0.97851426E+001
  0.36800931E+000  0.42625625E+000  0.52563326E+000  0.61653650E+000  0.85518623E+000  0.10615843E+001  0.15823297E+001  0.25083083E+001  0.38989684E+001  0.93221452E+001  0.97851426E+001
  0.36800931E+000  0.42625626E+000  0.52563326E+000  0.61653674E+000  0.85518623E+000  0.10615843E+001  0.15823297E+001  0.25083083E+001  0.38989690E+001  0.93221452E+001  0.97851426E+001
  0.36800931E+000  0.42625627E+000  0.52563326E+000  0.61653696E+000  0.85518623E+000  0.10615843E+001  0.15823297E+001  0.25083083E+001  0.38989696E+001  0.93221452E+001  0.97851426E+001
  0.36800931E+000  0.42625627E+000  0.52563326E+000  0.61653719E+000  0.85518623E+000  0.10615843E+001  0.15823297E+001  0.25083083E+001  0.38989703E+001  0.93221452E+001  0.97851426E+001
  0.36800931E+000  0.42625628E+000  0.52563326E+000  0.61653741E+000  0.85518623E+000  0.10615843E+001  0.15823297E+001  0.25083083E+001  0.38989709E+001  0.93221452E+001  0.97851426E+001
  0.36800931E+000  0.42625629E+000  0.52563326E+000  0.61653763E+000  0.85518623E+000  0.10615843E+001  0.15823297E+001  0.25083083E+001  0.38989716E+001  0.93221452E+001  0.97851426E+001
  0.36800931E+000  0.42625630E+000  0.52563326E+000  0.61653784E+000  0.85518623E+000  0.10615843E+001  0.15823297E+001  0.25083083E+001  0.38989723E+001  0.93221452E+001  0.97851426E+001
  0.36800931E+000  0.42625631E+000  0.52563326E+000  0.61653806E+000  0.85518623E+000  0.10615844E+001  0.15823297E+001  0.25083083E+001  0.38989730E+001  0.93221452E+001  0.97851426E+001
  0.36800931E+000  0.42625632E+000  0.52563326E+000  0.61653827E+000  0.85518623E+000  0.10615844E+001  0.15823297E+001  0.25083083E+001  0.38989737E+001  0.93221452E+001  0.97851426E+001
  0.36800931E+000  0.42625633E+000  0.52563326E+000  0.61653849E+000  0.85518623E+000  0.10615844E+001  0.15823297E+001  0.25083083E+001  0.38989745E+001  0.93221452E+001  0.97851426E+001
  0.36800931E+000  0.42625634E+000  0.52563326E+000  0.61653872E+000  0.85518623E+000  0.10615844E+001  0.15823297E+001  0.25083083E+001  0.38989753E+001  0.93221452E+001  0.97851426E+001
  0.36800931E+000  0.42625635E+000  0.52563326E+000  0.61653896E+000  0.85518623E+000  0.10615844E+001  0.15823297E+001  0.25083083E+001  0.38989762E+001  0.93221452E+001  0.97851426E+001
  0.36800931E+000  0.42625636E+000  0.52563326E+000  0.61653921E+000  0.85518623E+000  0.10615844E+001  0.15823297E+001  0.25083083E+001  0.38989770E+001  0.93221452E+001  0.97851426E+001
  0.36800931E+000  0.42625637E+000  0.52563326E+000  0.61653949E+000  0.85518623E+000  0.10615844E+001  0.15823297E+001  0.25083083E+001  0.38989779E+001  0.93221452E+001  0.97851426E+001
  0.36800931E+000  0.42625638E+000  0.52563326E+000  0.61653980E+000  0.85518623E+000  0.10615844E+001  0.15823297E+001  0.25083083E+001  0.38989789E+001  0.93221452E+001  0.97851426E+001
  0.36800931E+000  0.42625639E+000  0.52563326E+000  0.61654014E+000  0.85518623E+000  0.10615844E+001  0.15823297E+001  0.25083083E+001  0.38989798E+001  0.93221452E+001  0.97851426E+001
  0.36800931E+000  0.42625640E+000  0.52563326E+000  0.61654053E+000  0.85518623E+000  0.10615844E+001  0.15823297E+001  0.25083083E+001  0.38989808E+001  0.93221452E+001  0.97851426E+001
  0.36800931E+000  0.42625641E+000  0.52563326E+000  0.61654097E+000  0.85518623E+000  0.10615844E+001  0.15823297E+001  0.25083083E+001  0.38989819E+001  0.93221452E+001  0.97851426E+001
  0.36800931E+000  0.42625642E+000  0.52563326E+000  0.61654147E+000  0.85518623E+000  0.10615844E+001  0.15823297E+001  0.25083083E+001  0.38989829E+001  0.93221452E+001  0.97851426E+001
  0.36800931E+000  0.42625644E+000  0.52563326E+000  0.61654205E+000  0.85518623E+000  0.10615844E+001  0.15823297E+001  0.25083083E+001  0.38989841E+001  0.93221452E+001  0.97851426E+001
  0.36800931E+000  0.42625645E+000  0.52563326E+000  0.61654272E+000  0.85518623E+000  0.10615844E+001  0.15823297E+001  0.25083083E+001  0.38989852E+001  0.93221452E+001  0.97851426E+001
  0.36800931E+000  0.42625647E+000  0.52563326E+000  0.61654348E+000  0.85518623E+000  0.10615844E+001  0.15823297E+001  0.25083083E+001  0.38989864E+001  0.93221452E+001  0.97851426E+001
  0.36800931E+000  0.42625648E+000  0.52563326E+000  0.61654435E+000  0.85518623E+000  0.10615845E+001  0.15823297E+001  0.25083083E+001  0.38989877E+001  0.93221452E+001  0.97851426E+001
  0.36800931E+000  0.42625650E+000  0.52563326E+000  0.61654534E+000  0.85518623E+000  0.10615845E+001  0.15823297E+001  0.25083083E+001  0.38989890E+001  0.93221452E+001  0.97851426E+001
  0.36800931E+000  0.42625652E+000  0.52563327E+000  0.61654647E+000  0.85518623E+000  0.10615845E+001  0.15823297E+001  0.25083083E+001  0.38989903E+001  0.93221452E+001  0.97851426E+001
  0.36800931E+000  0.42625654E+000  0.52563327E+000  0.61654774E+000  0.85518623E+000  0.10615845E+001  0.15823297E+001  0.25083083E+001  0.38989917E+001  0.93221452E+001  0.97851426E+001
  0.36800931E+000  0.42625656E+000  0.52563327E+000  0.61654916E+000  0.85518623E+000  0.10615845E+001  0.15823297E+001  0.25083083E+001  0.38989931E+001  0.93221452E+001  0.97851426E+001
  0.36800931E+000  0.42625658E+000  0.52563327E+000  0.61655075E+000  0.85518623E+000  0.10615845E+001  0.15823297E+001  0.25083083E+001  0.38989946E+001  0.93221452E+001  0.97851426E+001
  0.36800931E+000  0.42625661E+000  0.52563327E+000  0.61655252E+000  0.85518623E+000  0.10615845E+001  0.15823297E+001  0.25083083E+001  0.38989962E+001  0.93221452E+001  0.97851426E+001
  0.36800931E+000  0.42625664E+000  0.52563327E+000  0.61655448E+000  0.85518623E+000  0.10615845E+001  0.15823297E+001  0.25083083E+001  0.38989977E+001  0.93221452E+001  0.97851426E+001
  0.36800931E+000  0.42625667E+000  0.52563327E+000  0.61655663E+000  0.85518623E+000  0.10615845E+001  0.15823297E+001  0.25083083E+001  0.38989994E+001  0.93221452E+001  0.97851426E+001
  0.36800931E+000  0.42625670E+000  0.52563327E+000  0.61655899E+000  0.85518623E+000  0.10615845E+001  0.15823297E+001  0.25083083E+001  0.38990011E+001  0.93221452E+001  0.97851426E+001
  0.36800931E+000  0.42625673E+000  0.52563327E+000  0.61656156E+000  0.85518623E+000  0.10615846E+001  0.15823297E+001  0.25083083E+001  0.38990028E+001  0.93221452E+001  0.97851426E+001
  0.36800931E+000  0.42625677E+000  0.52563327E+000  0.61656435E+000  0.85518623E+000  0.10615846E+001  0.15823297E+001  0.25083083E+001  0.38990047E+001  0.93221452E+001  0.97851426E+001
  0.36800931E+000  0.42625681E+000  0.52563327E+000  0.61656737E+000  0.85518623E+000  0.10615846E+001  0.15823297E+001  0.25083083E+001  0.38990065E+001  0.93221452E+001  0.97851426E+001
  0.36800931E+000  0.42625685E+000  0.52563327E+000  0.61657062E+000  0.85518623E+000  0.10615846E+001  0.15823297E+001  0.25083083E+001  0.38990085E+001  0.93221452E+001  0.97851426E+001
  0.36800931E+000  0.42625689E+000  0.52563327E+000  0.61657411E+000  0.85518623E+000  0.10615846E+001  0.15823297E+001  0.25083083E+001  0.38990105E+001  0.93221452E+001  0.97851426E+001
  0.36800931E+000  0.42625693E+000  0.52563327E+000  0.61657574E+000  0.85518623E+000  0.10615846E+001  0.15823297E+001  0.25083083E+001  0.39008175E+001  0.93221452E+001  0.97851426E+001
  0.36800931E+000  0.42625698E+000  0.52563328E+000  0.61657576E+000  0.85518623E+000  0.10615846E+001  0.15823297E+001  0.25083083E+001  0.39008276E+001  0.93221452E+001  0.97851426E+001
  0.36800931E+000  0.42625703E+000  0.52563328E+000  0.61657577E+000  0.85518623E+000  0.10615846E+001  0.15823297E+001  0.25083083E+001  0.39009793E+001  0.93221452E+001  0.97851426E+001
  0.36800931E+000  0.42625708E+000  0.52563328E+000  0.61657579E+000  0.85518623E+000  0.10615846E+001  0.15823298E+001  0.25083083E+001  0.39009804E+001  0.93221452E+001  0.97851426E+001
  0.36800931E+000  0.42625713E+000  0.52563328E+000  0.61657581E+000  0.85518623E+000  0.10615846E+001  0.15823298E+001  0.25083083E+001  0.39009815E+001  0.93221452E+001  0.97851426E+001
  0.36800931E+000  0.42625719E+000  0.52563328E+000  0.61657583E+000  0.85518623E+000  0.10615846E+001  0.15823298E+001  0.25083083E+001  0.39009826E+001  0.93221452E+001  0.97851426E+001
  0.36800931E+000  0.42625724E+000  0.52563328E+000  0.61657585E+000  0.85518623E+000  0.10615847E+001  0.15823298E+001  0.25083083E+001  0.39009981E+001  0.93221452E+001  0.97851426E+001
  0.36800931E+000  0.42625730E+000  0.52563328E+000  0.61657588E+000  0.85518623E+000  0.10615847E+001  0.15823298E+001  0.25083083E+001  0.39010180E+001  0.93221452E+001  0.97851426E+001
  0.36800931E+000  0.42625736E+000  0.52563329E+000  0.61657590E+000  0.85518623E+000  0.10615847E+001  0.15823298E+001  0.25083083E+001  0.39010383E+001  0.93221452E+001  0.97851426E+001
  0.36800931E+000  0.42625742E+000  0.52563329E+000  0.61657592E+000  0.85518623E+000  0.10615847E+001  0.15823298E+001  0.25083083E+001  0.39011475E+001  0.93221452E+001  0.97851426E+001
  0.36800931E+000  0.42625748E+000  0.52563329E+000  0.61657595E+000  0.85518623E+000  0.10615847E+001  0.15823298E+001  0.25083083E+001  0.39011500E+001  0.93221452E+001  0.97851426E+001
  0.36800931E+000  0.42625754E+000  0.52563329E+000  0.61657598E+000  0.85518623E+000  0.10615847E+001  0.15823298E+001  0.25083083E+001  0.39011525E+001  0.93221452E+001  0.97851426E+001
  0.36800931E+000  0.42625760E+000  0.52563329E+000  0.61657600E+000  0.85518623E+000  0.10615847E+001  0.15823298E+001  0.25083083E+001  0.39011551E+001  0.93221452E+001  0.97851426E+001
  0.36800931E+000  0.42625767E+000  0.52563330E+000  0.61657603E+000  0.85518623E+000  0.10615847E+001  0.15823298E+001  0.25083083E+001  0.39011578E+001  0.93221452E+001  0.97851426E+001
  0.36800931E+000  0.42625773E+000  0.52563330E+000  0.61657606E+000  0.85518623E+000  0.10615847E+001  0.15823298E+001  0.25083083E+001  0.39011605E+001  0.93221452E+001  0.97851426E+001
  0.36800931E+000  0.42625779E+000  0.52563330E+000  0.61657609E+000  0.85518623E+000  0.10615847E+001  0.15823298E+001  0.25083083E+001  0.39011633E+001  0.93221452E+001  0.97851426E+001
  0.36800931E+000  0.42625785E+000  0.52563330E+000  0.61657612E+000  0.85518623E+000  0.10615848E+001  0.15823298E+001  0.25083083E+001  0.39011661E+001  0.93221452E+001  0.97851426E+001
  0.36800931E+000  0.42625792E+000  0.52563330E+000  0.61657615E+000  0.85518623E+000  0.10615848E+001  0.15823298E+001  0.25083083E+001  0.39011690E+001  0.93221452E+001  0.97851426E+001
  0.36800931E+000  0.42625798E+000  0.52563331E+000  0.61657618E+000  0.85518623E+000  0.10615848E+001  0.15823298E+001  0.25083083E+001  0.39011719E+001  0.93221452E+001  0.97851426E+001
  0.36800932E+000  0.42625804E+000  0.52563331E+000  0.61657621E+000  0.85518623E+000  0.10615848E+001  0.15823298E+001  0.25083083E+001  0.39011748E+001  0.93221452E+001  0.97851426E+001
  0.36800932E+000  0.42625810E+000  0.52563331E+000  0.61657624E+000  0.85518623E+000  0.10615848E+001  0.15823298E+001  0.25083083E+001  0.39011778E+001  0.93221452E+001  0.97851426E+001
  0.36800932E+000  0.42625816E+000  0.52563331E+000  0.61657627E+000  0.85518623E+000  0.10615848E+001  0.15823298E+001  0.25083083E+001  0.39011808E+001  0.93221452E+001  0.97851426E+001
  0.36800932E+000  0.42625821E+000  0.52563331E+000  0.61657630E+000  0.85518623E+000  0.10615848E+001  0.15823298E+001  0.25083083E+001  0.39011839E+001  0.93221452E+001  0.97851426E+001
  0.36800932E+000  0.42625827E+000  0.52563332E+000  0.61657633E+000  0.85518623E+000  0.10615848E+001  0.15823298E+001  0.25083083E+001  0.39011870E+001  0.93221452E+001  0.97851426E+001
  0.36800932E+000  0.42625832E+000  0.52563332E+000  0.61657636E+000  0.85518623E+000  0.10615848E+001  0.15823298E+001  0.25083083E+001  0.39011901E+001  0.93221452E+001  0.97851426E+001
  0.36800932E+000  0.42625838E+000  0.52563332E+000  0.61657639E+000  0.85518623E+000  0.10615848E+001  0.15823298E+001  0.25083083E+001  0.39011933E+001  0.93221452E+001  0.97851426E+001
  0.36800932E+000  0.42625843E+000  0.52563332E+000  0.61657642E+000  0.85518623E+000  0.10615849E+001  0.15823298E+001  0.25083083E+001  0.39011965E+001  0.93221452E+001  0.97851426E+001
  0.36800932E+000  0.42625848E+000  0.52563332E+000  0.61657645E+000  0.85518623E+000  0.10615849E+001  0.15823298E+001  0.25083083E+001  0.39011998E+001  0.93221452E+001  0.97851426E+001
  0.36800932E+000  0.42625853E+000  0.52563333E+000  0.61657647E+000  0.85518623E+000  0.10615849E+001  0.15823298E+001  0.25083083E+001  0.39012032E+001  0.93221452E+001  0.97851426E+001
  0.36800932E+000  0.42625857E+000  0.52563333E+000  0.61657650E+000  0.85518623E+000  0.10615849E+001  0.15823298E+001  0.25083083E+001  0.39012066E+001  0.93221452E+001  0.97851426E+001
  0.36800932E+000  0.42625862E+000  0.52563333E+000  0.61657653E+000  0.85518623E+000  0.10615849E+001  0.15823298E+001  0.25083083E+001  0.39015382E+001  0.93221452E+001  0.97851426E+001
  0.36800932E+000  0.42625866E+000  0.52563333E+000  0.61657655E+000  0.85518623E+000  0.10615849E+001  0.15823298E+001  0.25083083E+001  0.39015424E+001  0.93221452E+001  0.97851426E+001
  0.36800932E+000  0.42625870E+000  0.52563333E+000  0.61657658E+000  0.85518623E+000  0.10615849E+001  0.15823298E+001  0.25083083E+001  0.39018374E+001  0.93221452E+001  0.97851426E+001
  0.36800932E+000  0.42625874E+000  0.52563333E+000  0.61657660E+000  0.85518623E+000  0.10615849E+001  0.15823298E+001  0.25083083E+001  0.39018511E+001  0.93221452E+001  0.97851426E+001
  0.36800932E+000  0.42625878E+000  0.52563334E+000  0.61657663E+000  0.85518623E+000  0.10615849E+001  0.15823298E+001  0.25083083E+001  0.39018610E+001  0.93221452E+001  0.97851426E+001
  0.36800932E+000  0.42625881E+000  0.52563334E+000  0.61657665E+000  0.85518623E+000  0.10615850E+001  0.15823298E+001  0.25083083E+001  0.39018713E+001  0.93221452E+001  0.97851426E+001
  0.36800932E+000  0.42625884E+000  0.52563334E+000  0.61657667E+000  0.85518623E+000  0.10615850E+001  0.15823298E+001  0.25083083E+001  0.39018819E+001  0.93221452E+001  0.97851426E+001
  0.36800932E+000  0.42625887E+000  0.52563334E+000  0.61657669E+000  0.85518623E+000  0.10615850E+001  0.15823298E+001  0.25083083E+001  0.39023209E+001  0.93221452E+001  0.97851426E+001
  0.36800932E+000  0.42625890E+000  0.52563334E+000  0.61657671E+000  0.85518623E+000  0.10615850E+001  0.15823298E+001  0.25083083E+001  0.39023618E+001  0.93221452E+001  0.97851426E+001
  0.36800932E+000  0.42625893E+000  0.52563334E+000  0.61657673E+000  0.85518623E+000  0.10615850E+001  0.15823298E+001  0.25083083E+001  0.39024043E+001  0.93221452E+001  0.97851426E+001
  0.36800932E+000  0.42625896E+000  0.52563334E+000  0.61657675E+000  0.85518623E+000  0.10615850E+001  0.15823298E+001  0.25083083E+001  0.39027801E+001  0.93221452E+001  0.97851426E+001
  0.36800932E+000  0.42625898E+000  0.52563335E+000  0.61657676E+000  0.85518623E+000  0.10615850E+001  0.15823298E+001  0.25083083E+001  0.39031562E+001  0.93221452E+001  0.97851426E+001
  0.36800932E+000  0.42625901E+000  0.52563335E+000  0.61657678E+000  0.85518623E+000  0.10615850E+001  0.15823298E+001  0.25083083E+001  0.39032742E+001  0.93221452E+001  0.97851426E+001
  0.36800932E+000  0.42625903E+000  0.52563335E+000  0.61657679E+000  0.85518623E+000  0.10615850E+001  0.15823298E+001  0.25083083E+001  0.39033962E+001  0.93221452E+001  0.97851426E+001
  0.36800932E+000  0.42625905E+000  0.52563335E+000  0.61657681E+000  0.85518623E+000  0.10615850E+001  0.15823298E+001  0.25083083E+001  0.39035222E+001  0.93221452E+001  0.97851426E+001
  0.36800932E+000  0.42625907E+000  0.52563335E+000  0.61657682E+000  0.85518623E+000  0.10615850E+001  0.15823298E+001  0.25083083E+001  0.39036031E+001  0.93221452E+001  0.97851426E+001
  0.36800932E+000  0.42625909E+000  0.52563335E+000  0.61657683E+000  0.85518623E+000  0.10615851E+001  0.15823298E+001  0.25083083E+001  0.39036245E+001  0.93221452E+001  0.97851426E+001
  0.36800932E+000  0.42625910E+000  0.52563335E+000  0.61657685E+000  0.85518623E+000  0.10615851E+001  0.15823298E+001  0.25083083E+001  0.39036463E+001  0.93221452E+001  0.97851426E+001
  0.36800932E+000  0.42625912E+000  0.52563335E+000  0.61657686E+000  0.85518623E+000  0.10615851E+001  0.15823298E+001  0.25083083E+001  0.39036699E+001  0.93221452E+001  0.97851426E+001
  0.36800932E+000  0.42625913E+000  0.52563335E+000  0.61657687E+000  0.85518623E+000  0.10615851E+001  0.15823298E+001  0.25083083E+001  0.39037022E+001  0.93221452E+001  0.97851426E+001
  0.36800932E+000  0.42625915E+000  0.52563335E+000  0.61657688E+000  0.85518623E+000  0.10615851E+001  0.15823298E+001  0.25083083E+001  0.39050314E+001  0.93221452E+001  0.97851426E+001
  0.36800932E+000  0.42625916E+000  0.52563335E+000  0.61657688E+000  0.85518623E+000  0.10615851E+001  0.15823298E+001  0.25083083E+001  0.39050394E+001  0.93221452E+001  0.97851426E+001
  0.36800932E+000  0.42625917E+000  0.52563335E+000  0.61657689E+000  0.85518623E+000  0.10615851E+001  0.15823298E+001  0.25083083E+001  0.39069552E+001  0.93221452E+001  0.97851426E+001
  0.36800932E+000  0.42625918E+000  0.52563335E+000  0.61657690E+000  0.85518623E+000  0.10615851E+001  0.15823298E+001  0.25083083E+001  0.39069708E+001  0.93221452E+001  0.97851426E+001
  0.36800932E+000  0.42625919E+000  0.52563335E+000  0.61657691E+000  0.85518623E+000  0.10615851E+001  0.15823298E+001  0.25083083E+001  0.39069863E+001  0.93221452E+001  0.97851426E+001
  0.36800932E+000  0.42625920E+000  0.52563335E+000  0.61657691E+000  0.85518623E+000  0.10615851E+001  0.15823298E+001  0.25083083E+001  0.39070017E+001  0.93221452E+001  0.97851426E+001
  0.36800932E+000  0.42625921E+000  0.52563336E+000  0.61657692E+000  0.85518623E+000  0.10615851E+001  0.15823298E+001  0.25083083E+001  0.39070169E+001  0.93221452E+001  0.97851426E+001
  0.36800932E+000  0.42625922E+000  0.52563336E+000  0.61657693E+000  0.85518623E+000  0.10615851E+001  0.15823298E+001  0.25083083E+001  0.39070319E+001  0.93221452E+001  0.97851426E+001
  0.36800932E+000  0.42625923E+000  0.52563336E+000  0.61657693E+000  0.85518623E+000  0.10615851E+001  0.15823298E+001  0.25083083E+001  0.39070661E+001  0.93221452E+001  0.97851426E+001
  0.36800932E+000  0.42625923E+000  0.52563336E+000  0.61657694E+000  0.85518623E+000  0.10615851E+001  0.15823298E+001  0.25083083E+001  0.39071205E+001  0.93221452E+001  0.97851426E+001
  0.36800932E+000  0.42625924E+000  0.52563336E+000  0.61657694E+000  0.85518623E+000  0.10615851E+001  0.15823298E+001  0.25083083E+001  0.39072743E+001  0.93221452E+001  0.97851426E+001
  0.36800932E+000  0.42625925E+000  0.52563336E+000  0.61657694E+000  0.85518623E+000  0.10615851E+001  0.15823298E+001  0.25083083E+001  0.39073253E+001  0.93221452E+001  0.97851426E+001
  0.36800932E+000  0.42625925E+000  0.52563336E+000  0.61657695E+000  0.85518623E+000  0.10615851E+001  0.15823298E+001  0.25083083E+001  0.39084280E+001  0.93221452E+001  0.97851426E+001
  0.36800932E+000  0.42625926E+000  0.52563336E+000  0.61657695E+000  0.85518623E+000  0.10615851E+001  0.15823298E+001  0.25083083E+001  0.39084287E+001  0.93221452E+001  0.97851426E+001
  0.36800932E+000  0.42625926E+000  0.52563336E+000  0.61657696E+000  0.85518623E+000  0.10615851E+001  0.15823298E+001  0.25083083E+001  0.39084294E+001  0.93221452E+001  0.97851426E+001
  0.36800932E+000  0.42625927E+000  0.52563336E+000  0.61657696E+000  0.85518623E+000  0.10615851E+001  0.15823298E+001  0.25083083E+001  0.39084300E+001  0.93221452E+001  0.97851426E+001
  0.36800932E+000  0.42625927E+000  0.52563336E+000  0.61657696E+000  0.85518623E+000  0.10615851E+001  0.15823298E+001  0.25083083E+001  0.39084306E+001  0.93221452E+001  0.97851426E+001
  0.36800932E+000  0.42625928E+000  0.52563336E+000  0.61657696E+000  0.85518623E+000  0.10615851E+001  0.15823298E+001  0.25083083E+001  0.39084312E+001  0.93221452E+001  0.97851426E+001
  0.36800932E+000  0.42625928E+000  0.52563336E+000  0.61657697E+000  0.85518623E+000  0.10615851E+001  0.15823298E+001  0.25083083E+001  0.39084317E+001  0.93221452E+001  0.97851426E+001
  0.36800932E+000  0.42625928E+000  0.52563336E+000  0.61657697E+000  0.85518623E+000  0.10615851E+001  0.15823298E+001  0.25083083E+001  0.39084322E+001  0.93221452E+001  0.97851426E+001
  0.36800932E+000  0.42625929E+000  0.52563336E+000  0.61657697E+000  0.85518623E+000  0.10615851E+001  0.15823298E+001  0.25083083E+001  0.39084327E+001  0.93221452E+001  0.97851426E+001
  0.36800932E+000  0.42625929E+000  0.52563336E+000  0.61657697E+000  0.85518623E+000  0.10615851E+001  0.15823298E+001  0.25083083E+001  0.39084331E+001  0.93221452E+001  0.97851426E+001
  0.36800932E+000  0.42625929E+000  0.52563336E+000  0.61657697E+000  0.85518623E+000  0.10615851E+001  0.15823298E+001  0.25083083E+001  0.39084336E+001  0.93221452E+001  0.97851426E+001
  0.36800932E+000  0.42625929E+000  0.52563336E+000  0.61657698E+000  0.85518623E+000  0.10615851E+001  0.15823298E+001  0.25083083E+001  0.39084339E+001  0.93221452E+001  0.97851426E+001
  0.36800932E+000  0.42625930E+000  0.52563336E+000  0.61657698E+000  0.85518623E+000  0.10615851E+001  0.15823298E+001  0.25083083E+001  0.39084343E+001  0.93221452E+001  0.97851426E+001
  0.36800932E+000  0.42625930E+000  0.52563336E+000  0.61657698E+000  0.85518623E+000  0.10615851E+001  0.15823298E+001  0.25083083E+001  0.39084346E+001  0.93221452E+001  0.97851426E+001
  0.36800932E+000  0.42625930E+000  0.52563336E+000  0.61657698E+000  0.85518623E+000  0.10615851E+001  0.15823298E+001  0.25083083E+001  0.39084350E+001  0.93221452E+001  0.97851426E+001
  0.36800932E+000  0.42625930E+000  0.52563336E+000  0.61657698E+000  0.85518623E+000  0.10615851E+001  0.15823298E+001  0.25083083E+001  0.39084352E+001  0.93221452E+001  0.97851426E+001
  0.36800932E+000  0.42625930E+000  0.52563336E+000  0.61657698E+000  0.85518623E+000  0.10615851E+001  0.15823298E+001  0.25083083E+001  0.39084355E+001  0.93221452E+001  0.97851426E+001
  0.36800932E+000  0.42625931E+000  0.52563336E+000  0.61657698E+000  0.85518623E+000  0.10615851E+001  0.15823298E+001  0.25083083E+001  0.39084358E+001  0.93221452E+001  0.97851426E+001
  0.36800932E+000  0.42625931E+000  0.52563336E+000  0.61657698E+000  0.85518623E+000  0.10615851E+001  0.15823298E+001  0.25083083E+001  0.39084360E+001  0.93221452E+001  0.97851426E+001
  0.36800932E+000  0.42625931E+000  0.52563336E+000  0.61657698E+000  0.85518623E+000  0.10615851E+001  0.15823298E+001  0.25083083E+001  0.39084362E+001  0.93221452E+001  0.97851426E+001
  0.36800932E+000  0.42625931E+000  0.52563336E+000  0.61657699E+000  0.85518623E+000  0.10615851E+001  0.15823298E+001  0.25083083E+001  0.39084364E+001  0.93221452E+001  0.97851426E+001
  0.36800932E+000  0.42625931E+000  0.52563336E+000  0.61657699E+000  0.85518623E+000  0.10615851E+001  0.15823298E+001  0.25083083E+001  0.39084366E+001  0.93221452E+001  0.97851426E+001
  0.36800932E+000  0.42625931E+000  0.52563336E+000  0.61657699E+000  0.85518623E+000  0.10615851E+001  0.15823298E+001  0.25083083E+001  0.39084367E+001  0.93221452E+001  0.97851426E+001
  0.36800932E+000  0.42625931E+000  0.52563336E+000  0.61657699E+000  0.85518623E+000  0.10615851E+001  0.15823298E+001  0.25083083E+001  0.39084369E+001  0.93221452E+001  0.97851426E+001
  0.36800932E+000  0.42625931E+000  0.52563336E+000  0.61657699E+000  0.85518623E+000  0.10615851E+001  0.15823298E+001  0.25083083E+001  0.39084370E+001  0.93221452E+001  0.97851426E+001
  0.36800932E+000  0.42625931E+000  0.52563336E+000  0.61657699E+000  0.85518623E+000  0.10615851E+001  0.15823298E+001  0.25083083E+001  0.39084371E+001  0.93221452E+001  0.97851426E+001
  0.36800932E+000  0.42625931E+000  0.52563336E+000  0.61657699E+000  0.85518623E+000  0.10615851E+001  0.15823298E+001  0.25083083E+001  0.39084372E+001  0.93221452E+001  0.97851426E+001
  0.36800932E+000  0.42625932E+000  0.52563336E+000  0.61657699E+000  0.85518623E+000  0.10615851E+001  0.15823298E+001  0.25083083E+001  0.39084373E+001  0.93221452E+001  0.97851426E+001
  0.36800932E+000  0.42625932E+000  0.52563336E+000  0.61657699E+000  0.85518623E+000  0.10615851E+001  0.15823298E+001  0.25083083E+001  0.39084374E+001  0.93221452E+001  0.97851426E+001
  0.36800932E+000  0.42625932E+000  0.52563336E+000  0.61657699E+000  0.85518623E+000  0.10615851E+001  0.15823298E+001  0.25083083E+001  0.39084375E+001  0.93221452E+001  0.97851426E+001
  0.36800932E+000  0.42625932E+000  0.52563336E+000  0.61657699E+000  0.85518623E+000  0.10615851E+001  0.15823298E+001  0.25083083E+001  0.39084376E+001  0.93221452E+001  0.97851426E+001
  0.36800932E+000  0.42625932E+000  0.52563336E+000  0.61657699E+000  0.85518623E+000  0.10615851E+001  0.15823298E+001  0.25083083E+001  0.39084377E+001  0.93221452E+001  0.97851426E+001
  0.36800932E+000  0.42625932E+000  0.52563336E+000  0.61657699E+000  0.85518623E+000  0.10615851E+001  0.15823298E+001  0.25083083E+001  0.39084377E+001  0.93221452E+001  0.97851426E+001
  0.36800932E+000  0.42625932E+000  0.52563336E+000  0.61657699E+000  0.85518623E+000  0.10615851E+001  0.15823298E+001  0.25083083E+001  0.39084378E+001  0.93221452E+001  0.97851426E+001
  0.36800932E+000  0.42625932E+000  0.52563336E+000  0.61657699E+000  0.85518623E+000  0.10615851E+001  0.15823298E+001  0.25083083E+001  0.39084378E+001  0.93221452E+001  0.97851426E+001
  0.36800932E+000  0.42625932E+000  0.52563336E+000  0.61657699E+000  0.85518623E+000  0.10615851E+001  0.15823298E+001  0.25083083E+001  0.39084379E+001  0.93221452E+001  0.97851426E+001
  0.36800932E+000  0.42625932E+000  0.52563336E+000  0.61657699E+000  0.85518623E+000  0.10615851E+001  0.15823298E+001  0.25083083E+001  0.39084379E+001  0.93221452E+001  0.97851426E+001
  0.36800932E+000  0.42625932E+000  0.52563336E+000  0.61657699E+000  0.85518623E+000  0.10615851E+001  0.15823298E+001  0.25083083E+001  0.39084380E+001  0.93221452E+001  0.97851426E+001
  0.36800932E+000  0.42625932E+000  0.52563336E+000  0.61657699E+000  0.85518623E+000  0.10615851E+001  0.15823298E+001  0.25083083E+001  0.39084380E+001  0.93221452E+001  0.97851426E+001
  0.36800932E+000  0.42625932E+000  0.52563336E+000  0.61657699E+000  0.85518623E+000  0.10615851E+001  0.15823298E+001  0.25083083E+001  0.39084380E+001  0.93221452E+001  0.97851426E+001
  0.36800932E+000  0.42625932E+000  0.52563336E+000  0.61657699E+000  0.85518623E+000  0.10615851E+001  0.15823298E+001  0.25083083E+001  0.39084381E+001  0.93221452E+001  0.97851426E+001
  0.36800932E+000  0.42625932E+000  0.52563336E+000  0.61657699E+000  0.85518623E+000  0.10615851E+001  0.15823298E+001  0.25083083E+001  0.39084381E+001  0.93221452E+001  0.97851426E+001
  0.36800932E+000  0.42625932E+000  0.52563336E+000  0.61657699E+000  0.85518623E+000  0.10615851E+001  0.15823298E+001  0.25083083E+001  0.39084381E+001  0.93221452E+001  0.97851426E+001
  0.36800932E+000  0.42625932E+000  0.52563336E+000  0.61657699E+000  0.85518623E+000  0.10615851E+001  0.15823298E+001  0.25083083E+001  0.39084381E+001  0.93221452E+001  0.97851426E+001
  0.36800932E+000  0.42625932E+000  0.52563336E+000  0.61657699E+000  0.85518623E+000  0.10615851E+001  0.15823298E+001  0.25083083E+001  0.39084382E+001  0.93221452E+001  0.97851426E+001
  0.36800932E+000  0.42625932E+000  0.52563336E+000  0.61657699E+000  0.85518623E+000  0.10615851E+001  0.15823298E+001  0.25083083E+001  0.39084382E+001  0.93221452E+001  0.97851426E+001
  0.36800932E+000  0.42625932E+000  0.52563336E+000  0.61657699E+000  0.85518623E+000  0.10615851E+001  0.15823298E+001  0.25083083E+001  0.39084382E+001  0.93221452E+001  0.97851426E+001
  0.36800932E+000  0.42625932E+000  0.52563336E+000  0.61657699E+000  0.85518623E+000  0.10615851E+001  0.15823298E+001  0.25083083E+001  0.39084382E+001  0.93221452E+001  0.97851426E+001
  0.36800932E+000  0.42625932E+000  0.52563336E+000  0.61657699E+000  0.85518623E+000  0.10615851E+001  0.15823298E+001  0.25083083E+001  0.39084382E+001  0.93221452E+001  0.97851426E+001
  0.36800932E+000  0.42625932E+000  0.52563336E+000  0.61657699E+000  0.85518623E+000  0.10615851E+001  0.15823298E+001  0.25083083E+001  0.39084382E+001  0.93221452E+001  0.97851426E+001
  0.36800932E+000  0.42625932E+000  0.52563336E+000  0.61657699E+000  0.85518623E+000  0.10615851E+001  0.15823298E+001  0.25083083E+001  0.39084382E+001  0.93221452E+001  0.97851426E+001
  0.36800932E+000  0.42625932E+000  0.52563336E+000  0.61657699E+000  0.85518623E+000  0.10615851E+001  0.15823298E+001  0.25083083E+001  0.39084383E+001  0.93221452E+001  0.97851426E+001
  0.36800932E+000  0.42625932E+000  0.52563336E+000  0.61657699E+000  0.85518623E+000  0.10615851E+001  0.15823298E+001  0.25083083E+001  0.39084383E+001  0.93221452E+001  0.97851426E+001
  0.36800932E+000  0.42625932E+000  0.52563336E+000  0.61657699E+000  0.85518623E+000  0.10615851E+001  0.15823298E+001  0.25083083E+001  0.39084383E+001  0.93221452E+001  0.97851426E+001
  0.36800932E+000  0.42625932E+000  0.52563336E+000  0.61657699E+000  0.85518623E+000  0.10615851E+001  0.15823298E+001  0.25083083E+001  0.39084383E+001  0.93221452E+001  0.97851426E+001
  0.36800932E+000  0.42625932E+000  0.52563336E+000  0.61657699E+000  0.85518623E+000  0.10615851E+001  0.15823298E+001  0.25083083E+001  0.39084383E+001  0.93221452E+001  0.97851426E+001
  0.36800932E+000  0.42625932E+000  0.52563336E+000  0.61657699E+000  0.85518623E+000  0.10615851E+001  0.15823298E+001  0.25083083E+001  0.39084383E+001  0.93221452E+001  0.97851426E+001
  0.36800932E+000  0.42625932E+000  0.52563336E+000  0.61657700E+000  0.85518623E+000  0.10615851E+001  0.15823298E+001  0.25083083E+001  0.39084383E+001  0.93221452E+001  0.97851426E+001
  0.36800932E+000  0.42625932E+000  0.52563336E+000  0.61657700E+000  0.85518623E+000  0.10615851E+001  0.15823298E+001  0.25083083E+001  0.39084383E+001  0.93221452E+001  0.97851426E+001
  0.36800932E+000  0.42625932E+000  0.52563336E+000  0.61657700E+000  0.85518623E+000  0.10615851E+001  0.15823298E+001  0.25083083E+001  0.39084383E+001  0.93221452E+001  0.97851426E+001
