  0.43171282E-002  0.34828755E-001  0.51246144E+000  0.53184035E+002
  0.43232509E-002  0.34859027E-001  0.51229668E+000  0.53196204E+002
  0.43280104E-002  0.34881712E-001  0.51211310E+000  0.53206113E+002
  0.43316358E-002  0.34898354E-001  0.51193972E+000  0.53214141E+002
  0.43343310E-002  0.34910194E-001  0.51179312E+000  0.53220608E+002
  0.43362696E-002  0.34918216E-001  0.51167088E+000  0.53225792E+002
  0.43375962E-002  0.34923829E-001  0.51156977E+000  0.53229918E+002
  0.43384298E-002  0.34927716E-001  0.51148702E+000  0.53233172E+002
  0.43388683E-002  0.34930192E-001  0.51142048E+000  0.53235706E+002
  0.43389918E-002  0.34931513E-001  0.51136820E+000  0.53237644E+002
  0.43388657E-002  0.34931892E-001  0.51132835E+000  0.53239090E+002
  0.43385435E-002  0.34931498E-001  0.51129931E+000  0.53240129E+002
  0.43380685E-002  0.34930474E-001  0.51127969E+000  0.53240832E+002
  0.43374766E-002  0.34928935E-001  0.51126830E+000  0.53241258E+002
  0.43367969E-002  0.34926977E-001  0.51126404E+000  0.53241455E+002
  0.43360536E-002  0.34924678E-001  0.51126595E+000  0.53241464E+002
  0.43352664E-002  0.34922104E-001  0.51127319E+000  0.53241319E+002
  0.43344512E-002  0.34919309E-001  0.51128506E+000  0.53241048E+002
  0.43336212E-002  0.34916338E-001  0.51130091E+000  0.53240675E+002
  0.43327870E-002  0.34913229E-001  0.51132021E+000  0.53240219E+002
  0.43319570E-002  0.34910013E-001  0.51134249E+000  0.53239697E+002
  0.43311383E-002  0.34906717E-001  0.51136733E+000  0.53239123E+002
  0.43303360E-002  0.34903362E-001  0.51139439E+000  0.53238509E+002
  0.43295546E-002  0.34899969E-001  0.51142334E+000  0.53237864E+002
  0.43287972E-002  0.34896554E-001  0.51145392E+000  0.53237197E+002
  0.43280662E-002  0.34893131E-001  0.51148588E+000  0.53236516E+002
  0.43273634E-002  0.34889713E-001  0.51151901E+000  0.53235826E+002
  0.43266900E-002  0.34886311E-001  0.51155309E+000  0.53235131E+002
  0.43260466E-002  0.34882936E-001  0.51158796E+000  0.53234438E+002
  0.43254335E-002  0.34879596E-001  0.51162345E+000  0.53233749E+002
  0.43248506E-002  0.34876301E-001  0.51165940E+000  0.53233068E+002
  0.43242976E-002  0.34873058E-001  0.51169567E+000  0.53232397E+002
  0.43237739E-002  0.34869875E-001  0.51173210E+000  0.53231738E+002
  0.43232788E-002  0.34866759E-001  0.51176858E+000  0.53231093E+002
  0.43228111E-002  0.34863718E-001  0.51180496E+000  0.53230463E+002
  0.43223700E-002  0.34860757E-001  0.51184113E+000  0.53229850E+002
  0.43219543E-002  0.34857884E-001  0.51187697E+000  0.53229255E+002
  0.43215627E-002  0.34855103E-001  0.51191236E+000  0.53228678E+002
  0.43211941E-002  0.34852422E-001  0.51194720E+000  0.53228119E+002
  0.43208473E-002  0.34849843E-001  0.51198138E+000  0.53227579E+002
  0.43205210E-002  0.34847374E-001  0.51201483E+000  0.53227057E+002
  0.43202140E-002  0.34845017E-001  0.51204744E+000  0.53226553E+002
  0.43199252E-002  0.34842776E-001  0.51207916E+000  0.53226068E+002
  0.43196536E-002  0.34840655E-001  0.51210991E+000  0.53225599E+002
  0.43193981E-002  0.34838655E-001  0.51213964E+000  0.53225147E+002
  0.43191578E-002  0.34836779E-001  0.51216830E+000  0.53224711E+002
  0.43189318E-002  0.34835028E-001  0.51219585E+000  0.53224290E+002
  0.43187193E-002  0.34833402E-001  0.51222227E+000  0.53223882E+002
  0.43185195E-002  0.34831900E-001  0.51224753E+000  0.53223488E+002
  0.43183318E-002  0.34830522E-001  0.51227162E+000  0.53223106E+002
  0.43181556E-002  0.34829264E-001  0.51229452E+000  0.53222735E+002
  0.43179903E-002  0.34828126E-001  0.51231622E+000  0.53222373E+002
  0.43178354E-002  0.34827103E-001  0.51233674E+000  0.53222021E+002
  0.43176904E-002  0.34826191E-001  0.51235503E+000  0.53221677E+002
  0.43175549E-002  0.34825386E-001  0.51236715E+000  0.53221345E+002
  0.43174287E-002  0.34824684E-001  0.51237832E+000  0.53221019E+002
  0.43173112E-002  0.34824079E-001  0.51238853E+000  0.53220697E+002
  0.43172024E-002  0.34823566E-001  0.51239777E+000  0.53220379E+002
  0.43171017E-002  0.34823138E-001  0.51240605E+000  0.53220064E+002
  0.43170091E-002  0.34822791E-001  0.51241337E+000  0.53219751E+002
  0.43169244E-002  0.34822518E-001  0.51241973E+000  0.53219440E+002
  0.43168472E-002  0.34822313E-001  0.51242513E+000  0.53219129E+002
  0.43167774E-002  0.34822172E-001  0.51242957E+000  0.53218818E+002
  0.43167149E-002  0.34822088E-001  0.51243305E+000  0.53218506E+002
  0.43166595E-002  0.34822057E-001  0.51243559E+000  0.53218194E+002
  0.43166110E-002  0.34822074E-001  0.51243720E+000  0.53217880E+002
  0.43165693E-002  0.34822134E-001  0.51243787E+000  0.53217563E+002
  0.43165342E-002  0.34822232E-001  0.51243763E+000  0.53217245E+002
  0.43165056E-002  0.34822365E-001  0.51243651E+000  0.53216924E+002
  0.43164832E-002  0.34822529E-001  0.51243451E+000  0.53216600E+002
  0.43164668E-002  0.34822720E-001  0.51243168E+000  0.53216272E+002
  0.43164562E-002  0.34822935E-001  0.51242805E+000  0.53215941E+002
  0.43164512E-002  0.34823171E-001  0.51242366E+000  0.53215607E+002
  0.43164514E-002  0.34823425E-001  0.51241856E+000  0.53215268E+002
  0.43164566E-002  0.34823694E-001  0.51241280E+000  0.53214925E+002
  0.43164664E-002  0.34823975E-001  0.51240644E+000  0.53214578E+002
  0.43164805E-002  0.34824266E-001  0.51239953E+000  0.53214226E+002
  0.43164986E-002  0.34824566E-001  0.51239214E+000  0.53213869E+002
  0.43165203E-002  0.34824871E-001  0.51238435E+000  0.53213508E+002
  0.43165452E-002  0.34825180E-001  0.51237622E+000  0.53213141E+002
  0.43165730E-002  0.34825491E-001  0.51236784E+000  0.53212769E+002
  0.43166032E-002  0.34825802E-001  0.51235927E+000  0.53212392E+002
  0.43166355E-002  0.34826112E-001  0.51235061E+000  0.53212010E+002
  0.43166695E-002  0.34826419E-001  0.51234194E+000  0.53211622E+002
  0.43167049E-002  0.34826721E-001  0.51233333E+000  0.53211229E+002
  0.43167412E-002  0.34827018E-001  0.51232486E+000  0.53210829E+002
  0.43167783E-002  0.34827308E-001  0.51231661E+000  0.53210424E+002
  0.43168157E-002  0.34827590E-001  0.51230865E+000  0.53210014E+002
  0.43168531E-002  0.34827862E-001  0.51230106E+000  0.53209597E+002
  0.43168903E-002  0.34828125E-001  0.51229389E+000  0.53209174E+002
  0.43169270E-002  0.34828377E-001  0.51228722E+000  0.53208746E+002
  0.43169629E-002  0.34828618E-001  0.51228108E+000  0.53208312E+002
  0.43169980E-002  0.34828847E-001  0.51227553E+000  0.53207872E+002
  0.43170318E-002  0.34829063E-001  0.51227061E+000  0.53207426E+002
  0.43170644E-002  0.34829266E-001  0.51226636E+000  0.53206974E+002
  0.43170955E-002  0.34829456E-001  0.51226279E+000  0.53206517E+002
  0.43171251E-002  0.34829632E-001  0.51225994E+000  0.53206055E+002
  0.43171530E-002  0.34829794E-001  0.51225782E+000  0.53205588E+002
  0.43171790E-002  0.34829942E-001  0.51225642E+000  0.53205115E+002
  0.43172033E-002  0.34830076E-001  0.51225576E+000  0.53204638E+002
  0.43172257E-002  0.34830196E-001  0.51225582E+000  0.53204156E+002
  0.43172461E-002  0.34830302E-001  0.51225660E+000  0.53203671E+002
  0.43172646E-002  0.34830395E-001  0.51225808E+000  0.53203181E+002
  0.43172812E-002  0.34830473E-001  0.51226024E+000  0.53202688E+002
  0.43172958E-002  0.34830539E-001  0.51226304E+000  0.53202192E+002
  0.43173085E-002  0.34830591E-001  0.51226646E+000  0.53201692E+002
  0.43173193E-002  0.34830631E-001  0.51227047E+000  0.53201191E+002
  0.43173283E-002  0.34830658E-001  0.51227502E+000  0.53200687E+002
  0.43173355E-002  0.34830673E-001  0.51228008E+000  0.53200181E+002
  0.43173409E-002  0.34830677E-001  0.51228559E+000  0.53199675E+002
  0.43173447E-002  0.34830671E-001  0.51229153E+000  0.53199167E+002
  0.43173469E-002  0.34830654E-001  0.51229784E+000  0.53198659E+002
  0.43173475E-002  0.34830627E-001  0.51230446E+000  0.53198150E+002
  0.43173468E-002  0.34830592E-001  0.51231137E+000  0.53197642E+002
  0.43173447E-002  0.34830548E-001  0.51231849E+000  0.53197134E+002
  0.43173414E-002  0.34830497E-001  0.51232579E+000  0.53196627E+002
  0.43173370E-002  0.34830439E-001  0.51233322E+000  0.53196122E+002
  0.43173315E-002  0.34830375E-001  0.51234072E+000  0.53195618E+002
  0.43173251E-002  0.34830306E-001  0.51234826E+000  0.53195117E+002
  0.43173180E-002  0.34830232E-001  0.51235578E+000  0.53194617E+002
  0.43173101E-002  0.34830155E-001  0.51236325E+000  0.53194121E+002
  0.43173017E-002  0.34830075E-001  0.51237062E+000  0.53193628E+002
  0.43172928E-002  0.34829993E-001  0.51237784E+000  0.53193138E+002
  0.43172835E-002  0.34829910E-001  0.51238489E+000  0.53192653E+002
  0.43172740E-002  0.34829826E-001  0.51239174E+000  0.53192171E+002
  0.43172644E-002  0.34829743E-001  0.51239834E+000  0.53191695E+002
  0.43172547E-002  0.34829660E-001  0.51240468E+000  0.53191225E+002
  0.43172450E-002  0.34829579E-001  0.51241073E+000  0.53190760E+002
  0.43172354E-002  0.34829500E-001  0.51241647E+000  0.53190302E+002
  0.43172261E-002  0.34829424E-001  0.51242189E+000  0.53189851E+002
  0.43172170E-002  0.34829351E-001  0.51242698E+000  0.53189409E+002
  0.43172081E-002  0.34829280E-001  0.51243172E+000  0.53188975E+002
  0.43171997E-002  0.34829214E-001  0.51243612E+000  0.53188550E+002
  0.43171916E-002  0.34829151E-001  0.51244017E+000  0.53188136E+002
  0.43171839E-002  0.34829092E-001  0.51244389E+000  0.53187733E+002
  0.43171767E-002  0.34829037E-001  0.51244727E+000  0.53187342E+002
  0.43171699E-002  0.34828985E-001  0.51245032E+000  0.53186964E+002
  0.43171635E-002  0.34828938E-001  0.51245305E+000  0.53186599E+002
  0.43171575E-002  0.34828894E-001  0.51245548E+000  0.53186249E+002
  0.43171519E-002  0.34828854E-001  0.51245763E+000  0.53185914E+002
  0.43171468E-002  0.34828817E-001  0.51245950E+000  0.53185595E+002
  0.43171420E-002  0.34828783E-001  0.51246112E+000  0.53185293E+002
  0.43171376E-002  0.34828752E-001  0.51246249E+000  0.53185008E+002
  0.43171336E-002  0.34828725E-001  0.51246364E+000  0.53184740E+002
  0.43171299E-002  0.34828700E-001  0.51246459E+000  0.53184491E+002
  0.43171265E-002  0.34828677E-001  0.51246534E+000  0.53184260E+002
  0.43171234E-002  0.34828657E-001  0.51246592E+000  0.53184048E+002
  0.43171205E-002  0.34828639E-001  0.51246634E+000  0.53183854E+002
  0.43171180E-002  0.34828623E-001  0.51246661E+000  0.53183678E+002
  0.43171158E-002  0.34828609E-001  0.51246674E+000  0.53183521E+002
  0.43171138E-002  0.34828598E-001  0.51246675E+000  0.53183382E+002
  0.43171120E-002  0.34828588E-001  0.51246664E+000  0.53183260E+002
  0.43171105E-002  0.34828580E-001  0.51246643E+000  0.53183156E+002
  0.43171093E-002  0.34828575E-001  0.51246613E+000  0.53183067E+002
  0.43171084E-002  0.34828571E-001  0.51246575E+000  0.53182994E+002
  0.43171076E-002  0.34828569E-001  0.51246529E+000  0.53182936E+002
  0.43171072E-002  0.34828569E-001  0.51246477E+000  0.53182892E+002
  0.43171070E-002  0.34828570E-001  0.51246419E+000  0.53182860E+002
  0.43171070E-002  0.34828574E-001  0.51246356E+000  0.53182840E+002
  0.43171073E-002  0.34828579E-001  0.51246289E+000  0.53182831E+002
  0.43171078E-002  0.34828586E-001  0.51246218E+000  0.53182832E+002
  0.43171085E-002  0.34828594E-001  0.51246146E+000  0.53182842E+002
  0.43171094E-002  0.34828604E-001  0.51246072E+000  0.53182859E+002
  0.43171106E-002  0.34828615E-001  0.51245998E+000  0.53182883E+002
  0.43171119E-002  0.34828628E-001  0.51245924E+000  0.53182912E+002
  0.43171133E-002  0.34828641E-001  0.51245851E+000  0.53182947E+002
  0.43171149E-002  0.34828655E-001  0.51245781E+000  0.53182985E+002
  0.43171166E-002  0.34828670E-001  0.51245713E+000  0.53183026E+002
  0.43171183E-002  0.34828686E-001  0.51245649E+000  0.53183070E+002
  0.43171202E-002  0.34828701E-001  0.51245590E+000  0.53183115E+002
  0.43171220E-002  0.34828717E-001  0.51245536E+000  0.53183161E+002
  0.43171239E-002  0.34828732E-001  0.51245488E+000  0.53183207E+002
  0.43171258E-002  0.34828748E-001  0.51245446E+000  0.53183253E+002
  0.43171276E-002  0.34828762E-001  0.51245411E+000  0.53183299E+002
  0.43171293E-002  0.34828776E-001  0.51245383E+000  0.53183344E+002
  0.43171309E-002  0.34828789E-001  0.51245362E+000  0.53183387E+002
  0.43171325E-002  0.34828801E-001  0.51245349E+000  0.53183429E+002
  0.43171339E-002  0.34828811E-001  0.51245343E+000  0.53183469E+002
  0.43171351E-002  0.34828820E-001  0.51245345E+000  0.53183507E+002
  0.43171362E-002  0.34828828E-001  0.51245355E+000  0.53183543E+002
  0.43171371E-002  0.34828835E-001  0.51245371E+000  0.53183578E+002
  0.43171379E-002  0.34828840E-001  0.51245394E+000  0.53183610E+002
  0.43171385E-002  0.34828843E-001  0.51245424E+000  0.53183639E+002
  0.43171388E-002  0.34828845E-001  0.51245459E+000  0.53183667E+002
  0.43171390E-002  0.34828845E-001  0.51245499E+000  0.53183693E+002
  0.43171390E-002  0.34828844E-001  0.51245543E+000  0.53183717E+002
  0.43171388E-002  0.34828841E-001  0.51245591E+000  0.53183739E+002
  0.43171385E-002  0.34828837E-001  0.51245642E+000  0.53183759E+002
  0.43171380E-002  0.34828832E-001  0.51245696E+000  0.53183778E+002
  0.43171373E-002  0.34828825E-001  0.51245751E+000  0.53183795E+002
  0.43171365E-002  0.34828818E-001  0.51245806E+000  0.53183811E+002
  0.43171356E-002  0.34828810E-001  0.51245861E+000  0.53183826E+002
  0.43171346E-002  0.34828801E-001  0.51245914E+000  0.53183839E+002
  0.43171336E-002  0.34828793E-001  0.51245965E+000  0.53183851E+002
  0.43171326E-002  0.34828784E-001  0.51246014E+000  0.53183862E+002
  0.43171315E-002  0.34828775E-001  0.51246060E+000  0.53183873E+002
  0.43171302E-002  0.34828763E-001  0.51246104E+000  0.53183882E+002
  0.43171283E-002  0.34828747E-001  0.51246148E+000  0.53183891E+002
  0.43171257E-002  0.34828729E-001  0.51246186E+000  0.53183900E+002
  0.43171239E-002  0.34828715E-001  0.51246216E+000  0.53183908E+002
