  0.46847652E+000
  0.46773201E+000
  0.46714805E+000
  0.46669041E+000
  0.46633431E+000
  0.46606075E+000
  0.46585459E+000
  0.46570359E+000
  0.46559774E+000
  0.46552882E+000
  0.46549002E+000
  0.46547566E+000
  0.46548113E+000
  0.46550265E+000
  0.46553709E+000
  0.46558186E+000
  0.46563483E+000
  0.46569423E+000
  0.46575861E+000
  0.46582676E+000
  0.46589770E+000
  0.46597060E+000
  0.46604479E+000
  0.46611971E+000
  0.46619492E+000
  0.46627002E+000
  0.46634472E+000
  0.46641876E+000
  0.46649194E+000
  0.46656408E+000
  0.46663506E+000
  0.46670478E+000
  0.46677315E+000
  0.46684012E+000
  0.46690564E+000
  0.46696969E+000
  0.46703226E+000
  0.46709334E+000
  0.46715294E+000
  0.46721108E+000
  0.46726776E+000
  0.46732302E+000
  0.46737688E+000
  0.46742936E+000
  0.46748050E+000
  0.46753031E+000
  0.46757882E+000
  0.46762604E+000
  0.46767200E+000
  0.46771671E+000
  0.46776017E+000
  0.46780239E+000
  0.46784337E+000
  0.46788311E+000
  0.46792159E+000
  0.46795881E+000
  0.46799475E+000
  0.46802940E+000
  0.46806274E+000
  0.46809475E+000
  0.46812542E+000
  0.46815474E+000
  0.46818269E+000
  0.46820926E+000
  0.46823445E+000
  0.46825825E+000
  0.46828068E+000
  0.46830174E+000
  0.46832144E+000
  0.46833980E+000
  0.46835686E+000
  0.46837263E+000
  0.46838716E+000
  0.46840049E+000
  0.46841266E+000
  0.46842371E+000
  0.46843370E+000
  0.46844268E+000
  0.46845071E+000
  0.46845784E+000
  0.46846413E+000
  0.46846963E+000
  0.46847440E+000
  0.46847850E+000
  0.46848198E+000
  0.46848489E+000
  0.46848729E+000
  0.46848922E+000
  0.46849073E+000
  0.46849187E+000
  0.46849267E+000
  0.46849317E+000
  0.46849340E+000
  0.46849342E+000
  0.46849323E+000
  0.46849287E+000
  0.46849237E+000
  0.46849174E+000
  0.46849101E+000
  0.46849020E+000
  0.46848932E+000
  0.46848838E+000
  0.46848740E+000
  0.46848639E+000
  0.46848535E+000
  0.46848430E+000
  0.46848324E+000
  0.46848217E+000
  0.46848109E+000
  0.46848002E+000
  0.46847895E+000
  0.46847789E+000
  0.46847683E+000
  0.46847577E+000
  0.46847472E+000
  0.46847367E+000
  0.46847263E+000
  0.46847159E+000
  0.46847054E+000
  0.46846950E+000
  0.46846845E+000
  0.46846741E+000
  0.46846635E+000
  0.46846529E+000
  0.46846423E+000
  0.46846315E+000
  0.46846208E+000
  0.46846099E+000
  0.46845990E+000
  0.46845880E+000
  0.46845770E+000
  0.46845660E+000
  0.46845550E+000
  0.46845440E+000
  0.46845331E+000
  0.46845224E+000
  0.46845118E+000
  0.46845014E+000
  0.46844912E+000
  0.46844814E+000
  0.46844720E+000
  0.46844631E+000
  0.46844547E+000
  0.46844468E+000
  0.46844397E+000
  0.46844333E+000
  0.46844276E+000
  0.46844229E+000
  0.46844191E+000
  0.46844163E+000
  0.46844145E+000
  0.46844139E+000
  0.46844144E+000
  0.46844161E+000
  0.46844191E+000
  0.46844233E+000
  0.46844288E+000
  0.46844355E+000
  0.46844436E+000
  0.46844529E+000
  0.46844635E+000
  0.46844753E+000
  0.46844883E+000
  0.46845025E+000
  0.46845177E+000
  0.46845340E+000
  0.46845512E+000
  0.46845694E+000
  0.46845883E+000
  0.46846079E+000
  0.46846281E+000
  0.46846488E+000
  0.46846700E+000
  0.46846915E+000
  0.46847131E+000
  0.46847349E+000
  0.46847566E+000
  0.46847782E+000
  0.46847996E+000
  0.46848207E+000
  0.46848413E+000
  0.46848614E+000
  0.46848809E+000
  0.46848997E+000
  0.46849177E+000
  0.46849348E+000
  0.46849510E+000
  0.46849663E+000
  0.46849804E+000
  0.46849935E+000
  0.46850055E+000
  0.46850163E+000
  0.46850259E+000
  0.46850343E+000
  0.46850416E+000
  0.46850478E+000
  0.46850528E+000
  0.46850574E+000
  0.46850596E+000
  0.46850542E+000
