  0.19142038E+000  0.27633905E+000  0.36366120E+000  0.59240327E+000
  0.19197949E+000  0.27748211E+000  0.35973817E+000  0.59289554E+000
  0.19195524E+000  0.27801209E+000  0.36154405E+000  0.58760430E+000
  0.19211229E+000  0.27794027E+000  0.35919118E+000  0.59091738E+000
  0.19205700E+000  0.27782326E+000  0.35898882E+000  0.59061697E+000
  0.19199214E+000  0.27777427E+000  0.35879173E+000  0.59038467E+000
  0.19191864E+000  0.27840553E+000  0.35800428E+000  0.59017814E+000
  0.19186309E+000  0.27893848E+000  0.35729985E+000  0.59005604E+000
  0.19180092E+000  0.27888627E+000  0.35753379E+000  0.58965804E+000
  0.19173203E+000  0.27885261E+000  0.35746082E+000  0.58961232E+000
  0.19168530E+000  0.27884266E+000  0.35738757E+000  0.58956716E+000
  0.19163952E+000  0.27881825E+000  0.35734643E+000  0.58954056E+000
  0.19164836E+000  0.27874145E+000  0.35867662E+000  0.58728577E+000
  0.19163391E+000  0.27913699E+000  0.35820150E+000  0.58730013E+000
  0.19158476E+000  0.27912907E+000  0.35684127E+000  0.58953331E+000
  0.19156315E+000  0.27910216E+000  0.35682867E+000  0.58954608E+000
  0.19154118E+000  0.27907920E+000  0.35682195E+000  0.58956274E+000
  0.19151831E+000  0.27906040E+000  0.35681961E+000  0.58958301E+000
  0.21856079E+000  0.24878460E+000  0.35603562E+000  0.58960771E+000
  0.19147037E+000  0.27903711E+000  0.35682014E+000  0.58963549E+000
  0.21851134E+000  0.24827898E+000  0.35682397E+000  0.58966612E+000
  0.19142865E+000  0.27902113E+000  0.35683007E+000  0.58969943E+000
  0.19141017E+000  0.27903046E+000  0.35686596E+000  0.58969268E+000
  0.19140991E+000  0.27900993E+000  0.35687613E+000  0.58973093E+000
  0.19139471E+000  0.27961660E+000  0.35611443E+000  0.58976971E+000
  0.19138121E+000  0.27961458E+000  0.35612992E+000  0.58981267E+000
  0.19136949E+000  0.27961398E+000  0.35614756E+000  0.58985782E+000
  0.19135961E+000  0.27961481E+000  0.35616737E+000  0.58990507E+000
  0.19135163E+000  0.27961710E+000  0.35618934E+000  0.58995434E+000
  0.19134564E+000  0.27962086E+000  0.35621224E+000  0.59000679E+000
  0.19134170E+000  0.27962613E+000  0.35623860E+000  0.59005977E+000
  0.19133988E+000  0.27963292E+000  0.35626713E+000  0.59011443E+000
  0.19134024E+000  0.27964126E+000  0.35629783E+000  0.59017063E+000
  0.19134283E+000  0.27965115E+000  0.35633065E+000  0.59022825E+000
  0.19134769E+000  0.27966260E+000  0.35636555E+000  0.59028712E+000
  0.19135486E+000  0.27967559E+000  0.35640247E+000  0.59034710E+000
  0.19136433E+000  0.27969011E+000  0.35639999E+000  0.59044941E+000
  0.19137605E+000  0.27912351E+000  0.35718314E+000  0.59051111E+000
  0.19139010E+000  0.27972363E+000  0.35648298E+000  0.59057342E+000
  0.19140640E+000  0.27916585E+000  0.35726179E+000  0.59063616E+000
  0.19142489E+000  0.27918914E+000  0.35730316E+000  0.59069916E+000
  0.19142887E+000  0.27923026E+000  0.35734572E+000  0.59076233E+000
  0.19145151E+000  0.27925603E+000  0.35738930E+000  0.59082535E+000
  0.19147607E+000  0.27926803E+000  0.35744858E+000  0.59088814E+000
  0.19150244E+000  0.27985703E+000  0.35677824E+000  0.59095053E+000
  0.19153049E+000  0.27932434E+000  0.35753946E+000  0.59101238E+000
  0.19156009E+000  0.27935355E+000  0.35758556E+000  0.59107354E+000
  0.19159110E+000  0.27938329E+000  0.35762999E+000  0.59113578E+000
  0.19162303E+000  0.27941376E+000  0.35767637E+000  0.59119517E+000
  0.19165640E+000  0.27944414E+000  0.35772266E+000  0.59125351E+000
  0.19169072E+000  0.27947465E+000  0.35776870E+000  0.59131069E+000
  0.19172583E+000  0.27950516E+000  0.35781436E+000  0.59136661E+000
  0.19175572E+000  0.27954141E+000  0.35785943E+000  0.59142128E+000
  0.19179195E+000  0.27957158E+000  0.35790392E+000  0.59147448E+000
  0.19182851E+000  0.27960143E+000  0.35794765E+000  0.59152622E+000
  0.19186525E+000  0.27963086E+000  0.35799051E+000  0.59157645E+000
  0.19190203E+000  0.27965979E+000  0.35803238E+000  0.59162514E+000
  0.19193871E+000  0.27968812E+000  0.35807319E+000  0.59167224E+000
  0.19197517E+000  0.27971580E+000  0.35811283E+000  0.59171774E+000
  0.19201127E+000  0.27967177E+000  0.35822225E+000  0.59176159E+000
  0.19204690E+000  0.27969794E+000  0.35825941E+000  0.59180378E+000
  0.19208154E+000  0.27972369E+000  0.35943432E+000  0.58995847E+000
  0.19211590E+000  0.27974818E+000  0.35946527E+000  0.59000311E+000
  0.19214948E+000  0.27977177E+000  0.35836261E+000  0.59192044E+000
  0.19214651E+000  0.27983012E+000  0.35839411E+000  0.59195602E+000
  0.19217824E+000  0.27985186E+000  0.35842410E+000  0.59198994E+000
  0.19220896E+000  0.27987261E+000  0.35845255E+000  0.59202220E+000
  0.19223857E+000  0.27989238E+000  0.35847945E+000  0.59205281E+000
  0.19226703E+000  0.27991114E+000  0.35850478E+000  0.59208178E+000
  0.19229429E+000  0.27992890E+000  0.35852855E+000  0.59210915E+000
  0.19232030E+000  0.27994566E+000  0.35855076E+000  0.59213492E+000
  0.19234505E+000  0.27996142E+000  0.35857144E+000  0.59215916E+000
  0.19236851E+000  0.27997621E+000  0.35859062E+000  0.59218188E+000
  0.21951352E+000  0.24919876E+000  0.35860832E+000  0.59220313E+000
  0.21953608E+000  0.24921134E+000  0.35862460E+000  0.59222296E+000
  0.21955724E+000  0.24922300E+000  0.35863954E+000  0.59224141E+000
  0.21957702E+000  0.24923386E+000  0.35865311E+000  0.59225855E+000
  0.19246243E+000  0.28004026E+000  0.35866540E+000  0.59227441E+000
  0.19247830E+000  0.28004967E+000  0.35867648E+000  0.59228906E+000
  0.19249299E+000  0.28005830E+000  0.35868641E+000  0.59230256E+000
  0.19250654E+000  0.28006619E+000  0.35869526E+000  0.59231496E+000
  0.19251901E+000  0.28007337E+000  0.35870310E+000  0.59232632E+000
  0.19253043E+000  0.28007988E+000  0.35870999E+000  0.59233670E+000
  0.19254086E+000  0.28008576E+000  0.35871600E+000  0.59234615E+000
  0.19255036E+000  0.28009106E+000  0.35872121E+000  0.59235473E+000
  0.19255897E+000  0.28009580E+000  0.35872566E+000  0.59236251E+000
  0.19256675E+000  0.28010004E+000  0.35872869E+000  0.59237027E+000
  0.19257376E+000  0.28010380E+000  0.35873185E+000  0.59237657E+000
  0.19258004E+000  0.28010712E+000  0.35873445E+000  0.59238222E+000
  0.19258566E+000  0.28011003E+000  0.35873654E+000  0.59238726E+000
  0.21972760E+000  0.24932021E+000  0.35873818E+000  0.59239173E+000
  0.21973228E+000  0.24932250E+000  0.35873942E+000  0.59239569E+000
  0.21973639E+000  0.24932448E+000  0.35874030E+000  0.59239917E+000
  0.21973999E+000  0.24932618E+000  0.35874087E+000  0.59240221E+000
  0.21974313E+000  0.24932763E+000  0.35874116E+000  0.59240486E+000
  0.21974584E+000  0.24932884E+000  0.35874122E+000  0.59240715E+000
  0.21974819E+000  0.24932984E+000  0.35874107E+000  0.59240911E+000
  0.21975023E+000  0.24933065E+000  0.35874075E+000  0.59241077E+000
  0.21975198E+000  0.24933128E+000  0.35874028E+000  0.59241217E+000
  0.21975346E+000  0.24933177E+000  0.35873969E+000  0.59241333E+000
  0.21975470E+000  0.24933211E+000  0.35873900E+000  0.59241428E+000
  0.21975573E+000  0.24933233E+000  0.35873823E+000  0.59241504E+000
  0.21975657E+000  0.24933244E+000  0.35873740E+000  0.59241564E+000
  0.21975724E+000  0.24933245E+000  0.35873652E+000  0.59241609E+000
  0.21975776E+000  0.24933238E+000  0.35873560E+000  0.59241642E+000
  0.21975814E+000  0.24933223E+000  0.35873466E+000  0.59241663E+000
  0.21975841E+000  0.24933202E+000  0.35873371E+000  0.59241675E+000
  0.21975858E+000  0.24933175E+000  0.35873275E+000  0.59241679E+000
  0.21975866E+000  0.24933143E+000  0.35873180E+000  0.59241677E+000
  0.21975866E+000  0.24933107E+000  0.35873085E+000  0.59241668E+000
  0.21975860E+000  0.24933068E+000  0.35872992E+000  0.59241655E+000
  0.21975848E+000  0.24933026E+000  0.35872901E+000  0.59241638E+000
  0.21975832E+000  0.24932981E+000  0.35872812E+000  0.59241618E+000
  0.21975813E+000  0.24932934E+000  0.35872725E+000  0.59241596E+000
  0.21975790E+000  0.24932886E+000  0.35872641E+000  0.59241572E+000
  0.21975764E+000  0.24932837E+000  0.35872560E+000  0.59241546E+000
  0.21975737E+000  0.24932787E+000  0.35872482E+000  0.59241519E+000
  0.21975708E+000  0.24932736E+000  0.35872406E+000  0.59241492E+000
  0.21975678E+000  0.24932686E+000  0.35872333E+000  0.59241465E+000
  0.21975648E+000  0.24932635E+000  0.35872264E+000  0.59241438E+000
  0.21975616E+000  0.24932584E+000  0.35872197E+000  0.59241410E+000
  0.21975585E+000  0.24932534E+000  0.35872133E+000  0.59241384E+000
  0.21975553E+000  0.24932484E+000  0.35872072E+000  0.59241357E+000
  0.21975522E+000  0.24932435E+000  0.35872013E+000  0.59241331E+000
  0.21975491E+000  0.24932386E+000  0.35871957E+000  0.59241306E+000
  0.21975460E+000  0.24932339E+000  0.35871904E+000  0.59241281E+000
  0.21975430E+000  0.24932292E+000  0.35871853E+000  0.59241257E+000
  0.21975400E+000  0.24932246E+000  0.35871804E+000  0.59241234E+000
  0.21975371E+000  0.24932201E+000  0.35871758E+000  0.59241212E+000
  0.21975342E+000  0.24932157E+000  0.35871713E+000  0.59241190E+000
  0.21975314E+000  0.24932115E+000  0.35871671E+000  0.59241170E+000
  0.21975287E+000  0.24932073E+000  0.35871631E+000  0.59241149E+000
  0.21975261E+000  0.24932032E+000  0.35871592E+000  0.59241130E+000
  0.21975235E+000  0.24931993E+000  0.35871556E+000  0.59241112E+000
  0.21975210E+000  0.24931955E+000  0.35871521E+000  0.59241094E+000
  0.21975186E+000  0.24931918E+000  0.35871488E+000  0.59241076E+000
  0.21975162E+000  0.24931882E+000  0.35871456E+000  0.59241060E+000
  0.21975139E+000  0.24931847E+000  0.35871426E+000  0.59241044E+000
  0.21975117E+000  0.24931814E+000  0.35871397E+000  0.59241029E+000
  0.21975096E+000  0.24931781E+000  0.35871369E+000  0.59241014E+000
  0.21975075E+000  0.24931750E+000  0.35871343E+000  0.59241001E+000
  0.21975056E+000  0.24931720E+000  0.35871318E+000  0.59240987E+000
  0.21975036E+000  0.24931690E+000  0.35871294E+000  0.59240974E+000
  0.21975018E+000  0.24931662E+000  0.35871271E+000  0.59240962E+000
  0.21975000E+000  0.24931635E+000  0.35871250E+000  0.59240951E+000
  0.21974983E+000  0.24931609E+000  0.35871229E+000  0.59240939E+000
  0.21974967E+000  0.24931584E+000  0.35871209E+000  0.59240929E+000
  0.21974951E+000  0.24931560E+000  0.35871191E+000  0.59240919E+000
  0.21974936E+000  0.24931537E+000  0.35871173E+000  0.59240909E+000
  0.21974922E+000  0.24931515E+000  0.35871156E+000  0.59240900E+000
  0.21974908E+000  0.24931494E+000  0.35871139E+000  0.59240891E+000
  0.21974894E+000  0.24931473E+000  0.35871124E+000  0.59240882E+000
  0.21974882E+000  0.24931454E+000  0.35871109E+000  0.59240874E+000
  0.21974870E+000  0.24931435E+000  0.35871095E+000  0.59240867E+000
  0.21974858E+000  0.24931417E+000  0.35871081E+000  0.59240860E+000
  0.21974847E+000  0.24931400E+000  0.35871069E+000  0.59240853E+000
  0.21974836E+000  0.24931384E+000  0.35871056E+000  0.59240846E+000
  0.21974826E+000  0.24931368E+000  0.35871045E+000  0.59240840E+000
  0.21974816E+000  0.24931353E+000  0.35871034E+000  0.59240834E+000
  0.21974807E+000  0.24931339E+000  0.35871023E+000  0.59240828E+000
  0.21974798E+000  0.24931325E+000  0.35871013E+000  0.59240823E+000
  0.21974790E+000  0.24931312E+000  0.35871004E+000  0.59240818E+000
  0.21974782E+000  0.24931299E+000  0.35870994E+000  0.59240813E+000
  0.21974774E+000  0.24931287E+000  0.35870986E+000  0.59240808E+000
  0.21974767E+000  0.24931276E+000  0.35870977E+000  0.59240804E+000
  0.21974760E+000  0.24931265E+000  0.35870970E+000  0.59240800E+000
  0.21974754E+000  0.24931255E+000  0.35870962E+000  0.59240796E+000
  0.21974748E+000  0.24931245E+000  0.35870955E+000  0.59240792E+000
  0.21974742E+000  0.24931236E+000  0.35870948E+000  0.59240789E+000
  0.21974736E+000  0.24931227E+000  0.35870942E+000  0.59240785E+000
  0.21974731E+000  0.24931218E+000  0.35870935E+000  0.59240782E+000
  0.21974726E+000  0.24931210E+000  0.35870930E+000  0.59240779E+000
  0.21974721E+000  0.24931202E+000  0.35870924E+000  0.59240776E+000
  0.21974717E+000  0.24931195E+000  0.35870919E+000  0.59240774E+000
  0.21974712E+000  0.24931188E+000  0.35870914E+000  0.59240771E+000
  0.21974708E+000  0.24931181E+000  0.35870909E+000  0.59240769E+000
  0.21974704E+000  0.24931175E+000  0.35870904E+000  0.59240767E+000
  0.21974701E+000  0.24931169E+000  0.35870900E+000  0.59240765E+000
  0.21974697E+000  0.24931163E+000  0.35870896E+000  0.59240763E+000
  0.21974694E+000  0.24931158E+000  0.35870892E+000  0.59240761E+000
  0.21974691E+000  0.24931152E+000  0.35870888E+000  0.59240759E+000
  0.21974688E+000  0.24931147E+000  0.35870884E+000  0.59240757E+000
  0.21974685E+000  0.24931143E+000  0.35870881E+000  0.59240756E+000
  0.21974683E+000  0.24931138E+000  0.35870878E+000  0.59240754E+000
  0.21974680E+000  0.24931134E+000  0.35870874E+000  0.59240753E+000
  0.21974678E+000  0.24931130E+000  0.35870872E+000  0.59240751E+000
  0.21974676E+000  0.24931126E+000  0.35870869E+000  0.59240750E+000
  0.21974674E+000  0.24931122E+000  0.35870866E+000  0.59240749E+000
  0.21974672E+000  0.24931119E+000  0.35870863E+000  0.59240748E+000
  0.21974670E+000  0.24931116E+000  0.35870861E+000  0.59240747E+000
  0.21974669E+000  0.24931113E+000  0.35870859E+000  0.59240746E+000
  0.21974667E+000  0.24931110E+000  0.35870856E+000  0.59240745E+000
  0.21974666E+000  0.24931107E+000  0.35870854E+000  0.59240744E+000
  0.21974664E+000  0.24931104E+000  0.35870852E+000  0.59240743E+000
  0.21974663E+000  0.24931101E+000  0.35870850E+000  0.59240742E+000
  0.21974662E+000  0.24931099E+000  0.35870848E+000  0.59240741E+000
  0.21974661E+000  0.24931097E+000  0.35870846E+000  0.59240741E+000
  0.21974660E+000  0.24931094E+000  0.35870845E+000  0.59240740E+000
  0.21974660E+000  0.24931092E+000  0.35870843E+000  0.59240739E+000
  0.21974660E+000  0.24931090E+000  0.35870841E+000  0.59240738E+000
