  0.30131895E+000
  0.30095070E+000
  0.30065440E+000
  0.30041830E+000
  0.30023259E+000
  0.30008895E+000
  0.29998036E+000
  0.29990089E+000
  0.29984552E+000
  0.29981004E+000
  0.29979093E+000
  0.29978522E+000
  0.29979046E+000
  0.29980457E+000
  0.29982584E+000
  0.29985282E+000
  0.29988433E+000
  0.29991937E+000
  0.29995711E+000
  0.29999686E+000
  0.30003806E+000
  0.30008022E+000
  0.30012294E+000
  0.30016590E+000
  0.30020883E+000
  0.30025148E+000
  0.30029367E+000
  0.30033524E+000
  0.30037607E+000
  0.30041603E+000
  0.30045504E+000
  0.30049304E+000
  0.30052997E+000
  0.30056578E+000
  0.30060045E+000
  0.30063396E+000
  0.30066630E+000
  0.30069747E+000
  0.30072748E+000
  0.30075634E+000
  0.30078408E+000
  0.30081072E+000
  0.30083629E+000
  0.30086082E+000
  0.30088435E+000
  0.30090691E+000
  0.30092855E+000
  0.30094929E+000
  0.30096919E+000
  0.30098826E+000
  0.30100655E+000
  0.30102408E+000
  0.30104089E+000
  0.30105701E+000
  0.30107244E+000
  0.30108723E+000
  0.30110138E+000
  0.30111491E+000
  0.30112784E+000
  0.30114019E+000
  0.30115195E+000
  0.30116315E+000
  0.30117380E+000
  0.30118390E+000
  0.30119347E+000
  0.30120251E+000
  0.30121105E+000
  0.30121909E+000
  0.30122664E+000
  0.30123373E+000
  0.30124036E+000
  0.30124656E+000
  0.30125234E+000
  0.30125772E+000
  0.30126272E+000
  0.30126736E+000
  0.30127166E+000
  0.30127564E+000
  0.30127933E+000
  0.30128273E+000
  0.30128587E+000
  0.30128878E+000
  0.30129146E+000
  0.30129393E+000
  0.30129622E+000
  0.30129834E+000
  0.30130029E+000
  0.30130211E+000
  0.30130378E+000
  0.30130534E+000
  0.30130679E+000
  0.30130814E+000
  0.30130940E+000
  0.30131058E+000
  0.30131167E+000
  0.30131270E+000
  0.30131367E+000
  0.30131458E+000
  0.30131543E+000
  0.30131624E+000
  0.30131700E+000
  0.30131772E+000
  0.30131840E+000
  0.30131904E+000
  0.30131964E+000
  0.30132021E+000
  0.30132073E+000
  0.30132121E+000
  0.30132164E+000
  0.30132201E+000
  0.30132232E+000
  0.30132254E+000
  0.30132268E+000
  0.30132271E+000
  0.30132262E+000
  0.30132239E+000
  0.30132201E+000
  0.30132145E+000
  0.30132071E+000
  0.30131976E+000
  0.30131861E+000
  0.30131723E+000
  0.30131564E+000
  0.30131382E+000
  0.30131181E+000
  0.30130959E+000
  0.30130721E+000
  0.30130468E+000
  0.30130204E+000
  0.30129931E+000
  0.30129656E+000
  0.30129380E+000
  0.30129110E+000
  0.30128850E+000
  0.30128604E+000
  0.30128377E+000
  0.30128173E+000
  0.30127996E+000
  0.30127850E+000
  0.30127737E+000
  0.30127659E+000
  0.30127620E+000
  0.30127620E+000
  0.30127660E+000
  0.30127740E+000
  0.30127859E+000
  0.30128017E+000
  0.30128213E+000
  0.30128444E+000
  0.30128708E+000
  0.30129004E+000
  0.30129327E+000
  0.30129675E+000
  0.30130045E+000
  0.30130433E+000
  0.30130836E+000
  0.30131251E+000
  0.30131674E+000
  0.30132101E+000
  0.30132528E+000
  0.30132954E+000
  0.30133373E+000
  0.30133783E+000
  0.30134180E+000
  0.30134561E+000
  0.30134924E+000
  0.30135265E+000
  0.30135581E+000
  0.30135870E+000
  0.30136130E+000
  0.30136358E+000
  0.30136551E+000
  0.30136709E+000
  0.30136829E+000
  0.30136909E+000
  0.30136950E+000
  0.30136950E+000
  0.30136907E+000
  0.30136823E+000
  0.30136697E+000
  0.30136530E+000
  0.30136322E+000
  0.30136074E+000
  0.30135788E+000
  0.30135466E+000
  0.30135111E+000
  0.30134724E+000
  0.30134308E+000
  0.30133867E+000
  0.30133405E+000
  0.30132924E+000
  0.30132428E+000
  0.30131922E+000
  0.30131409E+000
  0.30130892E+000
  0.30130372E+000
  0.30129847E+000
  0.30129317E+000
  0.30128779E+000
  0.30128346E+000
