  0.19621288E+001
  0.19688953E+001
  0.19682340E+001
  0.19676614E+001
  0.19671300E+001
  0.19666530E+001
  0.19662313E+001
  0.19658526E+001
  0.19655197E+001
  0.19652287E+001
  0.19649745E+001
  0.19647527E+001
  0.19645595E+001
  0.19643913E+001
  0.19642443E+001
  0.19641161E+001
  0.19640036E+001
  0.19639033E+001
  0.19638153E+001
  0.19637380E+001
  0.19636698E+001
  0.19636093E+001
  0.19635555E+001
  0.19635071E+001
  0.19634636E+001
  0.19634239E+001
  0.19633875E+001
  0.19633536E+001
  0.19633220E+001
  0.19632919E+001
  0.19632631E+001
  0.19632352E+001
  0.19632078E+001
  0.19631807E+001
  0.19631538E+001
  0.19631266E+001
  0.19630991E+001
  0.19630712E+001
  0.19630426E+001
  0.19630134E+001
  0.19629835E+001
  0.19629527E+001
  0.19629211E+001
  0.19628887E+001
  0.19628555E+001
  0.19628214E+001
  0.19627866E+001
  0.19627511E+001
  0.19627149E+001
  0.19626781E+001
  0.19626408E+001
  0.19626030E+001
  0.19625650E+001
  0.19625267E+001
  0.19624882E+001
  0.19624497E+001
  0.19624113E+001
  0.19623731E+001
  0.19623351E+001
  0.19622975E+001
  0.19622605E+001
  0.19622240E+001
  0.19621882E+001
  0.19621532E+001
  0.19621191E+001
  0.19620859E+001
  0.19620538E+001
  0.19620227E+001
  0.19619928E+001
  0.19619641E+001
  0.19619366E+001
  0.19619103E+001
  0.19618852E+001
  0.19618614E+001
  0.19618388E+001
  0.19618173E+001
  0.19617971E+001
  0.19617780E+001
  0.19617600E+001
  0.19617429E+001
  0.19617269E+001
  0.19617118E+001
  0.19616976E+001
  0.19616842E+001
  0.19616716E+001
  0.19616597E+001
  0.19616485E+001
  0.19616379E+001
  0.19616279E+001
  0.19616185E+001
  0.19616095E+001
  0.19616010E+001
  0.19615929E+001
  0.19615852E+001
  0.19615779E+001
  0.19615709E+001
  0.19615642E+001
  0.19615578E+001
  0.19615516E+001
  0.19615457E+001
  0.19615400E+001
  0.19615345E+001
  0.19615292E+001
  0.19615240E+001
  0.19615189E+001
  0.19615140E+001
  0.19615092E+001
  0.19615044E+001
  0.19614998E+001
  0.19614952E+001
  0.19614907E+001
  0.19614863E+001
  0.19614818E+001
  0.19614774E+001
  0.19614731E+001
  0.19614688E+001
  0.19614645E+001
  0.19614602E+001
  0.19614560E+001
  0.19614517E+001
  0.19614475E+001
  0.19614433E+001
  0.19614391E+001
  0.19614350E+001
  0.19614309E+001
  0.19614268E+001
  0.19614227E+001
  0.19614187E+001
  0.19614147E+001
  0.19614107E+001
  0.19614068E+001
  0.19614029E+001
  0.19613990E+001
  0.19613952E+001
  0.19613914E+001
  0.19613878E+001
  0.19613841E+001
  0.19613805E+001
  0.19613770E+001
  0.19613735E+001
  0.19613701E+001
  0.19613667E+001
  0.19613634E+001
  0.19613602E+001
  0.19613571E+001
  0.19613540E+001
  0.19613510E+001
  0.19613481E+001
  0.19613452E+001
  0.19613424E+001
  0.19613397E+001
  0.19613370E+001
  0.19613344E+001
  0.19613319E+001
  0.19613294E+001
  0.19613271E+001
  0.19613248E+001
  0.19613225E+001
  0.19613204E+001
  0.19613183E+001
  0.19613163E+001
  0.19613143E+001
  0.19613124E+001
  0.19613106E+001
  0.19613088E+001
  0.19613072E+001
  0.19613055E+001
  0.19613040E+001
  0.19613025E+001
  0.19613010E+001
  0.19612996E+001
  0.19612983E+001
  0.19612970E+001
  0.19612958E+001
  0.19612946E+001
  0.19612935E+001
  0.19612924E+001
  0.19612914E+001
  0.19612905E+001
  0.19612895E+001
  0.19612887E+001
  0.19612878E+001
  0.19612870E+001
  0.19612863E+001
  0.19612856E+001
  0.19612849E+001
  0.19612842E+001
  0.19612836E+001
  0.19612831E+001
  0.19612825E+001
  0.19612820E+001
  0.19612815E+001
  0.19612811E+001
  0.19612806E+001
  0.19612802E+001
  0.19612798E+001
  0.19612795E+001
  0.19612792E+001
  0.19612788E+001
  0.19612786E+001
