 -0.32983999E+000
 -0.33059539E+000
 -0.33080623E+000
 -0.33095670E+000
 -0.33107641E+000
 -0.33117386E+000
 -0.33125333E+000
 -0.33131786E+000
 -0.33137011E+000
 -0.33141224E+000
 -0.33144594E+000
 -0.33147265E+000
 -0.33149350E+000
 -0.33150949E+000
 -0.33152137E+000
 -0.33152982E+000
 -0.33153539E+000
 -0.33153850E+000
 -0.33153955E+000
 -0.33153885E+000
 -0.33153666E+000
 -0.33153320E+000
 -0.33152865E+000
 -0.33152318E+000
 -0.33151689E+000
 -0.33150992E+000
 -0.33150234E+000
 -0.33149423E+000
 -0.33148567E+000
 -0.33147669E+000
 -0.33146734E+000
 -0.33145768E+000
 -0.33144771E+000
 -0.33143748E+000
 -0.33142701E+000
 -0.33141632E+000
 -0.33140541E+000
 -0.33139432E+000
 -0.33138305E+000
 -0.33137162E+000
 -0.33136004E+000
 -0.33134832E+000
 -0.33133647E+000
 -0.33132451E+000
 -0.33131244E+000
 -0.33130029E+000
 -0.33128807E+000
 -0.33127578E+000
 -0.33126345E+000
 -0.33125109E+000
 -0.33123871E+000
 -0.33122634E+000
 -0.33121399E+000
 -0.33120167E+000
 -0.33118941E+000
 -0.33117722E+000
 -0.33116512E+000
 -0.33115312E+000
 -0.33114125E+000
 -0.33112951E+000
 -0.33111792E+000
 -0.33110650E+000
 -0.33109525E+000
 -0.33108420E+000
 -0.33107334E+000
 -0.33106270E+000
 -0.33105226E+000
 -0.33104206E+000
 -0.33103208E+000
 -0.33102233E+000
 -0.33101282E+000
 -0.33100354E+000
 -0.33099449E+000
 -0.33098567E+000
 -0.33097708E+000
 -0.33096872E+000
 -0.33096058E+000
 -0.33095265E+000
 -0.33094492E+000
 -0.33093740E+000
 -0.33093007E+000
 -0.33092293E+000
 -0.33091597E+000
 -0.33090919E+000
 -0.33090257E+000
 -0.33089610E+000
 -0.33088979E+000
 -0.33088363E+000
 -0.33087760E+000
 -0.33087170E+000
 -0.33086594E+000
 -0.33086029E+000
 -0.33085476E+000
 -0.33084933E+000
 -0.33084402E+000
 -0.33083881E+000
 -0.33083369E+000
 -0.33082867E+000
 -0.33082373E+000
 -0.33081889E+000
 -0.33081412E+000
 -0.33080943E+000
 -0.33080483E+000
 -0.33080029E+000
 -0.33079583E+000
 -0.33079143E+000
 -0.33078710E+000
 -0.33078284E+000
 -0.33077865E+000
 -0.33077451E+000
 -0.33077043E+000
 -0.33076642E+000
 -0.33076246E+000
 -0.33075856E+000
 -0.33075472E+000
 -0.33075093E+000
 -0.33074720E+000
 -0.33074352E+000
 -0.33073990E+000
 -0.33073633E+000
 -0.33073282E+000
 -0.33072936E+000
 -0.33072595E+000
 -0.33072260E+000
 -0.33071930E+000
 -0.33071606E+000
 -0.33071287E+000
 -0.33070974E+000
 -0.33070665E+000
 -0.33070363E+000
 -0.33070066E+000
 -0.33069774E+000
 -0.33069487E+000
 -0.33069207E+000
 -0.33068931E+000
 -0.33068662E+000
 -0.33068397E+000
 -0.33068139E+000
 -0.33067886E+000
 -0.33067638E+000
 -0.33067396E+000
 -0.33067159E+000
 -0.33066928E+000
 -0.33066702E+000
 -0.33066483E+000
 -0.33066268E+000
 -0.33066058E+000
 -0.33065855E+000
 -0.33065656E+000
 -0.33065463E+000
 -0.33065275E+000
 -0.33065092E+000
 -0.33064915E+000
 -0.33064742E+000
 -0.33064575E+000
 -0.33064413E+000
 -0.33064255E+000
 -0.33064103E+000
 -0.33063955E+000
 -0.33063812E+000
 -0.33063674E+000
 -0.33063541E+000
 -0.33063411E+000
 -0.33063287E+000
 -0.33063166E+000
 -0.33063051E+000
 -0.33062939E+000
 -0.33062831E+000
 -0.33062727E+000
 -0.33062627E+000
 -0.33062532E+000
 -0.33062440E+000
 -0.33062351E+000
 -0.33062266E+000
 -0.33062185E+000
 -0.33062107E+000
 -0.33062032E+000
 -0.33061960E+000
 -0.33061892E+000
 -0.33061826E+000
 -0.33061764E+000
 -0.33061704E+000
 -0.33061648E+000
 -0.33061593E+000
 -0.33061541E+000
 -0.33061493E+000
 -0.33061445E+000
 -0.33061401E+000
 -0.33061359E+000
 -0.33061319E+000
 -0.33061281E+000
 -0.33061245E+000
 -0.33061210E+000
 -0.33061178E+000
 -0.33061148E+000
 -0.33061119E+000
 -0.33061092E+000
 -0.33061066E+000
 -0.33061043E+000
 -0.33061019E+000
