  0.94473578E+000
  0.94482362E+000
  0.94482700E+000
  0.94481762E+000
  0.94480736E+000
  0.94479815E+000
  0.94479023E+000
  0.94478343E+000
  0.94477759E+000
  0.94477258E+000
  0.94476826E+000
  0.94476461E+000
  0.94476160E+000
  0.94475919E+000
  0.94475736E+000
  0.94475610E+000
  0.94475538E+000
  0.94475520E+000
  0.94475552E+000
  0.94475633E+000
  0.94475759E+000
  0.94475929E+000
  0.94476140E+000
  0.94476388E+000
  0.94476671E+000
  0.94476986E+000
  0.94477328E+000
  0.94477696E+000
  0.94478086E+000
  0.94478494E+000
  0.94478918E+000
  0.94479355E+000
  0.94479802E+000
  0.94480256E+000
  0.94480715E+000
  0.94481178E+000
  0.94481642E+000
  0.94482106E+000
  0.94482569E+000
  0.94483029E+000
  0.94483486E+000
  0.94483939E+000
  0.94484388E+000
  0.94484832E+000
  0.94485271E+000
  0.94485706E+000
  0.94486135E+000
  0.94486560E+000
  0.94486980E+000
  0.94487395E+000
  0.94487805E+000
  0.94488210E+000
  0.94488609E+000
  0.94489003E+000
  0.94489391E+000
  0.94489772E+000
  0.94490147E+000
  0.94490514E+000
  0.94490873E+000
  0.94491224E+000
  0.94491566E+000
  0.94491899E+000
  0.94492222E+000
  0.94492535E+000
  0.94492838E+000
  0.94493129E+000
  0.94493410E+000
  0.94493679E+000
  0.94493936E+000
  0.94494182E+000
  0.94494417E+000
  0.94494640E+000
  0.94494852E+000
  0.94495053E+000
  0.94495242E+000
  0.94495421E+000
  0.94495589E+000
  0.94495747E+000
  0.94495895E+000
  0.94496034E+000
  0.94496163E+000
  0.94496283E+000
  0.94496396E+000
  0.94496500E+000
  0.94496596E+000
  0.94496685E+000
  0.94496768E+000
  0.94496844E+000
  0.94496914E+000
  0.94496979E+000
  0.94497038E+000
  0.94497092E+000
  0.94497142E+000
  0.94497188E+000
  0.94497230E+000
  0.94497269E+000
  0.94497304E+000
  0.94497337E+000
  0.94497367E+000
  0.94497394E+000
  0.94497420E+000
  0.94497443E+000
  0.94497465E+000
  0.94497485E+000
  0.94497504E+000
  0.94497521E+000
  0.94497538E+000
  0.94497554E+000
  0.94497568E+000
  0.94497582E+000
  0.94497596E+000
  0.94497608E+000
  0.94497621E+000
  0.94497633E+000
  0.94497644E+000
  0.94497655E+000
  0.94497666E+000
  0.94497677E+000
  0.94497688E+000
  0.94497698E+000
  0.94497709E+000
  0.94497719E+000
  0.94497729E+000
  0.94497739E+000
  0.94497749E+000
  0.94497759E+000
  0.94497768E+000
  0.94497778E+000
  0.94497788E+000
  0.94497797E+000
  0.94497807E+000
  0.94497816E+000
  0.94497826E+000
  0.94497835E+000
  0.94497845E+000
  0.94497854E+000
  0.94497863E+000
  0.94497872E+000
  0.94497881E+000
  0.94497890E+000
  0.94497899E+000
  0.94497908E+000
  0.94497917E+000
  0.94497925E+000
  0.94497934E+000
  0.94497942E+000
  0.94497950E+000
  0.94497958E+000
  0.94497966E+000
  0.94497974E+000
  0.94497982E+000
  0.94497989E+000
  0.94497997E+000
  0.94498004E+000
  0.94498011E+000
  0.94498019E+000
  0.94498025E+000
  0.94498032E+000
  0.94498039E+000
  0.94498045E+000
  0.94498052E+000
  0.94498058E+000
  0.94498064E+000
  0.94498070E+000
  0.94498075E+000
  0.94498081E+000
  0.94498086E+000
  0.94498092E+000
  0.94498097E+000
  0.94498102E+000
  0.94498107E+000
  0.94498112E+000
  0.94498116E+000
  0.94498121E+000
  0.94498125E+000
  0.94498129E+000
  0.94498133E+000
  0.94498137E+000
  0.94498141E+000
  0.94498145E+000
  0.94498148E+000
  0.94498152E+000
  0.94498155E+000
  0.94498158E+000
  0.94498161E+000
  0.94498164E+000
  0.94498167E+000
  0.94498170E+000
  0.94498173E+000
  0.94498175E+000
  0.94498178E+000
  0.94498180E+000
  0.94498182E+000
  0.94498185E+000
  0.94498187E+000
  0.94498189E+000
  0.94498191E+000
  0.94498193E+000
  0.94498195E+000
  0.94498198E+000
