  0.80831325E+000
  0.80841222E+000
  0.80843191E+000
  0.80843662E+000
  0.80843766E+000
  0.80843735E+000
  0.80843632E+000
  0.80843484E+000
  0.80843307E+000
  0.80843116E+000
  0.80842922E+000
  0.80842733E+000
  0.80842555E+000
  0.80842393E+000
  0.80842251E+000
  0.80842132E+000
  0.80842038E+000
  0.80841969E+000
  0.80841928E+000
  0.80841913E+000
  0.80841925E+000
  0.80841964E+000
  0.80842027E+000
  0.80842116E+000
  0.80842227E+000
  0.80842359E+000
  0.80842510E+000
  0.80842679E+000
  0.80842864E+000
  0.80843062E+000
  0.80843273E+000
  0.80843494E+000
  0.80843724E+000
  0.80843962E+000
  0.80844205E+000
  0.80844453E+000
  0.80844705E+000
  0.80844959E+000
  0.80845216E+000
  0.80845474E+000
  0.80845734E+000
  0.80845994E+000
  0.80846254E+000
  0.80846515E+000
  0.80846775E+000
  0.80847035E+000
  0.80847296E+000
  0.80847556E+000
  0.80847815E+000
  0.80848074E+000
  0.80848332E+000
  0.80848589E+000
  0.80848845E+000
  0.80849099E+000
  0.80849351E+000
  0.80849601E+000
  0.80849848E+000
  0.80850091E+000
  0.80850331E+000
  0.80850566E+000
  0.80850796E+000
  0.80851021E+000
  0.80851240E+000
  0.80851453E+000
  0.80851660E+000
  0.80851860E+000
  0.80852054E+000
  0.80852240E+000
  0.80852419E+000
  0.80852591E+000
  0.80852755E+000
  0.80852912E+000
  0.80853062E+000
  0.80853204E+000
  0.80853340E+000
  0.80853469E+000
  0.80853591E+000
  0.80853706E+000
  0.80853815E+000
  0.80853918E+000
  0.80854015E+000
  0.80854106E+000
  0.80854193E+000
  0.80854274E+000
  0.80854350E+000
  0.80854422E+000
  0.80854490E+000
  0.80854554E+000
  0.80854614E+000
  0.80854671E+000
  0.80854724E+000
  0.80854775E+000
  0.80854823E+000
  0.80854868E+000
  0.80854912E+000
  0.80854953E+000
  0.80854992E+000
  0.80855029E+000
  0.80855065E+000
  0.80855100E+000
  0.80855133E+000
  0.80855165E+000
  0.80855196E+000
  0.80855226E+000
  0.80855255E+000
  0.80855283E+000
  0.80855311E+000
  0.80855338E+000
  0.80855364E+000
  0.80855390E+000
  0.80855415E+000
  0.80855440E+000
  0.80855464E+000
  0.80855488E+000
  0.80855512E+000
  0.80855535E+000
  0.80855558E+000
  0.80855581E+000
  0.80855603E+000
  0.80855625E+000
  0.80855647E+000
  0.80855668E+000
  0.80855689E+000
  0.80855710E+000
  0.80855730E+000
  0.80855750E+000
  0.80855770E+000
  0.80855790E+000
  0.80855809E+000
  0.80855828E+000
  0.80855847E+000
  0.80855865E+000
  0.80855883E+000
  0.80855901E+000
  0.80855919E+000
  0.80855936E+000
  0.80855953E+000
  0.80855970E+000
  0.80855986E+000
  0.80856002E+000
  0.80856018E+000
  0.80856033E+000
  0.80856048E+000
  0.80856063E+000
  0.80856077E+000
  0.80856091E+000
  0.80856105E+000
  0.80856118E+000
  0.80856132E+000
  0.80856144E+000
  0.80856157E+000
  0.80856169E+000
  0.80856181E+000
  0.80856193E+000
  0.80856204E+000
  0.80856215E+000
  0.80856226E+000
  0.80856237E+000
  0.80856247E+000
  0.80856257E+000
  0.80856266E+000
  0.80856276E+000
  0.80856285E+000
  0.80856294E+000
  0.80856302E+000
  0.80856311E+000
  0.80856319E+000
  0.80856327E+000
  0.80856334E+000
  0.80856341E+000
  0.80856349E+000
  0.80856355E+000
  0.80856362E+000
  0.80856369E+000
  0.80856375E+000
  0.80856381E+000
  0.80856387E+000
  0.80856392E+000
  0.80856398E+000
  0.80856403E+000
  0.80856408E+000
  0.80856413E+000
  0.80856418E+000
  0.80856422E+000
  0.80856427E+000
  0.80856431E+000
  0.80856435E+000
  0.80856439E+000
  0.80856443E+000
  0.80856447E+000
  0.80856450E+000
  0.80856454E+000
  0.80856457E+000
  0.80856460E+000
  0.80856463E+000
  0.80856466E+000
  0.80856469E+000
  0.80856472E+000
  0.80856474E+000
  0.80856478E+000
