  0.13643948E+002
  0.13644671E+002
  0.13645251E+002
  0.13645717E+002
  0.13646092E+002
  0.13646394E+002
  0.13646637E+002
  0.13646833E+002
  0.13646991E+002
  0.13647118E+002
  0.13647221E+002
  0.13647303E+002
  0.13647370E+002
  0.13647424E+002
  0.13647467E+002
  0.13647503E+002
  0.13647532E+002
  0.13647556E+002
  0.13647577E+002
  0.13647594E+002
  0.13647609E+002
  0.13647623E+002
  0.13647636E+002
  0.13647648E+002
  0.13647660E+002
  0.13647671E+002
  0.13647683E+002
  0.13647695E+002
  0.13647708E+002
  0.13647721E+002
  0.13647734E+002
  0.13647748E+002
  0.13647763E+002
  0.13647778E+002
  0.13647794E+002
  0.13647810E+002
  0.13647826E+002
  0.13647843E+002
  0.13647860E+002
  0.13647876E+002
  0.13647893E+002
  0.13647910E+002
  0.13647927E+002
  0.13647944E+002
  0.13647960E+002
  0.13647977E+002
  0.13647992E+002
  0.13648008E+002
  0.13648023E+002
  0.13648037E+002
  0.13648051E+002
  0.13648064E+002
  0.13648077E+002
  0.13648089E+002
  0.13648101E+002
  0.13648111E+002
  0.13648122E+002
  0.13648131E+002
  0.13648140E+002
  0.13648148E+002
  0.13648156E+002
  0.13648163E+002
  0.13648169E+002
  0.13648174E+002
  0.13648179E+002
  0.13648183E+002
  0.13648187E+002
  0.13648189E+002
  0.13648191E+002
  0.13648193E+002
  0.13648194E+002
  0.13648194E+002
  0.13648193E+002
  0.13648192E+002
  0.13648190E+002
  0.13648188E+002
  0.13648185E+002
  0.13648182E+002
  0.13648178E+002
  0.13648173E+002
  0.13648168E+002
  0.13648162E+002
  0.13648156E+002
  0.13648149E+002
  0.13648142E+002
  0.13648134E+002
  0.13648126E+002
  0.13648117E+002
  0.13648107E+002
  0.13648097E+002
  0.13648087E+002
  0.13648076E+002
  0.13648064E+002
  0.13648051E+002
  0.13648038E+002
  0.13648025E+002
  0.13648010E+002
  0.13647995E+002
  0.13647979E+002
  0.13647962E+002
  0.13647944E+002
  0.13647925E+002
  0.13647905E+002
  0.13647884E+002
  0.13647861E+002
  0.13647837E+002
  0.13647812E+002
  0.13647785E+002
  0.13647757E+002
  0.13647726E+002
  0.13647693E+002
  0.13647659E+002
  0.13647621E+002
  0.13647581E+002
  0.13647538E+002
  0.13647492E+002
  0.13647442E+002
  0.13647389E+002
  0.13647332E+002
  0.13647270E+002
  0.13647205E+002
  0.13647134E+002
  0.13647060E+002
  0.13646980E+002
  0.13646896E+002
  0.13646807E+002
  0.13646714E+002
  0.13646616E+002
  0.13646514E+002
  0.13646408E+002
  0.13646298E+002
  0.13646185E+002
  0.13646069E+002
  0.13645951E+002
  0.13645831E+002
  0.13645710E+002
  0.13645588E+002
  0.13645467E+002
  0.13645346E+002
  0.13645226E+002
  0.13645107E+002
  0.13644991E+002
  0.13644878E+002
  0.13644767E+002
  0.13644660E+002
  0.13644557E+002
  0.13644458E+002
  0.13644363E+002
  0.13644273E+002
  0.13644187E+002
  0.13644106E+002
  0.13644029E+002
  0.13643957E+002
  0.13643890E+002
  0.13643828E+002
  0.13643770E+002
  0.13643716E+002
  0.13643667E+002
  0.13643622E+002
  0.13643581E+002
  0.13643543E+002
  0.13643510E+002
  0.13643480E+002
  0.13643454E+002
  0.13643431E+002
  0.13643411E+002
  0.13643394E+002
  0.13643381E+002
  0.13643371E+002
  0.13643363E+002
  0.13643359E+002
  0.13643357E+002
  0.13643358E+002
  0.13643362E+002
  0.13643369E+002
  0.13643378E+002
  0.13643390E+002
  0.13643404E+002
  0.13643420E+002
  0.13643439E+002
  0.13643460E+002
  0.13643483E+002
  0.13643508E+002
  0.13643535E+002
  0.13643563E+002
  0.13643593E+002
  0.13643624E+002
  0.13643657E+002
  0.13643690E+002
  0.13643723E+002
  0.13643757E+002
  0.13643792E+002
  0.13643826E+002
  0.13643860E+002
  0.13643893E+002
  0.13643926E+002
  0.13643957E+002
  0.13643987E+002
  0.13644015E+002
  0.13644041E+002
