  0.43940133E+000
  0.46050762E+000
  0.46073835E+000
  0.45835253E+000
  0.45582852E+000
  0.45354557E+000
  0.45154832E+000
  0.44982101E+000
  0.44833616E+000
  0.44706442E+000
  0.44597858E+000
  0.44505403E+000
  0.44426866E+000
  0.44360290E+000
  0.44303951E+000
  0.44256349E+000
  0.44216178E+000
  0.44182312E+000
  0.44153779E+000
  0.44129745E+000
  0.44109494E+000
  0.44092410E+000
  0.44077968E+000
  0.44065722E+000
  0.44055295E+000
  0.44046368E+000
  0.44038672E+000
  0.44031984E+000
  0.44026113E+000
  0.44020906E+000
  0.44016236E+000
  0.44012004E+000
  0.44008126E+000
  0.44004540E+000
  0.44001194E+000
  0.43998048E+000
  0.43995073E+000
  0.43992247E+000
  0.43989552E+000
  0.43986976E+000
  0.43984510E+000
  0.43982147E+000
  0.43979882E+000
  0.43977710E+000
  0.43975627E+000
  0.43973629E+000
  0.43971713E+000
  0.43969875E+000
  0.43968111E+000
  0.43966417E+000
  0.43964791E+000
  0.43963227E+000
  0.43961724E+000
  0.43960279E+000
  0.43958888E+000
  0.43957550E+000
  0.43956263E+000
  0.43955026E+000
  0.43953839E+000
  0.43952700E+000
  0.43951609E+000
  0.43950566E+000
  0.43949571E+000
  0.43948624E+000
  0.43947725E+000
  0.43946873E+000
  0.43946069E+000
  0.43945312E+000
  0.43944601E+000
  0.43943937E+000
  0.43943318E+000
  0.43942743E+000
  0.43942211E+000
  0.43941720E+000
  0.43941270E+000
  0.43940858E+000
  0.43940484E+000
  0.43940145E+000
  0.43939839E+000
  0.43939565E+000
  0.43939320E+000
  0.43939104E+000
  0.43938913E+000
  0.43938747E+000
  0.43938604E+000
  0.43938481E+000
  0.43938377E+000
  0.43938290E+000
  0.43938220E+000
  0.43938163E+000
  0.43938120E+000
  0.43938089E+000
  0.43938068E+000
  0.43938056E+000
  0.43938053E+000
  0.43938057E+000
  0.43938068E+000
  0.43938084E+000
  0.43938105E+000
  0.43938130E+000
  0.43938158E+000
  0.43938190E+000
  0.43938224E+000
  0.43938260E+000
  0.43938297E+000
  0.43938336E+000
  0.43938376E+000
  0.43938416E+000
  0.43938457E+000
  0.43938498E+000
  0.43938539E+000
  0.43938580E+000
  0.43938620E+000
  0.43938661E+000
  0.43938700E+000
  0.43938740E+000
  0.43938778E+000
  0.43938816E+000
  0.43938854E+000
  0.43938890E+000
  0.43938926E+000
  0.43938961E+000
  0.43938996E+000
  0.43939029E+000
  0.43939062E+000
  0.43939094E+000
  0.43939126E+000
  0.43939156E+000
  0.43939186E+000
  0.43939215E+000
  0.43939243E+000
  0.43939271E+000
  0.43939298E+000
  0.43939324E+000
  0.43939349E+000
  0.43939374E+000
  0.43939398E+000
  0.43939422E+000
  0.43939445E+000
  0.43939467E+000
  0.43939488E+000
  0.43939509E+000
  0.43939530E+000
  0.43939549E+000
  0.43939569E+000
  0.43939587E+000
  0.43939605E+000
  0.43939623E+000
  0.43939640E+000
  0.43939657E+000
  0.43939673E+000
  0.43939688E+000
  0.43939703E+000
  0.43939718E+000
  0.43939732E+000
  0.43939746E+000
  0.43939760E+000
  0.43939773E+000
  0.43939785E+000
  0.43939797E+000
  0.43939809E+000
  0.43939821E+000
  0.43939832E+000
  0.43939842E+000
  0.43939853E+000
  0.43939863E+000
  0.43939873E+000
  0.43939882E+000
  0.43939891E+000
  0.43939900E+000
  0.43939908E+000
  0.43939917E+000
  0.43939925E+000
  0.43939932E+000
  0.43939940E+000
  0.43939947E+000
  0.43939954E+000
  0.43939960E+000
  0.43939967E+000
  0.43939973E+000
  0.43939979E+000
  0.43939985E+000
  0.43939991E+000
  0.43939996E+000
  0.43940001E+000
  0.43940006E+000
  0.43940011E+000
  0.43940016E+000
  0.43940020E+000
  0.43940024E+000
  0.43940028E+000
  0.43940032E+000
  0.43940036E+000
  0.43940039E+000
  0.43940042E+000
  0.43940045E+000
  0.43940048E+000
  0.43940051E+000
  0.43940055E+000
  0.43940061E+000
