  0.60044295E+000
  0.60042869E+000
  0.60041793E+000
  0.60040978E+000
  0.60040368E+000
  0.60039926E+000
  0.60039623E+000
  0.60039435E+000
  0.60039342E+000
  0.60039329E+000
  0.60039382E+000
  0.60039490E+000
  0.60039645E+000
  0.60039839E+000
  0.60040066E+000
  0.60040321E+000
  0.60040600E+000
  0.60040899E+000
  0.60041217E+000
  0.60041550E+000
  0.60041896E+000
  0.60042255E+000
  0.60042623E+000
  0.60043001E+000
  0.60043387E+000
  0.60043781E+000
  0.60044180E+000
  0.60044586E+000
  0.60044996E+000
  0.60045411E+000
  0.60045830E+000
  0.60046251E+000
  0.60046675E+000
  0.60047100E+000
  0.60047526E+000
  0.60047953E+000
  0.60048378E+000
  0.60048802E+000
  0.60049223E+000
  0.60049641E+000
  0.60050054E+000
  0.60050462E+000
  0.60050863E+000
  0.60051257E+000
  0.60051642E+000
  0.60052017E+000
  0.60052382E+000
  0.60052735E+000
  0.60053075E+000
  0.60053401E+000
  0.60053713E+000
  0.60054009E+000
  0.60054289E+000
  0.60054551E+000
  0.60054795E+000
  0.60055021E+000
  0.60055227E+000
  0.60055414E+000
  0.60055581E+000
  0.60055727E+000
  0.60055853E+000
  0.60055958E+000
  0.60056042E+000
  0.60056106E+000
  0.60056150E+000
  0.60056174E+000
  0.60056178E+000
  0.60056163E+000
  0.60056130E+000
  0.60056079E+000
  0.60056010E+000
  0.60055925E+000
  0.60055825E+000
  0.60055711E+000
  0.60055582E+000
  0.60055441E+000
  0.60055288E+000
  0.60055125E+000
  0.60054952E+000
  0.60054770E+000
  0.60054580E+000
  0.60054383E+000
  0.60054180E+000
  0.60053973E+000
  0.60053761E+000
  0.60053545E+000
  0.60053327E+000
  0.60053107E+000
  0.60052886E+000
  0.60052664E+000
  0.60052441E+000
  0.60052220E+000
  0.60051999E+000
  0.60051779E+000
  0.60051561E+000
  0.60051346E+000
  0.60051133E+000
  0.60050922E+000
  0.60050715E+000
  0.60050511E+000
  0.60050310E+000
  0.60050113E+000
  0.60049919E+000
  0.60049730E+000
  0.60049544E+000
  0.60049363E+000
  0.60049185E+000
  0.60049012E+000
  0.60048843E+000
  0.60048678E+000
  0.60048518E+000
  0.60048362E+000
  0.60048210E+000
  0.60048062E+000
  0.60047919E+000
  0.60047779E+000
  0.60047644E+000
  0.60047513E+000
  0.60047386E+000
  0.60047263E+000
  0.60047144E+000
  0.60047028E+000
  0.60046917E+000
  0.60046809E+000
  0.60046705E+000
  0.60046604E+000
  0.60046507E+000
  0.60046414E+000
  0.60046324E+000
  0.60046237E+000
  0.60046153E+000
  0.60046072E+000
  0.60045995E+000
  0.60045920E+000
  0.60045848E+000
  0.60045779E+000
  0.60045713E+000
  0.60045650E+000
  0.60045589E+000
  0.60045530E+000
  0.60045474E+000
  0.60045420E+000
  0.60045368E+000
  0.60045319E+000
  0.60045272E+000
  0.60045226E+000
  0.60045183E+000
  0.60045141E+000
  0.60045102E+000
  0.60045064E+000
  0.60045028E+000
  0.60044993E+000
  0.60044960E+000
  0.60044928E+000
  0.60044898E+000
  0.60044869E+000
  0.60044842E+000
  0.60044816E+000
  0.60044791E+000
  0.60044767E+000
  0.60044744E+000
  0.60044723E+000
  0.60044702E+000
  0.60044683E+000
  0.60044664E+000
  0.60044646E+000
  0.60044629E+000
  0.60044613E+000
  0.60044598E+000
  0.60044583E+000
  0.60044569E+000
  0.60044556E+000
  0.60044543E+000
  0.60044531E+000
  0.60044520E+000
  0.60044509E+000
  0.60044499E+000
  0.60044489E+000
  0.60044479E+000
  0.60044471E+000
  0.60044462E+000
  0.60044454E+000
  0.60044446E+000
  0.60044439E+000
  0.60044432E+000
  0.60044426E+000
  0.60044419E+000
  0.60044413E+000
  0.60044407E+000
  0.60044402E+000
  0.60044397E+000
  0.60044392E+000
  0.60044387E+000
  0.60044382E+000
  0.60044378E+000
  0.60044373E+000
  0.60044369E+000
  0.60044365E+000
  0.60044361E+000
  0.60044357E+000
