  0.27425832E+000
  0.27488286E+000
  0.27525739E+000
  0.27545438E+000
  0.27553161E+000
  0.27553131E+000
  0.27548339E+000
  0.27540853E+000
  0.27532074E+000
  0.27522921E+000
  0.27513974E+000
  0.27505579E+000
  0.27497920E+000
  0.27491074E+000
  0.27485049E+000
  0.27479811E+000
  0.27475298E+000
  0.27471439E+000
  0.27468155E+000
  0.27465368E+000
  0.27463006E+000
  0.27461000E+000
  0.27459286E+000
  0.27457810E+000
  0.27456523E+000
  0.27455384E+000
  0.27454357E+000
  0.27453415E+000
  0.27452531E+000
  0.27451688E+000
  0.27450871E+000
  0.27450068E+000
  0.27449274E+000
  0.27448483E+000
  0.27447692E+000
  0.27446902E+000
  0.27446113E+000
  0.27445326E+000
  0.27444544E+000
  0.27443769E+000
  0.27443004E+000
  0.27442250E+000
  0.27441511E+000
  0.27440788E+000
  0.27440084E+000
  0.27439399E+000
  0.27438734E+000
  0.27438091E+000
  0.27437469E+000
  0.27436869E+000
  0.27436292E+000
  0.27435736E+000
  0.27435202E+000
  0.27434690E+000
  0.27434199E+000
  0.27433729E+000
  0.27433280E+000
  0.27432851E+000
  0.27432441E+000
  0.27432052E+000
  0.27431681E+000
  0.27431329E+000
  0.27430996E+000
  0.27430680E+000
  0.27430382E+000
  0.27430101E+000
  0.27429837E+000
  0.27429588E+000
  0.27429355E+000
  0.27429136E+000
  0.27428932E+000
  0.27428741E+000
  0.27428564E+000
  0.27428398E+000
  0.27428244E+000
  0.27428102E+000
  0.27427969E+000
  0.27427846E+000
  0.27427732E+000
  0.27427627E+000
  0.27427529E+000
  0.27427439E+000
  0.27427355E+000
  0.27427278E+000
  0.27427206E+000
  0.27427139E+000
  0.27427078E+000
  0.27427020E+000
  0.27426967E+000
  0.27426917E+000
  0.27426870E+000
  0.27426827E+000
  0.27426786E+000
  0.27426748E+000
  0.27426712E+000
  0.27426678E+000
  0.27426646E+000
  0.27426616E+000
  0.27426587E+000
  0.27426559E+000
  0.27426533E+000
  0.27426508E+000
  0.27426484E+000
  0.27426462E+000
  0.27426440E+000
  0.27426418E+000
  0.27426398E+000
  0.27426379E+000
  0.27426360E+000
  0.27426342E+000
  0.27426324E+000
  0.27426307E+000
  0.27426291E+000
  0.27426275E+000
  0.27426259E+000
  0.27426244E+000
  0.27426230E+000
  0.27426216E+000
  0.27426203E+000
  0.27426190E+000
  0.27426177E+000
  0.27426165E+000
  0.27426153E+000
  0.27426142E+000
  0.27426131E+000
  0.27426120E+000
  0.27426110E+000
  0.27426100E+000
  0.27426091E+000
  0.27426082E+000
  0.27426073E+000
  0.27426064E+000
  0.27426056E+000
  0.27426048E+000
  0.27426041E+000
  0.27426033E+000
  0.27426026E+000
  0.27426019E+000
  0.27426013E+000
  0.27426007E+000
  0.27426000E+000
  0.27425995E+000
  0.27425989E+000
  0.27425984E+000
  0.27425978E+000
  0.27425973E+000
  0.27425969E+000
  0.27425964E+000
  0.27425959E+000
  0.27425955E+000
  0.27425951E+000
  0.27425947E+000
  0.27425943E+000
  0.27425939E+000
  0.27425936E+000
  0.27425932E+000
  0.27425929E+000
  0.27425926E+000
  0.27425923E+000
  0.27425920E+000
  0.27425917E+000
  0.27425914E+000
  0.27425911E+000
  0.27425909E+000
  0.27425906E+000
  0.27425904E+000
  0.27425901E+000
  0.27425899E+000
  0.27425897E+000
  0.27425895E+000
  0.27425892E+000
  0.27425890E+000
  0.27425888E+000
  0.27425887E+000
  0.27425885E+000
  0.27425883E+000
  0.27425881E+000
  0.27425879E+000
  0.27425878E+000
  0.27425876E+000
  0.27425875E+000
  0.27425873E+000
  0.27425872E+000
  0.27425870E+000
  0.27425869E+000
  0.27425867E+000
  0.27425866E+000
  0.27425865E+000
  0.27425864E+000
  0.27425862E+000
  0.27425861E+000
  0.27425860E+000
  0.27425858E+000
  0.27425857E+000
  0.27425856E+000
  0.27425854E+000
  0.27425853E+000
  0.27425851E+000
  0.27425849E+000
  0.27425849E+000
