  0.51389584E-006
  0.51414630E-006
  0.51428400E-006
  0.51435864E-006
  0.51439916E-006
  0.51442152E-006
  0.51443402E-006
  0.51444080E-006
  0.51444384E-006
  0.51444404E-006
  0.51444185E-006
  0.51443750E-006
  0.51443117E-006
  0.51442302E-006
  0.51441320E-006
  0.51440190E-006
  0.51438927E-006
  0.51437551E-006
  0.51436078E-006
  0.51434525E-006
  0.51432906E-006
  0.51431236E-006
  0.51429530E-006
  0.51427798E-006
  0.51426053E-006
  0.51424305E-006
  0.51422564E-006
  0.51420838E-006
  0.51419135E-006
  0.51417463E-006
  0.51415829E-006
  0.51414238E-006
  0.51412695E-006
  0.51411205E-006
  0.51409772E-006
  0.51408399E-006
  0.51407088E-006
  0.51405842E-006
  0.51404661E-006
  0.51403547E-006
  0.51402498E-006
  0.51401515E-006
  0.51400596E-006
  0.51399739E-006
  0.51398943E-006
  0.51398204E-006
  0.51397519E-006
  0.51396887E-006
  0.51396302E-006
  0.51395763E-006
  0.51395265E-006
  0.51394806E-006
  0.51394381E-006
  0.51393989E-006
  0.51393626E-006
  0.51393289E-006
  0.51392976E-006
  0.51392684E-006
  0.51392413E-006
  0.51392160E-006
  0.51391923E-006
  0.51391702E-006
  0.51391495E-006
  0.51391302E-006
  0.51391122E-006
  0.51390954E-006
  0.51390797E-006
  0.51390652E-006
  0.51390518E-006
  0.51390394E-006
  0.51390281E-006
  0.51390177E-006
  0.51390082E-006
  0.51389997E-006
  0.51389920E-006
  0.51389852E-006
  0.51389791E-006
  0.51389737E-006
  0.51389690E-006
  0.51389650E-006
  0.51389615E-006
  0.51389586E-006
  0.51389562E-006
  0.51389542E-006
  0.51389526E-006
  0.51389514E-006
  0.51389506E-006
  0.51389500E-006
  0.51389497E-006
  0.51389496E-006
  0.51389497E-006
  0.51389500E-006
  0.51389504E-006
  0.51389510E-006
  0.51389517E-006
  0.51389525E-006
  0.51389533E-006
  0.51389542E-006
  0.51389552E-006
  0.51389562E-006
  0.51389572E-006
  0.51389582E-006
  0.51389593E-006
  0.51389604E-006
  0.51389614E-006
  0.51389625E-006
  0.51389636E-006
  0.51389647E-006
  0.51389657E-006
  0.51389668E-006
  0.51389679E-006
  0.51389689E-006
  0.51389700E-006
  0.51389711E-006
  0.51389721E-006
  0.51389732E-006
  0.51389742E-006
  0.51389753E-006
  0.51389763E-006
  0.51389774E-006
  0.51389785E-006
  0.51389796E-006
  0.51389807E-006
  0.51389818E-006
  0.51389829E-006
  0.51389840E-006
  0.51389851E-006
  0.51389862E-006
  0.51389874E-006
  0.51389885E-006
  0.51389897E-006
  0.51389908E-006
  0.51389920E-006
  0.51389932E-006
  0.51389943E-006
  0.51389954E-006
  0.51389966E-006
  0.51389977E-006
  0.51389988E-006
  0.51389998E-006
  0.51390008E-006
  0.51390018E-006
  0.51390027E-006
  0.51390036E-006
  0.51390044E-006
  0.51390051E-006
  0.51390057E-006
  0.51390063E-006
  0.51390068E-006
  0.51390071E-006
  0.51390074E-006
  0.51390076E-006
  0.51390076E-006
  0.51390076E-006
  0.51390074E-006
  0.51390071E-006
  0.51390066E-006
  0.51390061E-006
  0.51390054E-006
  0.51390046E-006
  0.51390036E-006
  0.51390026E-006
  0.51390014E-006
  0.51390001E-006
  0.51389986E-006
  0.51389971E-006
  0.51389955E-006
  0.51389937E-006
  0.51389919E-006
  0.51389900E-006
  0.51389881E-006
  0.51389860E-006
  0.51389840E-006
  0.51389819E-006
  0.51389797E-006
  0.51389775E-006
  0.51389753E-006
  0.51389732E-006
  0.51389710E-006
  0.51389688E-006
  0.51389667E-006
  0.51389646E-006
  0.51389626E-006
  0.51389606E-006
  0.51389587E-006
  0.51389569E-006
  0.51389551E-006
  0.51389535E-006
  0.51389519E-006
  0.51389504E-006
  0.51389490E-006
  0.51389477E-006
  0.51389466E-006
  0.51389454E-006
  0.51389444E-006
  0.51389433E-006
  0.51389419E-006
  0.51389403E-006
  0.51389374E-006
  0.51389348E-006
