  0.11255817E+000
  0.11277935E+000
  0.11293655E+000
  0.11304338E+000
  0.11311245E+000
  0.11315385E+000
  0.11317530E+000
  0.11318248E+000
  0.11317964E+000
  0.11316988E+000
  0.11315554E+000
  0.11313835E+000
  0.11311957E+000
  0.11310010E+000
  0.11308060E+000
  0.11306151E+000
  0.11304313E+000
  0.11302564E+000
  0.11300914E+000
  0.11299369E+000
  0.11297927E+000
  0.11296584E+000
  0.11295334E+000
  0.11294171E+000
  0.11293085E+000
  0.11292068E+000
  0.11291112E+000
  0.11290208E+000
  0.11289348E+000
  0.11288523E+000
  0.11287728E+000
  0.11286954E+000
  0.11286198E+000
  0.11285452E+000
  0.11284714E+000
  0.11283979E+000
  0.11283245E+000
  0.11282509E+000
  0.11281771E+000
  0.11281029E+000
  0.11280282E+000
  0.11279531E+000
  0.11278777E+000
  0.11278020E+000
  0.11277261E+000
  0.11276501E+000
  0.11275741E+000
  0.11274984E+000
  0.11274230E+000
  0.11273480E+000
  0.11272735E+000
  0.11271998E+000
  0.11271269E+000
  0.11270548E+000
  0.11269838E+000
  0.11269139E+000
  0.11268452E+000
  0.11267778E+000
  0.11267118E+000
  0.11266472E+000
  0.11265843E+000
  0.11265231E+000
  0.11264636E+000
  0.11264059E+000
  0.11263502E+000
  0.11262966E+000
  0.11262450E+000
  0.11261955E+000
  0.11261483E+000
  0.11261033E+000
  0.11260605E+000
  0.11260200E+000
  0.11259818E+000
  0.11259459E+000
  0.11259122E+000
  0.11258807E+000
  0.11258514E+000
  0.11258242E+000
  0.11257991E+000
  0.11257759E+000
  0.11257546E+000
  0.11257351E+000
  0.11257173E+000
  0.11257012E+000
  0.11256865E+000
  0.11256733E+000
  0.11256615E+000
  0.11256509E+000
  0.11256414E+000
  0.11256330E+000
  0.11256255E+000
  0.11256190E+000
  0.11256132E+000
  0.11256081E+000
  0.11256038E+000
  0.11256000E+000
  0.11255967E+000
  0.11255939E+000
  0.11255915E+000
  0.11255894E+000
  0.11255877E+000
  0.11255863E+000
  0.11255851E+000
  0.11255841E+000
  0.11255833E+000
  0.11255826E+000
  0.11255821E+000
  0.11255816E+000
  0.11255813E+000
  0.11255811E+000
  0.11255809E+000
  0.11255808E+000
  0.11255807E+000
  0.11255806E+000
  0.11255806E+000
  0.11255806E+000
  0.11255806E+000
  0.11255806E+000
  0.11255807E+000
  0.11255807E+000
  0.11255807E+000
  0.11255808E+000
  0.11255809E+000
  0.11255809E+000
  0.11255810E+000
  0.11255810E+000
  0.11255811E+000
  0.11255811E+000
  0.11255812E+000
  0.11255813E+000
  0.11255813E+000
  0.11255814E+000
  0.11255814E+000
  0.11255815E+000
  0.11255815E+000
  0.11255816E+000
  0.11255816E+000
  0.11255817E+000
  0.11255817E+000
  0.11255817E+000
  0.11255818E+000
  0.11255818E+000
  0.11255819E+000
  0.11255819E+000
  0.11255819E+000
  0.11255820E+000
  0.11255820E+000
  0.11255820E+000
  0.11255821E+000
  0.11255821E+000
  0.11255821E+000
  0.11255822E+000
  0.11255822E+000
  0.11255822E+000
  0.11255822E+000
  0.11255823E+000
  0.11255823E+000
  0.11255823E+000
  0.11255823E+000
  0.11255823E+000
  0.11255823E+000
  0.11255824E+000
  0.11255824E+000
  0.11255824E+000
  0.11255824E+000
  0.11255824E+000
  0.11255824E+000
  0.11255824E+000
  0.11255824E+000
  0.11255824E+000
  0.11255824E+000
  0.11255824E+000
  0.11255824E+000
  0.11255824E+000
  0.11255824E+000
  0.11255824E+000
  0.11255824E+000
  0.11255824E+000
  0.11255824E+000
  0.11255824E+000
  0.11255824E+000
  0.11255824E+000
  0.11255824E+000
  0.11255824E+000
  0.11255823E+000
  0.11255823E+000
  0.11255823E+000
  0.11255823E+000
  0.11255823E+000
  0.11255823E+000
  0.11255823E+000
  0.11255823E+000
  0.11255822E+000
  0.11255822E+000
  0.11255822E+000
  0.11255822E+000
  0.11255822E+000
  0.11255821E+000
  0.11255821E+000
  0.11255821E+000
