  0.95628204E+000
  0.95628151E+000
  0.95628107E+000
  0.95628071E+000
  0.95628041E+000
  0.95628018E+000
  0.95627999E+000
  0.95627983E+000
  0.95627971E+000
  0.95627962E+000
  0.95627955E+000
  0.95627950E+000
  0.95627947E+000
  0.95627944E+000
  0.95627943E+000
  0.95627943E+000
  0.95627944E+000
  0.95627945E+000
  0.95627947E+000
  0.95627949E+000
  0.95627951E+000
  0.95627954E+000
  0.95627957E+000
  0.95627961E+000
  0.95627964E+000
  0.95627968E+000
  0.95627971E+000
  0.95627975E+000
  0.95627979E+000
  0.95627983E+000
  0.95627986E+000
  0.95627990E+000
  0.95627994E+000
  0.95627998E+000
  0.95628002E+000
  0.95628006E+000
  0.95628010E+000
  0.95628014E+000
  0.95628018E+000
  0.95628022E+000
  0.95628025E+000
  0.95628029E+000
  0.95628033E+000
  0.95628037E+000
  0.95628041E+000
  0.95628045E+000
  0.95628049E+000
  0.95628052E+000
  0.95628056E+000
  0.95628060E+000
  0.95628064E+000
  0.95628068E+000
  0.95628072E+000
  0.95628076E+000
  0.95628079E+000
  0.95628083E+000
  0.95628087E+000
  0.95628091E+000
  0.95628095E+000
  0.95628099E+000
  0.95628103E+000
  0.95628106E+000
  0.95628110E+000
  0.95628114E+000
  0.95628118E+000
  0.95628122E+000
  0.95628126E+000
  0.95628130E+000
  0.95628133E+000
  0.95628137E+000
  0.95628141E+000
  0.95628145E+000
  0.95628149E+000
  0.95628153E+000
  0.95628157E+000
  0.95628161E+000
  0.95628165E+000
  0.95628169E+000
  0.95628173E+000
  0.95628177E+000
  0.95628181E+000
  0.95628185E+000
  0.95628189E+000
  0.95628193E+000
  0.95628198E+000
  0.95628202E+000
  0.95628206E+000
  0.95628211E+000
  0.95628216E+000
  0.95628220E+000
  0.95628225E+000
  0.95628230E+000
  0.95628235E+000
  0.95628241E+000
  0.95628246E+000
  0.95628252E+000
  0.95628257E+000
  0.95628263E+000
  0.95628270E+000
  0.95628276E+000
  0.95628283E+000
  0.95628290E+000
  0.95628297E+000
  0.95628304E+000
  0.95628312E+000
  0.95628320E+000
  0.95628328E+000
  0.95628336E+000
  0.95628345E+000
  0.95628354E+000
  0.95628363E+000
  0.95628372E+000
  0.95628382E+000
  0.95628392E+000
  0.95628402E+000
  0.95628412E+000
  0.95628422E+000
  0.95628433E+000
  0.95628443E+000
  0.95628454E+000
  0.95628464E+000
  0.95628474E+000
  0.95628484E+000
  0.95628494E+000
  0.95628503E+000
  0.95628512E+000
  0.95628520E+000
  0.95628528E+000
  0.95628534E+000
  0.95628540E+000
  0.95628545E+000
  0.95628549E+000
  0.95628551E+000
  0.95628552E+000
  0.95628552E+000
  0.95628550E+000
  0.95628547E+000
  0.95628542E+000
  0.95628536E+000
  0.95628528E+000
  0.95628518E+000
  0.95628506E+000
  0.95628493E+000
  0.95628478E+000
  0.95628462E+000
  0.95628444E+000
  0.95628425E+000
  0.95628404E+000
  0.95628382E+000
  0.95628359E+000
  0.95628335E+000
  0.95628311E+000
  0.95628285E+000
  0.95628259E+000
  0.95628233E+000
  0.95628207E+000
  0.95628180E+000
  0.95628154E+000
  0.95628128E+000
  0.95628103E+000
  0.95628078E+000
  0.95628054E+000
  0.95628032E+000
  0.95628011E+000
  0.95627991E+000
  0.95627972E+000
  0.95627956E+000
  0.95627941E+000
  0.95627928E+000
  0.95627917E+000
  0.95627908E+000
  0.95627902E+000
  0.95627897E+000
  0.95627895E+000
  0.95627895E+000
  0.95627896E+000
  0.95627900E+000
  0.95627906E+000
  0.95627914E+000
  0.95627924E+000
  0.95627935E+000
  0.95627948E+000
  0.95627962E+000
  0.95627977E+000
  0.95627993E+000
  0.95628010E+000
  0.95628027E+000
  0.95628045E+000
  0.95628062E+000
  0.95628080E+000
  0.95628096E+000
  0.95628113E+000
  0.95628128E+000
  0.95628142E+000
  0.95628154E+000
  0.95628165E+000
  0.95628175E+000
  0.95628182E+000
  0.95628187E+000
  0.95628190E+000
