  0.29871875E+000
  0.29884315E+000
  0.29896440E+000
  0.29906893E+000
  0.29915369E+000
  0.29921971E+000
  0.29926933E+000
  0.29930512E+000
  0.29932943E+000
  0.29934432E+000
  0.29935154E+000
  0.29935255E+000
  0.29934854E+000
  0.29934052E+000
  0.29932933E+000
  0.29931565E+000
  0.29930005E+000
  0.29928300E+000
  0.29926490E+000
  0.29924605E+000
  0.29922675E+000
  0.29920719E+000
  0.29918758E+000
  0.29916807E+000
  0.29914879E+000
  0.29912984E+000
  0.29911133E+000
  0.29909333E+000
  0.29907589E+000
  0.29905909E+000
  0.29904295E+000
  0.29902752E+000
  0.29901281E+000
  0.29899887E+000
  0.29898568E+000
  0.29897327E+000
  0.29896163E+000
  0.29895076E+000
  0.29894065E+000
  0.29893128E+000
  0.29892264E+000
  0.29891469E+000
  0.29890742E+000
  0.29890079E+000
  0.29889476E+000
  0.29888931E+000
  0.29888440E+000
  0.29887998E+000
  0.29887602E+000
  0.29887248E+000
  0.29886931E+000
  0.29886648E+000
  0.29886394E+000
  0.29886167E+000
  0.29885962E+000
  0.29885775E+000
  0.29885604E+000
  0.29885446E+000
  0.29885298E+000
  0.29885157E+000
  0.29885021E+000
  0.29884888E+000
  0.29884756E+000
  0.29884623E+000
  0.29884488E+000
  0.29884349E+000
  0.29884207E+000
  0.29884059E+000
  0.29883905E+000
  0.29883744E+000
  0.29883577E+000
  0.29883402E+000
  0.29883220E+000
  0.29883029E+000
  0.29882831E+000
  0.29882625E+000
  0.29882412E+000
  0.29882190E+000
  0.29881962E+000
  0.29881726E+000
  0.29881483E+000
  0.29881234E+000
  0.29880979E+000
  0.29880719E+000
  0.29880453E+000
  0.29880182E+000
  0.29879907E+000
  0.29879628E+000
  0.29879346E+000
  0.29879062E+000
  0.29878775E+000
  0.29878487E+000
  0.29878197E+000
  0.29877907E+000
  0.29877617E+000
  0.29877328E+000
  0.29877039E+000
  0.29876753E+000
  0.29876468E+000
  0.29876186E+000
  0.29875908E+000
  0.29875633E+000
  0.29875362E+000
  0.29875096E+000
  0.29874836E+000
  0.29874581E+000
  0.29874332E+000
  0.29874090E+000
  0.29873855E+000
  0.29873627E+000
  0.29873407E+000
  0.29873196E+000
  0.29872993E+000
  0.29872800E+000
  0.29872615E+000
  0.29872441E+000
  0.29872276E+000
  0.29872122E+000
  0.29871978E+000
  0.29871844E+000
  0.29871721E+000
  0.29871609E+000
  0.29871508E+000
  0.29871417E+000
  0.29871337E+000
  0.29871268E+000
  0.29871209E+000
  0.29871160E+000
  0.29871122E+000
  0.29871092E+000
  0.29871072E+000
  0.29871061E+000
  0.29871058E+000
  0.29871062E+000
  0.29871074E+000
  0.29871093E+000
  0.29871117E+000
  0.29871147E+000
  0.29871182E+000
  0.29871222E+000
  0.29871265E+000
  0.29871311E+000
  0.29871360E+000
  0.29871411E+000
  0.29871464E+000
  0.29871518E+000
  0.29871573E+000
  0.29871628E+000
  0.29871683E+000
  0.29871738E+000
  0.29871792E+000
  0.29871845E+000
  0.29871896E+000
  0.29871945E+000
  0.29871992E+000
  0.29872037E+000
  0.29872080E+000
  0.29872119E+000
  0.29872155E+000
  0.29872188E+000
  0.29872217E+000
  0.29872243E+000
  0.29872265E+000
  0.29872283E+000
  0.29872296E+000
  0.29872306E+000
  0.29872312E+000
  0.29872314E+000
  0.29872311E+000
  0.29872305E+000
  0.29872296E+000
  0.29872282E+000
  0.29872266E+000
  0.29872247E+000
  0.29872225E+000
  0.29872200E+000
  0.29872174E+000
  0.29872146E+000
  0.29872116E+000
  0.29872086E+000
  0.29872055E+000
  0.29872024E+000
  0.29871993E+000
  0.29871963E+000
  0.29871933E+000
  0.29871905E+000
  0.29871879E+000
  0.29871854E+000
  0.29871831E+000
  0.29871810E+000
  0.29871792E+000
  0.29871776E+000
  0.29871763E+000
  0.29871753E+000
  0.29871747E+000
  0.29871743E+000
  0.29871738E+000
  0.29871730E+000
  0.29871716E+000
  0.29871708E+000
