  0.44769342E+000
  0.46618219E+000
  0.46685808E+000
  0.46526533E+000
  0.46351060E+000
  0.46191109E+000
  0.46050196E+000
  0.45927065E+000
  0.45819788E+000
  0.45726599E+000
  0.45645744E+000
  0.45575688E+000
  0.45515075E+000
  0.45462691E+000
  0.45417446E+000
  0.45378369E+000
  0.45344589E+000
  0.45315332E+000
  0.45289905E+000
  0.45267694E+000
  0.45248158E+000
  0.45230819E+000
  0.45215261E+000
  0.45201122E+000
  0.45188091E+000
  0.45175897E+000
  0.45164316E+000
  0.45153165E+000
  0.45142295E+000
  0.45131589E+000
  0.45120960E+000
  0.45110348E+000
  0.45099714E+000
  0.45089039E+000
  0.45078318E+000
  0.45067563E+000
  0.45056791E+000
  0.45046029E+000
  0.45035307E+000
  0.45024658E+000
  0.45014114E+000
  0.45003705E+000
  0.44993460E+000
  0.44983402E+000
  0.44973553E+000
  0.44963927E+000
  0.44954536E+000
  0.44945389E+000
  0.44936490E+000
  0.44927841E+000
  0.44919442E+000
  0.44911294E+000
  0.44903393E+000
  0.44895739E+000
  0.44888331E+000
  0.44881166E+000
  0.44874245E+000
  0.44867568E+000
  0.44861137E+000
  0.44854951E+000
  0.44849013E+000
  0.44843324E+000
  0.44837885E+000
  0.44832698E+000
  0.44827762E+000
  0.44823077E+000
  0.44818641E+000
  0.44814453E+000
  0.44810509E+000
  0.44806805E+000
  0.44803335E+000
  0.44800095E+000
  0.44797077E+000
  0.44794274E+000
  0.44791677E+000
  0.44789279E+000
  0.44787070E+000
  0.44785040E+000
  0.44783181E+000
  0.44781483E+000
  0.44779936E+000
  0.44778531E+000
  0.44777259E+000
  0.44776110E+000
  0.44775076E+000
  0.44774147E+000
  0.44773317E+000
  0.44772577E+000
  0.44771919E+000
  0.44771337E+000
  0.44770825E+000
  0.44770374E+000
  0.44769981E+000
  0.44769640E+000
  0.44769345E+000
  0.44769091E+000
  0.44768876E+000
  0.44768693E+000
  0.44768540E+000
  0.44768414E+000
  0.44768311E+000
  0.44768229E+000
  0.44768165E+000
  0.44768116E+000
  0.44768081E+000
  0.44768057E+000
  0.44768044E+000
  0.44768039E+000
  0.44768042E+000
  0.44768050E+000
  0.44768064E+000
  0.44768081E+000
  0.44768103E+000
  0.44768126E+000
  0.44768152E+000
  0.44768180E+000
  0.44768209E+000
  0.44768238E+000
  0.44768268E+000
  0.44768299E+000
  0.44768329E+000
  0.44768360E+000
  0.44768390E+000
  0.44768420E+000
  0.44768449E+000
  0.44768478E+000
  0.44768507E+000
  0.44768535E+000
  0.44768562E+000
  0.44768589E+000
  0.44768615E+000
  0.44768641E+000
  0.44768665E+000
  0.44768690E+000
  0.44768713E+000
  0.44768736E+000
  0.44768759E+000
  0.44768780E+000
  0.44768801E+000
  0.44768822E+000
  0.44768842E+000
  0.44768861E+000
  0.44768880E+000
  0.44768898E+000
  0.44768915E+000
  0.44768932E+000
  0.44768949E+000
  0.44768965E+000
  0.44768980E+000
  0.44768995E+000
  0.44769009E+000
  0.44769023E+000
  0.44769036E+000
  0.44769049E+000
  0.44769061E+000
  0.44769073E+000
  0.44769085E+000
  0.44769096E+000
  0.44769107E+000
  0.44769117E+000
  0.44769127E+000
  0.44769136E+000
  0.44769145E+000
  0.44769154E+000
  0.44769162E+000
  0.44769170E+000
  0.44769178E+000
  0.44769185E+000
  0.44769193E+000
  0.44769199E+000
  0.44769206E+000
  0.44769212E+000
  0.44769218E+000
  0.44769224E+000
  0.44769229E+000
  0.44769235E+000
  0.44769240E+000
  0.44769244E+000
  0.44769249E+000
  0.44769253E+000
  0.44769257E+000
  0.44769261E+000
  0.44769265E+000
  0.44769268E+000
  0.44769271E+000
  0.44769274E+000
  0.44769277E+000
  0.44769279E+000
  0.44769281E+000
  0.44769283E+000
  0.44769285E+000
  0.44769286E+000
  0.44769287E+000
  0.44769287E+000
  0.44769287E+000
  0.44769287E+000
  0.44769286E+000
  0.44769285E+000
  0.44769285E+000
  0.44769288E+000
