  0.91758858E+000
  0.91815100E+000
  0.91857281E+000
  0.91888953E+000
  0.91912462E+000
  0.91929505E+000
  0.91941380E+000
  0.91949100E+000
  0.91953477E+000
  0.91955173E+000
  0.91954724E+000
  0.91952572E+000
  0.91949079E+000
  0.91944543E+000
  0.91939208E+000
  0.91933275E+000
  0.91926909E+000
  0.91920245E+000
  0.91913394E+000
  0.91906446E+000
  0.91899476E+000
  0.91892542E+000
  0.91885695E+000
  0.91878974E+000
  0.91872411E+000
  0.91866030E+000
  0.91859852E+000
  0.91853891E+000
  0.91848160E+000
  0.91842666E+000
  0.91837415E+000
  0.91832408E+000
  0.91827647E+000
  0.91823129E+000
  0.91818852E+000
  0.91814810E+000
  0.91810998E+000
  0.91807409E+000
  0.91804034E+000
  0.91800865E+000
  0.91797892E+000
  0.91795106E+000
  0.91792497E+000
  0.91790054E+000
  0.91787769E+000
  0.91785629E+000
  0.91783627E+000
  0.91781753E+000
  0.91779998E+000
  0.91778354E+000
  0.91776813E+000
  0.91775367E+000
  0.91774011E+000
  0.91772738E+000
  0.91771542E+000
  0.91770419E+000
  0.91769364E+000
  0.91768373E+000
  0.91767444E+000
  0.91766572E+000
  0.91765756E+000
  0.91764992E+000
  0.91764279E+000
  0.91763615E+000
  0.91762998E+000
  0.91762426E+000
  0.91761897E+000
  0.91761410E+000
  0.91760963E+000
  0.91760555E+000
  0.91760183E+000
  0.91759846E+000
  0.91759543E+000
  0.91759271E+000
  0.91759029E+000
  0.91758815E+000
  0.91758626E+000
  0.91758462E+000
  0.91758321E+000
  0.91758201E+000
  0.91758099E+000
  0.91758016E+000
  0.91757948E+000
  0.91757894E+000
  0.91757854E+000
  0.91757826E+000
  0.91757808E+000
  0.91757800E+000
  0.91757800E+000
  0.91757807E+000
  0.91757821E+000
  0.91757840E+000
  0.91757865E+000
  0.91757893E+000
  0.91757925E+000
  0.91757960E+000
  0.91757997E+000
  0.91758037E+000
  0.91758077E+000
  0.91758120E+000
  0.91758163E+000
  0.91758206E+000
  0.91758250E+000
  0.91758295E+000
  0.91758339E+000
  0.91758384E+000
  0.91758428E+000
  0.91758472E+000
  0.91758516E+000
  0.91758560E+000
  0.91758603E+000
  0.91758646E+000
  0.91758689E+000
  0.91758732E+000
  0.91758775E+000
  0.91758817E+000
  0.91758859E+000
  0.91758902E+000
  0.91758944E+000
  0.91758986E+000
  0.91759029E+000
  0.91759072E+000
  0.91759115E+000
  0.91759158E+000
  0.91759202E+000
  0.91759245E+000
  0.91759289E+000
  0.91759334E+000
  0.91759378E+000
  0.91759423E+000
  0.91759468E+000
  0.91759513E+000
  0.91759558E+000
  0.91759603E+000
  0.91759647E+000
  0.91759691E+000
  0.91759734E+000
  0.91759776E+000
  0.91759817E+000
  0.91759856E+000
  0.91759894E+000
  0.91759930E+000
  0.91759964E+000
  0.91759995E+000
  0.91760024E+000
  0.91760049E+000
  0.91760071E+000
  0.91760090E+000
  0.91760104E+000
  0.91760115E+000
  0.91760121E+000
  0.91760123E+000
  0.91760120E+000
  0.91760112E+000
  0.91760100E+000
  0.91760082E+000
  0.91760059E+000
  0.91760031E+000
  0.91759999E+000
  0.91759961E+000
  0.91759918E+000
  0.91759870E+000
  0.91759818E+000
  0.91759761E+000
  0.91759700E+000
  0.91759635E+000
  0.91759567E+000
  0.91759495E+000
  0.91759420E+000
  0.91759343E+000
  0.91759263E+000
  0.91759182E+000
  0.91759099E+000
  0.91759015E+000
  0.91758931E+000
  0.91758847E+000
  0.91758763E+000
  0.91758679E+000
  0.91758597E+000
  0.91758517E+000
  0.91758438E+000
  0.91758362E+000
  0.91758288E+000
  0.91758218E+000
  0.91758151E+000
  0.91758087E+000
  0.91758027E+000
  0.91757972E+000
  0.91757920E+000
  0.91757873E+000
  0.91757830E+000
  0.91757791E+000
  0.91757755E+000
  0.91757722E+000
  0.91757692E+000
  0.91757659E+000
  0.91757622E+000
  0.91757572E+000
  0.91757511E+000
  0.91757519E+000
