  0.79369646E+000
  0.79369805E+000
  0.79369948E+000
  0.79370098E+000
  0.79370249E+000
  0.79370398E+000
  0.79370545E+000
  0.79370691E+000
  0.79370836E+000
  0.79370977E+000
  0.79371117E+000
  0.79371253E+000
  0.79371387E+000
  0.79371518E+000
  0.79371646E+000
  0.79371771E+000
  0.79371893E+000
  0.79372012E+000
  0.79372129E+000
  0.79372243E+000
  0.79372354E+000
  0.79372463E+000
  0.79372570E+000
  0.79372674E+000
  0.79372776E+000
  0.79372876E+000
  0.79372974E+000
  0.79373070E+000
  0.79373164E+000
  0.79373257E+000
  0.79373348E+000
  0.79373438E+000
  0.79373526E+000
  0.79373612E+000
  0.79373697E+000
  0.79373781E+000
  0.79373863E+000
  0.79373944E+000
  0.79374024E+000
  0.79374102E+000
  0.79374179E+000
  0.79374255E+000
  0.79374329E+000
  0.79374401E+000
  0.79374472E+000
  0.79374541E+000
  0.79374609E+000
  0.79374674E+000
  0.79374738E+000
  0.79374800E+000
  0.79374859E+000
  0.79374917E+000
  0.79374972E+000
  0.79375025E+000
  0.79375075E+000
  0.79375123E+000
  0.79375168E+000
  0.79375211E+000
  0.79375251E+000
  0.79375288E+000
  0.79375322E+000
  0.79375353E+000
  0.79375382E+000
  0.79375407E+000
  0.79375429E+000
  0.79375448E+000
  0.79375463E+000
  0.79375476E+000
  0.79375485E+000
  0.79375491E+000
  0.79375493E+000
  0.79375493E+000
  0.79375489E+000
  0.79375482E+000
  0.79375472E+000
  0.79375458E+000
  0.79375442E+000
  0.79375423E+000
  0.79375401E+000
  0.79375376E+000
  0.79375349E+000
  0.79375319E+000
  0.79375286E+000
  0.79375251E+000
  0.79375214E+000
  0.79375175E+000
  0.79375134E+000
  0.79375090E+000
  0.79375045E+000
  0.79374998E+000
  0.79374950E+000
  0.79374900E+000
  0.79374848E+000
  0.79374795E+000
  0.79374741E+000
  0.79374686E+000
  0.79374629E+000
  0.79374572E+000
  0.79374514E+000
  0.79374454E+000
  0.79374394E+000
  0.79374334E+000
  0.79374273E+000
  0.79374211E+000
  0.79374149E+000
  0.79374086E+000
  0.79374023E+000
  0.79373960E+000
  0.79373896E+000
  0.79373832E+000
  0.79373768E+000
  0.79373704E+000
  0.79373640E+000
  0.79373575E+000
  0.79373511E+000
  0.79373447E+000
  0.79373383E+000
  0.79373319E+000
  0.79373255E+000
  0.79373191E+000
  0.79373128E+000
  0.79373064E+000
  0.79373001E+000
  0.79372939E+000
  0.79372876E+000
  0.79372814E+000
  0.79372753E+000
  0.79372691E+000
  0.79372631E+000
  0.79372570E+000
  0.79372510E+000
  0.79372451E+000
  0.79372392E+000
  0.79372334E+000
  0.79372276E+000
  0.79372218E+000
  0.79372162E+000
  0.79372105E+000
  0.79372050E+000
  0.79371995E+000
  0.79371941E+000
  0.79371887E+000
  0.79371834E+000
  0.79371782E+000
  0.79371730E+000
  0.79371679E+000
  0.79371629E+000
  0.79371580E+000
  0.79371531E+000
  0.79371483E+000
  0.79371435E+000
  0.79371389E+000
  0.79371343E+000
  0.79371298E+000
  0.79371254E+000
  0.79371210E+000
  0.79371167E+000
  0.79371125E+000
  0.79371084E+000
  0.79371044E+000
  0.79371004E+000
  0.79370965E+000
  0.79370927E+000
  0.79370889E+000
  0.79370853E+000
  0.79370817E+000
  0.79370782E+000
  0.79370747E+000
  0.79370714E+000
  0.79370681E+000
  0.79370649E+000
  0.79370617E+000
  0.79370587E+000
  0.79370557E+000
  0.79370528E+000
  0.79370499E+000
  0.79370471E+000
  0.79370444E+000
  0.79370418E+000
  0.79370392E+000
  0.79370367E+000
  0.79370343E+000
  0.79370319E+000
  0.79370296E+000
  0.79370273E+000
  0.79370251E+000
  0.79370230E+000
  0.79370210E+000
  0.79370189E+000
  0.79370170E+000
  0.79370151E+000
  0.79370133E+000
  0.79370115E+000
  0.79370098E+000
  0.79370081E+000
  0.79370064E+000
  0.79370049E+000
  0.79370033E+000
  0.79370018E+000
  0.79370004E+000
