  0.33222589E+000
  0.33224208E+000
  0.33228913E+000
  0.33233253E+000
  0.33236833E+000
  0.33239742E+000
  0.33242241E+000
  0.33244569E+000
  0.33246266E+000
  0.33247797E+000
  0.33248654E+000
  0.33249668E+000
  0.33250291E+000
  0.33250964E+000
  0.33251490E+000
  0.33252136E+000
  0.33252290E+000
  0.33252692E+000
  0.33252654E+000
  0.33252799E+000
  0.33253071E+000
  0.33253125E+000
  0.33253100E+000
  0.33252665E+000
  0.33252569E+000
  0.33252693E+000
  0.33252555E+000
  0.33252389E+000
  0.33252205E+000
  0.33251747E+000
  0.33251269E+000
  0.33250775E+000
  0.33250537E+000
  0.33250255E+000
  0.33249996E+000
  0.33249750E+000
  0.33249474E+000
  0.33249176E+000
  0.33248877E+000
  0.33248575E+000
  0.33248275E+000
  0.33247910E+000
  0.33247597E+000
  0.33247267E+000
  0.33246935E+000
  0.33246549E+000
  0.33246200E+000
  0.33245859E+000
  0.33245425E+000
  0.33244926E+000
  0.33244591E+000
  0.33244241E+000
  0.33243925E+000
  0.33243585E+000
  0.33243179E+000
  0.33242840E+000
  0.33242512E+000
  0.33242178E+000
  0.33241868E+000
  0.33241549E+000
  0.33241238E+000
  0.33240917E+000
  0.33240613E+000
  0.33240304E+000
  0.33240004E+000
  0.33239716E+000
  0.33239434E+000
  0.33239150E+000
  0.33238878E+000
  0.33238624E+000
  0.33238395E+000
  0.33238135E+000
  0.33237891E+000
  0.33237831E+000
  0.33237611E+000
  0.33237390E+000
  0.33237179E+000
  0.33236965E+000
  0.33236758E+000
  0.33236560E+000
  0.33236370E+000
  0.33236180E+000
  0.33235997E+000
  0.33235820E+000
  0.33235648E+000
  0.33235481E+000
  0.33235315E+000
  0.33235148E+000
  0.33234985E+000
  0.33234825E+000
  0.33234666E+000
  0.33234511E+000
  0.33234356E+000
  0.33234205E+000
  0.33234057E+000
  0.33233913E+000
  0.33233766E+000
  0.33233620E+000
  0.33233475E+000
  0.33233333E+000
  0.33233191E+000
  0.33233050E+000
  0.33232910E+000
  0.33232761E+000
  0.33232623E+000
  0.33232485E+000
  0.33232349E+000
  0.33232214E+000
  0.33232079E+000
  0.33231946E+000
  0.33231814E+000
  0.33231683E+000
  0.33231553E+000
  0.33231424E+000
  0.33231295E+000
  0.33231168E+000
  0.33231043E+000
  0.33230918E+000
  0.33230794E+000
  0.33230673E+000
  0.33230553E+000
  0.33230435E+000
  0.33230318E+000
  0.33230203E+000
  0.33230088E+000
  0.33229976E+000
  0.33229864E+000
  0.33229756E+000
  0.33229648E+000
  0.33229543E+000
  0.33229439E+000
  0.33229337E+000
  0.33229237E+000
  0.33229138E+000
  0.33229041E+000
  0.33228946E+000
  0.33228852E+000
  0.33228760E+000
  0.33228670E+000
  0.33228582E+000
  0.33228495E+000
  0.33228410E+000
  0.33228327E+000
  0.33228246E+000
  0.33228166E+000
  0.33228088E+000
  0.33228011E+000
  0.33227937E+000
  0.33227864E+000
  0.33227792E+000
  0.33227722E+000
  0.33227654E+000
  0.33227588E+000
  0.33227523E+000
  0.33227459E+000
  0.33227397E+000
  0.33227337E+000
  0.33227278E+000
  0.33227221E+000
  0.33227165E+000
  0.33227110E+000
  0.33227057E+000
  0.33227005E+000
  0.33226955E+000
  0.33226906E+000
  0.33226858E+000
  0.33226812E+000
  0.33226767E+000
  0.33226723E+000
  0.33226681E+000
  0.33226639E+000
  0.33226599E+000
  0.33226560E+000
  0.33226522E+000
  0.33226485E+000
  0.33226450E+000
  0.33226415E+000
  0.33226381E+000
  0.33226349E+000
  0.33226317E+000
  0.33226287E+000
  0.33226257E+000
  0.33226228E+000
  0.33226201E+000
  0.33226174E+000
  0.33226148E+000
  0.33226123E+000
  0.33226098E+000
  0.33226075E+000
  0.33226052E+000
  0.33226030E+000
  0.33226009E+000
  0.33225988E+000
  0.33225968E+000
  0.33225949E+000
  0.33225930E+000
  0.33225912E+000
  0.33225895E+000
  0.33225878E+000
  0.33225863E+000
