 -0.72341642E+000 -0.55766035E+000 -0.30414550E+000 -0.10670960E+000 -0.53624635E-001  0.23205916E+000  0.11170290E+002  0.44376476E+002  0.78896296E+002  0.13333348E+003  0.16587945E+003
 -0.72365306E+000 -0.55789819E+000 -0.30447506E+000 -0.10699208E+000 -0.53673449E-001  0.23145912E+000  0.11204207E+002  0.44375617E+002  0.78890710E+002  0.13331904E+003  0.16587886E+003
 -0.72381320E+000 -0.55807119E+000 -0.30473120E+000 -0.10721231E+000 -0.53710118E-001  0.23096952E+000  0.11226997E+002  0.44375675E+002  0.78891979E+002  0.13332130E+003  0.16587897E+003
 -0.72392600E+000 -0.55820012E+000 -0.30493169E+000 -0.10738246E+000 -0.53737187E-001  0.23058421E+000  0.11244724E+002  0.44375807E+002  0.78894104E+002  0.13332426E+003  0.16587909E+003
 -0.72400315E+000 -0.55829414E+000 -0.30508673E+000 -0.10751164E+000 -0.53756691E-001  0.23028770E+000  0.11259023E+002  0.44375934E+002  0.78895524E+002  0.13332697E+003  0.16587919E+003
 -0.72405315E+000 -0.55836035E+000 -0.30520447E+000 -0.10760731E+000 -0.53770236E-001  0.23006514E+000  0.11270680E+002  0.44376046E+002  0.78895711E+002  0.13332936E+003  0.16587927E+003
 -0.72408266E+000 -0.55840460E+000 -0.30529167E+000 -0.10767571E+000 -0.53779100E-001  0.22990353E+000  0.11280225E+002  0.44376144E+002  0.78895864E+002  0.13333146E+003  0.16587934E+003
 -0.72409700E+000 -0.55843173E+000 -0.30535398E+000 -0.10772199E+000 -0.53784306E-001  0.22979178E+000  0.11288061E+002  0.44376229E+002  0.78895990E+002  0.13333330E+003  0.16587939E+003
 -0.72410035E+000 -0.55844571E+000 -0.30539617E+000 -0.10775046E+000 -0.53786675E-001  0.22972053E+000  0.11294504E+002  0.44376303E+002  0.78896093E+002  0.13333340E+003  0.16587944E+003
 -0.72409590E+000 -0.55844976E+000 -0.30542222E+000 -0.10776468E+000 -0.53786869E-001  0.22968196E+000  0.11299803E+002  0.44376366E+002  0.78896179E+002  0.13333347E+003  0.16587948E+003
 -0.72408611E+000 -0.55844643E+000 -0.30543543E+000 -0.10776756E+000 -0.53785420E-001  0.22966954E+000  0.11304153E+002  0.44376421E+002  0.78896250E+002  0.13333352E+003  0.16587952E+003
 -0.72407284E+000 -0.55843779E+000 -0.30543856E+000 -0.10776155E+000 -0.53782753E-001  0.22967787E+000  0.11307715E+002  0.44376467E+002  0.78896310E+002  0.13333356E+003  0.16587954E+003
 -0.72405746E+000 -0.55842544E+000 -0.30543388E+000 -0.10774864E+000 -0.53779210E-001  0.22970250E+000  0.11310614E+002  0.44376507E+002  0.78896359E+002  0.13333360E+003  0.16587957E+003
 -0.72404102E+000 -0.55841065E+000 -0.30542326E+000 -0.10773047E+000 -0.53775063E-001  0.22973975E+000  0.11312954E+002  0.44376541E+002  0.78896400E+002  0.13333363E+003  0.16587959E+003
 -0.72402424E+000 -0.55839439E+000 -0.30540822E+000 -0.10770839E+000 -0.53770527E-001  0.22978660E+000  0.11314816E+002  0.44376570E+002  0.78896435E+002  0.13333366E+003  0.16587960E+003
 -0.72400765E+000 -0.55837741E+000 -0.30539001E+000 -0.10768348E+000 -0.53765771E-001  0.22984061E+000  0.11316265E+002  0.44376594E+002  0.78896463E+002  0.13333368E+003  0.16587962E+003
 -0.72399157E+000 -0.55836021E+000 -0.30536958E+000 -0.10765663E+000 -0.53760921E-001  0.22989977E+000  0.11317353E+002  0.44376614E+002  0.78896487E+002  0.13333370E+003  0.16587963E+003
 -0.72397618E+000 -0.55834316E+000 -0.30534768E+000 -0.10762854E+000 -0.53756072E-001  0.22996251E+000  0.11318120E+002  0.44376631E+002  0.78896507E+002  0.13333371E+003  0.16587964E+003
 -0.72396161E+000 -0.55832654E+000 -0.30532491E+000 -0.10759975E+000 -0.53751290E-001  0.23002755E+000  0.11318601E+002  0.44376645E+002  0.78896523E+002  0.13333372E+003  0.16587965E+003
 -0.72394788E+000 -0.55831048E+000 -0.30530170E+000 -0.10757071E+000 -0.53746624E-001  0.23009392E+000  0.11318825E+002  0.44376657E+002  0.78896537E+002  0.13333373E+003  0.16587965E+003
 -0.72393499E+000 -0.55829510E+000 -0.30527839E+000 -0.10754173E+000 -0.53742102E-001  0.23016082E+000  0.11318816E+002  0.44376666E+002  0.78896548E+002  0.13333374E+003  0.16587966E+003
 -0.72392290E+000 -0.55828042E+000 -0.30525521E+000 -0.10751308E+000 -0.53737744E-001  0.23022766E+000  0.11318597E+002  0.44376674E+002  0.78896557E+002  0.13333375E+003  0.16587966E+003
 -0.72391155E+000 -0.55826644E+000 -0.30523232E+000 -0.10748495E+000 -0.53733555E-001  0.23029399E+000  0.11318184E+002  0.44376680E+002  0.78896564E+002  0.13333375E+003  0.16587967E+003
 -0.72390084E+000 -0.55825311E+000 -0.30520980E+000 -0.10745746E+000 -0.53729536E-001  0.23035948E+000  0.11317593E+002  0.44376685E+002  0.78896570E+002  0.13333376E+003  0.16587967E+003
 -0.72389070E+000 -0.55824041E+000 -0.30518770E+000 -0.10743070E+000 -0.53725680E-001  0.23042389E+000  0.11316838E+002  0.44376689E+002  0.78896574E+002  0.13333376E+003  0.16587967E+003
 -0.72388102E+000 -0.55822827E+000 -0.30516602E+000 -0.10740473E+000 -0.53721977E-001  0.23048706E+000  0.11315932E+002  0.44376693E+002  0.78896578E+002  0.13333376E+003  0.16587967E+003
 -0.72387173E+000 -0.55821663E+000 -0.30514475E+000 -0.10737957E+000 -0.53718413E-001  0.23054888E+000  0.11314885E+002  0.44376695E+002  0.78896581E+002  0.13333376E+003  0.16587967E+003
 -0.72386273E+000 -0.55820540E+000 -0.30512381E+000 -0.10735521E+000 -0.53714973E-001  0.23060930E+000  0.11313707E+002  0.44376696E+002  0.78896583E+002  0.13333377E+003  0.16587967E+003
 -0.72385394E+000 -0.55819449E+000 -0.30510315E+000 -0.10733164E+000 -0.53711641E-001  0.23066829E+000  0.11312408E+002  0.44376698E+002  0.78896584E+002  0.13333377E+003  0.16587967E+003
 -0.72384523E+000 -0.55818377E+000 -0.30508266E+000 -0.10730880E+000 -0.53708396E-001  0.23072590E+000  0.11310990E+002  0.44376698E+002  0.78896585E+002  0.13333377E+003  0.16587967E+003
 -0.72383654E+000 -0.55817318E+000 -0.30506223E+000 -0.10728664E+000 -0.53705218E-001  0.23078216E+000  0.11309465E+002  0.44376698E+002  0.78896586E+002  0.13333377E+003  0.16587967E+003
 -0.72382783E+000 -0.55816265E+000 -0.30504180E+000 -0.10726509E+000 -0.53702094E-001  0.23083714E+000  0.11307841E+002  0.44376698E+002  0.78896586E+002  0.13333377E+003  0.16587967E+003
 -0.72381907E+000 -0.55815213E+000 -0.30502129E+000 -0.10724411E+000 -0.53699011E-001  0.23089086E+000  0.11306127E+002  0.44376698E+002  0.78896585E+002  0.13333377E+003  0.16587967E+003
 -0.72381024E+000 -0.55814158E+000 -0.30500065E+000 -0.10722366E+000 -0.53695961E-001  0.23094335E+000  0.11304331E+002  0.44376698E+002  0.78896585E+002  0.13333377E+003  0.16587967E+003
 -0.72380132E+000 -0.55813098E+000 -0.30497982E+000 -0.10720370E+000 -0.53692937E-001  0.23099464E+000  0.11302459E+002  0.44376697E+002  0.78896584E+002  0.13333377E+003  0.16587967E+003
 -0.72379230E+000 -0.55812029E+000 -0.30495877E+000 -0.10718418E+000 -0.53689936E-001  0.23104473E+000  0.11300518E+002  0.44376696E+002  0.78896584E+002  0.13333376E+003  0.16587967E+003
 -0.72378319E+000 -0.55810951E+000 -0.30493748E+000 -0.10716509E+000 -0.53686957E-001  0.23109360E+000  0.11298514E+002  0.44376695E+002  0.78896583E+002  0.13333376E+003  0.16587967E+003
 -0.72377398E+000 -0.55809862E+000 -0.30491592E+000 -0.10714640E+000 -0.53683999E-001  0.23114125E+000  0.11296451E+002  0.44376694E+002  0.78896582E+002  0.13333376E+003  0.16587967E+003
 -0.72376469E+000 -0.55808762E+000 -0.30489411E+000 -0.10712809E+000 -0.53681065E-001  0.23118765E+000  0.11294334E+002  0.44376693E+002  0.78896581E+002  0.13333376E+003  0.16587967E+003
 -0.72375532E+000 -0.55807652E+000 -0.30487205E+000 -0.10711015E+000 -0.53678159E-001  0.23123276E+000  0.11292167E+002  0.44376691E+002  0.78896579E+002  0.13333376E+003  0.16587967E+003
 -0.72374588E+000 -0.55806532E+000 -0.30484975E+000 -0.10709259E+000 -0.53675284E-001  0.23127654E+000  0.11289955E+002  0.44376690E+002  0.78896578E+002  0.13333376E+003  0.16587967E+003
 -0.72373638E+000 -0.55805403E+000 -0.30482724E+000 -0.10707540E+000 -0.53672447E-001  0.23131894E+000  0.11287700E+002  0.44376689E+002  0.78896577E+002  0.13333376E+003  0.16587966E+003
 -0.72372685E+000 -0.55804266E+000 -0.30480456E+000 -0.10705859E+000 -0.53669653E-001  0.23135991E+000  0.11285407E+002  0.44376687E+002  0.78896575E+002  0.13333376E+003  0.16587966E+003
 -0.72371728E+000 -0.55803122E+000 -0.30478174E+000 -0.10704217E+000 -0.53666908E-001  0.23139942E+000  0.11283078E+002  0.44376686E+002  0.78896574E+002  0.13333375E+003  0.16587966E+003
 -0.72370770E+000 -0.55801972E+000 -0.30475882E+000 -0.10702614E+000 -0.53664216E-001  0.23143741E+000  0.11280717E+002  0.44376684E+002  0.78896572E+002  0.13333375E+003  0.16587966E+003
 -0.72369811E+000 -0.55800818E+000 -0.30473585E+000 -0.10701052E+000 -0.53661584E-001  0.23147385E+000  0.11278328E+002  0.44376682E+002  0.78896571E+002  0.13333375E+003  0.16587966E+003
 -0.72368852E+000 -0.55799660E+000 -0.30471287E+000 -0.10699531E+000 -0.53659015E-001  0.23150871E+000  0.11275912E+002  0.44376681E+002  0.78896569E+002  0.13333375E+003  0.16587966E+003
 -0.72367896E+000 -0.55798501E+000 -0.30468993E+000 -0.10698054E+000 -0.53656514E-001  0.23154198E+000  0.11273474E+002  0.44376679E+002  0.78896567E+002  0.13333375E+003  0.16587966E+003
 -0.72366942E+000 -0.55797341E+000 -0.30466708E+000 -0.10696620E+000 -0.53654083E-001  0.23157364E+000  0.11271016E+002  0.44376677E+002  0.78896566E+002  0.13333375E+003  0.16587966E+003
 -0.72365991E+000 -0.55796181E+000 -0.30464436E+000 -0.10695230E+000 -0.53651724E-001  0.23160370E+000  0.11268543E+002  0.44376675E+002  0.78896564E+002  0.13333375E+003  0.16587965E+003
 -0.72365044E+000 -0.55795023E+000 -0.30462181E+000 -0.10693885E+000 -0.53649439E-001  0.23163219E+000  0.11266057E+002  0.44376673E+002  0.78896562E+002  0.13333374E+003  0.16587965E+003
 -0.72364102E+000 -0.55793866E+000 -0.30459948E+000 -0.10692583E+000 -0.53647229E-001  0.23165912E+000  0.11263562E+002  0.44376671E+002  0.78896560E+002  0.13333374E+003  0.16587965E+003
 -0.72363166E+000 -0.55792713E+000 -0.30457739E+000 -0.10691326E+000 -0.53645092E-001  0.23168456E+000  0.11261063E+002  0.44376669E+002  0.78896558E+002  0.13333374E+003  0.16587965E+003
 -0.72362236E+000 -0.55791565E+000 -0.30455560E+000 -0.10690113E+000 -0.53643029E-001  0.23170854E+000  0.11258563E+002  0.44376667E+002  0.78896557E+002  0.13333374E+003  0.16587965E+003
 -0.72361313E+000 -0.55790422E+000 -0.30453414E+000 -0.10688943E+000 -0.53641143E-001  0.23173113E+000  0.11256065E+002  0.44376665E+002  0.78896555E+002  0.13333374E+003  0.16587965E+003
 -0.72360398E+000 -0.55789286E+000 -0.30451304E+000 -0.10687819E+000 -0.53639589E-001  0.23175238E+000  0.11253575E+002  0.44376663E+002  0.78896553E+002  0.13333374E+003  0.16587965E+003
 -0.72359492E+000 -0.55788159E+000 -0.30449234E+000 -0.10686739E+000 -0.53638274E-001  0.23177235E+000  0.11251096E+002  0.44376661E+002  0.78896551E+002  0.13333373E+003  0.16587964E+003
 -0.72358596E+000 -0.55787043E+000 -0.30447208E+000 -0.10685704E+000 -0.53637135E-001  0.23179112E+000  0.11248634E+002  0.44376659E+002  0.78896549E+002  0.13333373E+003  0.16587964E+003
 -0.72357712E+000 -0.55785939E+000 -0.30445228E+000 -0.10684710E+000 -0.53636125E-001  0.23180874E+000  0.11246191E+002  0.44376657E+002  0.78896547E+002  0.13333373E+003  0.16587964E+003
 -0.72356842E+000 -0.55784850E+000 -0.30443298E+000 -0.10683758E+000 -0.53635214E-001  0.23182531E+000  0.11243772E+002  0.44376655E+002  0.78896545E+002  0.13333373E+003  0.16587964E+003
 -0.72355985E+000 -0.55783777E+000 -0.30441420E+000 -0.10682845E+000 -0.53634381E-001  0.23184087E+000  0.11241382E+002  0.44376652E+002  0.78896543E+002  0.13333373E+003  0.16587964E+003
 -0.72355144E+000 -0.55782722E+000 -0.30439598E+000 -0.10681970E+000 -0.53633610E-001  0.23185550E+000  0.11239024E+002  0.44376650E+002  0.78896541E+002  0.13333372E+003  0.16587964E+003
 -0.72354320E+000 -0.55781688E+000 -0.30437834E+000 -0.10681134E+000 -0.53632892E-001  0.23186927E+000  0.11236703E+002  0.44376648E+002  0.78896539E+002  0.13333372E+003  0.16587964E+003
 -0.72353515E+000 -0.55780677E+000 -0.30436131E+000 -0.10680334E+000 -0.53632220E-001  0.23188223E+000  0.11234421E+002  0.44376645E+002  0.78896536E+002  0.13333372E+003  0.16587963E+003
 -0.72352730E+000 -0.55779691E+000 -0.30434490E+000 -0.10679571E+000 -0.53631590E-001  0.23189443E+000  0.11232182E+002  0.44376643E+002  0.78896534E+002  0.13333372E+003  0.16587963E+003
 -0.72351967E+000 -0.55778732E+000 -0.30432915E+000 -0.10678844E+000 -0.53630998E-001  0.23190592E+000  0.11229990E+002  0.44376641E+002  0.78896532E+002  0.13333372E+003  0.16587963E+003
 -0.72351227E+000 -0.55777802E+000 -0.30431406E+000 -0.10678153E+000 -0.53630442E-001  0.23191675E+000  0.11227847E+002  0.44376638E+002  0.78896530E+002  0.13333372E+003  0.16587963E+003
 -0.72350511E+000 -0.55776904E+000 -0.30429966E+000 -0.10677497E+000 -0.53629919E-001  0.23192694E+000  0.11225755E+002  0.44376636E+002  0.78896528E+002  0.13333371E+003  0.16587963E+003
 -0.72349822E+000 -0.55776039E+000 -0.30428595E+000 -0.10676877E+000 -0.53629429E-001  0.23193654E+000  0.11223717E+002  0.44376634E+002  0.78896525E+002  0.13333371E+003  0.16587963E+003
 -0.72349159E+000 -0.55775208E+000 -0.30427294E+000 -0.10676292E+000 -0.53628969E-001  0.23194556E+000  0.11221734E+002  0.44376631E+002  0.78896523E+002  0.13333371E+003  0.16587962E+003
 -0.72348525E+000 -0.55774414E+000 -0.30426064E+000 -0.10675741E+000 -0.53628539E-001  0.23195405E+000  0.11219809E+002  0.44376629E+002  0.78896521E+002  0.13333371E+003  0.16587962E+003
 -0.72347919E+000 -0.55773657E+000 -0.30424905E+000 -0.10675224E+000 -0.53628137E-001  0.23196203E+000  0.11217942E+002  0.44376627E+002  0.78896518E+002  0.13333371E+003  0.16587962E+003
 -0.72347343E+000 -0.55772938E+000 -0.30423817E+000 -0.10674741E+000 -0.53627763E-001  0.23196951E+000  0.11216135E+002  0.44376624E+002  0.78896516E+002  0.13333370E+003  0.16587962E+003
 -0.72346798E+000 -0.55772257E+000 -0.30422798E+000 -0.10674290E+000 -0.53627415E-001  0.23197652E+000  0.11214387E+002  0.44376622E+002  0.78896514E+002  0.13333370E+003  0.16587962E+003
 -0.72346282E+000 -0.55771616E+000 -0.30421848E+000 -0.10673872E+000 -0.53627093E-001  0.23198308E+000  0.11212700E+002  0.44376619E+002  0.78896511E+002  0.13333370E+003  0.16587962E+003
 -0.72345798E+000 -0.55771014E+000 -0.30420965E+000 -0.10673484E+000 -0.53626794E-001  0.23198922E+000  0.11211072E+002  0.44376617E+002  0.78896509E+002  0.13333370E+003  0.16587961E+003
 -0.72345343E+000 -0.55770450E+000 -0.30420147E+000 -0.10673126E+000 -0.53626519E-001  0.23199495E+000  0.11209505E+002  0.44376614E+002  0.78896506E+002  0.13333370E+003  0.16587961E+003
 -0.72344918E+000 -0.55769924E+000 -0.30419393E+000 -0.10672796E+000 -0.53626267E-001  0.23200030E+000  0.11207996E+002  0.44376612E+002  0.78896504E+002  0.13333369E+003  0.16587961E+003
 -0.72344522E+000 -0.55769436E+000 -0.30418699E+000 -0.10672494E+000 -0.53626035E-001  0.23200528E+000  0.11206546E+002  0.44376610E+002  0.78896501E+002  0.13333369E+003  0.16587961E+003
 -0.72344156E+000 -0.55768985E+000 -0.30418063E+000 -0.10672218E+000 -0.53625823E-001  0.23200991E+000  0.11205154E+002  0.44376607E+002  0.78896499E+002  0.13333369E+003  0.16587961E+003
 -0.72343817E+000 -0.55768569E+000 -0.30417482E+000 -0.10671967E+000 -0.53625629E-001  0.23201422E+000  0.11203819E+002  0.44376605E+002  0.78896496E+002  0.13333369E+003  0.16587961E+003
 -0.72343504E+000 -0.55768186E+000 -0.30416954E+000 -0.10671739E+000 -0.53625454E-001  0.23201822E+000  0.11202538E+002  0.44376602E+002  0.78896494E+002  0.13333369E+003  0.16587960E+003
 -0.72343218E+000 -0.55767837E+000 -0.30416476E+000 -0.10671534E+000 -0.53625295E-001  0.23202194E+000  0.11201311E+002  0.44376600E+002  0.78896491E+002  0.13333368E+003  0.16587960E+003
 -0.72342956E+000 -0.55767518E+000 -0.30416044E+000 -0.10671348E+000 -0.53625151E-001  0.23202538E+000  0.11200137E+002  0.44376598E+002  0.78896488E+002  0.13333368E+003  0.16587960E+003
 -0.72342717E+000 -0.55767229E+000 -0.30415655E+000 -0.10671183E+000 -0.53625021E-001  0.23202857E+000  0.11199012E+002  0.44376595E+002  0.78896486E+002  0.13333368E+003  0.16587960E+003
 -0.72342501E+000 -0.55766967E+000 -0.30415307E+000 -0.10671035E+000 -0.53624905E-001  0.23203152E+000  0.11197937E+002  0.44376593E+002  0.78896483E+002  0.13333368E+003  0.16587960E+003
 -0.72342306E+000 -0.55766732E+000 -0.30414996E+000 -0.10670903E+000 -0.53624801E-001  0.23203424E+000  0.11196908E+002  0.44376591E+002  0.78896480E+002  0.13333368E+003  0.16587960E+003
 -0.72342130E+000 -0.55766521E+000 -0.30414720E+000 -0.10670787E+000 -0.53624708E-001  0.23203676E+000  0.11195925E+002  0.44376588E+002  0.78896478E+002  0.13333367E+003  0.16587959E+003
 -0.72341972E+000 -0.55766333E+000 -0.30414476E+000 -0.10670685E+000 -0.53624626E-001  0.23203908E+000  0.11194985E+002  0.44376586E+002  0.78896475E+002  0.13333367E+003  0.16587959E+003
 -0.72341832E+000 -0.55766166E+000 -0.30414262E+000 -0.10670596E+000 -0.53624554E-001  0.23204123E+000  0.11194086E+002  0.44376584E+002  0.78896472E+002  0.13333367E+003  0.16587959E+003
 -0.72341707E+000 -0.55766018E+000 -0.30414075E+000 -0.10670519E+000 -0.53624490E-001  0.23204320E+000  0.11193226E+002  0.44376581E+002  0.78896470E+002  0.13333367E+003  0.16587959E+003
 -0.72341597E+000 -0.55765888E+000 -0.30413912E+000 -0.10670453E+000 -0.53624434E-001  0.23204501E+000  0.11192404E+002  0.44376579E+002  0.78896467E+002  0.13333367E+003  0.16587959E+003
 -0.72341500E+000 -0.55765775E+000 -0.30413772E+000 -0.10670397E+000 -0.53624385E-001  0.23204667E+000  0.11191618E+002  0.44376577E+002  0.78896464E+002  0.13333366E+003  0.16587959E+003
 -0.72341416E+000 -0.55765677E+000 -0.30413653E+000 -0.10670349E+000 -0.53624343E-001  0.23204819E+000  0.11190866E+002  0.44376575E+002  0.78896461E+002  0.13333366E+003  0.16587958E+003
 -0.72341343E+000 -0.55765593E+000 -0.30413552E+000 -0.10670310E+000 -0.53624308E-001  0.23204958E+000  0.11190146E+002  0.44376572E+002  0.78896459E+002  0.13333366E+003  0.16587958E+003
 -0.72341281E+000 -0.55765521E+000 -0.30413468E+000 -0.10670279E+000 -0.53624278E-001  0.23205085E+000  0.11189456E+002  0.44376570E+002  0.78896456E+002  0.13333366E+003  0.16587958E+003
 -0.72341228E+000 -0.55765461E+000 -0.30413400E+000 -0.10670254E+000 -0.53624253E-001  0.23205200E+000  0.11188796E+002  0.44376568E+002  0.78896453E+002  0.13333365E+003  0.16587958E+003
 -0.72341183E+000 -0.55765412E+000 -0.30413345E+000 -0.10670235E+000 -0.53624232E-001  0.23205305E+000  0.11188162E+002  0.44376566E+002  0.78896450E+002  0.13333365E+003  0.16587958E+003
 -0.72341147E+000 -0.55765371E+000 -0.30413303E+000 -0.10670222E+000 -0.53624216E-001  0.23205399E+000  0.11187554E+002  0.44376564E+002  0.78896448E+002  0.13333365E+003  0.16587958E+003
 -0.72341117E+000 -0.55765339E+000 -0.30413272E+000 -0.10670214E+000 -0.53624203E-001  0.23205483E+000  0.11186971E+002  0.44376562E+002  0.78896445E+002  0.13333365E+003  0.16587957E+003
 -0.72341094E+000 -0.55765315E+000 -0.30413251E+000 -0.10670210E+000 -0.53624194E-001  0.23205559E+000  0.11186410E+002  0.44376560E+002  0.78896442E+002  0.13333364E+003  0.16587957E+003
 -0.72341077E+000 -0.55765297E+000 -0.30413239E+000 -0.10670210E+000 -0.53624189E-001  0.23205626E+000  0.11185870E+002  0.44376558E+002  0.78896439E+002  0.13333364E+003  0.16587957E+003
 -0.72341065E+000 -0.55765286E+000 -0.30413235E+000 -0.10670213E+000 -0.53624186E-001  0.23205686E+000  0.11185351E+002  0.44376555E+002  0.78896437E+002  0.13333364E+003  0.16587957E+003
 -0.72341057E+000 -0.55765279E+000 -0.30413239E+000 -0.10670220E+000 -0.53624185E-001  0.23205738E+000  0.11184851E+002  0.44376553E+002  0.78896434E+002  0.13333364E+003  0.16587957E+003
 -0.72341054E+000 -0.55765278E+000 -0.30413248E+000 -0.10670229E+000 -0.53624187E-001  0.23205783E+000  0.11184369E+002  0.44376551E+002  0.78896431E+002  0.13333364E+003  0.16587956E+003
 -0.72341054E+000 -0.55765281E+000 -0.30413263E+000 -0.10670241E+000 -0.53624191E-001  0.23205822E+000  0.11183903E+002  0.44376550E+002  0.78896429E+002  0.13333363E+003  0.16587956E+003
 -0.72341057E+000 -0.55765288E+000 -0.30413283E+000 -0.10670255E+000 -0.53624196E-001  0.23205856E+000  0.11183454E+002  0.44376548E+002  0.78896426E+002  0.13333363E+003  0.16587956E+003
 -0.72341063E+000 -0.55765298E+000 -0.30413308E+000 -0.10670271E+000 -0.53624203E-001  0.23205884E+000  0.11183020E+002  0.44376546E+002  0.78896423E+002  0.13333363E+003  0.16587956E+003
 -0.72341072E+000 -0.55765310E+000 -0.30413335E+000 -0.10670288E+000 -0.53624212E-001  0.23205906E+000  0.11182599E+002  0.44376544E+002  0.78896420E+002  0.13333363E+003  0.16587956E+003
 -0.72341083E+000 -0.55765326E+000 -0.30413366E+000 -0.10670307E+000 -0.53624221E-001  0.23205925E+000  0.11182192E+002  0.44376542E+002  0.78896418E+002  0.13333362E+003  0.16587956E+003
 -0.72341095E+000 -0.55765343E+000 -0.30413400E+000 -0.10670326E+000 -0.53624232E-001  0.23205939E+000  0.11181798E+002  0.44376540E+002  0.78896415E+002  0.13333362E+003  0.16587955E+003
 -0.72341110E+000 -0.55765362E+000 -0.30413435E+000 -0.10670346E+000 -0.53624244E-001  0.23205950E+000  0.11181416E+002  0.44376538E+002  0.78896413E+002  0.13333362E+003  0.16587955E+003
 -0.72341125E+000 -0.55765382E+000 -0.30413472E+000 -0.10670368E+000 -0.53624256E-001  0.23205957E+000  0.11181045E+002  0.44376537E+002  0.78896410E+002  0.13333362E+003  0.16587955E+003
 -0.72341141E+000 -0.55765404E+000 -0.30413511E+000 -0.10670389E+000 -0.53624269E-001  0.23205961E+000  0.11180685E+002  0.44376535E+002  0.78896407E+002  0.13333361E+003  0.16587955E+003
 -0.72341159E+000 -0.55765426E+000 -0.30413550E+000 -0.10670411E+000 -0.53624283E-001  0.23205963E+000  0.11180335E+002  0.44376533E+002  0.78896405E+002  0.13333361E+003  0.16587955E+003
 -0.72341177E+000 -0.55765449E+000 -0.30413590E+000 -0.10670433E+000 -0.53624297E-001  0.23205962E+000  0.11179996E+002  0.44376532E+002  0.78896402E+002  0.13333361E+003  0.16587955E+003
 -0.72341195E+000 -0.55765473E+000 -0.30413631E+000 -0.10670455E+000 -0.53624311E-001  0.23205959E+000  0.11179666E+002  0.44376530E+002  0.78896400E+002  0.13333361E+003  0.16587954E+003
 -0.72341214E+000 -0.55765497E+000 -0.30413671E+000 -0.10670477E+000 -0.53624325E-001  0.23205954E+000  0.11179344E+002  0.44376528E+002  0.78896397E+002  0.13333361E+003  0.16587954E+003
 -0.72341233E+000 -0.55765521E+000 -0.30413712E+000 -0.10670499E+000 -0.53624339E-001  0.23205947E+000  0.11179032E+002  0.44376527E+002  0.78896395E+002  0.13333360E+003  0.16587954E+003
 -0.72341252E+000 -0.55765545E+000 -0.30413752E+000 -0.10670521E+000 -0.53624354E-001  0.23205939E+000  0.11178728E+002  0.44376525E+002  0.78896392E+002  0.13333360E+003  0.16587954E+003
 -0.72341271E+000 -0.55765569E+000 -0.30413792E+000 -0.10670542E+000 -0.53624368E-001  0.23205930E+000  0.11178432E+002  0.44376524E+002  0.78896390E+002  0.13333360E+003  0.16587954E+003
 -0.72341290E+000 -0.55765592E+000 -0.30413831E+000 -0.10670563E+000 -0.53624382E-001  0.23205920E+000  0.11178145E+002  0.44376522E+002  0.78896387E+002  0.13333360E+003  0.16587954E+003
 -0.72341309E+000 -0.55765616E+000 -0.30413869E+000 -0.10670584E+000 -0.53624396E-001  0.23205909E+000  0.11177865E+002  0.44376521E+002  0.78896385E+002  0.13333359E+003  0.16587953E+003
 -0.72341327E+000 -0.55765639E+000 -0.30413907E+000 -0.10670604E+000 -0.53624410E-001  0.23205897E+000  0.11177592E+002  0.44376519E+002  0.78896383E+002  0.13333359E+003  0.16587953E+003
 -0.72341346E+000 -0.55765661E+000 -0.30413944E+000 -0.10670624E+000 -0.53624424E-001  0.23205885E+000  0.11177327E+002  0.44376518E+002  0.78896381E+002  0.13333359E+003  0.16587953E+003
 -0.72341363E+000 -0.55765683E+000 -0.30413980E+000 -0.10670643E+000 -0.53624437E-001  0.23205872E+000  0.11177068E+002  0.44376517E+002  0.78896378E+002  0.13333359E+003  0.16587953E+003
 -0.72341381E+000 -0.55765705E+000 -0.30414015E+000 -0.10670661E+000 -0.53624450E-001  0.23205859E+000  0.11176817E+002  0.44376515E+002  0.78896376E+002  0.13333358E+003  0.16587953E+003
 -0.72341398E+000 -0.55765726E+000 -0.30414048E+000 -0.10670679E+000 -0.53624463E-001  0.23205845E+000  0.11176573E+002  0.44376514E+002  0.78896374E+002  0.13333358E+003  0.16587953E+003
 -0.72341414E+000 -0.55765746E+000 -0.30414081E+000 -0.10670697E+000 -0.53624476E-001  0.23205832E+000  0.11176335E+002  0.44376513E+002  0.78896372E+002  0.13333358E+003  0.16587952E+003
 -0.72341430E+000 -0.55765765E+000 -0.30414113E+000 -0.10670714E+000 -0.53624488E-001  0.23205818E+000  0.11176103E+002  0.44376511E+002  0.78896370E+002  0.13333358E+003  0.16587952E+003
 -0.72341445E+000 -0.55765784E+000 -0.30414143E+000 -0.10670730E+000 -0.53624500E-001  0.23205805E+000  0.11175878E+002  0.44376510E+002  0.78896367E+002  0.13333358E+003  0.16587952E+003
 -0.72341460E+000 -0.55765803E+000 -0.30414173E+000 -0.10670746E+000 -0.53624511E-001  0.23205791E+000  0.11175660E+002  0.44376509E+002  0.78896365E+002  0.13333357E+003  0.16587952E+003
 -0.72341475E+000 -0.55765820E+000 -0.30414201E+000 -0.10670761E+000 -0.53624523E-001  0.23205778E+000  0.11175447E+002  0.44376508E+002  0.78896363E+002  0.13333357E+003  0.16587952E+003
 -0.72341489E+000 -0.55765837E+000 -0.30414228E+000 -0.10670775E+000 -0.53624533E-001  0.23205765E+000  0.11175241E+002  0.44376507E+002  0.78896361E+002  0.13333357E+003  0.16587952E+003
 -0.72341502E+000 -0.55765854E+000 -0.30414254E+000 -0.10670789E+000 -0.53624544E-001  0.23205752E+000  0.11175040E+002  0.44376506E+002  0.78896359E+002  0.13333357E+003  0.16587952E+003
 -0.72341515E+000 -0.55765869E+000 -0.30414279E+000 -0.10670803E+000 -0.53624554E-001  0.23205739E+000  0.11174846E+002  0.44376505E+002  0.78896358E+002  0.13333357E+003  0.16587951E+003
 -0.72341527E+000 -0.55765884E+000 -0.30414303E+000 -0.10670816E+000 -0.53624564E-001  0.23205727E+000  0.11174657E+002  0.44376504E+002  0.78896356E+002  0.13333356E+003  0.16587951E+003
 -0.72341539E+000 -0.55765899E+000 -0.30414326E+000 -0.10670828E+000 -0.53624573E-001  0.23205715E+000  0.11174474E+002  0.44376503E+002  0.78896354E+002  0.13333356E+003  0.16587951E+003
 -0.72341550E+000 -0.55765913E+000 -0.30414348E+000 -0.10670840E+000 -0.53624582E-001  0.23205703E+000  0.11174296E+002  0.44376502E+002  0.78896352E+002  0.13333356E+003  0.16587951E+003
 -0.72341561E+000 -0.55765926E+000 -0.30414369E+000 -0.10670851E+000 -0.53624591E-001  0.23205692E+000  0.11174124E+002  0.44376501E+002  0.78896350E+002  0.13333356E+003  0.16587951E+003
 -0.72341571E+000 -0.55765938E+000 -0.30414389E+000 -0.10670862E+000 -0.53624599E-001  0.23205681E+000  0.11173957E+002  0.44376500E+002  0.78896349E+002  0.13333356E+003  0.16587951E+003
 -0.72341581E+000 -0.55765950E+000 -0.30414408E+000 -0.10670873E+000 -0.53624607E-001  0.23205670E+000  0.11173796E+002  0.44376499E+002  0.78896347E+002  0.13333355E+003  0.16587951E+003
 -0.72341590E+000 -0.55765962E+000 -0.30414426E+000 -0.10670882E+000 -0.53624615E-001  0.23205660E+000  0.11173640E+002  0.44376498E+002  0.78896345E+002  0.13333355E+003  0.16587951E+003
 -0.72341599E+000 -0.55765973E+000 -0.30414444E+000 -0.10670892E+000 -0.53624622E-001  0.23205651E+000  0.11173489E+002  0.44376497E+002  0.78896344E+002  0.13333355E+003  0.16587950E+003
 -0.72341608E+000 -0.55765983E+000 -0.30414460E+000 -0.10670901E+000 -0.53624629E-001  0.23205641E+000  0.11173342E+002  0.44376496E+002  0.78896342E+002  0.13333355E+003  0.16587950E+003
 -0.72341616E+000 -0.55765993E+000 -0.30414475E+000 -0.10670909E+000 -0.53624636E-001  0.23205633E+000  0.11173201E+002  0.44376496E+002  0.78896341E+002  0.13333355E+003  0.16587950E+003
 -0.72341623E+000 -0.55766002E+000 -0.30414490E+000 -0.10670917E+000 -0.53624642E-001  0.23205625E+000  0.11173065E+002  0.44376495E+002  0.78896339E+002  0.13333354E+003  0.16587950E+003
 -0.72341630E+000 -0.55766011E+000 -0.30414504E+000 -0.10670925E+000 -0.53624648E-001  0.23205617E+000  0.11172933E+002  0.44376494E+002  0.78896338E+002  0.13333354E+003  0.16587950E+003
 -0.72341637E+000 -0.55766019E+000 -0.30414517E+000 -0.10670932E+000 -0.53624654E-001  0.23205610E+000  0.11172806E+002  0.44376493E+002  0.78896336E+002  0.13333354E+003  0.16587950E+003
 -0.72341644E+000 -0.55766027E+000 -0.30414529E+000 -0.10670939E+000 -0.53624659E-001  0.23205603E+000  0.11172684E+002  0.44376493E+002  0.78896335E+002  0.13333354E+003  0.16587950E+003
 -0.72341649E+000 -0.55766034E+000 -0.30414541E+000 -0.10670946E+000 -0.53624665E-001  0.23205597E+000  0.11172566E+002  0.44376492E+002  0.78896333E+002  0.13333354E+003  0.16587950E+003
 -0.72341655E+000 -0.55766041E+000 -0.30414551E+000 -0.10670952E+000 -0.53624669E-001  0.23205591E+000  0.11172452E+002  0.44376491E+002  0.78896332E+002  0.13333354E+003  0.16587949E+003
 -0.72341660E+000 -0.55766047E+000 -0.30414561E+000 -0.10670957E+000 -0.53624674E-001  0.23205586E+000  0.11172343E+002  0.44376491E+002  0.78896331E+002  0.13333353E+003  0.16587949E+003
 -0.72341665E+000 -0.55766053E+000 -0.30414571E+000 -0.10670963E+000 -0.53624678E-001  0.23205581E+000  0.11172238E+002  0.44376490E+002  0.78896330E+002  0.13333353E+003  0.16587949E+003
 -0.72341670E+000 -0.55766059E+000 -0.30414580E+000 -0.10670968E+000 -0.53624682E-001  0.23205577E+000  0.11172136E+002  0.44376489E+002  0.78896328E+002  0.13333353E+003  0.16587949E+003
 -0.72341674E+000 -0.55766064E+000 -0.30414588E+000 -0.10670972E+000 -0.53624686E-001  0.23205574E+000  0.11172039E+002  0.44376489E+002  0.78896327E+002  0.13333353E+003  0.16587949E+003
 -0.72341678E+000 -0.55766069E+000 -0.30414595E+000 -0.10670977E+000 -0.53624689E-001  0.23205571E+000  0.11171946E+002  0.44376488E+002  0.78896326E+002  0.13333353E+003  0.16587949E+003
 -0.72341681E+000 -0.55766073E+000 -0.30414602E+000 -0.10670981E+000 -0.53624692E-001  0.23205568E+000  0.11171856E+002  0.44376488E+002  0.78896325E+002  0.13333353E+003  0.16587949E+003
 -0.72341685E+000 -0.55766077E+000 -0.30414609E+000 -0.10670984E+000 -0.53624695E-001  0.23205566E+000  0.11171770E+002  0.44376487E+002  0.78896324E+002  0.13333353E+003  0.16587949E+003
 -0.72341688E+000 -0.55766081E+000 -0.30414614E+000 -0.10670988E+000 -0.53624698E-001  0.23205564E+000  0.11171688E+002  0.44376487E+002  0.78896323E+002  0.13333352E+003  0.16587949E+003
 -0.72341690E+000 -0.55766084E+000 -0.30414620E+000 -0.10670991E+000 -0.53624700E-001  0.23205563E+000  0.11171609E+002  0.44376486E+002  0.78896322E+002  0.13333352E+003  0.16587948E+003
 -0.72341693E+000 -0.55766087E+000 -0.30414625E+000 -0.10670994E+000 -0.53624702E-001  0.23205562E+000  0.11171534E+002  0.44376486E+002  0.78896321E+002  0.13333352E+003  0.16587948E+003
 -0.72341695E+000 -0.55766090E+000 -0.30414629E+000 -0.10670997E+000 -0.53624704E-001  0.23205562E+000  0.11171461E+002  0.44376485E+002  0.78896320E+002  0.13333352E+003  0.16587948E+003
 -0.72341697E+000 -0.55766092E+000 -0.30414633E+000 -0.10670999E+000 -0.53624706E-001  0.23205562E+000  0.11171392E+002  0.44376485E+002  0.78896319E+002  0.13333352E+003  0.16587948E+003
 -0.72341698E+000 -0.55766094E+000 -0.30414636E+000 -0.10671001E+000 -0.53624708E-001  0.23205563E+000  0.11171327E+002  0.44376485E+002  0.78896318E+002  0.13333352E+003  0.16587948E+003
 -0.72341700E+000 -0.55766096E+000 -0.30414639E+000 -0.10671003E+000 -0.53624709E-001  0.23205564E+000  0.11171264E+002  0.44376484E+002  0.78896317E+002  0.13333352E+003  0.16587948E+003
 -0.72341701E+000 -0.55766098E+000 -0.30414642E+000 -0.10671005E+000 -0.53624710E-001  0.23205565E+000  0.11171204E+002  0.44376484E+002  0.78896316E+002  0.13333351E+003  0.16587948E+003
 -0.72341702E+000 -0.55766099E+000 -0.30414644E+000 -0.10671006E+000 -0.53624711E-001  0.23205567E+000  0.11171146E+002  0.44376484E+002  0.78896316E+002  0.13333351E+003  0.16587948E+003
 -0.72341703E+000 -0.55766101E+000 -0.30414646E+000 -0.10671008E+000 -0.53624712E-001  0.23205569E+000  0.11171092E+002  0.44376483E+002  0.78896315E+002  0.13333351E+003  0.16587948E+003
 -0.72341704E+000 -0.55766101E+000 -0.30414648E+000 -0.10671009E+000 -0.53624712E-001  0.23205572E+000  0.11171040E+002  0.44376483E+002  0.78896314E+002  0.13333351E+003  0.16587948E+003
 -0.72341704E+000 -0.55766102E+000 -0.30414649E+000 -0.10671010E+000 -0.53624713E-001  0.23205575E+000  0.11170991E+002  0.44376483E+002  0.78896313E+002  0.13333351E+003  0.16587948E+003
 -0.72341705E+000 -0.55766103E+000 -0.30414650E+000 -0.10671011E+000 -0.53624713E-001  0.23205578E+000  0.11170944E+002  0.44376482E+002  0.78896313E+002  0.13333351E+003  0.16587947E+003
 -0.72341705E+000 -0.55766103E+000 -0.30414650E+000 -0.10671011E+000 -0.53624713E-001  0.23205581E+000  0.11170900E+002  0.44376482E+002  0.78896312E+002  0.13333351E+003  0.16587947E+003
 -0.72341705E+000 -0.55766103E+000 -0.30414651E+000 -0.10671012E+000 -0.53624713E-001  0.23205585E+000  0.11170857E+002  0.44376482E+002  0.78896311E+002  0.13333351E+003  0.16587947E+003
 -0.72341705E+000 -0.55766103E+000 -0.30414651E+000 -0.10671012E+000 -0.53624713E-001  0.23205589E+000  0.11170817E+002  0.44376481E+002  0.78896311E+002  0.13333351E+003  0.16587947E+003
 -0.72341705E+000 -0.55766103E+000 -0.30414651E+000 -0.10671012E+000 -0.53624713E-001  0.23205593E+000  0.11170780E+002  0.44376481E+002  0.78896310E+002  0.13333351E+003  0.16587947E+003
 -0.72341704E+000 -0.55766103E+000 -0.30414651E+000 -0.10671012E+000 -0.53624712E-001  0.23205597E+000  0.11170744E+002  0.44376481E+002  0.78896309E+002  0.13333350E+003  0.16587947E+003
 -0.72341704E+000 -0.55766103E+000 -0.30414650E+000 -0.10671012E+000 -0.53624712E-001  0.23205602E+000  0.11170710E+002  0.44376481E+002  0.78896309E+002  0.13333350E+003  0.16587947E+003
 -0.72341704E+000 -0.55766102E+000 -0.30414649E+000 -0.10671012E+000 -0.53624711E-001  0.23205607E+000  0.11170678E+002  0.44376480E+002  0.78896308E+002  0.13333350E+003  0.16587947E+003
 -0.72341703E+000 -0.55766102E+000 -0.30414649E+000 -0.10671012E+000 -0.53624711E-001  0.23205612E+000  0.11170648E+002  0.44376480E+002  0.78896308E+002  0.13333350E+003  0.16587947E+003
 -0.72341702E+000 -0.55766101E+000 -0.30414648E+000 -0.10671012E+000 -0.53624710E-001  0.23205617E+000  0.11170619E+002  0.44376480E+002  0.78896307E+002  0.13333350E+003  0.16587947E+003
 -0.72341701E+000 -0.55766100E+000 -0.30414647E+000 -0.10671011E+000 -0.53624709E-001  0.23205622E+000  0.11170592E+002  0.44376480E+002  0.78896307E+002  0.13333350E+003  0.16587947E+003
 -0.72341701E+000 -0.55766099E+000 -0.30414645E+000 -0.10671011E+000 -0.53624708E-001  0.23205628E+000  0.11170567E+002  0.44376480E+002  0.78896306E+002  0.13333350E+003  0.16587947E+003
 -0.72341700E+000 -0.55766099E+000 -0.30414644E+000 -0.10671010E+000 -0.53624707E-001  0.23205634E+000  0.11170544E+002  0.44376479E+002  0.78896306E+002  0.13333350E+003  0.16587947E+003
 -0.72341699E+000 -0.55766098E+000 -0.30414642E+000 -0.10671010E+000 -0.53624706E-001  0.23205639E+000  0.11170521E+002  0.44376479E+002  0.78896305E+002  0.13333350E+003  0.16587947E+003
 -0.72341698E+000 -0.55766096E+000 -0.30414641E+000 -0.10671009E+000 -0.53624705E-001  0.23205645E+000  0.11170501E+002  0.44376479E+002  0.78896305E+002  0.13333350E+003  0.16587946E+003
 -0.72341697E+000 -0.55766095E+000 -0.30414639E+000 -0.10671008E+000 -0.53624703E-001  0.23205651E+000  0.11170481E+002  0.44376479E+002  0.78896305E+002  0.13333350E+003  0.16587946E+003
 -0.72341696E+000 -0.55766094E+000 -0.30414637E+000 -0.10671007E+000 -0.53624702E-001  0.23205658E+000  0.11170463E+002  0.44376479E+002  0.78896304E+002  0.13333350E+003  0.16587946E+003
 -0.72341694E+000 -0.55766093E+000 -0.30414635E+000 -0.10671006E+000 -0.53624701E-001  0.23205664E+000  0.11170446E+002  0.44376479E+002  0.78896304E+002  0.13333350E+003  0.16587946E+003
 -0.72341693E+000 -0.55766092E+000 -0.30414634E+000 -0.10671006E+000 -0.53624700E-001  0.23205670E+000  0.11170430E+002  0.44376478E+002  0.78896304E+002  0.13333349E+003  0.16587946E+003
 -0.72341692E+000 -0.55766090E+000 -0.30414632E+000 -0.10671005E+000 -0.53624698E-001  0.23205677E+000  0.11170415E+002  0.44376478E+002  0.78896303E+002  0.13333349E+003  0.16587946E+003
 -0.72341691E+000 -0.55766089E+000 -0.30414630E+000 -0.10671004E+000 -0.53624697E-001  0.23205684E+000  0.11170402E+002  0.44376478E+002  0.78896303E+002  0.13333349E+003  0.16587946E+003
 -0.72341689E+000 -0.55766088E+000 -0.30414628E+000 -0.10671003E+000 -0.53624695E-001  0.23205690E+000  0.11170390E+002  0.44376478E+002  0.78896303E+002  0.13333349E+003  0.16587946E+003
 -0.72341688E+000 -0.55766086E+000 -0.30414625E+000 -0.10671002E+000 -0.53624694E-001  0.23205697E+000  0.11170378E+002  0.44376478E+002  0.78896302E+002  0.13333349E+003  0.16587946E+003
 -0.72341687E+000 -0.55766085E+000 -0.30414623E+000 -0.10671001E+000 -0.53624692E-001  0.23205705E+000  0.11170368E+002  0.44376478E+002  0.78896302E+002  0.13333349E+003  0.16587946E+003
 -0.72341685E+000 -0.55766083E+000 -0.30414621E+000 -0.10671000E+000 -0.53624691E-001  0.23205712E+000  0.11170359E+002  0.44376478E+002  0.78896302E+002  0.13333349E+003  0.16587946E+003
 -0.72341684E+000 -0.55766082E+000 -0.30414619E+000 -0.10670999E+000 -0.53624689E-001  0.23205720E+000  0.11170351E+002  0.44376478E+002  0.78896301E+002  0.13333349E+003  0.16587946E+003
 -0.72341683E+000 -0.55766080E+000 -0.30414616E+000 -0.10670998E+000 -0.53624687E-001  0.23205728E+000  0.11170344E+002  0.44376477E+002  0.78896301E+002  0.13333349E+003  0.16587946E+003
 -0.72341682E+000 -0.55766079E+000 -0.30414615E+000 -0.10670997E+000 -0.53624686E-001  0.23205734E+000  0.11170338E+002  0.44376477E+002  0.78896301E+002  0.13333349E+003  0.16587946E+003
 -0.72341680E+000 -0.55766078E+000 -0.30414613E+000 -0.10670997E+000 -0.53624685E-001  0.23205740E+000  0.11170333E+002  0.44376477E+002  0.78896301E+002  0.13333349E+003  0.16587946E+003
