  0.00000000E+000  0.00000000E+000  0.00000000E+000  0.00000000E+000  0.00000000E+000  0.00000000E+000  0.10074799E+002  0.40841547E+002  0.75421165E+002  0.12687923E+003  0.15902277E+003
  0.00000000E+000  0.00000000E+000  0.00000000E+000  0.00000000E+000  0.00000000E+000  0.00000000E+000  0.10079539E+002  0.40857175E+002  0.75447582E+002  0.12692633E+003  0.15907598E+003
  0.00000000E+000  0.00000000E+000  0.00000000E+000  0.00000000E+000  0.00000000E+000  0.00000000E+000  0.10082881E+002  0.40868477E+002  0.75466607E+002  0.12696132E+003  0.15911346E+003
  0.00000000E+000  0.00000000E+000  0.00000000E+000  0.00000000E+000  0.00000000E+000  0.00000000E+000  0.10085507E+002  0.40877549E+002  0.75481898E+002  0.12699002E+003  0.15914347E+003
  0.00000000E+000  0.00000000E+000  0.00000000E+000  0.00000000E+000  0.00000000E+000  0.00000000E+000  0.10087621E+002  0.40884976E+002  0.75494508E+002  0.12701392E+003  0.15916807E+003
  0.00000000E+000  0.00000000E+000  0.00000000E+000  0.00000000E+000  0.00000000E+000  0.00000000E+000  0.10089332E+002  0.40891094E+002  0.75505035E+002  0.12703383E+003  0.15918848E+003
  0.00000000E+000  0.00000000E+000  0.00000000E+000  0.00000000E+000  0.00000000E+000  0.00000000E+000  0.10090714E+002  0.40896143E+002  0.75513865E+002  0.12705038E+003  0.15920547E+003
  0.00000000E+000  0.00000000E+000  0.00000000E+000  0.00000000E+000  0.00000000E+000  0.00000000E+000  0.10091829E+002  0.40900314E+002  0.75521258E+002  0.12706409E+003  0.15921964E+003
  0.00000000E+000  0.00000000E+000  0.00000000E+000  0.00000000E+000  0.00000000E+000  0.00000000E+000  0.10092722E+002  0.40903780E+002  0.75527496E+002  0.12707547E+003  0.15923147E+003
  0.00000000E+000  0.00000000E+000  0.00000000E+000  0.00000000E+000  0.00000000E+000  0.00000000E+000  0.10093432E+002  0.40906697E+002  0.75532747E+002  0.12708497E+003  0.15924138E+003
  0.00000000E+000  0.00000000E+000  0.00000000E+000  0.00000000E+000  0.00000000E+000  0.00000000E+000  0.10093990E+002  0.40909149E+002  0.75537175E+002  0.12709290E+003  0.15924970E+003
  0.00000000E+000  0.00000000E+000  0.00000000E+000  0.00000000E+000  0.00000000E+000  0.00000000E+000  0.10094421E+002  0.40911200E+002  0.75540916E+002  0.12709952E+003  0.15925668E+003
  0.00000000E+000  0.00000000E+000  0.00000000E+000  0.00000000E+000  0.00000000E+000  0.00000000E+000  0.10094746E+002  0.40912911E+002  0.75544078E+002  0.12710506E+003  0.15926254E+003
  0.00000000E+000  0.00000000E+000  0.00000000E+000  0.00000000E+000  0.00000000E+000  0.00000000E+000  0.10094981E+002  0.40914334E+002  0.75546732E+002  0.12710967E+003  0.15926745E+003
  0.00000000E+000  0.00000000E+000  0.00000000E+000  0.00000000E+000  0.00000000E+000  0.00000000E+000  0.10095141E+002  0.40915503E+002  0.75548941E+002  0.12711350E+003  0.15927154E+003
  0.00000000E+000  0.00000000E+000  0.00000000E+000  0.00000000E+000  0.00000000E+000  0.00000000E+000  0.10095237E+002  0.40916449E+002  0.75550771E+002  0.12711667E+003  0.15927495E+003
  0.00000000E+000  0.00000000E+000  0.00000000E+000  0.00000000E+000  0.00000000E+000  0.00000000E+000  0.10095277E+002  0.40917204E+002  0.75552271E+002  0.12711926E+003  0.15927774E+003
  0.00000000E+000  0.00000000E+000  0.00000000E+000  0.00000000E+000  0.00000000E+000  0.00000000E+000  0.10095269E+002  0.40917791E+002  0.75553485E+002  0.12712134E+003  0.15928001E+003
  0.00000000E+000  0.00000000E+000  0.00000000E+000  0.00000000E+000  0.00000000E+000  0.00000000E+000  0.10095220E+002  0.40918231E+002  0.75554449E+002  0.12712299E+003  0.15928182E+003
  0.00000000E+000  0.00000000E+000  0.00000000E+000  0.00000000E+000  0.00000000E+000  0.00000000E+000  0.10095134E+002  0.40918543E+002  0.75555194E+002  0.12712425E+003  0.15928323E+003
  0.00000000E+000  0.00000000E+000  0.00000000E+000  0.00000000E+000  0.00000000E+000  0.00000000E+000  0.10095018E+002  0.40918742E+002  0.75555746E+002  0.12712518E+003  0.15928428E+003
  0.00000000E+000  0.00000000E+000  0.00000000E+000  0.00000000E+000  0.00000000E+000  0.00000000E+000  0.10094873E+002  0.40918841E+002  0.75556129E+002  0.12712584E+003  0.15928502E+003
  0.00000000E+000  0.00000000E+000  0.00000000E+000  0.00000000E+000  0.00000000E+000  0.00000000E+000  0.10094704E+002  0.40918851E+002  0.75556362E+002  0.12712624E+003  0.15928548E+003
  0.00000000E+000  0.00000000E+000  0.00000000E+000  0.00000000E+000  0.00000000E+000  0.00000000E+000  0.10094513E+002  0.40918783E+002  0.75556462E+002  0.12712642E+003  0.15928570E+003
  0.00000000E+000  0.00000000E+000  0.00000000E+000  0.00000000E+000  0.00000000E+000  0.00000000E+000  0.10094303E+002  0.40918645E+002  0.75556445E+002  0.12712641E+003  0.15928569E+003
  0.00000000E+000  0.00000000E+000  0.00000000E+000  0.00000000E+000  0.00000000E+000  0.00000000E+000  0.10094076E+002  0.40918445E+002  0.75556324E+002  0.12712622E+003  0.15928549E+003
  0.00000000E+000  0.00000000E+000  0.00000000E+000  0.00000000E+000  0.00000000E+000  0.00000000E+000  0.10093834E+002  0.40918190E+002  0.75556110E+002  0.12712588E+003  0.15928512E+003
  0.00000000E+000  0.00000000E+000  0.00000000E+000  0.00000000E+000  0.00000000E+000  0.00000000E+000  0.10093579E+002  0.40917887E+002  0.75555814E+002  0.12712540E+003  0.15928460E+003
  0.00000000E+000  0.00000000E+000  0.00000000E+000  0.00000000E+000  0.00000000E+000  0.00000000E+000  0.10093313E+002  0.40917539E+002  0.75555446E+002  0.12712481E+003  0.15928394E+003
  0.00000000E+000  0.00000000E+000  0.00000000E+000  0.00000000E+000  0.00000000E+000  0.00000000E+000  0.10093035E+002  0.40917152E+002  0.75555010E+002  0.12712409E+003  0.15928315E+003
  0.00000000E+000  0.00000000E+000  0.00000000E+000  0.00000000E+000  0.00000000E+000  0.00000000E+000  0.10092748E+002  0.40916728E+002  0.75554515E+002  0.12712328E+003  0.15928225E+003
  0.00000000E+000  0.00000000E+000  0.00000000E+000  0.00000000E+000  0.00000000E+000  0.00000000E+000  0.10092453E+002  0.40916275E+002  0.75553969E+002  0.12712238E+003  0.15928125E+003
  0.00000000E+000  0.00000000E+000  0.00000000E+000  0.00000000E+000  0.00000000E+000  0.00000000E+000  0.10092151E+002  0.40915795E+002  0.75553379E+002  0.12712142E+003  0.15928017E+003
  0.00000000E+000  0.00000000E+000  0.00000000E+000  0.00000000E+000  0.00000000E+000  0.00000000E+000  0.10091844E+002  0.40915293E+002  0.75552753E+002  0.12712038E+003  0.15927902E+003
  0.00000000E+000  0.00000000E+000  0.00000000E+000  0.00000000E+000  0.00000000E+000  0.00000000E+000  0.10091531E+002  0.40914771E+002  0.75552095E+002  0.12711930E+003  0.15927781E+003
  0.00000000E+000  0.00000000E+000  0.00000000E+000  0.00000000E+000  0.00000000E+000  0.00000000E+000  0.10091215E+002  0.40914234E+002  0.75551411E+002  0.12711817E+003  0.15927655E+003
  0.00000000E+000  0.00000000E+000  0.00000000E+000  0.00000000E+000  0.00000000E+000  0.00000000E+000  0.10090895E+002  0.40913682E+002  0.75550703E+002  0.12711700E+003  0.15927525E+003
  0.00000000E+000  0.00000000E+000  0.00000000E+000  0.00000000E+000  0.00000000E+000  0.00000000E+000  0.10090573E+002  0.40913117E+002  0.75549976E+002  0.12711580E+003  0.15927390E+003
  0.00000000E+000  0.00000000E+000  0.00000000E+000  0.00000000E+000  0.00000000E+000  0.00000000E+000  0.10090248E+002  0.40912542E+002  0.75549233E+002  0.12711457E+003  0.15927253E+003
  0.00000000E+000  0.00000000E+000  0.00000000E+000  0.00000000E+000  0.00000000E+000  0.00000000E+000  0.10089921E+002  0.40911958E+002  0.75548475E+002  0.12711331E+003  0.15927113E+003
  0.00000000E+000  0.00000000E+000  0.00000000E+000  0.00000000E+000  0.00000000E+000  0.00000000E+000  0.10089594E+002  0.40911364E+002  0.75547705E+002  0.12711204E+003  0.15926970E+003
  0.00000000E+000  0.00000000E+000  0.00000000E+000  0.00000000E+000  0.00000000E+000  0.00000000E+000  0.10089265E+002  0.40910763E+002  0.75546923E+002  0.12711074E+003  0.15926825E+003
  0.00000000E+000  0.00000000E+000  0.00000000E+000  0.00000000E+000  0.00000000E+000  0.00000000E+000  0.10088936E+002  0.40910155E+002  0.75546131E+002  0.12710943E+003  0.15926679E+003
  0.00000000E+000  0.00000000E+000  0.00000000E+000  0.00000000E+000  0.00000000E+000  0.00000000E+000  0.10088606E+002  0.40909539E+002  0.75545330E+002  0.12710811E+003  0.15926530E+003
  0.00000000E+000  0.00000000E+000  0.00000000E+000  0.00000000E+000  0.00000000E+000  0.00000000E+000  0.10088277E+002  0.40908916E+002  0.75544520E+002  0.12710677E+003  0.15926380E+003
  0.00000000E+000  0.00000000E+000  0.00000000E+000  0.00000000E+000  0.00000000E+000  0.00000000E+000  0.10087947E+002  0.40908286E+002  0.75543701E+002  0.12710541E+003  0.15926228E+003
  0.00000000E+000  0.00000000E+000  0.00000000E+000  0.00000000E+000  0.00000000E+000  0.00000000E+000  0.10087618E+002  0.40907648E+002  0.75542874E+002  0.12710404E+003  0.15926075E+003
  0.00000000E+000  0.00000000E+000  0.00000000E+000  0.00000000E+000  0.00000000E+000  0.00000000E+000  0.10087290E+002  0.40907003E+002  0.75542038E+002  0.12710266E+003  0.15925920E+003
  0.00000000E+000  0.00000000E+000  0.00000000E+000  0.00000000E+000  0.00000000E+000  0.00000000E+000  0.10086962E+002  0.40906350E+002  0.75541193E+002  0.12710127E+003  0.15925763E+003
  0.00000000E+000  0.00000000E+000  0.00000000E+000  0.00000000E+000  0.00000000E+000  0.00000000E+000  0.10086636E+002  0.40905690E+002  0.75540339E+002  0.12709986E+003  0.15925605E+003
  0.00000000E+000  0.00000000E+000  0.00000000E+000  0.00000000E+000  0.00000000E+000  0.00000000E+000  0.10086311E+002  0.40905021E+002  0.75539476E+002  0.12709844E+003  0.15925446E+003
  0.00000000E+000  0.00000000E+000  0.00000000E+000  0.00000000E+000  0.00000000E+000  0.00000000E+000  0.10085987E+002  0.40904343E+002  0.75538604E+002  0.12709701E+003  0.15925285E+003
  0.00000000E+000  0.00000000E+000  0.00000000E+000  0.00000000E+000  0.00000000E+000  0.00000000E+000  0.10085665E+002  0.40903657E+002  0.75537723E+002  0.12709557E+003  0.15925122E+003
  0.00000000E+000  0.00000000E+000  0.00000000E+000  0.00000000E+000  0.00000000E+000  0.00000000E+000  0.10085345E+002  0.40902962E+002  0.75536832E+002  0.12709411E+003  0.15924958E+003
  0.00000000E+000  0.00000000E+000  0.00000000E+000  0.00000000E+000  0.00000000E+000  0.00000000E+000  0.10085028E+002  0.40902259E+002  0.75535931E+002  0.12709264E+003  0.15924792E+003
  0.00000000E+000  0.00000000E+000  0.00000000E+000  0.00000000E+000  0.00000000E+000  0.00000000E+000  0.10084714E+002  0.40901547E+002  0.75535021E+002  0.12709116E+003  0.15924625E+003
  0.00000000E+000  0.00000000E+000  0.00000000E+000  0.00000000E+000  0.00000000E+000  0.00000000E+000  0.10084402E+002  0.40900827E+002  0.75534101E+002  0.12708967E+003  0.15924456E+003
  0.00000000E+000  0.00000000E+000  0.00000000E+000  0.00000000E+000  0.00000000E+000  0.00000000E+000  0.10084095E+002  0.40900099E+002  0.75533172E+002  0.12708817E+003  0.15924286E+003
  0.00000000E+000  0.00000000E+000  0.00000000E+000  0.00000000E+000  0.00000000E+000  0.00000000E+000  0.10083791E+002  0.40899363E+002  0.75532233E+002  0.12708665E+003  0.15924114E+003
  0.00000000E+000  0.00000000E+000  0.00000000E+000  0.00000000E+000  0.00000000E+000  0.00000000E+000  0.10083491E+002  0.40898619E+002  0.75531284E+002  0.12708513E+003  0.15923942E+003
  0.00000000E+000  0.00000000E+000  0.00000000E+000  0.00000000E+000  0.00000000E+000  0.00000000E+000  0.10083195E+002  0.40897868E+002  0.75530326E+002  0.12708359E+003  0.15923768E+003
  0.00000000E+000  0.00000000E+000  0.00000000E+000  0.00000000E+000  0.00000000E+000  0.00000000E+000  0.10082905E+002  0.40897111E+002  0.75529358E+002  0.12708205E+003  0.15923592E+003
  0.00000000E+000  0.00000000E+000  0.00000000E+000  0.00000000E+000  0.00000000E+000  0.00000000E+000  0.10082620E+002  0.40896347E+002  0.75528381E+002  0.12708050E+003  0.15923416E+003
  0.00000000E+000  0.00000000E+000  0.00000000E+000  0.00000000E+000  0.00000000E+000  0.00000000E+000  0.10082340E+002  0.40895578E+002  0.75527394E+002  0.12707894E+003  0.15923239E+003
  0.00000000E+000  0.00000000E+000  0.00000000E+000  0.00000000E+000  0.00000000E+000  0.00000000E+000  0.10082066E+002  0.40894805E+002  0.75526399E+002  0.12707737E+003  0.15923060E+003
  0.00000000E+000  0.00000000E+000  0.00000000E+000  0.00000000E+000  0.00000000E+000  0.00000000E+000  0.10081799E+002  0.40894027E+002  0.75525393E+002  0.12707579E+003  0.15922881E+003
  0.00000000E+000  0.00000000E+000  0.00000000E+000  0.00000000E+000  0.00000000E+000  0.00000000E+000  0.10081538E+002  0.40893245E+002  0.75524379E+002  0.12707421E+003  0.15922701E+003
  0.00000000E+000  0.00000000E+000  0.00000000E+000  0.00000000E+000  0.00000000E+000  0.00000000E+000  0.10081283E+002  0.40892461E+002  0.75523355E+002  0.12707262E+003  0.15922520E+003
  0.00000000E+000  0.00000000E+000  0.00000000E+000  0.00000000E+000  0.00000000E+000  0.00000000E+000  0.10081036E+002  0.40891674E+002  0.75522322E+002  0.12707102E+003  0.15922338E+003
  0.00000000E+000  0.00000000E+000  0.00000000E+000  0.00000000E+000  0.00000000E+000  0.00000000E+000  0.10080795E+002  0.40890886E+002  0.75521280E+002  0.12706942E+003  0.15922156E+003
  0.00000000E+000  0.00000000E+000  0.00000000E+000  0.00000000E+000  0.00000000E+000  0.00000000E+000  0.10080562E+002  0.40890096E+002  0.75520228E+002  0.12706781E+003  0.15921972E+003
  0.00000000E+000  0.00000000E+000  0.00000000E+000  0.00000000E+000  0.00000000E+000  0.00000000E+000  0.10080336E+002  0.40889307E+002  0.75519166E+002  0.12706619E+003  0.15921788E+003
  0.00000000E+000  0.00000000E+000  0.00000000E+000  0.00000000E+000  0.00000000E+000  0.00000000E+000  0.10080118E+002  0.40888517E+002  0.75518096E+002  0.12706456E+003  0.15921604E+003
  0.00000000E+000  0.00000000E+000  0.00000000E+000  0.00000000E+000  0.00000000E+000  0.00000000E+000  0.10079907E+002  0.40887728E+002  0.75517016E+002  0.12706293E+003  0.15921418E+003
  0.00000000E+000  0.00000000E+000  0.00000000E+000  0.00000000E+000  0.00000000E+000  0.00000000E+000  0.10079703E+002  0.40886940E+002  0.75515927E+002  0.12706129E+003  0.15921232E+003
  0.00000000E+000  0.00000000E+000  0.00000000E+000  0.00000000E+000  0.00000000E+000  0.00000000E+000  0.10079507E+002  0.40886154E+002  0.75514829E+002  0.12705965E+003  0.15921045E+003
  0.00000000E+000  0.00000000E+000  0.00000000E+000  0.00000000E+000  0.00000000E+000  0.00000000E+000  0.10079319E+002  0.40885370E+002  0.75513722E+002  0.12705799E+003  0.15920858E+003
  0.00000000E+000  0.00000000E+000  0.00000000E+000  0.00000000E+000  0.00000000E+000  0.00000000E+000  0.10079137E+002  0.40884589E+002  0.75512606E+002  0.12705633E+003  0.15920670E+003
  0.00000000E+000  0.00000000E+000  0.00000000E+000  0.00000000E+000  0.00000000E+000  0.00000000E+000  0.10078963E+002  0.40883810E+002  0.75511482E+002  0.12705466E+003  0.15920481E+003
  0.00000000E+000  0.00000000E+000  0.00000000E+000  0.00000000E+000  0.00000000E+000  0.00000000E+000  0.10078796E+002  0.40883035E+002  0.75510350E+002  0.12705297E+003  0.15920292E+003
  0.00000000E+000  0.00000000E+000  0.00000000E+000  0.00000000E+000  0.00000000E+000  0.00000000E+000  0.10078636E+002  0.40882263E+002  0.75509209E+002  0.12705128E+003  0.15920102E+003
  0.00000000E+000  0.00000000E+000  0.00000000E+000  0.00000000E+000  0.00000000E+000  0.00000000E+000  0.10078483E+002  0.40881495E+002  0.75508061E+002  0.12704958E+003  0.15919911E+003
  0.00000000E+000  0.00000000E+000  0.00000000E+000  0.00000000E+000  0.00000000E+000  0.00000000E+000  0.10078337E+002  0.40880731E+002  0.75506906E+002  0.12704787E+003  0.15919720E+003
  0.00000000E+000  0.00000000E+000  0.00000000E+000  0.00000000E+000  0.00000000E+000  0.00000000E+000  0.10078196E+002  0.40879972E+002  0.75505744E+002  0.12704616E+003  0.15919528E+003
  0.00000000E+000  0.00000000E+000  0.00000000E+000  0.00000000E+000  0.00000000E+000  0.00000000E+000  0.10078063E+002  0.40879217E+002  0.75504575E+002  0.12704442E+003  0.15919335E+003
  0.00000000E+000  0.00000000E+000  0.00000000E+000  0.00000000E+000  0.00000000E+000  0.00000000E+000  0.10077935E+002  0.40878467E+002  0.75503401E+002  0.12704268E+003  0.15919142E+003
  0.00000000E+000  0.00000000E+000  0.00000000E+000  0.00000000E+000  0.00000000E+000  0.00000000E+000  0.10077813E+002  0.40877722E+002  0.75502221E+002  0.12704093E+003  0.15918949E+003
  0.00000000E+000  0.00000000E+000  0.00000000E+000  0.00000000E+000  0.00000000E+000  0.00000000E+000  0.10077696E+002  0.40876982E+002  0.75501035E+002  0.12703917E+003  0.15918755E+003
  0.00000000E+000  0.00000000E+000  0.00000000E+000  0.00000000E+000  0.00000000E+000  0.00000000E+000  0.10077585E+002  0.40876248E+002  0.75499845E+002  0.12703740E+003  0.15918560E+003
  0.00000000E+000  0.00000000E+000  0.00000000E+000  0.00000000E+000  0.00000000E+000  0.00000000E+000  0.10077479E+002  0.40875519E+002  0.75498651E+002  0.12703561E+003  0.15918365E+003
  0.00000000E+000  0.00000000E+000  0.00000000E+000  0.00000000E+000  0.00000000E+000  0.00000000E+000  0.10077378E+002  0.40874796E+002  0.75497453E+002  0.12703382E+003  0.15918169E+003
  0.00000000E+000  0.00000000E+000  0.00000000E+000  0.00000000E+000  0.00000000E+000  0.00000000E+000  0.10077281E+002  0.40874079E+002  0.75496252E+002  0.12703202E+003  0.15917973E+003
  0.00000000E+000  0.00000000E+000  0.00000000E+000  0.00000000E+000  0.00000000E+000  0.00000000E+000  0.10077189E+002  0.40873368E+002  0.75495049E+002  0.12703020E+003  0.15917777E+003
  0.00000000E+000  0.00000000E+000  0.00000000E+000  0.00000000E+000  0.00000000E+000  0.00000000E+000  0.10077101E+002  0.40872664E+002  0.75493843E+002  0.12702838E+003  0.15917581E+003
  0.00000000E+000  0.00000000E+000  0.00000000E+000  0.00000000E+000  0.00000000E+000  0.00000000E+000  0.10077017E+002  0.40871966E+002  0.75492636E+002  0.12702654E+003  0.15917384E+003
  0.00000000E+000  0.00000000E+000  0.00000000E+000  0.00000000E+000  0.00000000E+000  0.00000000E+000  0.10076937E+002  0.40871275E+002  0.75491427E+002  0.12702470E+003  0.15917187E+003
  0.00000000E+000  0.00000000E+000  0.00000000E+000  0.00000000E+000  0.00000000E+000  0.00000000E+000  0.10076861E+002  0.40870590E+002  0.75490218E+002  0.12702284E+003  0.15916990E+003
  0.00000000E+000  0.00000000E+000  0.00000000E+000  0.00000000E+000  0.00000000E+000  0.00000000E+000  0.10076787E+002  0.40869913E+002  0.75489009E+002  0.12702098E+003  0.15916792E+003
  0.00000000E+000  0.00000000E+000  0.00000000E+000  0.00000000E+000  0.00000000E+000  0.00000000E+000  0.10076717E+002  0.40869243E+002  0.75487800E+002  0.12701911E+003  0.15916595E+003
  0.00000000E+000  0.00000000E+000  0.00000000E+000  0.00000000E+000  0.00000000E+000  0.00000000E+000  0.10076650E+002  0.40868580E+002  0.75486593E+002  0.12701724E+003  0.15916398E+003
  0.00000000E+000  0.00000000E+000  0.00000000E+000  0.00000000E+000  0.00000000E+000  0.00000000E+000  0.10076586E+002  0.40867925E+002  0.75485387E+002  0.12701535E+003  0.15916201E+003
  0.00000000E+000  0.00000000E+000  0.00000000E+000  0.00000000E+000  0.00000000E+000  0.00000000E+000  0.10076524E+002  0.40867277E+002  0.75484183E+002  0.12701346E+003  0.15916004E+003
  0.00000000E+000  0.00000000E+000  0.00000000E+000  0.00000000E+000  0.00000000E+000  0.00000000E+000  0.10076465E+002  0.40866637E+002  0.75482982E+002  0.12701157E+003  0.15915807E+003
  0.00000000E+000  0.00000000E+000  0.00000000E+000  0.00000000E+000  0.00000000E+000  0.00000000E+000  0.10076408E+002  0.40866005E+002  0.75481785E+002  0.12700966E+003  0.15915611E+003
  0.00000000E+000  0.00000000E+000  0.00000000E+000  0.00000000E+000  0.00000000E+000  0.00000000E+000  0.10076353E+002  0.40865382E+002  0.75480591E+002  0.12700776E+003  0.15915415E+003
  0.00000000E+000  0.00000000E+000  0.00000000E+000  0.00000000E+000  0.00000000E+000  0.00000000E+000  0.10076301E+002  0.40864767E+002  0.75479402E+002  0.12700585E+003  0.15915219E+003
  0.00000000E+000  0.00000000E+000  0.00000000E+000  0.00000000E+000  0.00000000E+000  0.00000000E+000  0.10076250E+002  0.40864160E+002  0.75478217E+002  0.12700394E+003  0.15915024E+003
  0.00000000E+000  0.00000000E+000  0.00000000E+000  0.00000000E+000  0.00000000E+000  0.00000000E+000  0.10076201E+002  0.40863562E+002  0.75477038E+002  0.12700202E+003  0.15914830E+003
  0.00000000E+000  0.00000000E+000  0.00000000E+000  0.00000000E+000  0.00000000E+000  0.00000000E+000  0.10076154E+002  0.40862972E+002  0.75475866E+002  0.12700010E+003  0.15914636E+003
  0.00000000E+000  0.00000000E+000  0.00000000E+000  0.00000000E+000  0.00000000E+000  0.00000000E+000  0.10076108E+002  0.40862392E+002  0.75474700E+002  0.12699819E+003  0.15914442E+003
  0.00000000E+000  0.00000000E+000  0.00000000E+000  0.00000000E+000  0.00000000E+000  0.00000000E+000  0.10076064E+002  0.40861820E+002  0.75473541E+002  0.12699627E+003  0.15914250E+003
  0.00000000E+000  0.00000000E+000  0.00000000E+000  0.00000000E+000  0.00000000E+000  0.00000000E+000  0.10076021E+002  0.40861258E+002  0.75472390E+002  0.12699435E+003  0.15914058E+003
  0.00000000E+000  0.00000000E+000  0.00000000E+000  0.00000000E+000  0.00000000E+000  0.00000000E+000  0.10075980E+002  0.40860705E+002  0.75471247E+002  0.12699244E+003  0.15913867E+003
  0.00000000E+000  0.00000000E+000  0.00000000E+000  0.00000000E+000  0.00000000E+000  0.00000000E+000  0.10075940E+002  0.40860161E+002  0.75470113E+002  0.12699052E+003  0.15913677E+003
  0.00000000E+000  0.00000000E+000  0.00000000E+000  0.00000000E+000  0.00000000E+000  0.00000000E+000  0.10075901E+002  0.40859627E+002  0.75468988E+002  0.12698861E+003  0.15913488E+003
  0.00000000E+000  0.00000000E+000  0.00000000E+000  0.00000000E+000  0.00000000E+000  0.00000000E+000  0.10075864E+002  0.40859102E+002  0.75467874E+002  0.12698670E+003  0.15913300E+003
  0.00000000E+000  0.00000000E+000  0.00000000E+000  0.00000000E+000  0.00000000E+000  0.00000000E+000  0.10075827E+002  0.40858587E+002  0.75466769E+002  0.12698480E+003  0.15913113E+003
  0.00000000E+000  0.00000000E+000  0.00000000E+000  0.00000000E+000  0.00000000E+000  0.00000000E+000  0.10075791E+002  0.40858081E+002  0.75465676E+002  0.12698290E+003  0.15912927E+003
  0.00000000E+000  0.00000000E+000  0.00000000E+000  0.00000000E+000  0.00000000E+000  0.00000000E+000  0.10075757E+002  0.40857585E+002  0.75464593E+002  0.12698100E+003  0.15912742E+003
  0.00000000E+000  0.00000000E+000  0.00000000E+000  0.00000000E+000  0.00000000E+000  0.00000000E+000  0.10075723E+002  0.40857099E+002  0.75463523E+002  0.12697912E+003  0.15912559E+003
  0.00000000E+000  0.00000000E+000  0.00000000E+000  0.00000000E+000  0.00000000E+000  0.00000000E+000  0.10075691E+002  0.40856623E+002  0.75462464E+002  0.12697724E+003  0.15912376E+003
  0.00000000E+000  0.00000000E+000  0.00000000E+000  0.00000000E+000  0.00000000E+000  0.00000000E+000  0.10075659E+002  0.40856156E+002  0.75461419E+002  0.12697537E+003  0.15912195E+003
  0.00000000E+000  0.00000000E+000  0.00000000E+000  0.00000000E+000  0.00000000E+000  0.00000000E+000  0.10075628E+002  0.40855700E+002  0.75460386E+002  0.12697350E+003  0.15912016E+003
  0.00000000E+000  0.00000000E+000  0.00000000E+000  0.00000000E+000  0.00000000E+000  0.00000000E+000  0.10075598E+002  0.40855253E+002  0.75459366E+002  0.12697165E+003  0.15911837E+003
  0.00000000E+000  0.00000000E+000  0.00000000E+000  0.00000000E+000  0.00000000E+000  0.00000000E+000  0.10075569E+002  0.40854816E+002  0.75458361E+002  0.12696981E+003  0.15911660E+003
  0.00000000E+000  0.00000000E+000  0.00000000E+000  0.00000000E+000  0.00000000E+000  0.00000000E+000  0.10075541E+002  0.40854388E+002  0.75457369E+002  0.12696798E+003  0.15911485E+003
  0.00000000E+000  0.00000000E+000  0.00000000E+000  0.00000000E+000  0.00000000E+000  0.00000000E+000  0.10075513E+002  0.40853971E+002  0.75456392E+002  0.12696616E+003  0.15911311E+003
  0.00000000E+000  0.00000000E+000  0.00000000E+000  0.00000000E+000  0.00000000E+000  0.00000000E+000  0.10075486E+002  0.40853563E+002  0.75455429E+002  0.12696435E+003  0.15911138E+003
  0.00000000E+000  0.00000000E+000  0.00000000E+000  0.00000000E+000  0.00000000E+000  0.00000000E+000  0.10075460E+002  0.40853165E+002  0.75454481E+002  0.12696255E+003  0.15910967E+003
  0.00000000E+000  0.00000000E+000  0.00000000E+000  0.00000000E+000  0.00000000E+000  0.00000000E+000  0.10075435E+002  0.40852777E+002  0.75453549E+002  0.12696077E+003  0.15910798E+003
  0.00000000E+000  0.00000000E+000  0.00000000E+000  0.00000000E+000  0.00000000E+000  0.00000000E+000  0.10075410E+002  0.40852398E+002  0.75452632E+002  0.12695900E+003  0.15910630E+003
  0.00000000E+000  0.00000000E+000  0.00000000E+000  0.00000000E+000  0.00000000E+000  0.00000000E+000  0.10075386E+002  0.40852028E+002  0.75451730E+002  0.12695725E+003  0.15910464E+003
  0.00000000E+000  0.00000000E+000  0.00000000E+000  0.00000000E+000  0.00000000E+000  0.00000000E+000  0.10075363E+002  0.40851668E+002  0.75450845E+002  0.12695551E+003  0.15910299E+003
  0.00000000E+000  0.00000000E+000  0.00000000E+000  0.00000000E+000  0.00000000E+000  0.00000000E+000  0.10075340E+002  0.40851318E+002  0.75449975E+002  0.12695379E+003  0.15910136E+003
  0.00000000E+000  0.00000000E+000  0.00000000E+000  0.00000000E+000  0.00000000E+000  0.00000000E+000  0.10075318E+002  0.40850976E+002  0.75449121E+002  0.12695209E+003  0.15909975E+003
  0.00000000E+000  0.00000000E+000  0.00000000E+000  0.00000000E+000  0.00000000E+000  0.00000000E+000  0.10075296E+002  0.40850644E+002  0.75448284E+002  0.12695040E+003  0.15909815E+003
  0.00000000E+000  0.00000000E+000  0.00000000E+000  0.00000000E+000  0.00000000E+000  0.00000000E+000  0.10075276E+002  0.40850321E+002  0.75447463E+002  0.12694873E+003  0.15909657E+003
  0.00000000E+000  0.00000000E+000  0.00000000E+000  0.00000000E+000  0.00000000E+000  0.00000000E+000  0.10075256E+002  0.40850006E+002  0.75446659E+002  0.12694708E+003  0.15909501E+003
  0.00000000E+000  0.00000000E+000  0.00000000E+000  0.00000000E+000  0.00000000E+000  0.00000000E+000  0.10075236E+002  0.40849701E+002  0.75445871E+002  0.12694545E+003  0.15909347E+003
  0.00000000E+000  0.00000000E+000  0.00000000E+000  0.00000000E+000  0.00000000E+000  0.00000000E+000  0.10075217E+002  0.40849404E+002  0.75445099E+002  0.12694384E+003  0.15909194E+003
  0.00000000E+000  0.00000000E+000  0.00000000E+000  0.00000000E+000  0.00000000E+000  0.00000000E+000  0.10075199E+002  0.40849115E+002  0.75444344E+002  0.12694224E+003  0.15909043E+003
  0.00000000E+000  0.00000000E+000  0.00000000E+000  0.00000000E+000  0.00000000E+000  0.00000000E+000  0.10075181E+002  0.40848835E+002  0.75443606E+002  0.12694067E+003  0.15908894E+003
  0.00000000E+000  0.00000000E+000  0.00000000E+000  0.00000000E+000  0.00000000E+000  0.00000000E+000  0.10075164E+002  0.40848563E+002  0.75442884E+002  0.12693912E+003  0.15908747E+003
  0.00000000E+000  0.00000000E+000  0.00000000E+000  0.00000000E+000  0.00000000E+000  0.00000000E+000  0.10075147E+002  0.40848300E+002  0.75442178E+002  0.12693759E+003  0.15908601E+003
  0.00000000E+000  0.00000000E+000  0.00000000E+000  0.00000000E+000  0.00000000E+000  0.00000000E+000  0.10075131E+002  0.40848044E+002  0.75441489E+002  0.12693608E+003  0.15908458E+003
  0.00000000E+000  0.00000000E+000  0.00000000E+000  0.00000000E+000  0.00000000E+000  0.00000000E+000  0.10075116E+002  0.40847796E+002  0.75440817E+002  0.12693459E+003  0.15908316E+003
  0.00000000E+000  0.00000000E+000  0.00000000E+000  0.00000000E+000  0.00000000E+000  0.00000000E+000  0.10075101E+002  0.40847556E+002  0.75440160E+002  0.12693313E+003  0.15908176E+003
  0.00000000E+000  0.00000000E+000  0.00000000E+000  0.00000000E+000  0.00000000E+000  0.00000000E+000  0.10075086E+002  0.40847324E+002  0.75439520E+002  0.12693168E+003  0.15908038E+003
  0.00000000E+000  0.00000000E+000  0.00000000E+000  0.00000000E+000  0.00000000E+000  0.00000000E+000  0.10075072E+002  0.40847098E+002  0.75438896E+002  0.12693026E+003  0.15907902E+003
  0.00000000E+000  0.00000000E+000  0.00000000E+000  0.00000000E+000  0.00000000E+000  0.00000000E+000  0.10075059E+002  0.40846880E+002  0.75438288E+002  0.12692887E+003  0.15907768E+003
  0.00000000E+000  0.00000000E+000  0.00000000E+000  0.00000000E+000  0.00000000E+000  0.00000000E+000  0.10075046E+002  0.40846669E+002  0.75437695E+002  0.12692749E+003  0.15907636E+003
  0.00000000E+000  0.00000000E+000  0.00000000E+000  0.00000000E+000  0.00000000E+000  0.00000000E+000  0.10075033E+002  0.40846465E+002  0.75437118E+002  0.12692614E+003  0.15907505E+003
  0.00000000E+000  0.00000000E+000  0.00000000E+000  0.00000000E+000  0.00000000E+000  0.00000000E+000  0.10075021E+002  0.40846268E+002  0.75436557E+002  0.12692482E+003  0.15907377E+003
  0.00000000E+000  0.00000000E+000  0.00000000E+000  0.00000000E+000  0.00000000E+000  0.00000000E+000  0.10075010E+002  0.40846077E+002  0.75436011E+002  0.12692351E+003  0.15907250E+003
  0.00000000E+000  0.00000000E+000  0.00000000E+000  0.00000000E+000  0.00000000E+000  0.00000000E+000  0.10074999E+002  0.40845893E+002  0.75435480E+002  0.12692224E+003  0.15907126E+003
  0.00000000E+000  0.00000000E+000  0.00000000E+000  0.00000000E+000  0.00000000E+000  0.00000000E+000  0.10074988E+002  0.40845715E+002  0.75434964E+002  0.12692098E+003  0.15907003E+003
  0.00000000E+000  0.00000000E+000  0.00000000E+000  0.00000000E+000  0.00000000E+000  0.00000000E+000  0.10074978E+002  0.40845544E+002  0.75434462E+002  0.12691975E+003  0.15906882E+003
  0.00000000E+000  0.00000000E+000  0.00000000E+000  0.00000000E+000  0.00000000E+000  0.00000000E+000  0.10074968E+002  0.40845378E+002  0.75433975E+002  0.12691854E+003  0.15906764E+003
  0.00000000E+000  0.00000000E+000  0.00000000E+000  0.00000000E+000  0.00000000E+000  0.00000000E+000  0.10074958E+002  0.40845218E+002  0.75433502E+002  0.12691736E+003  0.15906647E+003
  0.00000000E+000  0.00000000E+000  0.00000000E+000  0.00000000E+000  0.00000000E+000  0.00000000E+000  0.10074949E+002  0.40845064E+002  0.75433044E+002  0.12691621E+003  0.15906532E+003
  0.00000000E+000  0.00000000E+000  0.00000000E+000  0.00000000E+000  0.00000000E+000  0.00000000E+000  0.10074941E+002  0.40844915E+002  0.75432599E+002  0.12691507E+003  0.15906419E+003
  0.00000000E+000  0.00000000E+000  0.00000000E+000  0.00000000E+000  0.00000000E+000  0.00000000E+000  0.10074932E+002  0.40844772E+002  0.75432167E+002  0.12691396E+003  0.15906308E+003
  0.00000000E+000  0.00000000E+000  0.00000000E+000  0.00000000E+000  0.00000000E+000  0.00000000E+000  0.10074924E+002  0.40844634E+002  0.75431749E+002  0.12691288E+003  0.15906199E+003
  0.00000000E+000  0.00000000E+000  0.00000000E+000  0.00000000E+000  0.00000000E+000  0.00000000E+000  0.10074917E+002  0.40844501E+002  0.75431344E+002  0.12691182E+003  0.15906092E+003
  0.00000000E+000  0.00000000E+000  0.00000000E+000  0.00000000E+000  0.00000000E+000  0.00000000E+000  0.10074909E+002  0.40844373E+002  0.75430952E+002  0.12691078E+003  0.15905987E+003
  0.00000000E+000  0.00000000E+000  0.00000000E+000  0.00000000E+000  0.00000000E+000  0.00000000E+000  0.10074903E+002  0.40844250E+002  0.75430572E+002  0.12690977E+003  0.15905884E+003
  0.00000000E+000  0.00000000E+000  0.00000000E+000  0.00000000E+000  0.00000000E+000  0.00000000E+000  0.10074896E+002  0.40844131E+002  0.75430204E+002  0.12690878E+003  0.15905783E+003
  0.00000000E+000  0.00000000E+000  0.00000000E+000  0.00000000E+000  0.00000000E+000  0.00000000E+000  0.10074890E+002  0.40844017E+002  0.75429849E+002  0.12690781E+003  0.15905684E+003
  0.00000000E+000  0.00000000E+000  0.00000000E+000  0.00000000E+000  0.00000000E+000  0.00000000E+000  0.10074884E+002  0.40843908E+002  0.75429505E+002  0.12690687E+003  0.15905587E+003
  0.00000000E+000  0.00000000E+000  0.00000000E+000  0.00000000E+000  0.00000000E+000  0.00000000E+000  0.10074878E+002  0.40843802E+002  0.75429172E+002  0.12690595E+003  0.15905492E+003
  0.00000000E+000  0.00000000E+000  0.00000000E+000  0.00000000E+000  0.00000000E+000  0.00000000E+000  0.10074873E+002  0.40843701E+002  0.75428851E+002  0.12690506E+003  0.15905398E+003
  0.00000000E+000  0.00000000E+000  0.00000000E+000  0.00000000E+000  0.00000000E+000  0.00000000E+000  0.10074867E+002  0.40843604E+002  0.75428541E+002  0.12690418E+003  0.15905307E+003
  0.00000000E+000  0.00000000E+000  0.00000000E+000  0.00000000E+000  0.00000000E+000  0.00000000E+000  0.10074863E+002  0.40843510E+002  0.75428241E+002  0.12690333E+003  0.15905217E+003
  0.00000000E+000  0.00000000E+000  0.00000000E+000  0.00000000E+000  0.00000000E+000  0.00000000E+000  0.10074858E+002  0.40843421E+002  0.75427952E+002  0.12690250E+003  0.15905130E+003
  0.00000000E+000  0.00000000E+000  0.00000000E+000  0.00000000E+000  0.00000000E+000  0.00000000E+000  0.10074854E+002  0.40843335E+002  0.75427673E+002  0.12690170E+003  0.15905044E+003
  0.00000000E+000  0.00000000E+000  0.00000000E+000  0.00000000E+000  0.00000000E+000  0.00000000E+000  0.10074850E+002  0.40843252E+002  0.75427404E+002  0.12690091E+003  0.15904960E+003
  0.00000000E+000  0.00000000E+000  0.00000000E+000  0.00000000E+000  0.00000000E+000  0.00000000E+000  0.10074846E+002  0.40843173E+002  0.75427145E+002  0.12690015E+003  0.15904878E+003
  0.00000000E+000  0.00000000E+000  0.00000000E+000  0.00000000E+000  0.00000000E+000  0.00000000E+000  0.10074842E+002  0.40843097E+002  0.75426894E+002  0.12689941E+003  0.15904798E+003
  0.00000000E+000  0.00000000E+000  0.00000000E+000  0.00000000E+000  0.00000000E+000  0.00000000E+000  0.10074838E+002  0.40843024E+002  0.75426653E+002  0.12689869E+003  0.15904719E+003
  0.00000000E+000  0.00000000E+000  0.00000000E+000  0.00000000E+000  0.00000000E+000  0.00000000E+000  0.10074835E+002  0.40842955E+002  0.75426421E+002  0.12689799E+003  0.15904643E+003
  0.00000000E+000  0.00000000E+000  0.00000000E+000  0.00000000E+000  0.00000000E+000  0.00000000E+000  0.10074832E+002  0.40842888E+002  0.75426197E+002  0.12689731E+003  0.15904568E+003
  0.00000000E+000  0.00000000E+000  0.00000000E+000  0.00000000E+000  0.00000000E+000  0.00000000E+000  0.10074829E+002  0.40842824E+002  0.75425982E+002  0.12689665E+003  0.15904495E+003
  0.00000000E+000  0.00000000E+000  0.00000000E+000  0.00000000E+000  0.00000000E+000  0.00000000E+000  0.10074826E+002  0.40842763E+002  0.75425775E+002  0.12689601E+003  0.15904424E+003
  0.00000000E+000  0.00000000E+000  0.00000000E+000  0.00000000E+000  0.00000000E+000  0.00000000E+000  0.10074824E+002  0.40842704E+002  0.75425576E+002  0.12689539E+003  0.15904355E+003
  0.00000000E+000  0.00000000E+000  0.00000000E+000  0.00000000E+000  0.00000000E+000  0.00000000E+000  0.10074821E+002  0.40842648E+002  0.75425384E+002  0.12689479E+003  0.15904287E+003
  0.00000000E+000  0.00000000E+000  0.00000000E+000  0.00000000E+000  0.00000000E+000  0.00000000E+000  0.10074819E+002  0.40842595E+002  0.75425200E+002  0.12689420E+003  0.15904221E+003
  0.00000000E+000  0.00000000E+000  0.00000000E+000  0.00000000E+000  0.00000000E+000  0.00000000E+000  0.10074817E+002  0.40842544E+002  0.75425022E+002  0.12689364E+003  0.15904157E+003
  0.00000000E+000  0.00000000E+000  0.00000000E+000  0.00000000E+000  0.00000000E+000  0.00000000E+000  0.10074815E+002  0.40842495E+002  0.75424852E+002  0.12689309E+003  0.15904094E+003
  0.00000000E+000  0.00000000E+000  0.00000000E+000  0.00000000E+000  0.00000000E+000  0.00000000E+000  0.10074813E+002  0.40842448E+002  0.75424689E+002  0.12689256E+003  0.15904033E+003
  0.00000000E+000  0.00000000E+000  0.00000000E+000  0.00000000E+000  0.00000000E+000  0.00000000E+000  0.10074812E+002  0.40842404E+002  0.75424532E+002  0.12689204E+003  0.15903973E+003
  0.00000000E+000  0.00000000E+000  0.00000000E+000  0.00000000E+000  0.00000000E+000  0.00000000E+000  0.10074810E+002  0.40842361E+002  0.75424381E+002  0.12689155E+003  0.15903916E+003
  0.00000000E+000  0.00000000E+000  0.00000000E+000  0.00000000E+000  0.00000000E+000  0.00000000E+000  0.10074809E+002  0.40842320E+002  0.75424236E+002  0.12689107E+003  0.15903859E+003
  0.00000000E+000  0.00000000E+000  0.00000000E+000  0.00000000E+000  0.00000000E+000  0.00000000E+000  0.10074807E+002  0.40842281E+002  0.75424097E+002  0.12689060E+003  0.15903805E+003
  0.00000000E+000  0.00000000E+000  0.00000000E+000  0.00000000E+000  0.00000000E+000  0.00000000E+000  0.10074806E+002  0.40842244E+002  0.75423964E+002  0.12689015E+003  0.15903751E+003
  0.00000000E+000  0.00000000E+000  0.00000000E+000  0.00000000E+000  0.00000000E+000  0.00000000E+000  0.10074805E+002  0.40842209E+002  0.75423836E+002  0.12688972E+003  0.15903700E+003
  0.00000000E+000  0.00000000E+000  0.00000000E+000  0.00000000E+000  0.00000000E+000  0.00000000E+000  0.10074804E+002  0.40842176E+002  0.75423714E+002  0.12688930E+003  0.15903650E+003
  0.00000000E+000  0.00000000E+000  0.00000000E+000  0.00000000E+000  0.00000000E+000  0.00000000E+000  0.10074803E+002  0.40842144E+002  0.75423597E+002  0.12688889E+003  0.15903601E+003
  0.00000000E+000  0.00000000E+000  0.00000000E+000  0.00000000E+000  0.00000000E+000  0.00000000E+000  0.10074803E+002  0.40842113E+002  0.75423484E+002  0.12688850E+003  0.15903553E+003
  0.00000000E+000  0.00000000E+000  0.00000000E+000  0.00000000E+000  0.00000000E+000  0.00000000E+000  0.10074802E+002  0.40842084E+002  0.75423377E+002  0.12688813E+003  0.15903507E+003
  0.00000000E+000  0.00000000E+000  0.00000000E+000  0.00000000E+000  0.00000000E+000  0.00000000E+000  0.10074802E+002  0.40842057E+002  0.75423273E+002  0.12688776E+003  0.15903462E+003
