  0.36648259E+000  0.42725674E+000  0.50594023E+000  0.57133618E+000  0.75016393E+000  0.90502254E+000  0.11297915E+001  0.16103782E+001  0.19166375E+001  0.22842737E+001  0.25134433E+001
  0.36639421E+000  0.42714432E+000  0.50580440E+000  0.56996035E+000  0.75016393E+000  0.90502254E+000  0.11296886E+001  0.16099457E+001  0.19122418E+001  0.22836529E+001  0.25107504E+001
  0.36631936E+000  0.42703133E+000  0.50569524E+000  0.56748777E+000  0.75016393E+000  0.90502254E+000  0.11294823E+001  0.16096035E+001  0.19118266E+001  0.22831458E+001  0.25093684E+001
  0.36625606E+000  0.42695648E+000  0.50560649E+000  0.56644216E+000  0.75016393E+000  0.90502254E+000  0.11293796E+001  0.16093049E+001  0.19114709E+001  0.22827436E+001  0.25090595E+001
  0.36620258E+000  0.42685316E+000  0.50553140E+000  0.56629026E+000  0.75016393E+000  0.90502254E+000  0.11292469E+001  0.16090188E+001  0.19111764E+001  0.22823705E+001  0.25088006E+001
  0.36615744E+000  0.42679000E+000  0.50546796E+000  0.56622417E+000  0.75008433E+000  0.90502254E+000  0.11291348E+001  0.16088268E+001  0.19109255E+001  0.22820551E+001  0.25085808E+001
  0.36611939E+000  0.42673670E+000  0.50541441E+000  0.56617002E+000  0.75016393E+000  0.90502102E+000  0.11290401E+001  0.16086379E+001  0.19107132E+001  0.22818064E+001  0.25083935E+001
  0.36608734E+000  0.42669177E+000  0.50536926E+000  0.56612684E+000  0.75016393E+000  0.90502254E+000  0.11289603E+001  0.16084372E+001  0.19105316E+001  0.22815814E+001  0.25082163E+001
  0.36606038E+000  0.42665395E+000  0.50533124E+000  0.56607723E+000  0.75016393E+000  0.90502254E+000  0.11288931E+001  0.16083338E+001  0.19103842E+001  0.22813962E+001  0.25081010E+001
  0.36603774E+000  0.42662214E+000  0.50529927E+000  0.56603800E+000  0.75016393E+000  0.90502254E+000  0.11288670E+001  0.16082467E+001  0.19102534E+001  0.22812373E+001  0.25079850E+001
  0.36601874E+000  0.42659544E+000  0.50527241E+000  0.56600541E+000  0.75015174E+000  0.90502254E+000  0.11288393E+001  0.16081733E+001  0.19101542E+001  0.22811130E+001  0.25078869E+001
  0.36600284E+000  0.42657306E+000  0.50524990E+000  0.56597887E+000  0.75016393E+000  0.90502254E+000  0.11288000E+001  0.16081114E+001  0.19100551E+001  0.22810090E+001  0.25078042E+001
  0.36598958E+000  0.42655436E+000  0.50523109E+000  0.56595770E+000  0.75016393E+000  0.90502254E+000  0.11287650E+001  0.16080366E+001  0.19099836E+001  0.22809138E+001  0.25077445E+001
  0.36597853E+000  0.42653878E+000  0.50521540E+000  0.56594116E+000  0.75016393E+000  0.90502254E+000  0.11287367E+001  0.16079946E+001  0.19099250E+001  0.22808393E+001  0.25076861E+001
  0.36596937E+000  0.42652687E+000  0.50520236E+000  0.56592859E+000  0.75011996E+000  0.90502254E+000  0.11287131E+001  0.16079488E+001  0.19098776E+001  0.22807789E+001  0.25076383E+001
  0.36596181E+000  0.42651753E+000  0.50519157E+000  0.56591934E+000  0.75016393E+000  0.90502254E+000  0.11286935E+001  0.16079185E+001  0.19098382E+001  0.22806919E+001  0.25075955E+001
  0.36595560E+000  0.42650985E+000  0.50518268E+000  0.56591284E+000  0.75016393E+000  0.90502254E+000  0.11286773E+001  0.16078372E+001  0.19099354E+001  0.22806478E+001  0.25075610E+001
  0.36595053E+000  0.42650357E+000  0.50517540E+000  0.56590861E+000  0.75016393E+000  0.90502254E+000  0.11286640E+001  0.16078197E+001  0.19099303E+001  0.22806125E+001  0.25075322E+001
  0.36594642E+000  0.42649848E+000  0.50516948E+000  0.56590622E+000  0.75016393E+000  0.90502254E+000  0.11286531E+001  0.16078092E+001  0.19099248E+001  0.22805838E+001  0.25075083E+001
  0.36594314E+000  0.42649438E+000  0.50516472E+000  0.56590531E+000  0.75016393E+000  0.90502254E+000  0.11286443E+001  0.16078006E+001  0.19102542E+001  0.22805620E+001  0.25074885E+001
  0.36594054E+000  0.42649113E+000  0.50516093E+000  0.56590556E+000  0.75016393E+000  0.90502254E+000  0.11286374E+001  0.16077937E+001  0.19103005E+001  0.22805451E+001  0.25074722E+001
  0.36593852E+000  0.42648859E+000  0.50515796E+000  0.56597715E+000  0.75016393E+000  0.90502254E+000  0.11286334E+001  0.16077882E+001  0.19102959E+001  0.22805320E+001  0.25074589E+001
  0.36593699E+000  0.42648665E+000  0.50515575E+000  0.56605296E+000  0.75016393E+000  0.90502254E+000  0.11286304E+001  0.16077838E+001  0.19102930E+001  0.22805221E+001  0.25074480E+001
  0.36593586E+000  0.42648520E+000  0.50515417E+000  0.56607893E+000  0.75016393E+000  0.90502254E+000  0.11286282E+001  0.16077805E+001  0.19102915E+001  0.22805148E+001  0.25074393E+001
  0.36593507E+000  0.42648417E+000  0.50515304E+000  0.56608818E+000  0.75016393E+000  0.90502254E+000  0.11286268E+001  0.16077779E+001  0.19102911E+001  0.22805097E+001  0.25074323E+001
  0.36593455E+000  0.42648349E+000  0.50515229E+000  0.56641038E+000  0.75016393E+000  0.90502254E+000  0.11286259E+001  0.16077761E+001  0.19102914E+001  0.22805065E+001  0.25074268E+001
  0.36593426E+000  0.42648309E+000  0.50515184E+000  0.56670348E+000  0.75016393E+000  0.90502254E+000  0.11286254E+001  0.16077749E+001  0.19102923E+001  0.22805373E+001  0.25074225E+001
  0.36593416E+000  0.42648291E+000  0.50515165E+000  0.56694251E+000  0.75016393E+000  0.90502254E+000  0.11286253E+001  0.16077741E+001  0.19102936E+001  0.22805356E+001  0.25074192E+001
  0.36593420E+000  0.42648293E+000  0.50515165E+000  0.56695039E+000  0.75016393E+000  0.90502254E+000  0.11286255E+001  0.16077738E+001  0.19107838E+001  0.22805349E+001  0.25074168E+001
  0.36593435E+000  0.42648308E+000  0.50515181E+000  0.56697573E+000  0.75016393E+000  0.90502254E+000  0.11286259E+001  0.16077737E+001  0.19112785E+001  0.22805350E+001  0.25074123E+001
  0.36593459E+000  0.42648335E+000  0.50515209E+000  0.56742456E+000  0.75016393E+000  0.90502254E+000  0.11286265E+001  0.16077739E+001  0.19119864E+001  0.22805358E+001  0.25074114E+001
  0.36593489E+000  0.42648370E+000  0.50515245E+000  0.56784836E+000  0.75016393E+000  0.90502254E+000  0.11286272E+001  0.16077743E+001  0.19122544E+001  0.22805370E+001  0.25074111E+001
  0.36593523E+000  0.42648412E+000  0.50515288E+000  0.56810005E+000  0.75016393E+000  0.90502254E+000  0.11286280E+001  0.16077748E+001  0.19122885E+001  0.22805385E+001  0.25074110E+001
  0.36593560E+000  0.42648456E+000  0.50515335E+000  0.56826972E+000  0.75016393E+000  0.90502254E+000  0.11286288E+001  0.16077754E+001  0.19123196E+001  0.22805403E+001  0.25074112E+001
  0.36593598E+000  0.42648504E+000  0.50515385E+000  0.56864906E+000  0.75016393E+000  0.90502254E+000  0.11286297E+001  0.16077761E+001  0.19127473E+001  0.22805422E+001  0.25074115E+001
  0.36593636E+000  0.42648551E+000  0.50515435E+000  0.56866707E+000  0.75016393E+000  0.90502254E+000  0.11286305E+001  0.16077768E+001  0.19131792E+001  0.22805442E+001  0.25074120E+001
  0.36593673E+000  0.42648599E+000  0.50515484E+000  0.56886033E+000  0.75016393E+000  0.90502254E+000  0.11286313E+001  0.16077776E+001  0.19136177E+001  0.22805462E+001  0.25074126E+001
  0.36593709E+000  0.42648644E+000  0.50515531E+000  0.56933273E+000  0.75016393E+000  0.90502254E+000  0.11286321E+001  0.16077783E+001  0.19136200E+001  0.22805481E+001  0.25076691E+001
  0.36593743E+000  0.42648688E+000  0.50515577E+000  0.56954341E+000  0.75016393E+000  0.90502254E+000  0.11286328E+001  0.16077790E+001  0.19136222E+001  0.22805500E+001  0.25076729E+001
  0.36593774E+000  0.42648730E+000  0.50515619E+000  0.56955412E+000  0.75016393E+000  0.90502254E+000  0.11286334E+001  0.16077796E+001  0.19136242E+001  0.22805517E+001  0.25076767E+001
  0.36593802E+000  0.42648768E+000  0.50515658E+000  0.56956397E+000  0.75016393E+000  0.90502254E+000  0.11286340E+001  0.16077803E+001  0.19136260E+001  0.22805533E+001  0.25076803E+001
  0.36593828E+000  0.42648803E+000  0.50515693E+000  0.56957304E+000  0.75016393E+000  0.90502254E+000  0.11286345E+001  0.16077808E+001  0.19136277E+001  0.22805547E+001  0.25076838E+001
  0.36593850E+000  0.42648834E+000  0.50515725E+000  0.56960350E+000  0.75016393E+000  0.90502254E+000  0.11286350E+001  0.16077813E+001  0.19136292E+001  0.22805560E+001  0.25076938E+001
  0.36593870E+000  0.42648862E+000  0.50515753E+000  0.56961312E+000  0.75016393E+000  0.90502254E+000  0.11286354E+001  0.16077818E+001  0.19136305E+001  0.22805571E+001  0.25080198E+001
  0.36593886E+000  0.42648887E+000  0.50515777E+000  0.56992523E+000  0.75016393E+000  0.90502254E+000  0.11286357E+001  0.16077822E+001  0.19136317E+001  0.22805581E+001  0.25084552E+001
  0.36593900E+000  0.42648909E+000  0.50515798E+000  0.56997018E+000  0.75016393E+000  0.90502254E+000  0.11286359E+001  0.16077825E+001  0.19136327E+001  0.22805589E+001  0.25086258E+001
  0.36593911E+000  0.42648927E+000  0.50515815E+000  0.57001084E+000  0.75016393E+000  0.90502254E+000  0.11286361E+001  0.16077828E+001  0.19136335E+001  0.22805595E+001  0.25086615E+001
  0.36593919E+000  0.42648943E+000  0.50515829E+000  0.57008145E+000  0.75016393E+000  0.90502254E+000  0.11286362E+001  0.16077830E+001  0.19136342E+001  0.22805600E+001  0.25086973E+001
  0.36593925E+000  0.42648955E+000  0.50515840E+000  0.57008399E+000  0.75016393E+000  0.90502254E+000  0.11286363E+001  0.16077832E+001  0.19136348E+001  0.22805604E+001  0.25087330E+001
  0.36593930E+000  0.42648966E+000  0.50515849E+000  0.57008638E+000  0.75016393E+000  0.90502254E+000  0.11286363E+001  0.16077833E+001  0.19136353E+001  0.22805607E+001  0.25087685E+001
  0.36593932E+000  0.42648974E+000  0.50515855E+000  0.57008863E+000  0.75016393E+000  0.90502254E+000  0.11286363E+001  0.16077834E+001  0.19136356E+001  0.22805609E+001  0.25088899E+001
  0.36593933E+000  0.42648980E+000  0.50515859E+000  0.57009076E+000  0.75016393E+000  0.90502254E+000  0.11286363E+001  0.16077835E+001  0.19136359E+001  0.22805609E+001  0.25089013E+001
  0.36593932E+000  0.42648984E+000  0.50515862E+000  0.57009277E+000  0.75016393E+000  0.90502254E+000  0.11286362E+001  0.16077835E+001  0.19136361E+001  0.22805609E+001  0.25089126E+001
  0.36593930E+000  0.42648987E+000  0.50515862E+000  0.57009468E+000  0.75016393E+000  0.90502254E+000  0.11286361E+001  0.16077835E+001  0.19136363E+001  0.22805609E+001  0.25089237E+001
  0.36593927E+000  0.42648989E+000  0.50515862E+000  0.57009649E+000  0.75016393E+000  0.90502254E+000  0.11286360E+001  0.16077835E+001  0.19136363E+001  0.22805607E+001  0.25092554E+001
  0.36593924E+000  0.42648989E+000  0.50515860E+000  0.57009821E+000  0.75016393E+000  0.90502254E+000  0.11286359E+001  0.16077835E+001  0.19136363E+001  0.22805605E+001  0.25092552E+001
  0.36593920E+000  0.42648988E+000  0.50515857E+000  0.57009985E+000  0.75016393E+000  0.90502254E+000  0.11286357E+001  0.16077835E+001  0.19136363E+001  0.22805603E+001  0.25092550E+001
  0.36593915E+000  0.42648987E+000  0.50515854E+000  0.57010141E+000  0.75016393E+000  0.90502254E+000  0.11286356E+001  0.16077834E+001  0.19136363E+001  0.22805601E+001  0.25092548E+001
  0.36593910E+000  0.42648985E+000  0.50515850E+000  0.57010289E+000  0.75016393E+000  0.90502254E+000  0.11286354E+001  0.16077833E+001  0.19136362E+001  0.22805598E+001  0.25092545E+001
  0.36593904E+000  0.42648983E+000  0.50515846E+000  0.57010431E+000  0.75016393E+000  0.90502254E+000  0.11286352E+001  0.16077832E+001  0.19136361E+001  0.22805595E+001  0.25092543E+001
  0.36593899E+000  0.42648980E+000  0.50515841E+000  0.57010566E+000  0.75016393E+000  0.90502254E+000  0.11286350E+001  0.16077832E+001  0.19136359E+001  0.22805592E+001  0.25092540E+001
  0.36593893E+000  0.42648977E+000  0.50515836E+000  0.57030377E+000  0.75016393E+000  0.90502254E+000  0.11286349E+001  0.16077831E+001  0.19136358E+001  0.22805589E+001  0.25092537E+001
  0.36593887E+000  0.42648974E+000  0.50515832E+000  0.57043693E+000  0.75016393E+000  0.90502254E+000  0.11286347E+001  0.16077830E+001  0.19136357E+001  0.22805586E+001  0.25100340E+001
  0.36593882E+000  0.42648971E+000  0.50515827E+000  0.57066448E+000  0.75016393E+000  0.90502254E+000  0.11286345E+001  0.16077829E+001  0.19136355E+001  0.22805583E+001  0.25100914E+001
  0.36593876E+000  0.42648968E+000  0.50515822E+000  0.57068416E+000  0.75016393E+000  0.90502254E+000  0.11286343E+001  0.16077828E+001  0.19136354E+001  0.22805580E+001  0.25100965E+001
  0.36593871E+000  0.42648964E+000  0.50515817E+000  0.57069074E+000  0.75016393E+000  0.90502254E+000  0.11286342E+001  0.16077827E+001  0.19136352E+001  0.22805577E+001  0.25100975E+001
  0.36593865E+000  0.42648961E+000  0.50515812E+000  0.57069067E+000  0.75016393E+000  0.90502254E+000  0.11286340E+001  0.16077827E+001  0.19136350E+001  0.22805574E+001  0.25100984E+001
  0.36593860E+000  0.42648957E+000  0.50515807E+000  0.57069060E+000  0.75016393E+000  0.90502254E+000  0.11286338E+001  0.16077826E+001  0.19136349E+001  0.22805571E+001  0.25100993E+001
  0.36593855E+000  0.42648954E+000  0.50515803E+000  0.57069053E+000  0.75016393E+000  0.90502254E+000  0.11286337E+001  0.16077825E+001  0.19136347E+001  0.22805568E+001  0.25101001E+001
  0.36593850E+000  0.42648951E+000  0.50515798E+000  0.57069046E+000  0.75016393E+000  0.90502254E+000  0.11286335E+001  0.16077824E+001  0.19136345E+001  0.22805565E+001  0.25101008E+001
  0.36593845E+000  0.42648947E+000  0.50515794E+000  0.57069039E+000  0.75016393E+000  0.90502254E+000  0.11286333E+001  0.16077824E+001  0.19136343E+001  0.22805562E+001  0.25101015E+001
  0.36593840E+000  0.42648944E+000  0.50515790E+000  0.57069033E+000  0.75016393E+000  0.90502254E+000  0.11286332E+001  0.16077823E+001  0.19136342E+001  0.22805559E+001  0.25101021E+001
  0.36593835E+000  0.42648940E+000  0.50515786E+000  0.57069027E+000  0.75016393E+000  0.90502254E+000  0.11286330E+001  0.16077822E+001  0.19136340E+001  0.22805557E+001  0.25101027E+001
  0.36593830E+000  0.42648937E+000  0.50515782E+000  0.57069020E+000  0.75016393E+000  0.90502254E+000  0.11286329E+001  0.16077821E+001  0.19136338E+001  0.22805554E+001  0.25101031E+001
  0.36593826E+000  0.42648934E+000  0.50515777E+000  0.57069014E+000  0.75016393E+000  0.90502254E+000  0.11286327E+001  0.16077821E+001  0.19136336E+001  0.22805552E+001  0.25101036E+001
  0.36593821E+000  0.42648930E+000  0.50515773E+000  0.57069008E+000  0.75016393E+000  0.90502254E+000  0.11286326E+001  0.16077820E+001  0.19136334E+001  0.22805549E+001  0.25101039E+001
  0.36593817E+000  0.42648926E+000  0.50515769E+000  0.57069002E+000  0.75016393E+000  0.90502254E+000  0.11286324E+001  0.16077819E+001  0.19136333E+001  0.22805547E+001  0.25101042E+001
  0.36593812E+000  0.42648923E+000  0.50515765E+000  0.57068997E+000  0.75016393E+000  0.90502254E+000  0.11286323E+001  0.16077819E+001  0.19136331E+001  0.22805544E+001  0.25101044E+001
  0.36593808E+000  0.42648919E+000  0.50515762E+000  0.57068991E+000  0.75016393E+000  0.90502254E+000  0.11286321E+001  0.16077818E+001  0.19136329E+001  0.22805542E+001  0.25101046E+001
  0.36593803E+000  0.42648916E+000  0.50515758E+000  0.57068985E+000  0.75016393E+000  0.90502254E+000  0.11286320E+001  0.16077817E+001  0.19136327E+001  0.22805539E+001  0.25101048E+001
  0.36593799E+000  0.42648912E+000  0.50515754E+000  0.57068979E+000  0.75016393E+000  0.90502254E+000  0.11286318E+001  0.16077817E+001  0.19136325E+001  0.22805537E+001  0.25101048E+001
  0.36593794E+000  0.42648908E+000  0.50515750E+000  0.57068973E+000  0.75016393E+000  0.90502254E+000  0.11286317E+001  0.16077816E+001  0.19136323E+001  0.22805534E+001  0.25101049E+001
  0.36593790E+000  0.42648904E+000  0.50515746E+000  0.57068968E+000  0.75016393E+000  0.90502254E+000  0.11286316E+001  0.16077816E+001  0.19136321E+001  0.22805532E+001  0.25101049E+001
  0.36593786E+000  0.42648901E+000  0.50515742E+000  0.57068962E+000  0.75016393E+000  0.90502254E+000  0.11286314E+001  0.16077815E+001  0.19136319E+001  0.22805530E+001  0.25101048E+001
  0.36593782E+000  0.42648897E+000  0.50515738E+000  0.57068957E+000  0.75016393E+000  0.90502254E+000  0.11286313E+001  0.16077814E+001  0.19136316E+001  0.22805527E+001  0.25101047E+001
  0.36593778E+000  0.42648893E+000  0.50515735E+000  0.57068951E+000  0.75016393E+000  0.90502254E+000  0.11286312E+001  0.16077814E+001  0.19136314E+001  0.22805525E+001  0.25101046E+001
  0.36593774E+000  0.42648890E+000  0.50515731E+000  0.57068946E+000  0.75016393E+000  0.90502254E+000  0.11286310E+001  0.16077813E+001  0.19136312E+001  0.22805523E+001  0.25101045E+001
  0.36593770E+000  0.42648886E+000  0.50515727E+000  0.57068941E+000  0.75016393E+000  0.90502254E+000  0.11286309E+001  0.16077813E+001  0.19136310E+001  0.22805520E+001  0.25101043E+001
  0.36593766E+000  0.42648882E+000  0.50515724E+000  0.57068936E+000  0.75016393E+000  0.90502254E+000  0.11286308E+001  0.16077812E+001  0.19136308E+001  0.22805518E+001  0.25101042E+001
  0.36593762E+000  0.42648879E+000  0.50515720E+000  0.57068931E+000  0.75016393E+000  0.90502254E+000  0.11286307E+001  0.16077811E+001  0.19136306E+001  0.22805516E+001  0.25101040E+001
  0.36593758E+000  0.42648875E+000  0.50515717E+000  0.57068926E+000  0.75016393E+000  0.90502254E+000  0.11286305E+001  0.16077811E+001  0.19136304E+001  0.22805514E+001  0.25101038E+001
  0.36593755E+000  0.42648872E+000  0.50515714E+000  0.57068921E+000  0.75016393E+000  0.90502254E+000  0.11286304E+001  0.16077810E+001  0.19136302E+001  0.22805512E+001  0.25101035E+001
  0.36593751E+000  0.42648869E+000  0.50515710E+000  0.57068916E+000  0.75016393E+000  0.90502254E+000  0.11286303E+001  0.16077810E+001  0.19136301E+001  0.22805510E+001  0.25101033E+001
  0.36593748E+000  0.42648865E+000  0.50515707E+000  0.57068912E+000  0.75016393E+000  0.90502254E+000  0.11286302E+001  0.16077810E+001  0.19136299E+001  0.22805508E+001  0.25101031E+001
  0.36593744E+000  0.42648862E+000  0.50515704E+000  0.57068907E+000  0.75016393E+000  0.90502254E+000  0.11286301E+001  0.16077809E+001  0.19136297E+001  0.22805506E+001  0.25101028E+001
  0.36593741E+000  0.42648859E+000  0.50515701E+000  0.57068903E+000  0.75016393E+000  0.90502254E+000  0.11286300E+001  0.16077809E+001  0.19136295E+001  0.22805505E+001  0.25101026E+001
  0.36593738E+000  0.42648856E+000  0.50515698E+000  0.57068899E+000  0.75016393E+000  0.90502254E+000  0.11286299E+001  0.16077808E+001  0.19136293E+001  0.22805503E+001  0.25101023E+001
  0.36593735E+000  0.42648853E+000  0.50515696E+000  0.57068895E+000  0.75016393E+000  0.90502254E+000  0.11286298E+001  0.16077808E+001  0.19136292E+001  0.22805501E+001  0.25101021E+001
  0.36593732E+000  0.42648850E+000  0.50515693E+000  0.57068891E+000  0.75016393E+000  0.90502254E+000  0.11286297E+001  0.16077807E+001  0.19136290E+001  0.22805500E+001  0.25101019E+001
  0.36593729E+000  0.42648847E+000  0.50515690E+000  0.57068887E+000  0.75016393E+000  0.90502254E+000  0.11286296E+001  0.16077807E+001  0.19136288E+001  0.22805498E+001  0.25101016E+001
  0.36593726E+000  0.42648844E+000  0.50515688E+000  0.57068883E+000  0.75016393E+000  0.90502254E+000  0.11286296E+001  0.16077807E+001  0.19136287E+001  0.22805497E+001  0.25101014E+001
  0.36593724E+000  0.42648842E+000  0.50515685E+000  0.57068879E+000  0.75016393E+000  0.90502254E+000  0.11286295E+001  0.16077806E+001  0.19136285E+001  0.22805495E+001  0.25101012E+001
  0.36593722E+000  0.42648839E+000  0.50515683E+000  0.57068876E+000  0.75016393E+000  0.90502254E+000  0.11286294E+001  0.16077806E+001  0.19136284E+001  0.22805494E+001  0.25101010E+001
  0.36593719E+000  0.42648837E+000  0.50515680E+000  0.57068872E+000  0.75016393E+000  0.90502254E+000  0.11286294E+001  0.16077806E+001  0.19136282E+001  0.22805493E+001  0.25101009E+001
  0.36593717E+000  0.42648835E+000  0.50515678E+000  0.57068869E+000  0.75016393E+000  0.90502254E+000  0.11286293E+001  0.16077805E+001  0.19136281E+001  0.22805492E+001  0.25101007E+001
  0.36593716E+000  0.42648833E+000  0.50515676E+000  0.57068866E+000  0.75016393E+000  0.90502254E+000  0.11286293E+001  0.16077805E+001  0.19136280E+001  0.22805491E+001  0.25101006E+001
  0.36593715E+000  0.42648831E+000  0.50515674E+000  0.57068864E+000  0.75016393E+000  0.90502254E+000  0.11286293E+001  0.16077805E+001  0.19136279E+001  0.22805490E+001  0.25101006E+001
  0.36593714E+000  0.42648830E+000  0.50515673E+000  0.57068861E+000  0.75016393E+000  0.90502254E+000  0.11286293E+001  0.16077805E+001  0.19136278E+001  0.22805490E+001  0.25101006E+001
  0.36593714E+000  0.42648829E+000  0.50515672E+000  0.57068859E+000  0.75016393E+000  0.90502254E+000  0.11286294E+001  0.16077805E+001  0.19136278E+001  0.22805489E+001  0.25101007E+001
  0.36593714E+000  0.42648828E+000  0.50515671E+000  0.57068858E+000  0.75016393E+000  0.90502254E+000  0.11286294E+001  0.16077805E+001  0.19136278E+001  0.22805490E+001  0.25101008E+001
  0.36593715E+000  0.42648829E+000  0.50515671E+000  0.57068858E+000  0.75016393E+000  0.90502254E+000  0.11286295E+001  0.16077805E+001  0.19136278E+001  0.22805490E+001  0.25101010E+001
  0.36593717E+000  0.42648830E+000  0.50515671E+000  0.57068858E+000  0.75016393E+000  0.90502254E+000  0.11286297E+001  0.16077805E+001  0.19136278E+001  0.22805491E+001  0.25101013E+001
  0.36593720E+000  0.42648832E+000  0.50515673E+000  0.57068859E+000  0.75016393E+000  0.90502254E+000  0.11286298E+001  0.16077805E+001  0.19136280E+001  0.22805493E+001  0.25101017E+001
  0.36593725E+000  0.42648835E+000  0.50515675E+000  0.57068862E+000  0.75016393E+000  0.90502254E+000  0.11286301E+001  0.16077805E+001  0.19136281E+001  0.22805495E+001  0.25101022E+001
  0.36593730E+000  0.42648839E+000  0.50515678E+000  0.57068866E+000  0.75016393E+000  0.90502254E+000  0.11286303E+001  0.16077806E+001  0.19136284E+001  0.22805498E+001  0.25101028E+001
  0.36593737E+000  0.42648844E+000  0.50515683E+000  0.57068871E+000  0.75016393E+000  0.90502254E+000  0.11286306E+001  0.16077807E+001  0.19136286E+001  0.22805502E+001  0.25101035E+001
  0.36593745E+000  0.42648851E+000  0.50515688E+000  0.57068879E+000  0.75016393E+000  0.90502254E+000  0.11286310E+001  0.16077808E+001  0.19136290E+001  0.22805506E+001  0.25101043E+001
  0.36593755E+000  0.42648859E+000  0.50515695E+000  0.57068888E+000  0.75016393E+000  0.90502254E+000  0.11286314E+001  0.16077809E+001  0.19136294E+001  0.22805511E+001  0.25101052E+001
  0.36593766E+000  0.42648868E+000  0.50515704E+000  0.57068899E+000  0.75016393E+000  0.90502254E+000  0.11286318E+001  0.16077810E+001  0.19136300E+001  0.22805517E+001  0.25101062E+001
  0.36593779E+000  0.42648879E+000  0.50515713E+000  0.57068912E+000  0.75016393E+000  0.90502254E+000  0.11286323E+001  0.16077812E+001  0.19136305E+001  0.22805524E+001  0.25101072E+001
  0.36593793E+000  0.42648892E+000  0.50515725E+000  0.57068927E+000  0.75016393E+000  0.90502254E+000  0.11286328E+001  0.16077813E+001  0.19136312E+001  0.22805531E+001  0.25101083E+001
  0.36593808E+000  0.42648906E+000  0.50515737E+000  0.57068944E+000  0.75016393E+000  0.90502254E+000  0.11286334E+001  0.16077815E+001  0.19136319E+001  0.22805540E+001  0.25101094E+001
  0.36593825E+000  0.42648921E+000  0.50515751E+000  0.57068962E+000  0.75016393E+000  0.90502254E+000  0.11286340E+001  0.16077817E+001  0.19136327E+001  0.22805548E+001  0.25101106E+001
  0.36593842E+000  0.42648937E+000  0.50515765E+000  0.57068983E+000  0.75016393E+000  0.90502254E+000  0.11286346E+001  0.16077819E+001  0.19136335E+001  0.22805558E+001  0.25101117E+001
  0.36593860E+000  0.42648954E+000  0.50515781E+000  0.57069004E+000  0.75016393E+000  0.90502254E+000  0.11286352E+001  0.16077822E+001  0.19136344E+001  0.22805567E+001  0.25101128E+001
  0.36593879E+000  0.42648972E+000  0.50515797E+000  0.57069027E+000  0.75016393E+000  0.90502254E+000  0.11286358E+001  0.16077824E+001  0.19136353E+001  0.22805577E+001  0.25101138E+001
  0.36593897E+000  0.42648990E+000  0.50515814E+000  0.57069051E+000  0.75016393E+000  0.90502254E+000  0.11286264E+001  0.16077827E+001  0.19136362E+001  0.22805588E+001  0.25101147E+001
  0.36593916E+000  0.42649008E+000  0.50515830E+000  0.57069075E+000  0.75016393E+000  0.90502254E+000  0.11286266E+001  0.16077829E+001  0.19136370E+001  0.22805598E+001  0.25101155E+001
  0.36593934E+000  0.42649026E+000  0.50515847E+000  0.57069099E+000  0.75016393E+000  0.90502254E+000  0.11286268E+001  0.16077832E+001  0.19136379E+001  0.22805607E+001  0.25101161E+001
  0.36593951E+000  0.42649044E+000  0.50515863E+000  0.57069123E+000  0.75010618E+000  0.90502254E+000  0.11286270E+001  0.16077834E+001  0.19136387E+001  0.22805617E+001  0.25101165E+001
  0.36593967E+000  0.42649061E+000  0.50515879E+000  0.57069146E+000  0.75010635E+000  0.90502254E+000  0.11286272E+001  0.16077837E+001  0.19136395E+001  0.22805626E+001  0.25101168E+001
  0.36593982E+000  0.42649076E+000  0.50515893E+000  0.57069167E+000  0.75010652E+000  0.90502254E+000  0.11286274E+001  0.16077839E+001  0.19136402E+001  0.22805634E+001  0.25101168E+001
  0.36593995E+000  0.42649091E+000  0.50515907E+000  0.57069187E+000  0.75010667E+000  0.90502254E+000  0.11286276E+001  0.16077841E+001  0.19136408E+001  0.22805642E+001  0.25101166E+001
  0.36594007E+000  0.42649103E+000  0.50515919E+000  0.57069206E+000  0.75010681E+000  0.90502254E+000  0.11286279E+001  0.16077843E+001  0.19136413E+001  0.22805648E+001  0.25101162E+001
  0.36594016E+000  0.42649114E+000  0.50515929E+000  0.57069221E+000  0.75010693E+000  0.90502254E+000  0.11286281E+001  0.16077844E+001  0.19136417E+001  0.22805653E+001  0.25101154E+001
  0.36594023E+000  0.42649122E+000  0.50515937E+000  0.57069234E+000  0.75010703E+000  0.90502254E+000  0.11286283E+001  0.16077846E+001  0.19136419E+001  0.22805657E+001  0.25101145E+001
  0.36594027E+000  0.42649128E+000  0.50515943E+000  0.57069245E+000  0.75010712E+000  0.90502254E+000  0.11286284E+001  0.16077846E+001  0.19136421E+001  0.22805660E+001  0.25101133E+001
  0.36594029E+000  0.42649132E+000  0.50515947E+000  0.57069252E+000  0.75010718E+000  0.90502254E+000  0.11286285E+001  0.16077847E+001  0.19136420E+001  0.22805661E+001  0.25100770E+001
  0.36594028E+000  0.42649133E+000  0.50515949E+000  0.57069256E+000  0.75010722E+000  0.90502254E+000  0.11286285E+001  0.16077847E+001  0.19136419E+001  0.22805661E+001  0.25095509E+001
  0.36594024E+000  0.42649132E+000  0.50515948E+000  0.57069256E+000  0.75010723E+000  0.90502254E+000  0.11286284E+001  0.16077847E+001  0.19136415E+001  0.22805659E+001  0.25092597E+001
  0.36594018E+000  0.42649128E+000  0.50515945E+000  0.57069253E+000  0.75010722E+000  0.90502254E+000  0.11286283E+001  0.16077846E+001  0.19136410E+001  0.22805656E+001  0.25092597E+001
  0.36594009E+000  0.42649122E+000  0.50515939E+000  0.57069247E+000  0.75010718E+000  0.90502254E+000  0.11286281E+001  0.16077845E+001  0.19136404E+001  0.22805652E+001  0.25092596E+001
  0.36593998E+000  0.42649112E+000  0.50515931E+000  0.57069237E+000  0.75010712E+000  0.90502254E+000  0.11286278E+001  0.16077844E+001  0.19136396E+001  0.22805646E+001  0.25092593E+001
  0.36593984E+000  0.42649101E+000  0.50515921E+000  0.57069224E+000  0.75010704E+000  0.90502254E+000  0.11286277E+001  0.16077842E+001  0.19136387E+001  0.22805639E+001  0.25092589E+001
  0.36593968E+000  0.42649087E+000  0.50515909E+000  0.57069208E+000  0.75016393E+000  0.90502254E+000  0.11286371E+001  0.16077840E+001  0.19136377E+001  0.22805630E+001  0.25092584E+001
  0.36593949E+000  0.42649071E+000  0.50515894E+000  0.57069189E+000  0.75016393E+000  0.90502254E+000  0.11286364E+001  0.16077838E+001  0.19136365E+001  0.22805621E+001  0.25092578E+001
  0.36593929E+000  0.42649053E+000  0.50515878E+000  0.57069167E+000  0.75016393E+000  0.90502254E+000  0.11286356E+001  0.16077836E+001  0.19136353E+001  0.22805610E+001  0.25092570E+001
  0.36593907E+000  0.42649034E+000  0.50515860E+000  0.57069142E+000  0.75016393E+000  0.90502254E+000  0.11286348E+001  0.16077833E+001  0.19136339E+001  0.22805598E+001  0.25092562E+001
  0.36593884E+000  0.42649012E+000  0.50515841E+000  0.57069116E+000  0.75016393E+000  0.90502254E+000  0.11286339E+001  0.16077830E+001  0.19136324E+001  0.22805585E+001  0.25092553E+001
  0.36593859E+000  0.42648989E+000  0.50515820E+000  0.57069087E+000  0.75016393E+000  0.90502254E+000  0.11286330E+001  0.16077826E+001  0.19136309E+001  0.22805572E+001  0.25092543E+001
  0.36593833E+000  0.42648965E+000  0.50515798E+000  0.57069056E+000  0.75016393E+000  0.90502254E+000  0.11286321E+001  0.16077823E+001  0.19136293E+001  0.22805558E+001  0.25092533E+001
  0.36593806E+000  0.42648940E+000  0.50515775E+000  0.57069024E+000  0.75016393E+000  0.90502254E+000  0.11286312E+001  0.16077819E+001  0.19136277E+001  0.22805543E+001  0.25092521E+001
  0.36593779E+000  0.42648914E+000  0.50515752E+000  0.57068990E+000  0.75016393E+000  0.90502254E+000  0.11286302E+001  0.16077815E+001  0.19136260E+001  0.22805528E+001  0.25092510E+001
  0.36593751E+000  0.42648888E+000  0.50515728E+000  0.57068956E+000  0.75016393E+000  0.90502254E+000  0.11286292E+001  0.16077811E+001  0.19136243E+001  0.22805513E+001  0.25092498E+001
  0.36593722E+000  0.42648861E+000  0.50515703E+000  0.57068921E+000  0.75016393E+000  0.90502254E+000  0.11286283E+001  0.16077808E+001  0.19136227E+001  0.22805498E+001  0.25092485E+001
  0.36593694E+000  0.42648834E+000  0.50515678E+000  0.57068886E+000  0.75016393E+000  0.90502254E+000  0.11286273E+001  0.16077804E+001  0.19136210E+001  0.22805482E+001  0.25092473E+001
  0.36593666E+000  0.42648807E+000  0.50515654E+000  0.57068850E+000  0.75016393E+000  0.90502254E+000  0.11286264E+001  0.16077800E+001  0.19136193E+001  0.22805467E+001  0.25092460E+001
  0.36593639E+000  0.42648781E+000  0.50515629E+000  0.57068815E+000  0.75016393E+000  0.90502254E+000  0.11286255E+001  0.16077796E+001  0.19136177E+001  0.22805452E+001  0.25092447E+001
  0.36593612E+000  0.42648754E+000  0.50515605E+000  0.57068780E+000  0.75016393E+000  0.90502254E+000  0.11286246E+001  0.16077792E+001  0.19136161E+001  0.22805437E+001  0.25092434E+001
  0.36593586E+000  0.42648729E+000  0.50515582E+000  0.57068746E+000  0.75016393E+000  0.90502254E+000  0.11286238E+001  0.16077788E+001  0.19136146E+001  0.22805422E+001  0.25092423E+001
  0.36593561E+000  0.42648704E+000  0.50515559E+000  0.57068713E+000  0.75016393E+000  0.90502254E+000  0.11286232E+001  0.16077785E+001  0.19136131E+001  0.22805409E+001  0.25092419E+001
  0.36593538E+000  0.42648681E+000  0.50515538E+000  0.57068681E+000  0.75016393E+000  0.90502254E+000  0.11286229E+001  0.16077781E+001  0.19136117E+001  0.22805395E+001  0.25092414E+001
  0.36593515E+000  0.42648658E+000  0.50515517E+000  0.57068650E+000  0.75016393E+000  0.90502254E+000  0.11286226E+001  0.16077778E+001  0.19136104E+001  0.22805383E+001  0.25092410E+001
  0.36593495E+000  0.42648637E+000  0.50515498E+000  0.57068622E+000  0.75016393E+000  0.90502254E+000  0.11286224E+001  0.16077775E+001  0.19136092E+001  0.22805049E+001  0.25092406E+001
  0.36593476E+000  0.42648618E+000  0.50515480E+000  0.57068595E+000  0.75016393E+000  0.90502254E+000  0.11286222E+001  0.16077772E+001  0.19136081E+001  0.22805035E+001  0.25092402E+001
  0.36593459E+000  0.42648600E+000  0.50515463E+000  0.57068570E+000  0.75016393E+000  0.90502254E+000  0.11286220E+001  0.16077770E+001  0.19136072E+001  0.22805022E+001  0.25092398E+001
  0.36593444E+000  0.42648584E+000  0.50515449E+000  0.57068548E+000  0.75016393E+000  0.90502254E+000  0.11286218E+001  0.16077767E+001  0.19136063E+001  0.22805011E+001  0.25092394E+001
  0.36593431E+000  0.42648570E+000  0.50515436E+000  0.57068528E+000  0.75016393E+000  0.90502254E+000  0.11286217E+001  0.16077765E+001  0.19136056E+001  0.22805002E+001  0.25092390E+001
  0.36593420E+000  0.42648559E+000  0.50515425E+000  0.57068511E+000  0.75016393E+000  0.90502254E+000  0.11286215E+001  0.16077764E+001  0.19136050E+001  0.22804994E+001  0.25092387E+001
  0.36593412E+000  0.42648549E+000  0.50515416E+000  0.57068496E+000  0.75016393E+000  0.90502254E+000  0.11286214E+001  0.16077762E+001  0.19136045E+001  0.22804989E+001  0.25092384E+001
  0.36593407E+000  0.42648542E+000  0.50515409E+000  0.57068485E+000  0.75016393E+000  0.90502254E+000  0.11286213E+001  0.16077761E+001  0.19136042E+001  0.22804985E+001  0.25092381E+001
  0.36593404E+000  0.42648537E+000  0.50515404E+000  0.57068477E+000  0.75016393E+000  0.90502254E+000  0.11286213E+001  0.16077761E+001  0.19136040E+001  0.22804983E+001  0.25092378E+001
  0.36593404E+000  0.42648535E+000  0.50515402E+000  0.57068472E+000  0.75016393E+000  0.90502254E+000  0.11286213E+001  0.16077760E+001  0.19136040E+001  0.22804984E+001  0.25092376E+001
  0.36593406E+000  0.42648535E+000  0.50515402E+000  0.57068470E+000  0.75016393E+000  0.90502254E+000  0.11286213E+001  0.16077760E+001  0.19136041E+001  0.22804986E+001  0.25092374E+001
  0.36593411E+000  0.42648538E+000  0.50515404E+000  0.57068472E+000  0.75016393E+000  0.90502254E+000  0.11286213E+001  0.16077761E+001  0.19136044E+001  0.22804991E+001  0.25092373E+001
  0.36593419E+000  0.42648543E+000  0.50515409E+000  0.57068477E+000  0.75016393E+000  0.90502254E+000  0.11286214E+001  0.16077762E+001  0.19136048E+001  0.22804998E+001  0.25092372E+001
  0.36593429E+000  0.42648551E+000  0.50515416E+000  0.57068485E+000  0.75016393E+000  0.90502254E+000  0.11286215E+001  0.16077763E+001  0.19136054E+001  0.22805006E+001  0.25092371E+001
  0.36593442E+000  0.42648562E+000  0.50515426E+000  0.57068497E+000  0.75016393E+000  0.90502254E+000  0.11286216E+001  0.16077764E+001  0.19136062E+001  0.22805017E+001  0.25092371E+001
  0.36593458E+000  0.42648575E+000  0.50515438E+000  0.57068513E+000  0.75016393E+000  0.90502254E+000  0.11286218E+001  0.16077766E+001  0.19136071E+001  0.22805030E+001  0.25092371E+001
  0.36593476E+000  0.42648591E+000  0.50515452E+000  0.57068531E+000  0.75016393E+000  0.90502254E+000  0.11286219E+001  0.16077768E+001  0.19136081E+001  0.22805355E+001  0.25092372E+001
  0.36593497E+000  0.42648608E+000  0.50515468E+000  0.57068553E+000  0.75016393E+000  0.90502254E+000  0.11286227E+001  0.16077771E+001  0.19136093E+001  0.22805366E+001  0.25092373E+001
  0.36593519E+000  0.42648629E+000  0.50515486E+000  0.57068577E+000  0.75016393E+000  0.90502254E+000  0.11286235E+001  0.16077774E+001  0.19136106E+001  0.22805378E+001  0.25092375E+001
  0.36593544E+000  0.42648651E+000  0.50515506E+000  0.57068605E+000  0.75016393E+000  0.90502254E+000  0.11286244E+001  0.16077777E+001  0.19136120E+001  0.22805392E+001  0.25092377E+001
  0.36593571E+000  0.42648675E+000  0.50515528E+000  0.57068635E+000  0.75016393E+000  0.90502254E+000  0.11286254E+001  0.16077781E+001  0.19136136E+001  0.22805406E+001  0.25092380E+001
  0.36593599E+000  0.42648701E+000  0.50515552E+000  0.57068668E+000  0.75016393E+000  0.90502254E+000  0.11286265E+001  0.16077784E+001  0.19136152E+001  0.22805421E+001  0.25092382E+001
  0.36593629E+000  0.42648729E+000  0.50515577E+000  0.57068702E+000  0.75016393E+000  0.90502254E+000  0.11286275E+001  0.16077788E+001  0.19136169E+001  0.22805438E+001  0.25092386E+001
  0.36593660E+000  0.42648758E+000  0.50515603E+000  0.57068739E+000  0.75016393E+000  0.90502254E+000  0.11286286E+001  0.16077792E+001  0.19136187E+001  0.22805454E+001  0.25092399E+001
  0.36593692E+000  0.42648788E+000  0.50515630E+000  0.57068778E+000  0.75016393E+000  0.90502254E+000  0.11286298E+001  0.16077797E+001  0.19136206E+001  0.22805472E+001  0.25092413E+001
  0.36593725E+000  0.42648819E+000  0.50515658E+000  0.57068817E+000  0.75016393E+000  0.90502254E+000  0.11286309E+001  0.16077801E+001  0.19136225E+001  0.22805490E+001  0.25092428E+001
  0.36593758E+000  0.42648850E+000  0.50515687E+000  0.57068858E+000  0.75016393E+000  0.90502254E+000  0.11286321E+001  0.16077805E+001  0.19136245E+001  0.22805508E+001  0.25092444E+001
  0.36593791E+000  0.42648882E+000  0.50515716E+000  0.57068900E+000  0.75016393E+000  0.90502254E+000  0.11286332E+001  0.16077810E+001  0.19136265E+001  0.22805526E+001  0.25092462E+001
  0.36593823E+000  0.42648914E+000  0.50515746E+000  0.57068942E+000  0.75016393E+000  0.90502254E+000  0.11286343E+001  0.16077814E+001  0.19136286E+001  0.22805544E+001  0.25092480E+001
  0.36593855E+000  0.42648947E+000  0.50515777E+000  0.57068986E+000  0.75016393E+000  0.90502254E+000  0.11286353E+001  0.16077819E+001  0.19136306E+001  0.22805562E+001  0.25092500E+001
  0.36593886E+000  0.42648979E+000  0.50515809E+000  0.57069030E+000  0.75016393E+000  0.90502254E+000  0.11286362E+001  0.16077824E+001  0.19136325E+001  0.22805580E+001  0.25092521E+001
  0.36593915E+000  0.42649013E+000  0.50515844E+000  0.57069079E+000  0.75010583E+000  0.90502254E+000  0.11286267E+001  0.16077829E+001  0.19136345E+001  0.22805597E+001  0.25092543E+001
  0.36593944E+000  0.42649048E+000  0.50515884E+000  0.57069131E+000  0.75010623E+000  0.90502254E+000  0.11286273E+001  0.16077834E+001  0.19136360E+001  0.22805614E+001  0.25092565E+001
  0.36593961E+000  0.42649088E+000  0.50515932E+000  0.57069195E+000  0.75010675E+000  0.90502254E+000  0.11286371E+001  0.16077841E+001  0.19136376E+001  0.22805631E+001  0.25092586E+001
  0.36593970E+000  0.42649117E+000  0.50515976E+000  0.57069260E+000  0.75016393E+000  0.90502254E+000  0.11286369E+001  0.16077850E+001  0.19136378E+001  0.22805646E+001  0.25092596E+001
  0.36593718E+000  0.42649074E+000  0.50515865E+000  0.57069309E+000  0.75016393E+000  0.90502254E+000  0.11286314E+001  0.16077854E+001  0.19136384E+001  0.22805626E+001  0.25092563E+001
  0.36593613E+000  0.42648735E+000  0.50515634E+000  0.57068731E+000  0.75016393E+000  0.90502254E+000  0.11286300E+001  0.16077804E+001  0.19136228E+001  0.22805501E+001  0.25092467E+001
