 -0.41301401E+000 -0.31176198E+000 -0.98970713E-001 -0.89268507E-002 -0.31121611E-002 -0.71335505E-003  0.24055019E+000  0.14134703E+001  0.32730871E+001  0.70220900E+001  0.10196626E+002
 -0.41318269E+000 -0.31201177E+000 -0.99290434E-001 -0.97025463E-002 -0.31305720E-002 -0.73267997E-003  0.24008160E+000  0.14119284E+001  0.32710320E+001  0.70189351E+001  0.10193381E+002
 -0.41330847E+000 -0.31220783E+000 -0.99532411E-001 -0.99170571E-002 -0.31369097E-002 -0.74142263E-003  0.23969639E+000  0.14105984E+001  0.32692368E+001  0.70161764E+001  0.10190540E+002
 -0.41339706E+000 -0.31235586E+000 -0.99714158E-001 -0.99428486E-002 -0.31385046E-002 -0.74518861E-003  0.23938306E+000  0.14095114E+001  0.32676762E+001  0.70137756E+001  0.10188064E+002
 -0.41345573E+000 -0.31246318E+000 -0.99848124E-001 -0.99007729E-002 -0.31381488E-002 -0.74641147E-003  0.23913080E+000  0.14089247E+001  0.32663244E+001  0.70116899E+001  0.10185911E+002
 -0.41349138E+000 -0.31253702E+000 -0.99943873E-001 -0.98346944E-002 -0.31369854E-002 -0.74631151E-003  0.23892973E+000  0.14084279E+001  0.32651564E+001  0.70098817E+001  0.10184041E+002
 -0.41350967E+000 -0.31258383E+000 -0.10000878E+000 -0.97620203E-002 -0.31355056E-002 -0.74549957E-003  0.23877179E+000  0.14080109E+001  0.32641486E+001  0.70083127E+001  0.10182416E+002
 -0.41351523E+000 -0.31260921E+000 -0.10004882E+000 -0.96908568E-002 -0.31339416E-002 -0.74428866E-003  0.23865017E+000  0.14076640E+001  0.32632814E+001  0.70069524E+001  0.10181002E+002
 -0.41351162E+000 -0.31261785E+000 -0.10006886E+000 -0.96243218E-002 -0.31323973E-002 -0.74285694E-003  0.23855904E+000  0.14073782E+001  0.32625374E+001  0.70057728E+001  0.10179772E+002
 -0.41350153E+000 -0.31261358E+000 -0.10007287E+000 -0.95626567E-002 -0.31309124E-002 -0.74132537E-003  0.23849350E+000  0.14071454E+001  0.32619013E+001  0.70047502E+001  0.10178702E+002
 -0.41348702E+000 -0.31259956E+000 -0.10006417E+000 -0.95061016E-002 -0.31295088E-002 -0.73976074E-003  0.23844935E+000  0.14069580E+001  0.32613601E+001  0.70038649E+001  0.10177772E+002
 -0.41346965E+000 -0.31257836E+000 -0.10004553E+000 -0.94544374E-002 -0.31281941E-002 -0.73820703E-003  0.23842291E+000  0.14068100E+001  0.32609023E+001  0.70030998E+001  0.10176963E+002
 -0.41345056E+000 -0.31255204E+000 -0.10001926E+000 -0.94073836E-002 -0.31269710E-002 -0.73669308E-003  0.23841102E+000  0.14066959E+001  0.32605177E+001  0.70024403E+001  0.10176261E+002
 -0.41343058E+000 -0.31252222E+000 -0.99987254E-001 -0.93647302E-002 -0.31258398E-002 -0.73523610E-003  0.23841108E+000  0.14066110E+001  0.32601974E+001  0.70018734E+001  0.10175651E+002
 -0.41341031E+000 -0.31249017E+000 -0.99951074E-001 -0.93261078E-002 -0.31247967E-002 -0.73384650E-003  0.23842101E+000  0.14065514E+001  0.32599336E+001  0.70013874E+001  0.10175120E+002
 -0.41339018E+000 -0.31245689E+000 -0.99911995E-001 -0.92911483E-002 -0.31238365E-002 -0.73252952E-003  0.23843895E+000  0.14065135E+001  0.32597194E+001  0.70009722E+001  0.10174659E+002
 -0.41337048E+000 -0.31242313E+000 -0.99871061E-001 -0.92595144E-002 -0.31229537E-002 -0.73128734E-003  0.23846330E+000  0.14064943E+001  0.32595490E+001  0.70006195E+001  0.10174259E+002
 -0.41335141E+000 -0.31238949E+000 -0.99829126E-001 -0.92308963E-002 -0.31221429E-002 -0.73012008E-003  0.23849285E+000  0.14064912E+001  0.32594173E+001  0.70003220E+001  0.10173913E+002
 -0.41333312E+000 -0.31235641E+000 -0.99786873E-001 -0.92050030E-002 -0.31213988E-002 -0.72902664E-003  0.23852660E+000  0.14065020E+001  0.32593197E+001  0.70000733E+001  0.10173613E+002
 -0.41331566E+000 -0.31232421E+000 -0.99744847E-001 -0.91815673E-002 -0.31207160E-002 -0.72800446E-003  0.23856371E+000  0.14065247E+001  0.32592525E+001  0.69998677E+001  0.10173355E+002
 -0.41329910E+000 -0.31229311E+000 -0.99703479E-001 -0.91603485E-002 -0.31200893E-002 -0.72705000E-003  0.23860346E+000  0.14065578E+001  0.32592121E+001  0.69997009E+001  0.10173134E+002
 -0.41328342E+000 -0.31226328E+000 -0.99663107E-001 -0.91411302E-002 -0.31195142E-002 -0.72616005E-003  0.23864528E+000  0.14065997E+001  0.32591958E+001  0.69995690E+001  0.10172945E+002
 -0.41326864E+000 -0.31223481E+000 -0.99623987E-001 -0.91237191E-002 -0.31189862E-002 -0.72533082E-003  0.23868868E+000  0.14066493E+001  0.32592009E+001  0.69994685E+001  0.10172785E+002
 -0.41325472E+000 -0.31220777E+000 -0.99586310E-001 -0.91079418E-002 -0.31185014E-002 -0.72455853E-003  0.23873325E+000  0.14067054E+001  0.32592251E+001  0.69993965E+001  0.10172652E+002
 -0.41324164E+000 -0.31218217E+000 -0.99550216E-001 -0.90936432E-002 -0.31180562E-002 -0.72383962E-003  0.23877864E+000  0.14067673E+001  0.32592666E+001  0.69993505E+001  0.10172542E+002
 -0.41322937E+000 -0.31215802E+000 -0.99515801E-001 -0.90806845E-002 -0.31176472E-002 -0.72317066E-003  0.23882457E+000  0.14068339E+001  0.32593237E+001  0.69993283E+001  0.10172454E+002
 -0.41321785E+000 -0.31213529E+000 -0.99483122E-001 -0.90689401E-002 -0.31172714E-002 -0.72254844E-003  0.23887079E+000  0.14069047E+001  0.32593947E+001  0.69993283E+001  0.10172385E+002
 -0.41320706E+000 -0.31211394E+000 -0.99452208E-001 -0.90582980E-002 -0.31169262E-002 -0.72196995E-003  0.23891709E+000  0.14069790E+001  0.32594783E+001  0.69993489E+001  0.10172335E+002
 -0.41319696E+000 -0.31209394E+000 -0.99423063E-001 -0.90486574E-002 -0.31166090E-002 -0.72143236E-003  0.23896331E+000  0.14070562E+001  0.32595735E+001  0.69993888E+001  0.10172303E+002
 -0.41318749E+000 -0.31207522E+000 -0.99395670E-001 -0.90399274E-002 -0.31163177E-002 -0.72093306E-003  0.23900929E+000  0.14071360E+001  0.32596791E+001  0.69994469E+001  0.10172286E+002
 -0.41317864E+000 -0.31205774E+000 -0.99369998E-001 -0.90320255E-002 -0.31160502E-002 -0.72046961E-003  0.23905489E+000  0.14072178E+001  0.32597942E+001  0.69995223E+001  0.10172285E+002
 -0.41317034E+000 -0.31204142E+000 -0.99346001E-001 -0.90248766E-002 -0.31158047E-002 -0.72003974E-003  0.23910001E+000  0.14073012E+001  0.32599179E+001  0.69996141E+001  0.10172299E+002
 -0.41316259E+000 -0.31202622E+000 -0.99323624E-001 -0.90184125E-002 -0.31155794E-002 -0.71964132E-003  0.23914454E+000  0.14073860E+001  0.32600495E+001  0.69997217E+001  0.10172327E+002
 -0.41315533E+000 -0.31201207E+000 -0.99302804E-001 -0.90125711E-002 -0.31153728E-002 -0.71927238E-003  0.23918840E+000  0.14074717E+001  0.32601883E+001  0.69998442E+001  0.10172369E+002
 -0.41314854E+000 -0.31199890E+000 -0.99283471E-001 -0.90072954E-002 -0.31151835E-002 -0.71893105E-003  0.23923150E+000  0.14075582E+001  0.32603337E+001  0.69999812E+001  0.10172425E+002
 -0.41314219E+000 -0.31198666E+000 -0.99265554E-001 -0.90025334E-002 -0.31150100E-002 -0.71861560E-003  0.23927377E+000  0.14076452E+001  0.32604849E+001  0.70001319E+001  0.10172495E+002
 -0.41313625E+000 -0.31197529E+000 -0.99248976E-001 -0.89982374E-002 -0.31148513E-002 -0.71832439E-003  0.23931515E+000  0.14077323E+001  0.32606415E+001  0.70002957E+001  0.10172578E+002
 -0.41313069E+000 -0.31196473E+000 -0.99233661E-001 -0.89943639E-002 -0.31147062E-002 -0.71805588E-003  0.23935559E+000  0.14078195E+001  0.32608028E+001  0.70004721E+001  0.10172674E+002
 -0.41312550E+000 -0.31195494E+000 -0.99219532E-001 -0.89908730E-002 -0.31145736E-002 -0.71780860E-003  0.23939502E+000  0.14079065E+001  0.32609684E+001  0.70006604E+001  0.10172785E+002
 -0.41312065E+000 -0.31194585E+000 -0.99206513E-001 -0.89877279E-002 -0.31144525E-002 -0.71758116E-003  0.23943341E+000  0.14079931E+001  0.32611377E+001  0.70008599E+001  0.10172909E+002
 -0.41311611E+000 -0.31193743E+000 -0.99194531E-001 -0.89848953E-002 -0.31143421E-002 -0.71737224E-003  0.23947072E+000  0.14080792E+001  0.32613102E+001  0.70010700E+001  0.10173047E+002
 -0.41311187E+000 -0.31192962E+000 -0.99183511E-001 -0.89823445E-002 -0.31142414E-002 -0.71718057E-003  0.23950690E+000  0.14081646E+001  0.32614854E+001  0.70012900E+001  0.10173200E+002
 -0.41310791E+000 -0.31192239E+000 -0.99173386E-001 -0.89800475E-002 -0.31141497E-002 -0.71700493E-003  0.23954194E+000  0.14082491E+001  0.32616628E+001  0.70015192E+001  0.10173366E+002
 -0.41310421E+000 -0.31191569E+000 -0.99164087E-001 -0.89779784E-002 -0.31140663E-002 -0.71684415E-003  0.23957581E+000  0.14083327E+001  0.32618420E+001  0.70017568E+001  0.10173547E+002
 -0.41310075E+000 -0.31190948E+000 -0.99155550E-001 -0.89761137E-002 -0.31139903E-002 -0.71669710E-003  0.23960849E+000  0.14084151E+001  0.32620225E+001  0.70020023E+001  0.10173741E+002
 -0.41309752E+000 -0.31190373E+000 -0.99147713E-001 -0.89744314E-002 -0.31139212E-002 -0.71656271E-003  0.23963998E+000  0.14084964E+001  0.32622040E+001  0.70022550E+001  0.10173950E+002
 -0.41309451E+000 -0.31189840E+000 -0.99140519E-001 -0.89729114E-002 -0.31138583E-002 -0.71643992E-003  0.23967028E+000  0.14085762E+001  0.32623860E+001  0.70025142E+001  0.10174172E+002
 -0.41309170E+000 -0.31189346E+000 -0.99133911E-001 -0.89715347E-002 -0.31138010E-002 -0.71632770E-003  0.23969939E+000  0.14086547E+001  0.32625682E+001  0.70027795E+001  0.10174408E+002
 -0.41308907E+000 -0.31188887E+000 -0.99127836E-001 -0.89702838E-002 -0.31137487E-002 -0.71622507E-003  0.23972733E+000  0.14087317E+001  0.32627504E+001  0.70030504E+001  0.10174657E+002
 -0.41308660E+000 -0.31188461E+000 -0.99122243E-001 -0.89691425E-002 -0.31137008E-002 -0.71613106E-003  0.23975411E+000  0.14088071E+001  0.32629323E+001  0.70033266E+001  0.10174919E+002
 -0.41308430E+000 -0.31188064E+000 -0.99117084E-001 -0.89680955E-002 -0.31136569E-002 -0.71604476E-003  0.23977977E+000  0.14088809E+001  0.32631138E+001  0.70036076E+001  0.10175193E+002
 -0.41308213E+000 -0.31187694E+000 -0.99112313E-001 -0.89671289E-002 -0.31136165E-002 -0.71596527E-003  0.23980433E+000  0.14089531E+001  0.32632948E+001  0.70038933E+001  0.10175478E+002
 -0.41308009E+000 -0.31187347E+000 -0.99107888E-001 -0.89662302E-002 -0.31135790E-002 -0.71589178E-003  0.23982786E+000  0.14090236E+001  0.32634751E+001  0.70041835E+001  0.10175774E+002
 -0.41307817E+000 -0.31187022E+000 -0.99103768E-001 -0.89653880E-002 -0.31135440E-002 -0.71582349E-003  0.23985038E+000  0.14090926E+001  0.32636548E+001  0.70044780E+001  0.10176080E+002
 -0.41307636E+000 -0.31186716E+000 -0.99099917E-001 -0.89645921E-002 -0.31135113E-002 -0.71575970E-003  0.23987194E+000  0.14091600E+001  0.32638339E+001  0.70047767E+001  0.10176395E+002
 -0.41307463E+000 -0.31186426E+000 -0.99096301E-001 -0.89638339E-002 -0.31134803E-002 -0.71569975E-003  0.23989262E+000  0.14092258E+001  0.32640124E+001  0.70050796E+001  0.10176720E+002
 -0.41307300E+000 -0.31186152E+000 -0.99092889E-001 -0.89631059E-002 -0.31134509E-002 -0.71564307E-003  0.23991245E+000  0.14092901E+001  0.32641905E+001  0.70053866E+001  0.10177052E+002
 -0.41307143E+000 -0.31185890E+000 -0.99089652E-001 -0.89624007E-002 -0.31134227E-002 -0.71558910E-003  0.23993150E+000  0.14093531E+001  0.32643682E+001  0.70056977E+001  0.10177391E+002
 -0.41306993E+000 -0.31185639E+000 -0.99086564E-001 -0.89617114E-002 -0.31133955E-002 -0.71553732E-003  0.23994982E+000  0.14094147E+001  0.32645457E+001  0.70060126E+001  0.10177737E+002
 -0.41306848E+000 -0.31185398E+000 -0.99083602E-001 -0.89610324E-002 -0.31133690E-002 -0.71548730E-003  0.23996749E+000  0.14094751E+001  0.32647230E+001  0.70063314E+001  0.10178090E+002
 -0.41306708E+000 -0.31185164E+000 -0.99080744E-001 -0.89603593E-002 -0.31133431E-002 -0.71543865E-003  0.23998455E+000  0.14095343E+001  0.32649003E+001  0.70066540E+001  0.10178448E+002
 -0.41306572E+000 -0.31184937E+000 -0.99077972E-001 -0.89596883E-002 -0.31133175E-002 -0.71539101E-003  0.24000107E+000  0.14095933E+001  0.32650777E+001  0.70069802E+001  0.10178812E+002
 -0.41306439E+000 -0.31184716E+000 -0.99075269E-001 -0.89590164E-002 -0.31132921E-002 -0.71534407E-003  0.24001711E+000  0.14096884E+001  0.32652553E+001  0.70073097E+001  0.10179180E+002
 -0.41306309E+000 -0.31184499E+000 -0.99072622E-001 -0.89583406E-002 -0.31132668E-002 -0.71529757E-003  0.24003270E+000  0.14097820E+001  0.32654332E+001  0.70076424E+001  0.10179554E+002
 -0.41306181E+000 -0.31184286E+000 -0.99070016E-001 -0.89576589E-002 -0.31132415E-002 -0.71525132E-003  0.24004792E+000  0.14098746E+001  0.32656115E+001  0.70079781E+001  0.10179932E+002
 -0.41306055E+000 -0.31184075E+000 -0.99067443E-001 -0.89569697E-002 -0.31132161E-002 -0.71520515E-003  0.24006280E+000  0.14099661E+001  0.32657902E+001  0.70083164E+001  0.10180314E+002
 -0.41305931E+000 -0.31183867E+000 -0.99064894E-001 -0.89562718E-002 -0.31131906E-002 -0.71515896E-003  0.24007738E+000  0.14100568E+001  0.32659692E+001  0.70086570E+001  0.10180700E+002
 -0.41305807E+000 -0.31183660E+000 -0.99062363E-001 -0.89555644E-002 -0.31131649E-002 -0.71511266E-003  0.24009170E+000  0.14101468E+001  0.32661487E+001  0.70089997E+001  0.10181090E+002
 -0.41305685E+000 -0.31183454E+000 -0.99059843E-001 -0.89548471E-002 -0.31131389E-002 -0.71506617E-003  0.24010580E+000  0.14102362E+001  0.32663286E+001  0.70093440E+001  0.10181484E+002
 -0.41305563E+000 -0.31183250E+000 -0.99057331E-001 -0.89541197E-002 -0.31131128E-002 -0.71501947E-003  0.24011970E+000  0.14103251E+001  0.32665088E+001  0.70096898E+001  0.10181881E+002
 -0.41305442E+000 -0.31183046E+000 -0.99054824E-001 -0.89533823E-002 -0.31130864E-002 -0.71497252E-003  0.24013344E+000  0.14104135E+001  0.32666893E+001  0.70100365E+001  0.10182281E+002
 -0.41305321E+000 -0.31182842E+000 -0.99052320E-001 -0.89526351E-002 -0.31130598E-002 -0.71492532E-003  0.24014703E+000  0.14105016E+001  0.32668700E+001  0.70103839E+001  0.10182684E+002
 -0.41305201E+000 -0.31182639E+000 -0.99049818E-001 -0.89518787E-002 -0.31130330E-002 -0.71487790E-003  0.24016044E+000  0.14105894E+001  0.32670508E+001  0.70107317E+001  0.10183088E+002
 -0.41305081E+000 -0.31182436E+000 -0.99047317E-001 -0.89511136E-002 -0.31130060E-002 -0.71483026E-003  0.24017371E+000  0.14106768E+001  0.32672317E+001  0.70110795E+001  0.10183495E+002
 -0.41304962E+000 -0.31182234E+000 -0.99044819E-001 -0.89503407E-002 -0.31129788E-002 -0.71478244E-003  0.24018685E+000  0.14107640E+001  0.32674124E+001  0.70114270E+001  0.10183903E+002
 -0.41304842E+000 -0.31182032E+000 -0.99042322E-001 -0.89495610E-002 -0.31129515E-002 -0.71473450E-003  0.24019986E+000  0.14108508E+001  0.32675928E+001  0.70117738E+001  0.10184312E+002
 -0.41304724E+000 -0.31181830E+000 -0.99039831E-001 -0.89487754E-002 -0.31129240E-002 -0.71468649E-003  0.24021276E+000  0.14109374E+001  0.32677729E+001  0.70121197E+001  0.10184722E+002
 -0.41304605E+000 -0.31181629E+000 -0.99037345E-001 -0.89479852E-002 -0.31128965E-002 -0.71463846E-003  0.24022555E+000  0.14110235E+001  0.32679524E+001  0.70124642E+001  0.10185131E+002
 -0.41304487E+000 -0.31181430E+000 -0.99034866E-001 -0.89471914E-002 -0.31128689E-002 -0.71459047E-003  0.24023824E+000  0.14111093E+001  0.32681312E+001  0.70128071E+001  0.10185539E+002
 -0.41304370E+000 -0.31181230E+000 -0.99032398E-001 -0.89463953E-002 -0.31128414E-002 -0.71454259E-003  0.24025083E+000  0.14111946E+001  0.32683092E+001  0.70131480E+001  0.10185946E+002
 -0.41304254E+000 -0.31181033E+000 -0.99029943E-001 -0.89455982E-002 -0.31128139E-002 -0.71449489E-003  0.24026330E+000  0.14112794E+001  0.32684861E+001  0.70134866E+001  0.10186351E+002
 -0.41304138E+000 -0.31180836E+000 -0.99027502E-001 -0.89448015E-002 -0.31127864E-002 -0.71444744E-003  0.24027566E+000  0.14113636E+001  0.32686618E+001  0.70138226E+001  0.10186754E+002
 -0.41304024E+000 -0.31180641E+000 -0.99025080E-001 -0.89440063E-002 -0.31127591E-002 -0.71440029E-003  0.24028791E+000  0.14114471E+001  0.32688362E+001  0.70141555E+001  0.10187153E+002
 -0.41303910E+000 -0.31180448E+000 -0.99022678E-001 -0.89432140E-002 -0.31127320E-002 -0.71435353E-003  0.24030002E+000  0.14115299E+001  0.32690090E+001  0.70144851E+001  0.10187549E+002
 -0.41303798E+000 -0.31180257E+000 -0.99020301E-001 -0.89424259E-002 -0.31127051E-002 -0.71430720E-003  0.24031200E+000  0.14116119E+001  0.32691801E+001  0.70148110E+001  0.10187940E+002
 -0.41303687E+000 -0.31180068E+000 -0.99017950E-001 -0.89416433E-002 -0.31126784E-002 -0.71426137E-003  0.24032384E+000  0.14116930E+001  0.32693494E+001  0.70151328E+001  0.10188327E+002
 -0.41303577E+000 -0.31179881E+000 -0.99015629E-001 -0.89408673E-002 -0.31126520E-002 -0.71421610E-003  0.24033552E+000  0.14117730E+001  0.32695165E+001  0.70154503E+001  0.10188708E+002
 -0.41303469E+000 -0.31179697E+000 -0.99013340E-001 -0.89400991E-002 -0.31126260E-002 -0.71417145E-003  0.24034703E+000  0.14118520E+001  0.32696814E+001  0.70157630E+001  0.10189083E+002
 -0.41303363E+000 -0.31179516E+000 -0.99011087E-001 -0.89393397E-002 -0.31126002E-002 -0.71412746E-003  0.24035837E+000  0.14119298E+001  0.32698439E+001  0.70160707E+001  0.10189452E+002
 -0.41303259E+000 -0.31179337E+000 -0.99008872E-001 -0.89385903E-002 -0.31125749E-002 -0.71408418E-003  0.24036952E+000  0.14120064E+001  0.32700038E+001  0.70163730E+001  0.10189814E+002
 -0.41303156E+000 -0.31179163E+000 -0.99006698E-001 -0.89378515E-002 -0.31125500E-002 -0.71404165E-003  0.24038047E+000  0.14120817E+001  0.32701610E+001  0.70166696E+001  0.10190169E+002
 -0.41303056E+000 -0.31178991E+000 -0.99004566E-001 -0.89371242E-002 -0.31125255E-002 -0.71399990E-003  0.24039121E+000  0.14121557E+001  0.32703152E+001  0.70169602E+001  0.10190517E+002
 -0.41302957E+000 -0.31178823E+000 -0.99002480E-001 -0.89364089E-002 -0.31125014E-002 -0.71395897E-003  0.24040173E+000  0.14122281E+001  0.32704665E+001  0.70172446E+001  0.10190856E+002
 -0.41302861E+000 -0.31178659E+000 -0.99000440E-001 -0.89357062E-002 -0.31124778E-002 -0.71391887E-003  0.24041203E+000  0.14122991E+001  0.32706146E+001  0.70175225E+001  0.10191187E+002
 -0.41302767E+000 -0.31178498E+000 -0.98998449E-001 -0.89350168E-002 -0.31124547E-002 -0.71387964E-003  0.24042209E+000  0.14123685E+001  0.32707594E+001  0.70177938E+001  0.10191510E+002
 -0.41302675E+000 -0.31178342E+000 -0.98996508E-001 -0.89343411E-002 -0.31124321E-002 -0.71384130E-003  0.24043191E+000  0.14124363E+001  0.32709008E+001  0.70180581E+001  0.10191824E+002
 -0.41302586E+000 -0.31178189E+000 -0.98994619E-001 -0.89336798E-002 -0.31124100E-002 -0.71380388E-003  0.24044147E+000  0.14125025E+001  0.32710386E+001  0.70183153E+001  0.10192129E+002
 -0.41302500E+000 -0.31178041E+000 -0.98992785E-001 -0.89330334E-002 -0.31123884E-002 -0.71376740E-003  0.24045078E+000  0.14125669E+001  0.32711729E+001  0.70185653E+001  0.10192425E+002
 -0.41302416E+000 -0.31177897E+000 -0.98991005E-001 -0.89324017E-002 -0.31123673E-002 -0.71373188E-003  0.24045983E+000  0.14126296E+001  0.32713034E+001  0.70188079E+001  0.10192712E+002
 -0.41302334E+000 -0.31177758E+000 -0.98989279E-001 -0.89317846E-002 -0.31123468E-002 -0.71369728E-003  0.24046860E+000  0.14126905E+001  0.32714302E+001  0.70190432E+001  0.10192990E+002
 -0.41302256E+000 -0.31177623E+000 -0.98987610E-001 -0.89311824E-002 -0.31123268E-002 -0.71366363E-003  0.24047711E+000  0.14127496E+001  0.32715531E+001  0.70192708E+001  0.10193259E+002
 -0.41302179E+000 -0.31177493E+000 -0.98985996E-001 -0.89305959E-002 -0.31123074E-002 -0.71363095E-003  0.24048534E+000  0.14128069E+001  0.32716722E+001  0.70194910E+001  0.10193518E+002
 -0.41302106E+000 -0.31177367E+000 -0.98984441E-001 -0.89300254E-002 -0.31122885E-002 -0.71359927E-003  0.24049329E+000  0.14128623E+001  0.32717874E+001  0.70197035E+001  0.10193768E+002
 -0.41302036E+000 -0.31177246E+000 -0.98982943E-001 -0.89294711E-002 -0.31122702E-002 -0.71356860E-003  0.24050096E+000  0.14129160E+001  0.32718986E+001  0.70199084E+001  0.10194008E+002
 -0.41301968E+000 -0.31177129E+000 -0.98981504E-001 -0.89289336E-002 -0.31122525E-002 -0.71353894E-003  0.24050835E+000  0.14129677E+001  0.32720059E+001  0.70201057E+001  0.10194240E+002
 -0.41301903E+000 -0.31177018E+000 -0.98980123E-001 -0.89284133E-002 -0.31122353E-002 -0.71351031E-003  0.24051545E+000  0.14130176E+001  0.32721092E+001  0.70202954E+001  0.10194462E+002
 -0.41301841E+000 -0.31176911E+000 -0.98978802E-001 -0.89279108E-002 -0.31122188E-002 -0.71348274E-003  0.24052226E+000  0.14130656E+001  0.32722085E+001  0.70204775E+001  0.10194675E+002
 -0.41301782E+000 -0.31176809E+000 -0.98977539E-001 -0.89274269E-002 -0.31122029E-002 -0.71345622E-003  0.24052878E+000  0.14131117E+001  0.32723038E+001  0.70206521E+001  0.10194879E+002
 -0.41301726E+000 -0.31176712E+000 -0.98976337E-001 -0.89269622E-002 -0.31121876E-002 -0.71343080E-003  0.24053501E+000  0.14131559E+001  0.32723951E+001  0.70208191E+001  0.10195075E+002
 -0.41301672E+000 -0.31176620E+000 -0.98975194E-001 -0.89265176E-002 -0.31121730E-002 -0.71340648E-003  0.24054096E+000  0.14131983E+001  0.32724825E+001  0.70209787E+001  0.10195261E+002
 -0.41301622E+000 -0.31176533E+000 -0.98974111E-001 -0.89260941E-002 -0.31121591E-002 -0.71338330E-003  0.24054660E+000  0.14132387E+001  0.32725659E+001  0.70211309E+001  0.10195439E+002
 -0.41301574E+000 -0.31176450E+000 -0.98973088E-001 -0.89256927E-002 -0.31121459E-002 -0.71336127E-003  0.24055196E+000  0.14132773E+001  0.32726454E+001  0.70212758E+001  0.10195608E+002
 -0.41301530E+000 -0.31176373E+000 -0.98972125E-001 -0.89253144E-002 -0.31121334E-002 -0.71334042E-003  0.24055702E+000  0.14133140E+001  0.32727209E+001  0.70214133E+001  0.10195768E+002
 -0.41301488E+000 -0.31176301E+000 -0.98971222E-001 -0.89249602E-002 -0.31121217E-002 -0.71332079E-003  0.24056179E+000  0.14133488E+001  0.32727924E+001  0.70215435E+001  0.10195920E+002
 -0.41301449E+000 -0.31176233E+000 -0.98970380E-001 -0.89246312E-002 -0.31121107E-002 -0.71330240E-003  0.24056626E+000  0.14133817E+001  0.32728601E+001  0.70216666E+001  0.10196063E+002
 -0.41301412E+000 -0.31176170E+000 -0.98969599E-001 -0.89243284E-002 -0.31121006E-002 -0.71328527E-003  0.24057044E+000  0.14134127E+001  0.32729239E+001  0.70217824E+001  0.10196199E+002
 -0.41301379E+000 -0.31176113E+000 -0.98968878E-001 -0.89240527E-002 -0.31120913E-002 -0.71326944E-003  0.24057431E+000  0.14134418E+001  0.32729837E+001  0.70218912E+001  0.10196326E+002
 -0.41301348E+000 -0.31176060E+000 -0.98968217E-001 -0.89238051E-002 -0.31120828E-002 -0.71325493E-003  0.24057789E+000  0.14134690E+001  0.32730397E+001  0.70219928E+001  0.10196444E+002
 -0.41301320E+000 -0.31176011E+000 -0.98967617E-001 -0.89235863E-002 -0.31120752E-002 -0.71324177E-003  0.24058117E+000  0.14134943E+001  0.32730919E+001  0.70220874E+001  0.10196555E+002
 -0.41301295E+000 -0.31175968E+000 -0.98967077E-001 -0.89233968E-002 -0.31120685E-002 -0.71322997E-003  0.24058414E+000  0.14135177E+001  0.32731402E+001  0.70221750E+001  0.10196658E+002
 -0.41301272E+000 -0.31175929E+000 -0.98966596E-001 -0.89232370E-002 -0.31120627E-002 -0.71321955E-003  0.24058681E+000  0.14135393E+001  0.32731847E+001  0.70222557E+001  0.10196753E+002
 -0.41301252E+000 -0.31175895E+000 -0.98966175E-001 -0.89231071E-002 -0.31120578E-002 -0.71321052E-003  0.24058918E+000  0.14135589E+001  0.32732254E+001  0.70223295E+001  0.10196840E+002
 -0.41301234E+000 -0.31175865E+000 -0.98965813E-001 -0.89230071E-002 -0.31120537E-002 -0.71320288E-003  0.24059125E+000  0.14135767E+001  0.32732623E+001  0.70223965E+001  0.10196919E+002
 -0.41301219E+000 -0.31175840E+000 -0.98965507E-001 -0.89229367E-002 -0.31120506E-002 -0.71319663E-003  0.24059301E+000  0.14135926E+001  0.32732955E+001  0.70224568E+001  0.10196991E+002
 -0.41301206E+000 -0.31175819E+000 -0.98965258E-001 -0.89228954E-002 -0.31120484E-002 -0.71319176E-003  0.24059447E+000  0.14136067E+001  0.32733251E+001  0.70225104E+001  0.10197055E+002
 -0.41301195E+000 -0.31175802E+000 -0.98965064E-001 -0.89228824E-002 -0.31120470E-002 -0.71318824E-003  0.24059564E+000  0.14136189E+001  0.32733511E+001  0.70225576E+001  0.10197112E+002
 -0.41301187E+000 -0.31175790E+000 -0.98964923E-001 -0.89228966E-002 -0.31120465E-002 -0.71318604E-003  0.24059651E+000  0.14136294E+001  0.32733735E+001  0.70225983E+001  0.10197161E+002
 -0.41301181E+000 -0.31175781E+000 -0.98964834E-001 -0.89229369E-002 -0.31120467E-002 -0.71318513E-003  0.24059709E+000  0.14136382E+001  0.32733925E+001  0.70226329E+001  0.10197204E+002
 -0.41301177E+000 -0.31175776E+000 -0.98964793E-001 -0.89230015E-002 -0.31120478E-002 -0.71318545E-003  0.24059739E+000  0.14136452E+001  0.32734081E+001  0.70226613E+001  0.10197239E+002
 -0.41301174E+000 -0.31175774E+000 -0.98964798E-001 -0.89230890E-002 -0.31120496E-002 -0.71318694E-003  0.24059741E+000  0.14136506E+001  0.32734205E+001  0.70226840E+001  0.10197268E+002
 -0.41301174E+000 -0.31175775E+000 -0.98964846E-001 -0.89231973E-002 -0.31120520E-002 -0.71318953E-003  0.24059717E+000  0.14136544E+001  0.32734297E+001  0.70227010E+001  0.10197291E+002
 -0.41301175E+000 -0.31175780E+000 -0.98964935E-001 -0.89233244E-002 -0.31120551E-002 -0.71319315E-003  0.24059668E+000  0.14136567E+001  0.32734360E+001  0.70227126E+001  0.10197307E+002
 -0.41301178E+000 -0.31175787E+000 -0.98965060E-001 -0.89234681E-002 -0.31120587E-002 -0.71319771E-003  0.24059595E+000  0.14136576E+001  0.32734394E+001  0.70227191E+001  0.10197317E+002
 -0.41301183E+000 -0.31175797E+000 -0.98965220E-001 -0.89236261E-002 -0.31120628E-002 -0.71320311E-003  0.24059499E+000  0.14136572E+001  0.32734402E+001  0.70227208E+001  0.10197322E+002
 -0.41301188E+000 -0.31175810E+000 -0.98965409E-001 -0.89237962E-002 -0.31120674E-002 -0.71320928E-003  0.24059382E+000  0.14136555E+001  0.32734384E+001  0.70227179E+001  0.10197322E+002
 -0.41301195E+000 -0.31175824E+000 -0.98965624E-001 -0.89239760E-002 -0.31120723E-002 -0.71321610E-003  0.24059246E+000  0.14136526E+001  0.32734343E+001  0.70227108E+001  0.10197317E+002
 -0.41301203E+000 -0.31175840E+000 -0.98965862E-001 -0.89241633E-002 -0.31120775E-002 -0.71322349E-003  0.24059092E+000  0.14136487E+001  0.32734281E+001  0.70226999E+001  0.10197307E+002
 -0.41301212E+000 -0.31175857E+000 -0.98966119E-001 -0.89243560E-002 -0.31120830E-002 -0.71323135E-003  0.24058922E+000  0.14136438E+001  0.32734199E+001  0.70226854E+001  0.10197293E+002
 -0.41301221E+000 -0.31175876E+000 -0.98966392E-001 -0.89245518E-002 -0.31120886E-002 -0.71323957E-003  0.24058737E+000  0.14136381E+001  0.32734100E+001  0.70226677E+001  0.10197276E+002
 -0.41301231E+000 -0.31175896E+000 -0.98966677E-001 -0.89247488E-002 -0.31120944E-002 -0.71324807E-003  0.24058541E+000  0.14136315E+001  0.32733984E+001  0.70226471E+001  0.10197255E+002
 -0.41301242E+000 -0.31175916E+000 -0.98966971E-001 -0.89249452E-002 -0.31121002E-002 -0.71325676E-003  0.24058334E+000  0.14136244E+001  0.32733855E+001  0.70226240E+001  0.10197231E+002
 -0.41301253E+000 -0.31175937E+000 -0.98967271E-001 -0.89251392E-002 -0.31121060E-002 -0.71326555E-003  0.24058119E+000  0.14136166E+001  0.32733714E+001  0.70225987E+001  0.10197204E+002
 -0.41301264E+000 -0.31175959E+000 -0.98967575E-001 -0.89253297E-002 -0.31121117E-002 -0.71327438E-003  0.24057897E+000  0.14136083E+001  0.32733562E+001  0.70225714E+001  0.10197175E+002
 -0.41301276E+000 -0.31175980E+000 -0.98967882E-001 -0.89255157E-002 -0.31121174E-002 -0.71328321E-003  0.24057669E+000  0.14135997E+001  0.32733402E+001  0.70225426E+001  0.10197144E+002
 -0.41301288E+000 -0.31176002E+000 -0.98968187E-001 -0.89256956E-002 -0.31121230E-002 -0.71329194E-003  0.24057438E+000  0.14135907E+001  0.32733234E+001  0.70225123E+001  0.10197111E+002
 -0.41301300E+000 -0.31176024E+000 -0.98968490E-001 -0.89258684E-002 -0.31121284E-002 -0.71330051E-003  0.24057206E+000  0.14135814E+001  0.32733061E+001  0.70224811E+001  0.10197077E+002
 -0.41301311E+000 -0.31176046E+000 -0.98968790E-001 -0.89260337E-002 -0.31121337E-002 -0.71330890E-003  0.24056973E+000  0.14135720E+001  0.32732883E+001  0.70224490E+001  0.10197042E+002
 -0.41301323E+000 -0.31176067E+000 -0.98969085E-001 -0.89261911E-002 -0.31121387E-002 -0.71331706E-003  0.24056741E+000  0.14135625E+001  0.32732702E+001  0.70224164E+001  0.10197006E+002
 -0.41301335E+000 -0.31176089E+000 -0.98969373E-001 -0.89263403E-002 -0.31121436E-002 -0.71332497E-003  0.24056511E+000  0.14135529E+001  0.32732520E+001  0.70223834E+001  0.10196970E+002
 -0.41301347E+000 -0.31176110E+000 -0.98969656E-001 -0.89264810E-002 -0.31121482E-002 -0.71333260E-003  0.24056285E+000  0.14135432E+001  0.32732337E+001  0.70223502E+001  0.10196933E+002
 -0.41301358E+000 -0.31176130E+000 -0.98969931E-001 -0.89266132E-002 -0.31121526E-002 -0.71333993E-003  0.24056063E+000  0.14135336E+001  0.32732154E+001  0.70223170E+001  0.10196896E+002
 -0.41301370E+000 -0.31176150E+000 -0.98970199E-001 -0.89267369E-002 -0.31121568E-002 -0.71334694E-003  0.24055847E+000  0.14135241E+001  0.32731972E+001  0.70222841E+001  0.10196859E+002
 -0.41301381E+000 -0.31176170E+000 -0.98970459E-001 -0.89268521E-002 -0.31121607E-002 -0.71335363E-003  0.24055638E+000  0.14135148E+001  0.32731792E+001  0.70222515E+001  0.10196823E+002
 -0.41301392E+000 -0.31176190E+000 -0.98970710E-001 -0.89269591E-002 -0.31121644E-002 -0.71335997E-003  0.24055435E+000  0.14135056E+001  0.32731616E+001  0.70222194E+001  0.10196787E+002
 -0.41301403E+000 -0.31176208E+000 -0.98970953E-001 -0.89270579E-002 -0.31121679E-002 -0.71336596E-003  0.24055241E+000  0.14134966E+001  0.32731443E+001  0.70221880E+001  0.10196751E+002
 -0.41301414E+000 -0.31176227E+000 -0.98971186E-001 -0.89271488E-002 -0.31121711E-002 -0.71337158E-003  0.24055056E+000  0.14134879E+001  0.32731274E+001  0.70221574E+001  0.10196717E+002
 -0.41301424E+000 -0.31176244E+000 -0.98971410E-001 -0.89272320E-002 -0.31121741E-002 -0.71337684E-003  0.24054881E+000  0.14134794E+001  0.32731111E+001  0.70221278E+001  0.10196683E+002
 -0.41301434E+000 -0.31176262E+000 -0.98971623E-001 -0.89273076E-002 -0.31121768E-002 -0.71338171E-003  0.24054716E+000  0.14134713E+001  0.32730954E+001  0.70220993E+001  0.10196651E+002
 -0.41301444E+000 -0.31176278E+000 -0.98971825E-001 -0.89273759E-002 -0.31121793E-002 -0.71338620E-003  0.24054562E+000  0.14134636E+001  0.32730804E+001  0.70220720E+001  0.10196620E+002
 -0.41301453E+000 -0.31176293E+000 -0.98972015E-001 -0.89274369E-002 -0.31121816E-002 -0.71339028E-003  0.24054419E+000  0.14134562E+001  0.32730662E+001  0.70220461E+001  0.10196591E+002
 -0.41301462E+000 -0.31176308E+000 -0.98972193E-001 -0.89274908E-002 -0.31121836E-002 -0.71339396E-003  0.24054288E+000  0.14134494E+001  0.32730527E+001  0.70220216E+001  0.10196563E+002
 -0.41301470E+000 -0.31176322E+000 -0.98972357E-001 -0.89275376E-002 -0.31121854E-002 -0.71339723E-003  0.24054170E+000  0.14134429E+001  0.32730402E+001  0.70219988E+001  0.10196536E+002
 -0.41301478E+000 -0.31176334E+000 -0.98972507E-001 -0.89275776E-002 -0.31121869E-002 -0.71340006E-003  0.24054064E+000  0.14134370E+001  0.32730286E+001  0.70219777E+001  0.10196512E+002
 -0.41301485E+000 -0.31176346E+000 -0.98972642E-001 -0.89276107E-002 -0.31121882E-002 -0.71340247E-003  0.24053972E+000  0.14134317E+001  0.32730180E+001  0.70219585E+001  0.10196490E+002
 -0.41301491E+000 -0.31176356E+000 -0.98972761E-001 -0.89276369E-002 -0.31121892E-002 -0.71340444E-003  0.24053892E+000  0.14134269E+001  0.32730084E+001  0.70219413E+001  0.10196469E+002
 -0.41301496E+000 -0.31176365E+000 -0.98972863E-001 -0.89276565E-002 -0.31121900E-002 -0.71340597E-003  0.24053826E+000  0.14134227E+001  0.32730000E+001  0.70219260E+001  0.10196452E+002
 -0.41301501E+000 -0.31176372E+000 -0.98972948E-001 -0.89276693E-002 -0.31121905E-002 -0.71340705E-003  0.24053774E+000  0.14134191E+001  0.32729928E+001  0.70219129E+001  0.10196436E+002
 -0.41301505E+000 -0.31176379E+000 -0.98973014E-001 -0.89276755E-002 -0.31121908E-002 -0.71340768E-003  0.24053734E+000  0.14134162E+001  0.32729867E+001  0.70219020E+001  0.10196423E+002
 -0.41301508E+000 -0.31176383E+000 -0.98973061E-001 -0.89276753E-002 -0.31121909E-002 -0.71340787E-003  0.24053708E+000  0.14134139E+001  0.32729819E+001  0.70218934E+001  0.10196412E+002
 -0.41301510E+000 -0.31176386E+000 -0.98973089E-001 -0.89276687E-002 -0.31121907E-002 -0.71340763E-003  0.24053695E+000  0.14134123E+001  0.32729783E+001  0.70218870E+001  0.10196403E+002
 -0.41301511E+000 -0.31176388E+000 -0.98973098E-001 -0.89276558E-002 -0.31121903E-002 -0.71340696E-003  0.24053695E+000  0.14134113E+001  0.32729759E+001  0.70218828E+001  0.10196398E+002
 -0.41301511E+000 -0.31176387E+000 -0.98973087E-001 -0.89276370E-002 -0.31121896E-002 -0.71340588E-003  0.24053707E+000  0.14134110E+001  0.32729748E+001  0.70218809E+001  0.10196394E+002
 -0.41301511E+000 -0.31176386E+000 -0.98973057E-001 -0.89276125E-002 -0.31121887E-002 -0.71340441E-003  0.24053730E+000  0.14134113E+001  0.32729749E+001  0.70218812E+001  0.10196394E+002
 -0.41301509E+000 -0.31176382E+000 -0.98973009E-001 -0.89275825E-002 -0.31121877E-002 -0.71340256E-003  0.24053765E+000  0.14134122E+001  0.32729761E+001  0.70218837E+001  0.10196395E+002
 -0.41301506E+000 -0.31176378E+000 -0.98972942E-001 -0.89275475E-002 -0.31121864E-002 -0.71340036E-003  0.24053809E+000  0.14134137E+001  0.32729785E+001  0.70218883E+001  0.10196399E+002
 -0.41301503E+000 -0.31176371E+000 -0.98972858E-001 -0.89275077E-002 -0.31121850E-002 -0.71339785E-003  0.24053863E+000  0.14134158E+001  0.32729820E+001  0.70218948E+001  0.10196405E+002
 -0.41301498E+000 -0.31176364E+000 -0.98972758E-001 -0.89274639E-002 -0.31121834E-002 -0.71339505E-003  0.24053926E+000  0.14134184E+001  0.32729864E+001  0.70219031E+001  0.10196414E+002
 -0.41301493E+000 -0.31176355E+000 -0.98972642E-001 -0.89274160E-002 -0.31121816E-002 -0.71339199E-003  0.24053997E+000  0.14134214E+001  0.32729918E+001  0.70219132E+001  0.10196424E+002
 -0.41301487E+000 -0.31176345E+000 -0.98972513E-001 -0.89273646E-002 -0.31121798E-002 -0.71338869E-003  0.24054074E+000  0.14134249E+001  0.32729981E+001  0.70219249E+001  0.10196436E+002
 -0.41301481E+000 -0.31176333E+000 -0.98972372E-001 -0.89273109E-002 -0.31121778E-002 -0.71338523E-003  0.24054157E+000  0.14134288E+001  0.32730050E+001  0.70219379E+001  0.10196450E+002
 -0.41301474E+000 -0.31176321E+000 -0.98972220E-001 -0.89272551E-002 -0.31121758E-002 -0.71338164E-003  0.24054244E+000  0.14134330E+001  0.32730127E+001  0.70219520E+001  0.10196465E+002
 -0.41301467E+000 -0.31176309E+000 -0.98972061E-001 -0.89271978E-002 -0.31121737E-002 -0.71337796E-003  0.24054334E+000  0.14134374E+001  0.32730209E+001  0.70219672E+001  0.10196481E+002
 -0.41301459E+000 -0.31176295E+000 -0.98971895E-001 -0.89271397E-002 -0.31121716E-002 -0.71337423E-003  0.24054426E+000  0.14134420E+001  0.32730295E+001  0.70219832E+001  0.10196498E+002
 -0.41301451E+000 -0.31176282E+000 -0.98971724E-001 -0.89270813E-002 -0.31121695E-002 -0.71337048E-003  0.24054520E+000  0.14134468E+001  0.32730384E+001  0.70219997E+001  0.10196516E+002
 -0.41301443E+000 -0.31176268E+000 -0.98971551E-001 -0.89270233E-002 -0.31121674E-002 -0.71336676E-003  0.24054614E+000  0.14134516E+001  0.32730475E+001  0.70220165E+001  0.10196535E+002
 -0.41301434E+000 -0.31176254E+000 -0.98971378E-001 -0.89269662E-002 -0.31121654E-002 -0.71336312E-003  0.24054707E+000  0.14134565E+001  0.32730567E+001  0.70220335E+001  0.10196554E+002
 -0.41301426E+000 -0.31176240E+000 -0.98971205E-001 -0.89269105E-002 -0.31121634E-002 -0.71335957E-003  0.24054798E+000  0.14134613E+001  0.32730659E+001  0.70220505E+001  0.10196572E+002
 -0.41301418E+000 -0.31176226E+000 -0.98971035E-001 -0.89268566E-002 -0.31121615E-002 -0.71335616E-003  0.24054886E+000  0.14134661E+001  0.32730750E+001  0.70220671E+001  0.10196591E+002
 -0.41301410E+000 -0.31176212E+000 -0.98970870E-001 -0.89268049E-002 -0.31121596E-002 -0.71335290E-003  0.24054971E+000  0.14134707E+001  0.32730838E+001  0.70220834E+001  0.10196609E+002
 -0.41301402E+000 -0.31176199E+000 -0.98970710E-001 -0.89267556E-002 -0.31121579E-002 -0.71334981E-003  0.24055051E+000  0.14134751E+001  0.32730923E+001  0.70220989E+001  0.10196627E+002
 -0.41301395E+000 -0.31176187E+000 -0.98970558E-001 -0.89267094E-002 -0.31121562E-002 -0.71334694E-003  0.24055127E+000  0.14134792E+001  0.32731003E+001  0.70221137E+001  0.10196644E+002
 -0.41301388E+000 -0.31176175E+000 -0.98970415E-001 -0.89266672E-002 -0.31121548E-002 -0.71334433E-003  0.24055196E+000  0.14134831E+001  0.32731078E+001  0.70221273E+001  0.10196659E+002
 -0.41301381E+000 -0.31176164E+000 -0.98970287E-001 -0.89266309E-002 -0.31121535E-002 -0.71334210E-003  0.24055257E+000  0.14134865E+001  0.32731147E+001  0.70221397E+001  0.10196673E+002
 -0.41301376E+000 -0.31176155E+000 -0.98970177E-001 -0.89266024E-002 -0.31121525E-002 -0.71334033E-003  0.24055310E+000  0.14134896E+001  0.32731207E+001  0.70221507E+001  0.10196686E+002
 -0.41301371E+000 -0.31176148E+000 -0.98970087E-001 -0.89265820E-002 -0.31121518E-002 -0.71333904E-003  0.24055353E+000  0.14134921E+001  0.32731259E+001  0.70221599E+001  0.10196697E+002
 -0.41301367E+000 -0.31176141E+000 -0.98970008E-001 -0.89265634E-002 -0.31121511E-002 -0.71333789E-003  0.24055393E+000  0.14134944E+001  0.32731304E+001  0.70221676E+001  0.10196706E+002
 -0.41301362E+000 -0.31176133E+000 -0.98969912E-001 -0.89265320E-002 -0.31121501E-002 -0.71333618E-003  0.24055436E+000  0.14134966E+001  0.32731343E+001  0.70221739E+001  0.10196714E+002
 -0.41301355E+000 -0.31176120E+000 -0.98969768E-001 -0.89264731E-002 -0.31121482E-002 -0.71333306E-003  0.24055491E+000  0.14134988E+001  0.32731378E+001  0.70221789E+001  0.10196720E+002
 -0.41301344E+000 -0.31176102E+000 -0.98969537E-001 -0.89263616E-002 -0.31121448E-002 -0.71332765E-003  0.24055552E+000  0.14135006E+001  0.32731402E+001  0.70221821E+001  0.10196724E+002
 -0.41301341E+000 -0.31176093E+000 -0.98969374E-001 -0.89262791E-002 -0.31121422E-002 -0.71332355E-003  0.24055581E+000  0.14135011E+001  0.32731410E+001  0.70221832E+001  0.10196726E+002
