  0.63928410E-002
  0.65055942E-002
  0.66218712E-002
  0.67325620E-002
  0.68339089E-002
  0.69246994E-002
  0.70049707E-002
  0.70753303E-002
  0.71367165E-002
  0.71899855E-002
  0.72360655E-002
  0.72758318E-002
  0.73100819E-002
  0.73395284E-002
  0.73647999E-002
  0.73864501E-002
  0.74049633E-002
  0.74207600E-002
  0.74342066E-002
  0.74456241E-002
  0.74552892E-002
  0.74634422E-002
  0.74702924E-002
  0.74760211E-002
  0.74807866E-002
  0.74847270E-002
  0.74879624E-002
  0.74905979E-002
  0.74927248E-002
  0.74944234E-002
  0.74957632E-002
  0.74968047E-002
  0.74976006E-002
  0.74981964E-002
  0.74986309E-002
  0.74989377E-002
  0.74991453E-002
  0.74992773E-002
  0.74993538E-002
  0.74993910E-002
  0.74994020E-002
  0.74993974E-002
  0.74993853E-002
  0.74993719E-002
  0.74993615E-002
  0.74993574E-002
  0.74993613E-002
  0.74993742E-002
  0.74993965E-002
  0.74994277E-002
  0.74994674E-002
  0.74995145E-002
  0.74995678E-002
  0.74996261E-002
  0.74996882E-002
  0.74997526E-002
  0.74998184E-002
  0.74998841E-002
  0.74999489E-002
  0.75000116E-002
  0.75000717E-002
  0.75001283E-002
  0.75001808E-002
  0.75002290E-002
  0.75002724E-002
  0.75003108E-002
  0.75003442E-002
  0.75003727E-002
  0.75003962E-002
  0.75004149E-002
  0.75004291E-002
  0.75004391E-002
  0.75004451E-002
  0.75004475E-002
  0.75004466E-002
  0.75004427E-002
  0.75004363E-002
  0.75004275E-002
  0.75004168E-002
  0.75004044E-002
  0.75003906E-002
  0.75003757E-002
  0.75003598E-002
  0.75003433E-002
  0.75003262E-002
  0.75003087E-002
  0.75002910E-002
  0.75002732E-002
  0.75002553E-002
  0.75002376E-002
  0.75002200E-002
  0.75002026E-002
  0.75001855E-002
  0.75001687E-002
  0.75001523E-002
  0.75001362E-002
  0.75001204E-002
  0.75001051E-002
  0.75000902E-002
  0.75000756E-002
  0.75000614E-002
  0.75000476E-002
  0.75000341E-002
  0.75000210E-002
  0.75000081E-002
  0.74999956E-002
  0.74999833E-002
  0.74999713E-002
  0.74999596E-002
  0.74999480E-002
  0.74999366E-002
  0.74999253E-002
  0.74999142E-002
  0.74999032E-002
  0.74998922E-002
  0.74998813E-002
  0.74998704E-002
  0.74998595E-002
  0.74998486E-002
  0.74998376E-002
  0.74998266E-002
  0.74998155E-002
  0.74998043E-002
  0.74997930E-002
  0.74997816E-002
  0.74997701E-002
  0.74997585E-002
  0.74997467E-002
  0.74997349E-002
  0.74997231E-002
  0.74997111E-002
  0.74996992E-002
  0.74996873E-002
  0.74996754E-002
  0.74996637E-002
  0.74996521E-002
  0.74996408E-002
  0.74996297E-002
  0.74996191E-002
  0.74996089E-002
  0.74995992E-002
  0.74995902E-002
  0.74995818E-002
  0.74995743E-002
  0.74995676E-002
  0.74995619E-002
  0.74995572E-002
  0.74995537E-002
  0.74995513E-002
  0.74995503E-002
  0.74995505E-002
  0.74995522E-002
  0.74995553E-002
  0.74995598E-002
  0.74995659E-002
  0.74995735E-002
  0.74995826E-002
  0.74995933E-002
  0.74996055E-002
  0.74996192E-002
  0.74996343E-002
  0.74996509E-002
  0.74996688E-002
  0.74996879E-002
  0.74997083E-002
  0.74997298E-002
  0.74997522E-002
  0.74997756E-002
  0.74997998E-002
  0.74998247E-002
  0.74998501E-002
  0.74998760E-002
  0.74999021E-002
  0.74999284E-002
  0.74999548E-002
  0.74999811E-002
  0.75000071E-002
  0.75000328E-002
  0.75000580E-002
  0.75000826E-002
  0.75001066E-002
  0.75001296E-002
  0.75001518E-002
  0.75001729E-002
  0.75001930E-002
  0.75002118E-002
  0.75002294E-002
  0.75002456E-002
  0.75002605E-002
  0.75002739E-002
  0.75002859E-002
  0.75002964E-002
  0.75003055E-002
  0.75003134E-002
  0.75003199E-002
  0.75003269E-002
  0.75003362E-002
  0.75003710E-002
  0.75005684E-002
  0.75007149E-002
