  0.13345637E+002
  0.13350389E+002
  0.13353896E+002
  0.13356740E+002
  0.13359084E+002
  0.13361028E+002
  0.13362643E+002
  0.13363988E+002
  0.13365107E+002
  0.13366039E+002
  0.13366813E+002
  0.13367455E+002
  0.13367986E+002
  0.13368421E+002
  0.13368776E+002
  0.13369061E+002
  0.13369286E+002
  0.13369459E+002
  0.13369586E+002
  0.13369674E+002
  0.13369726E+002
  0.13369747E+002
  0.13369740E+002
  0.13369710E+002
  0.13369657E+002
  0.13369586E+002
  0.13369497E+002
  0.13369394E+002
  0.13369276E+002
  0.13369146E+002
  0.13369006E+002
  0.13368855E+002
  0.13368696E+002
  0.13368531E+002
  0.13368359E+002
  0.13368181E+002
  0.13367999E+002
  0.13367814E+002
  0.13367624E+002
  0.13367432E+002
  0.13367237E+002
  0.13367039E+002
  0.13366839E+002
  0.13366637E+002
  0.13366433E+002
  0.13366227E+002
  0.13366020E+002
  0.13365810E+002
  0.13365599E+002
  0.13365386E+002
  0.13365172E+002
  0.13364956E+002
  0.13364739E+002
  0.13364520E+002
  0.13364300E+002
  0.13364079E+002
  0.13363857E+002
  0.13363634E+002
  0.13363410E+002
  0.13363186E+002
  0.13362961E+002
  0.13362736E+002
  0.13362511E+002
  0.13362287E+002
  0.13362062E+002
  0.13361838E+002
  0.13361614E+002
  0.13361391E+002
  0.13361168E+002
  0.13360947E+002
  0.13360726E+002
  0.13360506E+002
  0.13360288E+002
  0.13360071E+002
  0.13359855E+002
  0.13359640E+002
  0.13359426E+002
  0.13359214E+002
  0.13359004E+002
  0.13358794E+002
  0.13358587E+002
  0.13358380E+002
  0.13358175E+002
  0.13357972E+002
  0.13357770E+002
  0.13357569E+002
  0.13357370E+002
  0.13357172E+002
  0.13356976E+002
  0.13356781E+002
  0.13356588E+002
  0.13356396E+002
  0.13356205E+002
  0.13356016E+002
  0.13355829E+002
  0.13355643E+002
  0.13355458E+002
  0.13355275E+002
  0.13355093E+002
  0.13354913E+002
  0.13354735E+002
  0.13354558E+002
  0.13354383E+002
  0.13354209E+002
  0.13354036E+002
  0.13353866E+002
  0.13353697E+002
  0.13353530E+002
  0.13353364E+002
  0.13353200E+002
  0.13353038E+002
  0.13352878E+002
  0.13352719E+002
  0.13352562E+002
  0.13352407E+002
  0.13352254E+002
  0.13352103E+002
  0.13351954E+002
  0.13351806E+002
  0.13351661E+002
  0.13351517E+002
  0.13351375E+002
  0.13351236E+002
  0.13351098E+002
  0.13350963E+002
  0.13350829E+002
  0.13350698E+002
  0.13350569E+002
  0.13350441E+002
  0.13350316E+002
  0.13350193E+002
  0.13350072E+002
  0.13349953E+002
  0.13349836E+002
  0.13349722E+002
  0.13349609E+002
  0.13349499E+002
  0.13349390E+002
  0.13349284E+002
  0.13349180E+002
  0.13349078E+002
  0.13348978E+002
  0.13348880E+002
  0.13348784E+002
  0.13348691E+002
  0.13348599E+002
  0.13348509E+002
  0.13348421E+002
  0.13348336E+002
  0.13348252E+002
  0.13348170E+002
  0.13348090E+002
  0.13348013E+002
  0.13347937E+002
  0.13347862E+002
  0.13347790E+002
  0.13347720E+002
  0.13347651E+002
  0.13347584E+002
  0.13347519E+002
  0.13347456E+002
  0.13347394E+002
  0.13347334E+002
  0.13347276E+002
  0.13347219E+002
  0.13347164E+002
  0.13347111E+002
  0.13347059E+002
  0.13347008E+002
  0.13346959E+002
  0.13346912E+002
  0.13346865E+002
  0.13346821E+002
  0.13346777E+002
  0.13346735E+002
  0.13346695E+002
  0.13346655E+002
  0.13346617E+002
  0.13346580E+002
  0.13346544E+002
  0.13346510E+002
  0.13346476E+002
  0.13346444E+002
  0.13346413E+002
  0.13346382E+002
  0.13346353E+002
  0.13346325E+002
  0.13346298E+002
  0.13346272E+002
  0.13346246E+002
  0.13346222E+002
  0.13346198E+002
  0.13346176E+002
  0.13346154E+002
  0.13346133E+002
  0.13346112E+002
  0.13346093E+002
  0.13346074E+002
  0.13346056E+002
  0.13346038E+002
