  0.48920684E+000  0.59212039E+000  0.32312320E+001  0.41328455E+002
  0.49091600E+000  0.59286520E+000  0.32339309E+001  0.41341234E+002
  0.49734801E+000  0.58696265E+000  0.32434429E+001  0.41237963E+002
  0.49900368E+000  0.60791974E+000  0.32292622E+001  0.41348936E+002
  0.49947321E+000  0.60913312E+000  0.32521875E+001  0.41334024E+002
  0.50028921E+000  0.60917012E+000  0.33141787E+001  0.41279169E+002
  0.50064554E+000  0.61148836E+000  0.33135206E+001  0.41283735E+002
  0.50189229E+000  0.63244068E+000  0.32923346E+001  0.41288123E+002
  0.50238875E+000  0.63206064E+000  0.32925723E+001  0.41292194E+002
  0.50298484E+000  0.63159591E+000  0.32927913E+001  0.41295454E+002
  0.50331500E+000  0.63132993E+000  0.33038077E+001  0.41287300E+002
  0.50377532E+000  0.63113137E+000  0.34124182E+001  0.41180780E+002
  0.50393152E+000  0.63117323E+000  0.35152552E+001  0.41079614E+002
  0.50404898E+000  0.65435245E+000  0.35059308E+001  0.40920150E+002
  0.50404801E+000  0.65471961E+000  0.34919977E+001  0.41081782E+002
  0.50407070E+000  0.65470264E+000  0.35059616E+001  0.40922996E+002
  0.50407083E+000  0.65488965E+000  0.35005692E+001  0.41074403E+002
  0.50408407E+000  0.65487151E+000  0.35008068E+001  0.41074522E+002
  0.50408286E+000  0.65490282E+000  0.35021122E+001  0.41073354E+002
  0.50408158E+000  0.65489738E+000  0.35021233E+001  0.41073359E+002
  0.50408024E+000  0.65490434E+000  0.35021058E+001  0.41073243E+002
  0.50407882E+000  0.65546912E+000  0.35015873E+001  0.41072952E+002
  0.50412396E+000  0.65545916E+000  0.35015405E+001  0.41072614E+002
  0.50418700E+000  0.65538891E+000  0.35015611E+001  0.41072161E+002
  0.50418861E+000  0.65538370E+000  0.35015490E+001  0.41071658E+002
  0.50418689E+000  0.65537530E+000  0.35015428E+001  0.41071086E+002
  0.50418510E+000  0.65536675E+000  0.35015365E+001  0.41070453E+002
  0.50419343E+000  0.65534781E+000  0.35015295E+001  0.41069766E+002
  0.50420448E+000  0.65533980E+000  0.35015082E+001  0.41069032E+002
  0.50420242E+000  0.65540525E+000  0.35014260E+001  0.41068253E+002
  0.50449443E+000  0.65510187E+000  0.35014181E+001  0.41067436E+002
  0.50449220E+000  0.65509246E+000  0.35014100E+001  0.41066584E+002
  0.50448989E+000  0.65508287E+000  0.35014017E+001  0.41065699E+002
  0.50448750E+000  0.65507311E+000  0.35013932E+001  0.41064784E+002
  0.50448502E+000  0.65506317E+000  0.35013846E+001  0.41063843E+002
  0.50448247E+000  0.65505305E+000  0.35013759E+001  0.41062877E+002
  0.50447983E+000  0.65504275E+000  0.35013670E+001  0.41061889E+002
  0.50447712E+000  0.65503228E+000  0.35013581E+001  0.41060879E+002
  0.50447435E+000  0.65502163E+000  0.35013491E+001  0.41059850E+002
  0.50417734E+000  0.65530497E+000  0.35013401E+001  0.41058802E+002
  0.50417444E+000  0.65529399E+000  0.35013310E+001  0.41057739E+002
  0.50417147E+000  0.65520834E+000  0.35013964E+001  0.41056660E+002
  0.50416845E+000  0.65519704E+000  0.35013874E+001  0.41055568E+002
  0.50416538E+000  0.65517170E+000  0.35013922E+001  0.41054463E+002
  0.50414925E+000  0.65517311E+000  0.35013832E+001  0.41053348E+002
  0.50414610E+000  0.65516138E+000  0.35013742E+001  0.41052223E+002
  0.50414291E+000  0.65514952E+000  0.35013653E+001  0.41051090E+002
  0.50412949E+000  0.65514776E+000  0.35013565E+001  0.41049950E+002
  0.50412626E+000  0.65513567E+000  0.35013477E+001  0.41048806E+002
  0.50412302E+000  0.65512350E+000  0.35013390E+001  0.41047657E+002
  0.50411977E+000  0.65511124E+000  0.35013301E+001  0.41046507E+002
  0.50411653E+000  0.65509891E+000  0.35013217E+001  0.41045355E+002
  0.50411330E+000  0.65508652E+000  0.35013133E+001  0.41044205E+002
  0.50411009E+000  0.65507415E+000  0.35013051E+001  0.41043056E+002
  0.50410691E+000  0.65506195E+000  0.35012968E+001  0.41041912E+002
  0.50410376E+000  0.65504991E+000  0.35012883E+001  0.41040773E+002
  0.50410065E+000  0.65503177E+000  0.35012861E+001  0.41039641E+002
  0.50409759E+000  0.65502012E+000  0.35012777E+001  0.41038517E+002
  0.50409133E+000  0.65501195E+000  0.35012691E+001  0.41037403E+002
  0.50408838E+000  0.65500076E+000  0.35012605E+001  0.41036299E+002
  0.50408550E+000  0.65498982E+000  0.35012517E+001  0.41035208E+002
  0.50401807E+000  0.65504378E+000  0.35012429E+001  0.41034130E+002
  0.50401535E+000  0.65503338E+000  0.35012338E+001  0.41033067E+002
  0.50401271E+000  0.65502328E+000  0.35012247E+001  0.41032019E+002
  0.50401017E+000  0.65501348E+000  0.35011977E+001  0.41031005E+002
  0.50400773E+000  0.65500398E+000  0.35011881E+001  0.41029990E+002
  0.50400539E+000  0.65497875E+000  0.35011947E+001  0.41028993E+002
  0.50400315E+000  0.65496772E+000  0.35011775E+001  0.41028023E+002
  0.50400103E+000  0.65495919E+000  0.35011676E+001  0.41027061E+002
  0.50399902E+000  0.65495100E+000  0.35011569E+001  0.41026119E+002
  0.50399713E+000  0.65494314E+000  0.35011466E+001  0.41025195E+002
  0.50399535E+000  0.65493562E+000  0.35011362E+001  0.41024289E+002
  0.50399369E+000  0.65492845E+000  0.35011257E+001  0.41023402E+002
  0.50399216E+000  0.65492161E+000  0.35011150E+001  0.41022533E+002
  0.50399074E+000  0.65491512E+000  0.35011041E+001  0.41021682E+002
  0.50394289E+000  0.65495553E+000  0.35010931E+001  0.41020849E+002
  0.50394172E+000  0.65494971E+000  0.35010821E+001  0.41020033E+002
  0.50394067E+000  0.65494423E+000  0.35010709E+001  0.41019234E+002
  0.50393974E+000  0.65493908E+000  0.35010598E+001  0.41018451E+002
  0.50393894E+000  0.65490642E+000  0.35010764E+001  0.41017685E+002
  0.50393826E+000  0.65490192E+000  0.35010627E+001  0.41016936E+002
  0.50393769E+000  0.65489774E+000  0.35010517E+001  0.41016199E+002
  0.50393724E+000  0.65489387E+000  0.35010407E+001  0.41015476E+002
  0.50393691E+000  0.65489030E+000  0.35010299E+001  0.41014767E+002
  0.50393669E+000  0.65488704E+000  0.35010194E+001  0.41014071E+002
  0.50393659E+000  0.65488406E+000  0.35010091E+001  0.41013387E+002
  0.50393659E+000  0.65488138E+000  0.35009991E+001  0.41012716E+002
  0.50393671E+000  0.65487897E+000  0.35009895E+001  0.41012056E+002
  0.50393693E+000  0.65431695E+000  0.35015402E+001  0.41011407E+002
  0.50393725E+000  0.65431507E+000  0.35015315E+001  0.41010769E+002
  0.50393767E+000  0.65431346E+000  0.35015233E+001  0.41010140E+002
  0.50393819E+000  0.65431209E+000  0.35015157E+001  0.41009522E+002
  0.50393881E+000  0.65431096E+000  0.35015087E+001  0.41008912E+002
  0.50393952E+000  0.65431006E+000  0.35015023E+001  0.41008312E+002
  0.50394031E+000  0.65430940E+000  0.35014967E+001  0.41007720E+002
  0.50394120E+000  0.65430895E+000  0.35014918E+001  0.41007136E+002
  0.50394217E+000  0.65430871E+000  0.35014877E+001  0.41006560E+002
  0.50394322E+000  0.65430868E+000  0.35014844E+001  0.41005992E+002
  0.50394435E+000  0.65430885E+000  0.35014819E+001  0.41005431E+002
  0.50394556E+000  0.65430921E+000  0.35014802E+001  0.41004877E+002
  0.50394684E+000  0.65430975E+000  0.35014794E+001  0.41004329E+002
  0.50394819E+000  0.65431047E+000  0.35014795E+001  0.41003788E+002
  0.50394962E+000  0.65431136E+000  0.35014804E+001  0.41003254E+002
  0.50395112E+000  0.65431241E+000  0.35014823E+001  0.41002726E+002
  0.50395268E+000  0.65431363E+000  0.35014850E+001  0.41002203E+002
  0.50395431E+000  0.65431499E+000  0.35014886E+001  0.41001687E+002
  0.50395601E+000  0.65431650E+000  0.35014931E+001  0.41001177E+002
  0.50395777E+000  0.65431814E+000  0.35014985E+001  0.41000672E+002
  0.50395960E+000  0.65431993E+000  0.35015047E+001  0.41000173E+002
  0.50396149E+000  0.65432183E+000  0.35015117E+001  0.40999679E+002
  0.50396344E+000  0.65432386E+000  0.35015196E+001  0.40999191E+002
  0.50396545E+000  0.65432601E+000  0.35015282E+001  0.40998709E+002
  0.50396752E+000  0.65432826E+000  0.35015375E+001  0.40998232E+002
  0.50396965E+000  0.65433062E+000  0.35015476E+001  0.40997761E+002
  0.50397183E+000  0.65433308E+000  0.35015584E+001  0.40997295E+002
  0.50397407E+000  0.65433564E+000  0.35015698E+001  0.40996835E+002
  0.50397637E+000  0.65433828E+000  0.35015819E+001  0.40996380E+002
  0.50397871E+000  0.65434101E+000  0.35015945E+001  0.40995931E+002
  0.50398110E+000  0.65434382E+000  0.35016077E+001  0.40995488E+002
  0.50398354E+000  0.65434670E+000  0.35016214E+001  0.40995051E+002
  0.50398602E+000  0.65434965E+000  0.35016356E+001  0.40994620E+002
  0.50398854E+000  0.65435267E+000  0.35016502E+001  0.40994195E+002
  0.50399109E+000  0.65435574E+000  0.35016652E+001  0.40993776E+002
  0.50399367E+000  0.65435887E+000  0.35016806E+001  0.40993363E+002
  0.50399628E+000  0.65436205E+000  0.35016963E+001  0.40992956E+002
  0.50399892E+000  0.65436527E+000  0.35017123E+001  0.40992556E+002
  0.50400157E+000  0.65436853E+000  0.35017286E+001  0.40992162E+002
  0.50400423E+000  0.65437182E+000  0.35017451E+001  0.40991774E+002
  0.50400690E+000  0.65437515E+000  0.35017618E+001  0.40991393E+002
  0.50400957E+000  0.65437849E+000  0.35017787E+001  0.40991019E+002
  0.50401224E+000  0.65438186E+000  0.35017957E+001  0.40990651E+002
  0.50401490E+000  0.65438524E+000  0.35018129E+001  0.40990290E+002
  0.50401754E+000  0.65438862E+000  0.35018301E+001  0.40989936E+002
  0.50402017E+000  0.65439201E+000  0.35018474E+001  0.40989589E+002
  0.50402278E+000  0.65439540E+000  0.35018648E+001  0.40989248E+002
  0.50402535E+000  0.65439877E+000  0.35018821E+001  0.40988915E+002
  0.50402790E+000  0.65440213E+000  0.35018995E+001  0.40988588E+002
  0.50403040E+000  0.65440548E+000  0.35019168E+001  0.40988269E+002
  0.50403287E+000  0.65440879E+000  0.35019341E+001  0.40987957E+002
  0.50403528E+000  0.65441208E+000  0.35019513E+001  0.40987652E+002
  0.50403765E+000  0.65441533E+000  0.35019684E+001  0.40987353E+002
  0.50403997E+000  0.65441855E+000  0.35019853E+001  0.40987062E+002
  0.50404222E+000  0.65442171E+000  0.35020021E+001  0.40986779E+002
  0.50404442E+000  0.65442483E+000  0.35020188E+001  0.40986502E+002
  0.50404655E+000  0.65442790E+000  0.35020352E+001  0.40986232E+002
  0.50404862E+000  0.65443090E+000  0.35020514E+001  0.40985970E+002
  0.50405063E+000  0.65443385E+000  0.35020674E+001  0.40985714E+002
  0.50405256E+000  0.65443673E+000  0.35020831E+001  0.40985466E+002
  0.50405442E+000  0.65443954E+000  0.35020986E+001  0.40985224E+002
  0.50405621E+000  0.65444228E+000  0.35021138E+001  0.40984990E+002
  0.50405793E+000  0.65444494E+000  0.35021286E+001  0.40984762E+002
  0.50405958E+000  0.65444752E+000  0.35021431E+001  0.40984542E+002
  0.50406115E+000  0.65445003E+000  0.35021573E+001  0.40984328E+002
  0.50406265E+000  0.65445245E+000  0.35021712E+001  0.40984121E+002
  0.50406408E+000  0.65445479E+000  0.35021846E+001  0.40983920E+002
  0.50406544E+000  0.65445705E+000  0.35021977E+001  0.40983726E+002
  0.50406672E+000  0.65445922E+000  0.35022104E+001  0.40983539E+002
  0.50406794E+000  0.65446130E+000  0.35022227E+001  0.40983358E+002
  0.50406908E+000  0.65446330E+000  0.35022347E+001  0.40983184E+002
  0.50407016E+000  0.65446521E+000  0.35022462E+001  0.40983016E+002
  0.50407117E+000  0.65446703E+000  0.35022572E+001  0.40982854E+002
  0.50407212E+000  0.65446877E+000  0.35022679E+001  0.40982698E+002
  0.50407300E+000  0.65447042E+000  0.35022782E+001  0.40982547E+002
  0.50407383E+000  0.65447199E+000  0.35022880E+001  0.40982403E+002
  0.50407459E+000  0.65447347E+000  0.35022975E+001  0.40982265E+002
  0.50407530E+000  0.65447487E+000  0.35023065E+001  0.40982132E+002
  0.50407595E+000  0.65447620E+000  0.35023151E+001  0.40982004E+002
  0.50407655E+000  0.65447744E+000  0.35023233E+001  0.40981882E+002
  0.50407710E+000  0.65447861E+000  0.35023311E+001  0.40981765E+002
  0.50407760E+000  0.65447970E+000  0.35023385E+001  0.40981653E+002
  0.50407806E+000  0.65448072E+000  0.35023455E+001  0.40981546E+002
  0.50407848E+000  0.65448167E+000  0.35023522E+001  0.40981444E+002
  0.50407885E+000  0.65448255E+000  0.35023585E+001  0.40981346E+002
  0.50407918E+000  0.65448337E+000  0.35023644E+001  0.40981253E+002
  0.50407948E+000  0.65448413E+000  0.35023700E+001  0.40981165E+002
  0.50407974E+000  0.65448482E+000  0.35023752E+001  0.40981081E+002
  0.50407997E+000  0.65448546E+000  0.35023801E+001  0.40981001E+002
  0.50408017E+000  0.65448604E+000  0.35023846E+001  0.40980925E+002
  0.50408034E+000  0.65448657E+000  0.35023889E+001  0.40980853E+002
  0.50408049E+000  0.65448705E+000  0.35023929E+001  0.40980784E+002
  0.50408061E+000  0.65448749E+000  0.35023966E+001  0.40980719E+002
  0.50408071E+000  0.65448788E+000  0.35024000E+001  0.40980658E+002
  0.50408078E+000  0.65448823E+000  0.35024031E+001  0.40980600E+002
  0.50408084E+000  0.65448854E+000  0.35024060E+001  0.40980546E+002
  0.50408088E+000  0.65448881E+000  0.35024087E+001  0.40980494E+002
  0.50408091E+000  0.65448905E+000  0.35024111E+001  0.40980446E+002
  0.50408092E+000  0.65448925E+000  0.35024133E+001  0.40980400E+002
  0.50408091E+000  0.65448943E+000  0.35024153E+001  0.40980357E+002
  0.50408090E+000  0.65448957E+000  0.35024172E+001  0.40980317E+002
  0.50408087E+000  0.65448970E+000  0.35024188E+001  0.40980279E+002
  0.50408083E+000  0.65448979E+000  0.35024203E+001  0.40980244E+002
  0.50408079E+000  0.65448987E+000  0.35024216E+001  0.40980211E+002
  0.50408074E+000  0.65448993E+000  0.35024227E+001  0.40980181E+002
  0.50408068E+000  0.65448997E+000  0.35024237E+001  0.40980152E+002
  0.50408062E+000  0.65448999E+000  0.35024246E+001  0.40980125E+002
  0.50408055E+000  0.65448999E+000  0.35024254E+001  0.40980101E+002
  0.50408048E+000  0.65448999E+000  0.35024260E+001  0.40980078E+002
  0.50408041E+000  0.65448997E+000  0.35024266E+001  0.40980057E+002
  0.50408033E+000  0.65448994E+000  0.35024270E+001  0.40980037E+002
  0.50408026E+000  0.65448991E+000  0.35024274E+001  0.40980020E+002
