  0.20406786E-001
  0.20550974E-001
  0.20565899E-001
  0.20568135E-001
  0.20568697E-001
  0.20568884E-001
  0.20568931E-001
  0.20568914E-001
  0.20568874E-001
  0.20568817E-001
  0.20568766E-001
  0.20568726E-001
  0.20568702E-001
  0.20568694E-001
  0.20568703E-001
  0.20568713E-001
  0.20568722E-001
  0.20568729E-001
  0.20568730E-001
  0.20568725E-001
  0.20568711E-001
  0.20568687E-001
  0.20568652E-001
  0.20568605E-001
  0.20568545E-001
  0.20568472E-001
  0.20568388E-001
  0.20568293E-001
  0.20568169E-001
  0.20568030E-001
  0.20567879E-001
  0.20567717E-001
  0.20567543E-001
  0.20567360E-001
  0.20567166E-001
  0.20566963E-001
  0.20566750E-001
  0.20566530E-001
  0.20566301E-001
  0.20566065E-001
  0.20565821E-001
  0.20565571E-001
  0.20565315E-001
  0.20565052E-001
  0.20564783E-001
  0.20564509E-001
  0.20564228E-001
  0.20563943E-001
  0.20563651E-001
  0.20563354E-001
  0.20563051E-001
  0.20562743E-001
  0.20562430E-001
  0.20562111E-001
  0.20561788E-001
  0.20561459E-001
  0.20561127E-001
  0.20560789E-001
  0.20560448E-001
  0.20560103E-001
  0.20559755E-001
  0.20559404E-001
  0.20559050E-001
  0.20558694E-001
  0.20558336E-001
  0.20557976E-001
  0.20557615E-001
  0.20557253E-001
  0.20556891E-001
  0.20556528E-001
  0.20556166E-001
  0.20555804E-001
  0.20555443E-001
  0.20555083E-001
  0.20554724E-001
  0.20554366E-001
  0.20554010E-001
  0.20553656E-001
  0.20553305E-001
  0.20552955E-001
  0.20552608E-001
  0.20552263E-001
  0.20551921E-001
  0.20551582E-001
  0.20551246E-001
  0.20550912E-001
  0.20550582E-001
  0.20550255E-001
  0.20549930E-001
  0.20549609E-001
  0.20549291E-001
  0.20548976E-001
  0.20548665E-001
  0.20548356E-001
  0.20548051E-001
  0.20547749E-001
  0.20547450E-001
  0.20547155E-001
  0.20546862E-001
  0.20546573E-001
  0.20546287E-001
  0.20546005E-001
  0.20545725E-001
  0.20545449E-001
  0.20545176E-001
  0.20544906E-001
  0.20544639E-001
  0.20544376E-001
  0.20544115E-001
  0.20543858E-001
  0.20543604E-001
  0.20543353E-001
  0.20543105E-001
  0.20542861E-001
  0.20542620E-001
  0.20542381E-001
  0.20542147E-001
  0.20541915E-001
  0.20541686E-001
  0.20541461E-001
  0.20541239E-001
  0.20541021E-001
  0.20540805E-001
  0.20540593E-001
  0.20540384E-001
  0.20540178E-001
  0.20539975E-001
  0.20539776E-001
  0.20539580E-001
  0.20539388E-001
  0.20539198E-001
  0.20539012E-001
  0.20538829E-001
  0.20538649E-001
  0.20538473E-001
  0.20538300E-001
  0.20538130E-001
  0.20537963E-001
  0.20537799E-001
  0.20537639E-001
  0.20537482E-001
  0.20537328E-001
  0.20537177E-001
  0.20537029E-001
  0.20536885E-001
  0.20536743E-001
  0.20536605E-001
  0.20536469E-001
  0.20536337E-001
  0.20536208E-001
  0.20536081E-001
  0.20535958E-001
  0.20535837E-001
  0.20535719E-001
  0.20535604E-001
  0.20535492E-001
  0.20535383E-001
  0.20535276E-001
  0.20535172E-001
  0.20535071E-001
  0.20534972E-001
  0.20534876E-001
  0.20534782E-001
  0.20534691E-001
  0.20534603E-001
  0.20534517E-001
  0.20534433E-001
  0.20534351E-001
  0.20534272E-001
  0.20534195E-001
  0.20534121E-001
  0.20534048E-001
  0.20533978E-001
  0.20533910E-001
  0.20533843E-001
  0.20533779E-001
  0.20533717E-001
  0.20533657E-001
  0.20533598E-001
  0.20533541E-001
  0.20533487E-001
  0.20533434E-001
  0.20533382E-001
  0.20533332E-001
  0.20533284E-001
  0.20533238E-001
  0.20533193E-001
  0.20533150E-001
  0.20533108E-001
  0.20533067E-001
  0.20533028E-001
  0.20532990E-001
  0.20532954E-001
  0.20532919E-001
  0.20532885E-001
  0.20532852E-001
  0.20532821E-001
  0.20532791E-001
  0.20532761E-001
  0.20532731E-001
