  0.37828861E+000
  0.37811811E+000
  0.37804513E+000
  0.37799867E+000
  0.37796654E+000
  0.37794441E+000
  0.37792979E+000
  0.37792092E+000
  0.37791650E+000
  0.37791602E+000
  0.37791865E+000
  0.37792373E+000
  0.37793072E+000
  0.37793922E+000
  0.37794894E+000
  0.37795963E+000
  0.37797111E+000
  0.37798323E+000
  0.37799585E+000
  0.37800886E+000
  0.37802216E+000
  0.37803567E+000
  0.37804930E+000
  0.37806298E+000
  0.37807664E+000
  0.37809020E+000
  0.37810359E+000
  0.37811677E+000
  0.37812965E+000
  0.37814218E+000
  0.37815428E+000
  0.37816591E+000
  0.37817702E+000
  0.37818756E+000
  0.37819751E+000
  0.37820684E+000
  0.37821554E+000
  0.37822359E+000
  0.37823099E+000
  0.37823774E+000
  0.37824386E+000
  0.37824937E+000
  0.37825430E+000
  0.37825866E+000
  0.37826249E+000
  0.37826584E+000
  0.37826873E+000
  0.37827120E+000
  0.37827328E+000
  0.37827501E+000
  0.37827643E+000
  0.37827758E+000
  0.37827848E+000
  0.37827917E+000
  0.37827968E+000
  0.37828003E+000
  0.37828024E+000
  0.37828034E+000
  0.37828034E+000
  0.37828027E+000
  0.37828013E+000
  0.37827994E+000
  0.37827971E+000
  0.37827945E+000
  0.37827918E+000
  0.37827889E+000
  0.37827861E+000
  0.37827833E+000
  0.37827806E+000
  0.37827780E+000
  0.37827757E+000
  0.37827735E+000
  0.37827717E+000
  0.37827700E+000
  0.37827687E+000
  0.37827676E+000
  0.37827669E+000
  0.37827663E+000
  0.37827661E+000
  0.37827661E+000
  0.37827664E+000
  0.37827668E+000
  0.37827675E+000
  0.37827684E+000
  0.37827694E+000
  0.37827706E+000
  0.37827720E+000
  0.37827734E+000
  0.37827750E+000
  0.37827767E+000
  0.37827784E+000
  0.37827802E+000
  0.37827820E+000
  0.37827839E+000
  0.37827859E+000
  0.37827878E+000
  0.37827898E+000
  0.37827918E+000
  0.37827938E+000
  0.37827958E+000
  0.37827978E+000
  0.37827998E+000
  0.37828018E+000
  0.37828037E+000
  0.37828057E+000
  0.37828077E+000
  0.37828096E+000
  0.37828116E+000
  0.37828135E+000
  0.37828154E+000
  0.37828173E+000
  0.37828192E+000
  0.37828210E+000
  0.37828229E+000
  0.37828247E+000
  0.37828265E+000
  0.37828282E+000
  0.37828300E+000
  0.37828317E+000
  0.37828334E+000
  0.37828351E+000
  0.37828367E+000
  0.37828383E+000
  0.37828399E+000
  0.37828415E+000
  0.37828430E+000
  0.37828445E+000
  0.37828460E+000
  0.37828475E+000
  0.37828489E+000
  0.37828503E+000
  0.37828516E+000
  0.37828529E+000
  0.37828542E+000
  0.37828555E+000
  0.37828567E+000
  0.37828579E+000
  0.37828591E+000
  0.37828602E+000
  0.37828613E+000
  0.37828624E+000
  0.37828635E+000
  0.37828645E+000
  0.37828655E+000
  0.37828664E+000
  0.37828673E+000
  0.37828682E+000
  0.37828691E+000
  0.37828699E+000
  0.37828707E+000
  0.37828715E+000
  0.37828722E+000
  0.37828729E+000
  0.37828736E+000
  0.37828743E+000
  0.37828749E+000
  0.37828755E+000
  0.37828761E+000
  0.37828767E+000
  0.37828772E+000
  0.37828778E+000
  0.37828782E+000
  0.37828787E+000
  0.37828792E+000
  0.37828796E+000
  0.37828800E+000
  0.37828804E+000
  0.37828808E+000
  0.37828811E+000
  0.37828815E+000
  0.37828818E+000
  0.37828821E+000
  0.37828824E+000
  0.37828826E+000
  0.37828829E+000
  0.37828831E+000
  0.37828834E+000
  0.37828836E+000
  0.37828838E+000
  0.37828840E+000
  0.37828841E+000
  0.37828843E+000
  0.37828845E+000
  0.37828846E+000
  0.37828847E+000
  0.37828849E+000
  0.37828850E+000
  0.37828851E+000
  0.37828852E+000
  0.37828853E+000
  0.37828854E+000
  0.37828854E+000
  0.37828855E+000
  0.37828856E+000
  0.37828856E+000
  0.37828857E+000
  0.37828857E+000
  0.37828857E+000
  0.37828856E+000
  0.37828855E+000
