  0.20350391E+000  0.29103729E+000  0.39396634E+000  0.62464691E+000
  0.20350978E+000  0.29094140E+000  0.39392248E+000  0.62422317E+000
  0.20355599E+000  0.29088066E+000  0.39389711E+000  0.62402401E+000
  0.20355115E+000  0.29085976E+000  0.39410216E+000  0.62369284E+000
  0.20354300E+000  0.29083764E+000  0.39397833E+000  0.62374243E+000
  0.20354362E+000  0.29084064E+000  0.39393256E+000  0.62371334E+000
  0.20354212E+000  0.29084576E+000  0.39385054E+000  0.62374542E+000
  0.20354081E+000  0.29084316E+000  0.39383612E+000  0.62373809E+000
  0.20355096E+000  0.29082837E+000  0.39383041E+000  0.62373932E+000
  0.20355107E+000  0.29084926E+000  0.39380537E+000  0.62374695E+000
  0.20356508E+000  0.29084916E+000  0.39379241E+000  0.62375939E+000
  0.20356621E+000  0.29084385E+000  0.39352762E+000  0.62404935E+000
  0.20356770E+000  0.29084416E+000  0.39354631E+000  0.62405579E+000
  0.20356920E+000  0.29938165E+000  0.38318678E+000  0.62411682E+000
  0.20357095E+000  0.29084723E+000  0.39305957E+000  0.62460343E+000
  0.20357271E+000  0.29084980E+000  0.39306945E+000  0.62462783E+000
  0.20357462E+000  0.29085264E+000  0.39307831E+000  0.62465532E+000
  0.20357687E+000  0.29085562E+000  0.39301735E+000  0.62475414E+000
  0.20357961E+000  0.29085852E+000  0.39302911E+000  0.62478142E+000
  0.20359089E+000  0.29085321E+000  0.39303576E+000  0.62481468E+000
  0.20359321E+000  0.29085682E+000  0.39304871E+000  0.62484256E+000
  0.20359559E+000  0.29086100E+000  0.39305998E+000  0.62487206E+000
  0.20359819E+000  0.29087597E+000  0.39305605E+000  0.62490607E+000
  0.20360067E+000  0.29088030E+000  0.39306896E+000  0.62493404E+000
  0.20360317E+000  0.29088471E+000  0.39308183E+000  0.62496176E+000
  0.20360570E+000  0.29089382E+000  0.39287437E+000  0.62520466E+000
  0.20361412E+000  0.29089240E+000  0.39288691E+000  0.62523153E+000
  0.20361666E+000  0.29089685E+000  0.39289921E+000  0.62525778E+000
  0.20361919E+000  0.29090127E+000  0.39291124E+000  0.62528325E+000
  0.20362170E+000  0.29090564E+000  0.39292291E+000  0.62530780E+000
  0.20362418E+000  0.29091021E+000  0.39293388E+000  0.62533132E+000
  0.20362661E+000  0.29091439E+000  0.39294462E+000  0.62535377E+000
  0.20362899E+000  0.29091845E+000  0.39295493E+000  0.62537492E+000
  0.20363132E+000  0.29092237E+000  0.39296471E+000  0.62539477E+000
  0.20363357E+000  0.29092613E+000  0.39297393E+000  0.62541327E+000
  0.20363574E+000  0.29092972E+000  0.39298257E+000  0.62543038E+000
  0.20363783E+000  0.29093314E+000  0.39299061E+000  0.62544607E+000
  0.20363982E+000  0.29093636E+000  0.39299805E+000  0.62546034E+000
  0.20364172E+000  0.29093938E+000  0.39300488E+000  0.62547319E+000
  0.20364351E+000  0.29094220E+000  0.39301118E+000  0.62548459E+000
  0.20364519E+000  0.29094481E+000  0.39301681E+000  0.62549471E+000
  0.20364675E+000  0.29094693E+000  0.39302217E+000  0.62550354E+000
  0.20364821E+000  0.29094912E+000  0.39302667E+000  0.62551115E+000
  0.20364955E+000  0.29095111E+000  0.39303065E+000  0.62551761E+000
  0.20365077E+000  0.29095291E+000  0.39303413E+000  0.62552301E+000
  0.20365187E+000  0.29095451E+000  0.39303714E+000  0.62552742E+000
  0.20365286E+000  0.29095593E+000  0.39303972E+000  0.62553094E+000
  0.20365375E+000  0.29095718E+000  0.39304190E+000  0.62553365E+000
  0.20365452E+000  0.29095827E+000  0.39304372E+000  0.62553565E+000
  0.20365519E+000  0.29095920E+000  0.39304519E+000  0.62553701E+000
  0.20365577E+000  0.29096000E+000  0.39304632E+000  0.62553781E+000
  0.20365624E+000  0.29096067E+000  0.39304716E+000  0.62553813E+000
  0.20365664E+000  0.29096122E+000  0.39304775E+000  0.62553802E+000
  0.20365695E+000  0.29096168E+000  0.39304809E+000  0.62553757E+000
  0.20365718E+000  0.29096205E+000  0.39304824E+000  0.62553683E+000
  0.20365735E+000  0.29096233E+000  0.39304821E+000  0.62553583E+000
  0.20365745E+000  0.29096255E+000  0.39304804E+000  0.62553463E+000
  0.20365750E+000  0.29096272E+000  0.39304775E+000  0.62553328E+000
  0.20365749E+000  0.29096283E+000  0.39304735E+000  0.62553179E+000
  0.20365744E+000  0.29096290E+000  0.39304686E+000  0.62553021E+000
  0.20365735E+000  0.29096295E+000  0.39304630E+000  0.62552857E+000
  0.20365723E+000  0.29096296E+000  0.39304567E+000  0.62552689E+000
  0.20365707E+000  0.29096296E+000  0.39304499E+000  0.62552520E+000
  0.20365690E+000  0.29096295E+000  0.39304427E+000  0.62552351E+000
  0.20365670E+000  0.29096293E+000  0.39304352E+000  0.62552185E+000
  0.20365648E+000  0.29096290E+000  0.39304274E+000  0.62552023E+000
  0.20365626E+000  0.29096287E+000  0.39304194E+000  0.62551867E+000
  0.20365013E+000  0.29096875E+000  0.39304113E+000  0.62551718E+000
  0.20364989E+000  0.29096873E+000  0.39304032E+000  0.62551577E+000
  0.20364965E+000  0.29096872E+000  0.39303949E+000  0.62551445E+000
  0.20364941E+000  0.29096871E+000  0.39303867E+000  0.62551323E+000
  0.20364917E+000  0.29096872E+000  0.39303784E+000  0.62551210E+000
  0.20364894E+000  0.29096873E+000  0.39303702E+000  0.62551108E+000
  0.20364871E+000  0.29096410E+000  0.39304087E+000  0.62551017E+000
  0.20364849E+000  0.29096414E+000  0.39304006E+000  0.62550936E+000
  0.20364828E+000  0.29096419E+000  0.39303927E+000  0.62550866E+000
  0.20364807E+000  0.29096424E+000  0.39303848E+000  0.62550806E+000
  0.20364788E+000  0.29096431E+000  0.39303771E+000  0.62550756E+000
  0.20364770E+000  0.29096439E+000  0.39325284E+000  0.62529126E+000
  0.20364753E+000  0.29096447E+000  0.39325209E+000  0.62529093E+000
  0.20364737E+000  0.29096456E+000  0.39325136E+000  0.62529069E+000
  0.20364723E+000  0.29096466E+000  0.39325064E+000  0.62529053E+000
  0.20364709E+000  0.29096477E+000  0.39324994E+000  0.62529044E+000
  0.20364696E+000  0.29096487E+000  0.39324925E+000  0.62529041E+000
  0.20364685E+000  0.29096498E+000  0.39324859E+000  0.62529044E+000
  0.20364675E+000  0.29096510E+000  0.39324793E+000  0.62529051E+000
  0.20364665E+000  0.29096521E+000  0.39324730E+000  0.62529064E+000
  0.20364657E+000  0.29096533E+000  0.39324668E+000  0.62529080E+000
  0.20364649E+000  0.29096544E+000  0.39324609E+000  0.62529099E+000
  0.20364642E+000  0.29096556E+000  0.39324551E+000  0.62529121E+000
  0.20364636E+000  0.29096567E+000  0.39324495E+000  0.62529146E+000
  0.20364631E+000  0.29096579E+000  0.39324441E+000  0.62529173E+000
  0.20364626E+000  0.29096589E+000  0.39324389E+000  0.62529201E+000
  0.20364622E+000  0.29096600E+000  0.39324340E+000  0.62529230E+000
  0.20364619E+000  0.29096610E+000  0.39324292E+000  0.62529261E+000
  0.20364616E+000  0.29096620E+000  0.39324246E+000  0.62529292E+000
  0.20364614E+000  0.29096630E+000  0.39324202E+000  0.62529323E+000
  0.20364612E+000  0.29096639E+000  0.39324161E+000  0.62529355E+000
  0.20364611E+000  0.29096648E+000  0.39324121E+000  0.62529387E+000
  0.20364610E+000  0.29096656E+000  0.39324083E+000  0.62529419E+000
  0.20364610E+000  0.29096664E+000  0.39324047E+000  0.62529452E+000
  0.20364609E+000  0.29096672E+000  0.39324013E+000  0.62529483E+000
  0.20364609E+000  0.29096679E+000  0.39323981E+000  0.62529515E+000
  0.20364610E+000  0.29096685E+000  0.39323950E+000  0.62529547E+000
  0.20364610E+000  0.29096692E+000  0.39323922E+000  0.62529578E+000
  0.20364611E+000  0.29096697E+000  0.39323894E+000  0.62529609E+000
  0.20364612E+000  0.29096703E+000  0.39323869E+000  0.62529640E+000
  0.20364613E+000  0.29096708E+000  0.39323845E+000  0.62529670E+000
  0.20364614E+000  0.29096713E+000  0.39323823E+000  0.62529700E+000
  0.20364615E+000  0.29096717E+000  0.39323801E+000  0.62529730E+000
  0.20364617E+000  0.29096722E+000  0.39323782E+000  0.62529759E+000
  0.20364618E+000  0.29096725E+000  0.39323763E+000  0.62529788E+000
  0.20364620E+000  0.29096729E+000  0.39323746E+000  0.62529816E+000
  0.20364621E+000  0.29096733E+000  0.39323730E+000  0.62529845E+000
  0.20364623E+000  0.29096736E+000  0.39323715E+000  0.62529872E+000
  0.20364624E+000  0.29096739E+000  0.39323700E+000  0.62529900E+000
  0.20364626E+000  0.29096742E+000  0.39323687E+000  0.62529927E+000
  0.20364628E+000  0.29096744E+000  0.39323675E+000  0.62529953E+000
  0.20364629E+000  0.29096747E+000  0.39323663E+000  0.62529979E+000
  0.20364631E+000  0.29096749E+000  0.39323653E+000  0.62530005E+000
  0.20364632E+000  0.29096751E+000  0.39323643E+000  0.62530030E+000
  0.20364634E+000  0.29096753E+000  0.39323634E+000  0.62530055E+000
  0.20364635E+000  0.29096755E+000  0.39323625E+000  0.62530079E+000
  0.20364637E+000  0.29096757E+000  0.39323617E+000  0.62530103E+000
  0.20364638E+000  0.29096759E+000  0.39323609E+000  0.62530127E+000
  0.20364639E+000  0.29096761E+000  0.39323602E+000  0.62530150E+000
  0.20364641E+000  0.29096762E+000  0.39323595E+000  0.62530172E+000
  0.20364642E+000  0.29096764E+000  0.39323589E+000  0.62530194E+000
  0.20364643E+000  0.29096766E+000  0.39323583E+000  0.62530216E+000
  0.20364644E+000  0.29096767E+000  0.39323578E+000  0.62530237E+000
  0.20364645E+000  0.29096768E+000  0.39323573E+000  0.62530258E+000
  0.20364646E+000  0.29096770E+000  0.39323568E+000  0.62530278E+000
  0.20364647E+000  0.29096771E+000  0.39323563E+000  0.62530297E+000
  0.20364648E+000  0.29096773E+000  0.39323559E+000  0.62530316E+000
  0.20364649E+000  0.29096774E+000  0.39323554E+000  0.62530335E+000
  0.20364650E+000  0.29096775E+000  0.39323550E+000  0.62530353E+000
  0.20364651E+000  0.29096776E+000  0.39323547E+000  0.62530370E+000
  0.20364651E+000  0.29096778E+000  0.39323543E+000  0.62530388E+000
  0.20364652E+000  0.29096779E+000  0.39323539E+000  0.62530404E+000
  0.20364653E+000  0.29096780E+000  0.39323536E+000  0.62530420E+000
  0.20364653E+000  0.29096781E+000  0.39323533E+000  0.62530436E+000
  0.20364654E+000  0.29096782E+000  0.39323530E+000  0.62530451E+000
  0.20364654E+000  0.29096783E+000  0.39323527E+000  0.62530465E+000
  0.20364655E+000  0.29096784E+000  0.39323524E+000  0.62530479E+000
  0.20364655E+000  0.29096785E+000  0.39323521E+000  0.62530493E+000
  0.20364655E+000  0.29096786E+000  0.39323518E+000  0.62530506E+000
  0.20364656E+000  0.29096786E+000  0.39323515E+000  0.62530519E+000
  0.20364656E+000  0.29096787E+000  0.39323512E+000  0.62530531E+000
  0.20364656E+000  0.29096788E+000  0.39323509E+000  0.62530543E+000
  0.20364656E+000  0.29096789E+000  0.39323507E+000  0.62530554E+000
  0.20364656E+000  0.29096789E+000  0.39323504E+000  0.62530565E+000
  0.20364656E+000  0.29096790E+000  0.39323501E+000  0.62530575E+000
  0.20364656E+000  0.29096790E+000  0.39323499E+000  0.62530585E+000
  0.20364656E+000  0.29096791E+000  0.39323496E+000  0.62530594E+000
  0.20364656E+000  0.29096791E+000  0.39323494E+000  0.62530604E+000
  0.20364656E+000  0.29096791E+000  0.39323491E+000  0.62530612E+000
  0.20364656E+000  0.29096792E+000  0.39323489E+000  0.62530621E+000
  0.20364656E+000  0.29096792E+000  0.39323486E+000  0.62530629E+000
  0.20364656E+000  0.29096792E+000  0.39323484E+000  0.62530636E+000
  0.20364656E+000  0.29096792E+000  0.39323481E+000  0.62530643E+000
  0.20364655E+000  0.29096792E+000  0.39323479E+000  0.62530650E+000
  0.20364655E+000  0.29096792E+000  0.39323476E+000  0.62530657E+000
  0.20364655E+000  0.29096792E+000  0.39323474E+000  0.62530663E+000
  0.20364654E+000  0.29096792E+000  0.39323471E+000  0.62530669E+000
  0.20364654E+000  0.29096792E+000  0.39323469E+000  0.62530674E+000
  0.20364654E+000  0.29096792E+000  0.39323466E+000  0.62530680E+000
  0.20364653E+000  0.29096791E+000  0.39323464E+000  0.62530685E+000
  0.20364653E+000  0.29096791E+000  0.39323461E+000  0.62530689E+000
  0.20364653E+000  0.29096791E+000  0.39323459E+000  0.62530694E+000
  0.20364652E+000  0.29096790E+000  0.39323457E+000  0.62530698E+000
  0.20364652E+000  0.29096790E+000  0.39323454E+000  0.62530702E+000
  0.20364651E+000  0.29096789E+000  0.39323452E+000  0.62530706E+000
  0.20364651E+000  0.29096789E+000  0.39323450E+000  0.62530709E+000
  0.20364650E+000  0.29096788E+000  0.39323448E+000  0.62530712E+000
  0.20364650E+000  0.29096788E+000  0.39323445E+000  0.62530715E+000
  0.20364649E+000  0.29096787E+000  0.39323443E+000  0.62530718E+000
  0.20364649E+000  0.29096786E+000  0.39323441E+000  0.62530721E+000
  0.20364648E+000  0.29096786E+000  0.39323439E+000  0.62530723E+000
  0.20364647E+000  0.29096785E+000  0.39323437E+000  0.62530725E+000
  0.20364647E+000  0.29096784E+000  0.39323434E+000  0.62530727E+000
  0.20364646E+000  0.29096783E+000  0.39323432E+000  0.62530729E+000
  0.20364646E+000  0.29096782E+000  0.39323430E+000  0.62530731E+000
  0.20364645E+000  0.29096782E+000  0.39323428E+000  0.62530733E+000
  0.20364645E+000  0.29096781E+000  0.39323426E+000  0.62530734E+000
  0.20364644E+000  0.29096780E+000  0.39323424E+000  0.62530736E+000
  0.20364643E+000  0.29096779E+000  0.39323422E+000  0.62530737E+000
  0.20364643E+000  0.29096778E+000  0.39323420E+000  0.62530738E+000
  0.20364642E+000  0.29096777E+000  0.39323419E+000  0.62530739E+000
  0.20364642E+000  0.29096776E+000  0.39323417E+000  0.62530740E+000
  0.20364641E+000  0.29096775E+000  0.39323415E+000  0.62530741E+000
  0.20364640E+000  0.29096774E+000  0.39323413E+000  0.62530741E+000
  0.20364640E+000  0.29096773E+000  0.39323411E+000  0.62530742E+000
  0.20364639E+000  0.29096772E+000  0.39323410E+000  0.62530743E+000
  0.20364638E+000  0.29096771E+000  0.39323408E+000  0.62530743E+000
  0.20364638E+000  0.29096770E+000  0.39323406E+000  0.62530743E+000
  0.20364637E+000  0.29096769E+000  0.39323404E+000  0.62530743E+000
  0.20364636E+000  0.29096767E+000  0.39323402E+000  0.62530743E+000
  0.20364635E+000  0.29096766E+000  0.39323400E+000  0.62530743E+000
  0.20364634E+000  0.29096764E+000  0.39323397E+000  0.62530741E+000
  0.20364632E+000  0.29096762E+000  0.39323394E+000  0.62530738E+000
