 -0.12998776E+000  0.29515447E-001  0.11803231E+001  0.43330362E+000
 -0.12996833E+000  0.29515571E-001  0.11802254E+001  0.43282416E+000
 -0.12995827E+000  0.29515825E-001  0.11801760E+001  0.43262419E+000
 -0.12995468E+000  0.29516238E-001  0.11801495E+001  0.43249487E+000
 -0.12995547E+000  0.29516748E-001  0.11801367E+001  0.43240340E+000
 -0.12995912E+000  0.29517303E-001  0.11801335E+001  0.43233844E+000
 -0.12996453E+000  0.29517864E-001  0.11801373E+001  0.43229319E+000
 -0.12996940E+000  0.29518407E-001  0.11801463E+001  0.43226289E+000
 -0.12997308E+000  0.29518920E-001  0.11801592E+001  0.43224403E+000
 -0.12997585E+000  0.29519397E-001  0.11801750E+001  0.43223407E+000
 -0.12997793E+000  0.29519834E-001  0.11801930E+001  0.43223110E+000
 -0.12997949E+000  0.29520159E-001  0.11802126E+001  0.43223371E+000
 -0.12998066E+000  0.29520372E-001  0.11802334E+001  0.43224087E+000
 -0.12998153E+000  0.29520495E-001  0.11802549E+001  0.43225179E+000
 -0.12998218E+000  0.29520548E-001  0.11802769E+001  0.43226586E+000
 -0.12998267E+000  0.29520548E-001  0.11802993E+001  0.43228263E+000
 -0.12998303E+000  0.29520506E-001  0.11803217E+001  0.43230171E+000
 -0.12998329E+000  0.29520434E-001  0.11803440E+001  0.43232278E+000
 -0.12998349E+000  0.29520341E-001  0.11803662E+001  0.43234558E+000
 -0.12998364E+000  0.29520234E-001  0.11803881E+001  0.43236986E+000
 -0.12998375E+000  0.29520118E-001  0.11804095E+001  0.43239538E+000
 -0.12998384E+000  0.29519998E-001  0.11804305E+001  0.43242196E+000
 -0.12998390E+000  0.29519877E-001  0.11804509E+001  0.43244939E+000
 -0.12998395E+000  0.29519758E-001  0.11804707E+001  0.43247748E+000
 -0.12998399E+000  0.29519642E-001  0.11804898E+001  0.43250606E+000
 -0.12998402E+000  0.29519531E-001  0.11805081E+001  0.43253493E+000
 -0.12998405E+000  0.29519425E-001  0.11805256E+001  0.43256393E+000
 -0.12998408E+000  0.29519326E-001  0.11805424E+001  0.43259289E+000
 -0.12998410E+000  0.29519231E-001  0.11805582E+001  0.43262163E+000
 -0.12998412E+000  0.29519141E-001  0.11805731E+001  0.43264995E+000
 -0.12998415E+000  0.29519055E-001  0.11805870E+001  0.43267770E+000
 -0.12998417E+000  0.29518972E-001  0.11805999E+001  0.43270471E+000
 -0.12998419E+000  0.29518889E-001  0.11806117E+001  0.43273085E+000
 -0.12998422E+000  0.29518807E-001  0.11806225E+001  0.43275602E+000
 -0.12998425E+000  0.29518722E-001  0.11806323E+001  0.43278011E+000
 -0.12998428E+000  0.29518633E-001  0.11806410E+001  0.43280304E+000
 -0.12998431E+000  0.29518538E-001  0.11806486E+001  0.43282477E+000
 -0.12998434E+000  0.29518435E-001  0.11806552E+001  0.43284524E+000
 -0.12998437E+000  0.29518324E-001  0.11806608E+001  0.43286445E+000
 -0.12998441E+000  0.29518200E-001  0.11806653E+001  0.43288241E+000
 -0.12998445E+000  0.29518065E-001  0.11806688E+001  0.43289912E+000
 -0.12998450E+000  0.29517915E-001  0.11806713E+001  0.43291465E+000
 -0.12998455E+000  0.29517750E-001  0.11806729E+001  0.43292903E+000
 -0.12998460E+000  0.29517569E-001  0.11806736E+001  0.43294233E+000
 -0.12998465E+000  0.29517372E-001  0.11806734E+001  0.43295465E+000
 -0.12998471E+000  0.29517159E-001  0.11806724E+001  0.43296604E+000
 -0.12998478E+000  0.29516929E-001  0.11806707E+001  0.43297661E+000
 -0.12998485E+000  0.29516684E-001  0.11806682E+001  0.43298645E+000
 -0.12998492E+000  0.29516425E-001  0.11806650E+001  0.43299562E+000
 -0.12998500E+000  0.29516144E-001  0.11806612E+001  0.43300424E+000
 -0.12998509E+000  0.29515807E-001  0.11806568E+001  0.43301236E+000
 -0.12998518E+000  0.29515426E-001  0.11806519E+001  0.43302006E+000
 -0.12998528E+000  0.29515015E-001  0.11806465E+001  0.43302740E+000
 -0.12998539E+000  0.29514580E-001  0.11806406E+001  0.43303445E+000
 -0.12998550E+000  0.29514130E-001  0.11806344E+001  0.43304125E+000
 -0.12998563E+000  0.29513670E-001  0.11806278E+001  0.43304784E+000
 -0.12998575E+000  0.29513207E-001  0.11806209E+001  0.43305427E+000
 -0.12998588E+000  0.29512744E-001  0.11806138E+001  0.43306055E+000
 -0.12998601E+000  0.29512286E-001  0.11806065E+001  0.43306671E+000
 -0.12998615E+000  0.29511836E-001  0.11805989E+001  0.43307278E+000
 -0.12998628E+000  0.29511398E-001  0.11805913E+001  0.43307875E+000
 -0.12998642E+000  0.29510974E-001  0.11805835E+001  0.43308466E+000
 -0.12998655E+000  0.29510567E-001  0.11805757E+001  0.43309049E+000
 -0.12998668E+000  0.29510179E-001  0.11805678E+001  0.43309627E+000
 -0.12998681E+000  0.29509812E-001  0.11805600E+001  0.43310198E+000
 -0.12998694E+000  0.29509468E-001  0.11805522E+001  0.43310764E+000
 -0.12998706E+000  0.29509148E-001  0.11805444E+001  0.43311324E+000
 -0.12998718E+000  0.29508852E-001  0.11805367E+001  0.43311879E+000
 -0.12998730E+000  0.29508582E-001  0.11805291E+001  0.43312427E+000
 -0.12998741E+000  0.29508339E-001  0.11805217E+001  0.43312969E+000
 -0.12998752E+000  0.29508121E-001  0.11805143E+001  0.43313505E+000
 -0.12998762E+000  0.29507930E-001  0.11805072E+001  0.43314034E+000
 -0.12998772E+000  0.29507765E-001  0.11805002E+001  0.43314555E+000
 -0.12998781E+000  0.29507625E-001  0.11804933E+001  0.43315068E+000
 -0.12998790E+000  0.29507510E-001  0.11804867E+001  0.43315573E+000
 -0.12998798E+000  0.29507419E-001  0.11804803E+001  0.43316069E+000
 -0.12998806E+000  0.29507352E-001  0.11804740E+001  0.43316555E+000
 -0.12998813E+000  0.29507307E-001  0.11804680E+001  0.43317032E+000
 -0.12998820E+000  0.29507283E-001  0.11804621E+001  0.43317498E+000
 -0.12998826E+000  0.29507279E-001  0.11804565E+001  0.43317953E+000
 -0.12998831E+000  0.29507293E-001  0.11804510E+001  0.43318397E+000
 -0.12998837E+000  0.29507325E-001  0.11804458E+001  0.43318829E+000
 -0.12998841E+000  0.29507374E-001  0.11804408E+001  0.43319250E+000
 -0.12998846E+000  0.29507437E-001  0.11804359E+001  0.43319658E+000
 -0.12998849E+000  0.29507514E-001  0.11804313E+001  0.43320054E+000
 -0.12998853E+000  0.29507603E-001  0.11804268E+001  0.43320438E+000
 -0.12998856E+000  0.29507703E-001  0.11804225E+001  0.43320809E+000
 -0.12998858E+000  0.29507813E-001  0.11804185E+001  0.43321168E+000
 -0.12998861E+000  0.29507932E-001  0.11804145E+001  0.43321514E+000
 -0.12998863E+000  0.29508058E-001  0.11804108E+001  0.43321848E+000
 -0.12998864E+000  0.29508191E-001  0.11804072E+001  0.43322170E+000
 -0.12998866E+000  0.29508329E-001  0.11804038E+001  0.43322480E+000
 -0.12998867E+000  0.29508472E-001  0.11804005E+001  0.43322778E+000
 -0.12998868E+000  0.29508619E-001  0.11803973E+001  0.43323064E+000
 -0.12998868E+000  0.29508768E-001  0.11803943E+001  0.43323340E+000
 -0.12998869E+000  0.29508920E-001  0.11803915E+001  0.43323604E+000
 -0.12998869E+000  0.29509073E-001  0.11803887E+001  0.43323859E+000
 -0.12998869E+000  0.29509226E-001  0.11803861E+001  0.43324103E+000
 -0.12998869E+000  0.29509380E-001  0.11803836E+001  0.43324337E+000
 -0.12998868E+000  0.29509534E-001  0.11803812E+001  0.43324563E+000
 -0.12998868E+000  0.29509686E-001  0.11803789E+001  0.43324779E+000
 -0.12998867E+000  0.29509838E-001  0.11803767E+001  0.43324987E+000
 -0.12998867E+000  0.29509988E-001  0.11803746E+001  0.43325188E+000
 -0.12998866E+000  0.29510135E-001  0.11803726E+001  0.43325380E+000
 -0.12998865E+000  0.29510281E-001  0.11803707E+001  0.43325565E+000
 -0.12998864E+000  0.29510424E-001  0.11803689E+001  0.43325743E+000
 -0.12998863E+000  0.29510564E-001  0.11803671E+001  0.43325915E+000
 -0.12998862E+000  0.29510701E-001  0.11803655E+001  0.43326080E+000
 -0.12998861E+000  0.29510836E-001  0.11803639E+001  0.43326240E+000
 -0.12998859E+000  0.29510967E-001  0.11803623E+001  0.43326394E+000
 -0.12998858E+000  0.29511095E-001  0.11803608E+001  0.43326542E+000
 -0.12998857E+000  0.29511219E-001  0.11803594E+001  0.43326685E+000
 -0.12998855E+000  0.29511341E-001  0.11803581E+001  0.43326824E+000
 -0.12998854E+000  0.29511458E-001  0.11803568E+001  0.43326958E+000
 -0.12998853E+000  0.29511573E-001  0.11803555E+001  0.43327088E+000
 -0.12998851E+000  0.29511684E-001  0.11803543E+001  0.43327213E+000
 -0.12998850E+000  0.29511792E-001  0.11803532E+001  0.43327334E+000
 -0.12998848E+000  0.29511896E-001  0.11803521E+001  0.43327452E+000
 -0.12998847E+000  0.29511997E-001  0.11803510E+001  0.43327566E+000
 -0.12998846E+000  0.29512095E-001  0.11803500E+001  0.43327676E+000
 -0.12998844E+000  0.29512189E-001  0.11803490E+001  0.43327783E+000
 -0.12998843E+000  0.29512281E-001  0.11803480E+001  0.43327887E+000
 -0.12998841E+000  0.29512369E-001  0.11803471E+001  0.43327987E+000
 -0.12998840E+000  0.29512455E-001  0.11803462E+001  0.43328084E+000
 -0.12998839E+000  0.29512537E-001  0.11803454E+001  0.43328179E+000
 -0.12998837E+000  0.29512617E-001  0.11803446E+001  0.43328270E+000
 -0.12998836E+000  0.29512694E-001  0.11803438E+001  0.43328359E+000
 -0.12998835E+000  0.29512768E-001  0.11803430E+001  0.43328445E+000
 -0.12998834E+000  0.29512840E-001  0.11803423E+001  0.43328529E+000
 -0.12998832E+000  0.29512909E-001  0.11803416E+001  0.43328610E+000
 -0.12998831E+000  0.29512976E-001  0.11803409E+001  0.43328688E+000
 -0.12998830E+000  0.29513040E-001  0.11803402E+001  0.43328764E+000
 -0.12998829E+000  0.29513102E-001  0.11803396E+001  0.43328837E+000
 -0.12998828E+000  0.29513162E-001  0.11803390E+001  0.43328908E+000
 -0.12998827E+000  0.29513220E-001  0.11803384E+001  0.43328977E+000
 -0.12998826E+000  0.29513276E-001  0.11803378E+001  0.43329044E+000
 -0.12998825E+000  0.29513330E-001  0.11803373E+001  0.43329108E+000
 -0.12998824E+000  0.29513383E-001  0.11803367E+001  0.43329170E+000
 -0.12998823E+000  0.29513433E-001  0.11803362E+001  0.43329231E+000
 -0.12998822E+000  0.29513482E-001  0.11803357E+001  0.43329289E+000
 -0.12998821E+000  0.29513530E-001  0.11803352E+001  0.43329345E+000
 -0.12998820E+000  0.29513575E-001  0.11803348E+001  0.43329399E+000
 -0.12998819E+000  0.29513620E-001  0.11803343E+001  0.43329451E+000
 -0.12998818E+000  0.29513663E-001  0.11803339E+001  0.43329501E+000
 -0.12998817E+000  0.29513705E-001  0.11803335E+001  0.43329550E+000
 -0.12998816E+000  0.29513745E-001  0.11803331E+001  0.43329596E+000
 -0.12998816E+000  0.29513784E-001  0.11803327E+001  0.43329641E+000
 -0.12998815E+000  0.29513822E-001  0.11803323E+001  0.43329684E+000
 -0.12998814E+000  0.29513860E-001  0.11803320E+001  0.43329725E+000
 -0.12998813E+000  0.29513896E-001  0.11803316E+001  0.43329765E+000
 -0.12998813E+000  0.29513931E-001  0.11803313E+001  0.43329803E+000
 -0.12998812E+000  0.29513965E-001  0.11803310E+001  0.43329840E+000
 -0.12998811E+000  0.29513998E-001  0.11803307E+001  0.43329875E+000
 -0.12998811E+000  0.29514031E-001  0.11803304E+001  0.43329908E+000
 -0.12998810E+000  0.29514063E-001  0.11803301E+001  0.43329940E+000
 -0.12998809E+000  0.29514094E-001  0.11803298E+001  0.43329971E+000
 -0.12998809E+000  0.29514124E-001  0.11803295E+001  0.43330000E+000
 -0.12998808E+000  0.29514154E-001  0.11803293E+001  0.43330028E+000
 -0.12998807E+000  0.29514183E-001  0.11803290E+001  0.43330055E+000
 -0.12998807E+000  0.29514211E-001  0.11803288E+001  0.43330080E+000
 -0.12998806E+000  0.29514239E-001  0.11803285E+001  0.43330104E+000
 -0.12998806E+000  0.29514267E-001  0.11803283E+001  0.43330127E+000
 -0.12998805E+000  0.29514294E-001  0.11803281E+001  0.43330149E+000
 -0.12998804E+000  0.29514320E-001  0.11803279E+001  0.43330169E+000
 -0.12998804E+000  0.29514346E-001  0.11803277E+001  0.43330189E+000
 -0.12998803E+000  0.29514371E-001  0.11803275E+001  0.43330207E+000
 -0.12998803E+000  0.29514396E-001  0.11803273E+001  0.43330225E+000
 -0.12998802E+000  0.29514421E-001  0.11803271E+001  0.43330241E+000
 -0.12998802E+000  0.29514445E-001  0.11803270E+001  0.43330257E+000
 -0.12998801E+000  0.29514469E-001  0.11803268E+001  0.43330271E+000
 -0.12998801E+000  0.29514492E-001  0.11803266E+001  0.43330285E+000
 -0.12998800E+000  0.29514516E-001  0.11803265E+001  0.43330298E+000
 -0.12998800E+000  0.29514538E-001  0.11803263E+001  0.43330310E+000
 -0.12998799E+000  0.29514561E-001  0.11803262E+001  0.43330322E+000
 -0.12998799E+000  0.29514583E-001  0.11803260E+001  0.43330332E+000
 -0.12998798E+000  0.29514604E-001  0.11803259E+001  0.43330342E+000
 -0.12998798E+000  0.29514626E-001  0.11803258E+001  0.43330351E+000
 -0.12998797E+000  0.29514647E-001  0.11803257E+001  0.43330360E+000
 -0.12998797E+000  0.29514668E-001  0.11803256E+001  0.43330368E+000
 -0.12998796E+000  0.29514688E-001  0.11803254E+001  0.43330375E+000
 -0.12998796E+000  0.29514708E-001  0.11803253E+001  0.43330382E+000
 -0.12998795E+000  0.29514728E-001  0.11803252E+001  0.43330388E+000
 -0.12998795E+000  0.29514748E-001  0.11803251E+001  0.43330394E+000
 -0.12998794E+000  0.29514767E-001  0.11803250E+001  0.43330399E+000
 -0.12998794E+000  0.29514786E-001  0.11803249E+001  0.43330404E+000
 -0.12998793E+000  0.29514805E-001  0.11803249E+001  0.43330408E+000
 -0.12998793E+000  0.29514823E-001  0.11803248E+001  0.43330412E+000
 -0.12998793E+000  0.29514841E-001  0.11803247E+001  0.43330415E+000
 -0.12998792E+000  0.29514859E-001  0.11803246E+001  0.43330418E+000
 -0.12998792E+000  0.29514877E-001  0.11803245E+001  0.43330421E+000
 -0.12998791E+000  0.29514895E-001  0.11803245E+001  0.43330423E+000
 -0.12998791E+000  0.29514913E-001  0.11803244E+001  0.43330425E+000
 -0.12998790E+000  0.29514930E-001  0.11803243E+001  0.43330427E+000
 -0.12998790E+000  0.29514948E-001  0.11803243E+001  0.43330429E+000
 -0.12998790E+000  0.29514966E-001  0.11803242E+001  0.43330430E+000
 -0.12998789E+000  0.29514983E-001  0.11803241E+001  0.43330431E+000
 -0.12998789E+000  0.29515001E-001  0.11803241E+001  0.43330431E+000
 -0.12998789E+000  0.29515018E-001  0.11803240E+001  0.43330431E+000
 -0.12998789E+000  0.29515035E-001  0.11803239E+001  0.43330430E+000
 -0.12998789E+000  0.29515051E-001  0.11803238E+001  0.43330428E+000
