 -0.28354967E-001
 -0.28355255E-001
 -0.28355424E-001
 -0.28355517E-001
 -0.28355559E-001
 -0.28355568E-001
 -0.28355555E-001
 -0.28355527E-001
 -0.28355489E-001
 -0.28355446E-001
 -0.28355400E-001
 -0.28355354E-001
 -0.28355307E-001
 -0.28355262E-001
 -0.28355219E-001
 -0.28355178E-001
 -0.28355140E-001
 -0.28355104E-001
 -0.28355072E-001
 -0.28355042E-001
 -0.28355014E-001
 -0.28354990E-001
 -0.28354967E-001
 -0.28354947E-001
 -0.28354930E-001
 -0.28354914E-001
 -0.28354900E-001
 -0.28354887E-001
 -0.28354877E-001
 -0.28354867E-001
 -0.28354859E-001
 -0.28354853E-001
 -0.28354847E-001
 -0.28354842E-001
 -0.28354838E-001
 -0.28354835E-001
 -0.28354833E-001
 -0.28354831E-001
 -0.28354829E-001
 -0.28354829E-001
 -0.28354828E-001
 -0.28354828E-001
 -0.28354828E-001
 -0.28354829E-001
 -0.28354829E-001
 -0.28354830E-001
 -0.28354831E-001
 -0.28354833E-001
 -0.28354834E-001
 -0.28354835E-001
 -0.28354837E-001
 -0.28354838E-001
 -0.28354840E-001
 -0.28354841E-001
 -0.28354843E-001
 -0.28354844E-001
 -0.28354846E-001
 -0.28354847E-001
 -0.28354849E-001
 -0.28354850E-001
 -0.28354851E-001
 -0.28354852E-001
 -0.28354853E-001
 -0.28354854E-001
 -0.28354855E-001
 -0.28354855E-001
 -0.28354856E-001
 -0.28354856E-001
 -0.28354857E-001
 -0.28354857E-001
 -0.28354858E-001
 -0.28354858E-001
 -0.28354858E-001
 -0.28354858E-001
 -0.28354859E-001
 -0.28354859E-001
 -0.28354859E-001
 -0.28354859E-001
 -0.28354860E-001
 -0.28354860E-001
 -0.28354861E-001
 -0.28354861E-001
 -0.28354862E-001
 -0.28354862E-001
 -0.28354863E-001
 -0.28354864E-001
 -0.28354865E-001
 -0.28354866E-001
 -0.28354868E-001
 -0.28354869E-001
 -0.28354870E-001
 -0.28354872E-001
 -0.28354873E-001
 -0.28354875E-001
 -0.28354877E-001
 -0.28354878E-001
 -0.28354880E-001
 -0.28354882E-001
 -0.28354884E-001
 -0.28354886E-001
 -0.28354888E-001
 -0.28354890E-001
 -0.28354891E-001
 -0.28354893E-001
 -0.28354895E-001
 -0.28354897E-001
 -0.28354899E-001
 -0.28354901E-001
 -0.28354903E-001
 -0.28354905E-001
 -0.28354906E-001
 -0.28354908E-001
 -0.28354910E-001
 -0.28354912E-001
 -0.28354913E-001
 -0.28354915E-001
 -0.28354917E-001
 -0.28354918E-001
 -0.28354920E-001
 -0.28354922E-001
 -0.28354923E-001
 -0.28354925E-001
 -0.28354926E-001
 -0.28354928E-001
 -0.28354929E-001
 -0.28354931E-001
 -0.28354933E-001
 -0.28354934E-001
 -0.28354936E-001
 -0.28354937E-001
 -0.28354939E-001
 -0.28354940E-001
 -0.28354942E-001
 -0.28354944E-001
 -0.28354945E-001
 -0.28354947E-001
 -0.28354949E-001
 -0.28354950E-001
 -0.28354952E-001
 -0.28354954E-001
 -0.28354956E-001
 -0.28354957E-001
 -0.28354959E-001
 -0.28354961E-001
 -0.28354963E-001
 -0.28354965E-001
 -0.28354967E-001
 -0.28354969E-001
 -0.28354971E-001
 -0.28354973E-001
 -0.28354975E-001
 -0.28354977E-001
 -0.28354979E-001
 -0.28354981E-001
 -0.28354983E-001
 -0.28354985E-001
 -0.28354987E-001
 -0.28354989E-001
 -0.28354991E-001
 -0.28354993E-001
 -0.28354995E-001
 -0.28354996E-001
 -0.28354998E-001
 -0.28355000E-001
 -0.28355002E-001
 -0.28355003E-001
 -0.28355005E-001
 -0.28355006E-001
 -0.28355008E-001
 -0.28355009E-001
 -0.28355010E-001
 -0.28355011E-001
 -0.28355012E-001
 -0.28355013E-001
 -0.28355014E-001
 -0.28355014E-001
 -0.28355015E-001
 -0.28355015E-001
 -0.28355016E-001
 -0.28355016E-001
 -0.28355016E-001
 -0.28355015E-001
 -0.28355015E-001
 -0.28355015E-001
 -0.28355014E-001
 -0.28355013E-001
 -0.28355013E-001
 -0.28355012E-001
 -0.28355010E-001
 -0.28355009E-001
 -0.28355008E-001
 -0.28355006E-001
 -0.28355005E-001
 -0.28355003E-001
 -0.28355001E-001
 -0.28354999E-001
 -0.28354997E-001
 -0.28354995E-001
 -0.28354991E-001
 -0.28354986E-001
