  0.30131895E+000
  0.30131766E+000
  0.30131703E+000
  0.30131682E+000
  0.30131688E+000
  0.30131712E+000
  0.30131746E+000
  0.30131786E+000
  0.30131828E+000
  0.30131870E+000
  0.30131910E+000
  0.30131948E+000
  0.30131981E+000
  0.30132011E+000
  0.30132037E+000
  0.30132058E+000
  0.30132076E+000
  0.30132090E+000
  0.30132100E+000
  0.30132107E+000
  0.30132110E+000
  0.30132111E+000
  0.30132110E+000
  0.30132106E+000
  0.30132100E+000
  0.30132093E+000
  0.30132084E+000
  0.30132074E+000
  0.30132062E+000
  0.30132051E+000
  0.30132038E+000
  0.30132025E+000
  0.30132012E+000
  0.30131999E+000
  0.30131987E+000
  0.30131974E+000
  0.30131962E+000
  0.30131950E+000
  0.30131939E+000
  0.30131929E+000
  0.30131919E+000
  0.30131910E+000
  0.30131902E+000
  0.30131895E+000
  0.30131888E+000
  0.30131882E+000
  0.30131877E+000
  0.30131872E+000
  0.30131868E+000
  0.30131864E+000
  0.30131861E+000
  0.30131859E+000
  0.30131856E+000
  0.30131855E+000
  0.30131853E+000
  0.30131852E+000
  0.30131851E+000
  0.30131851E+000
  0.30131850E+000
  0.30131850E+000
  0.30131850E+000
  0.30131850E+000
  0.30131850E+000
  0.30131851E+000
  0.30131851E+000
  0.30131852E+000
  0.30131853E+000
  0.30131853E+000
  0.30131854E+000
  0.30131855E+000
  0.30131856E+000
  0.30131858E+000
  0.30131859E+000
  0.30131860E+000
  0.30131861E+000
  0.30131863E+000
  0.30131864E+000
  0.30131866E+000
  0.30131868E+000
  0.30131870E+000
  0.30131871E+000
  0.30131873E+000
  0.30131875E+000
  0.30131877E+000
  0.30131879E+000
  0.30131882E+000
  0.30131884E+000
  0.30131886E+000
  0.30131889E+000
  0.30131891E+000
  0.30131894E+000
  0.30131896E+000
  0.30131899E+000
  0.30131902E+000
  0.30131904E+000
  0.30131907E+000
  0.30131910E+000
  0.30131913E+000
  0.30131916E+000
  0.30131919E+000
  0.30131922E+000
  0.30131925E+000
  0.30131928E+000
  0.30131931E+000
  0.30131935E+000
  0.30131938E+000
  0.30131941E+000
  0.30131944E+000
  0.30131947E+000
  0.30131951E+000
  0.30131954E+000
  0.30131957E+000
  0.30131960E+000
  0.30131963E+000
  0.30131966E+000
  0.30131970E+000
  0.30131973E+000
  0.30131975E+000
  0.30131978E+000
  0.30131981E+000
  0.30131984E+000
  0.30131986E+000
  0.30131988E+000
  0.30131990E+000
  0.30131992E+000
  0.30131994E+000
  0.30131995E+000
  0.30131997E+000
  0.30131998E+000
  0.30131998E+000
  0.30131998E+000
  0.30131998E+000
  0.30131998E+000
  0.30131998E+000
  0.30131997E+000
  0.30131996E+000
  0.30131994E+000
  0.30131993E+000
  0.30131991E+000
  0.30131988E+000
  0.30131986E+000
  0.30131984E+000
  0.30131981E+000
  0.30131978E+000
  0.30131975E+000
  0.30131972E+000
  0.30131969E+000
  0.30131966E+000
  0.30131963E+000
  0.30131959E+000
  0.30131956E+000
  0.30131953E+000
  0.30131950E+000
  0.30131946E+000
  0.30131943E+000
  0.30131940E+000
  0.30131936E+000
  0.30131933E+000
  0.30131930E+000
  0.30131927E+000
  0.30131923E+000
  0.30131920E+000
  0.30131917E+000
  0.30131913E+000
  0.30131910E+000
  0.30131907E+000
  0.30131904E+000
  0.30131901E+000
  0.30131897E+000
  0.30131894E+000
  0.30131891E+000
  0.30131888E+000
  0.30131885E+000
  0.30131882E+000
  0.30131880E+000
  0.30131877E+000
  0.30131874E+000
  0.30131872E+000
  0.30131870E+000
  0.30131868E+000
  0.30131866E+000
  0.30131864E+000
  0.30131863E+000
  0.30131861E+000
  0.30131860E+000
  0.30131860E+000
  0.30131859E+000
  0.30131859E+000
  0.30131859E+000
  0.30131859E+000
  0.30131860E+000
  0.30131861E+000
  0.30131862E+000
  0.30131863E+000
  0.30131865E+000
  0.30131867E+000
  0.30131869E+000
  0.30131872E+000
  0.30131875E+000
  0.30131879E+000
