  0.12375350E+001
  0.12375742E+001
  0.12376928E+001
  0.12378014E+001
  0.12378933E+001
  0.12379703E+001
  0.12380346E+001
  0.12380885E+001
  0.12381328E+001
  0.12381699E+001
  0.12382013E+001
  0.12382277E+001
  0.12382499E+001
  0.12382686E+001
  0.12382842E+001
  0.12382972E+001
  0.12383079E+001
  0.12383167E+001
  0.12383237E+001
  0.12383292E+001
  0.12383333E+001
  0.12383363E+001
  0.12383382E+001
  0.12383392E+001
  0.12383394E+001
  0.12383388E+001
  0.12383376E+001
  0.12383358E+001
  0.12383335E+001
  0.12383307E+001
  0.12383275E+001
  0.12383240E+001
  0.12383200E+001
  0.12383159E+001
  0.12383114E+001
  0.12383068E+001
  0.12383019E+001
  0.12382969E+001
  0.12382917E+001
  0.12382864E+001
  0.12382810E+001
  0.12382755E+001
  0.12382699E+001
  0.12382641E+001
  0.12382583E+001
  0.12382524E+001
  0.12382465E+001
  0.12382404E+001
  0.12382343E+001
  0.12382282E+001
  0.12382219E+001
  0.12382156E+001
  0.12382093E+001
  0.12382029E+001
  0.12381965E+001
  0.12381900E+001
  0.12381835E+001
  0.12381769E+001
  0.12381704E+001
  0.12381638E+001
  0.12381572E+001
  0.12381506E+001
  0.12381440E+001
  0.12381374E+001
  0.12381308E+001
  0.12381242E+001
  0.12381177E+001
  0.12381111E+001
  0.12381046E+001
  0.12380982E+001
  0.12380917E+001
  0.12380853E+001
  0.12380790E+001
  0.12380726E+001
  0.12380663E+001
  0.12380601E+001
  0.12380539E+001
  0.12380478E+001
  0.12380417E+001
  0.12380356E+001
  0.12380296E+001
  0.12380236E+001
  0.12380177E+001
  0.12380119E+001
  0.12380061E+001
  0.12380003E+001
  0.12379946E+001
  0.12379889E+001
  0.12379833E+001
  0.12379777E+001
  0.12379721E+001
  0.12379666E+001
  0.12379612E+001
  0.12379558E+001
  0.12379505E+001
  0.12379451E+001
  0.12379399E+001
  0.12379347E+001
  0.12379295E+001
  0.12379244E+001
  0.12379193E+001
  0.12379143E+001
  0.12379093E+001
  0.12379043E+001
  0.12378994E+001
  0.12378946E+001
  0.12378898E+001
  0.12378850E+001
  0.12378803E+001
  0.12378757E+001
  0.12378711E+001
  0.12378665E+001
  0.12378620E+001
  0.12378576E+001
  0.12378532E+001
  0.12378488E+001
  0.12378446E+001
  0.12378403E+001
  0.12378361E+001
  0.12378320E+001
  0.12378279E+001
  0.12378239E+001
  0.12378199E+001
  0.12378160E+001
  0.12378122E+001
  0.12378084E+001
  0.12378046E+001
  0.12378009E+001
  0.12377973E+001
  0.12377938E+001
  0.12377902E+001
  0.12377868E+001
  0.12377834E+001
  0.12377801E+001
  0.12377768E+001
  0.12377736E+001
  0.12377704E+001
  0.12377673E+001
  0.12377642E+001
  0.12377613E+001
  0.12377583E+001
  0.12377555E+001
  0.12377526E+001
  0.12377499E+001
  0.12377472E+001
  0.12377445E+001
  0.12377420E+001
  0.12377394E+001
  0.12377369E+001
  0.12377345E+001
  0.12377322E+001
  0.12377298E+001
  0.12377276E+001
  0.12377254E+001
  0.12377232E+001
  0.12377211E+001
  0.12377191E+001
  0.12377171E+001
  0.12377151E+001
  0.12377132E+001
  0.12377114E+001
  0.12377096E+001
  0.12377078E+001
  0.12377061E+001
  0.12377044E+001
  0.12377028E+001
  0.12377012E+001
  0.12376997E+001
  0.12376982E+001
  0.12376968E+001
  0.12376953E+001
  0.12376940E+001
  0.12376927E+001
  0.12376914E+001
  0.12376901E+001
  0.12376889E+001
  0.12376877E+001
  0.12376866E+001
  0.12376855E+001
  0.12376844E+001
  0.12376834E+001
  0.12376824E+001
  0.12376814E+001
  0.12376805E+001
  0.12376796E+001
  0.12376787E+001
  0.12376778E+001
  0.12376770E+001
  0.12376762E+001
  0.12376755E+001
  0.12376747E+001
  0.12376740E+001
  0.12376733E+001
  0.12376727E+001
  0.12376720E+001
  0.12376714E+001
  0.12376708E+001
  0.12376702E+001
  0.12376697E+001
  0.12376691E+001
