  0.27867845E+001
  0.28265695E+001
  0.28250201E+001
  0.28193689E+001
  0.28140865E+001
  0.28096277E+001
  0.28059116E+001
  0.28028163E+001
  0.28002441E+001
  0.27980978E+001
  0.27962986E+001
  0.27947828E+001
  0.27934991E+001
  0.27924051E+001
  0.27914649E+001
  0.27906689E+001
  0.27899968E+001
  0.27894280E+001
  0.27889461E+001
  0.27885377E+001
  0.27881918E+001
  0.27878992E+001
  0.27876523E+001
  0.27874445E+001
  0.27872704E+001
  0.27871253E+001
  0.27870050E+001
  0.27869060E+001
  0.27868252E+001
  0.27867598E+001
  0.27867074E+001
  0.27866658E+001
  0.27866331E+001
  0.27866076E+001
  0.27865879E+001
  0.27865726E+001
  0.27865608E+001
  0.27865514E+001
  0.27865438E+001
  0.27865373E+001
  0.27865315E+001
  0.27865259E+001
  0.27865205E+001
  0.27865254E+001
  0.27865398E+001
  0.27865611E+001
  0.27865877E+001
  0.27866180E+001
  0.27866508E+001
  0.27866852E+001
  0.27867205E+001
  0.27867563E+001
  0.27867920E+001
  0.27868273E+001
  0.27868621E+001
  0.27868962E+001
  0.27869292E+001
  0.27869613E+001
  0.27869922E+001
  0.27870219E+001
  0.27870504E+001
  0.27870776E+001
  0.27871034E+001
  0.27871280E+001
  0.27871512E+001
  0.27871731E+001
  0.27871936E+001
  0.27872125E+001
  0.27872299E+001
  0.27872456E+001
  0.27872596E+001
  0.27872719E+001
  0.27872825E+001
  0.27872914E+001
  0.27872988E+001
  0.27873048E+001
  0.27873098E+001
  0.27873139E+001
  0.27873169E+001
  0.27873186E+001
  0.27873191E+001
  0.27873184E+001
  0.27873167E+001
  0.27873143E+001
  0.27873114E+001
  0.27873078E+001
  0.27873036E+001
  0.27872988E+001
  0.27872936E+001
  0.27872880E+001
  0.27872819E+001
  0.27872756E+001
  0.27872690E+001
  0.27872621E+001
  0.27872551E+001
  0.27872479E+001
  0.27872406E+001
  0.27872333E+001
  0.27872259E+001
  0.27872185E+001
  0.27872111E+001
  0.27872038E+001
  0.27871965E+001
  0.27871892E+001
  0.27871821E+001
  0.27871750E+001
  0.27871681E+001
  0.27871613E+001
  0.27871546E+001
  0.27871480E+001
  0.27871416E+001
  0.27871352E+001
  0.27871291E+001
  0.27871230E+001
  0.27871171E+001
  0.27871114E+001
  0.27871057E+001
  0.27871002E+001
  0.27870949E+001
  0.27870896E+001
  0.27870845E+001
  0.27870795E+001
  0.27870746E+001
  0.27870698E+001
  0.27870651E+001
  0.27870605E+001
  0.27870561E+001
  0.27870517E+001
  0.27870474E+001
  0.27870433E+001
  0.27870392E+001
  0.27870352E+001
  0.27870313E+001
  0.27870275E+001
  0.27870237E+001
  0.27870201E+001
  0.27870165E+001
  0.27870130E+001
  0.27870096E+001
  0.27870062E+001
  0.27870029E+001
  0.27869997E+001
  0.27869966E+001
  0.27869936E+001
  0.27869906E+001
  0.27869877E+001
  0.27869848E+001
  0.27869820E+001
  0.27869793E+001
  0.27869767E+001
  0.27869741E+001
  0.27869716E+001
  0.27869691E+001
  0.27869667E+001
  0.27869644E+001
  0.27869621E+001
  0.27869599E+001
  0.27869577E+001
  0.27869556E+001
  0.27869536E+001
  0.27869516E+001
  0.27869496E+001
  0.27869478E+001
  0.27869459E+001
  0.27869442E+001
  0.27869424E+001
  0.27869408E+001
  0.27869391E+001
  0.27869375E+001
  0.27869360E+001
  0.27869345E+001
  0.27869331E+001
  0.27869317E+001
  0.27869303E+001
  0.27869290E+001
  0.27869277E+001
  0.27869265E+001
  0.27869253E+001
  0.27869242E+001
  0.27869230E+001
  0.27869220E+001
  0.27869209E+001
  0.27869199E+001
  0.27869189E+001
  0.27869180E+001
  0.27869171E+001
  0.27869162E+001
  0.27869153E+001
  0.27869145E+001
  0.27869137E+001
  0.27869130E+001
  0.27869122E+001
  0.27869115E+001
  0.27869108E+001
  0.27869101E+001
  0.27869095E+001
  0.27869089E+001
  0.27869083E+001
  0.27869077E+001
  0.27869072E+001
