  0.60126766E+000  0.84215560E+000  0.10753083E+001  0.19670268E+001
  0.60125322E+000  0.84219114E+000  0.10752464E+001  0.19670803E+001
  0.60121947E+000  0.84222976E+000  0.10752611E+001  0.19671013E+001
  0.60121877E+000  0.84223009E+000  0.10748193E+001  0.19675907E+001
  0.60122357E+000  0.84224319E+000  0.10747986E+001  0.19676393E+001
  0.60122536E+000  0.84224243E+000  0.10748026E+001  0.19676757E+001
  0.60123808E+000  0.84221808E+000  0.10747855E+001  0.19677409E+001
  0.60124043E+000  0.84221717E+000  0.10747894E+001  0.19677670E+001
  0.60124141E+000  0.84221705E+000  0.10747526E+001  0.19678295E+001
  0.60124086E+000  0.84222374E+000  0.10747263E+001  0.19678721E+001
  0.60123860E+000  0.84222640E+000  0.10747290E+001  0.19678876E+001
  0.60123879E+000  0.84222685E+000  0.10746212E+001  0.19680100E+001
  0.60123904E+000  0.84222662E+000  0.10746213E+001  0.19680221E+001
  0.60123960E+000  0.84222653E+000  0.10746114E+001  0.19680412E+001
  0.60124014E+000  0.84222505E+000  0.10746077E+001  0.19680532E+001
  0.60124024E+000  0.84222459E+000  0.10746094E+001  0.19680571E+001
  0.60124033E+000  0.84222478E+000  0.10746056E+001  0.19680643E+001
  0.60124040E+000  0.84222494E+000  0.10746024E+001  0.19680692E+001
  0.60124047E+000  0.84222507E+000  0.10746030E+001  0.19680691E+001
  0.60124058E+000  0.84222511E+000  0.10746035E+001  0.19680679E+001
  0.60124063E+000  0.84222519E+000  0.10745981E+001  0.19680716E+001
  0.60124071E+000  0.84222521E+000  0.10745984E+001  0.19680687E+001
  0.60124074E+000  0.84222526E+000  0.10745987E+001  0.19680651E+001
  0.60124069E+000  0.84222537E+000  0.10745988E+001  0.19680608E+001
  0.60124071E+000  0.84222559E+000  0.10745988E+001  0.19680560E+001
  0.60124073E+000  0.84222560E+000  0.10745988E+001  0.19680508E+001
  0.60124074E+000  0.84222561E+000  0.10745989E+001  0.19680451E+001
  0.60124075E+000  0.84222561E+000  0.10745988E+001  0.19680391E+001
  0.60124075E+000  0.84222560E+000  0.10745988E+001  0.19680328E+001
  0.60124076E+000  0.84222559E+000  0.10745987E+001  0.19680262E+001
  0.60124075E+000  0.84222557E+000  0.10745986E+001  0.19680193E+001
  0.60124084E+000  0.84222546E+000  0.10745985E+001  0.19680123E+001
  0.60124084E+000  0.84222544E+000  0.10745987E+001  0.19680048E+001
  0.60124083E+000  0.84222541E+000  0.10745986E+001  0.19679976E+001
  0.60124082E+000  0.84222539E+000  0.10745984E+001  0.19679903E+001
  0.60124081E+000  0.84222535E+000  0.10745982E+001  0.19679829E+001
  0.60124080E+000  0.84222532E+000  0.10745981E+001  0.19679756E+001
  0.60124078E+000  0.84222529E+000  0.10745979E+001  0.19679683E+001
  0.60124077E+000  0.84222525E+000  0.10745977E+001  0.19679610E+001
  0.60124075E+000  0.84222521E+000  0.10745974E+001  0.19679538E+001
  0.60124073E+000  0.84222517E+000  0.10745972E+001  0.19679467E+001
  0.60124071E+000  0.84222513E+000  0.10745970E+001  0.19679397E+001
  0.60124069E+000  0.84222508E+000  0.10745967E+001  0.19679329E+001
  0.60124067E+000  0.84222504E+000  0.10745965E+001  0.19679262E+001
  0.60124064E+000  0.84222499E+000  0.10745962E+001  0.19679197E+001
  0.60124062E+000  0.84222494E+000  0.10745959E+001  0.19679134E+001
  0.60124059E+000  0.84222489E+000  0.10745957E+001  0.19679072E+001
  0.60124056E+000  0.84222484E+000  0.10745954E+001  0.19679013E+001
  0.60124054E+000  0.84222478E+000  0.10745951E+001  0.19678955E+001
  0.60124051E+000  0.84222472E+000  0.10745947E+001  0.19678900E+001
  0.60124047E+000  0.84222466E+000  0.10745944E+001  0.19678847E+001
  0.60124044E+000  0.84222460E+000  0.10745941E+001  0.19678796E+001
  0.60124041E+000  0.84222454E+000  0.10745937E+001  0.19678746E+001
  0.60124037E+000  0.84222447E+000  0.10745934E+001  0.19678699E+001
  0.60124033E+000  0.84222440E+000  0.10745930E+001  0.19678654E+001
  0.60124029E+000  0.84222433E+000  0.10745926E+001  0.19678610E+001
  0.60124025E+000  0.84222426E+000  0.10745922E+001  0.19678569E+001
  0.60124021E+000  0.84222418E+000  0.10745918E+001  0.19678529E+001
  0.60124017E+000  0.84222410E+000  0.10745914E+001  0.19678490E+001
  0.60124012E+000  0.84222402E+000  0.10745910E+001  0.19678453E+001
  0.60124008E+000  0.84222394E+000  0.10745905E+001  0.19678416E+001
  0.60124003E+000  0.84222385E+000  0.10745901E+001  0.19678382E+001
  0.60123998E+000  0.84222376E+000  0.10745896E+001  0.19678348E+001
  0.60123993E+000  0.84222367E+000  0.10745890E+001  0.19678316E+001
  0.60123988E+000  0.84222358E+000  0.10745883E+001  0.19678286E+001
  0.60123982E+000  0.84222348E+000  0.10745878E+001  0.19678254E+001
  0.60123977E+000  0.84222338E+000  0.10745873E+001  0.19678223E+001
  0.60123971E+000  0.84222328E+000  0.10745868E+001  0.19678192E+001
  0.60123966E+000  0.84222318E+000  0.10745863E+001  0.19678161E+001
  0.60123960E+000  0.84222308E+000  0.10745857E+001  0.19678131E+001
  0.60123954E+000  0.84222297E+000  0.10745852E+001  0.19678101E+001
  0.60123939E+000  0.84222295E+000  0.10745846E+001  0.19678071E+001
  0.60123933E+000  0.84222284E+000  0.10745841E+001  0.19678041E+001
  0.60123927E+000  0.84222273E+000  0.10745835E+001  0.19678011E+001
  0.60123921E+000  0.84222261E+000  0.10745829E+001  0.19677981E+001
  0.60123915E+000  0.84222250E+000  0.10745823E+001  0.19677950E+001
  0.60123909E+000  0.84222238E+000  0.10745817E+001  0.19677920E+001
  0.60123902E+000  0.84222226E+000  0.10745810E+001  0.19677889E+001
  0.60123896E+000  0.84222214E+000  0.10745804E+001  0.19677858E+001
  0.60123889E+000  0.84222202E+000  0.10745797E+001  0.19677827E+001
  0.60123882E+000  0.84222189E+000  0.10745791E+001  0.19677795E+001
  0.60123875E+000  0.84222177E+000  0.10745784E+001  0.19677763E+001
  0.60123868E+000  0.84222164E+000  0.10745777E+001  0.19677731E+001
  0.60123861E+000  0.84222152E+000  0.10745770E+001  0.19677698E+001
  0.60123853E+000  0.84222139E+000  0.10745763E+001  0.19677665E+001
  0.60123845E+000  0.84222126E+000  0.10745756E+001  0.19677631E+001
  0.60123837E+000  0.84222113E+000  0.10745748E+001  0.19677598E+001
  0.60123828E+000  0.84222100E+000  0.10745740E+001  0.19677563E+001
  0.60123819E+000  0.84222086E+000  0.10745733E+001  0.19677528E+001
  0.60123810E+000  0.84222073E+000  0.10745725E+001  0.19677493E+001
  0.60123800E+000  0.84222059E+000  0.10745717E+001  0.19677458E+001
  0.60123789E+000  0.84222044E+000  0.10745709E+001  0.19677422E+001
  0.60123778E+000  0.84222030E+000  0.10745700E+001  0.19677385E+001
  0.60123766E+000  0.84222015E+000  0.10745692E+001  0.19677348E+001
  0.60123754E+000  0.84221999E+000  0.10745683E+001  0.19677311E+001
  0.60123741E+000  0.84221984E+000  0.10745675E+001  0.19677273E+001
  0.60123728E+000  0.84221967E+000  0.10745666E+001  0.19677235E+001
  0.60123714E+000  0.84221950E+000  0.10745657E+001  0.19677197E+001
  0.60123699E+000  0.84221933E+000  0.10745648E+001  0.19677158E+001
  0.60123683E+000  0.84221915E+000  0.10745638E+001  0.19677119E+001
  0.60123667E+000  0.84221896E+000  0.10745629E+001  0.19677080E+001
  0.60123651E+000  0.84221877E+000  0.10745619E+001  0.19677040E+001
  0.60123634E+000  0.84221858E+000  0.10745610E+001  0.19677000E+001
  0.60123617E+000  0.84221837E+000  0.10745600E+001  0.19676960E+001
  0.60123599E+000  0.84221817E+000  0.10745590E+001  0.19676919E+001
  0.60123581E+000  0.84221795E+000  0.10745580E+001  0.19676879E+001
  0.60123562E+000  0.84221773E+000  0.10745569E+001  0.19676837E+001
  0.60123544E+000  0.84221751E+000  0.10745559E+001  0.19676796E+001
  0.60123526E+000  0.84221729E+000  0.10745548E+001  0.19676754E+001
  0.60123507E+000  0.84221706E+000  0.10745538E+001  0.19676713E+001
  0.60123489E+000  0.84221683E+000  0.10745527E+001  0.19676670E+001
  0.60123471E+000  0.84221660E+000  0.10745517E+001  0.19676628E+001
  0.60123453E+000  0.84221637E+000  0.10745506E+001  0.19676585E+001
  0.60123436E+000  0.84221614E+000  0.10745495E+001  0.19676541E+001
  0.60123420E+000  0.84221591E+000  0.10745485E+001  0.19676497E+001
  0.60123403E+000  0.84221569E+000  0.10745475E+001  0.19676453E+001
  0.60123388E+000  0.84221547E+000  0.10745464E+001  0.19676408E+001
  0.60123374E+000  0.84221526E+000  0.10745454E+001  0.19676363E+001
  0.60123360E+000  0.84221506E+000  0.10745444E+001  0.19676317E+001
  0.60123347E+000  0.84221486E+000  0.10745435E+001  0.19676270E+001
  0.60123335E+000  0.84221467E+000  0.10745425E+001  0.19676223E+001
  0.60123324E+000  0.84221449E+000  0.10745416E+001  0.19676175E+001
  0.60123314E+000  0.84221433E+000  0.10745407E+001  0.19676126E+001
  0.60123304E+000  0.84221417E+000  0.10745399E+001  0.19676077E+001
  0.60123296E+000  0.84221402E+000  0.10745391E+001  0.19676026E+001
  0.60123289E+000  0.84221389E+000  0.10745384E+001  0.19675975E+001
  0.60123283E+000  0.84221377E+000  0.10745377E+001  0.19675924E+001
  0.60123278E+000  0.84221366E+000  0.10745370E+001  0.19675872E+001
  0.60123273E+000  0.84221356E+000  0.10745364E+001  0.19675819E+001
  0.60123270E+000  0.84221348E+000  0.10745359E+001  0.19675766E+001
  0.60123267E+000  0.84221340E+000  0.10745354E+001  0.19675712E+001
  0.60123265E+000  0.84221334E+000  0.10745349E+001  0.19675658E+001
  0.60123264E+000  0.84221329E+000  0.10745345E+001  0.19675604E+001
  0.60123263E+000  0.84221325E+000  0.10745342E+001  0.19675550E+001
  0.60123263E+000  0.84221322E+000  0.10745339E+001  0.19675496E+001
  0.60123264E+000  0.84221320E+000  0.10745336E+001  0.19675443E+001
  0.60123265E+000  0.84221319E+000  0.10745334E+001  0.19675390E+001
  0.60123267E+000  0.84221318E+000  0.10745333E+001  0.19675337E+001
  0.60123269E+000  0.84221319E+000  0.10745331E+001  0.19675286E+001
  0.60123271E+000  0.84221320E+000  0.10745330E+001  0.19675236E+001
  0.60123274E+000  0.84221321E+000  0.10745330E+001  0.19675187E+001
  0.60123276E+000  0.84221324E+000  0.10745330E+001  0.19675139E+001
  0.60123279E+000  0.84221326E+000  0.10745330E+001  0.19675093E+001
  0.60123283E+000  0.84221329E+000  0.10745330E+001  0.19675049E+001
  0.60123286E+000  0.84221332E+000  0.10745331E+001  0.19675007E+001
  0.60123289E+000  0.84221336E+000  0.10745332E+001  0.19674967E+001
  0.60123292E+000  0.84221340E+000  0.10745333E+001  0.19674930E+001
  0.60123296E+000  0.84221344E+000  0.10745334E+001  0.19674894E+001
  0.60123299E+000  0.84221348E+000  0.10745335E+001  0.19674861E+001
  0.60123302E+000  0.84221352E+000  0.10745337E+001  0.19674831E+001
  0.60123305E+000  0.84221356E+000  0.10745338E+001  0.19674803E+001
  0.60123308E+000  0.84221360E+000  0.10745340E+001  0.19674777E+001
  0.60123311E+000  0.84221364E+000  0.10745341E+001  0.19674754E+001
  0.60123314E+000  0.84221367E+000  0.10745343E+001  0.19674733E+001
  0.60123317E+000  0.84221371E+000  0.10745345E+001  0.19674715E+001
  0.60123319E+000  0.84221375E+000  0.10745346E+001  0.19674699E+001
  0.60123321E+000  0.84221378E+000  0.10745348E+001  0.19674685E+001
  0.60123323E+000  0.84221381E+000  0.10745349E+001  0.19674674E+001
  0.60123325E+000  0.84221384E+000  0.10745351E+001  0.19674664E+001
  0.60123327E+000  0.84221387E+000  0.10745352E+001  0.19674656E+001
  0.60123329E+000  0.84221390E+000  0.10745353E+001  0.19674650E+001
  0.60123330E+000  0.84221392E+000  0.10745355E+001  0.19674646E+001
  0.60123332E+000  0.84221394E+000  0.10745356E+001  0.19674643E+001
  0.60123333E+000  0.84221396E+000  0.10745357E+001  0.19674642E+001
  0.60123334E+000  0.84221398E+000  0.10745358E+001  0.19674641E+001
  0.60123335E+000  0.84221400E+000  0.10745359E+001  0.19674642E+001
  0.60123335E+000  0.84221401E+000  0.10745359E+001  0.19674644E+001
  0.60123336E+000  0.84221402E+000  0.10745360E+001  0.19674646E+001
  0.60123336E+000  0.84221403E+000  0.10745361E+001  0.19674650E+001
  0.60123337E+000  0.84221404E+000  0.10745361E+001  0.19674653E+001
  0.60123337E+000  0.84221405E+000  0.10745362E+001  0.19674658E+001
  0.60123337E+000  0.84221405E+000  0.10745362E+001  0.19674662E+001
  0.60123337E+000  0.84221406E+000  0.10745362E+001  0.19674667E+001
  0.60123337E+000  0.84221406E+000  0.10745363E+001  0.19674672E+001
  0.60123337E+000  0.84221406E+000  0.10745363E+001  0.19674677E+001
  0.60123337E+000  0.84221406E+000  0.10745363E+001  0.19674682E+001
  0.60123337E+000  0.84221406E+000  0.10745363E+001  0.19674687E+001
  0.60123337E+000  0.84221406E+000  0.10745363E+001  0.19674692E+001
  0.60123337E+000  0.84221406E+000  0.10745363E+001  0.19674697E+001
  0.60123337E+000  0.84221406E+000  0.10745363E+001  0.19674701E+001
  0.60123336E+000  0.84221406E+000  0.10745363E+001  0.19674706E+001
  0.60123336E+000  0.84221406E+000  0.10745363E+001  0.19674710E+001
  0.60123336E+000  0.84221405E+000  0.10745363E+001  0.19674714E+001
  0.60123336E+000  0.84221405E+000  0.10745363E+001  0.19674718E+001
  0.60123336E+000  0.84221405E+000  0.10745363E+001  0.19674722E+001
  0.60123335E+000  0.84221405E+000  0.10745363E+001  0.19674725E+001
  0.60123335E+000  0.84221405E+000  0.10745363E+001  0.19674728E+001
  0.60123335E+000  0.84221405E+000  0.10745363E+001  0.19674731E+001
  0.60123335E+000  0.84221405E+000  0.10745363E+001  0.19674733E+001
  0.60123335E+000  0.84221404E+000  0.10745363E+001  0.19674736E+001
  0.60123335E+000  0.84221404E+000  0.10745363E+001  0.19674738E+001
  0.60123335E+000  0.84221404E+000  0.10745363E+001  0.19674740E+001
  0.60123335E+000  0.84221405E+000  0.10745363E+001  0.19674742E+001
  0.60123335E+000  0.84221405E+000  0.10745363E+001  0.19674743E+001
  0.60123335E+000  0.84221405E+000  0.10745363E+001  0.19674745E+001
  0.60123335E+000  0.84221405E+000  0.10745363E+001  0.19674746E+001
  0.60123335E+000  0.84221405E+000  0.10745363E+001  0.19674747E+001
  0.60123335E+000  0.84221405E+000  0.10745364E+001  0.19674748E+001
  0.60123336E+000  0.84221405E+000  0.10745364E+001  0.19674749E+001
  0.60123336E+000  0.84221406E+000  0.10745364E+001  0.19674750E+001
