  0.96480066E+000
  0.96479600E+000
  0.96475644E+000
  0.96471777E+000
  0.96468454E+000
  0.96465662E+000
  0.96463327E+000
  0.96461376E+000
  0.96459842E+000
  0.96458553E+000
  0.96457453E+000
  0.96456517E+000
  0.96455720E+000
  0.96455042E+000
  0.96454470E+000
  0.96453990E+000
  0.96453589E+000
  0.96453259E+000
  0.96452991E+000
  0.96452778E+000
  0.96452612E+000
  0.96452490E+000
  0.96452405E+000
  0.96452354E+000
  0.96452334E+000
  0.96452340E+000
  0.96452371E+000
  0.96452424E+000
  0.96452496E+000
  0.96452586E+000
  0.96452694E+000
  0.96452815E+000
  0.96452950E+000
  0.96453096E+000
  0.96453253E+000
  0.96453419E+000
  0.96453593E+000
  0.96453775E+000
  0.96453964E+000
  0.96454159E+000
  0.96454359E+000
  0.96454565E+000
  0.96454776E+000
  0.96454991E+000
  0.96455210E+000
  0.96455433E+000
  0.96455659E+000
  0.96455887E+000
  0.96456119E+000
  0.96456353E+000
  0.96456589E+000
  0.96456827E+000
  0.96457067E+000
  0.96457308E+000
  0.96457550E+000
  0.96457793E+000
  0.96458036E+000
  0.96458280E+000
  0.96458522E+000
  0.96458764E+000
  0.96459005E+000
  0.96459245E+000
  0.96459482E+000
  0.96459718E+000
  0.96459951E+000
  0.96460181E+000
  0.96460408E+000
  0.96460632E+000
  0.96460853E+000
  0.96461070E+000
  0.96461283E+000
  0.96461492E+000
  0.96461697E+000
  0.96461897E+000
  0.96462093E+000
  0.96462285E+000
  0.96462472E+000
  0.96462654E+000
  0.96462833E+000
  0.96463006E+000
  0.96463175E+000
  0.96463340E+000
  0.96463501E+000
  0.96463657E+000
  0.96463809E+000
  0.96463957E+000
  0.96464101E+000
  0.96464241E+000
  0.96464378E+000
  0.96464510E+000
  0.96464639E+000
  0.96464765E+000
  0.96464888E+000
  0.96465007E+000
  0.96465123E+000
  0.96465236E+000
  0.96465347E+000
  0.96465454E+000
  0.96465559E+000
  0.96465661E+000
  0.96465761E+000
  0.96465859E+000
  0.96465954E+000
  0.96466047E+000
  0.96466138E+000
  0.96466227E+000
  0.96466314E+000
  0.96466399E+000
  0.96466482E+000
  0.96466564E+000
  0.96466643E+000
  0.96466721E+000
  0.96466797E+000
  0.96466872E+000
  0.96466945E+000
  0.96467017E+000
  0.96467087E+000
  0.96467156E+000
  0.96467223E+000
  0.96467289E+000
  0.96467353E+000
  0.96467416E+000
  0.96467478E+000
  0.96467539E+000
  0.96467598E+000
  0.96467656E+000
  0.96467712E+000
  0.96467768E+000
  0.96467822E+000
  0.96467875E+000
  0.96467927E+000
  0.96467978E+000
  0.96468027E+000
  0.96468075E+000
  0.96468123E+000
  0.96468169E+000
  0.96468214E+000
  0.96468258E+000
  0.96468301E+000
  0.96468343E+000
  0.96468383E+000
  0.96468423E+000
  0.96468462E+000
  0.96468500E+000
  0.96468536E+000
  0.96468572E+000
  0.96468607E+000
  0.96468641E+000
  0.96468674E+000
  0.96468706E+000
  0.96468737E+000
  0.96468767E+000
  0.96468797E+000
  0.96468825E+000
  0.96468853E+000
  0.96468880E+000
  0.96468906E+000
  0.96468931E+000
  0.96468955E+000
  0.96468979E+000
  0.96469002E+000
  0.96469024E+000
  0.96469046E+000
  0.96469067E+000
  0.96469087E+000
  0.96469106E+000
  0.96469125E+000
  0.96469143E+000
  0.96469161E+000
  0.96469178E+000
  0.96469194E+000
  0.96469210E+000
  0.96469226E+000
  0.96469240E+000
  0.96469254E+000
  0.96469268E+000
  0.96469281E+000
  0.96469294E+000
  0.96469306E+000
  0.96469318E+000
  0.96469329E+000
  0.96469340E+000
  0.96469351E+000
  0.96469361E+000
  0.96469370E+000
  0.96469380E+000
  0.96469389E+000
  0.96469397E+000
  0.96469405E+000
  0.96469413E+000
  0.96469421E+000
  0.96469428E+000
  0.96469435E+000
  0.96469442E+000
  0.96469448E+000
  0.96469455E+000
  0.96469460E+000
  0.96469466E+000
  0.96469472E+000
  0.96469477E+000
