  0.49428579E+000
  0.49428553E+000
  0.49427117E+000
  0.49425691E+000
  0.49424463E+000
  0.49423435E+000
  0.49422621E+000
  0.49421954E+000
  0.49421387E+000
  0.49420906E+000
  0.49420495E+000
  0.49420147E+000
  0.49419853E+000
  0.49419605E+000
  0.49419398E+000
  0.49419225E+000
  0.49419082E+000
  0.49418965E+000
  0.49418872E+000
  0.49418799E+000
  0.49418744E+000
  0.49418705E+000
  0.49418681E+000
  0.49418669E+000
  0.49418668E+000
  0.49418678E+000
  0.49418696E+000
  0.49418723E+000
  0.49418757E+000
  0.49418797E+000
  0.49418844E+000
  0.49418896E+000
  0.49418953E+000
  0.49419013E+000
  0.49419077E+000
  0.49419145E+000
  0.49419215E+000
  0.49419288E+000
  0.49419363E+000
  0.49419440E+000
  0.49419518E+000
  0.49419599E+000
  0.49419681E+000
  0.49419764E+000
  0.49419849E+000
  0.49419934E+000
  0.49420021E+000
  0.49420109E+000
  0.49420197E+000
  0.49420286E+000
  0.49420375E+000
  0.49420465E+000
  0.49420556E+000
  0.49420646E+000
  0.49420737E+000
  0.49420828E+000
  0.49420919E+000
  0.49421010E+000
  0.49421100E+000
  0.49421190E+000
  0.49421279E+000
  0.49421368E+000
  0.49421455E+000
  0.49421542E+000
  0.49421628E+000
  0.49421713E+000
  0.49421796E+000
  0.49421878E+000
  0.49421959E+000
  0.49422039E+000
  0.49422116E+000
  0.49422193E+000
  0.49422268E+000
  0.49422341E+000
  0.49422412E+000
  0.49422482E+000
  0.49422551E+000
  0.49422618E+000
  0.49422683E+000
  0.49422746E+000
  0.49422808E+000
  0.49422869E+000
  0.49422927E+000
  0.49422985E+000
  0.49423040E+000
  0.49423095E+000
  0.49423148E+000
  0.49423199E+000
  0.49423249E+000
  0.49423298E+000
  0.49423346E+000
  0.49423392E+000
  0.49423437E+000
  0.49423481E+000
  0.49423524E+000
  0.49423566E+000
  0.49423607E+000
  0.49423646E+000
  0.49423685E+000
  0.49423723E+000
  0.49423759E+000
  0.49423795E+000
  0.49423830E+000
  0.49423865E+000
  0.49423898E+000
  0.49423931E+000
  0.49423962E+000
  0.49423993E+000
  0.49424024E+000
  0.49424054E+000
  0.49424083E+000
  0.49424111E+000
  0.49424139E+000
  0.49424166E+000
  0.49424192E+000
  0.49424218E+000
  0.49424243E+000
  0.49424268E+000
  0.49424292E+000
  0.49424316E+000
  0.49424339E+000
  0.49424362E+000
  0.49424384E+000
  0.49424405E+000
  0.49424427E+000
  0.49424447E+000
  0.49424467E+000
  0.49424487E+000
  0.49424506E+000
  0.49424525E+000
  0.49424543E+000
  0.49424561E+000
  0.49424578E+000
  0.49424595E+000
  0.49424612E+000
  0.49424628E+000
  0.49424644E+000
  0.49424659E+000
  0.49424674E+000
  0.49424688E+000
  0.49424702E+000
  0.49424716E+000
  0.49424729E+000
  0.49424742E+000
  0.49424755E+000
  0.49424767E+000
  0.49424779E+000
  0.49424790E+000
  0.49424802E+000
  0.49424812E+000
  0.49424823E+000
  0.49424833E+000
  0.49424843E+000
  0.49424852E+000
  0.49424862E+000
  0.49424871E+000
  0.49424879E+000
  0.49424888E+000
  0.49424896E+000
  0.49424903E+000
  0.49424911E+000
  0.49424918E+000
  0.49424925E+000
  0.49424932E+000
  0.49424938E+000
  0.49424945E+000
  0.49424951E+000
  0.49424956E+000
  0.49424962E+000
  0.49424967E+000
  0.49424973E+000
  0.49424977E+000
  0.49424982E+000
  0.49424987E+000
  0.49424991E+000
  0.49424995E+000
  0.49424999E+000
  0.49425003E+000
  0.49425007E+000
  0.49425010E+000
  0.49425014E+000
  0.49425017E+000
  0.49425020E+000
  0.49425023E+000
  0.49425026E+000
  0.49425028E+000
  0.49425031E+000
  0.49425033E+000
  0.49425036E+000
  0.49425038E+000
  0.49425040E+000
  0.49425042E+000
  0.49425044E+000
  0.49425046E+000
  0.49425047E+000
  0.49425049E+000
  0.49425051E+000
  0.49425052E+000
  0.49425053E+000
  0.49425055E+000
