  0.15616061E+001
  0.15600371E+001
  0.15587326E+001
  0.15576439E+001
  0.15567323E+001
  0.15559667E+001
  0.15553218E+001
  0.15547774E+001
  0.15543167E+001
  0.15539261E+001
  0.15535943E+001
  0.15533123E+001
  0.15530727E+001
  0.15528683E+001
  0.15526938E+001
  0.15525447E+001
  0.15524172E+001
  0.15523081E+001
  0.15522149E+001
  0.15521350E+001
  0.15520667E+001
  0.15520083E+001
  0.15519583E+001
  0.15519156E+001
  0.15518792E+001
  0.15518480E+001
  0.15518215E+001
  0.15517989E+001
  0.15517796E+001
  0.15517633E+001
  0.15517493E+001
  0.15517375E+001
  0.15517275E+001
  0.15517189E+001
  0.15517116E+001
  0.15517055E+001
  0.15517002E+001
  0.15516957E+001
  0.15516919E+001
  0.15516887E+001
  0.15516859E+001
  0.15516836E+001
  0.15516816E+001
  0.15516799E+001
  0.15516785E+001
  0.15516773E+001
  0.15516763E+001
  0.15516754E+001
  0.15516747E+001
  0.15516742E+001
  0.15516737E+001
  0.15516733E+001
  0.15516730E+001
  0.15516728E+001
  0.15516726E+001
  0.15516725E+001
  0.15516724E+001
  0.15516724E+001
  0.15516723E+001
  0.15516723E+001
  0.15516723E+001
  0.15516723E+001
  0.15516723E+001
  0.15516723E+001
  0.15516723E+001
  0.15516723E+001
  0.15516723E+001
  0.15516723E+001
  0.15516723E+001
  0.15516723E+001
  0.15516723E+001
  0.15516723E+001
  0.15516722E+001
  0.15516722E+001
  0.15516721E+001
  0.15516720E+001
  0.15516720E+001
  0.15516719E+001
  0.15516718E+001
  0.15516717E+001
  0.15516716E+001
  0.15516715E+001
  0.15516713E+001
  0.15516712E+001
  0.15516710E+001
  0.15516709E+001
  0.15516707E+001
  0.15516705E+001
  0.15516703E+001
  0.15516700E+001
  0.15516698E+001
  0.15516695E+001
  0.15516692E+001
  0.15516689E+001
  0.15516686E+001
  0.15516683E+001
  0.15516679E+001
  0.15516675E+001
  0.15516671E+001
  0.15516666E+001
  0.15516661E+001
  0.15516656E+001
  0.15516650E+001
  0.15516644E+001
  0.15516638E+001
  0.15516631E+001
  0.15516623E+001
  0.15516615E+001
  0.15516606E+001
  0.15516597E+001
  0.15516586E+001
  0.15516575E+001
  0.15516562E+001
  0.15516549E+001
  0.15516534E+001
  0.15516518E+001
  0.15516500E+001
  0.15516481E+001
  0.15516460E+001
  0.15516437E+001
  0.15516413E+001
  0.15516387E+001
  0.15516359E+001
  0.15516330E+001
  0.15516299E+001
  0.15516266E+001
  0.15516232E+001
  0.15516196E+001
  0.15516159E+001
  0.15516121E+001
  0.15516083E+001
  0.15516043E+001
  0.15516004E+001
  0.15515964E+001
  0.15515924E+001
  0.15515884E+001
  0.15515845E+001
  0.15515807E+001
  0.15515769E+001
  0.15515733E+001
  0.15515698E+001
  0.15515664E+001
  0.15515632E+001
  0.15515601E+001
  0.15515572E+001
  0.15515545E+001
  0.15515520E+001
  0.15515496E+001
  0.15515474E+001
  0.15515454E+001
  0.15515436E+001
  0.15515419E+001
  0.15515404E+001
  0.15515391E+001
  0.15515379E+001
  0.15515368E+001
  0.15515359E+001
  0.15515351E+001
  0.15515344E+001
  0.15515337E+001
  0.15515332E+001
  0.15515328E+001
  0.15515324E+001
  0.15515321E+001
  0.15515319E+001
  0.15515317E+001
  0.15515315E+001
  0.15515314E+001
  0.15515313E+001
  0.15515312E+001
  0.15515312E+001
  0.15515312E+001
  0.15515312E+001
  0.15515312E+001
  0.15515312E+001
  0.15515312E+001
  0.15515313E+001
  0.15515313E+001
  0.15515314E+001
  0.15515314E+001
  0.15515315E+001
  0.15515315E+001
  0.15515316E+001
  0.15515317E+001
  0.15515318E+001
  0.15515319E+001
  0.15515320E+001
  0.15515321E+001
  0.15515323E+001
  0.15515324E+001
  0.15515326E+001
  0.15515328E+001
  0.15515330E+001
  0.15515332E+001
  0.15515334E+001
  0.15515336E+001
  0.15515338E+001
  0.15515340E+001
  0.15515339E+001
  0.15515343E+001
