  0.62547736E+000  0.95064564E+000  0.11860014E+001  0.35756856E+001
  0.62547423E+000  0.95064030E+000  0.11859804E+001  0.35668770E+001
  0.62547187E+000  0.95063626E+000  0.11859645E+001  0.35602575E+001
  0.62547003E+000  0.95063313E+000  0.11859522E+001  0.35551362E+001
  0.62546859E+000  0.95063065E+000  0.11859425E+001  0.35510933E+001
  0.62546742E+000  0.95062866E+000  0.11859347E+001  0.35478553E+001
  0.62546649E+000  0.95062705E+000  0.11859285E+001  0.35452352E+001
  0.62546572E+000  0.95062574E+000  0.11859233E+001  0.35430982E+001
  0.62546510E+000  0.95062466E+000  0.11859191E+001  0.35413486E+001
  0.62546458E+000  0.95062377E+000  0.11859157E+001  0.35399067E+001
  0.62546416E+000  0.95062304E+000  0.11859129E+001  0.35387138E+001
  0.62546381E+000  0.95062244E+000  0.11859105E+001  0.35377241E+001
  0.62546352E+000  0.95062194E+000  0.11859086E+001  0.35369010E+001
  0.62546328E+000  0.95062152E+000  0.11859069E+001  0.35362151E+001
  0.62546308E+000  0.95062118E+000  0.11859056E+001  0.35356425E+001
  0.62546292E+000  0.95062089E+000  0.11859045E+001  0.35351637E+001
  0.62546278E+000  0.95062065E+000  0.11859035E+001  0.35347629E+001
  0.62546267E+000  0.95062045E+000  0.11859028E+001  0.35344268E+001
  0.62546258E+000  0.95062029E+000  0.11859021E+001  0.35341447E+001
  0.62546250E+000  0.95062015E+000  0.11859016E+001  0.35339076E+001
  0.62546244E+000  0.95062004E+000  0.11859011E+001  0.35337081E+001
  0.62546239E+000  0.95061994E+000  0.11859008E+001  0.35335399E+001
  0.62546234E+000  0.95061987E+000  0.11859005E+001  0.35333980E+001
  0.62546231E+000  0.95061980E+000  0.11859002E+001  0.35332778E+001
  0.62546228E+000  0.95061975E+000  0.11859000E+001  0.35331758E+001
  0.62546226E+000  0.95061971E+000  0.11858998E+001  0.35330890E+001
  0.62546224E+000  0.95061967E+000  0.11858997E+001  0.35330146E+001
  0.62546223E+000  0.95061964E+000  0.11858996E+001  0.35329507E+001
  0.62546222E+000  0.95061962E+000  0.11858995E+001  0.35328954E+001
  0.62546221E+000  0.95061960E+000  0.11858994E+001  0.35328471E+001
  0.62546220E+000  0.95061958E+000  0.11858993E+001  0.35328046E+001
  0.62546220E+000  0.95061957E+000  0.11858993E+001  0.35327668E+001
  0.62546220E+000  0.95061956E+000  0.11858992E+001  0.35327329E+001
  0.62546219E+000  0.95061955E+000  0.11858992E+001  0.35327021E+001
  0.62546219E+000  0.95061955E+000  0.11858992E+001  0.35326738E+001
  0.62546219E+000  0.95061954E+000  0.11858991E+001  0.35326475E+001
  0.62546219E+000  0.95061954E+000  0.11858991E+001  0.35326228E+001
  0.62546219E+000  0.95061954E+000  0.11858991E+001  0.35325994E+001
  0.62546219E+000  0.95061953E+000  0.11858991E+001  0.35325770E+001
  0.62546219E+000  0.95061953E+000  0.11858991E+001  0.35325555E+001
  0.62546219E+000  0.95061953E+000  0.11858991E+001  0.35325346E+001
  0.62546219E+000  0.95061953E+000  0.11858990E+001  0.35325142E+001
  0.62546219E+000  0.95061952E+000  0.11858990E+001  0.35324943E+001
  0.62546219E+000  0.95061952E+000  0.11858990E+001  0.35324748E+001
  0.62546219E+000  0.95061952E+000  0.11858990E+001  0.35324556E+001
  0.62546219E+000  0.95061952E+000  0.11858990E+001  0.35324366E+001
  0.62546219E+000  0.95061951E+000  0.11858990E+001  0.35324180E+001
  0.62546219E+000  0.95061951E+000  0.11858990E+001  0.35323995E+001
  0.62546219E+000  0.95061951E+000  0.11858990E+001  0.35323813E+001
  0.62546219E+000  0.95061950E+000  0.11858990E+001  0.35323633E+001
  0.62546219E+000  0.95061950E+000  0.11858989E+001  0.35323456E+001
  0.62546219E+000  0.95061950E+000  0.11858989E+001  0.35323280E+001
  0.62546218E+000  0.95061949E+000  0.11858989E+001  0.35323107E+001
  0.62546218E+000  0.95061949E+000  0.11858989E+001  0.35322935E+001
  0.62546218E+000  0.95061948E+000  0.11858989E+001  0.35322766E+001
  0.62546217E+000  0.95061947E+000  0.11858989E+001  0.35322599E+001
  0.62546217E+000  0.95061947E+000  0.11858988E+001  0.35322434E+001
  0.62546217E+000  0.95061946E+000  0.11858988E+001  0.35322271E+001
  0.62546216E+000  0.95061945E+000  0.11858988E+001  0.35322111E+001
  0.62546215E+000  0.95061944E+000  0.11858988E+001  0.35321953E+001
  0.62546215E+000  0.95061943E+000  0.11858987E+001  0.35321797E+001
  0.62546214E+000  0.95061942E+000  0.11858987E+001  0.35321644E+001
  0.62546214E+000  0.95061941E+000  0.11858987E+001  0.35321493E+001
  0.62546213E+000  0.95061940E+000  0.11858986E+001  0.35321345E+001
  0.62546212E+000  0.95061939E+000  0.11858986E+001  0.35321200E+001
  0.62546211E+000  0.95061938E+000  0.11858986E+001  0.35321058E+001
  0.62546211E+000  0.95061937E+000  0.11858985E+001  0.35320918E+001
  0.62546210E+000  0.95061936E+000  0.11858985E+001  0.35320781E+001
  0.62546209E+000  0.95061934E+000  0.11858985E+001  0.35320646E+001
  0.62546208E+000  0.95061933E+000  0.11858984E+001  0.35320515E+001
  0.62546208E+000  0.95061932E+000  0.11858984E+001  0.35320387E+001
  0.62546207E+000  0.95061930E+000  0.11858983E+001  0.35320261E+001
  0.62546206E+000  0.95061929E+000  0.11858983E+001  0.35320138E+001
  0.62546205E+000  0.95061928E+000  0.11858982E+001  0.35320018E+001
  0.62546204E+000  0.95061926E+000  0.11858982E+001  0.35319901E+001
  0.62546203E+000  0.95061925E+000  0.11858981E+001  0.35319786E+001
  0.62546203E+000  0.95061923E+000  0.11858981E+001  0.35319674E+001
  0.62546202E+000  0.95061922E+000  0.11858980E+001  0.35319565E+001
  0.62546201E+000  0.95061920E+000  0.11858980E+001  0.35319458E+001
  0.62546200E+000  0.95061919E+000  0.11858979E+001  0.35319353E+001
  0.62546199E+000  0.95061917E+000  0.11858979E+001  0.35319250E+001
  0.62546198E+000  0.95061916E+000  0.11858978E+001  0.35319150E+001
  0.62546197E+000  0.95061915E+000  0.11858978E+001  0.35319051E+001
  0.62546197E+000  0.95061913E+000  0.11858977E+001  0.35318955E+001
  0.62546196E+000  0.95061912E+000  0.11858977E+001  0.35318859E+001
  0.62546195E+000  0.95061910E+000  0.11858976E+001  0.35318766E+001
  0.62546194E+000  0.95061909E+000  0.11858976E+001  0.35318673E+001
  0.62546193E+000  0.95061907E+000  0.11858975E+001  0.35318582E+001
  0.62546192E+000  0.95061906E+000  0.11858975E+001  0.35318492E+001
  0.62546191E+000  0.95061904E+000  0.11858974E+001  0.35318403E+001
  0.62546190E+000  0.95061903E+000  0.11858973E+001  0.35318315E+001
  0.62546189E+000  0.95061901E+000  0.11858973E+001  0.35318227E+001
  0.62546188E+000  0.95061900E+000  0.11858972E+001  0.35318139E+001
  0.62546187E+000  0.95061899E+000  0.11858972E+001  0.35318052E+001
  0.62546186E+000  0.95061897E+000  0.11858971E+001  0.35317965E+001
  0.62546185E+000  0.95061896E+000  0.11858971E+001  0.35317878E+001
  0.62546184E+000  0.95061894E+000  0.11858970E+001  0.35317792E+001
  0.62546183E+000  0.95061892E+000  0.11858970E+001  0.35317704E+001
  0.62546182E+000  0.95061891E+000  0.11858969E+001  0.35317617E+001
  0.62546181E+000  0.95061889E+000  0.11858969E+001  0.35317530E+001
  0.62546179E+000  0.95061888E+000  0.11858968E+001  0.35317441E+001
  0.62546178E+000  0.95061886E+000  0.11858968E+001  0.35317353E+001
  0.62546177E+000  0.95061885E+000  0.11858967E+001  0.35317263E+001
  0.62546176E+000  0.95061883E+000  0.11858967E+001  0.35317173E+001
  0.62546174E+000  0.95061881E+000  0.11858966E+001  0.35317083E+001
  0.62546173E+000  0.95061879E+000  0.11858966E+001  0.35316991E+001
  0.62546171E+000  0.95061878E+000  0.11858965E+001  0.35316899E+001
  0.62546170E+000  0.95061876E+000  0.11858964E+001  0.35316805E+001
  0.62546169E+000  0.95061874E+000  0.11858964E+001  0.35316711E+001
  0.62546167E+000  0.95061872E+000  0.11858963E+001  0.35316615E+001
  0.62546165E+000  0.95061870E+000  0.11858963E+001  0.35316519E+001
  0.62546164E+000  0.95061868E+000  0.11858962E+001  0.35316421E+001
  0.62546162E+000  0.95061866E+000  0.11858962E+001  0.35316323E+001
  0.62546161E+000  0.95061864E+000  0.11858961E+001  0.35316223E+001
  0.62546159E+000  0.95061862E+000  0.11858960E+001  0.35316122E+001
  0.62546157E+000  0.95061860E+000  0.11858960E+001  0.35316019E+001
  0.62546155E+000  0.95061858E+000  0.11858959E+001  0.35315916E+001
  0.62546154E+000  0.95061856E+000  0.11858958E+001  0.35315811E+001
  0.62546152E+000  0.95061853E+000  0.11858958E+001  0.35315706E+001
  0.62546150E+000  0.95061851E+000  0.11858957E+001  0.35315599E+001
  0.62546148E+000  0.95061849E+000  0.11858956E+001  0.35315491E+001
  0.62546146E+000  0.95061846E+000  0.11858956E+001  0.35315381E+001
  0.62546144E+000  0.95061844E+000  0.11858955E+001  0.35315271E+001
  0.62546142E+000  0.95061842E+000  0.11858954E+001  0.35315160E+001
  0.62546140E+000  0.95061839E+000  0.11858954E+001  0.35315047E+001
  0.62546138E+000  0.95061837E+000  0.11858953E+001  0.35314934E+001
  0.62546136E+000  0.95061834E+000  0.11858952E+001  0.35314819E+001
  0.62546134E+000  0.95061832E+000  0.11858951E+001  0.35314703E+001
  0.62546132E+000  0.95061829E+000  0.11858951E+001  0.35314587E+001
  0.62546130E+000  0.95061826E+000  0.11858950E+001  0.35314470E+001
  0.62546128E+000  0.95061824E+000  0.11858949E+001  0.35314352E+001
  0.62546126E+000  0.95061821E+000  0.11858948E+001  0.35314233E+001
  0.62546124E+000  0.95061818E+000  0.11858948E+001  0.35314114E+001
  0.62546122E+000  0.95061816E+000  0.11858947E+001  0.35313994E+001
  0.62546120E+000  0.95061813E+000  0.11858946E+001  0.35313874E+001
  0.62546118E+000  0.95061811E+000  0.11858945E+001  0.35313754E+001
  0.62546116E+000  0.95061808E+000  0.11858944E+001  0.35313633E+001
  0.62546114E+000  0.95061805E+000  0.11858944E+001  0.35313513E+001
  0.62546112E+000  0.95061803E+000  0.11858943E+001  0.35313392E+001
  0.62546110E+000  0.95061800E+000  0.11858942E+001  0.35313272E+001
  0.62546109E+000  0.95061798E+000  0.11858941E+001  0.35313152E+001
  0.62546107E+000  0.95061795E+000  0.11858941E+001  0.35313032E+001
  0.62546105E+000  0.95061793E+000  0.11858940E+001  0.35312913E+001
  0.62546103E+000  0.95061791E+000  0.11858939E+001  0.35312795E+001
  0.62546102E+000  0.95061788E+000  0.11858938E+001  0.35312678E+001
  0.62546100E+000  0.95061786E+000  0.11858938E+001  0.35312562E+001
  0.62546099E+000  0.95061784E+000  0.11858937E+001  0.35312447E+001
  0.62546098E+000  0.95061782E+000  0.11858936E+001  0.35312333E+001
  0.62546096E+000  0.95061780E+000  0.11858936E+001  0.35312221E+001
  0.62546095E+000  0.95061778E+000  0.11858935E+001  0.35312111E+001
  0.62546094E+000  0.95061777E+000  0.11858935E+001  0.35312002E+001
  0.62546093E+000  0.95061775E+000  0.11858934E+001  0.35311895E+001
  0.62546092E+000  0.95061774E+000  0.11858933E+001  0.35311791E+001
  0.62546092E+000  0.95061772E+000  0.11858933E+001  0.35311688E+001
  0.62546091E+000  0.95061771E+000  0.11858933E+001  0.35311588E+001
  0.62546091E+000  0.95061770E+000  0.11858932E+001  0.35311490E+001
  0.62546091E+000  0.95061769E+000  0.11858932E+001  0.35311395E+001
  0.62546090E+000  0.95061769E+000  0.11858932E+001  0.35311303E+001
  0.62546090E+000  0.95061768E+000  0.11858931E+001  0.35311213E+001
  0.62546090E+000  0.95061768E+000  0.11858931E+001  0.35311126E+001
  0.62546091E+000  0.95061768E+000  0.11858931E+001  0.35311041E+001
  0.62546091E+000  0.95061768E+000  0.11858931E+001  0.35310960E+001
  0.62546092E+000  0.95061768E+000  0.11858931E+001  0.35310882E+001
  0.62546092E+000  0.95061768E+000  0.11858931E+001  0.35310806E+001
  0.62546093E+000  0.95061769E+000  0.11858931E+001  0.35310733E+001
  0.62546094E+000  0.95061769E+000  0.11858931E+001  0.35310664E+001
  0.62546095E+000  0.95061770E+000  0.11858931E+001  0.35310597E+001
  0.62546096E+000  0.95061771E+000  0.11858931E+001  0.35310534E+001
  0.62546098E+000  0.95061772E+000  0.11858931E+001  0.35310473E+001
  0.62546099E+000  0.95061774E+000  0.11858932E+001  0.35310415E+001
  0.62546101E+000  0.95061775E+000  0.11858932E+001  0.35310360E+001
  0.62546102E+000  0.95061777E+000  0.11858932E+001  0.35310308E+001
  0.62546104E+000  0.95061779E+000  0.11858933E+001  0.35310259E+001
  0.62546106E+000  0.95061781E+000  0.11858933E+001  0.35310212E+001
  0.62546108E+000  0.95061783E+000  0.11858934E+001  0.35310169E+001
  0.62546110E+000  0.95061785E+000  0.11858934E+001  0.35310127E+001
  0.62546112E+000  0.95061787E+000  0.11858935E+001  0.35310089E+001
  0.62546114E+000  0.95061790E+000  0.11858935E+001  0.35310052E+001
  0.62546116E+000  0.95061792E+000  0.11858936E+001  0.35310018E+001
  0.62546118E+000  0.95061795E+000  0.11858937E+001  0.35309987E+001
  0.62546121E+000  0.95061797E+000  0.11858937E+001  0.35309957E+001
  0.62546123E+000  0.95061800E+000  0.11858938E+001  0.35309930E+001
  0.62546125E+000  0.95061803E+000  0.11858939E+001  0.35309904E+001
  0.62546127E+000  0.95061806E+000  0.11858940E+001  0.35309881E+001
  0.62546130E+000  0.95061808E+000  0.11858940E+001  0.35309860E+001
  0.62546132E+000  0.95061811E+000  0.11858941E+001  0.35309840E+001
  0.62546134E+000  0.95061814E+000  0.11858942E+001  0.35309822E+001
  0.62546136E+000  0.95061817E+000  0.11858943E+001  0.35309805E+001
  0.62546138E+000  0.95061819E+000  0.11858944E+001  0.35309790E+001
  0.62546140E+000  0.95061822E+000  0.11858944E+001  0.35309777E+001
  0.62546142E+000  0.95061825E+000  0.11858945E+001  0.35309765E+001
  0.62546144E+000  0.95061827E+000  0.11858946E+001  0.35309754E+001
  0.62546146E+000  0.95061830E+000  0.11858947E+001  0.35309745E+001
  0.62546147E+000  0.95061832E+000  0.11858947E+001  0.35309737E+001
  0.62546149E+000  0.95061834E+000  0.11858948E+001  0.35309730E+001
  0.62546150E+000  0.95061836E+000  0.11858949E+001  0.35309724E+001
  0.62546151E+000  0.95061838E+000  0.11858949E+001  0.35309719E+001
  0.62546152E+000  0.95061840E+000  0.11858950E+001  0.35309716E+001
  0.62546154E+000  0.95061842E+000  0.11858951E+001  0.35309719E+001
  0.62546155E+000  0.95061844E+000  0.11858951E+001  0.35309715E+001
