  0.62777539E+000
  0.62777676E+000
  0.62777521E+000
  0.62777282E+000
  0.62777035E+000
  0.62776809E+000
  0.62776612E+000
  0.62776443E+000
  0.62776299E+000
  0.62776177E+000
  0.62776075E+000
  0.62775990E+000
  0.62775920E+000
  0.62775862E+000
  0.62775815E+000
  0.62775778E+000
  0.62775748E+000
  0.62775726E+000
  0.62775710E+000
  0.62775699E+000
  0.62775692E+000
  0.62775690E+000
  0.62775690E+000
  0.62775694E+000
  0.62775700E+000
  0.62775709E+000
  0.62775719E+000
  0.62775731E+000
  0.62775745E+000
  0.62775760E+000
  0.62775775E+000
  0.62775792E+000
  0.62775810E+000
  0.62775828E+000
  0.62775847E+000
  0.62775867E+000
  0.62775886E+000
  0.62775907E+000
  0.62775927E+000
  0.62775948E+000
  0.62775969E+000
  0.62775991E+000
  0.62776012E+000
  0.62776034E+000
  0.62776056E+000
  0.62776078E+000
  0.62776100E+000
  0.62776123E+000
  0.62776145E+000
  0.62776168E+000
  0.62776191E+000
  0.62776214E+000
  0.62776237E+000
  0.62776261E+000
  0.62776285E+000
  0.62776309E+000
  0.62776333E+000
  0.62776357E+000
  0.62776382E+000
  0.62776407E+000
  0.62776432E+000
  0.62776458E+000
  0.62776484E+000
  0.62776510E+000
  0.62776536E+000
  0.62776563E+000
  0.62776590E+000
  0.62776617E+000
  0.62776644E+000
  0.62776672E+000
  0.62776700E+000
  0.62776729E+000
  0.62776757E+000
  0.62776786E+000
  0.62776815E+000
  0.62776845E+000
  0.62776874E+000
  0.62776904E+000
  0.62776934E+000
  0.62776965E+000
  0.62776995E+000
  0.62777026E+000
  0.62777057E+000
  0.62777089E+000
  0.62777120E+000
  0.62777152E+000
  0.62777184E+000
  0.62777216E+000
  0.62777248E+000
  0.62777280E+000
  0.62777313E+000
  0.62777346E+000
  0.62777379E+000
  0.62777412E+000
  0.62777445E+000
  0.62777478E+000
  0.62777512E+000
  0.62777545E+000
  0.62777579E+000
  0.62777612E+000
  0.62777646E+000
  0.62777680E+000
  0.62777714E+000
  0.62777748E+000
  0.62777781E+000
  0.62777815E+000
  0.62777849E+000
  0.62777882E+000
  0.62777916E+000
  0.62777949E+000
  0.62777982E+000
  0.62778014E+000
  0.62778047E+000
  0.62778079E+000
  0.62778110E+000
  0.62778142E+000
  0.62778172E+000
  0.62778202E+000
  0.62778232E+000
  0.62778261E+000
  0.62778289E+000
  0.62778316E+000
  0.62778343E+000
  0.62778369E+000
  0.62778393E+000
  0.62778417E+000
  0.62778440E+000
  0.62778462E+000
  0.62778482E+000
  0.62778502E+000
  0.62778521E+000
  0.62778538E+000
  0.62778554E+000
  0.62778569E+000
  0.62778582E+000
  0.62778595E+000
  0.62778606E+000
  0.62778616E+000
  0.62778625E+000
  0.62778632E+000
  0.62778639E+000
  0.62778644E+000
  0.62778648E+000
  0.62778651E+000
  0.62778653E+000
  0.62778655E+000
  0.62778655E+000
  0.62778654E+000
  0.62778653E+000
  0.62778651E+000
  0.62778649E+000
  0.62778646E+000
  0.62778642E+000
  0.62778638E+000
  0.62778634E+000
  0.62778630E+000
  0.62778626E+000
  0.62778621E+000
  0.62778616E+000
  0.62778612E+000
  0.62778607E+000
  0.62778603E+000
  0.62778599E+000
  0.62778595E+000
  0.62778591E+000
  0.62778588E+000
  0.62778585E+000
  0.62778582E+000
  0.62778579E+000
  0.62778577E+000
  0.62778575E+000
  0.62778573E+000
  0.62778572E+000
  0.62778570E+000
  0.62778569E+000
  0.62778569E+000
  0.62778568E+000
  0.62778567E+000
  0.62778567E+000
  0.62778567E+000
  0.62778567E+000
  0.62778567E+000
  0.62778566E+000
  0.62778566E+000
  0.62778566E+000
  0.62778566E+000
  0.62778566E+000
  0.62778566E+000
  0.62778566E+000
  0.62778565E+000
  0.62778565E+000
  0.62778565E+000
  0.62778564E+000
  0.62778563E+000
  0.62778563E+000
  0.62778562E+000
  0.62778561E+000
  0.62778560E+000
  0.62778559E+000
  0.62778557E+000
