  0.83438394E+000
  0.83438556E+000
  0.83438353E+000
  0.83438052E+000
  0.83437745E+000
  0.83437462E+000
  0.83437214E+000
  0.83436999E+000
  0.83436817E+000
  0.83436663E+000
  0.83436534E+000
  0.83436427E+000
  0.83436338E+000
  0.83436265E+000
  0.83436206E+000
  0.83436159E+000
  0.83436122E+000
  0.83436094E+000
  0.83436074E+000
  0.83436060E+000
  0.83436052E+000
  0.83436048E+000
  0.83436049E+000
  0.83436054E+000
  0.83436062E+000
  0.83436073E+000
  0.83436086E+000
  0.83436101E+000
  0.83436118E+000
  0.83436136E+000
  0.83436156E+000
  0.83436177E+000
  0.83436200E+000
  0.83436223E+000
  0.83436246E+000
  0.83436271E+000
  0.83436296E+000
  0.83436321E+000
  0.83436347E+000
  0.83436373E+000
  0.83436400E+000
  0.83436427E+000
  0.83436454E+000
  0.83436481E+000
  0.83436509E+000
  0.83436537E+000
  0.83436565E+000
  0.83436593E+000
  0.83436621E+000
  0.83436650E+000
  0.83436679E+000
  0.83436708E+000
  0.83436737E+000
  0.83436767E+000
  0.83436797E+000
  0.83436827E+000
  0.83436857E+000
  0.83436888E+000
  0.83436919E+000
  0.83436951E+000
  0.83436982E+000
  0.83437014E+000
  0.83437047E+000
  0.83437080E+000
  0.83437113E+000
  0.83437146E+000
  0.83437180E+000
  0.83437214E+000
  0.83437249E+000
  0.83437284E+000
  0.83437319E+000
  0.83437355E+000
  0.83437390E+000
  0.83437427E+000
  0.83437463E+000
  0.83437500E+000
  0.83437537E+000
  0.83437575E+000
  0.83437612E+000
  0.83437650E+000
  0.83437689E+000
  0.83437727E+000
  0.83437766E+000
  0.83437805E+000
  0.83437845E+000
  0.83437885E+000
  0.83437925E+000
  0.83437965E+000
  0.83438005E+000
  0.83438046E+000
  0.83438087E+000
  0.83438128E+000
  0.83438169E+000
  0.83438210E+000
  0.83438252E+000
  0.83438294E+000
  0.83438336E+000
  0.83438378E+000
  0.83438420E+000
  0.83438462E+000
  0.83438505E+000
  0.83438547E+000
  0.83438589E+000
  0.83438632E+000
  0.83438674E+000
  0.83438717E+000
  0.83438759E+000
  0.83438801E+000
  0.83438843E+000
  0.83438884E+000
  0.83438926E+000
  0.83438967E+000
  0.83439008E+000
  0.83439048E+000
  0.83439087E+000
  0.83439127E+000
  0.83439165E+000
  0.83439203E+000
  0.83439240E+000
  0.83439276E+000
  0.83439311E+000
  0.83439346E+000
  0.83439379E+000
  0.83439411E+000
  0.83439443E+000
  0.83439473E+000
  0.83439501E+000
  0.83439529E+000
  0.83439555E+000
  0.83439580E+000
  0.83439603E+000
  0.83439625E+000
  0.83439645E+000
  0.83439664E+000
  0.83439681E+000
  0.83439697E+000
  0.83439711E+000
  0.83439724E+000
  0.83439735E+000
  0.83439745E+000
  0.83439753E+000
  0.83439760E+000
  0.83439766E+000
  0.83439770E+000
  0.83439773E+000
  0.83439775E+000
  0.83439775E+000
  0.83439775E+000
  0.83439774E+000
  0.83439772E+000
  0.83439769E+000
  0.83439765E+000
  0.83439761E+000
  0.83439756E+000
  0.83439751E+000
  0.83439746E+000
  0.83439741E+000
  0.83439735E+000
  0.83439729E+000
  0.83439723E+000
  0.83439718E+000
  0.83439712E+000
  0.83439707E+000
  0.83439702E+000
  0.83439697E+000
  0.83439692E+000
  0.83439688E+000
  0.83439684E+000
  0.83439680E+000
  0.83439677E+000
  0.83439674E+000
  0.83439671E+000
  0.83439669E+000
  0.83439667E+000
  0.83439665E+000
  0.83439664E+000
  0.83439663E+000
  0.83439661E+000
  0.83439661E+000
  0.83439660E+000
  0.83439659E+000
  0.83439659E+000
  0.83439658E+000
  0.83439658E+000
  0.83439658E+000
  0.83439657E+000
  0.83439657E+000
  0.83439656E+000
  0.83439656E+000
  0.83439655E+000
  0.83439654E+000
  0.83439654E+000
  0.83439653E+000
  0.83439652E+000
  0.83439651E+000
  0.83439650E+000
  0.83439649E+000
  0.83439647E+000
  0.83439646E+000
  0.83439644E+000
