  0.29439443E+000
  0.29436934E+000
  0.29436134E+000
  0.29436108E+000
  0.29436411E+000
  0.29436836E+000
  0.29437285E+000
  0.29437719E+000
  0.29438121E+000
  0.29438485E+000
  0.29438814E+000
  0.29439109E+000
  0.29439375E+000
  0.29439615E+000
  0.29439833E+000
  0.29440032E+000
  0.29440214E+000
  0.29440381E+000
  0.29440537E+000
  0.29440681E+000
  0.29440817E+000
  0.29440945E+000
  0.29441067E+000
  0.29441183E+000
  0.29441294E+000
  0.29441401E+000
  0.29441505E+000
  0.29441607E+000
  0.29441706E+000
  0.29441804E+000
  0.29441901E+000
  0.29441997E+000
  0.29442092E+000
  0.29442187E+000
  0.29442281E+000
  0.29442376E+000
  0.29442471E+000
  0.29442567E+000
  0.29442663E+000
  0.29442759E+000
  0.29442856E+000
  0.29442953E+000
  0.29443050E+000
  0.29443148E+000
  0.29443246E+000
  0.29443343E+000
  0.29443441E+000
  0.29443538E+000
  0.29443634E+000
  0.29443729E+000
  0.29443824E+000
  0.29443916E+000
  0.29444007E+000
  0.29444096E+000
  0.29444183E+000
  0.29444267E+000
  0.29444347E+000
  0.29444425E+000
  0.29444498E+000
  0.29444568E+000
  0.29444633E+000
  0.29444693E+000
  0.29444748E+000
  0.29444797E+000
  0.29444841E+000
  0.29444879E+000
  0.29444911E+000
  0.29444935E+000
  0.29444953E+000
  0.29444964E+000
  0.29444968E+000
  0.29444964E+000
  0.29444953E+000
  0.29444933E+000
  0.29444906E+000
  0.29444871E+000
  0.29444829E+000
  0.29444778E+000
  0.29444720E+000
  0.29444653E+000
  0.29444579E+000
  0.29444498E+000
  0.29444409E+000
  0.29444313E+000
  0.29444210E+000
  0.29444101E+000
  0.29443985E+000
  0.29443863E+000
  0.29443736E+000
  0.29443603E+000
  0.29443465E+000
  0.29443323E+000
  0.29443177E+000
  0.29443027E+000
  0.29442874E+000
  0.29442719E+000
  0.29442561E+000
  0.29442402E+000
  0.29442241E+000
  0.29442080E+000
  0.29441919E+000
  0.29441758E+000
  0.29441598E+000
  0.29441439E+000
  0.29441282E+000
  0.29441128E+000
  0.29440976E+000
  0.29440827E+000
  0.29440682E+000
  0.29440541E+000
  0.29440405E+000
  0.29440273E+000
  0.29440147E+000
  0.29440026E+000
  0.29439910E+000
  0.29439801E+000
  0.29439698E+000
  0.29439601E+000
  0.29439511E+000
  0.29439428E+000
  0.29439352E+000
  0.29439282E+000
  0.29439219E+000
  0.29439163E+000
  0.29439114E+000
  0.29439072E+000
  0.29439036E+000
  0.29439006E+000
  0.29438983E+000
  0.29438966E+000
  0.29438955E+000
  0.29438949E+000
  0.29438948E+000
  0.29438953E+000
  0.29438962E+000
  0.29438975E+000
  0.29438993E+000
  0.29439014E+000
  0.29439038E+000
  0.29439066E+000
  0.29439096E+000
  0.29439128E+000
  0.29439162E+000
  0.29439198E+000
  0.29439235E+000
  0.29439273E+000
  0.29439311E+000
  0.29439349E+000
  0.29439388E+000
  0.29439425E+000
  0.29439462E+000
  0.29439498E+000
  0.29439533E+000
  0.29439566E+000
  0.29439597E+000
  0.29439626E+000
  0.29439653E+000
  0.29439677E+000
  0.29439699E+000
  0.29439718E+000
  0.29439734E+000
  0.29439747E+000
  0.29439757E+000
  0.29439764E+000
  0.29439768E+000
  0.29439769E+000
  0.29439768E+000
  0.29439763E+000
  0.29439756E+000
  0.29439746E+000
  0.29439734E+000
  0.29439720E+000
  0.29439704E+000
  0.29439687E+000
  0.29439668E+000
  0.29439648E+000
  0.29439627E+000
  0.29439605E+000
  0.29439583E+000
  0.29439562E+000
  0.29439540E+000
  0.29439519E+000
  0.29439498E+000
  0.29439479E+000
  0.29439460E+000
  0.29439443E+000
  0.29439428E+000
  0.29439414E+000
  0.29439402E+000
  0.29439391E+000
  0.29439383E+000
  0.29439376E+000
  0.29439371E+000
  0.29439368E+000
  0.29439367E+000
  0.29439368E+000
  0.29439370E+000
  0.29439374E+000
  0.29439380E+000
  0.29439386E+000
