  0.11177722E+000
  0.11184762E+000
  0.11189094E+000
  0.11191479E+000
  0.11192515E+000
  0.11192641E+000
  0.11192171E+000
  0.11191321E+000
  0.11190248E+000
  0.11189057E+000
  0.11187823E+000
  0.11186595E+000
  0.11185407E+000
  0.11184277E+000
  0.11183218E+000
  0.11182237E+000
  0.11181335E+000
  0.11180514E+000
  0.11179770E+000
  0.11179100E+000
  0.11178500E+000
  0.11177967E+000
  0.11177495E+000
  0.11177080E+000
  0.11176718E+000
  0.11176405E+000
  0.11176136E+000
  0.11175907E+000
  0.11175716E+000
  0.11175557E+000
  0.11175429E+000
  0.11175328E+000
  0.11175250E+000
  0.11175194E+000
  0.11175156E+000
  0.11175135E+000
  0.11175128E+000
  0.11175133E+000
  0.11175148E+000
  0.11175173E+000
  0.11175204E+000
  0.11175242E+000
  0.11175286E+000
  0.11175333E+000
  0.11175385E+000
  0.11175439E+000
  0.11175495E+000
  0.11175554E+000
  0.11175614E+000
  0.11175676E+000
  0.11175739E+000
  0.11175803E+000
  0.11175867E+000
  0.11175932E+000
  0.11175997E+000
  0.11176063E+000
  0.11176128E+000
  0.11176193E+000
  0.11176258E+000
  0.11176323E+000
  0.11176387E+000
  0.11176450E+000
  0.11176511E+000
  0.11176572E+000
  0.11176632E+000
  0.11176689E+000
  0.11176746E+000
  0.11176800E+000
  0.11176853E+000
  0.11176904E+000
  0.11176953E+000
  0.11177000E+000
  0.11177044E+000
  0.11177087E+000
  0.11177128E+000
  0.11177166E+000
  0.11177203E+000
  0.11177237E+000
  0.11177270E+000
  0.11177300E+000
  0.11177329E+000
  0.11177355E+000
  0.11177380E+000
  0.11177404E+000
  0.11177425E+000
  0.11177445E+000
  0.11177464E+000
  0.11177481E+000
  0.11177497E+000
  0.11177512E+000
  0.11177525E+000
  0.11177538E+000
  0.11177549E+000
  0.11177559E+000
  0.11177569E+000
  0.11177578E+000
  0.11177586E+000
  0.11177593E+000
  0.11177599E+000
  0.11177605E+000
  0.11177611E+000
  0.11177616E+000
  0.11177620E+000
  0.11177624E+000
  0.11177628E+000
  0.11177631E+000
  0.11177634E+000
  0.11177637E+000
  0.11177639E+000
  0.11177642E+000
  0.11177644E+000
  0.11177646E+000
  0.11177648E+000
  0.11177650E+000
  0.11177651E+000
  0.11177653E+000
  0.11177654E+000
  0.11177656E+000
  0.11177657E+000
  0.11177658E+000
  0.11177660E+000
  0.11177661E+000
  0.11177662E+000
  0.11177663E+000
  0.11177664E+000
  0.11177666E+000
  0.11177667E+000
  0.11177668E+000
  0.11177669E+000
  0.11177670E+000
  0.11177671E+000
  0.11177672E+000
  0.11177674E+000
  0.11177675E+000
  0.11177676E+000
  0.11177677E+000
  0.11177678E+000
  0.11177679E+000
  0.11177681E+000
  0.11177682E+000
  0.11177683E+000
  0.11177684E+000
  0.11177685E+000
  0.11177686E+000
  0.11177687E+000
  0.11177688E+000
  0.11177689E+000
  0.11177691E+000
  0.11177692E+000
  0.11177693E+000
  0.11177694E+000
  0.11177695E+000
  0.11177696E+000
  0.11177697E+000
  0.11177698E+000
  0.11177698E+000
  0.11177699E+000
  0.11177700E+000
  0.11177701E+000
  0.11177702E+000
  0.11177703E+000
  0.11177704E+000
  0.11177704E+000
  0.11177705E+000
  0.11177706E+000
  0.11177707E+000
  0.11177707E+000
  0.11177708E+000
  0.11177709E+000
  0.11177709E+000
  0.11177710E+000
  0.11177711E+000
  0.11177711E+000
  0.11177712E+000
  0.11177712E+000
  0.11177713E+000
  0.11177713E+000
  0.11177714E+000
  0.11177714E+000
  0.11177715E+000
  0.11177715E+000
  0.11177715E+000
  0.11177716E+000
  0.11177716E+000
  0.11177716E+000
  0.11177717E+000
  0.11177717E+000
  0.11177717E+000
  0.11177718E+000
  0.11177718E+000
  0.11177718E+000
  0.11177718E+000
  0.11177719E+000
  0.11177719E+000
  0.11177719E+000
  0.11177719E+000
  0.11177720E+000
  0.11177720E+000
  0.11177720E+000
  0.11177721E+000
