  0.14930206E+000
  0.15513403E+000
  0.15486428E+000
  0.15400701E+000
  0.15321087E+000
  0.15253880E+000
  0.15197879E+000
  0.15151178E+000
  0.15112038E+000
  0.15079115E+000
  0.15051302E+000
  0.15027707E+000
  0.15007602E+000
  0.14990383E+000
  0.14975532E+000
  0.14962923E+000
  0.14952259E+000
  0.14943236E+000
  0.14935612E+000
  0.14929188E+000
  0.14923796E+000
  0.14919298E+000
  0.14915575E+000
  0.14912528E+000
  0.14910070E+000
  0.14908125E+000
  0.14906630E+000
  0.14905525E+000
  0.14904759E+000
  0.14904285E+000
  0.14904064E+000
  0.14904056E+000
  0.14904229E+000
  0.14904553E+000
  0.14905000E+000
  0.14905547E+000
  0.14906173E+000
  0.14906860E+000
  0.14907592E+000
  0.14908356E+000
  0.14909141E+000
  0.14909938E+000
  0.14910740E+000
  0.14911542E+000
  0.14912339E+000
  0.14913128E+000
  0.14913906E+000
  0.14914672E+000
  0.14915424E+000
  0.14916162E+000
  0.14916885E+000
  0.14917593E+000
  0.14918284E+000
  0.14918959E+000
  0.14919616E+000
  0.14920256E+000
  0.14920876E+000
  0.14921478E+000
  0.14922059E+000
  0.14922620E+000
  0.14923160E+000
  0.14923680E+000
  0.14924179E+000
  0.14924657E+000
  0.14925114E+000
  0.14925550E+000
  0.14925964E+000
  0.14926354E+000
  0.14926720E+000
  0.14927061E+000
  0.14927375E+000
  0.14927663E+000
  0.14927925E+000
  0.14928162E+000
  0.14928376E+000
  0.14928569E+000
  0.14928744E+000
  0.14928904E+000
  0.14929047E+000
  0.14929172E+000
  0.14929282E+000
  0.14929378E+000
  0.14929460E+000
  0.14929529E+000
  0.14929587E+000
  0.14929635E+000
  0.14929674E+000
  0.14929704E+000
  0.14929726E+000
  0.14929742E+000
  0.14929753E+000
  0.14929758E+000
  0.14929758E+000
  0.14929756E+000
  0.14929750E+000
  0.14929741E+000
  0.14929731E+000
  0.14929719E+000
  0.14929707E+000
  0.14929693E+000
  0.14929680E+000
  0.14929666E+000
  0.14929653E+000
  0.14929640E+000
  0.14929627E+000
  0.14929616E+000
  0.14929605E+000
  0.14929596E+000
  0.14929587E+000
  0.14929580E+000
  0.14929574E+000
  0.14929569E+000
  0.14929565E+000
  0.14929563E+000
  0.14929561E+000
  0.14929561E+000
  0.14929561E+000
  0.14929563E+000
  0.14929565E+000
  0.14929568E+000
  0.14929573E+000
  0.14929577E+000
  0.14929583E+000
  0.14929589E+000
  0.14929595E+000
  0.14929602E+000
  0.14929610E+000
  0.14929618E+000
  0.14929626E+000
  0.14929634E+000
  0.14929643E+000
  0.14929652E+000
  0.14929661E+000
  0.14929670E+000
  0.14929680E+000
  0.14929689E+000
  0.14929698E+000
  0.14929708E+000
  0.14929717E+000
  0.14929727E+000
  0.14929736E+000
  0.14929746E+000
  0.14929755E+000
  0.14929765E+000
  0.14929774E+000
  0.14929783E+000
  0.14929793E+000
  0.14929802E+000
  0.14929811E+000
  0.14929820E+000
  0.14929828E+000
  0.14929837E+000
  0.14929846E+000
  0.14929854E+000
  0.14929863E+000
  0.14929871E+000
  0.14929880E+000
  0.14929888E+000
  0.14929896E+000
  0.14929904E+000
  0.14929911E+000
  0.14929919E+000
  0.14929927E+000
  0.14929934E+000
  0.14929942E+000
  0.14929949E+000
  0.14929956E+000
  0.14929963E+000
  0.14929970E+000
  0.14929976E+000
  0.14929983E+000
  0.14929989E+000
  0.14929996E+000
  0.14930002E+000
  0.14930008E+000
  0.14930014E+000
  0.14930020E+000
  0.14930026E+000
  0.14930031E+000
  0.14930037E+000
  0.14930042E+000
  0.14930047E+000
  0.14930052E+000
  0.14930057E+000
  0.14930062E+000
  0.14930067E+000
  0.14930072E+000
  0.14930076E+000
  0.14930081E+000
  0.14930085E+000
  0.14930089E+000
  0.14930093E+000
  0.14930097E+000
  0.14930101E+000
  0.14930105E+000
  0.14930108E+000
  0.14930112E+000
  0.14930115E+000
  0.14930119E+000
  0.14930122E+000
