  0.66795536E-006
  0.66790069E-006
  0.66788452E-006
  0.66788495E-006
  0.66789212E-006
  0.66790162E-006
  0.66791151E-006
  0.66792097E-006
  0.66792973E-006
  0.66793770E-006
  0.66794491E-006
  0.66795144E-006
  0.66795736E-006
  0.66796276E-006
  0.66796768E-006
  0.66797221E-006
  0.66797638E-006
  0.66798025E-006
  0.66798386E-006
  0.66798723E-006
  0.66799040E-006
  0.66799339E-006
  0.66799624E-006
  0.66799895E-006
  0.66800155E-006
  0.66800405E-006
  0.66800647E-006
  0.66800882E-006
  0.66801111E-006
  0.66801335E-006
  0.66801556E-006
  0.66801773E-006
  0.66801988E-006
  0.66802201E-006
  0.66802413E-006
  0.66802624E-006
  0.66802835E-006
  0.66803045E-006
  0.66803256E-006
  0.66803467E-006
  0.66803678E-006
  0.66803890E-006
  0.66804102E-006
  0.66804314E-006
  0.66804526E-006
  0.66804737E-006
  0.66804947E-006
  0.66805156E-006
  0.66805364E-006
  0.66805569E-006
  0.66805771E-006
  0.66805970E-006
  0.66806165E-006
  0.66806355E-006
  0.66806540E-006
  0.66806718E-006
  0.66806890E-006
  0.66807053E-006
  0.66807209E-006
  0.66807355E-006
  0.66807491E-006
  0.66807616E-006
  0.66807730E-006
  0.66807832E-006
  0.66807921E-006
  0.66807997E-006
  0.66808058E-006
  0.66808104E-006
  0.66808136E-006
  0.66808151E-006
  0.66808151E-006
  0.66808134E-006
  0.66808100E-006
  0.66808049E-006
  0.66807980E-006
  0.66807895E-006
  0.66807791E-006
  0.66807671E-006
  0.66807533E-006
  0.66807377E-006
  0.66807205E-006
  0.66807016E-006
  0.66806811E-006
  0.66806591E-006
  0.66806355E-006
  0.66806104E-006
  0.66805840E-006
  0.66805562E-006
  0.66805272E-006
  0.66804971E-006
  0.66804658E-006
  0.66804336E-006
  0.66804006E-006
  0.66803667E-006
  0.66803322E-006
  0.66802971E-006
  0.66802615E-006
  0.66802257E-006
  0.66801895E-006
  0.66801533E-006
  0.66801171E-006
  0.66800809E-006
  0.66800450E-006
  0.66800094E-006
  0.66799743E-006
  0.66799397E-006
  0.66799057E-006
  0.66798725E-006
  0.66798401E-006
  0.66798087E-006
  0.66797782E-006
  0.66797489E-006
  0.66797208E-006
  0.66796938E-006
  0.66796682E-006
  0.66796440E-006
  0.66796211E-006
  0.66795998E-006
  0.66795799E-006
  0.66795615E-006
  0.66795446E-006
  0.66795292E-006
  0.66795154E-006
  0.66795032E-006
  0.66794924E-006
  0.66794831E-006
  0.66794753E-006
  0.66794689E-006
  0.66794639E-006
  0.66794602E-006
  0.66794578E-006
  0.66794565E-006
  0.66794565E-006
  0.66794574E-006
  0.66794594E-006
  0.66794623E-006
  0.66794660E-006
  0.66794705E-006
  0.66794757E-006
  0.66794814E-006
  0.66794877E-006
  0.66794945E-006
  0.66795016E-006
  0.66795089E-006
  0.66795165E-006
  0.66795243E-006
  0.66795321E-006
  0.66795399E-006
  0.66795476E-006
  0.66795552E-006
  0.66795626E-006
  0.66795698E-006
  0.66795767E-006
  0.66795832E-006
  0.66795893E-006
  0.66795950E-006
  0.66796002E-006
  0.66796048E-006
  0.66796090E-006
  0.66796125E-006
  0.66796155E-006
  0.66796179E-006
  0.66796197E-006
  0.66796208E-006
  0.66796214E-006
  0.66796214E-006
  0.66796208E-006
  0.66796196E-006
  0.66796180E-006
  0.66796158E-006
  0.66796132E-006
  0.66796101E-006
  0.66796067E-006
  0.66796030E-006
  0.66795990E-006
  0.66795948E-006
  0.66795905E-006
  0.66795860E-006
  0.66795815E-006
  0.66795770E-006
  0.66795726E-006
  0.66795682E-006
  0.66795641E-006
  0.66795601E-006
  0.66795564E-006
  0.66795529E-006
  0.66795498E-006
  0.66795470E-006
  0.66795446E-006
  0.66795425E-006
  0.66795408E-006
  0.66795395E-006
  0.66795386E-006
  0.66795381E-006
  0.66795380E-006
  0.66795382E-006
  0.66795387E-006
  0.66795395E-006
  0.66795409E-006
  0.66795422E-006
