  0.46832715E+000
  0.47549560E+000
  0.47523021E+000
  0.47424252E+000
  0.47330455E+000
  0.47249917E+000
  0.47181864E+000
  0.47124814E+000
  0.47077022E+000
  0.47036828E+000
  0.47002957E+000
  0.46974538E+000
  0.46950681E+000
  0.46930581E+000
  0.46913574E+000
  0.46899108E+000
  0.46886775E+000
  0.46876248E+000
  0.46867250E+000
  0.46859567E+000
  0.46853014E+000
  0.46847432E+000
  0.46842686E+000
  0.46838661E+000
  0.46835256E+000
  0.46832383E+000
  0.46829963E+000
  0.46827918E+000
  0.46826192E+000
  0.46824816E+000
  0.46823740E+000
  0.46822910E+000
  0.46822281E+000
  0.46821812E+000
  0.46821472E+000
  0.46821231E+000
  0.46821067E+000
  0.46820961E+000
  0.46820897E+000
  0.46820862E+000
  0.46820846E+000
  0.46820842E+000
  0.46820843E+000
  0.46820846E+000
  0.46820847E+000
  0.46820846E+000
  0.46820840E+000
  0.46820829E+000
  0.46820815E+000
  0.46820825E+000
  0.46820970E+000
  0.46821209E+000
  0.46821513E+000
  0.46821860E+000
  0.46822234E+000
  0.46822623E+000
  0.46823020E+000
  0.46823417E+000
  0.46823812E+000
  0.46824201E+000
  0.46824582E+000
  0.46824953E+000
  0.46825313E+000
  0.46825662E+000
  0.46825998E+000
  0.46826322E+000
  0.46826631E+000
  0.46826928E+000
  0.46827210E+000
  0.46827478E+000
  0.46827733E+000
  0.46827974E+000
  0.46828202E+000
  0.46828417E+000
  0.46828619E+000
  0.46828809E+000
  0.46828988E+000
  0.46829155E+000
  0.46829312E+000
  0.46829459E+000
  0.46829596E+000
  0.46829724E+000
  0.46829844E+000
  0.46829956E+000
  0.46830061E+000
  0.46830159E+000
  0.46830251E+000
  0.46830337E+000
  0.46830417E+000
  0.46830493E+000
  0.46830563E+000
  0.46830630E+000
  0.46830692E+000
  0.46830751E+000
  0.46830806E+000
  0.46830859E+000
  0.46830908E+000
  0.46830955E+000
  0.46831000E+000
  0.46831042E+000
  0.46831082E+000
  0.46831121E+000
  0.46831158E+000
  0.46831193E+000
  0.46831227E+000
  0.46831259E+000
  0.46831291E+000
  0.46831321E+000
  0.46831350E+000
  0.46831379E+000
  0.46831406E+000
  0.46831433E+000
  0.46831459E+000
  0.46831485E+000
  0.46831510E+000
  0.46831534E+000
  0.46831558E+000
  0.46831581E+000
  0.46831605E+000
  0.46831627E+000
  0.46831649E+000
  0.46831671E+000
  0.46831693E+000
  0.46831714E+000
  0.46831735E+000
  0.46831756E+000
  0.46831777E+000
  0.46831797E+000
  0.46831817E+000
  0.46831836E+000
  0.46831856E+000
  0.46831875E+000
  0.46831894E+000
  0.46831912E+000
  0.46831931E+000
  0.46831949E+000
  0.46831967E+000
  0.46831985E+000
  0.46832002E+000
  0.46832019E+000
  0.46832036E+000
  0.46832053E+000
  0.46832070E+000
  0.46832086E+000
  0.46832102E+000
  0.46832118E+000
  0.46832133E+000
  0.46832149E+000
  0.46832164E+000
  0.46832179E+000
  0.46832193E+000
  0.46832208E+000
  0.46832222E+000
  0.46832235E+000
  0.46832249E+000
  0.46832262E+000
  0.46832275E+000
  0.46832288E+000
  0.46832301E+000
  0.46832313E+000
  0.46832325E+000
  0.46832337E+000
  0.46832349E+000
  0.46832360E+000
  0.46832371E+000
  0.46832382E+000
  0.46832393E+000
  0.46832403E+000
  0.46832413E+000
  0.46832423E+000
  0.46832433E+000
  0.46832442E+000
  0.46832452E+000
  0.46832461E+000
  0.46832469E+000
  0.46832478E+000
  0.46832486E+000
  0.46832494E+000
  0.46832502E+000
  0.46832510E+000
  0.46832517E+000
  0.46832525E+000
  0.46832532E+000
  0.46832538E+000
  0.46832545E+000
  0.46832551E+000
  0.46832558E+000
  0.46832564E+000
  0.46832570E+000
  0.46832575E+000
  0.46832581E+000
  0.46832586E+000
  0.46832591E+000
  0.46832596E+000
  0.46832601E+000
  0.46832605E+000
  0.46832609E+000
  0.46832613E+000
  0.46832617E+000
  0.46832622E+000
