  0.62552493E+000
  0.62551897E+000
  0.62551442E+000
  0.62551084E+000
  0.62550804E+000
  0.62550587E+000
  0.62550423E+000
  0.62550303E+000
  0.62550220E+000
  0.62550168E+000
  0.62550141E+000
  0.62550136E+000
  0.62550149E+000
  0.62550179E+000
  0.62550221E+000
  0.62550276E+000
  0.62550339E+000
  0.62550412E+000
  0.62550491E+000
  0.62550577E+000
  0.62550668E+000
  0.62550764E+000
  0.62550863E+000
  0.62550966E+000
  0.62551071E+000
  0.62551178E+000
  0.62551288E+000
  0.62551398E+000
  0.62551510E+000
  0.62551622E+000
  0.62551734E+000
  0.62551847E+000
  0.62551959E+000
  0.62552070E+000
  0.62552181E+000
  0.62552290E+000
  0.62552398E+000
  0.62552505E+000
  0.62552610E+000
  0.62552712E+000
  0.62552813E+000
  0.62552911E+000
  0.62553007E+000
  0.62553100E+000
  0.62553190E+000
  0.62553277E+000
  0.62553361E+000
  0.62553442E+000
  0.62553519E+000
  0.62553592E+000
  0.62553662E+000
  0.62553728E+000
  0.62553790E+000
  0.62553849E+000
  0.62553904E+000
  0.62553955E+000
  0.62554002E+000
  0.62554045E+000
  0.62554084E+000
  0.62554119E+000
  0.62554150E+000
  0.62554177E+000
  0.62554200E+000
  0.62554220E+000
  0.62554235E+000
  0.62554247E+000
  0.62554255E+000
  0.62554259E+000
  0.62554260E+000
  0.62554257E+000
  0.62554252E+000
  0.62554243E+000
  0.62554231E+000
  0.62554217E+000
  0.62554201E+000
  0.62554182E+000
  0.62554161E+000
  0.62554138E+000
  0.62554113E+000
  0.62554086E+000
  0.62554059E+000
  0.62554029E+000
  0.62553999E+000
  0.62553968E+000
  0.62553937E+000
  0.62553904E+000
  0.62553871E+000
  0.62553838E+000
  0.62553805E+000
  0.62553772E+000
  0.62553738E+000
  0.62553705E+000
  0.62553672E+000
  0.62553639E+000
  0.62553607E+000
  0.62553575E+000
  0.62553544E+000
  0.62553513E+000
  0.62553483E+000
  0.62553453E+000
  0.62553424E+000
  0.62553396E+000
  0.62553368E+000
  0.62553342E+000
  0.62553316E+000
  0.62553290E+000
  0.62553266E+000
  0.62553242E+000
  0.62553219E+000
  0.62553196E+000
  0.62553175E+000
  0.62553154E+000
  0.62553134E+000
  0.62553114E+000
  0.62553095E+000
  0.62553077E+000
  0.62553060E+000
  0.62553043E+000
  0.62553027E+000
  0.62553011E+000
  0.62552996E+000
  0.62552981E+000
  0.62552967E+000
  0.62552954E+000
  0.62552941E+000
  0.62552928E+000
  0.62552916E+000
  0.62552904E+000
  0.62552893E+000
  0.62552882E+000
  0.62552872E+000
  0.62552862E+000
  0.62552852E+000
  0.62552843E+000
  0.62552834E+000
  0.62552825E+000
  0.62552816E+000
  0.62552808E+000
  0.62552800E+000
  0.62552793E+000
  0.62552785E+000
  0.62552778E+000
  0.62552771E+000
  0.62552765E+000
  0.62552758E+000
  0.62552752E+000
  0.62552746E+000
  0.62552740E+000
  0.62552734E+000
  0.62552728E+000
  0.62552723E+000
  0.62552717E+000
  0.62552712E+000
  0.62552707E+000
  0.62552702E+000
  0.62552697E+000
  0.62552693E+000
  0.62552688E+000
  0.62552683E+000
  0.62552679E+000
  0.62552675E+000
  0.62552670E+000
  0.62552666E+000
  0.62552662E+000
  0.62552658E+000
  0.62552654E+000
  0.62552650E+000
  0.62552646E+000
  0.62552642E+000
  0.62552639E+000
  0.62552635E+000
  0.62552632E+000
  0.62552628E+000
  0.62552625E+000
  0.62552621E+000
  0.62552618E+000
  0.62552615E+000
  0.62552611E+000
  0.62552608E+000
  0.62552605E+000
  0.62552602E+000
  0.62552599E+000
  0.62552596E+000
  0.62552593E+000
  0.62552590E+000
  0.62552587E+000
  0.62552584E+000
  0.62552582E+000
  0.62552579E+000
  0.62552576E+000
  0.62552573E+000
  0.62552571E+000
  0.62552568E+000
  0.62552565E+000
  0.62552563E+000
  0.62552560E+000
  0.62552557E+000
  0.62552554E+000
  0.62552552E+000
  0.62552549E+000
