  0.86834739E+000
  0.86846817E+000
  0.86852216E+000
  0.86854929E+000
  0.86856087E+000
  0.86852829E+000
  0.86851199E+000
  0.86849731E+000
  0.86848319E+000
  0.86846903E+000
  0.86845448E+000
  0.86844019E+000
  0.86842461E+000
  0.86841073E+000
  0.86839810E+000
  0.86838614E+000
  0.86837509E+000
  0.86836490E+000
  0.86835540E+000
  0.86834671E+000
  0.86833880E+000
  0.86833166E+000
  0.86832523E+000
  0.86831947E+000
  0.86831435E+000
  0.86830981E+000
  0.86830581E+000
  0.86830231E+000
  0.86829927E+000
  0.86829665E+000
  0.86829443E+000
  0.86829256E+000
  0.86829102E+000
  0.86828979E+000
  0.86828884E+000
  0.86828815E+000
  0.86828769E+000
  0.86828745E+000
  0.86828741E+000
  0.86828754E+000
  0.86828784E+000
  0.86828827E+000
  0.86828883E+000
  0.86828949E+000
  0.86829026E+000
  0.86829112E+000
  0.86829207E+000
  0.86829308E+000
  0.86829415E+000
  0.86829528E+000
  0.86829645E+000
  0.86829766E+000
  0.86829888E+000
  0.86830010E+000
  0.86830132E+000
  0.86830252E+000
  0.86830368E+000
  0.86830481E+000
  0.86830591E+000
  0.86830697E+000
  0.86830800E+000
  0.86830898E+000
  0.86830993E+000
  0.86831084E+000
  0.86831171E+000
  0.86831254E+000
  0.86831376E+000
  0.86831521E+000
  0.86831653E+000
  0.86831759E+000
  0.86831845E+000
  0.86831915E+000
  0.86831972E+000
  0.86832022E+000
  0.86832065E+000
  0.86832103E+000
  0.86832138E+000
  0.86832169E+000
  0.86832198E+000
  0.86832224E+000
  0.86832249E+000
  0.86832272E+000
  0.86832294E+000
  0.86832314E+000
  0.86832334E+000
  0.86832353E+000
  0.86832372E+000
  0.86832390E+000
  0.86832409E+000
  0.86832427E+000
  0.86832446E+000
  0.86832464E+000
  0.86832483E+000
  0.86832503E+000
  0.86832523E+000
  0.86832544E+000
  0.86832565E+000
  0.86832587E+000
  0.86832609E+000
  0.86832633E+000
  0.86832657E+000
  0.86832681E+000
  0.86832706E+000
  0.86832732E+000
  0.86832759E+000
  0.86832786E+000
  0.86832814E+000
  0.86832842E+000
  0.86832871E+000
  0.86832900E+000
  0.86832930E+000
  0.86832961E+000
  0.86832992E+000
  0.86833023E+000
  0.86833055E+000
  0.86833087E+000
  0.86833119E+000
  0.86833152E+000
  0.86833185E+000
  0.86833218E+000
  0.86833252E+000
  0.86833285E+000
  0.86833319E+000
  0.86833353E+000
  0.86833387E+000
  0.86833421E+000
  0.86833455E+000
  0.86833489E+000
  0.86833523E+000
  0.86833557E+000
  0.86833590E+000
  0.86833624E+000
  0.86833657E+000
  0.86833690E+000
  0.86833723E+000
  0.86833756E+000
  0.86833788E+000
  0.86833820E+000
  0.86833852E+000
  0.86833883E+000
  0.86833914E+000
  0.86833944E+000
  0.86833974E+000
  0.86834004E+000
  0.86834032E+000
  0.86834061E+000
  0.86834089E+000
  0.86834116E+000
  0.86834142E+000
  0.86834168E+000
  0.86834194E+000
  0.86834219E+000
  0.86834243E+000
  0.86834266E+000
  0.86834289E+000
  0.86834311E+000
  0.86834333E+000
  0.86834353E+000
  0.86834373E+000
  0.86834393E+000
  0.86834412E+000
  0.86834430E+000
  0.86834447E+000
  0.86834464E+000
  0.86834480E+000
  0.86834495E+000
  0.86834510E+000
  0.86834524E+000
  0.86834537E+000
  0.86834550E+000
  0.86834563E+000
  0.86834574E+000
  0.86834585E+000
  0.86834596E+000
  0.86834606E+000
  0.86834615E+000
  0.86834624E+000
  0.86834632E+000
  0.86834640E+000
  0.86834648E+000
  0.86834655E+000
  0.86834661E+000
  0.86834667E+000
  0.86834673E+000
  0.86834678E+000
  0.86834683E+000
  0.86834688E+000
  0.86834692E+000
  0.86834696E+000
  0.86834699E+000
  0.86834703E+000
  0.86834706E+000
  0.86834709E+000
  0.86834711E+000
  0.86834714E+000
  0.86834716E+000
  0.86834718E+000
  0.86834721E+000
  0.86834724E+000
  0.86834727E+000
