  0.91350154E+000
  0.91350244E+000
  0.91350289E+000
  0.91350297E+000
  0.91350275E+000
  0.91350230E+000
  0.91350168E+000
  0.91350094E+000
  0.91350010E+000
  0.91349920E+000
  0.91349825E+000
  0.91349728E+000
  0.91349629E+000
  0.91349530E+000
  0.91349432E+000
  0.91349335E+000
  0.91349239E+000
  0.91349146E+000
  0.91349055E+000
  0.91348966E+000
  0.91348881E+000
  0.91348798E+000
  0.91348718E+000
  0.91348642E+000
  0.91348568E+000
  0.91348498E+000
  0.91348431E+000
  0.91348368E+000
  0.91348307E+000
  0.91348251E+000
  0.91348197E+000
  0.91348147E+000
  0.91348101E+000
  0.91348058E+000
  0.91348019E+000
  0.91347983E+000
  0.91347951E+000
  0.91347922E+000
  0.91347897E+000
  0.91347876E+000
  0.91347858E+000
  0.91347843E+000
  0.91347833E+000
  0.91347825E+000
  0.91347821E+000
  0.91347821E+000
  0.91347823E+000
  0.91347829E+000
  0.91347838E+000
  0.91347851E+000
  0.91347866E+000
  0.91347884E+000
  0.91347904E+000
  0.91347928E+000
  0.91347954E+000
  0.91347982E+000
  0.91348013E+000
  0.91348046E+000
  0.91348081E+000
  0.91348118E+000
  0.91348157E+000
  0.91348198E+000
  0.91348240E+000
  0.91348284E+000
  0.91348330E+000
  0.91348377E+000
  0.91348425E+000
  0.91348475E+000
  0.91348526E+000
  0.91348578E+000
  0.91348631E+000
  0.91348685E+000
  0.91348740E+000
  0.91348796E+000
  0.91348852E+000
  0.91348910E+000
  0.91348968E+000
  0.91349027E+000
  0.91349086E+000
  0.91349145E+000
  0.91349206E+000
  0.91349266E+000
  0.91349327E+000
  0.91349387E+000
  0.91349448E+000
  0.91349509E+000
  0.91349570E+000
  0.91349631E+000
  0.91349691E+000
  0.91349751E+000
  0.91349811E+000
  0.91349870E+000
  0.91349928E+000
  0.91349985E+000
  0.91350042E+000
  0.91350097E+000
  0.91350151E+000
  0.91350204E+000
  0.91350256E+000
  0.91350306E+000
  0.91350355E+000
  0.91350401E+000
  0.91350446E+000
  0.91350489E+000
  0.91350530E+000
  0.91350569E+000
  0.91350605E+000
  0.91350639E+000
  0.91350671E+000
  0.91350701E+000
  0.91350727E+000
  0.91350752E+000
  0.91350773E+000
  0.91350792E+000
  0.91350809E+000
  0.91350822E+000
  0.91350833E+000
  0.91350842E+000
  0.91350847E+000
  0.91350850E+000
  0.91350851E+000
  0.91350848E+000
  0.91350844E+000
  0.91350836E+000
  0.91350827E+000
  0.91350815E+000
  0.91350801E+000
  0.91350785E+000
  0.91350767E+000
  0.91350747E+000
  0.91350726E+000
  0.91350703E+000
  0.91350679E+000
  0.91350653E+000
  0.91350627E+000
  0.91350599E+000
  0.91350572E+000
  0.91350543E+000
  0.91350515E+000
  0.91350486E+000
  0.91350457E+000
  0.91350429E+000
  0.91350401E+000
  0.91350374E+000
  0.91350348E+000
  0.91350323E+000
  0.91350299E+000
  0.91350276E+000
  0.91350254E+000
  0.91350234E+000
  0.91350216E+000
  0.91350199E+000
  0.91350184E+000
  0.91350170E+000
  0.91350158E+000
  0.91350148E+000
  0.91350139E+000
  0.91350132E+000
  0.91350127E+000
  0.91350122E+000
  0.91350120E+000
  0.91350118E+000
  0.91350118E+000
  0.91350119E+000
  0.91350121E+000
  0.91350124E+000
  0.91350127E+000
  0.91350131E+000
  0.91350136E+000
  0.91350141E+000
  0.91350146E+000
  0.91350151E+000
  0.91350156E+000
  0.91350162E+000
  0.91350167E+000
  0.91350172E+000
  0.91350176E+000
  0.91350180E+000
  0.91350184E+000
  0.91350188E+000
  0.91350190E+000
  0.91350193E+000
  0.91350195E+000
  0.91350196E+000
  0.91350197E+000
  0.91350197E+000
  0.91350197E+000
  0.91350196E+000
  0.91350195E+000
  0.91350194E+000
  0.91350192E+000
  0.91350190E+000
  0.91350187E+000
  0.91350185E+000
  0.91350182E+000
  0.91350179E+000
  0.91350176E+000
  0.91350173E+000
  0.91350171E+000
  0.91350168E+000
