 -0.71029513E+000 -0.54561375E+000 -0.29240243E+000 -0.99183791E-001 -0.45828608E-001  0.62017745E+000  0.11158804E+002  0.39851989E+002  0.74941143E+002  0.11297014E+003  0.14887899E+003
 -0.71029360E+000 -0.54561224E+000 -0.29240080E+000 -0.99183194E-001 -0.45803009E-001  0.62020473E+000  0.11158546E+002  0.39886422E+002  0.74941233E+002  0.11297000E+003  0.14887252E+003
 -0.71029222E+000 -0.54561102E+000 -0.29239958E+000 -0.99182872E-001 -0.45792755E-001  0.62022463E+000  0.11158588E+002  0.39911491E+002  0.74941655E+002  0.11297008E+003  0.14887494E+003
 -0.71029103E+000 -0.54561001E+000 -0.29239866E+000 -0.99182733E-001 -0.45792482E-001  0.62024010E+000  0.11158670E+002  0.40003417E+002  0.74942040E+002  0.11297016E+003  0.14887731E+003
 -0.71029010E+000 -0.54560921E+000 -0.29239798E+000 -0.99182719E-001 -0.45798500E-001  0.62025222E+000  0.11158746E+002  0.40024298E+002  0.74942367E+002  0.11297022E+003  0.14887934E+003
 -0.71028944E+000 -0.54560865E+000 -0.29239753E+000 -0.99182785E-001 -0.45808266E-001  0.62026160E+000  0.11158809E+002  0.40041542E+002  0.74942643E+002  0.11297028E+003  0.14888106E+003
 -0.71028905E+000 -0.54560830E+000 -0.29239726E+000 -0.99182903E-001 -0.45820034E-001  0.62026870E+000  0.11158860E+002  0.40055777E+002  0.74942878E+002  0.11297032E+003  0.14888253E+003
 -0.71028889E+000 -0.54560815E+000 -0.29239714E+000 -0.99183051E-001 -0.45832622E-001  0.62027387E+000  0.11158902E+002  0.40067509E+002  0.74943076E+002  0.11297035E+003  0.14888378E+003
 -0.71028892E+000 -0.54560815E+000 -0.29239715E+000 -0.99183216E-001 -0.45845250E-001  0.62027712E+000  0.11158936E+002  0.40077154E+002  0.74943242E+002  0.11297038E+003  0.14888484E+003
 -0.71028910E+000 -0.54560829E+000 -0.29239726E+000 -0.99183386E-001 -0.45857413E-001  0.62027872E+000  0.11158964E+002  0.40085052E+002  0.74943381E+002  0.11297040E+003  0.14888574E+003
 -0.71028939E+000 -0.54560853E+000 -0.29239744E+000 -0.99183556E-001 -0.45868800E-001  0.62027889E+000  0.11158987E+002  0.40091478E+002  0.74943498E+002  0.11297042E+003  0.14888650E+003
 -0.71028977E+000 -0.54560884E+000 -0.29239769E+000 -0.99183720E-001 -0.45879231E-001  0.62027784E+000  0.11159006E+002  0.40096659E+002  0.74943595E+002  0.11297044E+003  0.14888714E+003
 -0.71029021E+000 -0.54560921E+000 -0.29239799E+000 -0.99183877E-001 -0.45888622E-001  0.62027573E+000  0.11159021E+002  0.40100789E+002  0.74943675E+002  0.11297045E+003  0.14888768E+003
 -0.71029069E+000 -0.54560961E+000 -0.29239831E+000 -0.99184025E-001 -0.45896950E-001  0.62027272E+000  0.11159033E+002  0.40104025E+002  0.74943740E+002  0.11297046E+003  0.14888813E+003
 -0.71029120E+000 -0.54561003E+000 -0.29239866E+000 -0.99184161E-001 -0.45904230E-001  0.62026891E+000  0.11159042E+002  0.40106655E+002  0.74943793E+002  0.11297047E+003  0.14888851E+003
 -0.71029171E+000 -0.54561046E+000 -0.29239902E+000 -0.99184288E-001 -0.45910506E-001  0.62026441E+000  0.11159050E+002  0.40108636E+002  0.74943835E+002  0.11297048E+003  0.14888882E+003
 -0.71029223E+000 -0.54561089E+000 -0.29239938E+000 -0.99184403E-001 -0.45915835E-001  0.62025930E+000  0.11159055E+002  0.40110005E+002  0.74943869E+002  0.11297049E+003  0.14888908E+003
 -0.71029275E+000 -0.54561133E+000 -0.29239975E+000 -0.99184508E-001 -0.45920282E-001  0.62025367E+000  0.11159059E+002  0.40110847E+002  0.74943894E+002  0.11297049E+003  0.14888930E+003
 -0.71029327E+000 -0.54561176E+000 -0.29240011E+000 -0.99184602E-001 -0.45923916E-001  0.62024756E+000  0.11159062E+002  0.40111231E+002  0.74943912E+002  0.11297049E+003  0.14888947E+003
 -0.71029378E+000 -0.54561218E+000 -0.29240046E+000 -0.99184687E-001 -0.45926806E-001  0.62024104E+000  0.11159063E+002  0.40111217E+002  0.74943924E+002  0.11297050E+003  0.14888960E+003
 -0.71029428E+000 -0.54561259E+000 -0.29240080E+000 -0.99184762E-001 -0.45929019E-001  0.62023414E+000  0.11159063E+002  0.40110856E+002  0.74943931E+002  0.11297050E+003  0.14888971E+003
 -0.71029478E+000 -0.54561299E+000 -0.29240114E+000 -0.99184829E-001 -0.45930617E-001  0.62022690E+000  0.11159063E+002  0.40110190E+002  0.74943933E+002  0.11297050E+003  0.14888978E+003
 -0.71029526E+000 -0.54561338E+000 -0.29240145E+000 -0.99184887E-001 -0.45931663E-001  0.62021935E+000  0.11159061E+002  0.40109256E+002  0.74943931E+002  0.11297050E+003  0.14888983E+003
 -0.71029574E+000 -0.54561377E+000 -0.29240176E+000 -0.99184938E-001 -0.45932210E-001  0.62021152E+000  0.11159059E+002  0.40108085E+002  0.74943926E+002  0.11297050E+003  0.14888986E+003
 -0.71029622E+000 -0.54561415E+000 -0.29240205E+000 -0.99184982E-001 -0.45932312E-001  0.62020343E+000  0.11159056E+002  0.40106706E+002  0.74943917E+002  0.11297050E+003  0.14888987E+003
 -0.71029669E+000 -0.54561452E+000 -0.29240233E+000 -0.99185019E-001 -0.45932017E-001  0.62019510E+000  0.11159053E+002  0.40105141E+002  0.74943905E+002  0.11297050E+003  0.14888987E+003
 -0.71029716E+000 -0.54561488E+000 -0.29240261E+000 -0.99185051E-001 -0.45931370E-001  0.62018655E+000  0.11159049E+002  0.40103515E+002  0.74943891E+002  0.11297050E+003  0.14888985E+003
 -0.71029763E+000 -0.54561525E+000 -0.29240287E+000 -0.99185077E-001 -0.45930411E-001  0.62017779E+000  0.11159045E+002  0.40101786E+002  0.74943874E+002  0.11297049E+003  0.14888981E+003
 -0.71029809E+000 -0.54561561E+000 -0.29240312E+000 -0.99185099E-001 -0.45929179E-001  0.62016884E+000  0.11159040E+002  0.40099939E+002  0.74943856E+002  0.11297049E+003  0.14888977E+003
 -0.71029856E+000 -0.54561597E+000 -0.29240337E+000 -0.99185116E-001 -0.45927710E-001  0.62015970E+000  0.11159035E+002  0.40097985E+002  0.74943835E+002  0.11297049E+003  0.14888971E+003
 -0.71029904E+000 -0.54561633E+000 -0.29240361E+000 -0.99185130E-001 -0.45926034E-001  0.62015038E+000  0.11159030E+002  0.40095938E+002  0.74943814E+002  0.11297049E+003  0.14888964E+003
 -0.71029952E+000 -0.54561670E+000 -0.29240385E+000 -0.99185140E-001 -0.45924184E-001  0.62014091E+000  0.11159025E+002  0.40093809E+002  0.74943791E+002  0.11297049E+003  0.14888957E+003
 -0.71030000E+000 -0.54561707E+000 -0.29240409E+000 -0.99185149E-001 -0.45922184E-001  0.62013128E+000  0.11159019E+002  0.40091605E+002  0.74943767E+002  0.11297048E+003  0.14888949E+003
 -0.71030049E+000 -0.54561745E+000 -0.29240433E+000 -0.99185155E-001 -0.45920061E-001  0.62012150E+000  0.11159013E+002  0.40089337E+002  0.74943741E+002  0.11297048E+003  0.14888941E+003
 -0.71030099E+000 -0.54561783E+000 -0.29240457E+000 -0.99185160E-001 -0.45917837E-001  0.62011159E+000  0.11159007E+002  0.40087012E+002  0.74943715E+002  0.11297048E+003  0.14888932E+003
 -0.71030151E+000 -0.54561823E+000 -0.29240483E+000 -0.99185165E-001 -0.45915533E-001  0.62010155E+000  0.11159001E+002  0.40084635E+002  0.74943689E+002  0.11297047E+003  0.14888923E+003
 -0.71030203E+000 -0.54561863E+000 -0.29240509E+000 -0.99185169E-001 -0.45913166E-001  0.62009141E+000  0.11158995E+002  0.40082214E+002  0.74943661E+002  0.11297047E+003  0.14888913E+003
 -0.71030256E+000 -0.54561905E+000 -0.29240536E+000 -0.99185174E-001 -0.45910754E-001  0.62008116E+000  0.11158989E+002  0.40079753E+002  0.74943634E+002  0.11297047E+003  0.14888903E+003
 -0.71030311E+000 -0.54561948E+000 -0.29240564E+000 -0.99185179E-001 -0.45908311E-001  0.62007083E+000  0.11158982E+002  0.40077257E+002  0.74943605E+002  0.11297047E+003  0.14888893E+003
 -0.71030367E+000 -0.54561992E+000 -0.29240593E+000 -0.99185185E-001 -0.45905850E-001  0.62006043E+000  0.11158976E+002  0.40074730E+002  0.74943577E+002  0.11297046E+003  0.14888883E+003
 -0.71030424E+000 -0.54562038E+000 -0.29240624E+000 -0.99185193E-001 -0.45903382E-001  0.62004998E+000  0.11158969E+002  0.40072175E+002  0.74943548E+002  0.11297046E+003  0.14888873E+003
 -0.71030483E+000 -0.54562085E+000 -0.29240657E+000 -0.99185203E-001 -0.45900917E-001  0.62003950E+000  0.11158963E+002  0.40069595E+002  0.74943519E+002  0.11297046E+003  0.14888862E+003
 -0.71030542E+000 -0.54562134E+000 -0.29240691E+000 -0.99185216E-001 -0.45898463E-001  0.62002901E+000  0.11158957E+002  0.40066993E+002  0.74943490E+002  0.11297045E+003  0.14888852E+003
 -0.71030603E+000 -0.54562184E+000 -0.29240727E+000 -0.99185231E-001 -0.45896027E-001  0.62001855E+000  0.11158950E+002  0.40064372E+002  0.74943460E+002  0.11297045E+003  0.14888841E+003
 -0.71030666E+000 -0.54562235E+000 -0.29240765E+000 -0.99185248E-001 -0.45893615E-001  0.62000813E+000  0.11158944E+002  0.40061734E+002  0.74943431E+002  0.11297045E+003  0.14888831E+003
 -0.71030729E+000 -0.54562287E+000 -0.29240805E+000 -0.99185268E-001 -0.45891232E-001  0.61999779E+000  0.11158938E+002  0.40059080E+002  0.74943402E+002  0.11297044E+003  0.14888820E+003
 -0.71030793E+000 -0.54562341E+000 -0.29240846E+000 -0.99185291E-001 -0.45888882E-001  0.61998756E+000  0.11158931E+002  0.40056414E+002  0.74943372E+002  0.11297044E+003  0.14888810E+003
 -0.71030857E+000 -0.54562395E+000 -0.29240888E+000 -0.99185317E-001 -0.45886569E-001  0.61997749E+000  0.11158925E+002  0.40053737E+002  0.74943342E+002  0.11297044E+003  0.14888800E+003
 -0.71030923E+000 -0.54562451E+000 -0.29240933E+000 -0.99185346E-001 -0.45884295E-001  0.61996759E+000  0.11158919E+002  0.40051051E+002  0.74943313E+002  0.11297043E+003  0.14888789E+003
 -0.71030988E+000 -0.54562507E+000 -0.29240978E+000 -0.99185377E-001 -0.45882062E-001  0.61995792E+000  0.11158913E+002  0.40048358E+002  0.74943283E+002  0.11297043E+003  0.14888779E+003
 -0.71031054E+000 -0.54562563E+000 -0.29241025E+000 -0.99185411E-001 -0.45879874E-001  0.61994852E+000  0.11158907E+002  0.40045661E+002  0.74943254E+002  0.11297043E+003  0.14888768E+003
 -0.71031119E+000 -0.54562620E+000 -0.29241073E+000 -0.99185447E-001 -0.45877731E-001  0.61993941E+000  0.11158902E+002  0.40042962E+002  0.74943224E+002  0.11297042E+003  0.14888758E+003
 -0.71031183E+000 -0.54562677E+000 -0.29241122E+000 -0.99185485E-001 -0.45875635E-001  0.61993065E+000  0.11158896E+002  0.40040262E+002  0.74943195E+002  0.11297042E+003  0.14888748E+003
 -0.71031247E+000 -0.54562733E+000 -0.29241171E+000 -0.99185526E-001 -0.45873588E-001  0.61992228E+000  0.11158891E+002  0.40037566E+002  0.74943166E+002  0.11297042E+003  0.14888738E+003
 -0.71031309E+000 -0.54562789E+000 -0.29241220E+000 -0.99185567E-001 -0.45871592E-001  0.61991432E+000  0.11158885E+002  0.40034875E+002  0.74943136E+002  0.11297041E+003  0.14888728E+003
 -0.71031370E+000 -0.54562844E+000 -0.29241270E+000 -0.99185610E-001 -0.45869648E-001  0.61990683E+000  0.11158880E+002  0.40032192E+002  0.74943107E+002  0.11297041E+003  0.14888718E+003
 -0.71031429E+000 -0.54562897E+000 -0.29241320E+000 -0.99185653E-001 -0.45867756E-001  0.61989983E+000  0.11158875E+002  0.40029520E+002  0.74943078E+002  0.11297041E+003  0.14888708E+003
 -0.71031486E+000 -0.54562950E+000 -0.29241369E+000 -0.99185697E-001 -0.45865919E-001  0.61989335E+000  0.11158870E+002  0.40026862E+002  0.74943050E+002  0.11297040E+003  0.14888698E+003
 -0.71031540E+000 -0.54563000E+000 -0.29241417E+000 -0.99185741E-001 -0.45864138E-001  0.61988742E+000  0.11158865E+002  0.40024221E+002  0.74943021E+002  0.11297040E+003  0.14888689E+003
 -0.71031591E+000 -0.54563049E+000 -0.29241464E+000 -0.99185785E-001 -0.45862413E-001  0.61988207E+000  0.11158861E+002  0.40021600E+002  0.74942993E+002  0.11297040E+003  0.14888679E+003
 -0.71031639E+000 -0.54563095E+000 -0.29241510E+000 -0.99185827E-001 -0.45860746E-001  0.61987732E+000  0.11158856E+002  0.40019001E+002  0.74942965E+002  0.11297039E+003  0.14888670E+003
 -0.71031683E+000 -0.54563139E+000 -0.29241555E+000 -0.99185869E-001 -0.45859137E-001  0.61987318E+000  0.11158852E+002  0.40016428E+002  0.74942937E+002  0.11297039E+003  0.14888660E+003
 -0.71031724E+000 -0.54563180E+000 -0.29241598E+000 -0.99185909E-001 -0.45857588E-001  0.61986967E+000  0.11158848E+002  0.40013884E+002  0.74942909E+002  0.11297039E+003  0.14888651E+003
 -0.71031761E+000 -0.54563218E+000 -0.29241638E+000 -0.99185948E-001 -0.45856099E-001  0.61986679E+000  0.11158845E+002  0.40011371E+002  0.74942882E+002  0.11297038E+003  0.14888642E+003
 -0.71031793E+000 -0.54563253E+000 -0.29241677E+000 -0.99185984E-001 -0.45854670E-001  0.61986455E+000  0.11158841E+002  0.40008892E+002  0.74942855E+002  0.11297038E+003  0.14888633E+003
 -0.71031822E+000 -0.54563284E+000 -0.29241713E+000 -0.99186018E-001 -0.45853301E-001  0.61986294E+000  0.11158838E+002  0.40006450E+002  0.74942828E+002  0.11297038E+003  0.14888625E+003
 -0.71031846E+000 -0.54563313E+000 -0.29241747E+000 -0.99186049E-001 -0.45851993E-001  0.61986196E+000  0.11158834E+002  0.40004046E+002  0.74942802E+002  0.11297038E+003  0.14888616E+003
 -0.71031866E+000 -0.54563338E+000 -0.29241778E+000 -0.99186077E-001 -0.45850744E-001  0.61986160E+000  0.11158831E+002  0.40001682E+002  0.74942775E+002  0.11297037E+003  0.14888608E+003
 -0.71031881E+000 -0.54563359E+000 -0.29241806E+000 -0.99186103E-001 -0.45849556E-001  0.61986184E+000  0.11158828E+002  0.39999361E+002  0.74942750E+002  0.11297037E+003  0.14888600E+003
 -0.71031892E+000 -0.54563377E+000 -0.29241831E+000 -0.99186125E-001 -0.45848426E-001  0.61986267E+000  0.11158826E+002  0.39997083E+002  0.74942724E+002  0.11297037E+003  0.14888592E+003
 -0.71031899E+000 -0.54563391E+000 -0.29241853E+000 -0.99186143E-001 -0.45847354E-001  0.61986406E+000  0.11158823E+002  0.39994851E+002  0.74942699E+002  0.11297036E+003  0.14888584E+003
 -0.71031902E+000 -0.54563401E+000 -0.29241872E+000 -0.99186158E-001 -0.45846338E-001  0.61986600E+000  0.11158821E+002  0.39992665E+002  0.74942674E+002  0.11297036E+003  0.14888576E+003
 -0.71031900E+000 -0.54563408E+000 -0.29241888E+000 -0.99186170E-001 -0.45845378E-001  0.61986846E+000  0.11158819E+002  0.39973860E+002  0.74942649E+002  0.11297036E+003  0.14888569E+003
 -0.71031894E+000 -0.54563412E+000 -0.29241901E+000 -0.99186177E-001 -0.45844471E-001  0.61987140E+000  0.11158817E+002  0.39942426E+002  0.74942624E+002  0.11297036E+003  0.14888561E+003
 -0.71031884E+000 -0.54563412E+000 -0.29241911E+000 -0.99186182E-001 -0.45843617E-001  0.61987481E+000  0.11158815E+002  0.39918229E+002  0.74942600E+002  0.11297035E+003  0.14888554E+003
 -0.71031871E+000 -0.54563409E+000 -0.29241918E+000 -0.99186182E-001 -0.45842813E-001  0.61987864E+000  0.11158814E+002  0.39916614E+002  0.74942577E+002  0.11297035E+003  0.14888547E+003
 -0.71031854E+000 -0.54563403E+000 -0.29241922E+000 -0.99186179E-001 -0.45842057E-001  0.61988286E+000  0.11158812E+002  0.39915036E+002  0.74942553E+002  0.11297035E+003  0.14888539E+003
 -0.71031833E+000 -0.54563393E+000 -0.29241923E+000 -0.99186172E-001 -0.45841348E-001  0.61988745E+000  0.11158811E+002  0.39913496E+002  0.74942530E+002  0.11297035E+003  0.14888533E+003
 -0.71031810E+000 -0.54563380E+000 -0.29241921E+000 -0.99186162E-001 -0.45840682E-001  0.61989237E+000  0.11158810E+002  0.39911992E+002  0.74942507E+002  0.11297034E+003  0.14888526E+003
 -0.71031783E+000 -0.54563365E+000 -0.29241916E+000 -0.99186149E-001 -0.45840059E-001  0.61989758E+000  0.11158808E+002  0.39910525E+002  0.74942484E+002  0.11297034E+003  0.14888519E+003
 -0.71031753E+000 -0.54563347E+000 -0.29241908E+000 -0.99186132E-001 -0.45839476E-001  0.61990305E+000  0.11158808E+002  0.39909093E+002  0.74942461E+002  0.11297034E+003  0.14888512E+003
 -0.71031721E+000 -0.54563326E+000 -0.29241898E+000 -0.99186113E-001 -0.45838930E-001  0.61990875E+000  0.11158807E+002  0.39907694E+002  0.74942439E+002  0.11297034E+003  0.14888506E+003
 -0.71031687E+000 -0.54563304E+000 -0.29241886E+000 -0.99186090E-001 -0.45838419E-001  0.61991466E+000  0.11158806E+002  0.39906329E+002  0.74942417E+002  0.11297034E+003  0.14888499E+003
 -0.71031650E+000 -0.54563278E+000 -0.29241871E+000 -0.99186065E-001 -0.45837942E-001  0.61992072E+000  0.11158805E+002  0.39904996E+002  0.74942395E+002  0.11297033E+003  0.14888493E+003
 -0.71031611E+000 -0.54563251E+000 -0.29241854E+000 -0.99186037E-001 -0.45837496E-001  0.61992693E+000  0.11158805E+002  0.39903694E+002  0.74942373E+002  0.11297033E+003  0.14888486E+003
 -0.71031571E+000 -0.54563222E+000 -0.29241835E+000 -0.99186007E-001 -0.45837079E-001  0.61993325E+000  0.11158804E+002  0.39902421E+002  0.74942352E+002  0.11297033E+003  0.14888480E+003
 -0.71031529E+000 -0.54563191E+000 -0.29241814E+000 -0.99185974E-001 -0.45836690E-001  0.61993965E+000  0.11158804E+002  0.39901177E+002  0.74942330E+002  0.11297033E+003  0.14888473E+003
 -0.71031486E+000 -0.54563158E+000 -0.29241791E+000 -0.99185939E-001 -0.45836325E-001  0.61994611E+000  0.11158803E+002  0.39899961E+002  0.74942309E+002  0.11297032E+003  0.14888467E+003
 -0.71031442E+000 -0.54563125E+000 -0.29241766E+000 -0.99185903E-001 -0.45835983E-001  0.61995261E+000  0.11158803E+002  0.39898771E+002  0.74942288E+002  0.11297032E+003  0.14888461E+003
 -0.71031396E+000 -0.54563089E+000 -0.29241740E+000 -0.99185865E-001 -0.45835663E-001  0.61995912E+000  0.11158803E+002  0.39897606E+002  0.74942268E+002  0.11297032E+003  0.14888455E+003
 -0.71031350E+000 -0.54563053E+000 -0.29241713E+000 -0.99185825E-001 -0.45835363E-001  0.61996562E+000  0.11158803E+002  0.39896466E+002  0.74942247E+002  0.11297032E+003  0.14888448E+003
 -0.71031304E+000 -0.54563016E+000 -0.29241685E+000 -0.99185784E-001 -0.45835080E-001  0.61997210E+000  0.11158802E+002  0.39895349E+002  0.74942227E+002  0.11297032E+003  0.14888442E+003
 -0.71031257E+000 -0.54562978E+000 -0.29241655E+000 -0.99185741E-001 -0.45834815E-001  0.61997853E+000  0.11158802E+002  0.39894255E+002  0.74942206E+002  0.11297031E+003  0.14888436E+003
 -0.71031209E+000 -0.54562939E+000 -0.29241625E+000 -0.99185698E-001 -0.45834565E-001  0.61998491E+000  0.11158802E+002  0.39893183E+002  0.74942186E+002  0.11297031E+003  0.14888430E+003
 -0.71031162E+000 -0.54562900E+000 -0.29241593E+000 -0.99185653E-001 -0.45834328E-001  0.61999122E+000  0.11158802E+002  0.39892131E+002  0.74942166E+002  0.11297031E+003  0.14888423E+003
 -0.71031114E+000 -0.54562860E+000 -0.29241561E+000 -0.99185608E-001 -0.45834105E-001  0.61999745E+000  0.11158802E+002  0.39891100E+002  0.74942146E+002  0.11297031E+003  0.14888417E+003
 -0.71031067E+000 -0.54562820E+000 -0.29241529E+000 -0.99185562E-001 -0.45833893E-001  0.62000358E+000  0.11158802E+002  0.39890088E+002  0.74942127E+002  0.11297030E+003  0.14888411E+003
 -0.71031019E+000 -0.54562780E+000 -0.29241496E+000 -0.99185516E-001 -0.45833692E-001  0.62000961E+000  0.11158802E+002  0.39889095E+002  0.74942107E+002  0.11297030E+003  0.14888405E+003
 -0.71030973E+000 -0.54562740E+000 -0.29241463E+000 -0.99185470E-001 -0.45833501E-001  0.62001553E+000  0.11158802E+002  0.39888121E+002  0.74942088E+002  0.11297030E+003  0.14888398E+003
 -0.71030926E+000 -0.54562700E+000 -0.29241429E+000 -0.99185423E-001 -0.45833319E-001  0.62002133E+000  0.11158802E+002  0.39887164E+002  0.74942069E+002  0.11297030E+003  0.14888392E+003
 -0.71030880E+000 -0.54562660E+000 -0.29241395E+000 -0.99185376E-001 -0.45833145E-001  0.62002701E+000  0.11158802E+002  0.39886225E+002  0.74942050E+002  0.11297030E+003  0.14888386E+003
 -0.71030835E+000 -0.54562620E+000 -0.29241362E+000 -0.99185330E-001 -0.45832979E-001  0.62003256E+000  0.11158802E+002  0.39885304E+002  0.74942031E+002  0.11297029E+003  0.14888379E+003
 -0.71030790E+000 -0.54562580E+000 -0.29241328E+000 -0.99185283E-001 -0.45832819E-001  0.62003798E+000  0.11158802E+002  0.39884399E+002  0.74942012E+002  0.11297029E+003  0.14888373E+003
 -0.71030746E+000 -0.54562541E+000 -0.29241294E+000 -0.99185237E-001 -0.45832666E-001  0.62004326E+000  0.11158802E+002  0.39883511E+002  0.74941993E+002  0.11297029E+003  0.14888367E+003
 -0.71030702E+000 -0.54562502E+000 -0.29241261E+000 -0.99185191E-001 -0.45832519E-001  0.62004840E+000  0.11158803E+002  0.39882639E+002  0.74941975E+002  0.11297029E+003  0.14888360E+003
 -0.71030660E+000 -0.54562464E+000 -0.29241228E+000 -0.99185145E-001 -0.45832378E-001  0.62005340E+000  0.11158803E+002  0.39881783E+002  0.74941956E+002  0.11297028E+003  0.14888354E+003
 -0.71030618E+000 -0.54562427E+000 -0.29241195E+000 -0.99185100E-001 -0.45832242E-001  0.62005826E+000  0.11158803E+002  0.39880943E+002  0.74941938E+002  0.11297028E+003  0.14888348E+003
 -0.71030577E+000 -0.54562389E+000 -0.29241163E+000 -0.99185056E-001 -0.45832110E-001  0.62006298E+000  0.11158803E+002  0.39880119E+002  0.74941920E+002  0.11297028E+003  0.14888341E+003
 -0.71030537E+000 -0.54562353E+000 -0.29241131E+000 -0.99185012E-001 -0.45831983E-001  0.62006756E+000  0.11158803E+002  0.39879311E+002  0.74941902E+002  0.11297028E+003  0.14888335E+003
 -0.71030498E+000 -0.54562317E+000 -0.29241100E+000 -0.99184969E-001 -0.45831861E-001  0.62007200E+000  0.11158803E+002  0.39878518E+002  0.74941885E+002  0.11297027E+003  0.14888328E+003
 -0.71030461E+000 -0.54562282E+000 -0.29241069E+000 -0.99184926E-001 -0.45831742E-001  0.62007630E+000  0.11158803E+002  0.39877741E+002  0.74941867E+002  0.11297027E+003  0.14888322E+003
 -0.71030424E+000 -0.54562248E+000 -0.29241038E+000 -0.99184885E-001 -0.45831627E-001  0.62008046E+000  0.11158803E+002  0.39876979E+002  0.74941850E+002  0.11297027E+003  0.14888316E+003
 -0.71030388E+000 -0.54562215E+000 -0.29241009E+000 -0.99184844E-001 -0.45831516E-001  0.62008448E+000  0.11158803E+002  0.39876233E+002  0.74941833E+002  0.11297027E+003  0.14888309E+003
 -0.71030353E+000 -0.54562182E+000 -0.29240980E+000 -0.99184804E-001 -0.45831409E-001  0.62008837E+000  0.11158803E+002  0.39875502E+002  0.74941816E+002  0.11297027E+003  0.14888303E+003
 -0.71030319E+000 -0.54562150E+000 -0.29240951E+000 -0.99184765E-001 -0.45831305E-001  0.62009212E+000  0.11158804E+002  0.39874786E+002  0.74941799E+002  0.11297026E+003  0.14888296E+003
 -0.71030286E+000 -0.54562120E+000 -0.29240924E+000 -0.99184727E-001 -0.45831205E-001  0.62009574E+000  0.11158804E+002  0.39874086E+002  0.74941782E+002  0.11297026E+003  0.14888290E+003
 -0.71030254E+000 -0.54562089E+000 -0.29240897E+000 -0.99184690E-001 -0.45831107E-001  0.62009924E+000  0.11158804E+002  0.39873400E+002  0.74941766E+002  0.11297026E+003  0.14888284E+003
 -0.71030223E+000 -0.54562060E+000 -0.29240870E+000 -0.99184654E-001 -0.45831013E-001  0.62010261E+000  0.11158804E+002  0.39872730E+002  0.74941750E+002  0.11297026E+003  0.14888277E+003
 -0.71030193E+000 -0.54562032E+000 -0.29240845E+000 -0.99184619E-001 -0.45830922E-001  0.62010585E+000  0.11158804E+002  0.39872075E+002  0.74941734E+002  0.11297025E+003  0.14888271E+003
 -0.71030164E+000 -0.54562005E+000 -0.29240820E+000 -0.99184585E-001 -0.45830834E-001  0.62010898E+000  0.11158804E+002  0.39871435E+002  0.74941718E+002  0.11297025E+003  0.14888265E+003
 -0.71030136E+000 -0.54561978E+000 -0.29240796E+000 -0.99184552E-001 -0.45830748E-001  0.62011198E+000  0.11158804E+002  0.39870809E+002  0.74941703E+002  0.11297025E+003  0.14888258E+003
 -0.71030110E+000 -0.54561952E+000 -0.29240772E+000 -0.99184521E-001 -0.45830666E-001  0.62011487E+000  0.11158804E+002  0.39870199E+002  0.74941688E+002  0.11297025E+003  0.14888252E+003
 -0.71030084E+000 -0.54561928E+000 -0.29240750E+000 -0.99184490E-001 -0.45830586E-001  0.62011765E+000  0.11158804E+002  0.39869603E+002  0.74941673E+002  0.11297025E+003  0.14888246E+003
 -0.71030059E+000 -0.54561904E+000 -0.29240728E+000 -0.99184460E-001 -0.45830509E-001  0.62012032E+000  0.11158804E+002  0.39869022E+002  0.74941658E+002  0.11297024E+003  0.14888240E+003
 -0.71030035E+000 -0.54561880E+000 -0.29240707E+000 -0.99184431E-001 -0.45830435E-001  0.62012289E+000  0.11158804E+002  0.39868455E+002  0.74941644E+002  0.11297024E+003  0.14888233E+003
 -0.71030011E+000 -0.54561858E+000 -0.29240687E+000 -0.99184403E-001 -0.45830363E-001  0.62012535E+000  0.11158804E+002  0.39867902E+002  0.74941629E+002  0.11297024E+003  0.14888227E+003
 -0.71029989E+000 -0.54561837E+000 -0.29240667E+000 -0.99184376E-001 -0.45830294E-001  0.62012771E+000  0.11158804E+002  0.39867364E+002  0.74941615E+002  0.11297024E+003  0.14888221E+003
 -0.71029968E+000 -0.54561816E+000 -0.29240648E+000 -0.99184350E-001 -0.45830227E-001  0.62012997E+000  0.11158804E+002  0.39866840E+002  0.74941602E+002  0.11297023E+003  0.14888215E+003
 -0.71029947E+000 -0.54561796E+000 -0.29240630E+000 -0.99184325E-001 -0.45830162E-001  0.62013214E+000  0.11158804E+002  0.39866329E+002  0.74941588E+002  0.11297023E+003  0.14888209E+003
 -0.71029927E+000 -0.54561777E+000 -0.29240612E+000 -0.99184301E-001 -0.45830100E-001  0.62013422E+000  0.11158805E+002  0.39865833E+002  0.74941575E+002  0.11297023E+003  0.14888203E+003
 -0.71029908E+000 -0.54561759E+000 -0.29240596E+000 -0.99184278E-001 -0.45830040E-001  0.62013621E+000  0.11158805E+002  0.39865350E+002  0.74941562E+002  0.11297023E+003  0.14888197E+003
 -0.71029890E+000 -0.54561741E+000 -0.29240579E+000 -0.99184256E-001 -0.45829983E-001  0.62013812E+000  0.11158805E+002  0.39864880E+002  0.74941549E+002  0.11297023E+003  0.14888191E+003
 -0.71029873E+000 -0.54561724E+000 -0.29240564E+000 -0.99184234E-001 -0.45829927E-001  0.62013994E+000  0.11158805E+002  0.39864423E+002  0.74941537E+002  0.11297022E+003  0.14888185E+003
 -0.71029856E+000 -0.54561708E+000 -0.29240549E+000 -0.99184214E-001 -0.45829874E-001  0.62014169E+000  0.11158805E+002  0.39863979E+002  0.74941525E+002  0.11297022E+003  0.14888180E+003
 -0.71029840E+000 -0.54561693E+000 -0.29240535E+000 -0.99184194E-001 -0.45829823E-001  0.62014335E+000  0.11158805E+002  0.39863548E+002  0.74941513E+002  0.11297022E+003  0.14888174E+003
 -0.71029825E+000 -0.54561678E+000 -0.29240521E+000 -0.99184176E-001 -0.45829774E-001  0.62014495E+000  0.11158805E+002  0.39863130E+002  0.74941501E+002  0.11297022E+003  0.14888168E+003
 -0.71029810E+000 -0.54561664E+000 -0.29240508E+000 -0.99184158E-001 -0.45829726E-001  0.62014647E+000  0.11158805E+002  0.39862724E+002  0.74941490E+002  0.11297022E+003  0.14888162E+003
 -0.71029796E+000 -0.54561650E+000 -0.29240495E+000 -0.99184140E-001 -0.45829681E-001  0.62014792E+000  0.11158805E+002  0.39862330E+002  0.74941479E+002  0.11297021E+003  0.14888157E+003
 -0.71029783E+000 -0.54561637E+000 -0.29240484E+000 -0.99184124E-001 -0.45829637E-001  0.62014931E+000  0.11158805E+002  0.39861948E+002  0.74941468E+002  0.11297021E+003  0.14888151E+003
 -0.71029770E+000 -0.54561625E+000 -0.29240472E+000 -0.99184108E-001 -0.45829595E-001  0.62015064E+000  0.11158805E+002  0.39861578E+002  0.74941457E+002  0.11297021E+003  0.14888146E+003
 -0.71029758E+000 -0.54561613E+000 -0.29240461E+000 -0.99184093E-001 -0.45829555E-001  0.62015190E+000  0.11158805E+002  0.39861219E+002  0.74941447E+002  0.11297021E+003  0.14888140E+003
 -0.71029747E+000 -0.54561601E+000 -0.29240451E+000 -0.99184079E-001 -0.45829516E-001  0.62015311E+000  0.11158805E+002  0.39860871E+002  0.74941437E+002  0.11297021E+003  0.14888135E+003
 -0.71029735E+000 -0.54561591E+000 -0.29240441E+000 -0.99184065E-001 -0.45829479E-001  0.62015426E+000  0.11158805E+002  0.39860534E+002  0.74941427E+002  0.11297021E+003  0.14888130E+003
 -0.71029725E+000 -0.54561580E+000 -0.29240431E+000 -0.99184052E-001 -0.45829443E-001  0.62015535E+000  0.11158805E+002  0.39860208E+002  0.74941418E+002  0.11297020E+003  0.14888124E+003
 -0.71029715E+000 -0.54561571E+000 -0.29240422E+000 -0.99184040E-001 -0.45829409E-001  0.62015639E+000  0.11158805E+002  0.39859893E+002  0.74941408E+002  0.11297020E+003  0.14888119E+003
 -0.71029705E+000 -0.54561561E+000 -0.29240414E+000 -0.99184028E-001 -0.45829377E-001  0.62015739E+000  0.11158805E+002  0.39859587E+002  0.74941399E+002  0.11297020E+003  0.14888114E+003
 -0.71029696E+000 -0.54561552E+000 -0.29240405E+000 -0.99184017E-001 -0.45829345E-001  0.62015834E+000  0.11158805E+002  0.39859292E+002  0.74941390E+002  0.11297020E+003  0.14888109E+003
 -0.71029687E+000 -0.54561544E+000 -0.29240398E+000 -0.99184006E-001 -0.45829315E-001  0.62015924E+000  0.11158805E+002  0.39859007E+002  0.74941382E+002  0.11297020E+003  0.14888104E+003
 -0.71029679E+000 -0.54561536E+000 -0.29240390E+000 -0.99183996E-001 -0.45829287E-001  0.62016010E+000  0.11158805E+002  0.39858731E+002  0.74941373E+002  0.11297020E+003  0.14888099E+003
 -0.71029671E+000 -0.54561528E+000 -0.29240383E+000 -0.99183986E-001 -0.45829259E-001  0.62016091E+000  0.11158805E+002  0.39858464E+002  0.74941365E+002  0.11297019E+003  0.14888094E+003
 -0.71029664E+000 -0.54561521E+000 -0.29240376E+000 -0.99183977E-001 -0.45829233E-001  0.62016169E+000  0.11158805E+002  0.39858207E+002  0.74941357E+002  0.11297019E+003  0.14888089E+003
 -0.71029657E+000 -0.54561514E+000 -0.29240370E+000 -0.99183968E-001 -0.45829207E-001  0.62016243E+000  0.11158805E+002  0.39857958E+002  0.74941350E+002  0.11297019E+003  0.14888085E+003
 -0.71029650E+000 -0.54561507E+000 -0.29240364E+000 -0.99183959E-001 -0.45829183E-001  0.62016313E+000  0.11158805E+002  0.39857718E+002  0.74941342E+002  0.11297019E+003  0.14888080E+003
 -0.71029643E+000 -0.54561501E+000 -0.29240358E+000 -0.99183951E-001 -0.45829160E-001  0.62016380E+000  0.11158805E+002  0.39857486E+002  0.74941335E+002  0.11297019E+003  0.14888075E+003
 -0.71029637E+000 -0.54561495E+000 -0.29240353E+000 -0.99183944E-001 -0.45829138E-001  0.62016444E+000  0.11158805E+002  0.39857263E+002  0.74941328E+002  0.11297019E+003  0.14888071E+003
 -0.71029631E+000 -0.54561489E+000 -0.29240347E+000 -0.99183936E-001 -0.45829116E-001  0.62016505E+000  0.11158805E+002  0.39857047E+002  0.74941321E+002  0.11297019E+003  0.14888066E+003
 -0.71029626E+000 -0.54561484E+000 -0.29240342E+000 -0.99183930E-001 -0.45829096E-001  0.62016562E+000  0.11158805E+002  0.39856839E+002  0.74941314E+002  0.11297018E+003  0.14888062E+003
 -0.71029621E+000 -0.54561479E+000 -0.29240338E+000 -0.99183923E-001 -0.45829076E-001  0.62016617E+000  0.11158805E+002  0.39856639E+002  0.74941308E+002  0.11297018E+003  0.14888058E+003
 -0.71029616E+000 -0.54561474E+000 -0.29240333E+000 -0.99183917E-001 -0.45829058E-001  0.62016669E+000  0.11158805E+002  0.39856446E+002  0.74941302E+002  0.11297018E+003  0.14888053E+003
 -0.71029611E+000 -0.54561469E+000 -0.29240329E+000 -0.99183911E-001 -0.45829040E-001  0.62016719E+000  0.11158805E+002  0.39856260E+002  0.74941296E+002  0.11297018E+003  0.14888049E+003
 -0.71029606E+000 -0.54561465E+000 -0.29240325E+000 -0.99183905E-001 -0.45829022E-001  0.62016766E+000  0.11158805E+002  0.39856081E+002  0.74941290E+002  0.11297018E+003  0.14888045E+003
 -0.71029602E+000 -0.54561461E+000 -0.29240321E+000 -0.99183900E-001 -0.45829006E-001  0.62016810E+000  0.11158804E+002  0.39855909E+002  0.74941284E+002  0.11297018E+003  0.14888041E+003
 -0.71029598E+000 -0.54561457E+000 -0.29240317E+000 -0.99183895E-001 -0.45828990E-001  0.62016853E+000  0.11158804E+002  0.39855743E+002  0.74941279E+002  0.11297018E+003  0.14888037E+003
 -0.71029594E+000 -0.54561453E+000 -0.29240314E+000 -0.99183890E-001 -0.45828975E-001  0.62016893E+000  0.11158804E+002  0.39855583E+002  0.74941274E+002  0.11297018E+003  0.14888033E+003
 -0.71029590E+000 -0.54561449E+000 -0.29240311E+000 -0.99183886E-001 -0.45828961E-001  0.62016932E+000  0.11158804E+002  0.39855429E+002  0.74941269E+002  0.11297017E+003  0.14888030E+003
 -0.71029587E+000 -0.54561446E+000 -0.29240308E+000 -0.99183881E-001 -0.45828947E-001  0.62016968E+000  0.11158804E+002  0.39855281E+002  0.74941264E+002  0.11297017E+003  0.14888026E+003
 -0.71029584E+000 -0.54561443E+000 -0.29240305E+000 -0.99183877E-001 -0.45828933E-001  0.62017003E+000  0.11158804E+002  0.39855139E+002  0.74941259E+002  0.11297017E+003  0.14888022E+003
 -0.71029580E+000 -0.54561440E+000 -0.29240302E+000 -0.99183873E-001 -0.45828920E-001  0.62017036E+000  0.11158804E+002  0.39855002E+002  0.74941254E+002  0.11297017E+003  0.14888019E+003
 -0.71029577E+000 -0.54561437E+000 -0.29240299E+000 -0.99183870E-001 -0.45828908E-001  0.62017068E+000  0.11158804E+002  0.39854871E+002  0.74941250E+002  0.11297017E+003  0.14888015E+003
 -0.71029575E+000 -0.54561434E+000 -0.29240297E+000 -0.99183866E-001 -0.45828896E-001  0.62017098E+000  0.11158804E+002  0.39854745E+002  0.74941246E+002  0.11297017E+003  0.14888012E+003
 -0.71029572E+000 -0.54561431E+000 -0.29240294E+000 -0.99183863E-001 -0.45828885E-001  0.62017126E+000  0.11158804E+002  0.39854624E+002  0.74941241E+002  0.11297017E+003  0.14888008E+003
 -0.71029569E+000 -0.54561429E+000 -0.29240292E+000 -0.99183860E-001 -0.45828874E-001  0.62017154E+000  0.11158804E+002  0.39854507E+002  0.74941237E+002  0.11297017E+003  0.14888005E+003
 -0.71029567E+000 -0.54561427E+000 -0.29240290E+000 -0.99183857E-001 -0.45828864E-001  0.62017179E+000  0.11158804E+002  0.39854395E+002  0.74941234E+002  0.11297017E+003  0.14888002E+003
 -0.71029564E+000 -0.54561424E+000 -0.29240288E+000 -0.99183854E-001 -0.45828854E-001  0.62017204E+000  0.11158804E+002  0.39854288E+002  0.74941230E+002  0.11297017E+003  0.14887999E+003
 -0.71029562E+000 -0.54561422E+000 -0.29240286E+000 -0.99183851E-001 -0.45828844E-001  0.62017227E+000  0.11158804E+002  0.39854185E+002  0.74941226E+002  0.11297016E+003  0.14887996E+003
 -0.71029560E+000 -0.54561420E+000 -0.29240284E+000 -0.99183848E-001 -0.45828835E-001  0.62017250E+000  0.11158804E+002  0.39854086E+002  0.74941223E+002  0.11297016E+003  0.14887993E+003
 -0.71029558E+000 -0.54561418E+000 -0.29240282E+000 -0.99183846E-001 -0.45828826E-001  0.62017271E+000  0.11158804E+002  0.39853991E+002  0.74941219E+002  0.11297016E+003  0.14887990E+003
 -0.71029556E+000 -0.54561416E+000 -0.29240280E+000 -0.99183844E-001 -0.45828817E-001  0.62017291E+000  0.11158804E+002  0.39853901E+002  0.74941216E+002  0.11297016E+003  0.14887987E+003
 -0.71029554E+000 -0.54561414E+000 -0.29240279E+000 -0.99183841E-001 -0.45828809E-001  0.62017311E+000  0.11158804E+002  0.39853813E+002  0.74941213E+002  0.11297016E+003  0.14887984E+003
 -0.71029552E+000 -0.54561413E+000 -0.29240277E+000 -0.99183839E-001 -0.45828801E-001  0.62017329E+000  0.11158804E+002  0.39853730E+002  0.74941210E+002  0.11297016E+003  0.14887981E+003
 -0.71029551E+000 -0.54561411E+000 -0.29240276E+000 -0.99183837E-001 -0.45828793E-001  0.62017347E+000  0.11158804E+002  0.39853650E+002  0.74941207E+002  0.11297016E+003  0.14887979E+003
 -0.71029549E+000 -0.54561410E+000 -0.29240274E+000 -0.99183835E-001 -0.45828785E-001  0.62017364E+000  0.11158804E+002  0.39853573E+002  0.74941205E+002  0.11297016E+003  0.14887976E+003
 -0.71029548E+000 -0.54561408E+000 -0.29240273E+000 -0.99183833E-001 -0.45828778E-001  0.62017380E+000  0.11158804E+002  0.39853500E+002  0.74941202E+002  0.11297016E+003  0.14887974E+003
 -0.71029546E+000 -0.54561407E+000 -0.29240272E+000 -0.99183832E-001 -0.45828771E-001  0.62017396E+000  0.11158804E+002  0.39853429E+002  0.74941199E+002  0.11297016E+003  0.14887971E+003
 -0.71029545E+000 -0.54561405E+000 -0.29240270E+000 -0.99183830E-001 -0.45828764E-001  0.62017410E+000  0.11158804E+002  0.39853362E+002  0.74941197E+002  0.11297016E+003  0.14887969E+003
 -0.71029543E+000 -0.54561404E+000 -0.29240269E+000 -0.99183828E-001 -0.45828757E-001  0.62017425E+000  0.11158804E+002  0.39853298E+002  0.74941195E+002  0.11297016E+003  0.14887967E+003
 -0.71029542E+000 -0.54561403E+000 -0.29240268E+000 -0.99183827E-001 -0.45828751E-001  0.62017438E+000  0.11158804E+002  0.39853236E+002  0.74941192E+002  0.11297016E+003  0.14887964E+003
 -0.71029541E+000 -0.54561402E+000 -0.29240267E+000 -0.99183825E-001 -0.45828744E-001  0.62017451E+000  0.11158804E+002  0.39853177E+002  0.74941190E+002  0.11297016E+003  0.14887962E+003
 -0.71029540E+000 -0.54561401E+000 -0.29240266E+000 -0.99183824E-001 -0.45828738E-001  0.62017464E+000  0.11158804E+002  0.39853121E+002  0.74941188E+002  0.11297016E+003  0.14887960E+003
 -0.71029539E+000 -0.54561400E+000 -0.29240265E+000 -0.99183822E-001 -0.45828731E-001  0.62017476E+000  0.11158804E+002  0.39853067E+002  0.74941186E+002  0.11297015E+003  0.14887958E+003
 -0.71029538E+000 -0.54561398E+000 -0.29240264E+000 -0.99183821E-001 -0.45828724E-001  0.62017488E+000  0.11158804E+002  0.39853015E+002  0.74941184E+002  0.11297015E+003  0.14887956E+003
 -0.71029536E+000 -0.54561397E+000 -0.29240263E+000 -0.99183820E-001 -0.45828718E-001  0.62017500E+000  0.11158804E+002  0.39852966E+002  0.74941182E+002  0.11297015E+003  0.14887954E+003
 -0.71029535E+000 -0.54561396E+000 -0.29240262E+000 -0.99183818E-001 -0.45828711E-001  0.62017511E+000  0.11158804E+002  0.39852919E+002  0.74941181E+002  0.11297015E+003  0.14887952E+003
 -0.71029534E+000 -0.54561395E+000 -0.29240261E+000 -0.99183817E-001 -0.45828704E-001  0.62017522E+000  0.11158804E+002  0.39852874E+002  0.74941179E+002  0.11297015E+003  0.14887950E+003
 -0.71029533E+000 -0.54561394E+000 -0.29240260E+000 -0.99183816E-001 -0.45828697E-001  0.62017533E+000  0.11158804E+002  0.39852831E+002  0.74941177E+002  0.11297015E+003  0.14887948E+003
 -0.71029532E+000 -0.54561393E+000 -0.29240259E+000 -0.99183815E-001 -0.45828690E-001  0.62017544E+000  0.11158804E+002  0.39852791E+002  0.74941176E+002  0.11297015E+003  0.14887947E+003
 -0.71029531E+000 -0.54561392E+000 -0.29240258E+000 -0.99183813E-001 -0.45828682E-001  0.62017555E+000  0.11158804E+002  0.39852752E+002  0.74941174E+002  0.11297015E+003  0.14887945E+003
 -0.71029530E+000 -0.54561391E+000 -0.29240257E+000 -0.99183812E-001 -0.45828674E-001  0.62017565E+000  0.11158804E+002  0.39852715E+002  0.74941173E+002  0.11297015E+003  0.14887943E+003
 -0.71029529E+000 -0.54561390E+000 -0.29240256E+000 -0.99183810E-001 -0.45828664E-001  0.62017577E+000  0.11158804E+002  0.39852680E+002  0.74941171E+002  0.11297015E+003  0.14887942E+003
 -0.71029527E+000 -0.54561388E+000 -0.29240254E+000 -0.99183808E-001 -0.45828655E-001  0.62017588E+000  0.11158804E+002  0.39852646E+002  0.74941170E+002  0.11297015E+003  0.14887940E+003
