  0.30466823E+000  0.32531251E+000  0.40866729E+000  0.51609469E+000  0.65370415E+000  0.95867281E+000  0.14126882E+001  0.22635163E+001  0.30473646E+001  0.44122964E+001  0.53770347E+001
  0.30466826E+000  0.32531254E+000  0.40866730E+000  0.51610489E+000  0.65370638E+000  0.95863747E+000  0.14127310E+001  0.22635535E+001  0.30473644E+001  0.44123913E+001  0.53768045E+001
  0.30466828E+000  0.32531256E+000  0.40866731E+000  0.51611381E+000  0.65370821E+000  0.95863072E+000  0.14128558E+001  0.22652159E+001  0.30474260E+001  0.44124257E+001  0.53766191E+001
  0.30466829E+000  0.32531258E+000  0.40866732E+000  0.51612145E+000  0.65370975E+000  0.95865675E+000  0.14128672E+001  0.22662108E+001  0.30475694E+001  0.44124330E+001  0.53764723E+001
  0.30466830E+000  0.32531259E+000  0.40866733E+000  0.51612798E+000  0.65371104E+000  0.95867916E+000  0.14129874E+001  0.22661876E+001  0.30476077E+001  0.44124747E+001  0.53763506E+001
  0.30466831E+000  0.32531261E+000  0.40866733E+000  0.51613355E+000  0.65371212E+000  0.95869840E+000  0.14130334E+001  0.22661715E+001  0.30476296E+001  0.44125462E+001  0.53762643E+001
  0.30466832E+000  0.32531262E+000  0.40866734E+000  0.51613829E+000  0.65371304E+000  0.95871485E+000  0.14130459E+001  0.22666121E+001  0.30476134E+001  0.44125400E+001  0.53761692E+001
  0.30466833E+000  0.32531263E+000  0.40866734E+000  0.51614233E+000  0.65371381E+000  0.95897411E+000  0.14130904E+001  0.22666666E+001  0.30476169E+001  0.44125376E+001  0.53760277E+001
  0.30466833E+000  0.32531264E+000  0.40866734E+000  0.51614576E+000  0.65371447E+000  0.95897524E+000  0.14130903E+001  0.22667163E+001  0.30476370E+001  0.44125376E+001  0.53759739E+001
  0.30466834E+000  0.32531265E+000  0.40866735E+000  0.51614867E+000  0.65371503E+000  0.95897630E+000  0.14130906E+001  0.22667608E+001  0.30476556E+001  0.44125389E+001  0.53759283E+001
  0.30466834E+000  0.32531265E+000  0.40866735E+000  0.51615111E+000  0.65371550E+000  0.95897723E+000  0.14130910E+001  0.22668001E+001  0.30476714E+001  0.44125463E+001  0.53759562E+001
  0.30466834E+000  0.32531266E+000  0.40866735E+000  0.51615316E+000  0.65370081E+000  0.95897801E+000  0.14130915E+001  0.22674142E+001  0.30476848E+001  0.44125558E+001  0.53759211E+001
  0.30466834E+000  0.32531267E+000  0.40866735E+000  0.51615486E+000  0.65370107E+000  0.95897861E+000  0.14130991E+001  0.22674211E+001  0.30476960E+001  0.44125640E+001  0.53758911E+001
  0.30466835E+000  0.32531267E+000  0.40866735E+000  0.51615625E+000  0.65370128E+000  0.95897903E+000  0.14131056E+001  0.22674252E+001  0.30477055E+001  0.44125710E+001  0.53758655E+001
  0.30466835E+000  0.32531268E+000  0.40866735E+000  0.51615737E+000  0.65370146E+000  0.95897928E+000  0.14131110E+001  0.22674274E+001  0.30477134E+001  0.44126859E+001  0.53756183E+001
  0.30466835E+000  0.32531268E+000  0.40866735E+000  0.51615824E+000  0.65370161E+000  0.95897936E+000  0.14131154E+001  0.22674282E+001  0.30477199E+001  0.44126838E+001  0.53755925E+001
  0.30466835E+000  0.32531269E+000  0.40866735E+000  0.51615890E+000  0.65370174E+000  0.95897929E+000  0.14131191E+001  0.22674281E+001  0.30477252E+001  0.44126820E+001  0.53755705E+001
  0.30466835E+000  0.32531269E+000  0.40866735E+000  0.51615938E+000  0.65370184E+000  0.95897908E+000  0.14131220E+001  0.22674273E+001  0.30477294E+001  0.44126804E+001  0.53755519E+001
  0.30466835E+000  0.32531269E+000  0.40866735E+000  0.51615969E+000  0.65370192E+000  0.95897874E+000  0.14131243E+001  0.22674260E+001  0.30477327E+001  0.44126790E+001  0.53755362E+001
  0.30466835E+000  0.32531270E+000  0.40866735E+000  0.51615985E+000  0.65370198E+000  0.95897828E+000  0.14131261E+001  0.22674244E+001  0.30477352E+001  0.44126776E+001  0.53755231E+001
  0.30466835E+000  0.32531270E+000  0.40866735E+000  0.51615989E+000  0.65370203E+000  0.95897772E+000  0.14131273E+001  0.22674226E+001  0.30477369E+001  0.44126762E+001  0.53755123E+001
  0.30466835E+000  0.32531270E+000  0.40866735E+000  0.51615982E+000  0.65370207E+000  0.95897707E+000  0.14131280E+001  0.22674207E+001  0.30477381E+001  0.44126748E+001  0.53755034E+001
  0.30466835E+000  0.32531271E+000  0.40866735E+000  0.51615964E+000  0.65370209E+000  0.95897634E+000  0.14131284E+001  0.22674187E+001  0.30477386E+001  0.44126734E+001  0.53754963E+001
  0.30466835E+000  0.32531271E+000  0.40866735E+000  0.51615938E+000  0.65370210E+000  0.95897553E+000  0.14131284E+001  0.22674168E+001  0.30477387E+001  0.44126720E+001  0.53754908E+001
  0.30466835E+000  0.32531271E+000  0.40866735E+000  0.51615904E+000  0.65370211E+000  0.95897466E+000  0.14131281E+001  0.22674148E+001  0.30477383E+001  0.44126706E+001  0.53754878E+001
  0.30466834E+000  0.32531271E+000  0.40866735E+000  0.51615863E+000  0.65370210E+000  0.95897373E+000  0.14131276E+001  0.22674129E+001  0.30477376E+001  0.44126692E+001  0.53754857E+001
  0.30466834E+000  0.32531272E+000  0.40866735E+000  0.51615817E+000  0.65370209E+000  0.95897276E+000  0.14131267E+001  0.22674110E+001  0.30477365E+001  0.44126677E+001  0.53754843E+001
  0.30466834E+000  0.32531272E+000  0.40866735E+000  0.51615765E+000  0.65370207E+000  0.95897174E+000  0.14131257E+001  0.22674091E+001  0.30477350E+001  0.44126661E+001  0.53754835E+001
  0.30466834E+000  0.32531272E+000  0.40866734E+000  0.51615709E+000  0.65370205E+000  0.95897070E+000  0.14131245E+001  0.22674073E+001  0.30477333E+001  0.44126646E+001  0.53754832E+001
  0.30466834E+000  0.32531272E+000  0.40866734E+000  0.51615651E+000  0.65370202E+000  0.95896963E+000  0.14131231E+001  0.22674056E+001  0.30477315E+001  0.44126631E+001  0.53754834E+001
  0.30466834E+000  0.32531272E+000  0.40866734E+000  0.51615590E+000  0.65370198E+000  0.95896854E+000  0.14131216E+001  0.22674039E+001  0.30477294E+001  0.44126616E+001  0.53754840E+001
  0.30466834E+000  0.32531272E+000  0.40866734E+000  0.51615527E+000  0.65370195E+000  0.95896743E+000  0.14131200E+001  0.22674022E+001  0.30477272E+001  0.44126602E+001  0.53754849E+001
  0.30466834E+000  0.32531272E+000  0.40866734E+000  0.51615462E+000  0.65370191E+000  0.95896631E+000  0.14131183E+001  0.22674005E+001  0.30477249E+001  0.44126588E+001  0.53754860E+001
  0.30466834E+000  0.32531273E+000  0.40866734E+000  0.51615397E+000  0.65370187E+000  0.95896519E+000  0.14131165E+001  0.22673988E+001  0.30477225E+001  0.44126574E+001  0.53754883E+001
  0.30466834E+000  0.32531273E+000  0.40866734E+000  0.51615331E+000  0.65370183E+000  0.95896405E+000  0.14131146E+001  0.22673972E+001  0.30477200E+001  0.44126560E+001  0.53754910E+001
  0.30466833E+000  0.32531273E+000  0.40866734E+000  0.51615264E+000  0.65370178E+000  0.95896291E+000  0.14131127E+001  0.22673955E+001  0.30477175E+001  0.44126546E+001  0.53754939E+001
  0.30466833E+000  0.32531273E+000  0.40866734E+000  0.51615197E+000  0.65370174E+000  0.95896177E+000  0.14131108E+001  0.22673939E+001  0.30477150E+001  0.44126533E+001  0.53754970E+001
  0.30466833E+000  0.32531273E+000  0.40866733E+000  0.51615130E+000  0.65370169E+000  0.95896063E+000  0.14131089E+001  0.22673922E+001  0.30477124E+001  0.44126520E+001  0.53755001E+001
  0.30466833E+000  0.32531273E+000  0.40866733E+000  0.51615063E+000  0.65370165E+000  0.95895948E+000  0.14131069E+001  0.22673906E+001  0.30477098E+001  0.44126507E+001  0.53755034E+001
  0.30466833E+000  0.32531273E+000  0.40866733E+000  0.51614997E+000  0.65370160E+000  0.95895834E+000  0.14131049E+001  0.22673889E+001  0.30477072E+001  0.44126494E+001  0.53755066E+001
  0.30466833E+000  0.32531273E+000  0.40866733E+000  0.51614931E+000  0.65370156E+000  0.95895720E+000  0.14131030E+001  0.22673872E+001  0.30477046E+001  0.44126482E+001  0.53755099E+001
  0.30466833E+000  0.32531273E+000  0.40866733E+000  0.51614865E+000  0.65370151E+000  0.95895606E+000  0.14131010E+001  0.22673856E+001  0.30477020E+001  0.44126470E+001  0.53755132E+001
  0.30466833E+000  0.32531273E+000  0.40866733E+000  0.51614801E+000  0.65370147E+000  0.95895492E+000  0.14130990E+001  0.22673839E+001  0.30476995E+001  0.44126458E+001  0.53755164E+001
  0.30466832E+000  0.32531273E+000  0.40866733E+000  0.51614737E+000  0.65370143E+000  0.95895379E+000  0.14130971E+001  0.22673822E+001  0.30476969E+001  0.44126446E+001  0.53755196E+001
  0.30466832E+000  0.32531273E+000  0.40866732E+000  0.51614673E+000  0.65370138E+000  0.95895267E+000  0.14130951E+001  0.22673576E+001  0.30476944E+001  0.44126434E+001  0.53755228E+001
  0.30466832E+000  0.32531272E+000  0.40866732E+000  0.51614611E+000  0.65370134E+000  0.95895155E+000  0.14130932E+001  0.22673184E+001  0.30476919E+001  0.44126423E+001  0.53755259E+001
  0.30466832E+000  0.32531272E+000  0.40866732E+000  0.51614549E+000  0.65370130E+000  0.95895044E+000  0.14130913E+001  0.22667654E+001  0.30476895E+001  0.44126412E+001  0.53755290E+001
  0.30466832E+000  0.32531272E+000  0.40866732E+000  0.51614488E+000  0.65370126E+000  0.95894933E+000  0.14130894E+001  0.22667605E+001  0.30476870E+001  0.44126401E+001  0.53755319E+001
  0.30466832E+000  0.32531272E+000  0.40866732E+000  0.51614428E+000  0.65370121E+000  0.95894824E+000  0.14130876E+001  0.22667556E+001  0.30476846E+001  0.44126390E+001  0.53755349E+001
  0.30466832E+000  0.32531272E+000  0.40866732E+000  0.51614369E+000  0.65370117E+000  0.95894715E+000  0.14130858E+001  0.22667509E+001  0.30476822E+001  0.44126379E+001  0.53755378E+001
  0.30466831E+000  0.32531272E+000  0.40866732E+000  0.51614311E+000  0.65370113E+000  0.95894607E+000  0.14130839E+001  0.22667462E+001  0.30476799E+001  0.44126369E+001  0.53755406E+001
  0.30466831E+000  0.32531271E+000  0.40866732E+000  0.51614254E+000  0.65370109E+000  0.95894501E+000  0.14130822E+001  0.22667416E+001  0.30476776E+001  0.44126359E+001  0.53755433E+001
  0.30466831E+000  0.32531271E+000  0.40866731E+000  0.51614198E+000  0.65370106E+000  0.95894396E+000  0.14130804E+001  0.22667370E+001  0.30476753E+001  0.44126349E+001  0.53755460E+001
  0.30466831E+000  0.32531271E+000  0.40866731E+000  0.51614143E+000  0.65370102E+000  0.95894293E+000  0.14130787E+001  0.22667326E+001  0.30476731E+001  0.44126339E+001  0.53755486E+001
  0.30466831E+000  0.32531270E+000  0.40866731E+000  0.51614090E+000  0.65370098E+000  0.95894191E+000  0.14130770E+001  0.22667283E+001  0.30476709E+001  0.44126329E+001  0.53755512E+001
  0.30466830E+000  0.32531270E+000  0.40866731E+000  0.51614037E+000  0.65370095E+000  0.95894090E+000  0.14130753E+001  0.22667240E+001  0.30476688E+001  0.44126320E+001  0.53755537E+001
  0.30466830E+000  0.32531270E+000  0.40866731E+000  0.51613986E+000  0.65370091E+000  0.95893992E+000  0.14130737E+001  0.22667199E+001  0.30476667E+001  0.44126311E+001  0.53755561E+001
  0.30466830E+000  0.32531269E+000  0.40866731E+000  0.51613937E+000  0.65370088E+000  0.95893896E+000  0.14130721E+001  0.22667158E+001  0.30476646E+001  0.44126302E+001  0.53755585E+001
  0.30466830E+000  0.32531269E+000  0.40866730E+000  0.51613888E+000  0.65370084E+000  0.95893801E+000  0.14130705E+001  0.22667119E+001  0.30476626E+001  0.44126294E+001  0.53755608E+001
  0.30466829E+000  0.32531269E+000  0.40866730E+000  0.51613842E+000  0.65370081E+000  0.95893709E+000  0.14130690E+001  0.22667081E+001  0.30476606E+001  0.44126286E+001  0.53755630E+001
  0.30466829E+000  0.32531268E+000  0.40866730E+000  0.51613796E+000  0.65370078E+000  0.95893619E+000  0.14130675E+001  0.22667043E+001  0.30476587E+001  0.44126278E+001  0.53755651E+001
  0.30466829E+000  0.32531268E+000  0.40866730E+000  0.51613753E+000  0.65370075E+000  0.95893532E+000  0.14130661E+001  0.22667008E+001  0.30476569E+001  0.44126270E+001  0.53755672E+001
  0.30466829E+000  0.32531267E+000  0.40866730E+000  0.51613711E+000  0.65370072E+000  0.95893447E+000  0.14130647E+001  0.22666973E+001  0.30476551E+001  0.44126263E+001  0.53755691E+001
  0.30466828E+000  0.32531267E+000  0.40866730E+000  0.51613670E+000  0.65370069E+000  0.95893365E+000  0.14130634E+001  0.22666939E+001  0.30476534E+001  0.44126256E+001  0.53755710E+001
  0.30466828E+000  0.32531266E+000  0.40866730E+000  0.51613632E+000  0.65370066E+000  0.95893286E+000  0.14130621E+001  0.22665304E+001  0.30476517E+001  0.44126249E+001  0.53755729E+001
  0.30466828E+000  0.32531266E+000  0.40866729E+000  0.51613594E+000  0.65370064E+000  0.95893209E+000  0.14130608E+001  0.22659441E+001  0.30476501E+001  0.44126242E+001  0.53755746E+001
  0.30466827E+000  0.32531265E+000  0.40866729E+000  0.51613559E+000  0.65370061E+000  0.95893135E+000  0.14130596E+001  0.22659403E+001  0.30476486E+001  0.44126236E+001  0.53755763E+001
  0.30466827E+000  0.32531264E+000  0.40866729E+000  0.51613525E+000  0.65370059E+000  0.95893064E+000  0.14130585E+001  0.22659366E+001  0.30476471E+001  0.44126230E+001  0.53755778E+001
  0.30466827E+000  0.32531264E+000  0.40866729E+000  0.51613493E+000  0.65370056E+000  0.95892996E+000  0.14130574E+001  0.22659330E+001  0.30476457E+001  0.44126224E+001  0.53755793E+001
  0.30466827E+000  0.32531263E+000  0.40866729E+000  0.51613463E+000  0.65370054E+000  0.95892930E+000  0.14130563E+001  0.22659294E+001  0.30476443E+001  0.44126219E+001  0.53755808E+001
  0.30466826E+000  0.32531263E+000  0.40866729E+000  0.51613434E+000  0.65370052E+000  0.95892867E+000  0.14130553E+001  0.22659259E+001  0.30476430E+001  0.44126214E+001  0.53758205E+001
  0.30466826E+000  0.32531262E+000  0.40866729E+000  0.51613407E+000  0.65370050E+000  0.95892807E+000  0.14130544E+001  0.22659225E+001  0.30476418E+001  0.44126209E+001  0.53758215E+001
  0.30466826E+000  0.32531262E+000  0.40866728E+000  0.51613381E+000  0.65370048E+000  0.95892750E+000  0.14130534E+001  0.22659191E+001  0.30476406E+001  0.44126204E+001  0.53758224E+001
  0.30466825E+000  0.32531261E+000  0.40866728E+000  0.51613357E+000  0.65370046E+000  0.95892695E+000  0.14130526E+001  0.22659158E+001  0.30476395E+001  0.44126200E+001  0.53758233E+001
  0.30466825E+000  0.32531260E+000  0.40866728E+000  0.51613334E+000  0.65370045E+000  0.95892643E+000  0.14130517E+001  0.22659126E+001  0.30476384E+001  0.44126195E+001  0.53758241E+001
  0.30466825E+000  0.32531260E+000  0.40866728E+000  0.51613312E+000  0.65370043E+000  0.95892593E+000  0.14130510E+001  0.22659094E+001  0.30476374E+001  0.44126191E+001  0.53758249E+001
  0.30466824E+000  0.32531259E+000  0.40866728E+000  0.51613292E+000  0.65370042E+000  0.95892546E+000  0.14130502E+001  0.22659063E+001  0.30476364E+001  0.44126188E+001  0.53758256E+001
  0.30466824E+000  0.32531259E+000  0.40866728E+000  0.51613274E+000  0.65370040E+000  0.95892501E+000  0.14130495E+001  0.22659032E+001  0.30476355E+001  0.44126184E+001  0.53758262E+001
  0.30466824E+000  0.32531258E+000  0.40866728E+000  0.51613256E+000  0.65370039E+000  0.95892458E+000  0.14130488E+001  0.22659002E+001  0.30476347E+001  0.44126181E+001  0.53758269E+001
  0.30466824E+000  0.32531257E+000  0.40866728E+000  0.51613240E+000  0.65370038E+000  0.95892418E+000  0.14130482E+001  0.22658972E+001  0.30476338E+001  0.44126177E+001  0.53758274E+001
  0.30466823E+000  0.32531257E+000  0.40866727E+000  0.51613225E+000  0.65370037E+000  0.95892380E+000  0.14130476E+001  0.22658943E+001  0.30476331E+001  0.44126174E+001  0.53758280E+001
  0.30466823E+000  0.32531256E+000  0.40866727E+000  0.51613210E+000  0.65370036E+000  0.95892344E+000  0.14130471E+001  0.22658914E+001  0.30476323E+001  0.44126171E+001  0.53758285E+001
  0.30466823E+000  0.32531256E+000  0.40866727E+000  0.51613197E+000  0.65370035E+000  0.95892309E+000  0.14130465E+001  0.22658886E+001  0.30476316E+001  0.44126169E+001  0.53758289E+001
  0.30466823E+000  0.32531255E+000  0.40866727E+000  0.51613185E+000  0.65370034E+000  0.95892277E+000  0.14130460E+001  0.22658858E+001  0.30476310E+001  0.44126166E+001  0.53758294E+001
  0.30466822E+000  0.32531255E+000  0.40866727E+000  0.51613174E+000  0.65370033E+000  0.95892246E+000  0.14130455E+001  0.22658830E+001  0.30476304E+001  0.44126164E+001  0.53758297E+001
  0.30466822E+000  0.32531254E+000  0.40866727E+000  0.51613163E+000  0.65370032E+000  0.95892217E+000  0.14130451E+001  0.22658803E+001  0.30476298E+001  0.44126161E+001  0.53758301E+001
  0.30466822E+000  0.32531254E+000  0.40866727E+000  0.51613153E+000  0.65370031E+000  0.95892190E+000  0.14130447E+001  0.22658776E+001  0.30476292E+001  0.44126159E+001  0.53758304E+001
  0.30466822E+000  0.32531253E+000  0.40866727E+000  0.51613144E+000  0.65370031E+000  0.95892164E+000  0.14130443E+001  0.22658749E+001  0.30476287E+001  0.44126157E+001  0.53758307E+001
  0.30466822E+000  0.32531253E+000  0.40866727E+000  0.51613136E+000  0.65370030E+000  0.95892140E+000  0.14130439E+001  0.22658723E+001  0.30476282E+001  0.44126155E+001  0.53758310E+001
  0.30466822E+000  0.32531252E+000  0.40866726E+000  0.51613129E+000  0.65370029E+000  0.95892117E+000  0.14130435E+001  0.22658697E+001  0.30476277E+001  0.44126153E+001  0.53758313E+001
  0.30466821E+000  0.32531252E+000  0.40866726E+000  0.51613121E+000  0.65370029E+000  0.95892095E+000  0.14130432E+001  0.22658671E+001  0.30476273E+001  0.44126151E+001  0.53758315E+001
  0.30466821E+000  0.32531252E+000  0.40866726E+000  0.51613115E+000  0.65370028E+000  0.95892074E+000  0.14130429E+001  0.22657214E+001  0.30476268E+001  0.44126149E+001  0.53758317E+001
  0.30466821E+000  0.32531251E+000  0.40866726E+000  0.51613109E+000  0.65370028E+000  0.95892055E+000  0.14130426E+001  0.22657162E+001  0.30476264E+001  0.44126147E+001  0.53758319E+001
  0.30466821E+000  0.32531251E+000  0.40866726E+000  0.51613103E+000  0.65370027E+000  0.95892037E+000  0.14130423E+001  0.22657112E+001  0.30476260E+001  0.44126146E+001  0.53758321E+001
  0.30466821E+000  0.32531251E+000  0.40866726E+000  0.51613098E+000  0.65370027E+000  0.95892019E+000  0.14130420E+001  0.22657062E+001  0.30476257E+001  0.44126144E+001  0.53758323E+001
  0.30466821E+000  0.32531250E+000  0.40866726E+000  0.51613094E+000  0.65370026E+000  0.95892003E+000  0.14130418E+001  0.22652348E+001  0.30476253E+001  0.44126143E+001  0.53758324E+001
  0.30466821E+000  0.32531250E+000  0.40866726E+000  0.51613089E+000  0.65370026E+000  0.95891988E+000  0.14130415E+001  0.22652284E+001  0.30476250E+001  0.44126141E+001  0.53758325E+001
  0.30466820E+000  0.32531250E+000  0.40866726E+000  0.51613085E+000  0.65370026E+000  0.95891973E+000  0.14130413E+001  0.22652221E+001  0.30476247E+001  0.44126140E+001  0.53758327E+001
  0.30466820E+000  0.32531249E+000  0.40866726E+000  0.51613082E+000  0.65370025E+000  0.95891959E+000  0.14130411E+001  0.22652158E+001  0.30476243E+001  0.44126138E+001  0.53758328E+001
  0.30466820E+000  0.32531249E+000  0.40866726E+000  0.51613079E+000  0.65370025E+000  0.95891946E+000  0.14130409E+001  0.22652096E+001  0.30476240E+001  0.44126137E+001  0.53758329E+001
  0.30466820E+000  0.32531249E+000  0.40866726E+000  0.51613075E+000  0.65370025E+000  0.95891934E+000  0.14130407E+001  0.22652034E+001  0.30476237E+001  0.44126136E+001  0.53758330E+001
  0.30466820E+000  0.32531249E+000  0.40866726E+000  0.51613073E+000  0.65370025E+000  0.95891922E+000  0.14130405E+001  0.22651266E+001  0.30476235E+001  0.44126134E+001  0.53758331E+001
  0.30466820E+000  0.32531249E+000  0.40866726E+000  0.51613070E+000  0.65370024E+000  0.95891911E+000  0.14130403E+001  0.22651188E+001  0.30476232E+001  0.44126133E+001  0.53758331E+001
  0.30466820E+000  0.32531248E+000  0.40866726E+000  0.51613068E+000  0.65370024E+000  0.95891901E+000  0.14130401E+001  0.22651110E+001  0.30476229E+001  0.44126132E+001  0.53758332E+001
  0.30466820E+000  0.32531248E+000  0.40866726E+000  0.51613065E+000  0.65370024E+000  0.95891891E+000  0.14130400E+001  0.22651033E+001  0.30476227E+001  0.44126130E+001  0.53758333E+001
  0.30466820E+000  0.32531248E+000  0.40866726E+000  0.51613063E+000  0.65370024E+000  0.95891882E+000  0.14130398E+001  0.22650957E+001  0.30476224E+001  0.44126129E+001  0.53758333E+001
  0.30466820E+000  0.32531248E+000  0.40866726E+000  0.51613062E+000  0.65370024E+000  0.95891873E+000  0.14130397E+001  0.22650882E+001  0.30476222E+001  0.44126128E+001  0.53758334E+001
  0.30466820E+000  0.32531248E+000  0.40866725E+000  0.51613060E+000  0.65370023E+000  0.95891864E+000  0.14130395E+001  0.22650807E+001  0.30476219E+001  0.44126127E+001  0.53758334E+001
  0.30466820E+000  0.32531248E+000  0.40866725E+000  0.51613058E+000  0.65370023E+000  0.95891856E+000  0.14130394E+001  0.22650733E+001  0.30476217E+001  0.44126126E+001  0.53758334E+001
  0.30466820E+000  0.32531248E+000  0.40866725E+000  0.51613057E+000  0.65370023E+000  0.95891848E+000  0.14130392E+001  0.22650661E+001  0.30476215E+001  0.44126125E+001  0.53758335E+001
  0.30466820E+000  0.32531248E+000  0.40866725E+000  0.51613055E+000  0.65370023E+000  0.95891841E+000  0.14130391E+001  0.22650589E+001  0.30476213E+001  0.44126124E+001  0.53758335E+001
  0.30466820E+000  0.32531247E+000  0.40866725E+000  0.51613054E+000  0.65370023E+000  0.95891834E+000  0.14130390E+001  0.22650518E+001  0.30476210E+001  0.44126122E+001  0.53758335E+001
  0.30466820E+000  0.32531247E+000  0.40866725E+000  0.51613053E+000  0.65370023E+000  0.95891827E+000  0.14130389E+001  0.22650448E+001  0.30476208E+001  0.44126121E+001  0.53758336E+001
  0.30466820E+000  0.32531247E+000  0.40866725E+000  0.51613052E+000  0.65370023E+000  0.95891821E+000  0.14130387E+001  0.22650378E+001  0.30476206E+001  0.44126120E+001  0.53758336E+001
  0.30466820E+000  0.32531247E+000  0.40866725E+000  0.51613050E+000  0.65370022E+000  0.95891814E+000  0.14130386E+001  0.22650310E+001  0.30476204E+001  0.44126119E+001  0.53758336E+001
  0.30466820E+000  0.32531247E+000  0.40866725E+000  0.51613049E+000  0.65370022E+000  0.95891809E+000  0.14130385E+001  0.22650229E+001  0.30476202E+001  0.44126118E+001  0.53758336E+001
  0.30466820E+000  0.32531247E+000  0.40866725E+000  0.51613048E+000  0.65370022E+000  0.95891803E+000  0.14130384E+001  0.22648087E+001  0.30476200E+001  0.44126117E+001  0.53758337E+001
  0.30466820E+000  0.32531247E+000  0.40866725E+000  0.51613047E+000  0.65370022E+000  0.95891797E+000  0.14130383E+001  0.22647142E+001  0.30476198E+001  0.44126116E+001  0.53758337E+001
  0.30466820E+000  0.32531247E+000  0.40866725E+000  0.51613047E+000  0.65370022E+000  0.95891792E+000  0.14130382E+001  0.22646211E+001  0.30476196E+001  0.44126115E+001  0.53758337E+001
  0.30466820E+000  0.32531247E+000  0.40866725E+000  0.51613046E+000  0.65370022E+000  0.95891787E+000  0.14130381E+001  0.22645296E+001  0.30476195E+001  0.44126114E+001  0.53758337E+001
  0.30466820E+000  0.32531247E+000  0.40866725E+000  0.51613045E+000  0.65370022E+000  0.95891782E+000  0.14130380E+001  0.22644396E+001  0.30476193E+001  0.44126113E+001  0.53758337E+001
  0.30466820E+000  0.32531247E+000  0.40866725E+000  0.51613044E+000  0.65370022E+000  0.95891777E+000  0.14130379E+001  0.22636615E+001  0.30476191E+001  0.44126112E+001  0.53758337E+001
  0.30466820E+000  0.32531247E+000  0.40866725E+000  0.51613043E+000  0.65370022E+000  0.95891773E+000  0.14130378E+001  0.22635197E+001  0.30476189E+001  0.44126111E+001  0.53758337E+001
  0.30466820E+000  0.32531247E+000  0.40866725E+000  0.51613043E+000  0.65370022E+000  0.95891768E+000  0.14130377E+001  0.22635179E+001  0.30476187E+001  0.44126110E+001  0.53758337E+001
  0.30466820E+000  0.32531247E+000  0.40866725E+000  0.51613042E+000  0.65370022E+000  0.95891764E+000  0.14130376E+001  0.22635162E+001  0.30476186E+001  0.44126109E+001  0.53758338E+001
  0.30466820E+000  0.32531247E+000  0.40866725E+000  0.51613041E+000  0.65370022E+000  0.95891760E+000  0.14130376E+001  0.22635144E+001  0.30476184E+001  0.44126108E+001  0.53758338E+001
  0.30466820E+000  0.32531247E+000  0.40866725E+000  0.51613041E+000  0.65370021E+000  0.95891756E+000  0.14130375E+001  0.22635127E+001  0.30476182E+001  0.44126107E+001  0.53758338E+001
  0.30466820E+000  0.32531247E+000  0.40866725E+000  0.51613040E+000  0.65370021E+000  0.95891752E+000  0.14130374E+001  0.22635110E+001  0.30476181E+001  0.44126106E+001  0.53758338E+001
  0.30466820E+000  0.32531247E+000  0.40866725E+000  0.51613039E+000  0.65370021E+000  0.95891748E+000  0.14130373E+001  0.22635094E+001  0.30476179E+001  0.44126105E+001  0.53758338E+001
  0.30466820E+000  0.32531247E+000  0.40866725E+000  0.51613039E+000  0.65370021E+000  0.95891745E+000  0.14130372E+001  0.22635078E+001  0.30476177E+001  0.44126104E+001  0.53758338E+001
  0.30466820E+000  0.32531247E+000  0.40866725E+000  0.51613038E+000  0.65370021E+000  0.95891741E+000  0.14130372E+001  0.22635062E+001  0.30476176E+001  0.44126104E+001  0.53758338E+001
  0.30466820E+000  0.32531247E+000  0.40866725E+000  0.51613037E+000  0.65370021E+000  0.95891738E+000  0.14130371E+001  0.22635047E+001  0.30476174E+001  0.44126103E+001  0.53758338E+001
  0.30466820E+000  0.32531247E+000  0.40866725E+000  0.51613037E+000  0.65370021E+000  0.95891734E+000  0.14130370E+001  0.22635032E+001  0.30476173E+001  0.44126102E+001  0.53758338E+001
  0.30466820E+000  0.32531247E+000  0.40866725E+000  0.51613036E+000  0.65370021E+000  0.95891731E+000  0.14130370E+001  0.22635017E+001  0.30476171E+001  0.44126101E+001  0.53758338E+001
  0.30466820E+000  0.32531247E+000  0.40866725E+000  0.51613036E+000  0.65370021E+000  0.95891728E+000  0.14130369E+001  0.22635003E+001  0.30476170E+001  0.44126100E+001  0.53758338E+001
  0.30466820E+000  0.32531247E+000  0.40866725E+000  0.51613035E+000  0.65370021E+000  0.95891725E+000  0.14130368E+001  0.22634989E+001  0.30476168E+001  0.44126099E+001  0.53758338E+001
  0.30466820E+000  0.32531247E+000  0.40866725E+000  0.51613034E+000  0.65370021E+000  0.95891722E+000  0.14130368E+001  0.22634975E+001  0.30476167E+001  0.44126098E+001  0.53758338E+001
  0.30466820E+000  0.32531247E+000  0.40866725E+000  0.51613034E+000  0.65370021E+000  0.95891719E+000  0.14130367E+001  0.22634962E+001  0.30476166E+001  0.44126097E+001  0.53758338E+001
  0.30466820E+000  0.32531247E+000  0.40866725E+000  0.51613033E+000  0.65370021E+000  0.95891716E+000  0.14130366E+001  0.22634949E+001  0.30476164E+001  0.44126097E+001  0.53758339E+001
  0.30466820E+000  0.32531247E+000  0.40866725E+000  0.51613033E+000  0.65370021E+000  0.95891714E+000  0.14130366E+001  0.22634936E+001  0.30476163E+001  0.44126096E+001  0.53758339E+001
  0.30466820E+000  0.32531247E+000  0.40866725E+000  0.51613032E+000  0.65370021E+000  0.95891711E+000  0.14130365E+001  0.22634924E+001  0.30476161E+001  0.44126095E+001  0.53758339E+001
  0.30466820E+000  0.32531247E+000  0.40866725E+000  0.51613032E+000  0.65370021E+000  0.95891708E+000  0.14130365E+001  0.22634912E+001  0.30476160E+001  0.44126094E+001  0.53758339E+001
  0.30466820E+000  0.32531247E+000  0.40866725E+000  0.51613031E+000  0.65370021E+000  0.95891706E+000  0.14130364E+001  0.22634900E+001  0.30476159E+001  0.44126093E+001  0.53758339E+001
  0.30466820E+000  0.32531247E+000  0.40866725E+000  0.51613031E+000  0.65370021E+000  0.95891703E+000  0.14130364E+001  0.22634889E+001  0.30476158E+001  0.44126093E+001  0.53758339E+001
  0.30466820E+000  0.32531247E+000  0.40866725E+000  0.51613030E+000  0.65370020E+000  0.95891701E+000  0.14130363E+001  0.22634878E+001  0.30476156E+001  0.44126092E+001  0.53758339E+001
  0.30466820E+000  0.32531247E+000  0.40866725E+000  0.51613030E+000  0.65370020E+000  0.95891699E+000  0.14130363E+001  0.22634867E+001  0.30476155E+001  0.44126091E+001  0.53758339E+001
  0.30466820E+000  0.32531247E+000  0.40866725E+000  0.51613029E+000  0.65370020E+000  0.95891696E+000  0.14130362E+001  0.22634857E+001  0.30476154E+001  0.44126090E+001  0.53758339E+001
  0.30466820E+000  0.32531247E+000  0.40866725E+000  0.51613029E+000  0.65370020E+000  0.95891694E+000  0.14130362E+001  0.22634847E+001  0.30476153E+001  0.44126090E+001  0.53758339E+001
  0.30466820E+000  0.32531247E+000  0.40866725E+000  0.51613028E+000  0.65370020E+000  0.95891692E+000  0.14130361E+001  0.22634837E+001  0.30476152E+001  0.44126089E+001  0.53758339E+001
  0.30466820E+000  0.32531247E+000  0.40866725E+000  0.51613028E+000  0.65370020E+000  0.95891690E+000  0.14130361E+001  0.22634828E+001  0.30476151E+001  0.44126088E+001  0.53758339E+001
  0.30466820E+000  0.32531247E+000  0.40866725E+000  0.51613027E+000  0.65370020E+000  0.95891688E+000  0.14130360E+001  0.22634819E+001  0.30476150E+001  0.44126087E+001  0.53758339E+001
  0.30466820E+000  0.32531247E+000  0.40866725E+000  0.51613027E+000  0.65370020E+000  0.95891686E+000  0.14130360E+001  0.22634810E+001  0.30476149E+001  0.44126087E+001  0.53758339E+001
  0.30466820E+000  0.32531247E+000  0.40866725E+000  0.51613026E+000  0.65370020E+000  0.95891684E+000  0.14130359E+001  0.22634801E+001  0.30476148E+001  0.44126086E+001  0.53758339E+001
  0.30466820E+000  0.32531247E+000  0.40866725E+000  0.51613026E+000  0.65370020E+000  0.95891682E+000  0.14130359E+001  0.22634793E+001  0.30476147E+001  0.44126085E+001  0.53758339E+001
  0.30466820E+000  0.32531247E+000  0.40866725E+000  0.51613025E+000  0.65370020E+000  0.95891680E+000  0.14130359E+001  0.22634785E+001  0.30476146E+001  0.44126085E+001  0.53758339E+001
  0.30466820E+000  0.32531248E+000  0.40866725E+000  0.51613025E+000  0.65370020E+000  0.95891678E+000  0.14130358E+001  0.22634777E+001  0.30476145E+001  0.44126084E+001  0.53758339E+001
  0.30466820E+000  0.32531248E+000  0.40866725E+000  0.51613024E+000  0.65370020E+000  0.95891677E+000  0.14130358E+001  0.22634769E+001  0.30476144E+001  0.44126083E+001  0.53758339E+001
  0.30466820E+000  0.32531248E+000  0.40866725E+000  0.51613024E+000  0.65370020E+000  0.95891675E+000  0.14130358E+001  0.22634762E+001  0.30476143E+001  0.44126083E+001  0.53758340E+001
  0.30466820E+000  0.32531248E+000  0.40866725E+000  0.51613024E+000  0.65370020E+000  0.95891673E+000  0.14130357E+001  0.22634755E+001  0.30476142E+001  0.44126082E+001  0.53758340E+001
  0.30466820E+000  0.32531248E+000  0.40866725E+000  0.51613023E+000  0.65370020E+000  0.95891672E+000  0.14130357E+001  0.22634748E+001  0.30476141E+001  0.44126082E+001  0.53758340E+001
  0.30466820E+000  0.32531248E+000  0.40866725E+000  0.51613023E+000  0.65370020E+000  0.95891670E+000  0.14130357E+001  0.22634741E+001  0.30476140E+001  0.44126081E+001  0.53758340E+001
  0.30466820E+000  0.32531248E+000  0.40866725E+000  0.51613022E+000  0.65370020E+000  0.95891669E+000  0.14130356E+001  0.22634735E+001  0.30476140E+001  0.44126081E+001  0.53758340E+001
  0.30466820E+000  0.32531248E+000  0.40866725E+000  0.51613022E+000  0.65370020E+000  0.95891667E+000  0.14130356E+001  0.22634729E+001  0.30476139E+001  0.44126080E+001  0.53758340E+001
  0.30466820E+000  0.32531248E+000  0.40866725E+000  0.51613021E+000  0.65370020E+000  0.95891666E+000  0.14130356E+001  0.22634723E+001  0.30476138E+001  0.44126079E+001  0.53758340E+001
  0.30466820E+000  0.32531248E+000  0.40866725E+000  0.51613021E+000  0.65370020E+000  0.95891665E+000  0.14130355E+001  0.22634717E+001  0.30476137E+001  0.44126079E+001  0.53758340E+001
  0.30466820E+000  0.32531248E+000  0.40866725E+000  0.51613021E+000  0.65370020E+000  0.95891663E+000  0.14130355E+001  0.22634712E+001  0.30476137E+001  0.44126078E+001  0.53758340E+001
  0.30466820E+000  0.32531248E+000  0.40866725E+000  0.51613020E+000  0.65370020E+000  0.95891662E+000  0.14130355E+001  0.22634707E+001  0.30476136E+001  0.44126078E+001  0.53758340E+001
  0.30466820E+000  0.32531248E+000  0.40866725E+000  0.51613020E+000  0.65370020E+000  0.95891661E+000  0.14130355E+001  0.22634702E+001  0.30476135E+001  0.44126077E+001  0.53758340E+001
  0.30466820E+000  0.32531248E+000  0.40866725E+000  0.51613019E+000  0.65370020E+000  0.95891660E+000  0.14130354E+001  0.22634697E+001  0.30476135E+001  0.44126077E+001  0.53758340E+001
  0.30466820E+000  0.32531248E+000  0.40866725E+000  0.51613019E+000  0.65370020E+000  0.95891659E+000  0.14130354E+001  0.22634692E+001  0.30476134E+001  0.44126077E+001  0.53758340E+001
  0.30466820E+000  0.32531248E+000  0.40866725E+000  0.51613019E+000  0.65370020E+000  0.95891658E+000  0.14130354E+001  0.22634688E+001  0.30476133E+001  0.44126076E+001  0.53758340E+001
  0.30466820E+000  0.32531248E+000  0.40866725E+000  0.51613018E+000  0.65370020E+000  0.95891656E+000  0.14130354E+001  0.22634683E+001  0.30476133E+001  0.44126076E+001  0.53758340E+001
  0.30466820E+000  0.32531248E+000  0.40866725E+000  0.51613018E+000  0.65370019E+000  0.95891655E+000  0.14130353E+001  0.22634679E+001  0.30476132E+001  0.44126075E+001  0.53758340E+001
  0.30466820E+000  0.32531248E+000  0.40866725E+000  0.51613018E+000  0.65370019E+000  0.95891654E+000  0.14130353E+001  0.22634675E+001  0.30476132E+001  0.44126075E+001  0.53758340E+001
  0.30466820E+000  0.32531248E+000  0.40866725E+000  0.51613017E+000  0.65370019E+000  0.95891654E+000  0.14130353E+001  0.22634671E+001  0.30476131E+001  0.44126074E+001  0.53758340E+001
  0.30466820E+000  0.32531248E+000  0.40866725E+000  0.51613017E+000  0.65370019E+000  0.95891653E+000  0.14130353E+001  0.22634668E+001  0.30476131E+001  0.44126074E+001  0.53758340E+001
  0.30466820E+000  0.32531248E+000  0.40866725E+000  0.51613017E+000  0.65370019E+000  0.95891652E+000  0.14130353E+001  0.22634664E+001  0.30476130E+001  0.44126074E+001  0.53758340E+001
  0.30466820E+000  0.32531248E+000  0.40866725E+000  0.51613016E+000  0.65370019E+000  0.95891651E+000  0.14130352E+001  0.22634661E+001  0.30476130E+001  0.44126073E+001  0.53758340E+001
  0.30466820E+000  0.32531248E+000  0.40866725E+000  0.51613016E+000  0.65370019E+000  0.95891650E+000  0.14130352E+001  0.22634657E+001  0.30476129E+001  0.44126073E+001  0.53758340E+001
  0.30466820E+000  0.32531248E+000  0.40866725E+000  0.51613016E+000  0.65370019E+000  0.95891649E+000  0.14130352E+001  0.22634654E+001  0.30476129E+001  0.44126073E+001  0.53758340E+001
  0.30466820E+000  0.32531248E+000  0.40866725E+000  0.51613016E+000  0.65370019E+000  0.95891649E+000  0.14130352E+001  0.22634651E+001  0.30476128E+001  0.44126072E+001  0.53758341E+001
  0.30466820E+000  0.32531248E+000  0.40866725E+000  0.51613015E+000  0.65370019E+000  0.95891648E+000  0.14130352E+001  0.22634648E+001  0.30476128E+001  0.44126072E+001  0.53758341E+001
  0.30466820E+000  0.32531248E+000  0.40866725E+000  0.51613015E+000  0.65370019E+000  0.95891647E+000  0.14130352E+001  0.22634646E+001  0.30476127E+001  0.44126072E+001  0.53758341E+001
  0.30466820E+000  0.32531248E+000  0.40866725E+000  0.51613015E+000  0.65370019E+000  0.95891646E+000  0.14130351E+001  0.22634643E+001  0.30476127E+001  0.44126071E+001  0.53758341E+001
  0.30466820E+000  0.32531248E+000  0.40866725E+000  0.51613015E+000  0.65370019E+000  0.95891646E+000  0.14130351E+001  0.22634641E+001  0.30476127E+001  0.44126071E+001  0.53758341E+001
  0.30466820E+000  0.32531248E+000  0.40866725E+000  0.51613014E+000  0.65370019E+000  0.95891645E+000  0.14130351E+001  0.22634638E+001  0.30476126E+001  0.44126071E+001  0.53758341E+001
  0.30466820E+000  0.32531248E+000  0.40866725E+000  0.51613014E+000  0.65370019E+000  0.95891645E+000  0.14130351E+001  0.22634636E+001  0.30476126E+001  0.44126070E+001  0.53758341E+001
  0.30466820E+000  0.32531248E+000  0.40866725E+000  0.51613014E+000  0.65370019E+000  0.95891644E+000  0.14130351E+001  0.22634634E+001  0.30476126E+001  0.44126070E+001  0.53758341E+001
  0.30466820E+000  0.32531248E+000  0.40866725E+000  0.51613014E+000  0.65370019E+000  0.95891643E+000  0.14130351E+001  0.22634632E+001  0.30476125E+001  0.44126070E+001  0.53758341E+001
  0.30466820E+000  0.32531248E+000  0.40866725E+000  0.51613013E+000  0.65370019E+000  0.95891643E+000  0.14130351E+001  0.22634630E+001  0.30476125E+001  0.44126070E+001  0.53758341E+001
  0.30466820E+000  0.32531248E+000  0.40866725E+000  0.51613013E+000  0.65370019E+000  0.95891642E+000  0.14130350E+001  0.22634628E+001  0.30476125E+001  0.44126069E+001  0.53758341E+001
  0.30466820E+000  0.32531248E+000  0.40866725E+000  0.51613013E+000  0.65370019E+000  0.95891642E+000  0.14130350E+001  0.22634626E+001  0.30476124E+001  0.44126069E+001  0.53758341E+001
  0.30466820E+000  0.32531248E+000  0.40866725E+000  0.51613013E+000  0.65370019E+000  0.95891641E+000  0.14130350E+001  0.22634624E+001  0.30476124E+001  0.44126069E+001  0.53758341E+001
  0.30466820E+000  0.32531248E+000  0.40866725E+000  0.51613012E+000  0.65370019E+000  0.95891640E+000  0.14130350E+001  0.22634623E+001  0.30476124E+001  0.44126069E+001  0.53758341E+001
  0.30466820E+000  0.32531248E+000  0.40866725E+000  0.51613012E+000  0.65370019E+000  0.95891640E+000  0.14130350E+001  0.22634621E+001  0.30476123E+001  0.44126069E+001  0.53758341E+001
  0.30466820E+000  0.32531248E+000  0.40866725E+000  0.51613011E+000  0.65370019E+000  0.95891639E+000  0.14130350E+001  0.22634619E+001  0.30476123E+001  0.44126068E+001  0.53758341E+001
  0.30466821E+000  0.32531248E+000  0.40866725E+000  0.51613011E+000  0.65370019E+000  0.95891638E+000  0.14130350E+001  0.22634618E+001  0.30476123E+001  0.44126068E+001  0.53758341E+001
  0.30466821E+000  0.32531248E+000  0.40866725E+000  0.51613010E+000  0.65370019E+000  0.95891637E+000  0.14130349E+001  0.22634617E+001  0.30476122E+001  0.44126068E+001  0.53758341E+001
  0.30466821E+000  0.32531248E+000  0.40866726E+000  0.51613010E+000  0.65370019E+000  0.95891637E+000  0.14130349E+001  0.22634615E+001  0.30476122E+001  0.44126068E+001  0.53758342E+001
  0.30466821E+000  0.32531249E+000  0.40866726E+000  0.51613010E+000  0.65370019E+000  0.95891636E+000  0.14130349E+001  0.22634614E+001  0.30476122E+001  0.44126068E+001  0.53758342E+001
