  0.00000000E+000  0.00000000E+000  0.00000000E+000  0.00000000E+000  0.00000000E+000  0.00000000E+000  0.79133648E+000  0.16080637E+002  0.77890804E+002  0.25800233E+003  0.26964098E+003
  0.00000000E+000  0.00000000E+000  0.00000000E+000  0.00000000E+000  0.00000000E+000  0.00000000E+000  0.79151906E+000  0.16085091E+002  0.77912628E+002  0.25803928E+003  0.26972995E+003
  0.00000000E+000  0.00000000E+000  0.00000000E+000  0.00000000E+000  0.00000000E+000  0.00000000E+000  0.79167071E+000  0.16088788E+002  0.77930750E+002  0.25806865E+003  0.26979879E+003
  0.00000000E+000  0.00000000E+000  0.00000000E+000  0.00000000E+000  0.00000000E+000  0.00000000E+000  0.79179670E+000  0.16091859E+002  0.77945813E+002  0.25809169E+003  0.26985156E+003
  0.00000000E+000  0.00000000E+000  0.00000000E+000  0.00000000E+000  0.00000000E+000  0.00000000E+000  0.79190147E+000  0.16094411E+002  0.77958350E+002  0.25810950E+003  0.26989145E+003
  0.00000000E+000  0.00000000E+000  0.00000000E+000  0.00000000E+000  0.00000000E+000  0.00000000E+000  0.79198867E+000  0.16096536E+002  0.77968798E+002  0.25812299E+003  0.26992102E+003
  0.00000000E+000  0.00000000E+000  0.00000000E+000  0.00000000E+000  0.00000000E+000  0.00000000E+000  0.79206126E+000  0.16098305E+002  0.77977510E+002  0.25813293E+003  0.26994225E+003
  0.00000000E+000  0.00000000E+000  0.00000000E+000  0.00000000E+000  0.00000000E+000  0.00000000E+000  0.79212168E+000  0.16099777E+002  0.77984778E+002  0.25813996E+003  0.26995676E+003
  0.00000000E+000  0.00000000E+000  0.00000000E+000  0.00000000E+000  0.00000000E+000  0.00000000E+000  0.79217194E+000  0.16101002E+002  0.77990839E+002  0.25814460E+003  0.26996583E+003
  0.00000000E+000  0.00000000E+000  0.00000000E+000  0.00000000E+000  0.00000000E+000  0.00000000E+000  0.79221372E+000  0.16102021E+002  0.77995893E+002  0.25814730E+003  0.26997050E+003
  0.00000000E+000  0.00000000E+000  0.00000000E+000  0.00000000E+000  0.00000000E+000  0.00000000E+000  0.79224837E+000  0.16102867E+002  0.78000103E+002  0.25814841E+003  0.26997161E+003
  0.00000000E+000  0.00000000E+000  0.00000000E+000  0.00000000E+000  0.00000000E+000  0.00000000E+000  0.79227706E+000  0.16103567E+002  0.78003604E+002  0.25814824E+003  0.26996986E+003
  0.00000000E+000  0.00000000E+000  0.00000000E+000  0.00000000E+000  0.00000000E+000  0.00000000E+000  0.79230072E+000  0.16104145E+002  0.78006509E+002  0.25814704E+003  0.26996581E+003
  0.00000000E+000  0.00000000E+000  0.00000000E+000  0.00000000E+000  0.00000000E+000  0.00000000E+000  0.79232015E+000  0.16104620E+002  0.78008913E+002  0.25814501E+003  0.26995991E+003
  0.00000000E+000  0.00000000E+000  0.00000000E+000  0.00000000E+000  0.00000000E+000  0.00000000E+000  0.79233600E+000  0.16105009E+002  0.78010894E+002  0.25814231E+003  0.26995255E+003
  0.00000000E+000  0.00000000E+000  0.00000000E+000  0.00000000E+000  0.00000000E+000  0.00000000E+000  0.79234884E+000  0.16105323E+002  0.78012517E+002  0.25813910E+003  0.26994403E+003
  0.00000000E+000  0.00000000E+000  0.00000000E+000  0.00000000E+000  0.00000000E+000  0.00000000E+000  0.79235913E+000  0.16105575E+002  0.78013839E+002  0.25813548E+003  0.26993462E+003
  0.00000000E+000  0.00000000E+000  0.00000000E+000  0.00000000E+000  0.00000000E+000  0.00000000E+000  0.79236726E+000  0.16105774E+002  0.78014905E+002  0.25813156E+003  0.26992453E+003
  0.00000000E+000  0.00000000E+000  0.00000000E+000  0.00000000E+000  0.00000000E+000  0.00000000E+000  0.79237354E+000  0.16105929E+002  0.78015754E+002  0.25812741E+003  0.26991394E+003
  0.00000000E+000  0.00000000E+000  0.00000000E+000  0.00000000E+000  0.00000000E+000  0.00000000E+000  0.79237827E+000  0.16106045E+002  0.78016420E+002  0.25812310E+003  0.26990299E+003
  0.00000000E+000  0.00000000E+000  0.00000000E+000  0.00000000E+000  0.00000000E+000  0.00000000E+000  0.79238167E+000  0.16106130E+002  0.78016930E+002  0.25811868E+003  0.26989181E+003
  0.00000000E+000  0.00000000E+000  0.00000000E+000  0.00000000E+000  0.00000000E+000  0.00000000E+000  0.79238394E+000  0.16106187E+002  0.78017307E+002  0.25811420E+003  0.26988050E+003
  0.00000000E+000  0.00000000E+000  0.00000000E+000  0.00000000E+000  0.00000000E+000  0.00000000E+000  0.79238525E+000  0.16106220E+002  0.78017572E+002  0.25810970E+003  0.26986914E+003
  0.00000000E+000  0.00000000E+000  0.00000000E+000  0.00000000E+000  0.00000000E+000  0.00000000E+000  0.79238573E+000  0.16106233E+002  0.78017742E+002  0.25810521E+003  0.26985781E+003
  0.00000000E+000  0.00000000E+000  0.00000000E+000  0.00000000E+000  0.00000000E+000  0.00000000E+000  0.79238550E+000  0.16106230E+002  0.78017830E+002  0.25810075E+003  0.26984658E+003
  0.00000000E+000  0.00000000E+000  0.00000000E+000  0.00000000E+000  0.00000000E+000  0.00000000E+000  0.79238467E+000  0.16106212E+002  0.78017849E+002  0.25809635E+003  0.26983549E+003
  0.00000000E+000  0.00000000E+000  0.00000000E+000  0.00000000E+000  0.00000000E+000  0.00000000E+000  0.79238332E+000  0.16106181E+002  0.78017810E+002  0.25809203E+003  0.26982459E+003
  0.00000000E+000  0.00000000E+000  0.00000000E+000  0.00000000E+000  0.00000000E+000  0.00000000E+000  0.79238152E+000  0.16106139E+002  0.78017721E+002  0.25808780E+003  0.26981392E+003
  0.00000000E+000  0.00000000E+000  0.00000000E+000  0.00000000E+000  0.00000000E+000  0.00000000E+000  0.79237933E+000  0.16106088E+002  0.78017589E+002  0.25808367E+003  0.26980351E+003
  0.00000000E+000  0.00000000E+000  0.00000000E+000  0.00000000E+000  0.00000000E+000  0.00000000E+000  0.79237680E+000  0.16106029E+002  0.78017422E+002  0.25807966E+003  0.26979339E+003
  0.00000000E+000  0.00000000E+000  0.00000000E+000  0.00000000E+000  0.00000000E+000  0.00000000E+000  0.79237398E+000  0.16105963E+002  0.78017223E+002  0.25807578E+003  0.26978359E+003
  0.00000000E+000  0.00000000E+000  0.00000000E+000  0.00000000E+000  0.00000000E+000  0.00000000E+000  0.79237088E+000  0.16105891E+002  0.78016998E+002  0.25807203E+003  0.26977412E+003
  0.00000000E+000  0.00000000E+000  0.00000000E+000  0.00000000E+000  0.00000000E+000  0.00000000E+000  0.79236755E+000  0.16105814E+002  0.78016749E+002  0.25806842E+003  0.26976500E+003
  0.00000000E+000  0.00000000E+000  0.00000000E+000  0.00000000E+000  0.00000000E+000  0.00000000E+000  0.79236400E+000  0.16105731E+002  0.78016480E+002  0.25806495E+003  0.26975625E+003
  0.00000000E+000  0.00000000E+000  0.00000000E+000  0.00000000E+000  0.00000000E+000  0.00000000E+000  0.79236025E+000  0.16105644E+002  0.78016194E+002  0.25806163E+003  0.26974787E+003
  0.00000000E+000  0.00000000E+000  0.00000000E+000  0.00000000E+000  0.00000000E+000  0.00000000E+000  0.79235630E+000  0.16105552E+002  0.78015892E+002  0.25805847E+003  0.26973988E+003
  0.00000000E+000  0.00000000E+000  0.00000000E+000  0.00000000E+000  0.00000000E+000  0.00000000E+000  0.79235217E+000  0.16105457E+002  0.78015575E+002  0.25805546E+003  0.26973229E+003
  0.00000000E+000  0.00000000E+000  0.00000000E+000  0.00000000E+000  0.00000000E+000  0.00000000E+000  0.79234786E+000  0.16105357E+002  0.78015244E+002  0.25805260E+003  0.26972509E+003
  0.00000000E+000  0.00000000E+000  0.00000000E+000  0.00000000E+000  0.00000000E+000  0.00000000E+000  0.79234336E+000  0.16105254E+002  0.78014900E+002  0.25804989E+003  0.26971829E+003
  0.00000000E+000  0.00000000E+000  0.00000000E+000  0.00000000E+000  0.00000000E+000  0.00000000E+000  0.79233867E+000  0.16105147E+002  0.78014544E+002  0.25804734E+003  0.26971189E+003
  0.00000000E+000  0.00000000E+000  0.00000000E+000  0.00000000E+000  0.00000000E+000  0.00000000E+000  0.79233379E+000  0.16105037E+002  0.78014175E+002  0.25804494E+003  0.26970589E+003
  0.00000000E+000  0.00000000E+000  0.00000000E+000  0.00000000E+000  0.00000000E+000  0.00000000E+000  0.79232870E+000  0.16104922E+002  0.78013794E+002  0.25804269E+003  0.26970028E+003
  0.00000000E+000  0.00000000E+000  0.00000000E+000  0.00000000E+000  0.00000000E+000  0.00000000E+000  0.79232339E+000  0.16104804E+002  0.78013400E+002  0.25804059E+003  0.26969505E+003
  0.00000000E+000  0.00000000E+000  0.00000000E+000  0.00000000E+000  0.00000000E+000  0.00000000E+000  0.79231785E+000  0.16104681E+002  0.78012992E+002  0.25803863E+003  0.26969019E+003
  0.00000000E+000  0.00000000E+000  0.00000000E+000  0.00000000E+000  0.00000000E+000  0.00000000E+000  0.79231205E+000  0.16104555E+002  0.78012571E+002  0.25803680E+003  0.26968570E+003
  0.00000000E+000  0.00000000E+000  0.00000000E+000  0.00000000E+000  0.00000000E+000  0.00000000E+000  0.79230597E+000  0.16104424E+002  0.78012136E+002  0.25803512E+003  0.26968157E+003
  0.00000000E+000  0.00000000E+000  0.00000000E+000  0.00000000E+000  0.00000000E+000  0.00000000E+000  0.79229959E+000  0.16104288E+002  0.78011686E+002  0.25803355E+003  0.26967778E+003
  0.00000000E+000  0.00000000E+000  0.00000000E+000  0.00000000E+000  0.00000000E+000  0.00000000E+000  0.79229287E+000  0.16104148E+002  0.78011221E+002  0.25803212E+003  0.26967431E+003
  0.00000000E+000  0.00000000E+000  0.00000000E+000  0.00000000E+000  0.00000000E+000  0.00000000E+000  0.79228579E+000  0.16104003E+002  0.78010739E+002  0.25803080E+003  0.26967116E+003
  0.00000000E+000  0.00000000E+000  0.00000000E+000  0.00000000E+000  0.00000000E+000  0.00000000E+000  0.79227832E+000  0.16103854E+002  0.78010241E+002  0.25802959E+003  0.26966830E+003
  0.00000000E+000  0.00000000E+000  0.00000000E+000  0.00000000E+000  0.00000000E+000  0.00000000E+000  0.79227040E+000  0.16103699E+002  0.78009727E+002  0.25802848E+003  0.26966571E+003
  0.00000000E+000  0.00000000E+000  0.00000000E+000  0.00000000E+000  0.00000000E+000  0.00000000E+000  0.79226200E+000  0.16103540E+002  0.78009194E+002  0.25802747E+003  0.26966340E+003
  0.00000000E+000  0.00000000E+000  0.00000000E+000  0.00000000E+000  0.00000000E+000  0.00000000E+000  0.79225307E+000  0.16103375E+002  0.78008643E+002  0.25802656E+003  0.26966132E+003
  0.00000000E+000  0.00000000E+000  0.00000000E+000  0.00000000E+000  0.00000000E+000  0.00000000E+000  0.79224357E+000  0.16103205E+002  0.78008074E+002  0.25802573E+003  0.26965947E+003
  0.00000000E+000  0.00000000E+000  0.00000000E+000  0.00000000E+000  0.00000000E+000  0.00000000E+000  0.79223343E+000  0.16103030E+002  0.78007485E+002  0.25802498E+003  0.26965784E+003
  0.00000000E+000  0.00000000E+000  0.00000000E+000  0.00000000E+000  0.00000000E+000  0.00000000E+000  0.79222260E+000  0.16102850E+002  0.78006878E+002  0.25802430E+003  0.26965639E+003
  0.00000000E+000  0.00000000E+000  0.00000000E+000  0.00000000E+000  0.00000000E+000  0.00000000E+000  0.79221102E+000  0.16102664E+002  0.78006250E+002  0.25802368E+003  0.26965512E+003
  0.00000000E+000  0.00000000E+000  0.00000000E+000  0.00000000E+000  0.00000000E+000  0.00000000E+000  0.79219864E+000  0.16102474E+002  0.78005602E+002  0.25802313E+003  0.26965402E+003
  0.00000000E+000  0.00000000E+000  0.00000000E+000  0.00000000E+000  0.00000000E+000  0.00000000E+000  0.79218538E+000  0.16102278E+002  0.78004934E+002  0.25802263E+003  0.26965305E+003
  0.00000000E+000  0.00000000E+000  0.00000000E+000  0.00000000E+000  0.00000000E+000  0.00000000E+000  0.79217119E+000  0.16102077E+002  0.78004245E+002  0.25802218E+003  0.26965222E+003
  0.00000000E+000  0.00000000E+000  0.00000000E+000  0.00000000E+000  0.00000000E+000  0.00000000E+000  0.79215601E+000  0.16101871E+002  0.78003536E+002  0.25802178E+003  0.26965151E+003
  0.00000000E+000  0.00000000E+000  0.00000000E+000  0.00000000E+000  0.00000000E+000  0.00000000E+000  0.79213979E+000  0.16101660E+002  0.78002805E+002  0.25802142E+003  0.26965090E+003
  0.00000000E+000  0.00000000E+000  0.00000000E+000  0.00000000E+000  0.00000000E+000  0.00000000E+000  0.79212247E+000  0.16101444E+002  0.78002053E+002  0.25802109E+003  0.26965038E+003
  0.00000000E+000  0.00000000E+000  0.00000000E+000  0.00000000E+000  0.00000000E+000  0.00000000E+000  0.79210401E+000  0.16101224E+002  0.78001279E+002  0.25802079E+003  0.26964994E+003
  0.00000000E+000  0.00000000E+000  0.00000000E+000  0.00000000E+000  0.00000000E+000  0.00000000E+000  0.79208438E+000  0.16100999E+002  0.78000484E+002  0.25802052E+003  0.26964957E+003
  0.00000000E+000  0.00000000E+000  0.00000000E+000  0.00000000E+000  0.00000000E+000  0.00000000E+000  0.79206355E+000  0.16100770E+002  0.77999667E+002  0.25802027E+003  0.26964927E+003
  0.00000000E+000  0.00000000E+000  0.00000000E+000  0.00000000E+000  0.00000000E+000  0.00000000E+000  0.79204151E+000  0.16100536E+002  0.77998828E+002  0.25802005E+003  0.26964901E+003
  0.00000000E+000  0.00000000E+000  0.00000000E+000  0.00000000E+000  0.00000000E+000  0.00000000E+000  0.79201826E+000  0.16100299E+002  0.77997967E+002  0.25801984E+003  0.26964881E+003
  0.00000000E+000  0.00000000E+000  0.00000000E+000  0.00000000E+000  0.00000000E+000  0.00000000E+000  0.79199381E+000  0.16100057E+002  0.77997084E+002  0.25801965E+003  0.26964864E+003
  0.00000000E+000  0.00000000E+000  0.00000000E+000  0.00000000E+000  0.00000000E+000  0.00000000E+000  0.79196818E+000  0.16099812E+002  0.77996179E+002  0.25801947E+003  0.26964851E+003
  0.00000000E+000  0.00000000E+000  0.00000000E+000  0.00000000E+000  0.00000000E+000  0.00000000E+000  0.79194143E+000  0.16099563E+002  0.77995251E+002  0.25801931E+003  0.26964840E+003
  0.00000000E+000  0.00000000E+000  0.00000000E+000  0.00000000E+000  0.00000000E+000  0.00000000E+000  0.79191360E+000  0.16099312E+002  0.77994301E+002  0.25801915E+003  0.26964832E+003
  0.00000000E+000  0.00000000E+000  0.00000000E+000  0.00000000E+000  0.00000000E+000  0.00000000E+000  0.79188477E+000  0.16099056E+002  0.77993328E+002  0.25801900E+003  0.26964826E+003
  0.00000000E+000  0.00000000E+000  0.00000000E+000  0.00000000E+000  0.00000000E+000  0.00000000E+000  0.79185502E+000  0.16098798E+002  0.77992333E+002  0.25801886E+003  0.26964822E+003
  0.00000000E+000  0.00000000E+000  0.00000000E+000  0.00000000E+000  0.00000000E+000  0.00000000E+000  0.79182447E+000  0.16098538E+002  0.77991315E+002  0.25801873E+003  0.26964819E+003
  0.00000000E+000  0.00000000E+000  0.00000000E+000  0.00000000E+000  0.00000000E+000  0.00000000E+000  0.79179321E+000  0.16098274E+002  0.77990275E+002  0.25801860E+003  0.26964817E+003
  0.00000000E+000  0.00000000E+000  0.00000000E+000  0.00000000E+000  0.00000000E+000  0.00000000E+000  0.79176137E+000  0.16098009E+002  0.77989213E+002  0.25801848E+003  0.26964816E+003
  0.00000000E+000  0.00000000E+000  0.00000000E+000  0.00000000E+000  0.00000000E+000  0.00000000E+000  0.79172908E+000  0.16097741E+002  0.77988128E+002  0.25801836E+003  0.26964816E+003
  0.00000000E+000  0.00000000E+000  0.00000000E+000  0.00000000E+000  0.00000000E+000  0.00000000E+000  0.79169649E+000  0.16097470E+002  0.77987022E+002  0.25801824E+003  0.26964816E+003
  0.00000000E+000  0.00000000E+000  0.00000000E+000  0.00000000E+000  0.00000000E+000  0.00000000E+000  0.79166374E+000  0.16097198E+002  0.77985894E+002  0.25801812E+003  0.26964817E+003
  0.00000000E+000  0.00000000E+000  0.00000000E+000  0.00000000E+000  0.00000000E+000  0.00000000E+000  0.79163098E+000  0.16096924E+002  0.77984744E+002  0.25801801E+003  0.26964818E+003
  0.00000000E+000  0.00000000E+000  0.00000000E+000  0.00000000E+000  0.00000000E+000  0.00000000E+000  0.79159836E+000  0.16096647E+002  0.77983574E+002  0.25801790E+003  0.26964820E+003
  0.00000000E+000  0.00000000E+000  0.00000000E+000  0.00000000E+000  0.00000000E+000  0.00000000E+000  0.79156602E+000  0.16096368E+002  0.77982384E+002  0.25801779E+003  0.26964821E+003
  0.00000000E+000  0.00000000E+000  0.00000000E+000  0.00000000E+000  0.00000000E+000  0.00000000E+000  0.79153412E+000  0.16096087E+002  0.77981173E+002  0.25801767E+003  0.26964823E+003
  0.00000000E+000  0.00000000E+000  0.00000000E+000  0.00000000E+000  0.00000000E+000  0.00000000E+000  0.79150280E+000  0.16095803E+002  0.77979944E+002  0.25801756E+003  0.26964825E+003
  0.00000000E+000  0.00000000E+000  0.00000000E+000  0.00000000E+000  0.00000000E+000  0.00000000E+000  0.79147220E+000  0.16095516E+002  0.77978696E+002  0.25801745E+003  0.26964826E+003
  0.00000000E+000  0.00000000E+000  0.00000000E+000  0.00000000E+000  0.00000000E+000  0.00000000E+000  0.79144244E+000  0.16095226E+002  0.77977430E+002  0.25801734E+003  0.26964828E+003
  0.00000000E+000  0.00000000E+000  0.00000000E+000  0.00000000E+000  0.00000000E+000  0.00000000E+000  0.79141365E+000  0.16094932E+002  0.77976148E+002  0.25801723E+003  0.26964830E+003
  0.00000000E+000  0.00000000E+000  0.00000000E+000  0.00000000E+000  0.00000000E+000  0.00000000E+000  0.79138594E+000  0.16094633E+002  0.77974851E+002  0.25801711E+003  0.26964831E+003
  0.00000000E+000  0.00000000E+000  0.00000000E+000  0.00000000E+000  0.00000000E+000  0.00000000E+000  0.79135940E+000  0.16094329E+002  0.77973538E+002  0.25801700E+003  0.26964832E+003
  0.00000000E+000  0.00000000E+000  0.00000000E+000  0.00000000E+000  0.00000000E+000  0.00000000E+000  0.79133414E+000  0.16094019E+002  0.77972213E+002  0.25801688E+003  0.26964833E+003
  0.00000000E+000  0.00000000E+000  0.00000000E+000  0.00000000E+000  0.00000000E+000  0.00000000E+000  0.79131023E+000  0.16093703E+002  0.77970875E+002  0.25801676E+003  0.26964834E+003
  0.00000000E+000  0.00000000E+000  0.00000000E+000  0.00000000E+000  0.00000000E+000  0.00000000E+000  0.79128773E+000  0.16093379E+002  0.77969527E+002  0.25801664E+003  0.26964834E+003
  0.00000000E+000  0.00000000E+000  0.00000000E+000  0.00000000E+000  0.00000000E+000  0.00000000E+000  0.79126670E+000  0.16093046E+002  0.77968169E+002  0.25801651E+003  0.26964834E+003
  0.00000000E+000  0.00000000E+000  0.00000000E+000  0.00000000E+000  0.00000000E+000  0.00000000E+000  0.79124718E+000  0.16092705E+002  0.77966802E+002  0.25801638E+003  0.26964834E+003
  0.00000000E+000  0.00000000E+000  0.00000000E+000  0.00000000E+000  0.00000000E+000  0.00000000E+000  0.79122920E+000  0.16092354E+002  0.77965428E+002  0.25801625E+003  0.26964834E+003
  0.00000000E+000  0.00000000E+000  0.00000000E+000  0.00000000E+000  0.00000000E+000  0.00000000E+000  0.79121278E+000  0.16091992E+002  0.77964048E+002  0.25801612E+003  0.26964833E+003
  0.00000000E+000  0.00000000E+000  0.00000000E+000  0.00000000E+000  0.00000000E+000  0.00000000E+000  0.79119792E+000  0.16091619E+002  0.77962663E+002  0.25801598E+003  0.26964832E+003
  0.00000000E+000  0.00000000E+000  0.00000000E+000  0.00000000E+000  0.00000000E+000  0.00000000E+000  0.79118462E+000  0.16091234E+002  0.77961273E+002  0.25801584E+003  0.26964830E+003
  0.00000000E+000  0.00000000E+000  0.00000000E+000  0.00000000E+000  0.00000000E+000  0.00000000E+000  0.79117288E+000  0.16090837E+002  0.77959880E+002  0.25801570E+003  0.26964829E+003
  0.00000000E+000  0.00000000E+000  0.00000000E+000  0.00000000E+000  0.00000000E+000  0.00000000E+000  0.79116266E+000  0.16090429E+002  0.77958484E+002  0.25801555E+003  0.26964826E+003
  0.00000000E+000  0.00000000E+000  0.00000000E+000  0.00000000E+000  0.00000000E+000  0.00000000E+000  0.79115393E+000  0.16090008E+002  0.77957084E+002  0.25801540E+003  0.26964824E+003
  0.00000000E+000  0.00000000E+000  0.00000000E+000  0.00000000E+000  0.00000000E+000  0.00000000E+000  0.79114666E+000  0.16089576E+002  0.77955682E+002  0.25801524E+003  0.26964821E+003
  0.00000000E+000  0.00000000E+000  0.00000000E+000  0.00000000E+000  0.00000000E+000  0.00000000E+000  0.79114080E+000  0.16089132E+002  0.77954276E+002  0.25801509E+003  0.26964817E+003
  0.00000000E+000  0.00000000E+000  0.00000000E+000  0.00000000E+000  0.00000000E+000  0.00000000E+000  0.79113629E+000  0.16088679E+002  0.77952866E+002  0.25801492E+003  0.26964814E+003
  0.00000000E+000  0.00000000E+000  0.00000000E+000  0.00000000E+000  0.00000000E+000  0.00000000E+000  0.79113308E+000  0.16088215E+002  0.77951450E+002  0.25801476E+003  0.26964809E+003
  0.00000000E+000  0.00000000E+000  0.00000000E+000  0.00000000E+000  0.00000000E+000  0.00000000E+000  0.79113111E+000  0.16087744E+002  0.77950027E+002  0.25801459E+003  0.26964805E+003
  0.00000000E+000  0.00000000E+000  0.00000000E+000  0.00000000E+000  0.00000000E+000  0.00000000E+000  0.79113030E+000  0.16087266E+002  0.77948594E+002  0.25801441E+003  0.26964800E+003
  0.00000000E+000  0.00000000E+000  0.00000000E+000  0.00000000E+000  0.00000000E+000  0.00000000E+000  0.79113060E+000  0.16086784E+002  0.77947151E+002  0.25801423E+003  0.26964794E+003
  0.00000000E+000  0.00000000E+000  0.00000000E+000  0.00000000E+000  0.00000000E+000  0.00000000E+000  0.79113192E+000  0.16086299E+002  0.77945694E+002  0.25801405E+003  0.26964789E+003
  0.00000000E+000  0.00000000E+000  0.00000000E+000  0.00000000E+000  0.00000000E+000  0.00000000E+000  0.79113418E+000  0.16085813E+002  0.77944219E+002  0.25801387E+003  0.26964782E+003
  0.00000000E+000  0.00000000E+000  0.00000000E+000  0.00000000E+000  0.00000000E+000  0.00000000E+000  0.79113733E+000  0.16085328E+002  0.77942726E+002  0.25801368E+003  0.26964776E+003
  0.00000000E+000  0.00000000E+000  0.00000000E+000  0.00000000E+000  0.00000000E+000  0.00000000E+000  0.79114127E+000  0.16084847E+002  0.77941209E+002  0.25801349E+003  0.26964769E+003
  0.00000000E+000  0.00000000E+000  0.00000000E+000  0.00000000E+000  0.00000000E+000  0.00000000E+000  0.79114593E+000  0.16084373E+002  0.77939667E+002  0.25801330E+003  0.26964762E+003
  0.00000000E+000  0.00000000E+000  0.00000000E+000  0.00000000E+000  0.00000000E+000  0.00000000E+000  0.79115124E+000  0.16083908E+002  0.77938097E+002  0.25801311E+003  0.26964754E+003
  0.00000000E+000  0.00000000E+000  0.00000000E+000  0.00000000E+000  0.00000000E+000  0.00000000E+000  0.79115712E+000  0.16083453E+002  0.77936495E+002  0.25801291E+003  0.26964746E+003
  0.00000000E+000  0.00000000E+000  0.00000000E+000  0.00000000E+000  0.00000000E+000  0.00000000E+000  0.79116349E+000  0.16083012E+002  0.77934860E+002  0.25801271E+003  0.26964737E+003
  0.00000000E+000  0.00000000E+000  0.00000000E+000  0.00000000E+000  0.00000000E+000  0.00000000E+000  0.79117028E+000  0.16082586E+002  0.77933190E+002  0.25801250E+003  0.26964728E+003
  0.00000000E+000  0.00000000E+000  0.00000000E+000  0.00000000E+000  0.00000000E+000  0.00000000E+000  0.79117743E+000  0.16082178E+002  0.77931484E+002  0.25801230E+003  0.26964719E+003
  0.00000000E+000  0.00000000E+000  0.00000000E+000  0.00000000E+000  0.00000000E+000  0.00000000E+000  0.79118485E+000  0.16081790E+002  0.77929742E+002  0.25801209E+003  0.26964710E+003
  0.00000000E+000  0.00000000E+000  0.00000000E+000  0.00000000E+000  0.00000000E+000  0.00000000E+000  0.79119249E+000  0.16081422E+002  0.77927964E+002  0.25801188E+003  0.26964700E+003
  0.00000000E+000  0.00000000E+000  0.00000000E+000  0.00000000E+000  0.00000000E+000  0.00000000E+000  0.79120029E+000  0.16081077E+002  0.77926152E+002  0.25801167E+003  0.26964689E+003
  0.00000000E+000  0.00000000E+000  0.00000000E+000  0.00000000E+000  0.00000000E+000  0.00000000E+000  0.79120817E+000  0.16080756E+002  0.77924308E+002  0.25801145E+003  0.26964678E+003
  0.00000000E+000  0.00000000E+000  0.00000000E+000  0.00000000E+000  0.00000000E+000  0.00000000E+000  0.79121610E+000  0.16080459E+002  0.77922436E+002  0.25801124E+003  0.26964667E+003
  0.00000000E+000  0.00000000E+000  0.00000000E+000  0.00000000E+000  0.00000000E+000  0.00000000E+000  0.79122400E+000  0.16080187E+002  0.77920541E+002  0.25801102E+003  0.26964655E+003
  0.00000000E+000  0.00000000E+000  0.00000000E+000  0.00000000E+000  0.00000000E+000  0.00000000E+000  0.79123184E+000  0.16079941E+002  0.77918627E+002  0.25801079E+003  0.26964643E+003
  0.00000000E+000  0.00000000E+000  0.00000000E+000  0.00000000E+000  0.00000000E+000  0.00000000E+000  0.79123957E+000  0.16079721E+002  0.77916702E+002  0.25801056E+003  0.26964631E+003
  0.00000000E+000  0.00000000E+000  0.00000000E+000  0.00000000E+000  0.00000000E+000  0.00000000E+000  0.79124714E+000  0.16079525E+002  0.77914772E+002  0.25801033E+003  0.26964618E+003
  0.00000000E+000  0.00000000E+000  0.00000000E+000  0.00000000E+000  0.00000000E+000  0.00000000E+000  0.79125452E+000  0.16079355E+002  0.77912845E+002  0.25801009E+003  0.26964604E+003
  0.00000000E+000  0.00000000E+000  0.00000000E+000  0.00000000E+000  0.00000000E+000  0.00000000E+000  0.79126168E+000  0.16079210E+002  0.77910930E+002  0.25800985E+003  0.26964590E+003
  0.00000000E+000  0.00000000E+000  0.00000000E+000  0.00000000E+000  0.00000000E+000  0.00000000E+000  0.79126858E+000  0.16079088E+002  0.77909035E+002  0.25800960E+003  0.26964575E+003
  0.00000000E+000  0.00000000E+000  0.00000000E+000  0.00000000E+000  0.00000000E+000  0.00000000E+000  0.79127520E+000  0.16078989E+002  0.77907170E+002  0.25800935E+003  0.26964560E+003
  0.00000000E+000  0.00000000E+000  0.00000000E+000  0.00000000E+000  0.00000000E+000  0.00000000E+000  0.79128152E+000  0.16078911E+002  0.77905343E+002  0.25800910E+003  0.26964545E+003
  0.00000000E+000  0.00000000E+000  0.00000000E+000  0.00000000E+000  0.00000000E+000  0.00000000E+000  0.79128751E+000  0.16078854E+002  0.77903563E+002  0.25800883E+003  0.26964529E+003
  0.00000000E+000  0.00000000E+000  0.00000000E+000  0.00000000E+000  0.00000000E+000  0.00000000E+000  0.79129318E+000  0.16078816E+002  0.77901839E+002  0.25800856E+003  0.26964512E+003
  0.00000000E+000  0.00000000E+000  0.00000000E+000  0.00000000E+000  0.00000000E+000  0.00000000E+000  0.79129850E+000  0.16078795E+002  0.77900180E+002  0.25800829E+003  0.26964495E+003
  0.00000000E+000  0.00000000E+000  0.00000000E+000  0.00000000E+000  0.00000000E+000  0.00000000E+000  0.79130347E+000  0.16078791E+002  0.77898591E+002  0.25800801E+003  0.26964478E+003
  0.00000000E+000  0.00000000E+000  0.00000000E+000  0.00000000E+000  0.00000000E+000  0.00000000E+000  0.79130808E+000  0.16078802E+002  0.77897082E+002  0.25800773E+003  0.26964460E+003
  0.00000000E+000  0.00000000E+000  0.00000000E+000  0.00000000E+000  0.00000000E+000  0.00000000E+000  0.79131235E+000  0.16078826E+002  0.77895657E+002  0.25800744E+003  0.26964442E+003
  0.00000000E+000  0.00000000E+000  0.00000000E+000  0.00000000E+000  0.00000000E+000  0.00000000E+000  0.79131626E+000  0.16078861E+002  0.77894321E+002  0.25800715E+003  0.26964423E+003
  0.00000000E+000  0.00000000E+000  0.00000000E+000  0.00000000E+000  0.00000000E+000  0.00000000E+000  0.79131983E+000  0.16078907E+002  0.77893078E+002  0.25800686E+003  0.26964405E+003
  0.00000000E+000  0.00000000E+000  0.00000000E+000  0.00000000E+000  0.00000000E+000  0.00000000E+000  0.79132306E+000  0.16078961E+002  0.77891932E+002  0.25800657E+003  0.26964386E+003
  0.00000000E+000  0.00000000E+000  0.00000000E+000  0.00000000E+000  0.00000000E+000  0.00000000E+000  0.79132596E+000  0.16079023E+002  0.77890885E+002  0.25800628E+003  0.26964367E+003
  0.00000000E+000  0.00000000E+000  0.00000000E+000  0.00000000E+000  0.00000000E+000  0.00000000E+000  0.79132854E+000  0.16079092E+002  0.77889937E+002  0.25800598E+003  0.26964348E+003
  0.00000000E+000  0.00000000E+000  0.00000000E+000  0.00000000E+000  0.00000000E+000  0.00000000E+000  0.79133081E+000  0.16079165E+002  0.77889087E+002  0.25800569E+003  0.26964329E+003
  0.00000000E+000  0.00000000E+000  0.00000000E+000  0.00000000E+000  0.00000000E+000  0.00000000E+000  0.79133280E+000  0.16079242E+002  0.77888336E+002  0.25800540E+003  0.26964311E+003
  0.00000000E+000  0.00000000E+000  0.00000000E+000  0.00000000E+000  0.00000000E+000  0.00000000E+000  0.79133451E+000  0.16079321E+002  0.77887681E+002  0.25800512E+003  0.26964293E+003
  0.00000000E+000  0.00000000E+000  0.00000000E+000  0.00000000E+000  0.00000000E+000  0.00000000E+000  0.79133596E+000  0.16079402E+002  0.77887120E+002  0.25800484E+003  0.26964274E+003
  0.00000000E+000  0.00000000E+000  0.00000000E+000  0.00000000E+000  0.00000000E+000  0.00000000E+000  0.79133716E+000  0.16079484E+002  0.77886647E+002  0.25800457E+003  0.26964257E+003
  0.00000000E+000  0.00000000E+000  0.00000000E+000  0.00000000E+000  0.00000000E+000  0.00000000E+000  0.79133814E+000  0.16079565E+002  0.77886261E+002  0.25800431E+003  0.26964240E+003
  0.00000000E+000  0.00000000E+000  0.00000000E+000  0.00000000E+000  0.00000000E+000  0.00000000E+000  0.79133890E+000  0.16079646E+002  0.77885955E+002  0.25800406E+003  0.26964223E+003
  0.00000000E+000  0.00000000E+000  0.00000000E+000  0.00000000E+000  0.00000000E+000  0.00000000E+000  0.79133947E+000  0.16079725E+002  0.77885724E+002  0.25800382E+003  0.26964207E+003
  0.00000000E+000  0.00000000E+000  0.00000000E+000  0.00000000E+000  0.00000000E+000  0.00000000E+000  0.79133985E+000  0.16079802E+002  0.77885564E+002  0.25800359E+003  0.26964192E+003
  0.00000000E+000  0.00000000E+000  0.00000000E+000  0.00000000E+000  0.00000000E+000  0.00000000E+000  0.79134007E+000  0.16079876E+002  0.77885468E+002  0.25800337E+003  0.26964177E+003
  0.00000000E+000  0.00000000E+000  0.00000000E+000  0.00000000E+000  0.00000000E+000  0.00000000E+000  0.79134014E+000  0.16079947E+002  0.77885429E+002  0.25800316E+003  0.26964163E+003
  0.00000000E+000  0.00000000E+000  0.00000000E+000  0.00000000E+000  0.00000000E+000  0.00000000E+000  0.79134008E+000  0.16080014E+002  0.77885443E+002  0.25800297E+003  0.26964150E+003
  0.00000000E+000  0.00000000E+000  0.00000000E+000  0.00000000E+000  0.00000000E+000  0.00000000E+000  0.79133989E+000  0.16080078E+002  0.77885503E+002  0.25800279E+003  0.26964138E+003
  0.00000000E+000  0.00000000E+000  0.00000000E+000  0.00000000E+000  0.00000000E+000  0.00000000E+000  0.79133960E+000  0.16080138E+002  0.77885604E+002  0.25800263E+003  0.26964127E+003
  0.00000000E+000  0.00000000E+000  0.00000000E+000  0.00000000E+000  0.00000000E+000  0.00000000E+000  0.79133922E+000  0.16080193E+002  0.77885739E+002  0.25800248E+003  0.26964116E+003
  0.00000000E+000  0.00000000E+000  0.00000000E+000  0.00000000E+000  0.00000000E+000  0.00000000E+000  0.79133876E+000  0.16080245E+002  0.77885902E+002  0.25800234E+003  0.26964107E+003
  0.00000000E+000  0.00000000E+000  0.00000000E+000  0.00000000E+000  0.00000000E+000  0.00000000E+000  0.79133823E+000  0.16080291E+002  0.77886090E+002  0.25800222E+003  0.26964098E+003
  0.00000000E+000  0.00000000E+000  0.00000000E+000  0.00000000E+000  0.00000000E+000  0.00000000E+000  0.79133765E+000  0.16080334E+002  0.77886296E+002  0.25800211E+003  0.26964090E+003
  0.00000000E+000  0.00000000E+000  0.00000000E+000  0.00000000E+000  0.00000000E+000  0.00000000E+000  0.79133702E+000  0.16080372E+002  0.77886517E+002  0.25800202E+003  0.26964083E+003
  0.00000000E+000  0.00000000E+000  0.00000000E+000  0.00000000E+000  0.00000000E+000  0.00000000E+000  0.79133637E+000  0.16080406E+002  0.77886748E+002  0.25800194E+003  0.26964077E+003
  0.00000000E+000  0.00000000E+000  0.00000000E+000  0.00000000E+000  0.00000000E+000  0.00000000E+000  0.79133569E+000  0.16080437E+002  0.77886984E+002  0.25800187E+003  0.26964072E+003
  0.00000000E+000  0.00000000E+000  0.00000000E+000  0.00000000E+000  0.00000000E+000  0.00000000E+000  0.79133500E+000  0.16080463E+002  0.77887224E+002  0.25800181E+003  0.26964067E+003
  0.00000000E+000  0.00000000E+000  0.00000000E+000  0.00000000E+000  0.00000000E+000  0.00000000E+000  0.79133432E+000  0.16080485E+002  0.77887463E+002  0.25800176E+003  0.26964063E+003
  0.00000000E+000  0.00000000E+000  0.00000000E+000  0.00000000E+000  0.00000000E+000  0.00000000E+000  0.79133364E+000  0.16080505E+002  0.77887699E+002  0.25800173E+003  0.26964060E+003
  0.00000000E+000  0.00000000E+000  0.00000000E+000  0.00000000E+000  0.00000000E+000  0.00000000E+000  0.79133298E+000  0.16080520E+002  0.77887929E+002  0.25800170E+003  0.26964058E+003
  0.00000000E+000  0.00000000E+000  0.00000000E+000  0.00000000E+000  0.00000000E+000  0.00000000E+000  0.79133234E+000  0.16080533E+002  0.77888152E+002  0.25800168E+003  0.26964056E+003
  0.00000000E+000  0.00000000E+000  0.00000000E+000  0.00000000E+000  0.00000000E+000  0.00000000E+000  0.79133174E+000  0.16080543E+002  0.77888366E+002  0.25800167E+003  0.26964055E+003
  0.00000000E+000  0.00000000E+000  0.00000000E+000  0.00000000E+000  0.00000000E+000  0.00000000E+000  0.79133119E+000  0.16080551E+002  0.77888569E+002  0.25800167E+003  0.26964054E+003
  0.00000000E+000  0.00000000E+000  0.00000000E+000  0.00000000E+000  0.00000000E+000  0.00000000E+000  0.79133067E+000  0.16080556E+002  0.77888762E+002  0.25800167E+003  0.26964054E+003
  0.00000000E+000  0.00000000E+000  0.00000000E+000  0.00000000E+000  0.00000000E+000  0.00000000E+000  0.79133021E+000  0.16080560E+002  0.77888942E+002  0.25800168E+003  0.26964054E+003
  0.00000000E+000  0.00000000E+000  0.00000000E+000  0.00000000E+000  0.00000000E+000  0.00000000E+000  0.79132981E+000  0.16080562E+002  0.77889110E+002  0.25800169E+003  0.26964054E+003
  0.00000000E+000  0.00000000E+000  0.00000000E+000  0.00000000E+000  0.00000000E+000  0.00000000E+000  0.79132946E+000  0.16080562E+002  0.77889265E+002  0.25800171E+003  0.26964055E+003
  0.00000000E+000  0.00000000E+000  0.00000000E+000  0.00000000E+000  0.00000000E+000  0.00000000E+000  0.79132918E+000  0.16080561E+002  0.77889407E+002  0.25800173E+003  0.26964057E+003
  0.00000000E+000  0.00000000E+000  0.00000000E+000  0.00000000E+000  0.00000000E+000  0.00000000E+000  0.79132897E+000  0.16080559E+002  0.77889537E+002  0.25800176E+003  0.26964058E+003
  0.00000000E+000  0.00000000E+000  0.00000000E+000  0.00000000E+000  0.00000000E+000  0.00000000E+000  0.79132882E+000  0.16080556E+002  0.77889655E+002  0.25800178E+003  0.26964060E+003
  0.00000000E+000  0.00000000E+000  0.00000000E+000  0.00000000E+000  0.00000000E+000  0.00000000E+000  0.79132874E+000  0.16080553E+002  0.77889760E+002  0.25800181E+003  0.26964061E+003
  0.00000000E+000  0.00000000E+000  0.00000000E+000  0.00000000E+000  0.00000000E+000  0.00000000E+000  0.79132872E+000  0.16080550E+002  0.77889855E+002  0.25800184E+003  0.26964063E+003
  0.00000000E+000  0.00000000E+000  0.00000000E+000  0.00000000E+000  0.00000000E+000  0.00000000E+000  0.79132877E+000  0.16080546E+002  0.77889939E+002  0.25800187E+003  0.26964065E+003
  0.00000000E+000  0.00000000E+000  0.00000000E+000  0.00000000E+000  0.00000000E+000  0.00000000E+000  0.79132888E+000  0.16080542E+002  0.77890013E+002  0.25800190E+003  0.26964067E+003
  0.00000000E+000  0.00000000E+000  0.00000000E+000  0.00000000E+000  0.00000000E+000  0.00000000E+000  0.79132905E+000  0.16080539E+002  0.77890077E+002  0.25800193E+003  0.26964070E+003
  0.00000000E+000  0.00000000E+000  0.00000000E+000  0.00000000E+000  0.00000000E+000  0.00000000E+000  0.79132927E+000  0.16080536E+002  0.77890134E+002  0.25800196E+003  0.26964072E+003
  0.00000000E+000  0.00000000E+000  0.00000000E+000  0.00000000E+000  0.00000000E+000  0.00000000E+000  0.79132955E+000  0.16080533E+002  0.77890182E+002  0.25800198E+003  0.26964074E+003
  0.00000000E+000  0.00000000E+000  0.00000000E+000  0.00000000E+000  0.00000000E+000  0.00000000E+000  0.79132986E+000  0.16080531E+002  0.77890224E+002  0.25800201E+003  0.26964076E+003
  0.00000000E+000  0.00000000E+000  0.00000000E+000  0.00000000E+000  0.00000000E+000  0.00000000E+000  0.79133022E+000  0.16080529E+002  0.77890260E+002  0.25800204E+003  0.26964078E+003
  0.00000000E+000  0.00000000E+000  0.00000000E+000  0.00000000E+000  0.00000000E+000  0.00000000E+000  0.79133061E+000  0.16080528E+002  0.77890290E+002  0.25800206E+003  0.26964080E+003
  0.00000000E+000  0.00000000E+000  0.00000000E+000  0.00000000E+000  0.00000000E+000  0.00000000E+000  0.79133103E+000  0.16080527E+002  0.77890316E+002  0.25800209E+003  0.26964082E+003
  0.00000000E+000  0.00000000E+000  0.00000000E+000  0.00000000E+000  0.00000000E+000  0.00000000E+000  0.79133147E+000  0.16080527E+002  0.77890338E+002  0.25800211E+003  0.26964084E+003
  0.00000000E+000  0.00000000E+000  0.00000000E+000  0.00000000E+000  0.00000000E+000  0.00000000E+000  0.79133192E+000  0.16080528E+002  0.77890356E+002  0.25800213E+003  0.26964086E+003
  0.00000000E+000  0.00000000E+000  0.00000000E+000  0.00000000E+000  0.00000000E+000  0.00000000E+000  0.79133238E+000  0.16080529E+002  0.77890372E+002  0.25800215E+003  0.26964087E+003
  0.00000000E+000  0.00000000E+000  0.00000000E+000  0.00000000E+000  0.00000000E+000  0.00000000E+000  0.79133284E+000  0.16080531E+002  0.77890386E+002  0.25800217E+003  0.26964089E+003
  0.00000000E+000  0.00000000E+000  0.00000000E+000  0.00000000E+000  0.00000000E+000  0.00000000E+000  0.79133330E+000  0.16080534E+002  0.77890398E+002  0.25800219E+003  0.26964090E+003
  0.00000000E+000  0.00000000E+000  0.00000000E+000  0.00000000E+000  0.00000000E+000  0.00000000E+000  0.79133374E+000  0.16080537E+002  0.77890409E+002  0.25800220E+003  0.26964091E+003
  0.00000000E+000  0.00000000E+000  0.00000000E+000  0.00000000E+000  0.00000000E+000  0.00000000E+000  0.79133416E+000  0.16080541E+002  0.77890419E+002  0.25800221E+003  0.26964092E+003
  0.00000000E+000  0.00000000E+000  0.00000000E+000  0.00000000E+000  0.00000000E+000  0.00000000E+000  0.79133456E+000  0.16080545E+002  0.77890428E+002  0.25800223E+003  0.26964094E+003
  0.00000000E+000  0.00000000E+000  0.00000000E+000  0.00000000E+000  0.00000000E+000  0.00000000E+000  0.79133493E+000  0.16080549E+002  0.77890438E+002  0.25800224E+003  0.26964095E+003
  0.00000000E+000  0.00000000E+000  0.00000000E+000  0.00000000E+000  0.00000000E+000  0.00000000E+000  0.79133528E+000  0.16080554E+002  0.77890448E+002  0.25800225E+003  0.26964096E+003
