  0.18920550E+000  0.25339768E+000  0.35513668E+000  0.47929907E+000  0.75707126E+000  0.10167415E+001  0.17175354E+001  0.31407621E+001  0.42654650E+001  0.57517109E+001  0.67211915E+001
  0.18926195E+000  0.25339702E+000  0.35447415E+000  0.47938063E+000  0.75711375E+000  0.10120234E+001  0.17113470E+001  0.31297792E+001  0.42625466E+001  0.57162455E+001  0.66714440E+001
  0.18922582E+000  0.25339702E+000  0.35447078E+000  0.47932833E+000  0.75708653E+000  0.10113789E+001  0.17079997E+001  0.31297582E+001  0.42624669E+001  0.56956176E+001  0.66443726E+001
  0.18922757E+000  0.25339658E+000  0.35453550E+000  0.47932898E+000  0.75713710E+000  0.10093013E+001  0.17079350E+001  0.31297808E+001  0.42624814E+001  0.56799374E+001  0.66235734E+001
  0.18928655E+000  0.25339658E+000  0.35404392E+000  0.47937199E+000  0.75713315E+000  0.10096798E+001  0.17079292E+001  0.31297657E+001  0.42555981E+001  0.56673229E+001  0.66068975E+001
  0.18927228E+000  0.25339658E+000  0.35360048E+000  0.47937827E+000  0.75711656E+000  0.10089973E+001  0.17068203E+001  0.31297702E+001  0.42510547E+001  0.56570807E+001  0.65931702E+001
  0.18912964E+000  0.25339656E+000  0.35442680E+000  0.47938062E+000  0.75705239E+000  0.10078476E+001  0.17053634E+001  0.31297444E+001  0.42513583E+001  0.56535948E+001  0.65819237E+001
  0.18928092E+000  0.25339646E+000  0.35450622E+000  0.47935647E+000  0.75698721E+000  0.10069426E+001  0.17041493E+001  0.31297650E+001  0.42513754E+001  0.56524442E+001  0.65723501E+001
  0.18920413E+000  0.25339648E+000  0.35423911E+000  0.47938048E+000  0.75701477E+000  0.10064511E+001  0.17031337E+001  0.31297232E+001  0.42512965E+001  0.56450371E+001  0.65643777E+001
  0.18927811E+000  0.25339647E+000  0.35417951E+000  0.47938535E+000  0.75710798E+000  0.10057585E+001  0.17022790E+001  0.31297239E+001  0.42499574E+001  0.56399019E+001  0.65577051E+001
  0.18925105E+000  0.25339648E+000  0.35412992E+000  0.47934143E+000  0.75710926E+000  0.10050739E+001  0.17015591E+001  0.31297527E+001  0.42471284E+001  0.56350494E+001  0.65520745E+001
  0.18922820E+000  0.25339843E+000  0.35408845E+000  0.47936774E+000  0.75707449E+000  0.10050734E+001  0.17009510E+001  0.31297472E+001  0.42447641E+001  0.56308804E+001  0.65474731E+001
  0.18920885E+000  0.25339650E+000  0.35405361E+000  0.47933720E+000  0.75709745E+000  0.10050738E+001  0.17004359E+001  0.31296873E+001  0.42427152E+001  0.56273657E+001  0.65433217E+001
  0.18919242E+000  0.25339651E+000  0.35445021E+000  0.47931122E+000  0.75709860E+000  0.10050730E+001  0.16997724E+001  0.31293532E+001  0.42410046E+001  0.56243932E+001  0.65399069E+001
  0.18917842E+000  0.25339652E+000  0.35434304E+000  0.47934583E+000  0.75712785E+000  0.10048341E+001  0.16991052E+001  0.31281141E+001  0.42395367E+001  0.56218454E+001  0.65369961E+001
  0.18916637E+000  0.25339653E+000  0.35454024E+000  0.47938311E+000  0.75714413E+000  0.10050740E+001  0.16985087E+001  0.31269631E+001  0.42382724E+001  0.56217139E+001  0.65344897E+001
  0.18915598E+000  0.25339653E+000  0.35444057E+000  0.47936805E+000  0.75705421E+000  0.10050736E+001  0.16980019E+001  0.31259369E+001  0.42371818E+001  0.56206251E+001  0.65323293E+001
  0.18914703E+000  0.25339653E+000  0.35450494E+000  0.47934297E+000  0.75702242E+000  0.10050736E+001  0.16975654E+001  0.31250890E+001  0.42362313E+001  0.56188225E+001  0.65304682E+001
  0.18913933E+000  0.25339654E+000  0.35448050E+000  0.47937654E+000  0.75713226E+000  0.10050730E+001  0.16971975E+001  0.31243399E+001  0.42354319E+001  0.56177127E+001  0.65288645E+001
  0.18913269E+000  0.25339654E+000  0.35440430E+000  0.47936274E+000  0.75711792E+000  0.10050726E+001  0.16968656E+001  0.31237319E+001  0.42347344E+001  0.56164271E+001  0.65274753E+001
  0.18912739E+000  0.25339654E+000  0.35435175E+000  0.47935086E+000  0.75713481E+000  0.10050722E+001  0.16965871E+001  0.31232044E+001  0.42343596E+001  0.56155267E+001  0.65262953E+001
  0.18912739E+000  0.25339654E+000  0.35437584E+000  0.47934066E+000  0.75710322E+000  0.10050719E+001  0.16963480E+001  0.31226824E+001  0.42342818E+001  0.56146471E+001  0.65252759E+001
  0.18912739E+000  0.25339655E+000  0.35434750E+000  0.47933192E+000  0.75708599E+000  0.10050739E+001  0.16961771E+001  0.31223084E+001  0.42341880E+001  0.56145528E+001  0.65244312E+001
  0.18912739E+000  0.25339655E+000  0.35432249E+000  0.47938301E+000  0.75707831E+000  0.10050739E+001  0.16959692E+001  0.31219411E+001  0.42338495E+001  0.56144357E+001  0.65237689E+001
  0.18912739E+000  0.25339655E+000  0.35430029E+000  0.47937830E+000  0.75711768E+000  0.10050738E+001  0.16958216E+001  0.31216524E+001  0.42337899E+001  0.56143937E+001  0.65230329E+001
  0.18912739E+000  0.25339655E+000  0.35428049E+000  0.47937434E+000  0.75708712E+000  0.10050737E+001  0.16957077E+001  0.31214293E+001  0.42335488E+001  0.56143605E+001  0.65225041E+001
  0.18912738E+000  0.25339655E+000  0.35426276E+000  0.47937105E+000  0.75706178E+000  0.10050740E+001  0.16956284E+001  0.31212091E+001  0.42336674E+001  0.56145719E+001  0.65220631E+001
  0.18912738E+000  0.25339655E+000  0.35424678E+000  0.47936834E+000  0.75713486E+000  0.10050738E+001  0.16955289E+001  0.31210416E+001  0.42334858E+001  0.56145459E+001  0.65216987E+001
  0.18912738E+000  0.25339655E+000  0.35423166E+000  0.47936598E+000  0.75712006E+000  0.10050737E+001  0.16954705E+001  0.31208958E+001  0.42337510E+001  0.56145596E+001  0.65214318E+001
  0.18912737E+000  0.25339655E+000  0.35421813E+000  0.47936413E+000  0.75710839E+000  0.10050736E+001  0.16953954E+001  0.31207808E+001  0.42334385E+001  0.56143878E+001  0.65212311E+001
  0.18912737E+000  0.25339655E+000  0.35420605E+000  0.47936274E+000  0.75709955E+000  0.10050736E+001  0.16953576E+001  0.31206937E+001  0.42334305E+001  0.56129095E+001  0.65210790E+001
  0.18912737E+000  0.25339655E+000  0.35419518E+000  0.47936174E+000  0.75709310E+000  0.10050736E+001  0.16953301E+001  0.31206300E+001  0.42334258E+001  0.56128765E+001  0.65208035E+001
  0.18912736E+000  0.25339655E+000  0.35418534E+000  0.47936106E+000  0.75708864E+000  0.10050736E+001  0.16953111E+001  0.31205858E+001  0.42330720E+001  0.56128866E+001  0.65207077E+001
  0.18912736E+000  0.25339654E+000  0.35417633E+000  0.47936064E+000  0.75708583E+000  0.10050740E+001  0.16952992E+001  0.31205578E+001  0.42330512E+001  0.56127896E+001  0.65206472E+001
  0.18912735E+000  0.25339654E+000  0.35416800E+000  0.47936045E+000  0.75708436E+000  0.10050740E+001  0.16952931E+001  0.31205430E+001  0.42330409E+001  0.56127648E+001  0.65206155E+001
  0.18912735E+000  0.25339654E+000  0.35416021E+000  0.47936043E+000  0.75708399E+000  0.10050740E+001  0.16952916E+001  0.31205390E+001  0.42330391E+001  0.56127583E+001  0.65206071E+001
  0.18912734E+000  0.25339654E+000  0.35415284E+000  0.47936055E+000  0.75708448E+000  0.10050740E+001  0.16952938E+001  0.31205434E+001  0.42330529E+001  0.56127664E+001  0.65206173E+001
  0.18912734E+000  0.25339654E+000  0.35414579E+000  0.47936079E+000  0.75708565E+000  0.10050740E+001  0.16952989E+001  0.31205546E+001  0.42330542E+001  0.56127861E+001  0.65206421E+001
  0.18912733E+000  0.25339654E+000  0.35413897E+000  0.47936110E+000  0.75708735E+000  0.10050735E+001  0.16953061E+001  0.31205709E+001  0.42330684E+001  0.56128145E+001  0.65206780E+001
  0.18912733E+000  0.25339653E+000  0.35388353E+000  0.47936148E+000  0.75708943E+000  0.10050735E+001  0.16953150E+001  0.31205909E+001  0.42330856E+001  0.56128823E+001  0.65207222E+001
  0.18912732E+000  0.25339653E+000  0.35385903E+000  0.47936191E+000  0.75709178E+000  0.10050735E+001  0.16953249E+001  0.31206136E+001  0.42331050E+001  0.56129073E+001  0.65207721E+001
  0.18912732E+000  0.25339653E+000  0.35383264E+000  0.47936236E+000  0.75709430E+000  0.10050735E+001  0.16953356E+001  0.31206380E+001  0.42334486E+001  0.56129388E+001  0.65208257E+001
  0.18912731E+000  0.25339653E+000  0.35372366E+000  0.47936282E+000  0.75709693E+000  0.10050735E+001  0.16953467E+001  0.31206634E+001  0.42334523E+001  0.56126456E+001  0.65208816E+001
  0.18912731E+000  0.25339653E+000  0.35368774E+000  0.47936330E+000  0.75709960E+000  0.10050736E+001  0.16953579E+001  0.31206893E+001  0.42334557E+001  0.56126197E+001  0.65210693E+001
  0.18912730E+000  0.25339652E+000  0.35365092E+000  0.47936377E+000  0.75710228E+000  0.10050736E+001  0.16953691E+001  0.31207151E+001  0.42334589E+001  0.56125920E+001  0.65211141E+001
  0.18912730E+000  0.25339652E+000  0.35361317E+000  0.47936424E+000  0.75710492E+000  0.10050736E+001  0.16953802E+001  0.31207407E+001  0.42334618E+001  0.56125628E+001  0.65211582E+001
  0.18912729E+000  0.25339652E+000  0.35357447E+000  0.47936470E+000  0.75710751E+000  0.10050736E+001  0.16953910E+001  0.31207657E+001  0.42326150E+001  0.56125555E+001  0.65212015E+001
  0.18912728E+000  0.25339652E+000  0.35353482E+000  0.47936515E+000  0.75711003E+000  0.10050736E+001  0.16954014E+001  0.31207900E+001  0.42316889E+001  0.56125621E+001  0.65212435E+001
  0.18912728E+000  0.25339651E+000  0.35349422E+000  0.47936559E+000  0.75711247E+000  0.10050736E+001  0.16954116E+001  0.31208136E+001  0.42317179E+001  0.56123006E+001  0.65212841E+001
  0.18912727E+000  0.25339651E+000  0.35345269E+000  0.47936601E+000  0.75711483E+000  0.10050736E+001  0.16954213E+001  0.31208363E+001  0.42317460E+001  0.56123402E+001  0.65213234E+001
  0.18912727E+000  0.25339651E+000  0.35341023E+000  0.47936641E+000  0.75711711E+000  0.10050736E+001  0.16954307E+001  0.31208583E+001  0.42317731E+001  0.56123828E+001  0.65213613E+001
  0.18912726E+000  0.25339650E+000  0.35336686E+000  0.47936681E+000  0.75711932E+000  0.10050736E+001  0.16954706E+001  0.31208795E+001  0.42317993E+001  0.56124239E+001  0.65213978E+001
  0.18912726E+000  0.25339650E+000  0.35332260E+000  0.47936719E+000  0.75712144E+000  0.10050736E+001  0.16954786E+001  0.31209000E+001  0.42318246E+001  0.56121197E+001  0.65214330E+001
  0.18912725E+000  0.25339650E+000  0.35281842E+000  0.47936756E+000  0.75712350E+000  0.10050737E+001  0.16954864E+001  0.31209198E+001  0.42318490E+001  0.56121004E+001  0.65214671E+001
  0.18912725E+000  0.25339650E+000  0.35263739E+000  0.47936792E+000  0.75712549E+000  0.10050737E+001  0.16954939E+001  0.31209389E+001  0.42318727E+001  0.56117992E+001  0.65214999E+001
  0.18912724E+000  0.25339649E+000  0.35253758E+000  0.47936827E+000  0.75712742E+000  0.10050737E+001  0.16955011E+001  0.31209575E+001  0.42318957E+001  0.56117928E+001  0.65215317E+001
  0.18912724E+000  0.25339649E+000  0.35210247E+000  0.47936860E+000  0.75712929E+000  0.10050737E+001  0.16955081E+001  0.31209754E+001  0.42319179E+001  0.56117911E+001  0.65215678E+001
  0.18912723E+000  0.25339649E+000  0.35207045E+000  0.47936893E+000  0.75713110E+000  0.10050738E+001  0.16955149E+001  0.31209928E+001  0.42322911E+001  0.56117936E+001  0.65216062E+001
  0.18912723E+000  0.25339649E+000  0.35196134E+000  0.47936925E+000  0.75713286E+000  0.10050738E+001  0.16955214E+001  0.31210097E+001  0.42322992E+001  0.56118003E+001  0.65216434E+001
  0.18912723E+000  0.25339648E+000  0.35195179E+000  0.47936955E+000  0.75713457E+000  0.10050738E+001  0.16955276E+001  0.31210260E+001  0.42318297E+001  0.56117041E+001  0.65216794E+001
  0.18912722E+000  0.25339648E+000  0.35194213E+000  0.47936985E+000  0.75713622E+000  0.10050739E+001  0.16955337E+001  0.31210419E+001  0.42318478E+001  0.56116963E+001  0.65217143E+001
  0.18912722E+000  0.25339648E+000  0.35193237E+000  0.47937014E+000  0.75713782E+000  0.10050739E+001  0.16955395E+001  0.31210572E+001  0.42318654E+001  0.56116920E+001  0.65217481E+001
  0.18912721E+000  0.25339648E+000  0.35192645E+000  0.47937042E+000  0.75713937E+000  0.10050739E+001  0.16955451E+001  0.31210719E+001  0.42318824E+001  0.56116911E+001  0.65217807E+001
  0.18912721E+000  0.25339647E+000  0.35192057E+000  0.47937069E+000  0.75714086E+000  0.10050739E+001  0.16955505E+001  0.31210862E+001  0.42318988E+001  0.56116934E+001  0.65218122E+001
  0.18912720E+000  0.25339647E+000  0.35191464E+000  0.47937094E+000  0.75714229E+000  0.10050740E+001  0.16955557E+001  0.31210999E+001  0.42319146E+001  0.56116986E+001  0.65218425E+001
  0.18912720E+000  0.25339647E+000  0.35190867E+000  0.47937119E+000  0.75714367E+000  0.10050740E+001  0.16955606E+001  0.31211130E+001  0.42319298E+001  0.56117066E+001  0.65218715E+001
  0.18912719E+000  0.25339647E+000  0.35190267E+000  0.47937143E+000  0.75706126E+000  0.10050740E+001  0.16955652E+001  0.31211255E+001  0.42319442E+001  0.56117171E+001  0.65218994E+001
  0.18912719E+000  0.25339646E+000  0.35189663E+000  0.47937165E+000  0.75706156E+000  0.10050741E+001  0.16955697E+001  0.31211375E+001  0.42319580E+001  0.56117300E+001  0.65219259E+001
  0.18912718E+000  0.25339646E+000  0.35189058E+000  0.47937187E+000  0.75706184E+000  0.10050741E+001  0.16955739E+001  0.31211489E+001  0.42319712E+001  0.56117450E+001  0.65219513E+001
  0.18912718E+000  0.25339646E+000  0.35188523E+000  0.47937207E+000  0.75706211E+000  0.10050741E+001  0.16955778E+001  0.31211598E+001  0.42319837E+001  0.56117621E+001  0.65219753E+001
  0.18912717E+000  0.25339646E+000  0.35188100E+000  0.47937227E+000  0.75706237E+000  0.10050741E+001  0.16955815E+001  0.31211700E+001  0.42319956E+001  0.56117813E+001  0.65219982E+001
  0.18912717E+000  0.25339645E+000  0.35187686E+000  0.47937245E+000  0.75706261E+000  0.10050742E+001  0.16955850E+001  0.31211797E+001  0.42320068E+001  0.56117994E+001  0.65220197E+001
  0.18912716E+000  0.25339645E+000  0.35187279E+000  0.47937262E+000  0.75706284E+000  0.10050738E+001  0.16955883E+001  0.31211888E+001  0.42320174E+001  0.56118105E+001  0.65220401E+001
  0.18912716E+000  0.25339645E+000  0.35186881E+000  0.47937278E+000  0.75706305E+000  0.10050738E+001  0.16955913E+001  0.31211973E+001  0.42320274E+001  0.56118175E+001  0.65220592E+001
  0.18912715E+000  0.25339645E+000  0.35186490E+000  0.47937293E+000  0.75706327E+000  0.10050738E+001  0.16955941E+001  0.31212053E+001  0.42320367E+001  0.56118224E+001  0.65220771E+001
  0.18912715E+000  0.25339644E+000  0.35186107E+000  0.47937308E+000  0.75706425E+000  0.10050738E+001  0.16955967E+001  0.31212127E+001  0.42320455E+001  0.56118255E+001  0.65220939E+001
  0.18912714E+000  0.25339644E+000  0.35185732E+000  0.47937321E+000  0.75706518E+000  0.10050738E+001  0.16955991E+001  0.31212196E+001  0.42320536E+001  0.56118268E+001  0.65221096E+001
  0.18912714E+000  0.25339644E+000  0.35185364E+000  0.47937333E+000  0.75706603E+000  0.10050738E+001  0.16956565E+001  0.31212261E+001  0.42320613E+001  0.56118267E+001  0.65221242E+001
  0.18912713E+000  0.25339644E+000  0.35185004E+000  0.47937344E+000  0.75706683E+000  0.10050738E+001  0.16956589E+001  0.31212320E+001  0.42320684E+001  0.56118251E+001  0.65221378E+001
  0.18912713E+000  0.25339643E+000  0.35184652E+000  0.47937355E+000  0.75706757E+000  0.10050738E+001  0.16956610E+001  0.31212375E+001  0.42320749E+001  0.56118222E+001  0.65221504E+001
  0.18912712E+000  0.25339643E+000  0.35184307E+000  0.47937365E+000  0.75706826E+000  0.10050738E+001  0.16956630E+001  0.31212426E+001  0.42320810E+001  0.56118182E+001  0.65221621E+001
  0.18912712E+000  0.25339643E+000  0.35183970E+000  0.47937374E+000  0.75706890E+000  0.10050738E+001  0.16956648E+001  0.31212473E+001  0.42320867E+001  0.56118132E+001  0.65221729E+001
  0.18912711E+000  0.25339643E+000  0.35183640E+000  0.47937382E+000  0.75706949E+000  0.10050738E+001  0.16956665E+001  0.31212515E+001  0.42320919E+001  0.56116002E+001  0.65221829E+001
  0.18912711E+000  0.25339643E+000  0.35183318E+000  0.47937390E+000  0.75707003E+000  0.10050738E+001  0.16956680E+001  0.31212554E+001  0.42320967E+001  0.56116082E+001  0.65221920E+001
  0.18912711E+000  0.25339642E+000  0.35183005E+000  0.47937397E+000  0.75707053E+000  0.10050738E+001  0.16956694E+001  0.31212590E+001  0.42321011E+001  0.56116154E+001  0.65222005E+001
  0.18912710E+000  0.25339642E+000  0.35182698E+000  0.47937403E+000  0.75707099E+000  0.10050738E+001  0.16956707E+001  0.31212622E+001  0.42321051E+001  0.56116221E+001  0.65222082E+001
  0.18912710E+000  0.25339642E+000  0.35182400E+000  0.47937409E+000  0.75707141E+000  0.10050738E+001  0.16956719E+001  0.31212651E+001  0.42321088E+001  0.56116283E+001  0.65222153E+001
  0.18912709E+000  0.25339642E+000  0.35182110E+000  0.47937414E+000  0.75707179E+000  0.10050738E+001  0.16956730E+001  0.31212678E+001  0.42321123E+001  0.56116339E+001  0.65222218E+001
  0.18912709E+000  0.25339642E+000  0.35181828E+000  0.47937419E+000  0.75707215E+000  0.10050738E+001  0.16956739E+001  0.31212702E+001  0.42321154E+001  0.56116391E+001  0.65222278E+001
  0.18912708E+000  0.25339641E+000  0.35179923E+000  0.47937423E+000  0.75707247E+000  0.10050738E+001  0.16956748E+001  0.31212723E+001  0.42321182E+001  0.56116438E+001  0.65222332E+001
  0.18912708E+000  0.25339641E+000  0.35177419E+000  0.47937427E+000  0.75707276E+000  0.10050738E+001  0.16956756E+001  0.31212743E+001  0.42321208E+001  0.56116482E+001  0.65222381E+001
  0.18912707E+000  0.25339641E+000  0.35174981E+000  0.47937431E+000  0.75707303E+000  0.10050738E+001  0.16956763E+001  0.31212760E+001  0.42321232E+001  0.56116521E+001  0.65222427E+001
  0.18912707E+000  0.25339641E+000  0.35174503E+000  0.47937434E+000  0.75707328E+000  0.10050738E+001  0.16956770E+001  0.31212775E+001  0.42321253E+001  0.56116557E+001  0.65222467E+001
  0.18912707E+000  0.25339641E+000  0.35174398E+000  0.47937437E+000  0.75707350E+000  0.10050738E+001  0.16956775E+001  0.31212789E+001  0.42321273E+001  0.56116589E+001  0.65222505E+001
  0.18912706E+000  0.25339640E+000  0.35174296E+000  0.47937440E+000  0.75707371E+000  0.10050738E+001  0.16956781E+001  0.31212801E+001  0.42321291E+001  0.56116619E+001  0.65222538E+001
  0.18912706E+000  0.25339640E+000  0.35174197E+000  0.47937442E+000  0.75707389E+000  0.10050738E+001  0.16956785E+001  0.31212811E+001  0.42321307E+001  0.56116646E+001  0.65222569E+001
  0.18912705E+000  0.25339640E+000  0.35174102E+000  0.47937445E+000  0.75707406E+000  0.10050738E+001  0.16956789E+001  0.31212820E+001  0.42321321E+001  0.56113772E+001  0.65222597E+001
  0.18912705E+000  0.25339640E+000  0.35174010E+000  0.47937446E+000  0.75707421E+000  0.10050738E+001  0.16956793E+001  0.31212828E+001  0.42321334E+001  0.56113098E+001  0.65222622E+001
  0.18912705E+000  0.25339640E+000  0.35173922E+000  0.47937448E+000  0.75707435E+000  0.10050738E+001  0.16956796E+001  0.31212835E+001  0.42321346E+001  0.56112432E+001  0.65222644E+001
  0.18912704E+000  0.25339640E+000  0.35173837E+000  0.47937450E+000  0.75707447E+000  0.10050738E+001  0.16956799E+001  0.31212840E+001  0.42321357E+001  0.56111773E+001  0.65222665E+001
  0.18912704E+000  0.25339640E+000  0.35173755E+000  0.47937451E+000  0.75707459E+000  0.10050738E+001  0.16956802E+001  0.31212845E+001  0.42321367E+001  0.56107935E+001  0.65222683E+001
  0.18912704E+000  0.25339640E+000  0.35173676E+000  0.47937452E+000  0.75707469E+000  0.10050738E+001  0.16956804E+001  0.31212849E+001  0.42321375E+001  0.56105681E+001  0.65222700E+001
  0.18912703E+000  0.25339639E+000  0.35173600E+000  0.47937453E+000  0.75707478E+000  0.10050738E+001  0.16956806E+001  0.31212852E+001  0.42321383E+001  0.56095323E+001  0.65222715E+001
  0.18912703E+000  0.25339639E+000  0.35173528E+000  0.47937454E+000  0.75707487E+000  0.10050738E+001  0.16956808E+001  0.31212854E+001  0.42321390E+001  0.56090316E+001  0.65222728E+001
  0.18912703E+000  0.25339639E+000  0.35173458E+000  0.47937455E+000  0.75707494E+000  0.10050737E+001  0.16956809E+001  0.31212856E+001  0.42321397E+001  0.56090288E+001  0.65222740E+001
  0.18912702E+000  0.25339639E+000  0.35173391E+000  0.47937456E+000  0.75707501E+000  0.10050737E+001  0.16956810E+001  0.31212857E+001  0.42321402E+001  0.56090259E+001  0.65222751E+001
  0.18912702E+000  0.25339639E+000  0.35173327E+000  0.47937457E+000  0.75707507E+000  0.10050737E+001  0.16956812E+001  0.31212858E+001  0.42321408E+001  0.56090232E+001  0.65222761E+001
  0.18912702E+000  0.25339639E+000  0.35173266E+000  0.47937457E+000  0.75707513E+000  0.10050737E+001  0.16956813E+001  0.31212858E+001  0.42321412E+001  0.56090205E+001  0.65222769E+001
  0.18912702E+000  0.25339639E+000  0.35173207E+000  0.47937458E+000  0.75707518E+000  0.10050737E+001  0.16956813E+001  0.31212858E+001  0.42321416E+001  0.56090178E+001  0.65222777E+001
  0.18912701E+000  0.25339639E+000  0.35173151E+000  0.47937458E+000  0.75707522E+000  0.10050737E+001  0.16956814E+001  0.31212857E+001  0.42321420E+001  0.56090152E+001  0.65222784E+001
  0.18912701E+000  0.25339639E+000  0.35173096E+000  0.47937459E+000  0.75707527E+000  0.10050737E+001  0.16956815E+001  0.31212857E+001  0.42321423E+001  0.56090127E+001  0.65222791E+001
  0.18912701E+000  0.25339639E+000  0.35173045E+000  0.47937459E+000  0.75707530E+000  0.10050737E+001  0.16956815E+001  0.31212855E+001  0.42321426E+001  0.56090101E+001  0.65222796E+001
  0.18912700E+000  0.25339638E+000  0.35172995E+000  0.47937459E+000  0.75707534E+000  0.10050737E+001  0.16956815E+001  0.31212854E+001  0.42321429E+001  0.56090076E+001  0.65222802E+001
  0.18912700E+000  0.25339638E+000  0.35172947E+000  0.47937459E+000  0.75707537E+000  0.10050737E+001  0.16956816E+001  0.31212852E+001  0.42321431E+001  0.56090051E+001  0.65222806E+001
  0.18912700E+000  0.25339638E+000  0.35172902E+000  0.47937460E+000  0.75707540E+000  0.10050737E+001  0.16956816E+001  0.31212851E+001  0.42321434E+001  0.56090026E+001  0.65222810E+001
  0.18912700E+000  0.25339638E+000  0.35172858E+000  0.47937460E+000  0.75707542E+000  0.10050737E+001  0.16956816E+001  0.31212849E+001  0.42321435E+001  0.56090002E+001  0.65222814E+001
  0.18912700E+000  0.25339638E+000  0.35172816E+000  0.47937460E+000  0.75707545E+000  0.10050737E+001  0.16956816E+001  0.31212847E+001  0.42321437E+001  0.56089978E+001  0.65222818E+001
  0.18912699E+000  0.25339638E+000  0.35172775E+000  0.47937460E+000  0.75707547E+000  0.10050737E+001  0.16956816E+001  0.31212844E+001  0.42321439E+001  0.56089954E+001  0.65222821E+001
  0.18912699E+000  0.25339638E+000  0.35172736E+000  0.47937460E+000  0.75707549E+000  0.10050737E+001  0.16956816E+001  0.31212842E+001  0.42321440E+001  0.56089930E+001  0.65222824E+001
  0.18912699E+000  0.25339638E+000  0.35172699E+000  0.47937461E+000  0.75707551E+000  0.10050737E+001  0.16956816E+001  0.31212840E+001  0.42321442E+001  0.56089906E+001  0.65222826E+001
  0.18912699E+000  0.25339638E+000  0.35172663E+000  0.47937461E+000  0.75707553E+000  0.10050737E+001  0.16956816E+001  0.31212837E+001  0.42321443E+001  0.56089883E+001  0.65222829E+001
  0.18912699E+000  0.25339638E+000  0.35172628E+000  0.47937461E+000  0.75707555E+000  0.10050737E+001  0.16956816E+001  0.31212835E+001  0.42321444E+001  0.56089860E+001  0.65222831E+001
  0.18912698E+000  0.25339638E+000  0.35172595E+000  0.47937461E+000  0.75707556E+000  0.10050737E+001  0.16956816E+001  0.31212832E+001  0.42321445E+001  0.56089837E+001  0.65222833E+001
  0.18912698E+000  0.25339638E+000  0.35172563E+000  0.47937461E+000  0.75707558E+000  0.10050737E+001  0.16956816E+001  0.31212830E+001  0.42321446E+001  0.56089828E+001  0.65222835E+001
  0.18912698E+000  0.25339638E+000  0.35172532E+000  0.47937461E+000  0.75707559E+000  0.10050737E+001  0.16956816E+001  0.31212827E+001  0.42321447E+001  0.56089830E+001  0.65222837E+001
  0.18912698E+000  0.25339638E+000  0.35172502E+000  0.47937461E+000  0.75707561E+000  0.10050737E+001  0.16956816E+001  0.31212825E+001  0.42321448E+001  0.56089831E+001  0.65222839E+001
  0.18912698E+000  0.25339638E+000  0.35172474E+000  0.47937461E+000  0.75707562E+000  0.10050737E+001  0.16956816E+001  0.31212822E+001  0.42321449E+001  0.56089833E+001  0.65222841E+001
  0.18912698E+000  0.25339638E+000  0.35172446E+000  0.47937461E+000  0.75707563E+000  0.10050737E+001  0.16956816E+001  0.31212820E+001  0.42321449E+001  0.56089835E+001  0.65222843E+001
  0.18912698E+000  0.25339638E+000  0.35172419E+000  0.47937461E+000  0.75707564E+000  0.10050737E+001  0.16956816E+001  0.31212817E+001  0.42321450E+001  0.56089836E+001  0.65222844E+001
  0.18912697E+000  0.25339638E+000  0.35172393E+000  0.47937461E+000  0.75707566E+000  0.10050737E+001  0.16956816E+001  0.31212815E+001  0.42321451E+001  0.56089838E+001  0.65222846E+001
  0.18912697E+000  0.25339637E+000  0.35172368E+000  0.47937461E+000  0.75707567E+000  0.10050737E+001  0.16956816E+001  0.31212812E+001  0.42321451E+001  0.56089839E+001  0.65222847E+001
  0.18912697E+000  0.25339637E+000  0.35172344E+000  0.47937462E+000  0.75707568E+000  0.10050737E+001  0.16956816E+001  0.31212810E+001  0.42321452E+001  0.56089841E+001  0.65222849E+001
  0.18912697E+000  0.25339637E+000  0.35172320E+000  0.47937462E+000  0.75707569E+000  0.10050737E+001  0.16956816E+001  0.31212807E+001  0.42321453E+001  0.56089842E+001  0.65222850E+001
  0.18912697E+000  0.25339637E+000  0.35172298E+000  0.47937462E+000  0.75707570E+000  0.10050737E+001  0.16956816E+001  0.31212805E+001  0.42321453E+001  0.56089844E+001  0.65222852E+001
  0.18912697E+000  0.25339637E+000  0.35172276E+000  0.47937462E+000  0.75707571E+000  0.10050737E+001  0.16956815E+001  0.31212803E+001  0.42321454E+001  0.56089845E+001  0.65222853E+001
  0.18912697E+000  0.25339637E+000  0.35172255E+000  0.47937462E+000  0.75707572E+000  0.10050737E+001  0.16956815E+001  0.31212800E+001  0.42321455E+001  0.56089846E+001  0.65222854E+001
  0.18912697E+000  0.25339637E+000  0.35172234E+000  0.47937462E+000  0.75707573E+000  0.10050737E+001  0.16956815E+001  0.31212798E+001  0.42321455E+001  0.56089848E+001  0.65222856E+001
  0.18912696E+000  0.25339637E+000  0.35172214E+000  0.47937462E+000  0.75707574E+000  0.10050737E+001  0.16956815E+001  0.31212796E+001  0.42321456E+001  0.56089849E+001  0.65222857E+001
  0.18912696E+000  0.25339637E+000  0.35172195E+000  0.47937462E+000  0.75707575E+000  0.10050737E+001  0.16956815E+001  0.31212794E+001  0.42321456E+001  0.56089850E+001  0.65222858E+001
  0.18912696E+000  0.25339637E+000  0.35172177E+000  0.47937462E+000  0.75707576E+000  0.10050737E+001  0.16956815E+001  0.31212792E+001  0.42321457E+001  0.56089851E+001  0.65222860E+001
  0.18912696E+000  0.25339637E+000  0.35172159E+000  0.47937462E+000  0.75707577E+000  0.10050737E+001  0.16956815E+001  0.31212790E+001  0.42321457E+001  0.56089853E+001  0.65222861E+001
  0.18912696E+000  0.25339637E+000  0.35172142E+000  0.47937462E+000  0.75707578E+000  0.10050737E+001  0.16956815E+001  0.31212788E+001  0.42321458E+001  0.56089854E+001  0.65222862E+001
  0.18912696E+000  0.25339637E+000  0.35172125E+000  0.47937462E+000  0.75707579E+000  0.10050737E+001  0.16956815E+001  0.31212786E+001  0.42321458E+001  0.56089855E+001  0.65222864E+001
  0.18912696E+000  0.25339637E+000  0.35172109E+000  0.47937463E+000  0.75707580E+000  0.10050737E+001  0.16956815E+001  0.31212784E+001  0.42321459E+001  0.56089856E+001  0.65222865E+001
  0.18912696E+000  0.25339637E+000  0.35172093E+000  0.47937463E+000  0.75707581E+000  0.10050737E+001  0.16956815E+001  0.31212782E+001  0.42321460E+001  0.56089857E+001  0.65222866E+001
  0.18912696E+000  0.25339637E+000  0.35172078E+000  0.47937463E+000  0.75707582E+000  0.10050737E+001  0.16956815E+001  0.31212780E+001  0.42321460E+001  0.56089858E+001  0.65222867E+001
  0.18912696E+000  0.25339637E+000  0.35172063E+000  0.47937463E+000  0.75707583E+000  0.10050737E+001  0.16956815E+001  0.31212779E+001  0.42321461E+001  0.56089860E+001  0.65222869E+001
  0.18912696E+000  0.25339637E+000  0.35172049E+000  0.47937463E+000  0.75707584E+000  0.10050737E+001  0.16956815E+001  0.31212777E+001  0.42321461E+001  0.56089861E+001  0.65222870E+001
  0.18912696E+000  0.25339637E+000  0.35172036E+000  0.47937463E+000  0.75707585E+000  0.10050737E+001  0.16956815E+001  0.31212775E+001  0.42321462E+001  0.56089862E+001  0.65222871E+001
  0.18912695E+000  0.25339637E+000  0.35172022E+000  0.47937463E+000  0.75707586E+000  0.10050737E+001  0.16956815E+001  0.31212774E+001  0.42321462E+001  0.56089863E+001  0.65222872E+001
  0.18912695E+000  0.25339637E+000  0.35172010E+000  0.47937463E+000  0.75707587E+000  0.10050737E+001  0.16956815E+001  0.31212772E+001  0.42321463E+001  0.56089864E+001  0.65222874E+001
  0.18912695E+000  0.25339637E+000  0.35171998E+000  0.47937463E+000  0.75707588E+000  0.10050737E+001  0.16956815E+001  0.31212771E+001  0.42321463E+001  0.56089865E+001  0.65222875E+001
  0.18912695E+000  0.25339637E+000  0.35171986E+000  0.47937463E+000  0.75707588E+000  0.10050737E+001  0.16956815E+001  0.31212770E+001  0.42321464E+001  0.56089867E+001  0.65222876E+001
  0.18912695E+000  0.25339637E+000  0.35171975E+000  0.47937464E+000  0.75707589E+000  0.10050737E+001  0.16956815E+001  0.31212768E+001  0.42321464E+001  0.56089868E+001  0.65222877E+001
  0.18912695E+000  0.25339637E+000  0.35171964E+000  0.47937464E+000  0.75707590E+000  0.10050737E+001  0.16956815E+001  0.31212767E+001  0.42321465E+001  0.56089869E+001  0.65222879E+001
  0.18912695E+000  0.25339637E+000  0.35171953E+000  0.47937464E+000  0.75707591E+000  0.10050737E+001  0.16956815E+001  0.31212766E+001  0.42321465E+001  0.56089870E+001  0.65222880E+001
  0.18912695E+000  0.25339637E+000  0.35171943E+000  0.47937464E+000  0.75707592E+000  0.10050737E+001  0.16956815E+001  0.31212764E+001  0.42321466E+001  0.56089871E+001  0.65222881E+001
  0.18912695E+000  0.25339637E+000  0.35171934E+000  0.47937464E+000  0.75707593E+000  0.10050737E+001  0.16956815E+001  0.31212763E+001  0.42321466E+001  0.56089872E+001  0.65222882E+001
  0.18912695E+000  0.25339637E+000  0.35171925E+000  0.47937464E+000  0.75707594E+000  0.10050737E+001  0.16956815E+001  0.31212762E+001  0.42321467E+001  0.56089873E+001  0.65222884E+001
  0.18912695E+000  0.25339637E+000  0.35171916E+000  0.47937464E+000  0.75707595E+000  0.10050737E+001  0.16956816E+001  0.31212761E+001  0.42321468E+001  0.56089874E+001  0.65222885E+001
  0.18912695E+000  0.25339637E+000  0.35171907E+000  0.47937464E+000  0.75707595E+000  0.10050737E+001  0.16956816E+001  0.31212760E+001  0.42321468E+001  0.56089875E+001  0.65222886E+001
  0.18912695E+000  0.25339637E+000  0.35171899E+000  0.47937464E+000  0.75707596E+000  0.10050737E+001  0.16956816E+001  0.31212759E+001  0.42321469E+001  0.56089877E+001  0.65222887E+001
  0.18912695E+000  0.25339637E+000  0.35171891E+000  0.47937465E+000  0.75707597E+000  0.10050736E+001  0.16956816E+001  0.31212758E+001  0.42321469E+001  0.56089878E+001  0.65222888E+001
  0.18912695E+000  0.25339637E+000  0.35171884E+000  0.47937465E+000  0.75707598E+000  0.10050736E+001  0.16956816E+001  0.31212757E+001  0.42321470E+001  0.56089879E+001  0.65222889E+001
  0.18912695E+000  0.25339637E+000  0.35171877E+000  0.47937465E+000  0.75707599E+000  0.10050736E+001  0.16956816E+001  0.31212757E+001  0.42321470E+001  0.56089880E+001  0.65222891E+001
  0.18912695E+000  0.25339637E+000  0.35171870E+000  0.47937465E+000  0.75707600E+000  0.10050736E+001  0.16956816E+001  0.31212756E+001  0.42321471E+001  0.56089881E+001  0.65222892E+001
  0.18912695E+000  0.25339637E+000  0.35171864E+000  0.47937465E+000  0.75707600E+000  0.10050736E+001  0.16956816E+001  0.31212755E+001  0.42321471E+001  0.56089882E+001  0.65222893E+001
  0.18912695E+000  0.25339637E+000  0.35171858E+000  0.47937465E+000  0.75707601E+000  0.10050736E+001  0.16956816E+001  0.31212754E+001  0.42321472E+001  0.56089883E+001  0.65222894E+001
  0.18912695E+000  0.25339637E+000  0.35171852E+000  0.47937465E+000  0.75707602E+000  0.10050736E+001  0.16956816E+001  0.31212754E+001  0.42321472E+001  0.56089884E+001  0.65222895E+001
  0.18912695E+000  0.25339637E+000  0.35171847E+000  0.47937465E+000  0.75707603E+000  0.10050736E+001  0.16956816E+001  0.31212753E+001  0.42321473E+001  0.56089885E+001  0.65222896E+001
  0.18912695E+000  0.25339637E+000  0.35171841E+000  0.47937465E+000  0.75707603E+000  0.10050736E+001  0.16956816E+001  0.31212752E+001  0.42321473E+001  0.56089886E+001  0.65222897E+001
  0.18912694E+000  0.25339637E+000  0.35171836E+000  0.47937465E+000  0.75707604E+000  0.10050736E+001  0.16956817E+001  0.31212752E+001  0.42321474E+001  0.56089887E+001  0.65222898E+001
  0.18912694E+000  0.25339637E+000  0.35171832E+000  0.47937466E+000  0.75707605E+000  0.10050736E+001  0.16956817E+001  0.31212751E+001  0.42321474E+001  0.56089888E+001  0.65222899E+001
  0.18912694E+000  0.25339637E+000  0.35171827E+000  0.47937466E+000  0.75707606E+000  0.10050736E+001  0.16956817E+001  0.31212751E+001  0.42321475E+001  0.56089888E+001  0.65222900E+001
  0.18912694E+000  0.25339637E+000  0.35171823E+000  0.47937466E+000  0.75707606E+000  0.10050736E+001  0.16956817E+001  0.31212750E+001  0.42321475E+001  0.56089889E+001  0.65222901E+001
  0.18912694E+000  0.25339637E+000  0.35171819E+000  0.47937466E+000  0.75707607E+000  0.10050736E+001  0.16956817E+001  0.31212750E+001  0.42321476E+001  0.56089890E+001  0.65222902E+001
  0.18912694E+000  0.25339637E+000  0.35171815E+000  0.47937466E+000  0.75707608E+000  0.10050736E+001  0.16956817E+001  0.31212749E+001  0.42321476E+001  0.56089891E+001  0.65222903E+001
  0.18912694E+000  0.25339637E+000  0.35171812E+000  0.47937466E+000  0.75707608E+000  0.10050736E+001  0.16956817E+001  0.31212749E+001  0.42321476E+001  0.56089892E+001  0.65222904E+001
  0.18912694E+000  0.25339637E+000  0.35171809E+000  0.47937466E+000  0.75707609E+000  0.10050736E+001  0.16956817E+001  0.31212748E+001  0.42321477E+001  0.56089893E+001  0.65222905E+001
  0.18912694E+000  0.25339637E+000  0.35171805E+000  0.47937466E+000  0.75707610E+000  0.10050736E+001  0.16956817E+001  0.31212748E+001  0.42321477E+001  0.56089894E+001  0.65222906E+001
  0.18912694E+000  0.25339637E+000  0.35171803E+000  0.47937466E+000  0.75707610E+000  0.10050736E+001  0.16956817E+001  0.31212748E+001  0.42321478E+001  0.56089894E+001  0.65222907E+001
  0.18912694E+000  0.25339637E+000  0.35171800E+000  0.47937466E+000  0.75707611E+000  0.10050736E+001  0.16956817E+001  0.31212747E+001  0.42321478E+001  0.56089895E+001  0.65222908E+001
  0.18912694E+000  0.25339637E+000  0.35171797E+000  0.47937467E+000  0.75707611E+000  0.10050736E+001  0.16956818E+001  0.31212747E+001  0.42321478E+001  0.56089896E+001  0.65222908E+001
  0.18912694E+000  0.25339637E+000  0.35171795E+000  0.47937467E+000  0.75707612E+000  0.10050736E+001  0.16956818E+001  0.31212747E+001  0.42321479E+001  0.56089897E+001  0.65222909E+001
  0.18912694E+000  0.25339637E+000  0.35171793E+000  0.47937467E+000  0.75707612E+000  0.10050736E+001  0.16956818E+001  0.31212746E+001  0.42321479E+001  0.56089897E+001  0.65222910E+001
  0.18912694E+000  0.25339637E+000  0.35171791E+000  0.47937467E+000  0.75707613E+000  0.10050736E+001  0.16956818E+001  0.31212746E+001  0.42321480E+001  0.56089898E+001  0.65222911E+001
  0.18912694E+000  0.25339637E+000  0.35171789E+000  0.47937467E+000  0.75707613E+000  0.10050736E+001  0.16956818E+001  0.31212746E+001  0.42321480E+001  0.56089899E+001  0.65222912E+001
  0.18912694E+000  0.25339636E+000  0.35171787E+000  0.47937467E+000  0.75707614E+000  0.10050736E+001  0.16956818E+001  0.31212745E+001  0.42321480E+001  0.56089899E+001  0.65222912E+001
  0.18912694E+000  0.25339636E+000  0.35171786E+000  0.47937467E+000  0.75707614E+000  0.10050736E+001  0.16956818E+001  0.31212745E+001  0.42321481E+001  0.56089900E+001  0.65222913E+001
  0.18912694E+000  0.25339636E+000  0.35171784E+000  0.47937467E+000  0.75707615E+000  0.10050736E+001  0.16956818E+001  0.31212745E+001  0.42321481E+001  0.56089900E+001  0.65222914E+001
  0.18912694E+000  0.25339636E+000  0.35171783E+000  0.47937467E+000  0.75707615E+000  0.10050736E+001  0.16956818E+001  0.31212745E+001  0.42321481E+001  0.56089901E+001  0.65222914E+001
  0.18912694E+000  0.25339636E+000  0.35171782E+000  0.47937467E+000  0.75707616E+000  0.10050736E+001  0.16956818E+001  0.31212744E+001  0.42321481E+001  0.56089902E+001  0.65222915E+001
  0.18912694E+000  0.25339636E+000  0.35171781E+000  0.47937467E+000  0.75707616E+000  0.10050736E+001  0.16956818E+001  0.31212744E+001  0.42321482E+001  0.56089902E+001  0.65222915E+001
  0.18912694E+000  0.25339636E+000  0.35171780E+000  0.47937467E+000  0.75707617E+000  0.10050736E+001  0.16956818E+001  0.31212744E+001  0.42321482E+001  0.56089902E+001  0.65222916E+001
  0.18912694E+000  0.25339636E+000  0.35171779E+000  0.47937467E+000  0.75707617E+000  0.10050736E+001  0.16956819E+001  0.31212744E+001  0.42321482E+001  0.56089903E+001  0.65222916E+001
  0.18912694E+000  0.25339636E+000  0.35171778E+000  0.47937468E+000  0.75707617E+000  0.10050736E+001  0.16956819E+001  0.31212744E+001  0.42321482E+001  0.56089903E+001  0.65222917E+001
  0.18912694E+000  0.25339636E+000  0.35171778E+000  0.47937468E+000  0.75707617E+000  0.10050736E+001  0.16956819E+001  0.31212743E+001  0.42321482E+001  0.56089903E+001  0.65222917E+001
  0.18912694E+000  0.25339636E+000  0.35171777E+000  0.47937468E+000  0.75707617E+000  0.10050736E+001  0.16956819E+001  0.31212743E+001  0.42321483E+001  0.56089904E+001  0.65222917E+001
  0.18912694E+000  0.25339636E+000  0.35171777E+000  0.47937467E+000  0.75707617E+000  0.10050736E+001  0.16956819E+001  0.31212742E+001  0.42321482E+001  0.56089903E+001  0.65222916E+001
  0.18912694E+000  0.25339636E+000  0.35171777E+000  0.47937467E+000  0.75707617E+000  0.10050736E+001  0.16956819E+001  0.31212742E+001  0.42321482E+001  0.56089903E+001  0.65222916E+001
