 -0.42427833E+000 -0.33275122E+000 -0.12600255E+000 -0.16851304E-001 -0.32781425E-002 -0.82334938E-003  0.23637956E+000  0.14070379E+001  0.32656205E+001  0.70161249E+001  0.10191722E+002
 -0.42428313E+000 -0.33275897E+000 -0.12601559E+000 -0.16936289E-001 -0.32818400E-002 -0.82621936E-003  0.23635382E+000  0.14070099E+001  0.32655781E+001  0.70160813E+001  0.10191679E+002
 -0.42428624E+000 -0.33276454E+000 -0.12602490E+000 -0.16956784E-001 -0.32825925E-002 -0.82695952E-003  0.23633661E+000  0.14069882E+001  0.32655422E+001  0.70160436E+001  0.10191642E+002
 -0.42428805E+000 -0.33276831E+000 -0.12603127E+000 -0.16955074E-001 -0.32823552E-002 -0.82687621E-003  0.23632586E+000  0.14069717E+001  0.32655114E+001  0.70160107E+001  0.10191609E+002
 -0.42428889E+000 -0.33277059E+000 -0.12603527E+000 -0.16945323E-001 -0.32818051E-002 -0.82650873E-003  0.23631997E+000  0.14069594E+001  0.32654851E+001  0.70159818E+001  0.10191579E+002
 -0.42428902E+000 -0.33277168E+000 -0.12603743E+000 -0.16933890E-001 -0.32812264E-002 -0.82607211E-003  0.23631774E+000  0.14069507E+001  0.32654625E+001  0.70159562E+001  0.10191552E+002
 -0.42428865E+000 -0.33277185E+000 -0.12603817E+000 -0.16923056E-001 -0.32807139E-002 -0.82565424E-003  0.23631825E+000  0.14069449E+001  0.32654430E+001  0.70159332E+001  0.10191528E+002
 -0.42428794E+000 -0.33277130E+000 -0.12603784E+000 -0.16913146E-001 -0.32802730E-002 -0.82527908E-003  0.23632077E+000  0.14069414E+001  0.32654261E+001  0.70159125E+001  0.10191506E+002
 -0.42428698E+000 -0.33277024E+000 -0.12603670E+000 -0.16904225E-001 -0.32798978E-002 -0.82495180E-003  0.23632471E+000  0.14069398E+001  0.32654113E+001  0.70158938E+001  0.10191486E+002
 -0.42428588E+000 -0.33276881E+000 -0.12603501E+000 -0.16896275E-001 -0.32795801E-002 -0.82467041E-003  0.23632961E+000  0.14069397E+001  0.32653985E+001  0.70158766E+001  0.10191468E+002
 -0.42428472E+000 -0.33276713E+000 -0.12603292E+000 -0.16889239E-001 -0.32793120E-002 -0.82443128E-003  0.23633514E+000  0.14069408E+001  0.32653872E+001  0.70158609E+001  0.10191451E+002
 -0.42428356E+000 -0.33276532E+000 -0.12603057E+000 -0.16883048E-001 -0.32790858E-002 -0.82422887E-003  0.23634101E+000  0.14069429E+001  0.32653772E+001  0.70158462E+001  0.10191435E+002
 -0.42428242E+000 -0.33276345E+000 -0.12602806E+000 -0.16877625E-001 -0.32788951E-002 -0.82405784E-003  0.23634703E+000  0.14069457E+001  0.32653685E+001  0.70158326E+001  0.10191420E+002
 -0.42428133E+000 -0.33276157E+000 -0.12602547E+000 -0.16872893E-001 -0.32787345E-002 -0.82391358E-003  0.23635304E+000  0.14069490E+001  0.32653607E+001  0.70158198E+001  0.10191406E+002
 -0.42428031E+000 -0.33275973E+000 -0.12602287E+000 -0.16868780E-001 -0.32785994E-002 -0.82379210E-003  0.23635893E+000  0.14069528E+001  0.32653537E+001  0.70158077E+001  0.10191392E+002
 -0.42427936E+000 -0.33275796E+000 -0.12602031E+000 -0.16865217E-001 -0.32784859E-002 -0.82368994E-003  0.23636460E+000  0.14069568E+001  0.32653474E+001  0.70157962E+001  0.10191379E+002
 -0.42427849E+000 -0.33275627E+000 -0.12601781E+000 -0.16862141E-001 -0.32783906E-002 -0.82360415E-003  0.23637000E+000  0.14069610E+001  0.32653417E+001  0.70157852E+001  0.10191367E+002
 -0.42427770E+000 -0.33275469E+000 -0.12601540E+000 -0.16859495E-001 -0.32783109E-002 -0.82353227E-003  0.23637509E+000  0.14069653E+001  0.32653364E+001  0.70157747E+001  0.10191355E+002
 -0.42427698E+000 -0.33275322E+000 -0.12601311E+000 -0.16857226E-001 -0.32782443E-002 -0.82347216E-003  0.23637984E+000  0.14069695E+001  0.32653316E+001  0.70157646E+001  0.10191343E+002
 -0.42427634E+000 -0.33275186E+000 -0.12601093E+000 -0.16855290E-001 -0.32781889E-002 -0.82342205E-003  0.23638424E+000  0.14069737E+001  0.32653270E+001  0.70157548E+001  0.10191332E+002
 -0.42427577E+000 -0.33275062E+000 -0.12600889E+000 -0.16853644E-001 -0.32781430E-002 -0.82338041E-003  0.23638828E+000  0.14069778E+001  0.32653228E+001  0.70157453E+001  0.10191321E+002
 -0.42427526E+000 -0.33274948E+000 -0.12600699E+000 -0.16852251E-001 -0.32781051E-002 -0.82334596E-003  0.23639196E+000  0.14069817E+001  0.32653188E+001  0.70157360E+001  0.10191310E+002
 -0.42427481E+000 -0.33274846E+000 -0.12600523E+000 -0.16851080E-001 -0.32780741E-002 -0.82331760E-003  0.23639528E+000  0.14069854E+001  0.32653150E+001  0.70157270E+001  0.10191300E+002
 -0.42427442E+000 -0.33274754E+000 -0.12600360E+000 -0.16850102E-001 -0.32780490E-002 -0.82329440E-003  0.23639827E+000  0.14069889E+001  0.32653113E+001  0.70157181E+001  0.10191290E+002
 -0.42427408E+000 -0.33274671E+000 -0.12600211E+000 -0.16849290E-001 -0.32780287E-002 -0.82327557E-003  0.23640092E+000  0.14069921E+001  0.32653078E+001  0.70157095E+001  0.10191280E+002
 -0.42427378E+000 -0.33274597E+000 -0.12600074E+000 -0.16848623E-001 -0.32780126E-002 -0.82326041E-003  0.23640326E+000  0.14069950E+001  0.32653043E+001  0.70157010E+001  0.10191270E+002
 -0.42427352E+000 -0.33274532E+000 -0.12599951E+000 -0.16848080E-001 -0.32780000E-002 -0.82324835E-003  0.23640530E+000  0.14069977E+001  0.32653010E+001  0.70156927E+001  0.10191260E+002
 -0.42427330E+000 -0.33274475E+000 -0.12599839E+000 -0.16847643E-001 -0.32779904E-002 -0.82323888E-003  0.23640705E+000  0.14070000E+001  0.32652978E+001  0.70156846E+001  0.10191250E+002
 -0.42427312E+000 -0.33274425E+000 -0.12599739E+000 -0.16847298E-001 -0.32779832E-002 -0.82323157E-003  0.23640854E+000  0.14070020E+001  0.32652946E+001  0.70156766E+001  0.10191240E+002
 -0.42427296E+000 -0.33274381E+000 -0.12599650E+000 -0.16847030E-001 -0.32779781E-002 -0.82322606E-003  0.23640979E+000  0.14070037E+001  0.32652914E+001  0.70156687E+001  0.10191231E+002
 -0.42427283E+000 -0.33274344E+000 -0.12599571E+000 -0.16846828E-001 -0.32779746E-002 -0.82322203E-003  0.23641081E+000  0.14070050E+001  0.32652884E+001  0.70156610E+001  0.10191222E+002
 -0.42427272E+000 -0.33274311E+000 -0.12599501E+000 -0.16846680E-001 -0.32779725E-002 -0.82321921E-003  0.23641163E+000  0.14070059E+001  0.32652854E+001  0.70156535E+001  0.10191213E+002
 -0.42427263E+000 -0.33274284E+000 -0.12599440E+000 -0.16846578E-001 -0.32779715E-002 -0.82321738E-003  0.23641225E+000  0.14070066E+001  0.32652824E+001  0.70156462E+001  0.10191204E+002
 -0.42427256E+000 -0.33274261E+000 -0.12599387E+000 -0.16846513E-001 -0.32779714E-002 -0.82321634E-003  0.23641271E+000  0.14070068E+001  0.32652795E+001  0.70156390E+001  0.10191195E+002
 -0.42427251E+000 -0.33274242E+000 -0.12599341E+000 -0.16846479E-001 -0.32779720E-002 -0.82321593E-003  0.23641302E+000  0.14070067E+001  0.32652767E+001  0.70156321E+001  0.10191187E+002
 -0.42427247E+000 -0.33274227E+000 -0.12599302E+000 -0.16846469E-001 -0.32779731E-002 -0.82321602E-003  0.23641319E+000  0.14070063E+001  0.32652740E+001  0.70156254E+001  0.10191178E+002
 -0.42427244E+000 -0.33274214E+000 -0.12599268E+000 -0.16846479E-001 -0.32779747E-002 -0.82321649E-003  0.23641324E+000  0.14070055E+001  0.32652713E+001  0.70156189E+001  0.10191170E+002
 -0.42427242E+000 -0.33274204E+000 -0.12599240E+000 -0.16846505E-001 -0.32779765E-002 -0.82321724E-003  0.23641319E+000  0.14070044E+001  0.32652687E+001  0.70156127E+001  0.10191162E+002
 -0.42427242E+000 -0.33274197E+000 -0.12599217E+000 -0.16846541E-001 -0.32779786E-002 -0.82321821E-003  0.23641306E+000  0.14070030E+001  0.32652663E+001  0.70156068E+001  0.10191155E+002
 -0.42427241E+000 -0.33274192E+000 -0.12599198E+000 -0.16846587E-001 -0.32779808E-002 -0.82321933E-003  0.23641285E+000  0.14070013E+001  0.32652640E+001  0.70156012E+001  0.10191148E+002
 -0.42427242E+000 -0.33274188E+000 -0.12599183E+000 -0.16846638E-001 -0.32779831E-002 -0.82322055E-003  0.23641259E+000  0.14069993E+001  0.32652618E+001  0.70155959E+001  0.10191141E+002
 -0.42427243E+000 -0.33274186E+000 -0.12599171E+000 -0.16846695E-001 -0.32779855E-002 -0.82322184E-003  0.23641227E+000  0.14069971E+001  0.32652598E+001  0.70155910E+001  0.10191135E+002
 -0.42427245E+000 -0.33274185E+000 -0.12599162E+000 -0.16846754E-001 -0.32779878E-002 -0.82322317E-003  0.23641192E+000  0.14069947E+001  0.32652580E+001  0.70155865E+001  0.10191129E+002
 -0.42427247E+000 -0.33274185E+000 -0.12599155E+000 -0.16846814E-001 -0.32779902E-002 -0.82322452E-003  0.23641154E+000  0.14069921E+001  0.32652563E+001  0.70155824E+001  0.10191123E+002
 -0.42427249E+000 -0.33274187E+000 -0.12599151E+000 -0.16846876E-001 -0.32779925E-002 -0.82322587E-003  0.23641114E+000  0.14069894E+001  0.32652549E+001  0.70155788E+001  0.10191118E+002
 -0.42427252E+000 -0.33274189E+000 -0.12599148E+000 -0.16846938E-001 -0.32779949E-002 -0.82322721E-003  0.23641073E+000  0.14069865E+001  0.32652537E+001  0.70155756E+001  0.10191114E+002
 -0.42427255E+000 -0.33274192E+000 -0.12599147E+000 -0.16847001E-001 -0.32779972E-002 -0.82322854E-003  0.23641031E+000  0.14069836E+001  0.32652527E+001  0.70155730E+001  0.10191110E+002
 -0.42427259E+000 -0.33274196E+000 -0.12599148E+000 -0.16847063E-001 -0.32779994E-002 -0.82322985E-003  0.23640989E+000  0.14069806E+001  0.32652520E+001  0.70155708E+001  0.10191107E+002
 -0.42427262E+000 -0.33274200E+000 -0.12599149E+000 -0.16847125E-001 -0.32780016E-002 -0.82323113E-003  0.23640948E+000  0.14069776E+001  0.32652516E+001  0.70155692E+001  0.10191104E+002
 -0.42427266E+000 -0.33274204E+000 -0.12599152E+000 -0.16847186E-001 -0.32780038E-002 -0.82323239E-003  0.23640908E+000  0.14069746E+001  0.32652514E+001  0.70155682E+001  0.10191102E+002
 -0.42427270E+000 -0.33274210E+000 -0.12599155E+000 -0.16847247E-001 -0.32780060E-002 -0.82323361E-003  0.23640868E+000  0.14069717E+001  0.32652516E+001  0.70155678E+001  0.10191100E+002
 -0.42427274E+000 -0.33274215E+000 -0.12599160E+000 -0.16847308E-001 -0.32780082E-002 -0.82323481E-003  0.23640831E+000  0.14069689E+001  0.32652521E+001  0.70155680E+001  0.10191099E+002
 -0.42427278E+000 -0.33274221E+000 -0.12599165E+000 -0.16847369E-001 -0.32780103E-002 -0.82323598E-003  0.23640795E+000  0.14069663E+001  0.32652529E+001  0.70155688E+001  0.10191099E+002
 -0.42427283E+000 -0.33274227E+000 -0.12599170E+000 -0.16847430E-001 -0.32780124E-002 -0.82323711E-003  0.23640762E+000  0.14069638E+001  0.32652540E+001  0.70155703E+001  0.10191099E+002
 -0.42427287E+000 -0.33274234E+000 -0.12599177E+000 -0.16847491E-001 -0.32780145E-002 -0.82323820E-003  0.23640730E+000  0.14069615E+001  0.32652556E+001  0.70155724E+001  0.10191101E+002
 -0.42427292E+000 -0.33274241E+000 -0.12599183E+000 -0.16847551E-001 -0.32780165E-002 -0.82323925E-003  0.23640701E+000  0.14069594E+001  0.32652574E+001  0.70155752E+001  0.10191102E+002
 -0.42427297E+000 -0.33274248E+000 -0.12599190E+000 -0.16847612E-001 -0.32780185E-002 -0.82324025E-003  0.23640674E+000  0.14069575E+001  0.32652597E+001  0.70155786E+001  0.10191105E+002
 -0.42427302E+000 -0.33274255E+000 -0.12599198E+000 -0.16847672E-001 -0.32780205E-002 -0.82324121E-003  0.23640650E+000  0.14069559E+001  0.32652623E+001  0.70155827E+001  0.10191108E+002
 -0.42427307E+000 -0.33274262E+000 -0.12599205E+000 -0.16847732E-001 -0.32780225E-002 -0.82324211E-003  0.23640629E+000  0.14069546E+001  0.32652653E+001  0.70155875E+001  0.10191113E+002
 -0.42427312E+000 -0.33274270E+000 -0.12599213E+000 -0.16847792E-001 -0.32780244E-002 -0.82324295E-003  0.23640610E+000  0.14069535E+001  0.32652687E+001  0.70155930E+001  0.10191118E+002
 -0.42427318E+000 -0.33274278E+000 -0.12599222E+000 -0.16847852E-001 -0.32780263E-002 -0.82324373E-003  0.23640594E+000  0.14069527E+001  0.32652725E+001  0.70155992E+001  0.10191123E+002
 -0.42427323E+000 -0.33274286E+000 -0.12599230E+000 -0.16847911E-001 -0.32780282E-002 -0.82324444E-003  0.23640580E+000  0.14069522E+001  0.32652766E+001  0.70156060E+001  0.10191130E+002
 -0.42427329E+000 -0.33274295E+000 -0.12599239E+000 -0.16847969E-001 -0.32780299E-002 -0.82324508E-003  0.23640569E+000  0.14069519E+001  0.32652812E+001  0.70156136E+001  0.10191137E+002
 -0.42427335E+000 -0.33274304E+000 -0.12599248E+000 -0.16848027E-001 -0.32780317E-002 -0.82324565E-003  0.23640561E+000  0.14069519E+001  0.32652860E+001  0.70156218E+001  0.10191145E+002
 -0.42427341E+000 -0.33274312E+000 -0.12599258E+000 -0.16848084E-001 -0.32780333E-002 -0.82324614E-003  0.23640556E+000  0.14069522E+001  0.32652913E+001  0.70156307E+001  0.10191154E+002
 -0.42427347E+000 -0.33274321E+000 -0.12599267E+000 -0.16848140E-001 -0.32780350E-002 -0.82324656E-003  0.23640553E+000  0.14069527E+001  0.32652969E+001  0.70156402E+001  0.10191164E+002
 -0.42427353E+000 -0.33274330E+000 -0.12599277E+000 -0.16848195E-001 -0.32780365E-002 -0.82324690E-003  0.23640552E+000  0.14069535E+001  0.32653028E+001  0.70156504E+001  0.10191175E+002
 -0.42427359E+000 -0.33274340E+000 -0.12599286E+000 -0.16848248E-001 -0.32780379E-002 -0.82324716E-003  0.23640554E+000  0.14069545E+001  0.32653091E+001  0.70156613E+001  0.10191186E+002
 -0.42427366E+000 -0.33274349E+000 -0.12599296E+000 -0.16848300E-001 -0.32780393E-002 -0.82324735E-003  0.23640559E+000  0.14069557E+001  0.32653157E+001  0.70156728E+001  0.10191199E+002
 -0.42427372E+000 -0.33274359E+000 -0.12599306E+000 -0.16848350E-001 -0.32780406E-002 -0.82324746E-003  0.23640566E+000  0.14069571E+001  0.32653226E+001  0.70156849E+001  0.10191212E+002
 -0.42427379E+000 -0.33274368E+000 -0.12599316E+000 -0.16848399E-001 -0.32780419E-002 -0.82324773E-003  0.23640575E+000  0.14069587E+001  0.32653298E+001  0.70156977E+001  0.10191226E+002
 -0.42427385E+000 -0.33274378E+000 -0.12599326E+000 -0.16848446E-001 -0.32780431E-002 -0.82324795E-003  0.23640586E+000  0.14069604E+001  0.32653373E+001  0.70157110E+001  0.10191241E+002
 -0.42427392E+000 -0.33274388E+000 -0.12599336E+000 -0.16848491E-001 -0.32780442E-002 -0.82324806E-003  0.23640599E+000  0.14069623E+001  0.32653451E+001  0.70157250E+001  0.10191257E+002
 -0.42427398E+000 -0.33274397E+000 -0.12599347E+000 -0.16848534E-001 -0.32780452E-002 -0.82324807E-003  0.23640615E+000  0.14069643E+001  0.32653531E+001  0.70157394E+001  0.10191273E+002
 -0.42427405E+000 -0.33274407E+000 -0.12599357E+000 -0.16848575E-001 -0.32780462E-002 -0.82324800E-003  0.23640632E+000  0.14069665E+001  0.32653614E+001  0.70157545E+001  0.10191291E+002
 -0.42427411E+000 -0.33274417E+000 -0.12599367E+000 -0.16848614E-001 -0.32780470E-002 -0.82324787E-003  0.23640650E+000  0.14069688E+001  0.32653699E+001  0.70157700E+001  0.10191309E+002
 -0.42427418E+000 -0.33274427E+000 -0.12599377E+000 -0.16848652E-001 -0.32780477E-002 -0.82324768E-003  0.23640670E+000  0.14069711E+001  0.32653786E+001  0.70157860E+001  0.10191328E+002
 -0.42427425E+000 -0.33274437E+000 -0.12599387E+000 -0.16848687E-001 -0.32780484E-002 -0.82324744E-003  0.23640692E+000  0.14069736E+001  0.32653876E+001  0.70158025E+001  0.10191348E+002
 -0.42427431E+000 -0.33274447E+000 -0.12599398E+000 -0.16848720E-001 -0.32780490E-002 -0.82324717E-003  0.23640715E+000  0.14069761E+001  0.32653969E+001  0.70158194E+001  0.10191369E+002
 -0.42427438E+000 -0.33274457E+000 -0.12599408E+000 -0.16848751E-001 -0.32780495E-002 -0.82324685E-003  0.23640739E+000  0.14069787E+001  0.32654063E+001  0.70158367E+001  0.10191390E+002
 -0.42427445E+000 -0.33274467E+000 -0.12599418E+000 -0.16848780E-001 -0.32780500E-002 -0.82324650E-003  0.23640765E+000  0.14069814E+001  0.32654160E+001  0.70158544E+001  0.10191412E+002
 -0.42427451E+000 -0.33274477E+000 -0.12599428E+000 -0.16848807E-001 -0.32780503E-002 -0.82324612E-003  0.23640791E+000  0.14069841E+001  0.32654259E+001  0.70158724E+001  0.10191434E+002
 -0.42427458E+000 -0.33274487E+000 -0.12599438E+000 -0.16848832E-001 -0.32780506E-002 -0.82324572E-003  0.23640818E+000  0.14069869E+001  0.32654360E+001  0.70158907E+001  0.10191457E+002
 -0.42427465E+000 -0.33274497E+000 -0.12599448E+000 -0.16848855E-001 -0.32780509E-002 -0.82324530E-003  0.23640847E+000  0.14069897E+001  0.32654463E+001  0.70159092E+001  0.10191481E+002
 -0.42427471E+000 -0.33274506E+000 -0.12599458E+000 -0.16848876E-001 -0.32780511E-002 -0.82324485E-003  0.23640876E+000  0.14069926E+001  0.32654568E+001  0.70159279E+001  0.10191505E+002
 -0.42427478E+000 -0.33274516E+000 -0.12599468E+000 -0.16848895E-001 -0.32780512E-002 -0.82324438E-003  0.23640906E+000  0.14069955E+001  0.32654674E+001  0.70159468E+001  0.10191529E+002
 -0.42427484E+000 -0.33274526E+000 -0.12599478E+000 -0.16848913E-001 -0.32780513E-002 -0.82324389E-003  0.23640936E+000  0.14069984E+001  0.32654782E+001  0.70159657E+001  0.10191553E+002
 -0.42427491E+000 -0.33274535E+000 -0.12599488E+000 -0.16848928E-001 -0.32780513E-002 -0.82324338E-003  0.23640967E+000  0.14070014E+001  0.32654891E+001  0.70159847E+001  0.10191577E+002
 -0.42427497E+000 -0.33274545E+000 -0.12599498E+000 -0.16848942E-001 -0.32780512E-002 -0.82324285E-003  0.23640999E+000  0.14070044E+001  0.32655001E+001  0.70160037E+001  0.10191602E+002
 -0.42427504E+000 -0.33274554E+000 -0.12599508E+000 -0.16848954E-001 -0.32780512E-002 -0.82324230E-003  0.23641030E+000  0.14070074E+001  0.32655112E+001  0.70160225E+001  0.10191626E+002
 -0.42427510E+000 -0.33274563E+000 -0.12599517E+000 -0.16848963E-001 -0.32780510E-002 -0.82324173E-003  0.23641062E+000  0.14070103E+001  0.32655223E+001  0.70160411E+001  0.10191649E+002
 -0.42427516E+000 -0.33274573E+000 -0.12599527E+000 -0.16848971E-001 -0.32780508E-002 -0.82324114E-003  0.23641094E+000  0.14070133E+001  0.32655334E+001  0.70160595E+001  0.10191673E+002
 -0.42427522E+000 -0.33274582E+000 -0.12599537E+000 -0.16848978E-001 -0.32780506E-002 -0.82324054E-003  0.23641125E+000  0.14070163E+001  0.32655445E+001  0.70160776E+001  0.10191696E+002
 -0.42427529E+000 -0.33274591E+000 -0.12599547E+000 -0.16848982E-001 -0.32780503E-002 -0.82323991E-003  0.23641155E+000  0.14070192E+001  0.32655555E+001  0.70160953E+001  0.10191718E+002
 -0.42427535E+000 -0.33274600E+000 -0.12599557E+000 -0.16848984E-001 -0.32780499E-002 -0.82323927E-003  0.23641185E+000  0.14070221E+001  0.32655663E+001  0.70161124E+001  0.10191739E+002
 -0.42427541E+000 -0.33274609E+000 -0.12599567E+000 -0.16848984E-001 -0.32780495E-002 -0.82323861E-003  0.23641213E+000  0.14070250E+001  0.32655770E+001  0.70161290E+001  0.10191760E+002
 -0.42427547E+000 -0.33274619E+000 -0.12599577E+000 -0.16848983E-001 -0.32780491E-002 -0.82323794E-003  0.23641240E+000  0.14070278E+001  0.32655875E+001  0.70161449E+001  0.10191779E+002
 -0.42427554E+000 -0.33274628E+000 -0.12599587E+000 -0.16848980E-001 -0.32780486E-002 -0.82323727E-003  0.23641266E+000  0.14070305E+001  0.32655977E+001  0.70161602E+001  0.10191798E+002
 -0.42427560E+000 -0.33274638E+000 -0.12599598E+000 -0.16848975E-001 -0.32780481E-002 -0.82323658E-003  0.23641290E+000  0.14070331E+001  0.32656076E+001  0.70161746E+001  0.10191815E+002
 -0.42427567E+000 -0.33274647E+000 -0.12599609E+000 -0.16848968E-001 -0.32780475E-002 -0.82323591E-003  0.23641311E+000  0.14070357E+001  0.32656172E+001  0.70161883E+001  0.10191831E+002
 -0.42427574E+000 -0.33274657E+000 -0.12599620E+000 -0.16848960E-001 -0.32780469E-002 -0.82323524E-003  0.23641330E+000  0.14070382E+001  0.32656264E+001  0.70162010E+001  0.10191846E+002
 -0.42427581E+000 -0.33274668E+000 -0.12599632E+000 -0.16848951E-001 -0.32780463E-002 -0.82323457E-003  0.23641346E+000  0.14070406E+001  0.32656351E+001  0.70162129E+001  0.10191860E+002
 -0.42427588E+000 -0.33274679E+000 -0.12599644E+000 -0.16848940E-001 -0.32780456E-002 -0.82323394E-003  0.23641359E+000  0.14070428E+001  0.32656434E+001  0.70162237E+001  0.10191872E+002
 -0.42427596E+000 -0.33274690E+000 -0.12599657E+000 -0.16848930E-001 -0.32780449E-002 -0.82323335E-003  0.23641369E+000  0.14070450E+001  0.32656512E+001  0.70162336E+001  0.10191883E+002
 -0.42427604E+000 -0.33274701E+000 -0.12599670E+000 -0.16848919E-001 -0.32780442E-002 -0.82323281E-003  0.23641375E+000  0.14070470E+001  0.32656585E+001  0.70162425E+001  0.10191892E+002
 -0.42427612E+000 -0.33274714E+000 -0.12599684E+000 -0.16848908E-001 -0.32780436E-002 -0.82323233E-003  0.23641378E+000  0.14070489E+001  0.32656653E+001  0.70162504E+001  0.10191900E+002
 -0.42427621E+000 -0.33274727E+000 -0.12599698E+000 -0.16848898E-001 -0.32780430E-002 -0.82323194E-003  0.23641377E+000  0.14070507E+001  0.32656715E+001  0.70162573E+001  0.10191907E+002
 -0.42427630E+000 -0.33274740E+000 -0.12599713E+000 -0.16848890E-001 -0.32780425E-002 -0.82323165E-003  0.23641372E+000  0.14070523E+001  0.32656771E+001  0.70162631E+001  0.10191913E+002
 -0.42427639E+000 -0.33274754E+000 -0.12599729E+000 -0.16848884E-001 -0.32780420E-002 -0.82323148E-003  0.23641364E+000  0.14070538E+001  0.32656822E+001  0.70162680E+001  0.10191917E+002
 -0.42427649E+000 -0.33274769E+000 -0.12599746E+000 -0.16848881E-001 -0.32780417E-002 -0.82323145E-003  0.23641351E+000  0.14070551E+001  0.32656867E+001  0.70162718E+001  0.10191920E+002
 -0.42427659E+000 -0.33274784E+000 -0.12599764E+000 -0.16848881E-001 -0.32780414E-002 -0.82323158E-003  0.23641334E+000  0.14070563E+001  0.32656907E+001  0.70162747E+001  0.10191922E+002
 -0.42427670E+000 -0.33274800E+000 -0.12599782E+000 -0.16848886E-001 -0.32780414E-002 -0.82323189E-003  0.23641312E+000  0.14070574E+001  0.32656940E+001  0.70162767E+001  0.10191922E+002
 -0.42427680E+000 -0.33274817E+000 -0.12599801E+000 -0.16848895E-001 -0.32780415E-002 -0.82323239E-003  0.23641287E+000  0.14070583E+001  0.32656968E+001  0.70162778E+001  0.10191922E+002
 -0.42427691E+000 -0.33274834E+000 -0.12599821E+000 -0.16848910E-001 -0.32780419E-002 -0.82323312E-003  0.23641258E+000  0.14070590E+001  0.32656990E+001  0.70162780E+001  0.10191920E+002
 -0.42427702E+000 -0.33274852E+000 -0.12599841E+000 -0.16848931E-001 -0.32780425E-002 -0.82323408E-003  0.23641224E+000  0.14070597E+001  0.32657007E+001  0.70162774E+001  0.10191918E+002
 -0.42427714E+000 -0.33274870E+000 -0.12599863E+000 -0.16848958E-001 -0.32780433E-002 -0.82323530E-003  0.23641186E+000  0.14070601E+001  0.32657019E+001  0.70162760E+001  0.10191914E+002
 -0.42427725E+000 -0.33274889E+000 -0.12599885E+000 -0.16848993E-001 -0.32780444E-002 -0.82323679E-003  0.23641145E+000  0.14070605E+001  0.32657025E+001  0.70162739E+001  0.10191910E+002
 -0.42427737E+000 -0.33274908E+000 -0.12599907E+000 -0.16849035E-001 -0.32780458E-002 -0.82323857E-003  0.23641100E+000  0.14070607E+001  0.32657027E+001  0.70162711E+001  0.10191905E+002
 -0.42427749E+000 -0.33274927E+000 -0.12599930E+000 -0.16849084E-001 -0.32780475E-002 -0.82324064E-003  0.23641050E+000  0.14070608E+001  0.32657024E+001  0.70162677E+001  0.10191899E+002
 -0.42427760E+000 -0.33274946E+000 -0.12599954E+000 -0.16849142E-001 -0.32780495E-002 -0.82324302E-003  0.23640998E+000  0.14070608E+001  0.32657017E+001  0.70162637E+001  0.10191893E+002
 -0.42427772E+000 -0.33274966E+000 -0.12599978E+000 -0.16849207E-001 -0.32780518E-002 -0.82324571E-003  0.23640941E+000  0.14070607E+001  0.32657006E+001  0.70162592E+001  0.10191886E+002
 -0.42427783E+000 -0.33274985E+000 -0.12600002E+000 -0.16849280E-001 -0.32780545E-002 -0.82324871E-003  0.23640881E+000  0.14070604E+001  0.32656991E+001  0.70162542E+001  0.10191879E+002
 -0.42427794E+000 -0.33275005E+000 -0.12600027E+000 -0.16849360E-001 -0.32780574E-002 -0.82325201E-003  0.23640817E+000  0.14070601E+001  0.32656972E+001  0.70162488E+001  0.10191871E+002
 -0.42427805E+000 -0.33275024E+000 -0.12600051E+000 -0.16849447E-001 -0.32780607E-002 -0.82325562E-003  0.23640750E+000  0.14070597E+001  0.32656951E+001  0.70162431E+001  0.10191863E+002
 -0.42427815E+000 -0.33275042E+000 -0.12600076E+000 -0.16849540E-001 -0.32780642E-002 -0.82325952E-003  0.23640679E+000  0.14070591E+001  0.32656926E+001  0.70162371E+001  0.10191855E+002
 -0.42427825E+000 -0.33275060E+000 -0.12600100E+000 -0.16849639E-001 -0.32780680E-002 -0.82326369E-003  0.23640606E+000  0.14070585E+001  0.32656899E+001  0.70162308E+001  0.10191846E+002
 -0.42427834E+000 -0.33275078E+000 -0.12600123E+000 -0.16849743E-001 -0.32780721E-002 -0.82326812E-003  0.23640528E+000  0.14070579E+001  0.32656869E+001  0.70162244E+001  0.10191838E+002
 -0.42427843E+000 -0.33275095E+000 -0.12600147E+000 -0.16849852E-001 -0.32780763E-002 -0.82327277E-003  0.23640448E+000  0.14070572E+001  0.32656838E+001  0.70162178E+001  0.10191829E+002
 -0.42427852E+000 -0.33275111E+000 -0.12600169E+000 -0.16849964E-001 -0.32780807E-002 -0.82327763E-003  0.23640364E+000  0.14070564E+001  0.32656805E+001  0.70162112E+001  0.10191820E+002
 -0.42427859E+000 -0.33275126E+000 -0.12600191E+000 -0.16850078E-001 -0.32780853E-002 -0.82328266E-003  0.23640277E+000  0.14070556E+001  0.32656771E+001  0.70162045E+001  0.10191812E+002
 -0.42427866E+000 -0.33275140E+000 -0.12600212E+000 -0.16850194E-001 -0.32780900E-002 -0.82328783E-003  0.23640188E+000  0.14070547E+001  0.32656735E+001  0.70161978E+001  0.10191803E+002
 -0.42427872E+000 -0.33275153E+000 -0.12600232E+000 -0.16850310E-001 -0.32780947E-002 -0.82329310E-003  0.23640095E+000  0.14070538E+001  0.32656699E+001  0.70161912E+001  0.10191795E+002
 -0.42427878E+000 -0.33275165E+000 -0.12600250E+000 -0.16850425E-001 -0.32780995E-002 -0.82329844E-003  0.23640000E+000  0.14070529E+001  0.32656663E+001  0.70161847E+001  0.10191787E+002
 -0.42427883E+000 -0.33275176E+000 -0.12600268E+000 -0.16850540E-001 -0.32781043E-002 -0.82330381E-003  0.23639902E+000  0.14070519E+001  0.32656627E+001  0.70161783E+001  0.10191779E+002
 -0.42427887E+000 -0.33275186E+000 -0.12600284E+000 -0.16850652E-001 -0.32781090E-002 -0.82330916E-003  0.23639801E+000  0.14070510E+001  0.32656591E+001  0.70161721E+001  0.10191771E+002
 -0.42427891E+000 -0.33275195E+000 -0.12600299E+000 -0.16850760E-001 -0.32781137E-002 -0.82331446E-003  0.23639699E+000  0.14070500E+001  0.32656555E+001  0.70161662E+001  0.10191764E+002
 -0.42427893E+000 -0.33275202E+000 -0.12600313E+000 -0.16850865E-001 -0.32781182E-002 -0.82331967E-003  0.23639594E+000  0.14070491E+001  0.32656520E+001  0.70161604E+001  0.10191757E+002
 -0.42427895E+000 -0.33275209E+000 -0.12600325E+000 -0.16850965E-001 -0.32781226E-002 -0.82332476E-003  0.23639488E+000  0.14070481E+001  0.32656485E+001  0.70161550E+001  0.10191751E+002
 -0.42427897E+000 -0.33275214E+000 -0.12600336E+000 -0.16851059E-001 -0.32781267E-002 -0.82332968E-003  0.23639381E+000  0.14070472E+001  0.32656452E+001  0.70161498E+001  0.10191745E+002
 -0.42427898E+000 -0.33275218E+000 -0.12600346E+000 -0.16851147E-001 -0.32781307E-002 -0.82333442E-003  0.23639273E+000  0.14070463E+001  0.32656420E+001  0.70161449E+001  0.10191739E+002
 -0.42427898E+000 -0.33275221E+000 -0.12600354E+000 -0.16851229E-001 -0.32781345E-002 -0.82333893E-003  0.23639165E+000  0.14070454E+001  0.32656390E+001  0.70161404E+001  0.10191734E+002
 -0.42427898E+000 -0.33275223E+000 -0.12600360E+000 -0.16851304E-001 -0.32781380E-002 -0.82334319E-003  0.23639057E+000  0.14070446E+001  0.32656361E+001  0.70161362E+001  0.10191729E+002
 -0.42427897E+000 -0.33275224E+000 -0.12600365E+000 -0.16851372E-001 -0.32781412E-002 -0.82334718E-003  0.23638950E+000  0.14070438E+001  0.32656333E+001  0.70161323E+001  0.10191724E+002
 -0.42427896E+000 -0.33275224E+000 -0.12600369E+000 -0.16851433E-001 -0.32781441E-002 -0.82335088E-003  0.23638843E+000  0.14070430E+001  0.32656308E+001  0.70161288E+001  0.10191721E+002
 -0.42427894E+000 -0.33275223E+000 -0.12600372E+000 -0.16851486E-001 -0.32781468E-002 -0.82335428E-003  0.23638739E+000  0.14070423E+001  0.32656284E+001  0.70161257E+001  0.10191717E+002
 -0.42427892E+000 -0.33275222E+000 -0.12600373E+000 -0.16851532E-001 -0.32781491E-002 -0.82335736E-003  0.23638637E+000  0.14070416E+001  0.32656263E+001  0.70161229E+001  0.10191714E+002
 -0.42427890E+000 -0.33275219E+000 -0.12600374E+000 -0.16851571E-001 -0.32781512E-002 -0.82336011E-003  0.23638538E+000  0.14070410E+001  0.32656243E+001  0.70161205E+001  0.10191712E+002
 -0.42427888E+000 -0.33275217E+000 -0.12600373E+000 -0.16851602E-001 -0.32781529E-002 -0.82336254E-003  0.23638442E+000  0.14070404E+001  0.32656226E+001  0.70161185E+001  0.10191710E+002
 -0.42427885E+000 -0.33275213E+000 -0.12600371E+000 -0.16851627E-001 -0.32781544E-002 -0.82336464E-003  0.23638350E+000  0.14070398E+001  0.32656211E+001  0.70161168E+001  0.10191708E+002
 -0.42427882E+000 -0.33275209E+000 -0.12600368E+000 -0.16851645E-001 -0.32781555E-002 -0.82336641E-003  0.23638262E+000  0.14070394E+001  0.32656197E+001  0.70161154E+001  0.10191707E+002
 -0.42427879E+000 -0.33275205E+000 -0.12600365E+000 -0.16851656E-001 -0.32781564E-002 -0.82336787E-003  0.23638179E+000  0.14070390E+001  0.32656186E+001  0.70161144E+001  0.10191706E+002
 -0.42427875E+000 -0.33275200E+000 -0.12600361E+000 -0.16851662E-001 -0.32781571E-002 -0.82336901E-003  0.23638101E+000  0.14070386E+001  0.32656177E+001  0.70161138E+001  0.10191706E+002
 -0.42427872E+000 -0.33275195E+000 -0.12600356E+000 -0.16851662E-001 -0.32781574E-002 -0.82336986E-003  0.23638029E+000  0.14070383E+001  0.32656170E+001  0.70161134E+001  0.10191705E+002
 -0.42427869E+000 -0.33275190E+000 -0.12600351E+000 -0.16851658E-001 -0.32781576E-002 -0.82337043E-003  0.23637963E+000  0.14070380E+001  0.32656164E+001  0.70161133E+001  0.10191706E+002
 -0.42427866E+000 -0.33275185E+000 -0.12600346E+000 -0.16851648E-001 -0.32781576E-002 -0.82337074E-003  0.23637902E+000  0.14070378E+001  0.32656161E+001  0.70161135E+001  0.10191706E+002
 -0.42427862E+000 -0.33275180E+000 -0.12600340E+000 -0.16851635E-001 -0.32781573E-002 -0.82337080E-003  0.23637848E+000  0.14070377E+001  0.32656159E+001  0.70161139E+001  0.10191707E+002
 -0.42427859E+000 -0.33275175E+000 -0.12600334E+000 -0.16851619E-001 -0.32781569E-002 -0.82337063E-003  0.23637799E+000  0.14070375E+001  0.32656159E+001  0.70161146E+001  0.10191708E+002
 -0.42427856E+000 -0.33275169E+000 -0.12600328E+000 -0.16851599E-001 -0.32781563E-002 -0.82337026E-003  0.23637757E+000  0.14070375E+001  0.32656160E+001  0.70161154E+001  0.10191710E+002
 -0.42427853E+000 -0.33275164E+000 -0.12600321E+000 -0.16851577E-001 -0.32781556E-002 -0.82336970E-003  0.23637721E+000  0.14070375E+001  0.32656163E+001  0.70161165E+001  0.10191711E+002
 -0.42427851E+000 -0.33275159E+000 -0.12600315E+000 -0.16851553E-001 -0.32781548E-002 -0.82336898E-003  0.23637691E+000  0.14070375E+001  0.32656167E+001  0.70161177E+001  0.10191713E+002
 -0.42427848E+000 -0.33275155E+000 -0.12600309E+000 -0.16851528E-001 -0.32781539E-002 -0.82336812E-003  0.23637667E+000  0.14070375E+001  0.32656172E+001  0.70161190E+001  0.10191715E+002
 -0.42427846E+000 -0.33275150E+000 -0.12600303E+000 -0.16851502E-001 -0.32781530E-002 -0.82336715E-003  0.23637648E+000  0.14070376E+001  0.32656178E+001  0.70161205E+001  0.10191717E+002
 -0.42427843E+000 -0.33275146E+000 -0.12600297E+000 -0.16851475E-001 -0.32781520E-002 -0.82336607E-003  0.23637634E+000  0.14070378E+001  0.32656185E+001  0.70161220E+001  0.10191719E+002
 -0.42427841E+000 -0.33275142E+000 -0.12600291E+000 -0.16851449E-001 -0.32781509E-002 -0.82336492E-003  0.23637626E+000  0.14070379E+001  0.32656193E+001  0.70161236E+001  0.10191721E+002
 -0.42427839E+000 -0.33275138E+000 -0.12600286E+000 -0.16851422E-001 -0.32781499E-002 -0.82336371E-003  0.23637622E+000  0.14070381E+001  0.32656201E+001  0.70161252E+001  0.10191723E+002
 -0.42427838E+000 -0.33275135E+000 -0.12600281E+000 -0.16851397E-001 -0.32781488E-002 -0.82336247E-003  0.23637622E+000  0.14070382E+001  0.32656209E+001  0.70161269E+001  0.10191725E+002
 -0.42427836E+000 -0.33275132E+000 -0.12600276E+000 -0.16851372E-001 -0.32781478E-002 -0.82336120E-003  0.23637626E+000  0.14070384E+001  0.32656218E+001  0.70161285E+001  0.10191727E+002
 -0.42427835E+000 -0.33275129E+000 -0.12600272E+000 -0.16851348E-001 -0.32781468E-002 -0.82335993E-003  0.23637634E+000  0.14070386E+001  0.32656227E+001  0.70161301E+001  0.10191729E+002
 -0.42427834E+000 -0.33275127E+000 -0.12600268E+000 -0.16851326E-001 -0.32781458E-002 -0.82335868E-003  0.23637644E+000  0.14070388E+001  0.32656235E+001  0.70161316E+001  0.10191731E+002
 -0.42427833E+000 -0.33275125E+000 -0.12600265E+000 -0.16851306E-001 -0.32781449E-002 -0.82335744E-003  0.23637657E+000  0.14070390E+001  0.32656244E+001  0.70161331E+001  0.10191733E+002
 -0.42427833E+000 -0.33275123E+000 -0.12600262E+000 -0.16851287E-001 -0.32781441E-002 -0.82335625E-003  0.23637672E+000  0.14070392E+001  0.32656252E+001  0.70161345E+001  0.10191734E+002
 -0.42427832E+000 -0.33275122E+000 -0.12600259E+000 -0.16851271E-001 -0.32781433E-002 -0.82335511E-003  0.23637689E+000  0.14070394E+001  0.32656260E+001  0.70161357E+001  0.10191736E+002
 -0.42427832E+000 -0.33275121E+000 -0.12600256E+000 -0.16851256E-001 -0.32781425E-002 -0.82335402E-003  0.23637707E+000  0.14070396E+001  0.32656268E+001  0.70161369E+001  0.10191737E+002
 -0.42427832E+000 -0.33275120E+000 -0.12600255E+000 -0.16851244E-001 -0.32781419E-002 -0.82335301E-003  0.23637726E+000  0.14070398E+001  0.32656274E+001  0.70161379E+001  0.10191738E+002
 -0.42427832E+000 -0.33275119E+000 -0.12600253E+000 -0.16851233E-001 -0.32781413E-002 -0.82335206E-003  0.23637745E+000  0.14070399E+001  0.32656280E+001  0.70161388E+001  0.10191739E+002
 -0.42427832E+000 -0.33275119E+000 -0.12600252E+000 -0.16851225E-001 -0.32781408E-002 -0.82335120E-003  0.23637765E+000  0.14070400E+001  0.32656286E+001  0.70161395E+001  0.10191740E+002
 -0.42427832E+000 -0.33275119E+000 -0.12600251E+000 -0.16851218E-001 -0.32781404E-002 -0.82335042E-003  0.23637784E+000  0.14070402E+001  0.32656290E+001  0.70161401E+001  0.10191741E+002
 -0.42427832E+000 -0.33275119E+000 -0.12600250E+000 -0.16851214E-001 -0.32781401E-002 -0.82334972E-003  0.23637803E+000  0.14070402E+001  0.32656294E+001  0.70161405E+001  0.10191741E+002
 -0.42427833E+000 -0.33275119E+000 -0.12600250E+000 -0.16851212E-001 -0.32781398E-002 -0.82334911E-003  0.23637822E+000  0.14070403E+001  0.32656297E+001  0.70161407E+001  0.10191741E+002
 -0.42427833E+000 -0.33275120E+000 -0.12600250E+000 -0.16851211E-001 -0.32781396E-002 -0.82334859E-003  0.23637840E+000  0.14070404E+001  0.32656299E+001  0.70161409E+001  0.10191742E+002
 -0.42427834E+000 -0.33275120E+000 -0.12600251E+000 -0.16851212E-001 -0.32781395E-002 -0.82334816E-003  0.23637857E+000  0.14070404E+001  0.32656300E+001  0.70161408E+001  0.10191741E+002
 -0.42427834E+000 -0.33275121E+000 -0.12600251E+000 -0.16851214E-001 -0.32781395E-002 -0.82334781E-003  0.23637873E+000  0.14070404E+001  0.32656300E+001  0.70161406E+001  0.10191741E+002
 -0.42427835E+000 -0.33275122E+000 -0.12600252E+000 -0.16851218E-001 -0.32781395E-002 -0.82334755E-003  0.23637887E+000  0.14070404E+001  0.32656299E+001  0.70161403E+001  0.10191741E+002
 -0.42427835E+000 -0.33275123E+000 -0.12600253E+000 -0.16851223E-001 -0.32781396E-002 -0.82334736E-003  0.23637900E+000  0.14070403E+001  0.32656297E+001  0.70161398E+001  0.10191740E+002
 -0.42427836E+000 -0.33275124E+000 -0.12600254E+000 -0.16851229E-001 -0.32781397E-002 -0.82334725E-003  0.23637912E+000  0.14070403E+001  0.32656295E+001  0.70161392E+001  0.10191739E+002
 -0.42427836E+000 -0.33275125E+000 -0.12600255E+000 -0.16851236E-001 -0.32781399E-002 -0.82334721E-003  0.23637922E+000  0.14070402E+001  0.32656292E+001  0.70161385E+001  0.10191738E+002
 -0.42427837E+000 -0.33275126E+000 -0.12600256E+000 -0.16851243E-001 -0.32781401E-002 -0.82334723E-003  0.23637931E+000  0.14070401E+001  0.32656288E+001  0.70161377E+001  0.10191737E+002
 -0.42427837E+000 -0.33275127E+000 -0.12600257E+000 -0.16851251E-001 -0.32781403E-002 -0.82334732E-003  0.23637939E+000  0.14070400E+001  0.32656284E+001  0.70161368E+001  0.10191736E+002
 -0.42427838E+000 -0.33275127E+000 -0.12600258E+000 -0.16851260E-001 -0.32781406E-002 -0.82334746E-003  0.23637945E+000  0.14070399E+001  0.32656279E+001  0.70161359E+001  0.10191735E+002
 -0.42427838E+000 -0.33275128E+000 -0.12600259E+000 -0.16851269E-001 -0.32781409E-002 -0.82334764E-003  0.23637949E+000  0.14070397E+001  0.32656273E+001  0.70161349E+001  0.10191734E+002
 -0.42427839E+000 -0.33275129E+000 -0.12600261E+000 -0.16851277E-001 -0.32781412E-002 -0.82334787E-003  0.23637953E+000  0.14070396E+001  0.32656268E+001  0.70161338E+001  0.10191732E+002
 -0.42427839E+000 -0.33275130E+000 -0.12600262E+000 -0.16851286E-001 -0.32781415E-002 -0.82334813E-003  0.23637955E+000  0.14070394E+001  0.32656262E+001  0.70161328E+001  0.10191731E+002
 -0.42427839E+000 -0.33275131E+000 -0.12600263E+000 -0.16851295E-001 -0.32781418E-002 -0.82334842E-003  0.23637956E+000  0.14070392E+001  0.32656255E+001  0.70161317E+001  0.10191730E+002
 -0.42427840E+000 -0.33275131E+000 -0.12600264E+000 -0.16851303E-001 -0.32781421E-002 -0.82334873E-003  0.23637957E+000  0.14070391E+001  0.32656249E+001  0.70161306E+001  0.10191729E+002
 -0.42427840E+000 -0.33275132E+000 -0.12600265E+000 -0.16851311E-001 -0.32781424E-002 -0.82334905E-003  0.23637956E+000  0.14070389E+001  0.32656243E+001  0.70161296E+001  0.10191727E+002
 -0.42427840E+000 -0.33275132E+000 -0.12600266E+000 -0.16851318E-001 -0.32781427E-002 -0.82334938E-003  0.23637955E+000  0.14070387E+001  0.32656237E+001  0.70161286E+001  0.10191726E+002
 -0.42427840E+000 -0.33275132E+000 -0.12600266E+000 -0.16851324E-001 -0.32781430E-002 -0.82334971E-003  0.23637953E+000  0.14070386E+001  0.32656231E+001  0.70161276E+001  0.10191725E+002
 -0.42427840E+000 -0.33275133E+000 -0.12600267E+000 -0.16851330E-001 -0.32781432E-002 -0.82335002E-003  0.23637951E+000  0.14070384E+001  0.32656225E+001  0.70161268E+001  0.10191724E+002
 -0.42427840E+000 -0.33275133E+000 -0.12600268E+000 -0.16851334E-001 -0.32781434E-002 -0.82335034E-003  0.23637948E+000  0.14070383E+001  0.32656220E+001  0.70161260E+001  0.10191723E+002
 -0.42427840E+000 -0.33275133E+000 -0.12600268E+000 -0.16851337E-001 -0.32781436E-002 -0.82335061E-003  0.23637945E+000  0.14070382E+001  0.32656216E+001  0.70161254E+001  0.10191722E+002
