  0.28752450E-001
  0.28390826E-001
  0.28195523E-001
  0.28050974E-001
  0.27935421E-001
  0.27840986E-001
  0.27762781E-001
  0.27697931E-001
  0.27644020E-001
  0.27599047E-001
  0.27561292E-001
  0.27529467E-001
  0.27502564E-001
  0.27479739E-001
  0.27460319E-001
  0.27443765E-001
  0.27429637E-001
  0.27417573E-001
  0.27407277E-001
  0.27398504E-001
  0.27391050E-001
  0.27384744E-001
  0.27379442E-001
  0.27375017E-001
  0.27371353E-001
  0.27368369E-001
  0.27365986E-001
  0.27364131E-001
  0.27362739E-001
  0.27361752E-001
  0.27361116E-001
  0.27360783E-001
  0.27360709E-001
  0.27360854E-001
  0.27361182E-001
  0.27361661E-001
  0.27362262E-001
  0.27362959E-001
  0.27363730E-001
  0.27364555E-001
  0.27365419E-001
  0.27366308E-001
  0.27367210E-001
  0.27368115E-001
  0.27369018E-001
  0.27369912E-001
  0.27370793E-001
  0.27371659E-001
  0.27372507E-001
  0.27373335E-001
  0.27374144E-001
  0.27374933E-001
  0.27375701E-001
  0.27376449E-001
  0.27377176E-001
  0.27377883E-001
  0.27378569E-001
  0.27379234E-001
  0.27379878E-001
  0.27380501E-001
  0.27381102E-001
  0.27381681E-001
  0.27382238E-001
  0.27382772E-001
  0.27383282E-001
  0.27383770E-001
  0.27384233E-001
  0.27384673E-001
  0.27385090E-001
  0.27385483E-001
  0.27385853E-001
  0.27386200E-001
  0.27386525E-001
  0.27386828E-001
  0.27387110E-001
  0.27387372E-001
  0.27387614E-001
  0.27387837E-001
  0.27388042E-001
  0.27388230E-001
  0.27388402E-001
  0.27388559E-001
  0.27388702E-001
  0.27388831E-001
  0.27388948E-001
  0.27389053E-001
  0.27389148E-001
  0.27389233E-001
  0.27389309E-001
  0.27389377E-001
  0.27389437E-001
  0.27389491E-001
  0.27389538E-001
  0.27389579E-001
  0.27389616E-001
  0.27389648E-001
  0.27389675E-001
  0.27389700E-001
  0.27389721E-001
  0.27389739E-001
  0.27389755E-001
  0.27389768E-001
  0.27389779E-001
  0.27389789E-001
  0.27389797E-001
  0.27389804E-001
  0.27389810E-001
  0.27389815E-001
  0.27389819E-001
  0.27389823E-001
  0.27389825E-001
  0.27389828E-001
  0.27389830E-001
  0.27389831E-001
  0.27389832E-001
  0.27389833E-001
  0.27389834E-001
  0.27389834E-001
  0.27389835E-001
  0.27389835E-001
  0.27389835E-001
  0.27389836E-001
  0.27389836E-001
  0.27389836E-001
  0.27389836E-001
  0.27389836E-001
  0.27389836E-001
  0.27389836E-001
  0.27389836E-001
  0.27389836E-001
  0.27389836E-001
  0.27389836E-001
  0.27389836E-001
  0.27389836E-001
  0.27389836E-001
  0.27389836E-001
  0.27389836E-001
  0.27389836E-001
  0.27389836E-001
  0.27389836E-001
  0.27389836E-001
  0.27389836E-001
  0.27389836E-001
  0.27389837E-001
  0.27389837E-001
  0.27389837E-001
  0.27389837E-001
  0.27389837E-001
  0.27389837E-001
  0.27389837E-001
  0.27389837E-001
  0.27389838E-001
  0.27389838E-001
  0.27389838E-001
  0.27389838E-001
  0.27389838E-001
  0.27389838E-001
  0.27389838E-001
  0.27389839E-001
  0.27389839E-001
  0.27389839E-001
  0.27389839E-001
  0.27389839E-001
  0.27389839E-001
  0.27389840E-001
  0.27389840E-001
  0.27389840E-001
  0.27389840E-001
  0.27389840E-001
  0.27389841E-001
  0.27389841E-001
  0.27389841E-001
  0.27389841E-001
  0.27389841E-001
  0.27389841E-001
  0.27389842E-001
  0.27389842E-001
  0.27389842E-001
  0.27389842E-001
  0.27389842E-001
  0.27389842E-001
  0.27389842E-001
  0.27389843E-001
  0.27389843E-001
  0.27389843E-001
  0.27389843E-001
  0.27389843E-001
  0.27389843E-001
  0.27389843E-001
  0.27389844E-001
  0.27389844E-001
  0.27389844E-001
  0.27389844E-001
  0.27389844E-001
  0.27389844E-001
  0.27389844E-001
  0.27389844E-001
  0.27389844E-001
  0.27389844E-001
  0.27389844E-001
