  0.64902801E+000
  0.64912240E+000
  0.64919957E+000
  0.64926219E+000
  0.64931254E+000
  0.64935254E+000
  0.64938382E+000
  0.64940778E+000
  0.64942558E+000
  0.64943821E+000
  0.64944651E+000
  0.64945117E+000
  0.64945280E+000
  0.64945189E+000
  0.64944884E+000
  0.64944402E+000
  0.64943772E+000
  0.64943018E+000
  0.64942161E+000
  0.64941219E+000
  0.64940207E+000
  0.64939138E+000
  0.64938022E+000
  0.64936868E+000
  0.64935685E+000
  0.64934479E+000
  0.64933256E+000
  0.64932022E+000
  0.64930781E+000
  0.64929539E+000
  0.64928298E+000
  0.64927063E+000
  0.64925836E+000
  0.64924622E+000
  0.64923423E+000
  0.64922242E+000
  0.64921082E+000
  0.64919946E+000
  0.64918836E+000
  0.64917755E+000
  0.64916705E+000
  0.64915689E+000
  0.64914708E+000
  0.64913765E+000
  0.64912861E+000
  0.64911998E+000
  0.64911178E+000
  0.64910401E+000
  0.64909667E+000
  0.64908979E+000
  0.64908336E+000
  0.64907738E+000
  0.64907184E+000
  0.64906675E+000
  0.64906209E+000
  0.64905785E+000
  0.64905401E+000
  0.64905057E+000
  0.64904749E+000
  0.64904476E+000
  0.64904236E+000
  0.64904025E+000
  0.64903843E+000
  0.64903686E+000
  0.64903552E+000
  0.64903439E+000
  0.64903343E+000
  0.64903264E+000
  0.64903199E+000
  0.64903145E+000
  0.64903101E+000
  0.64903066E+000
  0.64903038E+000
  0.64903016E+000
  0.64902998E+000
  0.64902984E+000
  0.64902973E+000
  0.64902964E+000
  0.64902957E+000
  0.64902950E+000
  0.64902945E+000
  0.64902940E+000
  0.64902936E+000
  0.64902932E+000
  0.64902928E+000
  0.64902924E+000
  0.64902921E+000
  0.64902917E+000
  0.64902913E+000
  0.64902910E+000
  0.64902906E+000
  0.64902902E+000
  0.64902899E+000
  0.64902895E+000
  0.64902892E+000
  0.64902889E+000
  0.64902885E+000
  0.64902882E+000
  0.64902879E+000
  0.64902876E+000
  0.64902872E+000
  0.64902869E+000
  0.64902866E+000
  0.64902863E+000
  0.64902861E+000
  0.64902858E+000
  0.64902855E+000
  0.64902852E+000
  0.64902849E+000
  0.64902847E+000
  0.64902844E+000
  0.64902841E+000
  0.64902838E+000
  0.64902836E+000
  0.64902833E+000
  0.64902830E+000
  0.64902828E+000
  0.64902825E+000
  0.64902823E+000
  0.64902820E+000
  0.64902817E+000
  0.64902815E+000
  0.64902813E+000
  0.64902810E+000
  0.64902808E+000
  0.64902806E+000
  0.64902804E+000
  0.64902802E+000
  0.64902800E+000
  0.64902798E+000
  0.64902796E+000
  0.64902795E+000
  0.64902794E+000
  0.64902792E+000
  0.64902791E+000
  0.64902790E+000
  0.64902790E+000
  0.64902789E+000
  0.64902788E+000
  0.64902788E+000
  0.64902787E+000
  0.64902787E+000
  0.64902787E+000
  0.64902787E+000
  0.64902787E+000
  0.64902787E+000
  0.64902787E+000
  0.64902787E+000
  0.64902788E+000
  0.64902788E+000
  0.64902788E+000
  0.64902789E+000
  0.64902789E+000
  0.64902790E+000
  0.64902791E+000
  0.64902791E+000
  0.64902792E+000
  0.64902793E+000
  0.64902794E+000
  0.64902794E+000
  0.64902795E+000
  0.64902796E+000
  0.64902797E+000
  0.64902798E+000
  0.64902799E+000
  0.64902800E+000
  0.64902801E+000
  0.64902802E+000
  0.64902802E+000
  0.64902803E+000
  0.64902804E+000
  0.64902805E+000
  0.64902805E+000
  0.64902806E+000
  0.64902806E+000
  0.64902807E+000
  0.64902807E+000
  0.64902807E+000
  0.64902807E+000
  0.64902807E+000
  0.64902807E+000
  0.64902807E+000
  0.64902807E+000
  0.64902806E+000
  0.64902806E+000
  0.64902806E+000
  0.64902805E+000
  0.64902805E+000
  0.64902804E+000
  0.64902804E+000
  0.64902803E+000
  0.64902803E+000
  0.64902802E+000
  0.64902802E+000
  0.64902801E+000
  0.64902802E+000
  0.64902799E+000
  0.64902806E+000
  0.64902779E+000
  0.64902830E+000
