  0.11293060E+002
  0.11292622E+002
  0.11292292E+002
  0.11292049E+002
  0.11291875E+002
  0.11291757E+002
  0.11291683E+002
  0.11291645E+002
  0.11291635E+002
  0.11291647E+002
  0.11291676E+002
  0.11291719E+002
  0.11291772E+002
  0.11291832E+002
  0.11291898E+002
  0.11291968E+002
  0.11292040E+002
  0.11292112E+002
  0.11292186E+002
  0.11292258E+002
  0.11292330E+002
  0.11292399E+002
  0.11292467E+002
  0.11292532E+002
  0.11292595E+002
  0.11292654E+002
  0.11292711E+002
  0.11292764E+002
  0.11292815E+002
  0.11292862E+002
  0.11292905E+002
  0.11292946E+002
  0.11292983E+002
  0.11293017E+002
  0.11293047E+002
  0.11293075E+002
  0.11293100E+002
  0.11293122E+002
  0.11293141E+002
  0.11293158E+002
  0.11293172E+002
  0.11293184E+002
  0.11293195E+002
  0.11293203E+002
  0.11293210E+002
  0.11293215E+002
  0.11293220E+002
  0.11293222E+002
  0.11293224E+002
  0.11293226E+002
  0.11293226E+002
  0.11293226E+002
  0.11293225E+002
  0.11293223E+002
  0.11293222E+002
  0.11293220E+002
  0.11293218E+002
  0.11293215E+002
  0.11293213E+002
  0.11293210E+002
  0.11293207E+002
  0.11293204E+002
  0.11293201E+002
  0.11293197E+002
  0.11293194E+002
  0.11293190E+002
  0.11293187E+002
  0.11293183E+002
  0.11293179E+002
  0.11293175E+002
  0.11293171E+002
  0.11293167E+002
  0.11293163E+002
  0.11293159E+002
  0.11293155E+002
  0.11293151E+002
  0.11293147E+002
  0.11293143E+002
  0.11293138E+002
  0.11293134E+002
  0.11293130E+002
  0.11293126E+002
  0.11293122E+002
  0.11293118E+002
  0.11293114E+002
  0.11293110E+002
  0.11293106E+002
  0.11293103E+002
  0.11293099E+002
  0.11293095E+002
  0.11293092E+002
  0.11293088E+002
  0.11293085E+002
  0.11293082E+002
  0.11293079E+002
  0.11293076E+002
  0.11293073E+002
  0.11293070E+002
  0.11293067E+002
  0.11293065E+002
  0.11293062E+002
  0.11293060E+002
  0.11293058E+002
  0.11293056E+002
  0.11293054E+002
  0.11293052E+002
  0.11293051E+002
  0.11293050E+002
  0.11293050E+002
  0.11293050E+002
  0.11293051E+002
  0.11293053E+002
  0.11293056E+002
  0.11293059E+002
  0.11293064E+002
  0.11293070E+002
  0.11293077E+002
  0.11293085E+002
  0.11293095E+002
  0.11293106E+002
  0.11293118E+002
  0.11293131E+002
  0.11293145E+002
  0.11293161E+002
  0.11293176E+002
  0.11293193E+002
  0.11293209E+002
  0.11293226E+002
  0.11293242E+002
  0.11293258E+002
  0.11293273E+002
  0.11293286E+002
  0.11293298E+002
  0.11293309E+002
  0.11293318E+002
  0.11293324E+002
  0.11293329E+002
  0.11293331E+002
  0.11293331E+002
  0.11293329E+002
  0.11293324E+002
  0.11293317E+002
  0.11293308E+002
  0.11293296E+002
  0.11293282E+002
  0.11293267E+002
  0.11293249E+002
  0.11293230E+002
  0.11293209E+002
  0.11293187E+002
  0.11293165E+002
  0.11293141E+002
  0.11293116E+002
  0.11293091E+002
  0.11293066E+002
  0.11293041E+002
  0.11293016E+002
  0.11292991E+002
  0.11292967E+002
  0.11292943E+002
  0.11292921E+002
  0.11292899E+002
  0.11292879E+002
  0.11292859E+002
  0.11292842E+002
  0.11292826E+002
  0.11292812E+002
  0.11292800E+002
  0.11292790E+002
  0.11292782E+002
  0.11292776E+002
  0.11292773E+002
  0.11292772E+002
  0.11292773E+002
  0.11292777E+002
  0.11292784E+002
  0.11292792E+002
  0.11292803E+002
  0.11292817E+002
  0.11292832E+002
  0.11292850E+002
  0.11292870E+002
  0.11292892E+002
  0.11292915E+002
  0.11292940E+002
  0.11292967E+002
  0.11292994E+002
  0.11293023E+002
  0.11293052E+002
  0.11293082E+002
  0.11293112E+002
  0.11293142E+002
  0.11293171E+002
  0.11293200E+002
  0.11293229E+002
  0.11293256E+002
  0.11293282E+002
  0.11293307E+002
  0.11293334E+002
  0.11293374E+002
