  0.78393798E+000  0.12252569E+001  0.70785760E+001  0.43114978E+002
  0.79713400E+000  0.12211451E+001  0.71048419E+001  0.43136244E+002
  0.81418405E+000  0.12045363E+001  0.71122501E+001  0.43145203E+002
  0.81466245E+000  0.12079009E+001  0.71094506E+001  0.43157697E+002
  0.81508850E+000  0.12104940E+001  0.71045034E+001  0.43170771E+002
  0.81576650E+000  0.12111690E+001  0.71051391E+001  0.43178026E+002
  0.81609936E+000  0.12109240E+001  0.71056961E+001  0.43185074E+002
  0.83530269E+000  0.11918051E+001  0.71061389E+001  0.43190963E+002
  0.83545030E+000  0.11952206E+001  0.71039148E+001  0.43194983E+002
  0.83546972E+000  0.11958120E+001  0.71036892E+001  0.43199075E+002
  0.83601747E+000  0.11953800E+001  0.71064925E+001  0.43199897E+002
  0.83602313E+000  0.11954880E+001  0.71066934E+001  0.43202702E+002
  0.83647588E+000  0.11951509E+001  0.71068776E+001  0.43204996E+002
  0.83646011E+000  0.11952804E+001  0.71069637E+001  0.43206945E+002
  0.83645933E+000  0.11953924E+001  0.71070795E+001  0.43208484E+002
  0.83645776E+000  0.11955020E+001  0.71180289E+001  0.43108103E+002
  0.83645573E+000  0.11956074E+001  0.71071247E+001  0.43210826E+002
  0.83645052E+000  0.11957149E+001  0.71202388E+001  0.43198523E+002
  0.83644766E+000  0.11958127E+001  0.71280803E+001  0.43191290E+002
  0.83643126E+000  0.11958816E+001  0.71280940E+001  0.43191742E+002
  0.83642844E+000  0.11959689E+001  0.71280537E+001  0.43192055E+002
  0.83642484E+000  0.11960515E+001  0.71280059E+001  0.43192240E+002
  0.83642092E+000  0.11961286E+001  0.71279652E+001  0.43192300E+002
  0.83641702E+000  0.11961998E+001  0.71279067E+001  0.43192275E+002
  0.83641301E+000  0.11962650E+001  0.71377528E+001  0.43100320E+002
  0.83748060E+000  0.11952529E+001  0.71277812E+001  0.43191978E+002
  0.83747633E+000  0.11953070E+001  0.71294343E+001  0.43190009E+002
  0.83747197E+000  0.11953556E+001  0.71293694E+001  0.43189699E+002
  0.83746752E+000  0.11953988E+001  0.71293039E+001  0.43189342E+002
  0.83746296E+000  0.11954368E+001  0.71292384E+001  0.43188942E+002
  0.83745831E+000  0.11954699E+001  0.71291734E+001  0.43188508E+002
  0.83745357E+000  0.11954983E+001  0.71291091E+001  0.43188044E+002
  0.83744871E+000  0.11955222E+001  0.71290458E+001  0.43187556E+002
  0.83744376E+000  0.11955420E+001  0.71289836E+001  0.43187049E+002
  0.83743869E+000  0.11955578E+001  0.71271973E+001  0.43188253E+002
  0.83743351E+000  0.11955701E+001  0.71271375E+001  0.43187720E+002
  0.83742821E+000  0.11955790E+001  0.71270791E+001  0.43187179E+002
  0.83742279E+000  0.11955849E+001  0.71270221E+001  0.43186633E+002
  0.83741725E+000  0.11955880E+001  0.71269664E+001  0.43186084E+002
  0.83741159E+000  0.11955886E+001  0.71269120E+001  0.43185535E+002
  0.83633504E+000  0.11966573E+001  0.71366707E+001  0.43093917E+002
  0.83632920E+000  0.11966537E+001  0.71365972E+001  0.43093570E+002
  0.83632325E+000  0.11966483E+001  0.71267429E+001  0.43183914E+002
  0.83631718E+000  0.11966414E+001  0.71266927E+001  0.43183378E+002
  0.83631100E+000  0.11966331E+001  0.71266433E+001  0.43182848E+002
  0.83630472E+000  0.11966236E+001  0.71265946E+001  0.43182325E+002
  0.83629834E+000  0.11966030E+001  0.71265566E+001  0.43181809E+002
  0.83629187E+000  0.11965916E+001  0.71265090E+001  0.43181301E+002
  0.83628532E+000  0.11965793E+001  0.71264619E+001  0.43180802E+002
  0.83627869E+000  0.11965663E+001  0.71264152E+001  0.43180311E+002
  0.83627199E+000  0.11965527E+001  0.71263689E+001  0.43179830E+002
  0.83626523E+000  0.11965385E+001  0.71263229E+001  0.43179359E+002
  0.83625842E+000  0.11965237E+001  0.71262773E+001  0.43178898E+002
  0.83625155E+000  0.11965085E+001  0.71262319E+001  0.43178447E+002
  0.83624463E+000  0.11964928E+001  0.71261868E+001  0.43178009E+002
  0.83623767E+000  0.11964767E+001  0.71261421E+001  0.43177582E+002
  0.83623067E+000  0.11964602E+001  0.71260976E+001  0.43177168E+002
  0.83622363E+000  0.11964433E+001  0.71260535E+001  0.43176767E+002
  0.83621655E+000  0.11964261E+001  0.71260097E+001  0.43176380E+002
  0.83620944E+000  0.11964086E+001  0.71259662E+001  0.43176007E+002
  0.83620230E+000  0.11963882E+001  0.71259256E+001  0.43175649E+002
  0.83619513E+000  0.11963701E+001  0.71258742E+001  0.43175315E+002
  0.83618792E+000  0.11963518E+001  0.71258317E+001  0.43174988E+002
  0.83618069E+000  0.11963332E+001  0.71257897E+001  0.43174677E+002
  0.83617344E+000  0.11963145E+001  0.71257480E+001  0.43174382E+002
  0.83616616E+000  0.11962956E+001  0.71257066E+001  0.43174104E+002
  0.83615885E+000  0.11962766E+001  0.71256655E+001  0.43173843E+002
  0.83615152E+000  0.11962575E+001  0.71256247E+001  0.43173599E+002
  0.83614418E+000  0.11962384E+001  0.71255843E+001  0.43173372E+002
  0.83613681E+000  0.11962192E+001  0.71255440E+001  0.43173161E+002
  0.83612943E+000  0.11962000E+001  0.71255041E+001  0.43172967E+002
  0.83612203E+000  0.11961808E+001  0.71246171E+001  0.43173637E+002
  0.83611462E+000  0.11961617E+001  0.71245775E+001  0.43173476E+002
  0.83610720E+000  0.11961426E+001  0.71245381E+001  0.43173330E+002
  0.83609978E+000  0.11961236E+001  0.71244988E+001  0.43173200E+002
  0.83609175E+000  0.11961054E+001  0.71244596E+001  0.43173084E+002
  0.83608431E+000  0.11960867E+001  0.71244205E+001  0.43172983E+002
  0.83607687E+000  0.11960682E+001  0.71243814E+001  0.43172896E+002
  0.83606944E+000  0.11960498E+001  0.71243424E+001  0.43172821E+002
  0.83606201E+000  0.11960317E+001  0.71243034E+001  0.43172759E+002
  0.83605459E+000  0.11960138E+001  0.71242643E+001  0.43172709E+002
  0.83604719E+000  0.11959961E+001  0.71242253E+001  0.43172670E+002
  0.83603981E+000  0.11959787E+001  0.71164738E+001  0.43180354E+002
  0.83603245E+000  0.11959615E+001  0.71164348E+001  0.43180334E+002
  0.83602513E+000  0.11959446E+001  0.71163958E+001  0.43180324E+002
  0.83601784E+000  0.11959280E+001  0.71163568E+001  0.43180322E+002
  0.83601060E+000  0.11959117E+001  0.71163178E+001  0.43180328E+002
  0.83600341E+000  0.11958957E+001  0.71162789E+001  0.43180341E+002
  0.83599628E+000  0.11958800E+001  0.71162401E+001  0.43180360E+002
  0.83598923E+000  0.11958647E+001  0.71162013E+001  0.43180385E+002
  0.83598224E+000  0.11958496E+001  0.71161627E+001  0.43180415E+002
  0.83597535E+000  0.11958349E+001  0.71161242E+001  0.43180449E+002
  0.83596854E+000  0.11958205E+001  0.71160859E+001  0.43180487E+002
  0.83596184E+000  0.11958064E+001  0.71160478E+001  0.43180529E+002
  0.83595525E+000  0.11957926E+001  0.71160100E+001  0.43180574E+002
  0.83594878E+000  0.11957792E+001  0.71159724E+001  0.43180622E+002
  0.83594243E+000  0.11957661E+001  0.71159351E+001  0.43180671E+002
  0.83593622E+000  0.11957533E+001  0.71158982E+001  0.43180723E+002
  0.83593015E+000  0.11957408E+001  0.71158616E+001  0.43180776E+002
  0.83592422E+000  0.11957286E+001  0.71158255E+001  0.43180830E+002
  0.83591845E+000  0.11957167E+001  0.71157897E+001  0.43180885E+002
  0.83591283E+000  0.11957052E+001  0.71157545E+001  0.43180940E+002
  0.83590738E+000  0.11956939E+001  0.71157197E+001  0.43180996E+002
  0.83590209E+000  0.11956830E+001  0.71156854E+001  0.43181052E+002
  0.83589697E+000  0.11956723E+001  0.71156516E+001  0.43181107E+002
  0.83589202E+000  0.11956619E+001  0.71156184E+001  0.43181163E+002
  0.83588725E+000  0.11956518E+001  0.71155858E+001  0.43181218E+002
  0.83588264E+000  0.11956419E+001  0.71155538E+001  0.43181272E+002
  0.83587821E+000  0.11956323E+001  0.71155224E+001  0.43181326E+002
  0.83587395E+000  0.11956230E+001  0.71154916E+001  0.43181379E+002
  0.83586986E+000  0.11956140E+001  0.71154614E+001  0.43181431E+002
  0.83586594E+000  0.11956052E+001  0.71154319E+001  0.43181482E+002
  0.83586219E+000  0.11955966E+001  0.71154031E+001  0.43181532E+002
  0.83585860E+000  0.11955884E+001  0.71153749E+001  0.43181581E+002
  0.83585517E+000  0.11955803E+001  0.71153474E+001  0.43181629E+002
  0.83585190E+000  0.11955725E+001  0.71153207E+001  0.43181676E+002
  0.83584879E+000  0.11955649E+001  0.71152945E+001  0.43181721E+002
  0.83584582E+000  0.11955576E+001  0.71152691E+001  0.43181766E+002
  0.83584300E+000  0.11955505E+001  0.71152444E+001  0.43181809E+002
  0.83584032E+000  0.11955436E+001  0.71152204E+001  0.43181850E+002
  0.83583778E+000  0.11955370E+001  0.71151971E+001  0.43181891E+002
  0.83583536E+000  0.11955305E+001  0.71151745E+001  0.43181930E+002
  0.83583308E+000  0.11955243E+001  0.71151526E+001  0.43181968E+002
  0.83583091E+000  0.11955183E+001  0.71151314E+001  0.43182005E+002
  0.83582887E+000  0.11955125E+001  0.71151108E+001  0.43182041E+002
  0.83582693E+000  0.11955068E+001  0.71150910E+001  0.43182075E+002
  0.83582511E+000  0.11955014E+001  0.71150718E+001  0.43182109E+002
  0.83582338E+000  0.11954962E+001  0.71150533E+001  0.43182141E+002
  0.83582176E+000  0.11954912E+001  0.71150354E+001  0.43182172E+002
  0.83582023E+000  0.11954864E+001  0.71150182E+001  0.43182201E+002
  0.83581879E+000  0.11954817E+001  0.71150016E+001  0.43182230E+002
  0.83581743E+000  0.11954772E+001  0.71149856E+001  0.43182257E+002
  0.83581616E+000  0.11954729E+001  0.71149703E+001  0.43182284E+002
  0.83581497E+000  0.11954688E+001  0.71149555E+001  0.43182309E+002
  0.83581384E+000  0.11954648E+001  0.71149414E+001  0.43182333E+002
  0.83581279E+000  0.11954610E+001  0.71149278E+001  0.43182357E+002
  0.83581181E+000  0.11954573E+001  0.71149148E+001  0.43182379E+002
  0.83581088E+000  0.11954538E+001  0.71149023E+001  0.43182401E+002
  0.83581002E+000  0.11954505E+001  0.71148904E+001  0.43182421E+002
  0.83580922E+000  0.11954473E+001  0.71148789E+001  0.43182441E+002
  0.83580847E+000  0.11954442E+001  0.71148680E+001  0.43182459E+002
  0.83580777E+000  0.11954413E+001  0.71148576E+001  0.43182477E+002
  0.83580711E+000  0.11954385E+001  0.71148477E+001  0.43182494E+002
  0.83580651E+000  0.11954358E+001  0.71148382E+001  0.43182510E+002
  0.83580595E+000  0.11954332E+001  0.71148292E+001  0.43182526E+002
  0.83580542E+000  0.11954308E+001  0.71148206E+001  0.43182541E+002
  0.83580494E+000  0.11954285E+001  0.71148125E+001  0.43182554E+002
  0.83580450E+000  0.11954262E+001  0.71148047E+001  0.43182568E+002
  0.83580408E+000  0.11954241E+001  0.71147973E+001  0.43182580E+002
  0.83580370E+000  0.11954221E+001  0.71147904E+001  0.43182592E+002
  0.83580336E+000  0.11954202E+001  0.71147837E+001  0.43182604E+002
  0.83580304E+000  0.11954184E+001  0.71147775E+001  0.43182614E+002
  0.83580274E+000  0.11954167E+001  0.71147716E+001  0.43182625E+002
  0.83580248E+000  0.11954150E+001  0.71147660E+001  0.43182634E+002
  0.83580223E+000  0.11954135E+001  0.71147607E+001  0.43182643E+002
  0.83580201E+000  0.11954120E+001  0.71147557E+001  0.43182652E+002
  0.83580181E+000  0.11954106E+001  0.71147510E+001  0.43182660E+002
  0.83580163E+000  0.11954093E+001  0.71147466E+001  0.43182668E+002
  0.83580147E+000  0.11954081E+001  0.71147424E+001  0.43182675E+002
  0.83580133E+000  0.11954069E+001  0.71147385E+001  0.43182682E+002
  0.83580120E+000  0.11954058E+001  0.71147348E+001  0.43182688E+002
  0.83580109E+000  0.11954047E+001  0.71147314E+001  0.43182694E+002
  0.83580099E+000  0.11954038E+001  0.71147282E+001  0.43182699E+002
  0.83580091E+000  0.11954028E+001  0.71147251E+001  0.43182705E+002
  0.83580084E+000  0.11954019E+001  0.71147223E+001  0.43182710E+002
  0.83580078E+000  0.11954011E+001  0.71147197E+001  0.43182714E+002
  0.83580073E+000  0.11954003E+001  0.71147173E+001  0.43182718E+002
  0.83580069E+000  0.11953996E+001  0.71147150E+001  0.43182722E+002
  0.83580066E+000  0.11953989E+001  0.71147129E+001  0.43182726E+002
  0.83580064E+000  0.11953983E+001  0.71147109E+001  0.43182729E+002
  0.83580062E+000  0.11953977E+001  0.71147091E+001  0.43182733E+002
  0.83580062E+000  0.11953971E+001  0.71147075E+001  0.43182735E+002
  0.83580061E+000  0.11953966E+001  0.71147059E+001  0.43182738E+002
  0.83580062E+000  0.11953961E+001  0.71147045E+001  0.43182741E+002
  0.83580063E+000  0.11953957E+001  0.71147032E+001  0.43182743E+002
  0.83580065E+000  0.11953952E+001  0.71147020E+001  0.43182745E+002
  0.83580067E+000  0.11953949E+001  0.71147009E+001  0.43182747E+002
  0.83580069E+000  0.11953945E+001  0.71147000E+001  0.43182749E+002
  0.83580072E+000  0.11953941E+001  0.71146991E+001  0.43182750E+002
  0.83580075E+000  0.11953938E+001  0.71146982E+001  0.43182752E+002
  0.83580079E+000  0.11953935E+001  0.71146975E+001  0.43182753E+002
  0.83580082E+000  0.11953933E+001  0.71146969E+001  0.43182754E+002
  0.83580086E+000  0.11953930E+001  0.71146963E+001  0.43182755E+002
  0.83580090E+000  0.11953928E+001  0.71146958E+001  0.43182756E+002
  0.83580095E+000  0.11953926E+001  0.71146953E+001  0.43182757E+002
  0.83580099E+000  0.11953924E+001  0.71146949E+001  0.43182758E+002
  0.83580104E+000  0.11953922E+001  0.71146946E+001  0.43182758E+002
  0.83580108E+000  0.11953921E+001  0.71146943E+001  0.43182759E+002
  0.83580113E+000  0.11953919E+001  0.71146941E+001  0.43182759E+002
  0.83580118E+000  0.11953918E+001  0.71146939E+001  0.43182760E+002
  0.83580123E+000  0.11953917E+001  0.71146937E+001  0.43182760E+002
  0.83580128E+000  0.11953916E+001  0.71146936E+001  0.43182760E+002
  0.83580133E+000  0.11953915E+001  0.71146936E+001  0.43182760E+002
  0.83580139E+000  0.11953914E+001  0.71146935E+001  0.43182761E+002
  0.83580144E+000  0.11953914E+001  0.71146935E+001  0.43182761E+002
  0.83580149E+000  0.11953913E+001  0.71146936E+001  0.43182761E+002
  0.83580155E+000  0.11953913E+001  0.71146937E+001  0.43182761E+002
  0.83580161E+000  0.11953913E+001  0.71146939E+001  0.43182761E+002
  0.83580168E+000  0.11953913E+001  0.71146941E+001  0.43182761E+002
  0.83580174E+000  0.11953913E+001  0.71146943E+001  0.43182762E+002
