  0.27429549E-002  0.33328353E-001  0.49277041E+000  0.51628691E+002
  0.27313532E-002  0.33277311E-001  0.49276094E+000  0.51644018E+002
  0.27231874E-002  0.33241354E-001  0.49274790E+000  0.51656570E+002
  0.27176137E-002  0.33215918E-001  0.49273401E+000  0.51666864E+002
  0.27139908E-002  0.33198097E-001  0.49272052E+000  0.51675314E+002
  0.27118374E-002  0.33186037E-001  0.49270801E+000  0.51682248E+002
  0.27108219E-002  0.33178561E-001  0.49269684E+000  0.51687914E+002
  0.27106636E-002  0.33174741E-001  0.49268702E+000  0.51692531E+002
  0.27111414E-002  0.33173910E-001  0.49267833E+000  0.51696278E+002
  0.27120898E-002  0.33175957E-001  0.49267081E+000  0.51699300E+002
  0.27133623E-002  0.33179252E-001  0.49266592E+000  0.51701723E+002
  0.27148417E-002  0.33183418E-001  0.49266309E+000  0.51703653E+002
  0.27164436E-002  0.33188162E-001  0.49266207E+000  0.51705175E+002
  0.27181051E-002  0.33193268E-001  0.49266265E+000  0.51706360E+002
  0.27197810E-002  0.33198584E-001  0.49266466E+000  0.51707265E+002
  0.27214375E-002  0.33204005E-001  0.49266792E+000  0.51707938E+002
  0.27230484E-002  0.33209444E-001  0.49267225E+000  0.51708420E+002
  0.27245958E-002  0.33214841E-001  0.49267752E+000  0.51708744E+002
  0.27260690E-002  0.33220155E-001  0.49268357E+000  0.51708939E+002
  0.27274613E-002  0.33225357E-001  0.49269030E+000  0.51709027E+002
  0.27287688E-002  0.33230429E-001  0.49269757E+000  0.51709029E+002
  0.27299899E-002  0.33235354E-001  0.49270530E+000  0.51708961E+002
  0.27311246E-002  0.33240123E-001  0.49271338E+000  0.51708838E+002
  0.27321745E-002  0.33244729E-001  0.49272172E+000  0.51708670E+002
  0.27331419E-002  0.33249168E-001  0.49273027E+000  0.51708468E+002
  0.27340301E-002  0.33253438E-001  0.49273893E+000  0.51708240E+002
  0.27348426E-002  0.33257538E-001  0.49274764E+000  0.51707993E+002
  0.27355834E-002  0.33261469E-001  0.49275636E+000  0.51707734E+002
  0.27362566E-002  0.33265230E-001  0.49276503E+000  0.51707468E+002
  0.27368664E-002  0.33268822E-001  0.49277361E+000  0.51707198E+002
  0.27374172E-002  0.33272247E-001  0.49278207E+000  0.51706927E+002
  0.27379133E-002  0.33275507E-001  0.49279037E+000  0.51706660E+002
  0.27383588E-002  0.33278603E-001  0.49279850E+000  0.51706398E+002
  0.27387578E-002  0.33281536E-001  0.49280641E+000  0.51706142E+002
  0.27391144E-002  0.33284310E-001  0.49281411E+000  0.51705895E+002
  0.27394321E-002  0.33286925E-001  0.49282157E+000  0.51705656E+002
  0.27397147E-002  0.33289383E-001  0.49282879E+000  0.51705427E+002
  0.27399655E-002  0.33291688E-001  0.49283576E+000  0.51705208E+002
  0.27401877E-002  0.33293841E-001  0.49284250E+000  0.51704998E+002
  0.27403841E-002  0.33295844E-001  0.49284899E+000  0.51704798E+002
  0.27405576E-002  0.33297702E-001  0.49285526E+000  0.51704606E+002
  0.27407104E-002  0.33299416E-001  0.49286131E+000  0.51704422E+002
  0.27408449E-002  0.33300989E-001  0.49286714E+000  0.51704246E+002
  0.27409631E-002  0.33302427E-001  0.49287279E+000  0.51704076E+002
  0.27410667E-002  0.33303732E-001  0.49287826E+000  0.51703912E+002
  0.27411575E-002  0.33304910E-001  0.49288356E+000  0.51703751E+002
  0.27412368E-002  0.33305964E-001  0.49288872E+000  0.51703595E+002
  0.27413060E-002  0.33306900E-001  0.49289373E+000  0.51703440E+002
  0.27413661E-002  0.33307724E-001  0.49289863E+000  0.51703287E+002
  0.27414182E-002  0.33308441E-001  0.49290341E+000  0.51703134E+002
  0.27414631E-002  0.33309058E-001  0.49290809E+000  0.51702981E+002
  0.27415017E-002  0.33309581E-001  0.49291266E+000  0.51702827E+002
  0.27415345E-002  0.33310018E-001  0.49291713E+000  0.51702671E+002
  0.27415624E-002  0.33310375E-001  0.49292150E+000  0.51702512E+002
  0.27415857E-002  0.33310660E-001  0.49292575E+000  0.51702351E+002
  0.27416051E-002  0.33310879E-001  0.49292989E+000  0.51702186E+002
  0.27416209E-002  0.33311041E-001  0.49293389E+000  0.51702017E+002
  0.27416336E-002  0.33311153E-001  0.49293775E+000  0.51701845E+002
  0.27416436E-002  0.33311222E-001  0.49294141E+000  0.51701669E+002
  0.27416513E-002  0.33311256E-001  0.49294485E+000  0.51701489E+002
  0.27416571E-002  0.33311262E-001  0.49294805E+000  0.51701305E+002
  0.27416612E-002  0.33311246E-001  0.49295097E+000  0.51701118E+002
  0.27416640E-002  0.33311216E-001  0.49295358E+000  0.51700927E+002
  0.27416658E-002  0.33311177E-001  0.49295584E+000  0.51700733E+002
  0.27416669E-002  0.33311134E-001  0.49295771E+000  0.51700536E+002
  0.27416675E-002  0.33311095E-001  0.49295918E+000  0.51700337E+002
  0.27416679E-002  0.33311062E-001  0.49296020E+000  0.51700136E+002
  0.27416685E-002  0.33311041E-001  0.49296075E+000  0.51699933E+002
  0.27416693E-002  0.33311035E-001  0.49296080E+000  0.51699728E+002
  0.27416707E-002  0.33311047E-001  0.49296035E+000  0.51699523E+002
  0.27416730E-002  0.33311081E-001  0.49295937E+000  0.51699317E+002
  0.27416762E-002  0.33311139E-001  0.49295787E+000  0.51699111E+002
  0.27416807E-002  0.33311222E-001  0.49295585E+000  0.51698905E+002
  0.27416865E-002  0.33311331E-001  0.49295332E+000  0.51698699E+002
  0.27416939E-002  0.33311468E-001  0.49295030E+000  0.51698494E+002
  0.27417029E-002  0.33311633E-001  0.49294682E+000  0.51698291E+002
  0.27417137E-002  0.33311826E-001  0.49294293E+000  0.51698088E+002
  0.27417264E-002  0.33312046E-001  0.49293865E+000  0.51697887E+002
  0.27417410E-002  0.33312292E-001  0.49293406E+000  0.51697688E+002
  0.27417575E-002  0.33312565E-001  0.49292919E+000  0.51697491E+002
  0.27417760E-002  0.33312861E-001  0.49292412E+000  0.51697296E+002
  0.27417964E-002  0.33313180E-001  0.49291890E+000  0.51697103E+002
  0.27418187E-002  0.33313519E-001  0.49291360E+000  0.51696913E+002
  0.27418427E-002  0.33313877E-001  0.49290829E+000  0.51696725E+002
  0.27418684E-002  0.33314252E-001  0.49290304E+000  0.51696540E+002
  0.27418957E-002  0.33314641E-001  0.49289789E+000  0.51696357E+002
  0.27419243E-002  0.33315042E-001  0.49289292E+000  0.51696178E+002
  0.27419543E-002  0.33315453E-001  0.49288818E+000  0.51696001E+002
  0.27419852E-002  0.33315870E-001  0.49288372E+000  0.51695828E+002
  0.27420171E-002  0.33316292E-001  0.49287959E+000  0.51695657E+002
  0.27420496E-002  0.33316717E-001  0.49287582E+000  0.51695490E+002
  0.27420827E-002  0.33317141E-001  0.49287245E+000  0.51695325E+002
  0.27421160E-002  0.33317563E-001  0.49286951E+000  0.51695164E+002
  0.27421494E-002  0.33317980E-001  0.49286701E+000  0.51695006E+002
  0.27421827E-002  0.33318390E-001  0.49286498E+000  0.51694852E+002
  0.27422157E-002  0.33318791E-001  0.49286343E+000  0.51694701E+002
  0.27422482E-002  0.33319181E-001  0.49286236E+000  0.51694553E+002
  0.27422800E-002  0.33319559E-001  0.49286176E+000  0.51694409E+002
  0.27423110E-002  0.33319923E-001  0.49286163E+000  0.51694268E+002
  0.27423410E-002  0.33320271E-001  0.49286197E+000  0.51694131E+002
  0.27423699E-002  0.33320602E-001  0.49286274E+000  0.51693998E+002
  0.27423975E-002  0.33320915E-001  0.49286394E+000  0.51693868E+002
  0.27424238E-002  0.33321208E-001  0.49286554E+000  0.51693742E+002
  0.27424486E-002  0.33321482E-001  0.49286751E+000  0.51693620E+002
  0.27424719E-002  0.33321735E-001  0.49286982E+000  0.51693503E+002
  0.27424936E-002  0.33321967E-001  0.49287243E+000  0.51693389E+002
  0.27425136E-002  0.33322178E-001  0.49287532E+000  0.51693279E+002
  0.27425319E-002  0.33322366E-001  0.49287843E+000  0.51693174E+002
  0.27425485E-002  0.33322533E-001  0.49288174E+000  0.51693073E+002
  0.27425633E-002  0.33322677E-001  0.49288520E+000  0.51692977E+002
  0.27425764E-002  0.33322801E-001  0.49288877E+000  0.51692886E+002
  0.27425878E-002  0.33322902E-001  0.49289242E+000  0.51692799E+002
  0.27425974E-002  0.33322983E-001  0.49289609E+000  0.51692717E+002
  0.27426054E-002  0.33323043E-001  0.49289976E+000  0.51692640E+002
  0.27426117E-002  0.33323084E-001  0.49290339E+000  0.51692568E+002
  0.27426164E-002  0.33323105E-001  0.49290694E+000  0.51692501E+002
  0.27426196E-002  0.33323108E-001  0.49291039E+000  0.51692440E+002
  0.27426213E-002  0.33323093E-001  0.49291370E+000  0.51692384E+002
  0.27426216E-002  0.33323062E-001  0.49291684E+000  0.51692333E+002
  0.27426205E-002  0.33323015E-001  0.49291980E+000  0.51692287E+002
  0.27426182E-002  0.33322953E-001  0.49292255E+000  0.51692248E+002
  0.27426146E-002  0.33322879E-001  0.49292507E+000  0.51692213E+002
  0.27426100E-002  0.33322791E-001  0.49292736E+000  0.51692184E+002
  0.27426043E-002  0.33322693E-001  0.49292940E+000  0.51692160E+002
  0.27425977E-002  0.33322585E-001  0.49293119E+000  0.51692141E+002
  0.27425902E-002  0.33322468E-001  0.49293271E+000  0.51692128E+002
  0.27425820E-002  0.33322343E-001  0.49293398E+000  0.51692119E+002
  0.27425732E-002  0.33322213E-001  0.49293499E+000  0.51692115E+002
  0.27425637E-002  0.33322077E-001  0.49293574E+000  0.51692115E+002
  0.27425538E-002  0.33321936E-001  0.49293625E+000  0.51692120E+002
  0.27425434E-002  0.33321794E-001  0.49293651E+000  0.51692128E+002
  0.27425328E-002  0.33321649E-001  0.49293655E+000  0.51692140E+002
  0.27425219E-002  0.33321503E-001  0.49293636E+000  0.51692155E+002
  0.27425110E-002  0.33321358E-001  0.49293598E+000  0.51692173E+002
  0.27424999E-002  0.33321214E-001  0.49293540E+000  0.51692194E+002
  0.27424889E-002  0.33321072E-001  0.49293465E+000  0.51692217E+002
  0.27424779E-002  0.33320934E-001  0.49293374E+000  0.51692242E+002
  0.27424672E-002  0.33320798E-001  0.49293269E+000  0.51692268E+002
  0.27424566E-002  0.33320668E-001  0.49293151E+000  0.51692296E+002
  0.27424464E-002  0.33320542E-001  0.49293023E+000  0.51692325E+002
  0.27424365E-002  0.33320422E-001  0.49292886E+000  0.51692355E+002
  0.27424270E-002  0.33320308E-001  0.49292741E+000  0.51692385E+002
  0.27424180E-002  0.33320201E-001  0.49292590E+000  0.51692416E+002
  0.27424094E-002  0.33320101E-001  0.49292436E+000  0.51692447E+002
  0.27424014E-002  0.33320008E-001  0.49292278E+000  0.51692478E+002
  0.27423939E-002  0.33319922E-001  0.49292120E+000  0.51692509E+002
  0.27423870E-002  0.33319845E-001  0.49291961E+000  0.51692540E+002
  0.27423807E-002  0.33319775E-001  0.49291804E+000  0.51692571E+002
  0.27423750E-002  0.33319714E-001  0.49291650E+000  0.51692601E+002
  0.27423700E-002  0.33319660E-001  0.49291499E+000  0.51692630E+002
  0.27423655E-002  0.33319615E-001  0.49291354E+000  0.51692659E+002
  0.27423618E-002  0.33319578E-001  0.49291214E+000  0.51692687E+002
  0.27423586E-002  0.33319550E-001  0.49291080E+000  0.51692714E+002
  0.27423561E-002  0.33319529E-001  0.49290954E+000  0.51692740E+002
  0.27423541E-002  0.33319517E-001  0.49290836E+000  0.51692765E+002
  0.27423528E-002  0.33319512E-001  0.49290726E+000  0.51692789E+002
  0.27423521E-002  0.33319514E-001  0.49290626E+000  0.51692812E+002
  0.27423520E-002  0.33319524E-001  0.49290534E+000  0.51692833E+002
  0.27423524E-002  0.33319541E-001  0.49290453E+000  0.51692853E+002
  0.27423534E-002  0.33319564E-001  0.49290381E+000  0.51692870E+002
  0.27423548E-002  0.33319594E-001  0.49290320E+000  0.51692887E+002
  0.27423567E-002  0.33319630E-001  0.49290268E+000  0.51692901E+002
  0.27423591E-002  0.33319670E-001  0.49290226E+000  0.51692913E+002
  0.27423619E-002  0.33319716E-001  0.49290195E+000  0.51692923E+002
  0.27423650E-002  0.33319766E-001  0.49290173E+000  0.51692931E+002
  0.27423685E-002  0.33319819E-001  0.49290161E+000  0.51692937E+002
  0.27423723E-002  0.33319875E-001  0.49290159E+000  0.51692941E+002
  0.27423763E-002  0.33319934E-001  0.49290165E+000  0.51692943E+002
  0.27423805E-002  0.33319995E-001  0.49290179E+000  0.51692942E+002
  0.27423849E-002  0.33320057E-001  0.49290202E+000  0.51692940E+002
  0.27423894E-002  0.33320119E-001  0.49290232E+000  0.51692935E+002
  0.27423939E-002  0.33320181E-001  0.49290270E+000  0.51692928E+002
  0.27423985E-002  0.33320242E-001  0.49290313E+000  0.51692920E+002
  0.27424030E-002  0.33320302E-001  0.49290362E+000  0.51692910E+002
  0.27424074E-002  0.33320360E-001  0.49290416E+000  0.51692898E+002
  0.27424118E-002  0.33320416E-001  0.49290474E+000  0.51692885E+002
  0.27424160E-002  0.33320468E-001  0.49290535E+000  0.51692871E+002
  0.27424199E-002  0.33320516E-001  0.49290599E+000  0.51692855E+002
  0.27424237E-002  0.33320561E-001  0.49290664E+000  0.51692839E+002
  0.27424271E-002  0.33320601E-001  0.49290731E+000  0.51692823E+002
  0.27424303E-002  0.33320637E-001  0.49290798E+000  0.51692805E+002
  0.27424331E-002  0.33320668E-001  0.49290864E+000  0.51692788E+002
  0.27424356E-002  0.33320693E-001  0.49290929E+000  0.51692771E+002
  0.27424378E-002  0.33320713E-001  0.49290992E+000  0.51692754E+002
  0.27424395E-002  0.33320729E-001  0.49291052E+000  0.51692737E+002
  0.27424409E-002  0.33320739E-001  0.49291109E+000  0.51692721E+002
  0.27424419E-002  0.33320743E-001  0.49291162E+000  0.51692706E+002
  0.27424426E-002  0.33320743E-001  0.49291211E+000  0.51692692E+002
  0.27424428E-002  0.33320738E-001  0.49291255E+000  0.51692678E+002
  0.27424427E-002  0.33320729E-001  0.49291295E+000  0.51692666E+002
  0.27424423E-002  0.33320716E-001  0.49291329E+000  0.51692655E+002
  0.27424415E-002  0.33320698E-001  0.49291358E+000  0.51692645E+002
  0.27424404E-002  0.33320677E-001  0.49291381E+000  0.51692636E+002
  0.27424391E-002  0.33320654E-001  0.49291399E+000  0.51692629E+002
  0.27424375E-002  0.33320627E-001  0.49291411E+000  0.51692623E+002
  0.27424356E-002  0.33320598E-001  0.49291417E+000  0.51692618E+002
  0.27424335E-002  0.33320566E-001  0.49291419E+000  0.51692615E+002
  0.27424312E-002  0.33320534E-001  0.49291416E+000  0.51692613E+002
  0.27424289E-002  0.33320501E-001  0.49291409E+000  0.51692612E+002
  0.27424289E-002  0.33320481E-001  0.49291401E+000  0.51692612E+002
