  0.16357744E+000  0.15073302E+000  0.42747784E+000  0.18706722E+001
  0.16324373E+000  0.15071634E+000  0.42665296E+000  0.18722249E+001
  0.16298046E+000  0.15076682E+000  0.42706864E+000  0.18723303E+001
  0.16265216E+000  0.15099697E+000  0.42696906E+000  0.18727779E+001
  0.16253096E+000  0.15101627E+000  0.42679278E+000  0.18732568E+001
  0.16231235E+000  0.15127730E+000  0.42636601E+000  0.18738005E+001
  0.16219878E+000  0.15137210E+000  0.42605344E+000  0.18742564E+001
  0.16211568E+000  0.15137668E+000  0.42566301E+000  0.18748207E+001
  0.16186522E+000  0.15135963E+000  0.42544718E+000  0.18753748E+001
  0.16182071E+000  0.15133576E+000  0.42418987E+000  0.18767508E+001
  0.16169635E+000  0.15113501E+000  0.42420508E+000  0.18770937E+001
  0.16166072E+000  0.15125315E+000  0.42400732E+000  0.18772274E+001
  0.16162279E+000  0.15126996E+000  0.42398351E+000  0.18772788E+001
  0.16148358E+000  0.15140039E+000  0.42327706E+000  0.18779903E+001
  0.16142810E+000  0.15138749E+000  0.42292245E+000  0.18784011E+001
  0.16140674E+000  0.15126794E+000  0.42300167E+000  0.18784435E+001
  0.16127659E+000  0.15134325E+000  0.42290096E+000  0.18785739E+001
  0.16119503E+000  0.15135816E+000  0.42251700E+000  0.18789943E+001
  0.16113760E+000  0.15136319E+000  0.42250305E+000  0.18790265E+001
  0.16111926E+000  0.15134047E+000  0.42247663E+000  0.18790564E+001
  0.16109687E+000  0.15132010E+000  0.42245038E+000  0.18790850E+001
  0.16104120E+000  0.15133188E+000  0.42242400E+000  0.18791126E+001
  0.16101746E+000  0.15127702E+000  0.42243155E+000  0.18791391E+001
  0.16099446E+000  0.15125548E+000  0.42240101E+000  0.18791682E+001
  0.16097167E+000  0.15123432E+000  0.42237476E+000  0.18791912E+001
  0.16085212E+000  0.15131054E+000  0.42234806E+000  0.18792131E+001
  0.16082954E+000  0.15134972E+000  0.42220448E+000  0.18792913E+001
  0.16077545E+000  0.15136505E+000  0.42217603E+000  0.18793093E+001
  0.16075487E+000  0.15134908E+000  0.42214741E+000  0.18793250E+001
  0.16073508E+000  0.15133208E+000  0.42212105E+000  0.18793386E+001
  0.16071614E+000  0.15131424E+000  0.42209660E+000  0.18793504E+001
  0.16069496E+000  0.15129941E+000  0.42207338E+000  0.18793604E+001
  0.16065170E+000  0.15130828E+000  0.42205061E+000  0.18793686E+001
  0.16062541E+000  0.15130185E+000  0.42202828E+000  0.18793753E+001
  0.16061028E+000  0.15128600E+000  0.42200634E+000  0.18793804E+001
  0.16059615E+000  0.15126939E+000  0.42198653E+000  0.18793839E+001
  0.16058303E+000  0.15125504E+000  0.42196538E+000  0.18793863E+001
  0.16057092E+000  0.15124146E+000  0.42194461E+000  0.18793874E+001
  0.16055981E+000  0.15122865E+000  0.42192421E+000  0.18793875E+001
  0.16054967E+000  0.15121661E+000  0.42190417E+000  0.18793866E+001
  0.16054049E+000  0.15120534E+000  0.42188451E+000  0.18793849E+001
  0.16053224E+000  0.15119484E+000  0.42186524E+000  0.18793824E+001
  0.16052489E+000  0.15118508E+000  0.42184636E+000  0.18793793E+001
  0.16051839E+000  0.15117607E+000  0.42182790E+000  0.18793757E+001
  0.16051271E+000  0.15116779E+000  0.42180987E+000  0.18793717E+001
  0.16050781E+000  0.15116023E+000  0.42179231E+000  0.18793673E+001
  0.16050364E+000  0.15115335E+000  0.42177524E+000  0.18793627E+001
  0.16050015E+000  0.15114716E+000  0.42175870E+000  0.18793579E+001
  0.16049729E+000  0.15114161E+000  0.42174270E+000  0.18793531E+001
  0.16049502E+000  0.15113669E+000  0.42172729E+000  0.18793482E+001
  0.16049329E+000  0.15113236E+000  0.42171249E+000  0.18793435E+001
  0.16049204E+000  0.15112860E+000  0.42169832E+000  0.18793388E+001
  0.16049123E+000  0.15112538E+000  0.42168481E+000  0.18793342E+001
  0.16049081E+000  0.15112266E+000  0.42167198E+000  0.18793299E+001
  0.16049073E+000  0.15112040E+000  0.42165984E+000  0.18793258E+001
  0.16049096E+000  0.15111858E+000  0.42164840E+000  0.18793219E+001
  0.16049144E+000  0.15111714E+000  0.42163765E+000  0.18793183E+001
  0.16049214E+000  0.15111607E+000  0.42162760E+000  0.18793149E+001
  0.16049303E+000  0.15111532E+000  0.42161826E+000  0.18793119E+001
  0.16049405E+000  0.15111485E+000  0.42161391E+000  0.18793047E+001
  0.16049519E+000  0.15111463E+000  0.42160594E+000  0.18793022E+001
  0.16049641E+000  0.15111462E+000  0.42159861E+000  0.18792999E+001
  0.16049769E+000  0.15111480E+000  0.42159190E+000  0.18792979E+001
  0.16049900E+000  0.15111513E+000  0.42158579E+000  0.18792961E+001
  0.16050031E+000  0.15111558E+000  0.42158024E+000  0.18792945E+001
  0.16050162E+000  0.15111614E+000  0.42157523E+000  0.18792931E+001
  0.16050290E+000  0.15111677E+000  0.42157071E+000  0.18792919E+001
  0.16049766E+000  0.15112393E+000  0.42156666E+000  0.18792909E+001
  0.16049884E+000  0.15112465E+000  0.42156303E+000  0.18792900E+001
  0.16049997E+000  0.15112539E+000  0.42155981E+000  0.18792892E+001
  0.16050102E+000  0.15112614E+000  0.42155694E+000  0.18792885E+001
  0.16050199E+000  0.15112688E+000  0.42155441E+000  0.18792879E+001
  0.16050289E+000  0.15112760E+000  0.42155217E+000  0.18792874E+001
  0.16050370E+000  0.15112829E+000  0.42155020E+000  0.18792870E+001
  0.16050443E+000  0.15112896E+000  0.42154847E+000  0.18792866E+001
  0.16050508E+000  0.15112959E+000  0.42154695E+000  0.18792863E+001
  0.16050565E+000  0.15113019E+000  0.42154562E+000  0.18792860E+001
  0.16050615E+000  0.15113074E+000  0.42154445E+000  0.18792858E+001
  0.16050657E+000  0.15113125E+000  0.42154342E+000  0.18792856E+001
  0.16050693E+000  0.15113172E+000  0.42154252E+000  0.18792854E+001
  0.16050722E+000  0.15113215E+000  0.42154172E+000  0.18792853E+001
  0.16050745E+000  0.15113254E+000  0.42154100E+000  0.18792852E+001
  0.16050763E+000  0.15113290E+000  0.42154036E+000  0.18792851E+001
  0.16050776E+000  0.15113322E+000  0.42153977E+000  0.18792851E+001
  0.16050785E+000  0.15113350E+000  0.42153907E+000  0.18792852E+001
  0.16050791E+000  0.15113376E+000  0.42153857E+000  0.18792853E+001
  0.16050793E+000  0.15113244E+000  0.42153965E+000  0.18792853E+001
  0.16050793E+000  0.15113264E+000  0.42153920E+000  0.18792854E+001
  0.16050791E+000  0.15113282E+000  0.42153601E+000  0.18792883E+001
  0.16050787E+000  0.15113298E+000  0.42153559E+000  0.18792885E+001
  0.16050782E+000  0.15113313E+000  0.42153517E+000  0.18792887E+001
  0.16050776E+000  0.15113325E+000  0.42153476E+000  0.18792889E+001
  0.16050769E+000  0.15113336E+000  0.42153435E+000  0.18792891E+001
  0.16050762E+000  0.15113346E+000  0.42153394E+000  0.18792893E+001
  0.16050751E+000  0.15113360E+000  0.42153354E+000  0.18792896E+001
  0.16050743E+000  0.15113367E+000  0.42153314E+000  0.18792898E+001
  0.16050737E+000  0.15113374E+000  0.42153275E+000  0.18792901E+001
  0.16050730E+000  0.15113380E+000  0.42153236E+000  0.18792903E+001
  0.16050724E+000  0.15113386E+000  0.42153198E+000  0.18792906E+001
  0.16050718E+000  0.15113390E+000  0.42153160E+000  0.18792909E+001
  0.16050712E+000  0.15113394E+000  0.42153124E+000  0.18792911E+001
  0.16050707E+000  0.15113398E+000  0.42153088E+000  0.18792914E+001
  0.16050702E+000  0.15113400E+000  0.42153054E+000  0.18792916E+001
  0.16050697E+000  0.15113403E+000  0.42153021E+000  0.18792918E+001
  0.16050693E+000  0.15113404E+000  0.42152990E+000  0.18792921E+001
  0.16050689E+000  0.15113405E+000  0.42152959E+000  0.18792923E+001
  0.16050685E+000  0.15113393E+000  0.42152943E+000  0.18792925E+001
  0.16050680E+000  0.15113393E+000  0.42152916E+000  0.18792927E+001
  0.16050676E+000  0.15113392E+000  0.42152890E+000  0.18792929E+001
  0.16050672E+000  0.15113391E+000  0.42152866E+000  0.18792931E+001
  0.16050667E+000  0.15113389E+000  0.42152844E+000  0.18792933E+001
  0.16050662E+000  0.15113386E+000  0.42152823E+000  0.18792934E+001
  0.16050656E+000  0.15113383E+000  0.42152803E+000  0.18792936E+001
  0.16050651E+000  0.15113379E+000  0.42152785E+000  0.18792938E+001
  0.16050645E+000  0.15113375E+000  0.42152769E+000  0.18792939E+001
  0.16050638E+000  0.15113370E+000  0.42152754E+000  0.18792941E+001
  0.16050632E+000  0.15113365E+000  0.42152741E+000  0.18792942E+001
  0.16050624E+000  0.15113360E+000  0.42152729E+000  0.18792944E+001
  0.16050617E+000  0.15113354E+000  0.42152718E+000  0.18792945E+001
  0.16050609E+000  0.15113347E+000  0.42152709E+000  0.18792947E+001
  0.16050601E+000  0.15113341E+000  0.42152702E+000  0.18792948E+001
  0.16050593E+000  0.15113334E+000  0.42152696E+000  0.18792949E+001
  0.16050584E+000  0.15113327E+000  0.42152691E+000  0.18792950E+001
  0.16050576E+000  0.15113320E+000  0.42152688E+000  0.18792951E+001
  0.16050567E+000  0.15113312E+000  0.42152687E+000  0.18792952E+001
  0.16050559E+000  0.15113305E+000  0.42152687E+000  0.18792952E+001
  0.16050551E+000  0.15113298E+000  0.42152689E+000  0.18792953E+001
  0.16050543E+000  0.15113291E+000  0.42152693E+000  0.18792953E+001
  0.16050535E+000  0.15113284E+000  0.42152698E+000  0.18792953E+001
  0.16050528E+000  0.15113277E+000  0.42152705E+000  0.18792953E+001
  0.16050520E+000  0.15113270E+000  0.42152714E+000  0.18792953E+001
  0.16050514E+000  0.15113264E+000  0.42152725E+000  0.18792953E+001
  0.16050508E+000  0.15113258E+000  0.42152737E+000  0.18792952E+001
  0.16050502E+000  0.15113253E+000  0.42152751E+000  0.18792952E+001
  0.16050497E+000  0.15113248E+000  0.42152766E+000  0.18792951E+001
  0.16050493E+000  0.15113243E+000  0.42152783E+000  0.18792950E+001
  0.16050489E+000  0.15113239E+000  0.42152801E+000  0.18792948E+001
  0.16050486E+000  0.15113236E+000  0.42152820E+000  0.18792947E+001
  0.16050484E+000  0.15113233E+000  0.42152840E+000  0.18792945E+001
  0.16050482E+000  0.15113230E+000  0.42152861E+000  0.18792943E+001
  0.16050480E+000  0.15113228E+000  0.42152883E+000  0.18792941E+001
  0.16050480E+000  0.15113226E+000  0.42152905E+000  0.18792939E+001
  0.16050480E+000  0.15113225E+000  0.42152927E+000  0.18792937E+001
  0.16050480E+000  0.15113224E+000  0.42152950E+000  0.18792935E+001
  0.16050481E+000  0.15113223E+000  0.42152972E+000  0.18792933E+001
  0.16050482E+000  0.15113223E+000  0.42152994E+000  0.18792931E+001
  0.16050483E+000  0.15113223E+000  0.42153016E+000  0.18792928E+001
  0.16050485E+000  0.15113224E+000  0.42153037E+000  0.18792926E+001
  0.16050488E+000  0.15113225E+000  0.42153057E+000  0.18792924E+001
  0.16050490E+000  0.15113226E+000  0.42153076E+000  0.18792922E+001
  0.16050493E+000  0.15113228E+000  0.42153093E+000  0.18792920E+001
  0.16050497E+000  0.15113230E+000  0.42153110E+000  0.18792918E+001
  0.16050500E+000  0.15113232E+000  0.42153125E+000  0.18792916E+001
  0.16050504E+000  0.15113234E+000  0.42153138E+000  0.18792914E+001
  0.16050507E+000  0.15113237E+000  0.42153149E+000  0.18792913E+001
  0.16050511E+000  0.15113239E+000  0.42153159E+000  0.18792911E+001
  0.16050515E+000  0.15113242E+000  0.42153167E+000  0.18792910E+001
  0.16050519E+000  0.15113245E+000  0.42153174E+000  0.18792909E+001
  0.16050523E+000  0.15113249E+000  0.42153178E+000  0.18792908E+001
  0.16050527E+000  0.15113252E+000  0.42153181E+000  0.18792907E+001
  0.16050531E+000  0.15113255E+000  0.42153182E+000  0.18792907E+001
  0.16050535E+000  0.15113259E+000  0.42153181E+000  0.18792907E+001
  0.16050539E+000  0.15113262E+000  0.42153179E+000  0.18792906E+001
  0.16050542E+000  0.15113265E+000  0.42153175E+000  0.18792906E+001
  0.16050546E+000  0.15113269E+000  0.42153170E+000  0.18792907E+001
  0.16050550E+000  0.15113272E+000  0.42153164E+000  0.18792907E+001
  0.16050553E+000  0.15113275E+000  0.42153156E+000  0.18792907E+001
  0.16050556E+000  0.15113279E+000  0.42153147E+000  0.18792908E+001
  0.16050559E+000  0.15113282E+000  0.42153138E+000  0.18792908E+001
  0.16050561E+000  0.15113284E+000  0.42153128E+000  0.18792909E+001
  0.16050564E+000  0.15113287E+000  0.42153117E+000  0.18792910E+001
  0.16050566E+000  0.15113290E+000  0.42153105E+000  0.18792911E+001
  0.16050567E+000  0.15113292E+000  0.42153093E+000  0.18792912E+001
  0.16050569E+000  0.15113294E+000  0.42153081E+000  0.18792913E+001
  0.16050570E+000  0.15113296E+000  0.42153069E+000  0.18792914E+001
  0.16050571E+000  0.15113297E+000  0.42153057E+000  0.18792915E+001
  0.16050571E+000  0.15113298E+000  0.42153045E+000  0.18792916E+001
  0.16050572E+000  0.15113299E+000  0.42153034E+000  0.18792917E+001
  0.16050572E+000  0.15113300E+000  0.42153023E+000  0.18792918E+001
  0.16050571E+000  0.15113300E+000  0.42153012E+000  0.18792920E+001
  0.16050571E+000  0.15113300E+000  0.42153002E+000  0.18792921E+001
  0.16050570E+000  0.15113300E+000  0.42152993E+000  0.18792922E+001
  0.16050569E+000  0.15113300E+000  0.42152984E+000  0.18792922E+001
  0.16050568E+000  0.15113299E+000  0.42152977E+000  0.18792923E+001
  0.16050567E+000  0.15113298E+000  0.42152970E+000  0.18792924E+001
  0.16050565E+000  0.15113297E+000  0.42152964E+000  0.18792925E+001
  0.16050563E+000  0.15113296E+000  0.42152958E+000  0.18792925E+001
  0.16050562E+000  0.15113294E+000  0.42152954E+000  0.18792926E+001
  0.16050560E+000  0.15113293E+000  0.42152951E+000  0.18792926E+001
  0.16050558E+000  0.15113291E+000  0.42152949E+000  0.18792927E+001
  0.16050556E+000  0.15113289E+000  0.42152947E+000  0.18792927E+001
  0.16050554E+000  0.15113288E+000  0.42152946E+000  0.18792927E+001
  0.16050552E+000  0.15113286E+000  0.42152946E+000  0.18792928E+001
  0.16050551E+000  0.15113284E+000  0.42152948E+000  0.18792928E+001
  0.16050549E+000  0.15113283E+000  0.42152949E+000  0.18792928E+001
  0.16050548E+000  0.15113281E+000  0.42152952E+000  0.18792928E+001
  0.16050547E+000  0.15113280E+000  0.42152955E+000  0.18792928E+001
  0.16050546E+000  0.15113280E+000  0.42152958E+000  0.18792927E+001
  0.16050544E+000  0.15113276E+000  0.42152956E+000  0.18792926E+001
  0.16050539E+000  0.15113273E+000  0.42152949E+000  0.18792922E+001
