 -0.12323602E+000  0.86357985E-001  0.10195609E+001  0.43797122E+000
 -0.12259055E+000  0.87199711E-001  0.10195649E+001  0.43686372E+000
 -0.12217926E+000  0.87622255E-001  0.10194081E+001  0.43650206E+000
 -0.12188288E+000  0.87875673E-001  0.10192836E+001  0.43633224E+000
 -0.12166682E+000  0.88030159E-001  0.10194196E+001  0.43603040E+000
 -0.12151210E+000  0.88118705E-001  0.10195317E+001  0.43583699E+000
 -0.12140510E+000  0.88161372E-001  0.10196256E+001  0.43571943E+000
 -0.12133585E+000  0.88171876E-001  0.10197054E+001  0.43565572E+000
 -0.12129654E+000  0.88159866E-001  0.10197742E+001  0.43563038E+000
 -0.12128096E+000  0.88132226E-001  0.10198339E+001  0.43563248E+000
 -0.12128418E+000  0.88093906E-001  0.10198859E+001  0.43565422E+000
 -0.12130224E+000  0.88048476E-001  0.10199312E+001  0.43569002E+000
 -0.12133200E+000  0.87998508E-001  0.10199705E+001  0.43573593E+000
 -0.12137089E+000  0.87945847E-001  0.10200042E+001  0.43578917E+000
 -0.12141688E+000  0.87891814E-001  0.10200329E+001  0.43584752E+000
 -0.12146829E+000  0.87837358E-001  0.10200578E+001  0.43590864E+000
 -0.12152380E+000  0.87783150E-001  0.10200788E+001  0.43597171E+000
 -0.12158231E+000  0.87729669E-001  0.10200967E+001  0.43603548E+000
 -0.12164293E+000  0.87677257E-001  0.10201115E+001  0.43609957E+000
 -0.12170492E+000  0.87626157E-001  0.10201231E+001  0.43616375E+000
 -0.12176769E+000  0.87576534E-001  0.10201315E+001  0.43622784E+000
 -0.12183067E+000  0.87528481E-001  0.10201367E+001  0.43629168E+000
 -0.12189336E+000  0.87482056E-001  0.10201387E+001  0.43635510E+000
 -0.12195543E+000  0.87437326E-001  0.10201377E+001  0.43641793E+000
 -0.12201660E+000  0.87394344E-001  0.10201338E+001  0.43647999E+000
 -0.12207665E+000  0.87353152E-001  0.10201272E+001  0.43654111E+000
 -0.12213537E+000  0.87313779E-001  0.10201180E+001  0.43660108E+000
 -0.12219259E+000  0.87276245E-001  0.10201065E+001  0.43665972E+000
 -0.12224820E+000  0.87240639E-001  0.10200927E+001  0.43671683E+000
 -0.12230207E+000  0.87206966E-001  0.10200770E+001  0.43677222E+000
 -0.12235409E+000  0.87175181E-001  0.10200595E+001  0.43682571E+000
 -0.12240419E+000  0.87145241E-001  0.10200405E+001  0.43687716E+000
 -0.12245230E+000  0.87117098E-001  0.10200202E+001  0.43692641E+000
 -0.12249839E+000  0.87090699E-001  0.10199988E+001  0.43697337E+000
 -0.12254242E+000  0.87065983E-001  0.10199766E+001  0.43701796E+000
 -0.12258440E+000  0.87042882E-001  0.10199538E+001  0.43706013E+000
 -0.12262434E+000  0.87021319E-001  0.10199305E+001  0.43709987E+000
 -0.12266227E+000  0.87001211E-001  0.10199070E+001  0.43713719E+000
 -0.12269823E+000  0.86982467E-001  0.10198834E+001  0.43717212E+000
 -0.12273227E+000  0.86964995E-001  0.10198599E+001  0.43720475E+000
 -0.12276445E+000  0.86948696E-001  0.10198367E+001  0.43723517E+000
 -0.12279485E+000  0.86933473E-001  0.10198138E+001  0.43726348E+000
 -0.12282354E+000  0.86919232E-001  0.10197915E+001  0.43728982E+000
 -0.12285060E+000  0.86905880E-001  0.10197698E+001  0.43731432E+000
 -0.12287611E+000  0.86893331E-001  0.10197488E+001  0.43733713E+000
 -0.12290015E+000  0.86881504E-001  0.10197286E+001  0.43735839E+000
 -0.12292280E+000  0.86870329E-001  0.10197092E+001  0.43737825E+000
 -0.12294413E+000  0.86859741E-001  0.10196907E+001  0.43739685E+000
 -0.12296422E+000  0.86849684E-001  0.10196732E+001  0.43741433E+000
 -0.12298312E+000  0.86840111E-001  0.10196567E+001  0.43743080E+000
 -0.12300091E+000  0.86830983E-001  0.10196411E+001  0.43744638E+000
 -0.12301763E+000  0.86822266E-001  0.10196265E+001  0.43746118E+000
 -0.12303333E+000  0.86813933E-001  0.10196128E+001  0.43747528E+000
 -0.12304807E+000  0.86805962E-001  0.10196000E+001  0.43748876E+000
 -0.12306188E+000  0.86798334E-001  0.10195882E+001  0.43750169E+000
 -0.12307480E+000  0.86791032E-001  0.10195773E+001  0.43751412E+000
 -0.12308687E+000  0.86784041E-001  0.10195671E+001  0.43752610E+000
 -0.12309811E+000  0.86777348E-001  0.10195578E+001  0.43753767E+000
 -0.12310857E+000  0.86770940E-001  0.10195492E+001  0.43754886E+000
 -0.12311828E+000  0.86764804E-001  0.10195413E+001  0.43755968E+000
 -0.12312726E+000  0.86758925E-001  0.10195340E+001  0.43757016E+000
 -0.12313555E+000  0.86753290E-001  0.10195273E+001  0.43758032E+000
 -0.12314318E+000  0.86747885E-001  0.10195212E+001  0.43759016E+000
 -0.12315018E+000  0.86742697E-001  0.10195156E+001  0.43759969E+000
 -0.12315659E+000  0.86737709E-001  0.10195104E+001  0.43760892E+000
 -0.12316244E+000  0.86732910E-001  0.10195057E+001  0.43761786E+000
 -0.12316777E+000  0.86728285E-001  0.10195013E+001  0.43762651E+000
 -0.12317261E+000  0.86723821E-001  0.10194973E+001  0.43763488E+000
 -0.12317699E+000  0.86719505E-001  0.10194936E+001  0.43764298E+000
 -0.12318095E+000  0.86715326E-001  0.10194901E+001  0.43765080E+000
 -0.12318451E+000  0.86711272E-001  0.10194869E+001  0.43765837E+000
 -0.12318772E+000  0.86707335E-001  0.10194839E+001  0.43766568E+000
 -0.12319061E+000  0.86703504E-001  0.10194811E+001  0.43767275E+000
 -0.12319320E+000  0.86699772E-001  0.10194785E+001  0.43767958E+000
 -0.12319552E+000  0.86696130E-001  0.10194760E+001  0.43768617E+000
 -0.12319759E+000  0.86692573E-001  0.10194737E+001  0.43769255E+000
 -0.12319946E+000  0.86689095E-001  0.10194715E+001  0.43769871E+000
 -0.12320112E+000  0.86685691E-001  0.10194695E+001  0.43770467E+000
 -0.12320262E+000  0.86682356E-001  0.10194675E+001  0.43771043E+000
 -0.12320397E+000  0.86679087E-001  0.10194657E+001  0.43771601E+000
 -0.12320518E+000  0.86675880E-001  0.10194639E+001  0.43772141E+000
 -0.12320628E+000  0.86672733E-001  0.10194623E+001  0.43772663E+000
 -0.12320727E+000  0.86669644E-001  0.10194607E+001  0.43773171E+000
 -0.12320818E+000  0.86666610E-001  0.10194592E+001  0.43773662E+000
 -0.12320901E+000  0.86663630E-001  0.10194578E+001  0.43774140E+000
 -0.12320977E+000  0.86660703E-001  0.10194565E+001  0.43774604E+000
 -0.12321047E+000  0.86657827E-001  0.10194553E+001  0.43775056E+000
 -0.12321113E+000  0.86655001E-001  0.10194541E+001  0.43775496E+000
 -0.12321174E+000  0.86652225E-001  0.10194530E+001  0.43775925E+000
 -0.12321232E+000  0.86649497E-001  0.10194519E+001  0.43776343E+000
 -0.12321287E+000  0.86646818E-001  0.10194509E+001  0.43776751E+000
 -0.12321339E+000  0.86644187E-001  0.10194499E+001  0.43777151E+000
 -0.12321388E+000  0.86641603E-001  0.10194490E+001  0.43777541E+000
 -0.12321436E+000  0.86639065E-001  0.10194481E+001  0.43777923E+000
 -0.12321482E+000  0.86636575E-001  0.10194473E+001  0.43778298E+000
 -0.12321526E+000  0.86634131E-001  0.10194465E+001  0.43778665E+000
 -0.12321569E+000  0.86631734E-001  0.10194457E+001  0.43779025E+000
 -0.12321610E+000  0.86629383E-001  0.10194449E+001  0.43779378E+000
 -0.12321651E+000  0.86627078E-001  0.10194442E+001  0.43779725E+000
 -0.12321690E+000  0.86624819E-001  0.10194434E+001  0.43780065E+000
 -0.12321728E+000  0.86622606E-001  0.10194427E+001  0.43780399E+000
 -0.12321766E+000  0.86620439E-001  0.10194420E+001  0.43780727E+000
 -0.12321802E+000  0.86618318E-001  0.10194413E+001  0.43781049E+000
 -0.12321838E+000  0.86616243E-001  0.10194406E+001  0.43781365E+000
 -0.12321873E+000  0.86614214E-001  0.10194399E+001  0.43781675E+000
 -0.12321907E+000  0.86612231E-001  0.10194393E+001  0.43781979E+000
 -0.12321940E+000  0.86610293E-001  0.10194386E+001  0.43782277E+000
 -0.12321972E+000  0.86608402E-001  0.10194380E+001  0.43782570E+000
 -0.12322004E+000  0.86606556E-001  0.10194373E+001  0.43782857E+000
 -0.12322034E+000  0.86604756E-001  0.10194367E+001  0.43783138E+000
 -0.12322064E+000  0.86603001E-001  0.10194360E+001  0.43783413E+000
 -0.12322093E+000  0.86601292E-001  0.10194354E+001  0.43783683E+000
 -0.12322122E+000  0.86599628E-001  0.10194347E+001  0.43783946E+000
 -0.12322149E+000  0.86598009E-001  0.10194341E+001  0.43784204E+000
 -0.12322176E+000  0.86596435E-001  0.10194335E+001  0.43784456E+000
 -0.12322202E+000  0.86594905E-001  0.10194329E+001  0.43784703E+000
 -0.12322228E+000  0.86593419E-001  0.10194323E+001  0.43784943E+000
 -0.12322252E+000  0.86591977E-001  0.10194317E+001  0.43785178E+000
 -0.12322276E+000  0.86590578E-001  0.10194310E+001  0.43785407E+000
 -0.12322299E+000  0.86589222E-001  0.10194304E+001  0.43785631E+000
 -0.12322322E+000  0.86587909E-001  0.10194299E+001  0.43785849E+000
 -0.12322343E+000  0.86586637E-001  0.10194293E+001  0.43786062E+000
 -0.12322364E+000  0.86585406E-001  0.10194287E+001  0.43786269E+000
 -0.12322385E+000  0.86584216E-001  0.10194281E+001  0.43786470E+000
 -0.12322404E+000  0.86583066E-001  0.10194275E+001  0.43786667E+000
 -0.12322423E+000  0.86581956E-001  0.10194270E+001  0.43786857E+000
 -0.12322441E+000  0.86580884E-001  0.10194264E+001  0.43787043E+000
 -0.12322459E+000  0.86579849E-001  0.10194259E+001  0.43787223E+000
 -0.12322476E+000  0.86578853E-001  0.10194253E+001  0.43787399E+000
 -0.12322493E+000  0.86577892E-001  0.10194248E+001  0.43787569E+000
 -0.12322508E+000  0.86576967E-001  0.10194242E+001  0.43787734E+000
 -0.12322524E+000  0.86576077E-001  0.10194237E+001  0.43787894E+000
 -0.12322538E+000  0.86575221E-001  0.10194232E+001  0.43788050E+000
 -0.12322552E+000  0.86574399E-001  0.10194227E+001  0.43788200E+000
 -0.12322566E+000  0.86573608E-001  0.10194222E+001  0.43788346E+000
 -0.12322579E+000  0.86572850E-001  0.10194217E+001  0.43788488E+000
 -0.12322591E+000  0.86572122E-001  0.10194212E+001  0.43788625E+000
 -0.12322603E+000  0.86571423E-001  0.10194207E+001  0.43788757E+000
 -0.12322615E+000  0.86570754E-001  0.10194202E+001  0.43788886E+000
 -0.12322626E+000  0.86570113E-001  0.10194198E+001  0.43789009E+000
 -0.12322636E+000  0.86569500E-001  0.10194193E+001  0.43789129E+000
 -0.12322646E+000  0.86568912E-001  0.10194189E+001  0.43789245E+000
 -0.12322656E+000  0.86568351E-001  0.10194184E+001  0.43789357E+000
 -0.12322665E+000  0.86567815E-001  0.10194180E+001  0.43789464E+000
 -0.12322674E+000  0.86567302E-001  0.10194176E+001  0.43789568E+000
 -0.12322683E+000  0.86566813E-001  0.10194172E+001  0.43789669E+000
 -0.12322691E+000  0.86566346E-001  0.10194168E+001  0.43789765E+000
 -0.12322698E+000  0.86565901E-001  0.10194164E+001  0.43789858E+000
 -0.12322706E+000  0.86565477E-001  0.10194160E+001  0.43789948E+000
 -0.12322713E+000  0.86565073E-001  0.10194156E+001  0.43790034E+000
 -0.12322719E+000  0.86564689E-001  0.10194153E+001  0.43790117E+000
 -0.12322726E+000  0.86564323E-001  0.10194149E+001  0.43790197E+000
 -0.12322732E+000  0.86563975E-001  0.10194146E+001  0.43790273E+000
 -0.12322737E+000  0.86563645E-001  0.10194142E+001  0.43790347E+000
 -0.12322743E+000  0.86563331E-001  0.10194139E+001  0.43790417E+000
 -0.12322748E+000  0.86563034E-001  0.10194136E+001  0.43790485E+000
 -0.12322753E+000  0.86562751E-001  0.10194133E+001  0.43790550E+000
 -0.12322757E+000  0.86562484E-001  0.10194130E+001  0.43790613E+000
 -0.12322762E+000  0.86562231E-001  0.10194127E+001  0.43790672E+000
 -0.12322766E+000  0.86561991E-001  0.10194124E+001  0.43790729E+000
 -0.12322770E+000  0.86561764E-001  0.10194121E+001  0.43790784E+000
 -0.12322774E+000  0.86561550E-001  0.10194119E+001  0.43790836E+000
 -0.12322777E+000  0.86561347E-001  0.10194116E+001  0.43790887E+000
 -0.12322780E+000  0.86561156E-001  0.10194114E+001  0.43790934E+000
 -0.12322784E+000  0.86560976E-001  0.10194111E+001  0.43790980E+000
 -0.12322786E+000  0.86560806E-001  0.10194109E+001  0.43791024E+000
 -0.12322789E+000  0.86560647E-001  0.10194107E+001  0.43791065E+000
 -0.12322792E+000  0.86560496E-001  0.10194104E+001  0.43791105E+000
 -0.12322794E+000  0.86560355E-001  0.10194102E+001  0.43791143E+000
 -0.12322797E+000  0.86560222E-001  0.10194100E+001  0.43791179E+000
 -0.12322799E+000  0.86560098E-001  0.10194098E+001  0.43791213E+000
 -0.12322801E+000  0.86559981E-001  0.10194097E+001  0.43791245E+000
 -0.12322803E+000  0.86559871E-001  0.10194095E+001  0.43791276E+000
 -0.12322804E+000  0.86559769E-001  0.10194093E+001  0.43791306E+000
 -0.12322806E+000  0.86559674E-001  0.10194092E+001  0.43791334E+000
 -0.12322808E+000  0.86559584E-001  0.10194090E+001  0.43791360E+000
 -0.12322809E+000  0.86559501E-001  0.10194088E+001  0.43791386E+000
 -0.12322810E+000  0.86559424E-001  0.10194087E+001  0.43791409E+000
 -0.12322812E+000  0.86559352E-001  0.10194086E+001  0.43791432E+000
 -0.12322813E+000  0.86559285E-001  0.10194084E+001  0.43791453E+000
 -0.12322814E+000  0.86559223E-001  0.10194083E+001  0.43791474E+000
 -0.12322815E+000  0.86559166E-001  0.10194082E+001  0.43791493E+000
 -0.12322816E+000  0.86559113E-001  0.10194081E+001  0.43791511E+000
 -0.12322817E+000  0.86559065E-001  0.10194079E+001  0.43791528E+000
 -0.12322817E+000  0.86559020E-001  0.10194078E+001  0.43791544E+000
 -0.12322818E+000  0.86558979E-001  0.10194077E+001  0.43791559E+000
 -0.12322819E+000  0.86558942E-001  0.10194076E+001  0.43791573E+000
 -0.12322819E+000  0.86558909E-001  0.10194075E+001  0.43791587E+000
 -0.12322820E+000  0.86558878E-001  0.10194075E+001  0.43791599E+000
 -0.12322820E+000  0.86558852E-001  0.10194074E+001  0.43791611E+000
 -0.12322821E+000  0.86558828E-001  0.10194073E+001  0.43791622E+000
 -0.12322821E+000  0.86558807E-001  0.10194072E+001  0.43791633E+000
 -0.12322821E+000  0.86558790E-001  0.10194071E+001  0.43791642E+000
 -0.12322822E+000  0.86558776E-001  0.10194071E+001  0.43791651E+000
 -0.12322822E+000  0.86558765E-001  0.10194070E+001  0.43791659E+000
 -0.12322822E+000  0.86558758E-001  0.10194069E+001  0.43791667E+000
 -0.12322822E+000  0.86558754E-001  0.10194069E+001  0.43791674E+000
 -0.12322822E+000  0.86558755E-001  0.10194068E+001  0.43791680E+000
 -0.12322822E+000  0.86558762E-001  0.10194067E+001  0.43791684E+000
 -0.12322821E+000  0.86558777E-001  0.10194067E+001  0.43791688E+000
