 -0.34840819E-001
 -0.34717748E-001
 -0.34644138E-001
 -0.34588275E-001
 -0.34543842E-001
 -0.34508527E-001
 -0.34480880E-001
 -0.34459879E-001
 -0.34444660E-001
 -0.34434446E-001
 -0.34428559E-001
 -0.34426404E-001
 -0.34427399E-001
 -0.34431035E-001
 -0.34436872E-001
 -0.34444530E-001
 -0.34453676E-001
 -0.34464026E-001
 -0.34475337E-001
 -0.34487403E-001
 -0.34500043E-001
 -0.34513104E-001
 -0.34526448E-001
 -0.34539933E-001
 -0.34553450E-001
 -0.34566914E-001
 -0.34580246E-001
 -0.34593382E-001
 -0.34606261E-001
 -0.34618835E-001
 -0.34631059E-001
 -0.34642898E-001
 -0.34654323E-001
 -0.34665311E-001
 -0.34675846E-001
 -0.34685917E-001
 -0.34695520E-001
 -0.34704653E-001
 -0.34713323E-001
 -0.34721536E-001
 -0.34729306E-001
 -0.34736646E-001
 -0.34743574E-001
 -0.34750108E-001
 -0.34756266E-001
 -0.34762069E-001
 -0.34767534E-001
 -0.34772680E-001
 -0.34777525E-001
 -0.34782085E-001
 -0.34786375E-001
 -0.34790408E-001
 -0.34794198E-001
 -0.34797754E-001
 -0.34801087E-001
 -0.34804207E-001
 -0.34807121E-001
 -0.34809838E-001
 -0.34812366E-001
 -0.34814711E-001
 -0.34816883E-001
 -0.34818887E-001
 -0.34820733E-001
 -0.34822427E-001
 -0.34823978E-001
 -0.34825394E-001
 -0.34826683E-001
 -0.34827853E-001
 -0.34828912E-001
 -0.34829868E-001
 -0.34830731E-001
 -0.34831506E-001
 -0.34832202E-001
 -0.34832825E-001
 -0.34833383E-001
 -0.34833883E-001
 -0.34834329E-001
 -0.34834728E-001
 -0.34835086E-001
 -0.34835406E-001
 -0.34835693E-001
 -0.34835952E-001
 -0.34836185E-001
 -0.34836397E-001
 -0.34836590E-001
 -0.34836766E-001
 -0.34836928E-001
 -0.34837078E-001
 -0.34837217E-001
 -0.34837347E-001
 -0.34837469E-001
 -0.34837585E-001
 -0.34837694E-001
 -0.34837799E-001
 -0.34837899E-001
 -0.34837996E-001
 -0.34838089E-001
 -0.34838178E-001
 -0.34838266E-001
 -0.34838350E-001
 -0.34838432E-001
 -0.34838512E-001
 -0.34838590E-001
 -0.34838666E-001
 -0.34838740E-001
 -0.34838812E-001
 -0.34838882E-001
 -0.34838950E-001
 -0.34839017E-001
 -0.34839082E-001
 -0.34839146E-001
 -0.34839208E-001
 -0.34839268E-001
 -0.34839327E-001
 -0.34839384E-001
 -0.34839439E-001
 -0.34839493E-001
 -0.34839546E-001
 -0.34839596E-001
 -0.34839646E-001
 -0.34839694E-001
 -0.34839740E-001
 -0.34839785E-001
 -0.34839829E-001
 -0.34839871E-001
 -0.34839912E-001
 -0.34839951E-001
 -0.34839989E-001
 -0.34840026E-001
 -0.34840062E-001
 -0.34840096E-001
 -0.34840129E-001
 -0.34840161E-001
 -0.34840192E-001
 -0.34840222E-001
 -0.34840251E-001
 -0.34840278E-001
 -0.34840304E-001
 -0.34840330E-001
 -0.34840354E-001
 -0.34840378E-001
 -0.34840400E-001
 -0.34840422E-001
 -0.34840443E-001
 -0.34840462E-001
 -0.34840481E-001
 -0.34840500E-001
 -0.34840517E-001
 -0.34840534E-001
 -0.34840550E-001
 -0.34840565E-001
 -0.34840580E-001
 -0.34840593E-001
 -0.34840607E-001
 -0.34840619E-001
 -0.34840631E-001
 -0.34840643E-001
 -0.34840654E-001
 -0.34840664E-001
 -0.34840674E-001
 -0.34840683E-001
 -0.34840692E-001
 -0.34840701E-001
 -0.34840709E-001
 -0.34840717E-001
 -0.34840724E-001
 -0.34840731E-001
 -0.34840737E-001
 -0.34840743E-001
 -0.34840749E-001
 -0.34840754E-001
 -0.34840760E-001
 -0.34840764E-001
 -0.34840769E-001
 -0.34840773E-001
 -0.34840777E-001
 -0.34840781E-001
 -0.34840785E-001
 -0.34840788E-001
 -0.34840791E-001
 -0.34840794E-001
 -0.34840797E-001
 -0.34840800E-001
 -0.34840802E-001
 -0.34840804E-001
 -0.34840806E-001
 -0.34840808E-001
 -0.34840810E-001
 -0.34840812E-001
 -0.34840813E-001
 -0.34840815E-001
 -0.34840816E-001
 -0.34840817E-001
 -0.34840818E-001
 -0.34840819E-001
 -0.34840820E-001
 -0.34840821E-001
 -0.34840821E-001
 -0.34840821E-001
 -0.34840820E-001
