  0.25689511E+001
  0.26740896E+001
  0.26637133E+001
  0.26415124E+001
  0.26221906E+001
  0.26070542E+001
  0.25954422E+001
  0.25865507E+001
  0.25797367E+001
  0.25745119E+001
  0.25705323E+001
  0.25675486E+001
  0.25653283E+001
  0.25637006E+001
  0.25625361E+001
  0.25617321E+001
  0.25612075E+001
  0.25608956E+001
  0.25607482E+001
  0.25607258E+001
  0.25607963E+001
  0.25609339E+001
  0.25611167E+001
  0.25613312E+001
  0.25615632E+001
  0.25618003E+001
  0.25620328E+001
  0.25622534E+001
  0.25624563E+001
  0.25626375E+001
  0.25627940E+001
  0.25629243E+001
  0.25630278E+001
  0.25631051E+001
  0.25631573E+001
  0.25631862E+001
  0.25631940E+001
  0.25631833E+001
  0.25631568E+001
  0.25631172E+001
  0.25630671E+001
  0.25630093E+001
  0.25629459E+001
  0.25628791E+001
  0.25628107E+001
  0.25627420E+001
  0.25626742E+001
  0.25626083E+001
  0.25625449E+001
  0.25624843E+001
  0.25624267E+001
  0.25623723E+001
  0.25623209E+001
  0.25622725E+001
  0.25622269E+001
  0.25621838E+001
  0.25621431E+001
  0.25621047E+001
  0.25620684E+001
  0.25620340E+001
  0.25620016E+001
  0.25619709E+001
  0.25619419E+001
  0.25619147E+001
  0.25618892E+001
  0.25618654E+001
  0.25618433E+001
  0.25618228E+001
  0.25618039E+001
  0.25617866E+001
  0.25617709E+001
  0.25617567E+001
  0.25617439E+001
  0.25617325E+001
  0.25617225E+001
  0.25617137E+001
  0.25617061E+001
  0.25616996E+001
  0.25616941E+001
  0.25616896E+001
  0.25616859E+001
  0.25616831E+001
  0.25616809E+001
  0.25616794E+001
  0.25616785E+001
  0.25616781E+001
  0.25616781E+001
  0.25616786E+001
  0.25616794E+001
  0.25616805E+001
  0.25616818E+001
  0.25616834E+001
  0.25616852E+001
  0.25616871E+001
  0.25616892E+001
  0.25616914E+001
  0.25616936E+001
  0.25616959E+001
  0.25616983E+001
  0.25617006E+001
  0.25617030E+001
  0.25617054E+001
  0.25617078E+001
  0.25617101E+001
  0.25617124E+001
  0.25617148E+001
  0.25617170E+001
  0.25617192E+001
  0.25617214E+001
  0.25617236E+001
  0.25617257E+001
  0.25617277E+001
  0.25617297E+001
  0.25617316E+001
  0.25617335E+001
  0.25617353E+001
  0.25617371E+001
  0.25617388E+001
  0.25617405E+001
  0.25617421E+001
  0.25617436E+001
  0.25617451E+001
  0.25617466E+001
  0.25617480E+001
  0.25617494E+001
  0.25617507E+001
  0.25617519E+001
  0.25617531E+001
  0.25617543E+001
  0.25617554E+001
  0.25617565E+001
  0.25617575E+001
  0.25617585E+001
  0.25617595E+001
  0.25617604E+001
  0.25617612E+001
  0.25617621E+001
  0.25617629E+001
  0.25617636E+001
  0.25617644E+001
  0.25617650E+001
  0.25617657E+001
  0.25617663E+001
  0.25617669E+001
  0.25617675E+001
  0.25617680E+001
  0.25617686E+001
  0.25617690E+001
  0.25617695E+001
  0.25617699E+001
  0.25617704E+001
  0.25617707E+001
  0.25617711E+001
  0.25617715E+001
  0.25617718E+001
  0.25617721E+001
  0.25617724E+001
  0.25617727E+001
  0.25617729E+001
  0.25617732E+001
  0.25617734E+001
  0.25617736E+001
  0.25617738E+001
  0.25617740E+001
  0.25617741E+001
  0.25617743E+001
  0.25617744E+001
  0.25617746E+001
  0.25617747E+001
  0.25617748E+001
  0.25617749E+001
  0.25617750E+001
  0.25617751E+001
  0.25617752E+001
  0.25617753E+001
  0.25617753E+001
  0.25617754E+001
  0.25617754E+001
  0.25617755E+001
  0.25617755E+001
  0.25617755E+001
  0.25617756E+001
  0.25617756E+001
  0.25617756E+001
  0.25617756E+001
  0.25617756E+001
  0.25617756E+001
  0.25617756E+001
  0.25617756E+001
  0.25617755E+001
  0.25617755E+001
  0.25617755E+001
  0.25617754E+001
  0.25617753E+001
  0.25617753E+001
  0.25617752E+001
  0.25617750E+001
  0.25617749E+001
  0.25617748E+001
  0.25617747E+001
