  0.76731511E+000
  0.76907346E+000
  0.77007917E+000
  0.77025961E+000
  0.77000334E+000
  0.76956461E+000
  0.76906397E+000
  0.76856134E+000
  0.76808726E+000
  0.76765224E+000
  0.76725986E+000
  0.76690753E+000
  0.76659196E+000
  0.76631103E+000
  0.76606206E+000
  0.76584202E+000
  0.76564785E+000
  0.76547671E+000
  0.76532605E+000
  0.76519350E+000
  0.76507689E+000
  0.76497430E+000
  0.76488398E+000
  0.76480420E+000
  0.76473342E+000
  0.76467056E+000
  0.76461466E+000
  0.76456488E+000
  0.76452048E+000
  0.76448082E+000
  0.76444534E+000
  0.76441356E+000
  0.76438505E+000
  0.76435945E+000
  0.76433644E+000
  0.76431574E+000
  0.76429711E+000
  0.76428035E+000
  0.76426528E+000
  0.76425174E+000
  0.76423959E+000
  0.76422871E+000
  0.76421898E+000
  0.76421031E+000
  0.76420260E+000
  0.76419578E+000
  0.76418975E+000
  0.76418446E+000
  0.76417983E+000
  0.76417580E+000
  0.76417231E+000
  0.76416930E+000
  0.76416671E+000
  0.76416451E+000
  0.76416265E+000
  0.76416107E+000
  0.76415975E+000
  0.76415866E+000
  0.76415774E+000
  0.76415699E+000
  0.76415637E+000
  0.76415586E+000
  0.76415544E+000
  0.76415509E+000
  0.76415479E+000
  0.76415454E+000
  0.76415432E+000
  0.76415411E+000
  0.76415392E+000
  0.76415374E+000
  0.76415356E+000
  0.76415337E+000
  0.76415317E+000
  0.76415296E+000
  0.76415274E+000
  0.76415250E+000
  0.76415225E+000
  0.76415197E+000
  0.76415169E+000
  0.76415138E+000
  0.76415106E+000
  0.76415071E+000
  0.76415036E+000
  0.76414999E+000
  0.76414960E+000
  0.76414921E+000
  0.76414880E+000
  0.76414839E+000
  0.76414797E+000
  0.76414755E+000
  0.76414712E+000
  0.76414670E+000
  0.76414629E+000
  0.76414588E+000
  0.76414548E+000
  0.76414510E+000
  0.76414474E+000
  0.76414440E+000
  0.76414408E+000
  0.76414378E+000
  0.76414351E+000
  0.76414327E+000
  0.76414305E+000
  0.76414287E+000
  0.76414270E+000
  0.76414257E+000
  0.76414245E+000
  0.76414236E+000
  0.76414228E+000
  0.76414221E+000
  0.76414215E+000
  0.76414211E+000
  0.76414206E+000
  0.76414202E+000
  0.76414197E+000
  0.76414192E+000
  0.76414186E+000
  0.76414179E+000
  0.76414172E+000
  0.76414164E+000
  0.76414155E+000
  0.76414145E+000
  0.76414135E+000
  0.76414124E+000
  0.76414113E+000
  0.76414101E+000
  0.76414090E+000
  0.76414079E+000
  0.76414069E+000
  0.76414059E+000
  0.76414051E+000
  0.76414043E+000
  0.76414036E+000
  0.76414031E+000
  0.76414026E+000
  0.76414024E+000
  0.76414022E+000
  0.76414022E+000
  0.76414022E+000
  0.76414024E+000
  0.76414028E+000
  0.76414032E+000
  0.76414036E+000
  0.76414042E+000
  0.76414048E+000
  0.76414055E+000
  0.76414062E+000
  0.76414070E+000
  0.76414077E+000
  0.76414085E+000
  0.76414092E+000
  0.76414100E+000
  0.76414107E+000
  0.76414114E+000
  0.76414120E+000
  0.76414126E+000
  0.76414132E+000
  0.76414138E+000
  0.76414143E+000
  0.76414147E+000
  0.76414151E+000
  0.76414154E+000
  0.76414157E+000
  0.76414160E+000
  0.76414162E+000
  0.76414163E+000
  0.76414164E+000
  0.76414165E+000
  0.76414165E+000
  0.76414164E+000
  0.76414164E+000
  0.76414163E+000
  0.76414161E+000
  0.76414159E+000
  0.76414157E+000
  0.76414155E+000
  0.76414153E+000
  0.76414150E+000
  0.76414147E+000
  0.76414144E+000
  0.76414141E+000
  0.76414138E+000
  0.76414135E+000
  0.76414132E+000
  0.76414130E+000
  0.76414127E+000
  0.76414124E+000
  0.76414121E+000
  0.76414119E+000
  0.76414117E+000
  0.76414114E+000
  0.76414113E+000
  0.76414111E+000
  0.76414109E+000
  0.76414108E+000
  0.76414107E+000
  0.76414105E+000
  0.76414104E+000
  0.76414102E+000
  0.76414114E+000
