  0.66798234E+000  0.87101231E+000  0.11030425E+001  0.22011194E+001
  0.66215162E+000  0.87502930E+000  0.11025010E+001  0.22005191E+001
  0.65956961E+000  0.87644290E+000  0.11021566E+001  0.22007643E+001
  0.65824878E+000  0.87681788E+000  0.11018856E+001  0.22010812E+001
  0.65761116E+000  0.87665591E+000  0.11016548E+001  0.22013683E+001
  0.65738776E+000  0.87619740E+000  0.11014537E+001  0.22016128E+001
  0.65742554E+000  0.87557029E+000  0.11012772E+001  0.22018176E+001
  0.65763294E+000  0.87485965E+000  0.11011219E+001  0.22019875E+001
  0.65794736E+000  0.87411697E+000  0.11009849E+001  0.22021281E+001
  0.65832564E+000  0.87337400E+000  0.11008640E+001  0.22022439E+001
  0.65873769E+000  0.87264920E+000  0.11007564E+001  0.22023392E+001
  0.65916388E+000  0.87195376E+000  0.11006604E+001  0.22024168E+001
  0.65959092E+000  0.87129420E+000  0.11005752E+001  0.22024794E+001
  0.66000935E+000  0.87067409E+000  0.11004993E+001  0.22025292E+001
  0.66041298E+000  0.87009483E+000  0.11004312E+001  0.22025679E+001
  0.66079781E+000  0.86955650E+000  0.11003699E+001  0.22025971E+001
  0.66116135E+000  0.86905832E+000  0.11003147E+001  0.22026179E+001
  0.66150211E+000  0.86859904E+000  0.11002646E+001  0.22026315E+001
  0.66181939E+000  0.86817709E+000  0.11002192E+001  0.22026388E+001
  0.66211301E+000  0.86779076E+000  0.11001777E+001  0.22026406E+001
  0.66238313E+000  0.86743829E+000  0.11001398E+001  0.22026374E+001
  0.66263014E+000  0.86711794E+000  0.11001050E+001  0.22026299E+001
  0.66285460E+000  0.86682798E+000  0.11000730E+001  0.22026186E+001
  0.66305719E+000  0.86656679E+000  0.11000435E+001  0.22026039E+001
  0.66323848E+000  0.86633273E+000  0.11000162E+001  0.22025861E+001
  0.66339977E+000  0.86612399E+000  0.10999909E+001  0.22025657E+001
  0.66354194E+000  0.86593908E+000  0.10999674E+001  0.22025428E+001
  0.66366583E+000  0.86577660E+000  0.10999456E+001  0.22025177E+001
  0.66377234E+000  0.86563517E+000  0.10999252E+001  0.22024908E+001
  0.66386239E+000  0.86551340E+000  0.10999062E+001  0.22024621E+001
  0.66393700E+000  0.86540991E+000  0.10998884E+001  0.22024320E+001
  0.66399721E+000  0.86532328E+000  0.10998717E+001  0.22024005E+001
  0.66404412E+000  0.86525210E+000  0.10998561E+001  0.22023678E+001
  0.66407886E+000  0.86519496E+000  0.10998413E+001  0.22023342E+001
  0.66410260E+000  0.86515042E+000  0.10998275E+001  0.22022996E+001
  0.66411651E+000  0.86511709E+000  0.10998144E+001  0.22022643E+001
  0.66412177E+000  0.86509357E+000  0.10998021E+001  0.22022284E+001
  0.66411955E+000  0.86507852E+000  0.10997903E+001  0.22021920E+001
  0.66411096E+000  0.86507068E+000  0.10997792E+001  0.22021551E+001
  0.66409706E+000  0.86506883E+000  0.10997686E+001  0.22021179E+001
  0.66407887E+000  0.86507186E+000  0.10997585E+001  0.22020805E+001
  0.66405730E+000  0.86507875E+000  0.10997487E+001  0.22020430E+001
  0.66403317E+000  0.86508861E+000  0.10997394E+001  0.22020054E+001
  0.66400722E+000  0.86510062E+000  0.10997304E+001  0.22019678E+001
  0.66398008E+000  0.86511411E+000  0.10997216E+001  0.22019304E+001
  0.66395228E+000  0.86512852E+000  0.10997132E+001  0.22018931E+001
  0.66392426E+000  0.86514337E+000  0.10997050E+001  0.22018561E+001
  0.66389639E+000  0.86515829E+000  0.10996969E+001  0.22018195E+001
  0.66386893E+000  0.86517300E+000  0.10996891E+001  0.22017832E+001
  0.66384211E+000  0.86518730E+000  0.10996814E+001  0.22017475E+001
  0.66381605E+000  0.86520103E+000  0.10996739E+001  0.22017122E+001
  0.66379088E+000  0.86521411E+000  0.10996665E+001  0.22016776E+001
  0.66376664E+000  0.86522649E+000  0.10996593E+001  0.22016436E+001
  0.66374337E+000  0.86523815E+000  0.10996522E+001  0.22016103E+001
  0.66372108E+000  0.86524910E+000  0.10996453E+001  0.22015778E+001
  0.66369976E+000  0.86525935E+000  0.10996385E+001  0.22015462E+001
  0.66367941E+000  0.86526893E+000  0.10996318E+001  0.22015154E+001
  0.66366000E+000  0.86527788E+000  0.10996254E+001  0.22014855E+001
  0.66364150E+000  0.86528623E+000  0.10996190E+001  0.22014566E+001
  0.66362391E+000  0.86529401E+000  0.10996129E+001  0.22014288E+001
  0.66360719E+000  0.86530126E+000  0.10996069E+001  0.22014019E+001
  0.66359133E+000  0.86530799E+000  0.10996011E+001  0.22013761E+001
  0.66357631E+000  0.86531423E+000  0.10995956E+001  0.22013514E+001
  0.66356211E+000  0.86532001E+000  0.10995902E+001  0.22013279E+001
  0.66354872E+000  0.86532534E+000  0.10995850E+001  0.22013054E+001
  0.66353612E+000  0.86533023E+000  0.10995800E+001  0.22012840E+001
  0.66352429E+000  0.86533472E+000  0.10995753E+001  0.22012638E+001
  0.66351322E+000  0.86533880E+000  0.10995707E+001  0.22012448E+001
  0.66350289E+000  0.86534249E+000  0.10995664E+001  0.22012268E+001
  0.66349327E+000  0.86534582E+000  0.10995623E+001  0.22012100E+001
  0.66348434E+000  0.86534880E+000  0.10995584E+001  0.22011942E+001
  0.66347609E+000  0.86535145E+000  0.10995547E+001  0.22011795E+001
  0.66346847E+000  0.86535378E+000  0.10995512E+001  0.22011659E+001
  0.66346146E+000  0.86535581E+000  0.10995479E+001  0.22011532E+001
  0.66345504E+000  0.86535757E+000  0.10995449E+001  0.22011416E+001
  0.66344917E+000  0.86535907E+000  0.10995420E+001  0.22011309E+001
  0.66344383E+000  0.86536034E+000  0.10995393E+001  0.22011211E+001
  0.66343897E+000  0.86536139E+000  0.10995368E+001  0.22011121E+001
  0.66343458E+000  0.86536224E+000  0.10995345E+001  0.22011040E+001
  0.66343061E+000  0.86536291E+000  0.10995323E+001  0.22010967E+001
  0.66342704E+000  0.86536342E+000  0.10995304E+001  0.22010901E+001
  0.66342384E+000  0.86536378E+000  0.10995285E+001  0.22010843E+001
  0.66342098E+000  0.86536401E+000  0.10995269E+001  0.22010790E+001
  0.66341843E+000  0.86536413E+000  0.10995253E+001  0.22010744E+001
  0.66341617E+000  0.86536415E+000  0.10995239E+001  0.22010703E+001
  0.66341417E+000  0.86536408E+000  0.10995226E+001  0.22010668E+001
  0.66341240E+000  0.86536394E+000  0.10995215E+001  0.22010637E+001
  0.66341084E+000  0.86536373E+000  0.10995204E+001  0.22010611E+001
  0.66340948E+000  0.86536347E+000  0.10995195E+001  0.22010589E+001
  0.66340830E+000  0.86536316E+000  0.10995186E+001  0.22010571E+001
  0.66340726E+000  0.86536282E+000  0.10995178E+001  0.22010556E+001
  0.66340637E+000  0.86536244E+000  0.10995172E+001  0.22010543E+001
  0.66340560E+000  0.86536203E+000  0.10995165E+001  0.22010534E+001
  0.66340494E+000  0.86536161E+000  0.10995160E+001  0.22010527E+001
  0.66340438E+000  0.86536117E+000  0.10995155E+001  0.22010522E+001
  0.66340390E+000  0.86536073E+000  0.10995151E+001  0.22010520E+001
  0.66340349E+000  0.86536027E+000  0.10995147E+001  0.22010518E+001
  0.66340316E+000  0.86535981E+000  0.10995144E+001  0.22010519E+001
  0.66340288E+000  0.86535935E+000  0.10995141E+001  0.22010521E+001
  0.66340264E+000  0.86535889E+000  0.10995138E+001  0.22010523E+001
  0.66340246E+000  0.86535843E+000  0.10995136E+001  0.22010527E+001
  0.66340231E+000  0.86535798E+000  0.10995134E+001  0.22010532E+001
  0.66340219E+000  0.86535753E+000  0.10995132E+001  0.22010537E+001
  0.66340209E+000  0.86535709E+000  0.10995131E+001  0.22010543E+001
  0.66340202E+000  0.86535665E+000  0.10995130E+001  0.22010550E+001
  0.66340197E+000  0.86535623E+000  0.10995129E+001  0.22010557E+001
  0.66340194E+000  0.86535581E+000  0.10995128E+001  0.22010564E+001
  0.66340192E+000  0.86535540E+000  0.10995127E+001  0.22010572E+001
  0.66340191E+000  0.86535500E+000  0.10995126E+001  0.22010580E+001
  0.66340191E+000  0.86535462E+000  0.10995125E+001  0.22010588E+001
  0.66340191E+000  0.86535424E+000  0.10995125E+001  0.22010596E+001
  0.66340192E+000  0.86535387E+000  0.10995124E+001  0.22010604E+001
  0.66340194E+000  0.86535351E+000  0.10995124E+001  0.22010612E+001
  0.66340196E+000  0.86535316E+000  0.10995123E+001  0.22010621E+001
  0.66340198E+000  0.86535283E+000  0.10995123E+001  0.22010629E+001
  0.66340200E+000  0.86535250E+000  0.10995123E+001  0.22010637E+001
  0.66340203E+000  0.86535218E+000  0.10995122E+001  0.22010645E+001
  0.66340205E+000  0.86535187E+000  0.10995122E+001  0.22010653E+001
  0.66340208E+000  0.86535158E+000  0.10995121E+001  0.22010661E+001
  0.66340210E+000  0.86535129E+000  0.10995121E+001  0.22010669E+001
  0.66340212E+000  0.86535101E+000  0.10995121E+001  0.22010677E+001
  0.66340214E+000  0.86535074E+000  0.10995120E+001  0.22010685E+001
  0.66340217E+000  0.86535048E+000  0.10995120E+001  0.22010692E+001
  0.66340218E+000  0.86535023E+000  0.10995120E+001  0.22010700E+001
  0.66340220E+000  0.86534999E+000  0.10995119E+001  0.22010707E+001
  0.66340222E+000  0.86534976E+000  0.10995119E+001  0.22010714E+001
  0.66340224E+000  0.86534954E+000  0.10995118E+001  0.22010721E+001
  0.66340225E+000  0.86534932E+000  0.10995118E+001  0.22010728E+001
  0.66340226E+000  0.86534912E+000  0.10995118E+001  0.22010734E+001
  0.66340227E+000  0.86534892E+000  0.10995117E+001  0.22010741E+001
  0.66340228E+000  0.86534873E+000  0.10995117E+001  0.22010747E+001
  0.66340229E+000  0.86534854E+000  0.10995116E+001  0.22010753E+001
  0.66340230E+000  0.86534837E+000  0.10995116E+001  0.22010759E+001
  0.66340230E+000  0.86534820E+000  0.10995115E+001  0.22010765E+001
  0.66340231E+000  0.86534804E+000  0.10995115E+001  0.22010771E+001
  0.66340231E+000  0.86534789E+000  0.10995114E+001  0.22010777E+001
  0.66340231E+000  0.86534774E+000  0.10995114E+001  0.22010782E+001
  0.66340231E+000  0.86534760E+000  0.10995113E+001  0.22010787E+001
  0.66340231E+000  0.86534746E+000  0.10995113E+001  0.22010792E+001
  0.66340230E+000  0.86534734E+000  0.10995113E+001  0.22010797E+001
  0.66340230E+000  0.86534721E+000  0.10995112E+001  0.22010802E+001
  0.66340230E+000  0.86534710E+000  0.10995112E+001  0.22010807E+001
  0.66340229E+000  0.86534699E+000  0.10995111E+001  0.22010811E+001
  0.66340228E+000  0.86534688E+000  0.10995111E+001  0.22010816E+001
  0.66340228E+000  0.86534678E+000  0.10995110E+001  0.22010820E+001
  0.66340227E+000  0.86534668E+000  0.10995110E+001  0.22010824E+001
  0.66340226E+000  0.86534659E+000  0.10995109E+001  0.22010828E+001
  0.66340225E+000  0.86534651E+000  0.10995109E+001  0.22010832E+001
  0.66340224E+000  0.86534643E+000  0.10995108E+001  0.22010836E+001
  0.66340223E+000  0.86534635E+000  0.10995108E+001  0.22010839E+001
  0.66340222E+000  0.86534628E+000  0.10995108E+001  0.22010843E+001
  0.66340221E+000  0.86534621E+000  0.10995107E+001  0.22010846E+001
  0.66340219E+000  0.86534614E+000  0.10995107E+001  0.22010849E+001
  0.66340218E+000  0.86534608E+000  0.10995106E+001  0.22010853E+001
  0.66340217E+000  0.86534603E+000  0.10995106E+001  0.22010856E+001
  0.66340215E+000  0.86534597E+000  0.10995106E+001  0.22010858E+001
  0.66340214E+000  0.86534592E+000  0.10995105E+001  0.22010861E+001
  0.66340212E+000  0.86534587E+000  0.10995105E+001  0.22010864E+001
  0.66340211E+000  0.86534583E+000  0.10995104E+001  0.22010867E+001
  0.66340209E+000  0.86534579E+000  0.10995104E+001  0.22010869E+001
  0.66340208E+000  0.86534575E+000  0.10995104E+001  0.22010872E+001
  0.66340206E+000  0.86534571E+000  0.10995103E+001  0.22010874E+001
  0.66340204E+000  0.86534568E+000  0.10995103E+001  0.22010876E+001
  0.66340203E+000  0.86534564E+000  0.10995103E+001  0.22010878E+001
  0.66340201E+000  0.86534562E+000  0.10995102E+001  0.22010880E+001
  0.66340200E+000  0.86534559E+000  0.10995102E+001  0.22010882E+001
  0.66340198E+000  0.86534556E+000  0.10995102E+001  0.22010884E+001
  0.66340196E+000  0.86534554E+000  0.10995102E+001  0.22010886E+001
  0.66340195E+000  0.86534552E+000  0.10995101E+001  0.22010888E+001
  0.66340193E+000  0.86534550E+000  0.10995101E+001  0.22010889E+001
  0.66340191E+000  0.86534548E+000  0.10995101E+001  0.22010891E+001
  0.66340190E+000  0.86534546E+000  0.10995101E+001  0.22010893E+001
  0.66340188E+000  0.86534545E+000  0.10995100E+001  0.22010894E+001
  0.66340186E+000  0.86534543E+000  0.10995100E+001  0.22010896E+001
  0.66340185E+000  0.86534542E+000  0.10995100E+001  0.22010897E+001
  0.66340183E+000  0.86534541E+000  0.10995100E+001  0.22010898E+001
  0.66340182E+000  0.86534540E+000  0.10995099E+001  0.22010899E+001
  0.66340180E+000  0.86534539E+000  0.10995099E+001  0.22010901E+001
  0.66340178E+000  0.86534539E+000  0.10995099E+001  0.22010902E+001
  0.66340177E+000  0.86534538E+000  0.10995099E+001  0.22010903E+001
  0.66340175E+000  0.86534537E+000  0.10995099E+001  0.22010904E+001
  0.66340174E+000  0.86534537E+000  0.10995098E+001  0.22010905E+001
  0.66340172E+000  0.86534537E+000  0.10995098E+001  0.22010906E+001
  0.66340170E+000  0.86534537E+000  0.10995098E+001  0.22010907E+001
  0.66340169E+000  0.86534537E+000  0.10995098E+001  0.22010907E+001
  0.66340167E+000  0.86534537E+000  0.10995098E+001  0.22010908E+001
  0.66340165E+000  0.86534537E+000  0.10995098E+001  0.22010909E+001
  0.66340163E+000  0.86534537E+000  0.10995097E+001  0.22010910E+001
  0.66340162E+000  0.86534538E+000  0.10995097E+001  0.22010910E+001
  0.66340160E+000  0.86534538E+000  0.10995097E+001  0.22010911E+001
  0.66340157E+000  0.86534539E+000  0.10995097E+001  0.22010912E+001
  0.66340155E+000  0.86534541E+000  0.10995097E+001  0.22010912E+001
  0.66340152E+000  0.86534542E+000  0.10995097E+001  0.22010913E+001
  0.66340150E+000  0.86534544E+000  0.10995097E+001  0.22010913E+001
  0.66340147E+000  0.86534546E+000  0.10995097E+001  0.22010914E+001
  0.66340143E+000  0.86534548E+000  0.10995097E+001  0.22010914E+001
  0.66340140E+000  0.86534551E+000  0.10995096E+001  0.22010915E+001
  0.66340136E+000  0.86534554E+000  0.10995096E+001  0.22010915E+001
  0.66340131E+000  0.86534558E+000  0.10995096E+001  0.22010916E+001
  0.66340124E+000  0.86534562E+000  0.10995096E+001  0.22010916E+001
