 -0.36226947E+000
 -0.36882268E+000
 -0.36992645E+000
 -0.37036273E+000
 -0.37064917E+000
 -0.37086727E+000
 -0.37104066E+000
 -0.37118092E+000
 -0.37129580E+000
 -0.37139041E+000
 -0.37146896E+000
 -0.37153459E+000
 -0.37159000E+000
 -0.37163711E+000
 -0.37167753E+000
 -0.37171226E+000
 -0.37174195E+000
 -0.37176734E+000
 -0.37178905E+000
 -0.37180755E+000
 -0.37182324E+000
 -0.37183643E+000
 -0.37184742E+000
 -0.37185643E+000
 -0.37186366E+000
 -0.37186931E+000
 -0.37187357E+000
 -0.37187667E+000
 -0.37187827E+000
 -0.37187891E+000
 -0.37187862E+000
 -0.37187749E+000
 -0.37187564E+000
 -0.37187321E+000
 -0.37187031E+000
 -0.37186705E+000
 -0.37186351E+000
 -0.37185978E+000
 -0.37185592E+000
 -0.37185199E+000
 -0.37184805E+000
 -0.37184413E+000
 -0.37184026E+000
 -0.37183647E+000
 -0.37183277E+000
 -0.37182918E+000
 -0.37182569E+000
 -0.37182232E+000
 -0.37181907E+000
 -0.37181592E+000
 -0.37181288E+000
 -0.37180994E+000
 -0.37180709E+000
 -0.37180433E+000
 -0.37180166E+000
 -0.37179907E+000
 -0.37179656E+000
 -0.37179413E+000
 -0.37179176E+000
 -0.37178948E+000
 -0.37178726E+000
 -0.37178512E+000
 -0.37178305E+000
 -0.37178106E+000
 -0.37177914E+000
 -0.37177731E+000
 -0.37177555E+000
 -0.37177387E+000
 -0.37177228E+000
 -0.37177077E+000
 -0.37176934E+000
 -0.37176799E+000
 -0.37176672E+000
 -0.37176554E+000
 -0.37176443E+000
 -0.37176340E+000
 -0.37176244E+000
 -0.37176156E+000
 -0.37176075E+000
 -0.37176001E+000
 -0.37175933E+000
 -0.37175872E+000
 -0.37175816E+000
 -0.37175766E+000
 -0.37175721E+000
 -0.37175681E+000
 -0.37175645E+000
 -0.37175614E+000
 -0.37175587E+000
 -0.37175564E+000
 -0.37175543E+000
 -0.37175526E+000
 -0.37175512E+000
 -0.37175501E+000
 -0.37175492E+000
 -0.37175485E+000
 -0.37175480E+000
 -0.37175477E+000
 -0.37175475E+000
 -0.37175475E+000
 -0.37175477E+000
 -0.37175479E+000
 -0.37175482E+000
 -0.37175486E+000
 -0.37175491E+000
 -0.37175497E+000
 -0.37175503E+000
 -0.37175510E+000
 -0.37175517E+000
 -0.37175525E+000
 -0.37175533E+000
 -0.37175541E+000
 -0.37175549E+000
 -0.37175558E+000
 -0.37175567E+000
 -0.37175575E+000
 -0.37175584E+000
 -0.37175593E+000
 -0.37175601E+000
 -0.37175610E+000
 -0.37175619E+000
 -0.37175627E+000
 -0.37175636E+000
 -0.37175644E+000
 -0.37175652E+000
 -0.37175660E+000
 -0.37175668E+000
 -0.37175676E+000
 -0.37175683E+000
 -0.37175691E+000
 -0.37175698E+000
 -0.37175705E+000
 -0.37175712E+000
 -0.37175719E+000
 -0.37175726E+000
 -0.37175732E+000
 -0.37175739E+000
 -0.37175745E+000
 -0.37175751E+000
 -0.37175757E+000
 -0.37175762E+000
 -0.37175768E+000
 -0.37175773E+000
 -0.37175778E+000
 -0.37175783E+000
 -0.37175788E+000
 -0.37175793E+000
 -0.37175798E+000
 -0.37175802E+000
 -0.37175806E+000
 -0.37175810E+000
 -0.37175814E+000
 -0.37175818E+000
 -0.37175822E+000
 -0.37175825E+000
 -0.37175829E+000
 -0.37175832E+000
 -0.37175835E+000
 -0.37175838E+000
 -0.37175841E+000
 -0.37175844E+000
 -0.37175847E+000
 -0.37175849E+000
 -0.37175852E+000
 -0.37175854E+000
 -0.37175857E+000
 -0.37175859E+000
 -0.37175861E+000
 -0.37175863E+000
 -0.37175865E+000
 -0.37175867E+000
 -0.37175868E+000
 -0.37175870E+000
 -0.37175872E+000
 -0.37175873E+000
 -0.37175875E+000
 -0.37175876E+000
 -0.37175877E+000
 -0.37175878E+000
 -0.37175880E+000
 -0.37175881E+000
 -0.37175882E+000
 -0.37175883E+000
 -0.37175884E+000
 -0.37175885E+000
 -0.37175885E+000
 -0.37175886E+000
 -0.37175887E+000
 -0.37175888E+000
 -0.37175888E+000
 -0.37175889E+000
 -0.37175889E+000
 -0.37175890E+000
 -0.37175890E+000
 -0.37175890E+000
 -0.37175890E+000
 -0.37175890E+000
 -0.37175890E+000
 -0.37175890E+000
 -0.37175890E+000
