  0.99740754E+000
  0.99228463E+000
  0.98875056E+000
  0.98590160E+000
  0.98356122E+000
  0.98163609E+000
  0.98021509E+000
  0.97894439E+000
  0.97795626E+000
  0.97711236E+000
  0.97634192E+000
  0.97576526E+000
  0.97527595E+000
  0.97472022E+000
  0.97445241E+000
  0.97417127E+000
  0.97395328E+000
  0.97376638E+000
  0.97359977E+000
  0.97346653E+000
  0.97334828E+000
  0.97326206E+000
  0.97319326E+000
  0.97313570E+000
  0.97308817E+000
  0.97304969E+000
  0.97301867E+000
  0.97299382E+000
  0.97297402E+000
  0.97295831E+000
  0.97294589E+000
  0.97293604E+000
  0.97292545E+000
  0.97291930E+000
  0.97291478E+000
  0.97290869E+000
  0.97290655E+000
  0.97290517E+000
  0.97290424E+000
  0.97290359E+000
  0.97290309E+000
  0.97290265E+000
  0.97290225E+000
  0.97290184E+000
  0.97290144E+000
  0.97290106E+000
  0.97290074E+000
  0.97290052E+000
  0.97290046E+000
  0.97290062E+000
  0.97290106E+000
  0.97290378E+000
  0.97290458E+000
  0.97290491E+000
  0.97290623E+000
  0.97290574E+000
  0.97290474E+000
  0.97290375E+000
  0.97290282E+000
  0.97290196E+000
  0.97290114E+000
  0.97290036E+000
  0.97289959E+000
  0.97289885E+000
  0.97289811E+000
  0.97289738E+000
  0.97289664E+000
  0.97289592E+000
  0.97289520E+000
  0.97289448E+000
  0.97289377E+000
  0.97289306E+000
  0.97289237E+000
  0.97289168E+000
  0.97289101E+000
  0.97289036E+000
  0.97288972E+000
  0.97288909E+000
  0.97288848E+000
  0.97288789E+000
  0.97288731E+000
  0.97288676E+000
  0.97288623E+000
  0.97288572E+000
  0.97288523E+000
  0.97288476E+000
  0.97288431E+000
  0.97288388E+000
  0.97288348E+000
  0.97288309E+000
  0.97288273E+000
  0.97288238E+000
  0.97288206E+000
  0.97288175E+000
  0.97288146E+000
  0.97288118E+000
  0.97288093E+000
  0.97288069E+000
  0.97288046E+000
  0.97288025E+000
  0.97288005E+000
  0.97287986E+000
  0.97287969E+000
  0.97287953E+000
  0.97287938E+000
  0.97287924E+000
  0.97287911E+000
  0.97287899E+000
  0.97287888E+000
  0.97287878E+000
  0.97287868E+000
  0.97287859E+000
  0.97287851E+000
  0.97287843E+000
  0.97287836E+000
  0.97287830E+000
  0.97287823E+000
  0.97287817E+000
  0.97287812E+000
  0.97287807E+000
  0.97287802E+000
  0.97287797E+000
  0.97287792E+000
  0.97287788E+000
  0.97287783E+000
  0.97287779E+000
  0.97287775E+000
  0.97287771E+000
  0.97287767E+000
  0.97287763E+000
  0.97287759E+000
  0.97287755E+000
  0.97287751E+000
  0.97287747E+000
  0.97287743E+000
  0.97287739E+000
  0.97287734E+000
  0.97287730E+000
  0.97287726E+000
  0.97287722E+000
  0.97287718E+000
  0.97287714E+000
  0.97287709E+000
  0.97287705E+000
  0.97287701E+000
  0.97287697E+000
  0.97287693E+000
  0.97287689E+000
  0.97287685E+000
  0.97287682E+000
  0.97287678E+000
  0.97287674E+000
  0.97287671E+000
  0.97287668E+000
  0.97287665E+000
  0.97287662E+000
  0.97287659E+000
  0.97287656E+000
  0.97287653E+000
  0.97287651E+000
  0.97287649E+000
  0.97287647E+000
  0.97287645E+000
  0.97287644E+000
  0.97287642E+000
  0.97287641E+000
  0.97287640E+000
  0.97287639E+000
  0.97287639E+000
  0.97287638E+000
  0.97287638E+000
  0.97287638E+000
  0.97287638E+000
  0.97287639E+000
  0.97287639E+000
  0.97287640E+000
  0.97287640E+000
  0.97287641E+000
  0.97287642E+000
  0.97287643E+000
  0.97287644E+000
  0.97287646E+000
  0.97287647E+000
  0.97287648E+000
  0.97287650E+000
  0.97287651E+000
  0.97287653E+000
  0.97287654E+000
  0.97287656E+000
  0.97287657E+000
  0.97287659E+000
  0.97287660E+000
  0.97287662E+000
  0.97287663E+000
  0.97287665E+000
  0.97287666E+000
  0.97287668E+000
  0.97287669E+000
  0.97287671E+000
  0.97287672E+000
