  0.15181057E+001
  0.15123794E+001
  0.15093338E+001
  0.15070380E+001
  0.15051873E+001
  0.15036640E+001
  0.15024008E+001
  0.15013481E+001
  0.15004672E+001
  0.14997252E+001
  0.14990997E+001
  0.14985705E+001
  0.14981215E+001
  0.14977390E+001
  0.14974119E+001
  0.14971290E+001
  0.14968839E+001
  0.14966716E+001
  0.14964875E+001
  0.14963279E+001
  0.14961895E+001
  0.14960697E+001
  0.14959661E+001
  0.14958767E+001
  0.14958000E+001
  0.14957342E+001
  0.14956783E+001
  0.14956308E+001
  0.14955885E+001
  0.14955536E+001
  0.14955256E+001
  0.14955034E+001
  0.14954860E+001
  0.14954726E+001
  0.14954625E+001
  0.14954550E+001
  0.14954497E+001
  0.14954461E+001
  0.14954437E+001
  0.14954423E+001
  0.14954416E+001
  0.14954414E+001
  0.14954414E+001
  0.14954417E+001
  0.14954419E+001
  0.14954421E+001
  0.14954423E+001
  0.14954423E+001
  0.14954423E+001
  0.14954421E+001
  0.14954417E+001
  0.14954413E+001
  0.14954408E+001
  0.14954402E+001
  0.14954395E+001
  0.14954388E+001
  0.14954380E+001
  0.14954373E+001
  0.14954366E+001
  0.14954358E+001
  0.14954351E+001
  0.14954344E+001
  0.14954338E+001
  0.14954331E+001
  0.14954325E+001
  0.14954320E+001
  0.14954314E+001
  0.14954310E+001
  0.14954305E+001
  0.14954301E+001
  0.14954297E+001
  0.14954294E+001
  0.14954291E+001
  0.14954288E+001
  0.14954286E+001
  0.14954284E+001
  0.14954282E+001
  0.14954281E+001
  0.14954280E+001
  0.14954279E+001
  0.14954279E+001
  0.14954279E+001
  0.14954279E+001
  0.14954279E+001
  0.14954280E+001
  0.14954281E+001
  0.14954282E+001
  0.14954283E+001
  0.14954285E+001
  0.14954287E+001
  0.14954288E+001
  0.14954291E+001
  0.14954293E+001
  0.14954295E+001
  0.14954297E+001
  0.14954300E+001
  0.14954303E+001
  0.14954305E+001
  0.14954308E+001
  0.14954311E+001
  0.14954314E+001
  0.14954317E+001
  0.14954320E+001
  0.14954323E+001
  0.14954326E+001
  0.14954329E+001
  0.14954332E+001
  0.14954335E+001
  0.14954338E+001
  0.14954342E+001
  0.14954345E+001
  0.14954348E+001
  0.14954351E+001
  0.14954354E+001
  0.14954357E+001
  0.14954359E+001
  0.14954362E+001
  0.14954365E+001
  0.14954368E+001
  0.14954371E+001
  0.14954373E+001
  0.14954376E+001
  0.14954379E+001
  0.14954381E+001
  0.14954384E+001
  0.14954386E+001
  0.14954388E+001
  0.14954391E+001
  0.14954393E+001
  0.14954395E+001
  0.14954397E+001
  0.14954399E+001
  0.14954401E+001
  0.14954403E+001
  0.14954405E+001
  0.14954407E+001
  0.14954409E+001
  0.14954411E+001
  0.14954413E+001
  0.14954414E+001
  0.14954416E+001
  0.14954417E+001
  0.14954419E+001
  0.14954420E+001
  0.14954422E+001
  0.14954423E+001
  0.14954424E+001
  0.14954426E+001
  0.14954427E+001
  0.14954428E+001
  0.14954429E+001
  0.14954430E+001
  0.14954431E+001
  0.14954432E+001
  0.14954433E+001
  0.14954434E+001
  0.14954435E+001
  0.14954436E+001
  0.14954437E+001
  0.14954438E+001
  0.14954438E+001
  0.14954439E+001
  0.14954440E+001
  0.14954441E+001
  0.14954441E+001
  0.14954442E+001
  0.14954442E+001
  0.14954443E+001
  0.14954443E+001
  0.14954444E+001
  0.14954444E+001
  0.14954445E+001
  0.14954445E+001
  0.14954446E+001
  0.14954446E+001
  0.14954447E+001
  0.14954447E+001
  0.14954447E+001
  0.14954447E+001
  0.14954448E+001
  0.14954448E+001
  0.14954448E+001
  0.14954449E+001
  0.14954449E+001
  0.14954449E+001
  0.14954449E+001
  0.14954449E+001
  0.14954450E+001
  0.14954450E+001
  0.14954450E+001
  0.14954450E+001
  0.14954450E+001
  0.14954450E+001
  0.14954451E+001
  0.14954451E+001
  0.14954451E+001
  0.14954451E+001
  0.14954451E+001
  0.14954451E+001
  0.14954452E+001
