  0.52799298E+000  0.90531558E+000  0.13301323E+001  0.31631672E+001
  0.52705291E+000  0.90354465E+000  0.13253916E+001  0.31460654E+001
  0.52659655E+000  0.90265626E+000  0.13230164E+001  0.31369716E+001
  0.52626578E+000  0.90201146E+000  0.13212989E+001  0.31302522E+001
  0.52600012E+000  0.90149503E+000  0.13199373E+001  0.31248703E+001
  0.52578133E+000  0.90107055E+000  0.13188297E+001  0.31204598E+001
  0.52559775E+000  0.90071405E+000  0.13179202E+001  0.31167938E+001
  0.52544419E+000  0.90041599E+000  0.13171673E+001  0.31137454E+001
  0.52531563E+000  0.90016700E+000  0.13165406E+001  0.31112043E+001
  0.52520767E+000  0.89995838E+000  0.13160162E+001  0.31090783E+001
  0.52511613E+000  0.89978207E+000  0.13153172E+001  0.31063370E+001
  0.52503779E+000  0.89963259E+000  0.13152001E+001  0.31057715E+001
  0.52497064E+000  0.89950532E+000  0.13148819E+001  0.31044836E+001
  0.52491281E+000  0.89939627E+000  0.13146100E+001  0.31033846E+001
  0.52486275E+000  0.89930239E+000  0.13143767E+001  0.31024432E+001
  0.52481923E+000  0.89922124E+000  0.13141758E+001  0.31016344E+001
  0.52478125E+000  0.89915089E+000  0.13140023E+001  0.31009379E+001
  0.52474799E+000  0.89908970E+000  0.13138521E+001  0.31003369E+001
  0.49074044E+000  0.88313813E+000  0.13137218E+001  0.30998176E+001
  0.52469310E+000  0.89898977E+000  0.13136087E+001  0.30993688E+001
  0.52467049E+000  0.89894905E+000  0.13135105E+001  0.30989812E+001
  0.52465058E+000  0.89891343E+000  0.13134253E+001  0.30986467E+001
  0.52463305E+000  0.89888228E+000  0.13133514E+001  0.30983588E+001
  0.49061470E+000  0.88295028E+000  0.13126242E+001  0.30956459E+001
  0.49059749E+000  0.88292515E+000  0.13132319E+001  0.30978999E+001
  0.49058232E+000  0.88290309E+000  0.13131842E+001  0.30977198E+001
  0.49056897E+000  0.88288376E+000  0.13131433E+001  0.30975677E+001
  0.49055729E+000  0.88286685E+000  0.13131084E+001  0.30974403E+001
  0.52456536E+000  0.89876247E+000  0.13130788E+001  0.30973346E+001
  0.52455861E+000  0.89875047E+000  0.13130539E+001  0.30972480E+001
  0.49053068E+000  0.88282780E+000  0.13130329E+001  0.30971779E+001
  0.49052416E+000  0.88281786E+000  0.13130154E+001  0.30971221E+001
  0.49051860E+000  0.88280912E+000  0.13130009E+001  0.30970786E+001
  0.49051386E+000  0.88280137E+000  0.13129888E+001  0.30970455E+001
  0.49050985E+000  0.88279445E+000  0.13123370E+001  0.30946343E+001
  0.49050645E+000  0.88278821E+000  0.13129705E+001  0.30970041E+001
  0.49050356E+000  0.88278251E+000  0.13129636E+001  0.30969929E+001
  0.49050109E+000  0.88277723E+000  0.13129577E+001  0.30969864E+001
  0.49049895E+000  0.88277228E+000  0.13123212E+001  0.30946358E+001
  0.52452449E+000  0.89868427E+000  0.13129482E+001  0.30969836E+001
  0.52452264E+000  0.89867992E+000  0.13129442E+001  0.30969855E+001
  0.52452084E+000  0.89867564E+000  0.13129405E+001  0.30969889E+001
  0.49049234E+000  0.88275413E+000  0.13129370E+001  0.30969932E+001
  0.49049091E+000  0.88274975E+000  0.13129335E+001  0.30969979E+001
  0.49048949E+000  0.88274538E+000  0.13129300E+001  0.30970027E+001
  0.49048806E+000  0.88274099E+000  0.13129265E+001  0.30970075E+001
  0.52451194E+000  0.89865418E+000  0.13124308E+001  0.30951821E+001
  0.52451007E+000  0.89864981E+000  0.13124295E+001  0.30951953E+001
  0.52450817E+000  0.89864542E+000  0.13124282E+001  0.30952081E+001
  0.52450623E+000  0.89864101E+000  0.13124267E+001  0.30952202E+001
  0.52450425E+000  0.89863661E+000  0.13129079E+001  0.30970262E+001
  0.52450224E+000  0.89863222E+000  0.13129040E+001  0.30970287E+001
  0.52450022E+000  0.89862787E+000  0.13129001E+001  0.30970309E+001
  0.52449818E+000  0.89862355E+000  0.13128962E+001  0.30970328E+001
  0.52449613E+000  0.89861930E+000  0.13128923E+001  0.30970345E+001
  0.52449409E+000  0.89861511E+000  0.13128884E+001  0.30970359E+001
  0.52449205E+000  0.89861101E+000  0.13128846E+001  0.30970372E+001
  0.52449004E+000  0.89860700E+000  0.13128808E+001  0.30970384E+001
  0.52448805E+000  0.89860309E+000  0.13128771E+001  0.30970395E+001
  0.52448610E+000  0.89859929E+000  0.13128735E+001  0.30970406E+001
  0.52448418E+000  0.89859561E+000  0.13128701E+001  0.30970416E+001
  0.52448231E+000  0.89859205E+000  0.13128667E+001  0.30970427E+001
  0.52448049E+000  0.89858862E+000  0.13128634E+001  0.30970437E+001
  0.52447872E+000  0.89858532E+000  0.13128602E+001  0.30970447E+001
  0.52447701E+000  0.89858215E+000  0.13128572E+001  0.30970458E+001
  0.52447535E+000  0.89857913E+000  0.13128542E+001  0.30970469E+001
  0.52447376E+000  0.89857624E+000  0.13128514E+001  0.30970480E+001
  0.52447224E+000  0.89857349E+000  0.13128487E+001  0.30970491E+001
  0.52447077E+000  0.89857088E+000  0.13128462E+001  0.30970502E+001
  0.52446937E+000  0.89856841E+000  0.13128437E+001  0.30970514E+001
  0.52446804E+000  0.89856608E+000  0.13128414E+001  0.30970526E+001
  0.49041694E+000  0.88263500E+000  0.13128392E+001  0.30970538E+001
  0.49041607E+000  0.88263303E+000  0.13128371E+001  0.30970550E+001
  0.49041525E+000  0.88263118E+000  0.13128351E+001  0.30970562E+001
  0.49041448E+000  0.88262945E+000  0.13128332E+001  0.30970575E+001
  0.49041375E+000  0.88262784E+000  0.13128314E+001  0.30970587E+001
  0.49041307E+000  0.88262635E+000  0.13128297E+001  0.30970600E+001
  0.49041243E+000  0.88262496E+000  0.13128281E+001  0.30970612E+001
  0.49041182E+000  0.88262368E+000  0.13128266E+001  0.30970625E+001
  0.49041126E+000  0.88262250E+000  0.13128251E+001  0.30970638E+001
  0.49041073E+000  0.88262141E+000  0.13128238E+001  0.30970651E+001
  0.49041024E+000  0.88262041E+000  0.13128225E+001  0.30970664E+001
  0.52445683E+000  0.89854753E+000  0.13128214E+001  0.30970677E+001
  0.52445624E+000  0.89854663E+000  0.13128202E+001  0.30970690E+001
  0.52445569E+000  0.89854581E+000  0.13128192E+001  0.30970703E+001
  0.52445517E+000  0.89854506E+000  0.13128182E+001  0.30970716E+001
  0.52445469E+000  0.89854437E+000  0.13128173E+001  0.30970730E+001
  0.52445425E+000  0.89854374E+000  0.13128164E+001  0.30970743E+001
  0.52445383E+000  0.89854317E+000  0.13128155E+001  0.30970756E+001
  0.52445345E+000  0.89854264E+000  0.13128147E+001  0.30970770E+001
  0.52445309E+000  0.89854216E+000  0.13128140E+001  0.30970783E+001
  0.52445275E+000  0.89854173E+000  0.13128133E+001  0.30970797E+001
  0.52445244E+000  0.89854133E+000  0.13128126E+001  0.30970810E+001
  0.52445215E+000  0.89854096E+000  0.13128119E+001  0.30970824E+001
  0.52445187E+000  0.89854062E+000  0.13128113E+001  0.30970837E+001
  0.52445162E+000  0.89854031E+000  0.13128107E+001  0.30970851E+001
  0.52445138E+000  0.89854003E+000  0.13128102E+001  0.30970864E+001
  0.52445115E+000  0.89853976E+000  0.13128096E+001  0.30970878E+001
  0.52445093E+000  0.89853952E+000  0.13128091E+001  0.30970891E+001
  0.52445073E+000  0.89853929E+000  0.13128086E+001  0.30970905E+001
  0.52445054E+000  0.89853907E+000  0.13128081E+001  0.30970918E+001
  0.52445035E+000  0.89853887E+000  0.13128076E+001  0.30970931E+001
  0.52445018E+000  0.89853868E+000  0.13128071E+001  0.30970945E+001
  0.52445001E+000  0.89853850E+000  0.13128067E+001  0.30970958E+001
  0.52444985E+000  0.89853833E+000  0.13128062E+001  0.30970971E+001
  0.52444970E+000  0.89853817E+000  0.13128058E+001  0.30970984E+001
  0.52444955E+000  0.89853801E+000  0.13128054E+001  0.30970996E+001
  0.52444941E+000  0.89853786E+000  0.13128050E+001  0.30971009E+001
  0.52444927E+000  0.89853771E+000  0.13128046E+001  0.30971022E+001
  0.52444914E+000  0.89853757E+000  0.13128042E+001  0.30971034E+001
  0.52444901E+000  0.89853743E+000  0.13128038E+001  0.30971046E+001
  0.52444888E+000  0.89853730E+000  0.13128034E+001  0.30971059E+001
  0.52444876E+000  0.89853717E+000  0.13128030E+001  0.30971070E+001
  0.52444864E+000  0.89853704E+000  0.13128026E+001  0.30971082E+001
  0.52444853E+000  0.89853691E+000  0.13128023E+001  0.30971094E+001
  0.52444842E+000  0.89853679E+000  0.13128019E+001  0.30971105E+001
  0.52444831E+000  0.89853667E+000  0.13128016E+001  0.30971117E+001
  0.52444820E+000  0.89853655E+000  0.13128012E+001  0.30971128E+001
  0.52444810E+000  0.89853643E+000  0.13128009E+001  0.30971139E+001
  0.52444799E+000  0.89853631E+000  0.13128005E+001  0.30971150E+001
  0.52444790E+000  0.89853620E+000  0.13128002E+001  0.30971160E+001
  0.52444780E+000  0.89853609E+000  0.13127999E+001  0.30971170E+001
  0.52444770E+000  0.89853597E+000  0.13127996E+001  0.30971181E+001
  0.52444761E+000  0.89853587E+000  0.13127992E+001  0.30971191E+001
  0.52444752E+000  0.89853576E+000  0.13127989E+001  0.30971200E+001
  0.52444744E+000  0.89853565E+000  0.13127986E+001  0.30971210E+001
  0.52444735E+000  0.89853555E+000  0.13127983E+001  0.30971219E+001
  0.52444727E+000  0.89853545E+000  0.13127980E+001  0.30971229E+001
  0.52444719E+000  0.89853535E+000  0.13127977E+001  0.30971238E+001
  0.52444711E+000  0.89853525E+000  0.13127975E+001  0.30971246E+001
  0.52444703E+000  0.89853515E+000  0.13127972E+001  0.30971255E+001
  0.52444696E+000  0.89853506E+000  0.13127969E+001  0.30971263E+001
  0.52444688E+000  0.89853497E+000  0.13127966E+001  0.30971271E+001
  0.52444681E+000  0.89853488E+000  0.13127964E+001  0.30971279E+001
  0.52444674E+000  0.89853479E+000  0.13127961E+001  0.30971287E+001
  0.52444668E+000  0.89853470E+000  0.13127959E+001  0.30971295E+001
  0.52444661E+000  0.89853462E+000  0.13127956E+001  0.30971302E+001
  0.52444655E+000  0.89853454E+000  0.13127954E+001  0.30971309E+001
  0.52444649E+000  0.89853446E+000  0.13127952E+001  0.30971316E+001
  0.52444643E+000  0.89853438E+000  0.13127949E+001  0.30971323E+001
  0.52444637E+000  0.89853431E+000  0.13127947E+001  0.30971330E+001
  0.52444631E+000  0.89853423E+000  0.13127945E+001  0.30971336E+001
  0.52444626E+000  0.89853416E+000  0.13127943E+001  0.30971342E+001
  0.52444621E+000  0.89853409E+000  0.13127941E+001  0.30971349E+001
  0.52444616E+000  0.89853402E+000  0.13127939E+001  0.30971354E+001
  0.52444611E+000  0.89853396E+000  0.13127937E+001  0.30971360E+001
  0.52444606E+000  0.89853389E+000  0.13127935E+001  0.30971366E+001
  0.52444602E+000  0.89853383E+000  0.13127933E+001  0.30971371E+001
  0.52444597E+000  0.89853377E+000  0.13127931E+001  0.30971376E+001
  0.52444593E+000  0.89853371E+000  0.13127930E+001  0.30971381E+001
  0.52444589E+000  0.89853366E+000  0.13127928E+001  0.30971386E+001
  0.52444585E+000  0.89853360E+000  0.13127926E+001  0.30971391E+001
  0.52444581E+000  0.89853355E+000  0.13127925E+001  0.30971395E+001
  0.52444577E+000  0.89853350E+000  0.13127923E+001  0.30971400E+001
  0.52444574E+000  0.89853345E+000  0.13127922E+001  0.30971404E+001
  0.52444570E+000  0.89853340E+000  0.13127920E+001  0.30971408E+001
  0.52444567E+000  0.89853336E+000  0.13127919E+001  0.30971412E+001
  0.52444564E+000  0.89853331E+000  0.13127918E+001  0.30971416E+001
  0.52444561E+000  0.89853327E+000  0.13127916E+001  0.30971420E+001
  0.52444558E+000  0.89853323E+000  0.13127915E+001  0.30971423E+001
  0.52444555E+000  0.89853319E+000  0.13127914E+001  0.30971427E+001
  0.52444552E+000  0.89853315E+000  0.13127913E+001  0.30971430E+001
  0.52444550E+000  0.89853312E+000  0.13127911E+001  0.30971433E+001
  0.52444547E+000  0.89853308E+000  0.13127910E+001  0.30971436E+001
  0.52444545E+000  0.89853305E+000  0.13127909E+001  0.30971439E+001
  0.52444542E+000  0.89853301E+000  0.13127908E+001  0.30971442E+001
  0.52444540E+000  0.89853298E+000  0.13127907E+001  0.30971445E+001
  0.52444538E+000  0.89853295E+000  0.13127906E+001  0.30971447E+001
  0.52444536E+000  0.89853292E+000  0.13127905E+001  0.30971450E+001
  0.52444534E+000  0.89853290E+000  0.13127905E+001  0.30971452E+001
  0.52444532E+000  0.89853287E+000  0.13127904E+001  0.30971454E+001
  0.52444530E+000  0.89853284E+000  0.13127903E+001  0.30971457E+001
  0.52444529E+000  0.89853282E+000  0.13127902E+001  0.30971459E+001
  0.52444527E+000  0.89853279E+000  0.13127901E+001  0.30971461E+001
  0.52444526E+000  0.89853277E+000  0.13127901E+001  0.30971463E+001
  0.52444524E+000  0.89853275E+000  0.13127900E+001  0.30971465E+001
  0.52444523E+000  0.89853273E+000  0.13127899E+001  0.30971466E+001
  0.52444521E+000  0.89853271E+000  0.13127899E+001  0.30971468E+001
  0.52444520E+000  0.89853269E+000  0.13127898E+001  0.30971470E+001
  0.52444519E+000  0.89853267E+000  0.13127897E+001  0.30971471E+001
  0.52444518E+000  0.89853266E+000  0.13127897E+001  0.30971473E+001
  0.52444517E+000  0.89853264E+000  0.13127896E+001  0.30971474E+001
  0.52444516E+000  0.89853262E+000  0.13127896E+001  0.30971475E+001
  0.52444515E+000  0.89853261E+000  0.13127895E+001  0.30971477E+001
  0.52444514E+000  0.89853260E+000  0.13127895E+001  0.30971478E+001
  0.52444513E+000  0.89853258E+000  0.13127894E+001  0.30971479E+001
  0.52444512E+000  0.89853257E+000  0.13127894E+001  0.30971480E+001
  0.52444511E+000  0.89853256E+000  0.13127894E+001  0.30971481E+001
  0.52444510E+000  0.89853255E+000  0.13127893E+001  0.30971482E+001
  0.52444510E+000  0.89853253E+000  0.13127893E+001  0.30971483E+001
  0.52444509E+000  0.89853252E+000  0.13127892E+001  0.30971484E+001
  0.52444508E+000  0.89853251E+000  0.13127892E+001  0.30971485E+001
  0.52444508E+000  0.89853251E+000  0.13127892E+001  0.30971486E+001
  0.52444507E+000  0.89853250E+000  0.13127892E+001  0.30971487E+001
  0.52444507E+000  0.89853249E+000  0.13127891E+001  0.30971487E+001
  0.52444506E+000  0.89853248E+000  0.13127891E+001  0.30971488E+001
  0.52444506E+000  0.89853248E+000  0.13127891E+001  0.30971489E+001
  0.52444505E+000  0.89853247E+000  0.13127891E+001  0.30971490E+001
  0.52444505E+000  0.89853247E+000  0.13127891E+001  0.30971490E+001
  0.52444506E+000  0.89853247E+000  0.13127891E+001  0.30971491E+001
