  0.63386665E+000
  0.63280148E+000
  0.63193740E+000
  0.63123247E+000
  0.63065173E+000
  0.63016240E+000
  0.62975618E+000
  0.62941759E+000
  0.62913424E+000
  0.62889873E+000
  0.62870266E+000
  0.62853884E+000
  0.62840184E+000
  0.62828706E+000
  0.62819089E+000
  0.62811058E+000
  0.62804358E+000
  0.62798765E+000
  0.62794108E+000
  0.62790244E+000
  0.62787051E+000
  0.62784426E+000
  0.62782281E+000
  0.62780540E+000
  0.62779141E+000
  0.62778026E+000
  0.62777152E+000
  0.62776479E+000
  0.62775972E+000
  0.62775600E+000
  0.62775341E+000
  0.62775171E+000
  0.62775072E+000
  0.62775030E+000
  0.62775031E+000
  0.62775064E+000
  0.62775122E+000
  0.62775195E+000
  0.62775279E+000
  0.62775369E+000
  0.62775461E+000
  0.62775553E+000
  0.62775643E+000
  0.62775729E+000
  0.62775810E+000
  0.62775887E+000
  0.62775959E+000
  0.62776026E+000
  0.62776087E+000
  0.62776145E+000
  0.62776198E+000
  0.62776247E+000
  0.62776293E+000
  0.62776335E+000
  0.62776376E+000
  0.62776413E+000
  0.62776449E+000
  0.62776482E+000
  0.62776513E+000
  0.62776543E+000
  0.62776571E+000
  0.62776599E+000
  0.62776625E+000
  0.62776651E+000
  0.62776676E+000
  0.62776700E+000
  0.62776723E+000
  0.62776746E+000
  0.62776769E+000
  0.62776791E+000
  0.62776813E+000
  0.62776835E+000
  0.62776856E+000
  0.62776877E+000
  0.62776898E+000
  0.62776919E+000
  0.62776939E+000
  0.62776959E+000
  0.62776980E+000
  0.62776999E+000
  0.62777019E+000
  0.62777039E+000
  0.62777058E+000
  0.62777077E+000
  0.62777096E+000
  0.62777114E+000
  0.62777133E+000
  0.62777151E+000
  0.62777168E+000
  0.62777185E+000
  0.62777202E+000
  0.62777219E+000
  0.62777235E+000
  0.62777250E+000
  0.62777265E+000
  0.62777280E+000
  0.62777295E+000
  0.62777308E+000
  0.62777322E+000
  0.62777335E+000
  0.62777347E+000
  0.62777359E+000
  0.62777370E+000
  0.62777381E+000
  0.62777392E+000
  0.62777401E+000
  0.62777411E+000
  0.62777420E+000
  0.62777428E+000
  0.62777436E+000
  0.62777443E+000
  0.62777450E+000
  0.62777456E+000
  0.62777461E+000
  0.62777466E+000
  0.62777471E+000
  0.62777475E+000
  0.62777479E+000
  0.62777482E+000
  0.62777484E+000
  0.62777486E+000
  0.62777488E+000
  0.62777489E+000
  0.62777489E+000
  0.62777490E+000
  0.62777489E+000
  0.62777489E+000
  0.62777488E+000
  0.62777487E+000
  0.62777485E+000
  0.62777483E+000
  0.62777481E+000
  0.62777478E+000
  0.62777475E+000
  0.62777472E+000
  0.62777469E+000
  0.62777466E+000
  0.62777462E+000
  0.62777458E+000
  0.62777455E+000
  0.62777451E+000
  0.62777447E+000
  0.62777443E+000
  0.62777439E+000
  0.62777436E+000
  0.62777432E+000
  0.62777428E+000
  0.62777425E+000
  0.62777421E+000
  0.62777418E+000
  0.62777415E+000
  0.62777412E+000
  0.62777409E+000
  0.62777406E+000
  0.62777404E+000
  0.62777402E+000
  0.62777400E+000
  0.62777398E+000
  0.62777396E+000
  0.62777395E+000
  0.62777394E+000
  0.62777394E+000
  0.62777393E+000
  0.62777393E+000
  0.62777393E+000
  0.62777394E+000
  0.62777394E+000
  0.62777395E+000
  0.62777396E+000
  0.62777398E+000
  0.62777399E+000
  0.62777401E+000
  0.62777402E+000
  0.62777404E+000
  0.62777406E+000
  0.62777408E+000
  0.62777410E+000
  0.62777412E+000
  0.62777414E+000
  0.62777416E+000
  0.62777418E+000
  0.62777420E+000
  0.62777422E+000
  0.62777424E+000
  0.62777426E+000
  0.62777427E+000
  0.62777428E+000
  0.62777429E+000
  0.62777430E+000
  0.62777431E+000
  0.62777432E+000
  0.62777432E+000
  0.62777433E+000
  0.62777433E+000
  0.62777433E+000
  0.62777433E+000
  0.62777433E+000
  0.62777432E+000
  0.62777430E+000
  0.62777413E+000
