  0.82665367E+000
  0.81926020E+000
  0.81537231E+000
  0.81249995E+000
  0.81020330E+000
  0.80834024E+000
  0.80681468E+000
  0.80555664E+000
  0.80451262E+000
  0.80364081E+000
  0.80290850E+000
  0.80228762E+000
  0.80175623E+000
  0.80129943E+000
  0.80090466E+000
  0.80056163E+000
  0.80025135E+000
  0.79998017E+000
  0.79974707E+000
  0.79954563E+000
  0.79937154E+000
  0.79922128E+000
  0.79909180E+000
  0.79898048E+000
  0.79888506E+000
  0.79880359E+000
  0.79873436E+000
  0.79867585E+000
  0.79862656E+000
  0.79858547E+000
  0.79855149E+000
  0.79852363E+000
  0.79850099E+000
  0.79848276E+000
  0.79846822E+000
  0.79845671E+000
  0.79844767E+000
  0.79844058E+000
  0.79843501E+000
  0.79843060E+000
  0.79842701E+000
  0.79842400E+000
  0.79842135E+000
  0.79841890E+000
  0.79841652E+000
  0.79841412E+000
  0.79841164E+000
  0.79840904E+000
  0.79840630E+000
  0.79840342E+000
  0.79840041E+000
  0.79839728E+000
  0.79839407E+000
  0.79839078E+000
  0.79838746E+000
  0.79838413E+000
  0.79838081E+000
  0.79837752E+000
  0.79837428E+000
  0.79837111E+000
  0.79836801E+000
  0.79836500E+000
  0.79836209E+000
  0.79835929E+000
  0.79835659E+000
  0.79835403E+000
  0.79835158E+000
  0.79834927E+000
  0.79834707E+000
  0.79834499E+000
  0.79834302E+000
  0.79834116E+000
  0.79833942E+000
  0.79833779E+000
  0.79833627E+000
  0.79833485E+000
  0.79833353E+000
  0.79833230E+000
  0.79833117E+000
  0.79833013E+000
  0.79832918E+000
  0.79832830E+000
  0.79832750E+000
  0.79832677E+000
  0.79832611E+000
  0.79832551E+000
  0.79832497E+000
  0.79832449E+000
  0.79832406E+000
  0.79832367E+000
  0.79832333E+000
  0.79832303E+000
  0.79832277E+000
  0.79832254E+000
  0.79832234E+000
  0.79832217E+000
  0.79832202E+000
  0.79832190E+000
  0.79832180E+000
  0.79832172E+000
  0.79832165E+000
  0.79832160E+000
  0.79832156E+000
  0.79832154E+000
  0.79832153E+000
  0.79832152E+000
  0.79832153E+000
  0.79832154E+000
  0.79832156E+000
  0.79832158E+000
  0.79832161E+000
  0.79832165E+000
  0.79832169E+000
  0.79832173E+000
  0.79832177E+000
  0.79832182E+000
  0.79832186E+000
  0.79832191E+000
  0.79832196E+000
  0.79832201E+000
  0.79832207E+000
  0.79832212E+000
  0.79832217E+000
  0.79832222E+000
  0.79832228E+000
  0.79832233E+000
  0.79832238E+000
  0.79832243E+000
  0.79832249E+000
  0.79832254E+000
  0.79832259E+000
  0.79832264E+000
  0.79832268E+000
  0.79832273E+000
  0.79832278E+000
  0.79832283E+000
  0.79832287E+000
  0.79832291E+000
  0.79832296E+000
  0.79832300E+000
  0.79832304E+000
  0.79832308E+000
  0.79832312E+000
  0.79832316E+000
  0.79832320E+000
  0.79832323E+000
  0.79832327E+000
  0.79832330E+000
  0.79832334E+000
  0.79832337E+000
  0.79832340E+000
  0.79832343E+000
  0.79832346E+000
  0.79832349E+000
  0.79832351E+000
  0.79832354E+000
  0.79832357E+000
  0.79832359E+000
  0.79832362E+000
  0.79832364E+000
  0.79832366E+000
  0.79832368E+000
  0.79832370E+000
  0.79832372E+000
  0.79832374E+000
  0.79832376E+000
  0.79832378E+000
  0.79832380E+000
  0.79832381E+000
  0.79832383E+000
  0.79832384E+000
  0.79832386E+000
  0.79832387E+000
  0.79832389E+000
  0.79832390E+000
  0.79832391E+000
  0.79832392E+000
  0.79832393E+000
  0.79832395E+000
  0.79832396E+000
  0.79832397E+000
  0.79832398E+000
  0.79832398E+000
  0.79832399E+000
  0.79832400E+000
  0.79832401E+000
  0.79832402E+000
  0.79832402E+000
  0.79832403E+000
  0.79832404E+000
  0.79832405E+000
  0.79832405E+000
  0.79832406E+000
  0.79832406E+000
  0.79832407E+000
  0.79832408E+000
  0.79832408E+000
  0.79832409E+000
  0.79832410E+000
  0.79832412E+000
