  0.13697254E+002
  0.13702985E+002
  0.13707196E+002
  0.13710616E+002
  0.13713447E+002
  0.13715808E+002
  0.13717783E+002
  0.13719439E+002
  0.13720832E+002
  0.13722004E+002
  0.13722993E+002
  0.13723826E+002
  0.13724529E+002
  0.13725121E+002
  0.13725618E+002
  0.13726035E+002
  0.13726383E+002
  0.13726669E+002
  0.13726904E+002
  0.13727092E+002
  0.13727240E+002
  0.13727354E+002
  0.13727436E+002
  0.13727491E+002
  0.13727522E+002
  0.13727533E+002
  0.13727525E+002
  0.13727502E+002
  0.13727464E+002
  0.13727414E+002
  0.13727353E+002
  0.13727283E+002
  0.13727206E+002
  0.13727123E+002
  0.13727035E+002
  0.13726944E+002
  0.13726851E+002
  0.13726755E+002
  0.13726659E+002
  0.13726562E+002
  0.13726465E+002
  0.13726369E+002
  0.13726273E+002
  0.13726178E+002
  0.13726085E+002
  0.13725992E+002
  0.13725901E+002
  0.13725812E+002
  0.13725724E+002
  0.13725638E+002
  0.13725554E+002
  0.13725471E+002
  0.13725390E+002
  0.13725311E+002
  0.13725233E+002
  0.13725158E+002
  0.13725084E+002
  0.13725013E+002
  0.13724943E+002
  0.13724876E+002
  0.13724811E+002
  0.13724747E+002
  0.13724687E+002
  0.13724628E+002
  0.13724572E+002
  0.13724519E+002
  0.13724467E+002
  0.13724419E+002
  0.13724372E+002
  0.13724329E+002
  0.13724287E+002
  0.13724248E+002
  0.13724211E+002
  0.13724177E+002
  0.13724145E+002
  0.13724115E+002
  0.13724087E+002
  0.13724061E+002
  0.13724037E+002
  0.13724016E+002
  0.13723996E+002
  0.13723977E+002
  0.13723960E+002
  0.13723945E+002
  0.13723932E+002
  0.13723919E+002
  0.13723908E+002
  0.13723898E+002
  0.13723890E+002
  0.13723882E+002
  0.13723875E+002
  0.13723869E+002
  0.13723865E+002
  0.13723860E+002
  0.13723857E+002
  0.13723854E+002
  0.13723852E+002
  0.13723850E+002
  0.13723849E+002
  0.13723848E+002
  0.13723847E+002
  0.13723847E+002
  0.13723847E+002
  0.13723848E+002
  0.13723848E+002
  0.13723849E+002
  0.13723851E+002
  0.13723852E+002
  0.13723853E+002
  0.13723855E+002
  0.13723857E+002
  0.13723858E+002
  0.13723860E+002
  0.13723862E+002
  0.13723864E+002
  0.13723866E+002
  0.13723868E+002
  0.13723870E+002
  0.13723872E+002
  0.13723874E+002
  0.13723876E+002
  0.13723878E+002
  0.13723880E+002
  0.13723882E+002
  0.13723883E+002
  0.13723885E+002
  0.13723887E+002
  0.13723889E+002
  0.13723891E+002
  0.13723892E+002
  0.13723894E+002
  0.13723896E+002
  0.13723897E+002
  0.13723899E+002
  0.13723900E+002
  0.13723902E+002
  0.13723903E+002
  0.13723904E+002
  0.13723906E+002
  0.13723907E+002
  0.13723908E+002
  0.13723909E+002
  0.13723910E+002
  0.13723911E+002
  0.13723912E+002
  0.13723913E+002
  0.13723914E+002
  0.13723915E+002
  0.13723916E+002
  0.13723917E+002
  0.13723918E+002
  0.13723918E+002
  0.13723919E+002
  0.13723920E+002
  0.13723920E+002
  0.13723921E+002
  0.13723922E+002
  0.13723922E+002
  0.13723923E+002
  0.13723923E+002
  0.13723923E+002
  0.13723924E+002
  0.13723924E+002
  0.13723925E+002
  0.13723925E+002
  0.13723925E+002
  0.13723926E+002
  0.13723926E+002
  0.13723926E+002
  0.13723926E+002
  0.13723926E+002
  0.13723927E+002
  0.13723927E+002
  0.13723927E+002
  0.13723927E+002
  0.13723927E+002
  0.13723927E+002
  0.13723927E+002
  0.13723928E+002
  0.13723928E+002
  0.13723928E+002
  0.13723928E+002
  0.13723928E+002
  0.13723928E+002
  0.13723928E+002
  0.13723928E+002
  0.13723928E+002
  0.13723928E+002
  0.13723928E+002
  0.13723928E+002
  0.13723928E+002
  0.13723928E+002
  0.13723928E+002
  0.13723928E+002
  0.13723928E+002
  0.13723928E+002
  0.13723928E+002
  0.13723928E+002
  0.13723928E+002
  0.13723928E+002
