  0.22338073E+001
  0.22367803E+001
  0.22391458E+001
  0.22410542E+001
  0.22426087E+001
  0.22438839E+001
  0.22449354E+001
  0.22458061E+001
  0.22465294E+001
  0.22471322E+001
  0.22476357E+001
  0.22480571E+001
  0.22484105E+001
  0.22487072E+001
  0.22489567E+001
  0.22491667E+001
  0.22493437E+001
  0.22494929E+001
  0.22496189E+001
  0.22497253E+001
  0.22498151E+001
  0.22498911E+001
  0.22499553E+001
  0.22500096E+001
  0.22500555E+001
  0.22500943E+001
  0.22501271E+001
  0.22501549E+001
  0.22501784E+001
  0.22501983E+001
  0.22502151E+001
  0.22502293E+001
  0.22502413E+001
  0.22502514E+001
  0.22502599E+001
  0.22502671E+001
  0.22502731E+001
  0.22502780E+001
  0.22502821E+001
  0.22502854E+001
  0.22502881E+001
  0.22502901E+001
  0.22502917E+001
  0.22502927E+001
  0.22502934E+001
  0.22502936E+001
  0.22502936E+001
  0.22502932E+001
  0.22502926E+001
  0.22502918E+001
  0.22502908E+001
  0.22502897E+001
  0.22502885E+001
  0.22502872E+001
  0.22502859E+001
  0.22502846E+001
  0.22502832E+001
  0.22502819E+001
  0.22502807E+001
  0.22502796E+001
  0.22502785E+001
  0.22502776E+001
  0.22502767E+001
  0.22502760E+001
  0.22502755E+001
  0.22502751E+001
  0.22502748E+001
  0.22502746E+001
  0.22502746E+001
  0.22502747E+001
  0.22502749E+001
  0.22502752E+001
  0.22502757E+001
  0.22502762E+001
  0.22502768E+001
  0.22502775E+001
  0.22502782E+001
  0.22502790E+001
  0.22502799E+001
  0.22502808E+001
  0.22502817E+001
  0.22502826E+001
  0.22502836E+001
  0.22502846E+001
  0.22502856E+001
  0.22502866E+001
  0.22502876E+001
  0.22502886E+001
  0.22502896E+001
  0.22502906E+001
  0.22502916E+001
  0.22502926E+001
  0.22502936E+001
  0.22502945E+001
  0.22502955E+001
  0.22502964E+001
  0.22502974E+001
  0.22502983E+001
  0.22502992E+001
  0.22503001E+001
  0.22503010E+001
  0.22503019E+001
  0.22503028E+001
  0.22503036E+001
  0.22503045E+001
  0.22503054E+001
  0.22503063E+001
  0.22503071E+001
  0.22503080E+001
  0.22503089E+001
  0.22503098E+001
  0.22503107E+001
  0.22503116E+001
  0.22503125E+001
  0.22503134E+001
  0.22503143E+001
  0.22503153E+001
  0.22503162E+001
  0.22503172E+001
  0.22503182E+001
  0.22503191E+001
  0.22503202E+001
  0.22503212E+001
  0.22503222E+001
  0.22503232E+001
  0.22503243E+001
  0.22503253E+001
  0.22503264E+001
  0.22503274E+001
  0.22503285E+001
  0.22503295E+001
  0.22503305E+001
  0.22503315E+001
  0.22503325E+001
  0.22503334E+001
  0.22503343E+001
  0.22503352E+001
  0.22503360E+001
  0.22503368E+001
  0.22503374E+001
  0.22503380E+001
  0.22503386E+001
  0.22503390E+001
  0.22503394E+001
  0.22503396E+001
  0.22503398E+001
  0.22503398E+001
  0.22503397E+001
  0.22503395E+001
  0.22503392E+001
  0.22503388E+001
  0.22503382E+001
  0.22503374E+001
  0.22503366E+001
  0.22503356E+001
  0.22503345E+001
  0.22503333E+001
  0.22503319E+001
  0.22503304E+001
  0.22503288E+001
  0.22503271E+001
  0.22503253E+001
  0.22503233E+001
  0.22503213E+001
  0.22503192E+001
  0.22503171E+001
  0.22503149E+001
  0.22503126E+001
  0.22503103E+001
  0.22503079E+001
  0.22503056E+001
  0.22503032E+001
  0.22503008E+001
  0.22502984E+001
  0.22502961E+001
  0.22502938E+001
  0.22502916E+001
  0.22502894E+001
  0.22502872E+001
  0.22502852E+001
  0.22502832E+001
  0.22502813E+001
  0.22502795E+001
  0.22502778E+001
  0.22502763E+001
  0.22502748E+001
  0.22502735E+001
  0.22502723E+001
  0.22502712E+001
  0.22502703E+001
  0.22502694E+001
  0.22502688E+001
  0.22502682E+001
  0.22502678E+001
  0.22502675E+001
  0.22502673E+001
  0.22502673E+001
  0.22502674E+001
  0.22502687E+001
  0.22502771E+001
