  0.18162307E+001
  0.18121953E+001
  0.18088444E+001
  0.18060610E+001
  0.18037328E+001
  0.18017530E+001
  0.18000828E+001
  0.17986736E+001
  0.17974775E+001
  0.17964725E+001
  0.17956304E+001
  0.17949209E+001
  0.17943221E+001
  0.17938153E+001
  0.17933861E+001
  0.17930238E+001
  0.17927178E+001
  0.17924590E+001
  0.17922402E+001
  0.17920556E+001
  0.17919001E+001
  0.17917693E+001
  0.17916597E+001
  0.17915679E+001
  0.17914914E+001
  0.17914278E+001
  0.17913752E+001
  0.17913318E+001
  0.17912962E+001
  0.17912671E+001
  0.17912435E+001
  0.17912243E+001
  0.17912088E+001
  0.17911963E+001
  0.17911863E+001
  0.17911782E+001
  0.17911716E+001
  0.17911663E+001
  0.17911618E+001
  0.17911581E+001
  0.17911549E+001
  0.17911521E+001
  0.17911495E+001
  0.17911471E+001
  0.17911448E+001
  0.17911426E+001
  0.17911404E+001
  0.17911382E+001
  0.17911360E+001
  0.17911338E+001
  0.17911316E+001
  0.17911293E+001
  0.17911270E+001
  0.17911247E+001
  0.17911224E+001
  0.17911200E+001
  0.17911177E+001
  0.17911152E+001
  0.17911128E+001
  0.17911103E+001
  0.17911078E+001
  0.17911052E+001
  0.17911027E+001
  0.17911001E+001
  0.17910976E+001
  0.17910950E+001
  0.17910924E+001
  0.17910898E+001
  0.17910872E+001
  0.17910846E+001
  0.17910820E+001
  0.17910794E+001
  0.17910768E+001
  0.17910742E+001
  0.17910717E+001
  0.17910691E+001
  0.17910666E+001
  0.17910641E+001
  0.17910617E+001
  0.17910593E+001
  0.17910569E+001
  0.17910545E+001
  0.17910522E+001
  0.17910499E+001
  0.17910476E+001
  0.17910454E+001
  0.17910432E+001
  0.17910411E+001
  0.17910390E+001
  0.17910370E+001
  0.17910350E+001
  0.17910330E+001
  0.17910311E+001
  0.17910292E+001
  0.17910274E+001
  0.17910256E+001
  0.17910239E+001
  0.17910222E+001
  0.17910206E+001
  0.17910190E+001
  0.17910175E+001
  0.17910160E+001
  0.17910146E+001
  0.17910132E+001
  0.17910119E+001
  0.17910106E+001
  0.17910094E+001
  0.17910082E+001
  0.17910071E+001
  0.17910060E+001
  0.17910050E+001
  0.17910041E+001
  0.17910032E+001
  0.17910023E+001
  0.17910016E+001
  0.17910008E+001
  0.17910002E+001
  0.17909996E+001
  0.17909991E+001
  0.17909986E+001
  0.17909982E+001
  0.17909979E+001
  0.17909976E+001
  0.17909974E+001
  0.17909972E+001
  0.17909971E+001
  0.17909970E+001
  0.17909970E+001
  0.17909970E+001
  0.17909971E+001
  0.17909972E+001
  0.17909974E+001
  0.17909976E+001
  0.17909978E+001
  0.17909981E+001
  0.17909983E+001
  0.17909986E+001
  0.17909990E+001
  0.17909993E+001
  0.17909996E+001
  0.17909999E+001
  0.17910003E+001
  0.17910006E+001
  0.17910010E+001
  0.17910013E+001
  0.17910017E+001
  0.17910020E+001
  0.17910024E+001
  0.17910027E+001
  0.17910030E+001
  0.17910033E+001
  0.17910036E+001
  0.17910039E+001
  0.17910042E+001
  0.17910045E+001
  0.17910048E+001
  0.17910050E+001
  0.17910052E+001
  0.17910054E+001
  0.17910056E+001
  0.17910058E+001
  0.17910059E+001
  0.17910061E+001
  0.17910062E+001
  0.17910062E+001
  0.17910063E+001
  0.17910063E+001
  0.17910063E+001
  0.17910063E+001
  0.17910063E+001
  0.17910062E+001
  0.17910061E+001
  0.17910060E+001
  0.17910059E+001
  0.17910058E+001
  0.17910056E+001
  0.17910054E+001
  0.17910053E+001
  0.17910051E+001
  0.17910049E+001
  0.17910047E+001
  0.17910045E+001
  0.17910043E+001
  0.17910041E+001
  0.17910040E+001
  0.17910038E+001
  0.17910036E+001
  0.17910035E+001
  0.17910033E+001
  0.17910032E+001
  0.17910031E+001
  0.17910030E+001
  0.17910029E+001
  0.17910028E+001
  0.17910027E+001
  0.17910027E+001
  0.17910026E+001
  0.17910026E+001
  0.17910027E+001
  0.17910029E+001
