  0.31905501E-007
  0.30702813E-007
  0.30145939E-007
  0.29858143E-007
  0.29724605E-007
  0.29688910E-007
  0.29718320E-007
  0.29792173E-007
  0.29896855E-007
  0.30023088E-007
  0.30164626E-007
  0.30316669E-007
  0.30475706E-007
  0.30639068E-007
  0.30804713E-007
  0.30971065E-007
  0.31117622E-007
  0.31242974E-007
  0.31350059E-007
  0.31441460E-007
  0.31519350E-007
  0.31585591E-007
  0.31641785E-007
  0.31689316E-007
  0.31729380E-007
  0.31763011E-007
  0.31791108E-007
  0.31814449E-007
  0.31833765E-007
  0.31849979E-007
  0.31863443E-007
  0.31874491E-007
  0.31883437E-007
  0.31890569E-007
  0.31896152E-007
  0.31900425E-007
  0.31903600E-007
  0.31905868E-007
  0.31907395E-007
  0.31908327E-007
  0.31908788E-007
  0.31908885E-007
  0.31908705E-007
  0.31908324E-007
  0.31907802E-007
  0.31907186E-007
  0.31906517E-007
  0.31905822E-007
  0.31905125E-007
  0.31904442E-007
  0.31903786E-007
  0.31903163E-007
  0.31902578E-007
  0.31902035E-007
  0.31901535E-007
  0.31901077E-007
  0.31900660E-007
  0.31900283E-007
  0.31899944E-007
  0.31899642E-007
  0.31899374E-007
  0.31899138E-007
  0.31898932E-007
  0.31898755E-007
  0.31898605E-007
  0.31898479E-007
  0.31898376E-007
  0.31898296E-007
  0.31898235E-007
  0.31898192E-007
  0.31898166E-007
  0.31898156E-007
  0.31898160E-007
  0.31898177E-007
  0.31898205E-007
  0.31898243E-007
  0.31898291E-007
  0.31898346E-007
  0.31898408E-007
  0.31898476E-007
  0.31898549E-007
  0.31898627E-007
  0.31898708E-007
  0.31898792E-007
  0.31898878E-007
  0.31898966E-007
  0.31899055E-007
  0.31899144E-007
  0.31899234E-007
  0.31899324E-007
  0.31899414E-007
  0.31899503E-007
  0.31899592E-007
  0.31899680E-007
  0.31899766E-007
  0.31899852E-007
  0.31899936E-007
  0.31900019E-007
  0.31900100E-007
  0.31900179E-007
  0.31900258E-007
  0.31900334E-007
  0.31900409E-007
  0.31900482E-007
  0.31900554E-007
  0.31900623E-007
  0.31900691E-007
  0.31900758E-007
  0.31900822E-007
  0.31900885E-007
  0.31900947E-007
  0.31901006E-007
  0.31901064E-007
  0.31901120E-007
  0.31901175E-007
  0.31901228E-007
  0.31901280E-007
  0.31901329E-007
  0.31901378E-007
  0.31901425E-007
  0.31901470E-007
  0.31901514E-007
  0.31901556E-007
  0.31901597E-007
  0.31901637E-007
  0.31901675E-007
  0.31901712E-007
  0.31901748E-007
  0.31901782E-007
  0.31901815E-007
  0.31901847E-007
  0.31901878E-007
  0.31901908E-007
  0.31901936E-007
  0.31901963E-007
  0.31901990E-007
  0.31902015E-007
  0.31902039E-007
  0.31902063E-007
  0.31902085E-007
  0.31902107E-007
  0.31902127E-007
  0.31902147E-007
  0.31902166E-007
  0.31902184E-007
  0.31902201E-007
  0.31902217E-007
  0.31902233E-007
  0.31902248E-007
  0.31902263E-007
  0.31902276E-007
  0.31902289E-007
  0.31902302E-007
  0.31902314E-007
  0.31902325E-007
  0.31902336E-007
  0.31902346E-007
  0.31902356E-007
  0.31902365E-007
  0.31902374E-007
  0.31902383E-007
  0.31902390E-007
  0.31902398E-007
  0.31902405E-007
  0.31902412E-007
  0.31902418E-007
  0.31902424E-007
  0.31902430E-007
  0.31902435E-007
  0.31902441E-007
  0.31902445E-007
  0.31902450E-007
  0.31902454E-007
  0.31902458E-007
  0.31902462E-007
  0.31902466E-007
  0.31902469E-007
  0.31902472E-007
  0.31902475E-007
  0.31902478E-007
  0.31902480E-007
  0.31902483E-007
  0.31902485E-007
  0.31902487E-007
  0.31902489E-007
  0.31902491E-007
  0.31902493E-007
  0.31902494E-007
  0.31902496E-007
  0.31902497E-007
  0.31902498E-007
  0.31902499E-007
  0.31902500E-007
  0.31902501E-007
  0.31902502E-007
  0.31902503E-007
  0.31902504E-007
  0.31902504E-007
  0.31902505E-007
  0.31902506E-007
