  0.58788502E+000
  0.58784592E+000
  0.58781221E+000
  0.58778314E+000
  0.58775813E+000
  0.58773666E+000
  0.58771825E+000
  0.58770252E+000
  0.58768909E+000
  0.58767767E+000
  0.58766799E+000
  0.58765981E+000
  0.58765295E+000
  0.58764722E+000
  0.58764252E+000
  0.58763873E+000
  0.58763572E+000
  0.58763340E+000
  0.58763170E+000
  0.58763053E+000
  0.58762983E+000
  0.58762955E+000
  0.58762965E+000
  0.58763009E+000
  0.58763082E+000
  0.58763182E+000
  0.58763306E+000
  0.58763451E+000
  0.58763616E+000
  0.58763797E+000
  0.58763994E+000
  0.58764204E+000
  0.58764427E+000
  0.58764660E+000
  0.58764902E+000
  0.58765153E+000
  0.58765410E+000
  0.58765673E+000
  0.58765941E+000
  0.58766213E+000
  0.58766488E+000
  0.58766766E+000
  0.58767045E+000
  0.58767325E+000
  0.58767606E+000
  0.58767886E+000
  0.58768166E+000
  0.58768445E+000
  0.58768722E+000
  0.58768997E+000
  0.58769270E+000
  0.58769540E+000
  0.58769806E+000
  0.58770070E+000
  0.58770329E+000
  0.58770584E+000
  0.58770835E+000
  0.58771081E+000
  0.58771322E+000
  0.58771558E+000
  0.58771789E+000
  0.58772015E+000
  0.58772234E+000
  0.58772449E+000
  0.58772657E+000
  0.58772860E+000
  0.58773057E+000
  0.58773249E+000
  0.58773434E+000
  0.58773615E+000
  0.58773790E+000
  0.58773959E+000
  0.58774123E+000
  0.58774283E+000
  0.58774437E+000
  0.58774587E+000
  0.58774733E+000
  0.58774874E+000
  0.58775011E+000
  0.58775144E+000
  0.58775274E+000
  0.58775400E+000
  0.58775523E+000
  0.58775642E+000
  0.58775759E+000
  0.58775872E+000
  0.58775983E+000
  0.58776092E+000
  0.58776198E+000
  0.58776301E+000
  0.58776403E+000
  0.58776502E+000
  0.58776599E+000
  0.58776694E+000
  0.58776787E+000
  0.58776878E+000
  0.58776967E+000
  0.58777055E+000
  0.58777140E+000
  0.58777224E+000
  0.58777306E+000
  0.58777387E+000
  0.58777465E+000
  0.58777542E+000
  0.58777618E+000
  0.58777691E+000
  0.58777763E+000
  0.58777833E+000
  0.58777901E+000
  0.58777968E+000
  0.58778033E+000
  0.58778097E+000
  0.58778158E+000
  0.58778218E+000
  0.58778277E+000
  0.58778334E+000
  0.58778389E+000
  0.58778442E+000
  0.58778494E+000
  0.58778545E+000
  0.58778593E+000
  0.58778641E+000
  0.58778686E+000
  0.58778731E+000
  0.58778773E+000
  0.58778815E+000
  0.58778855E+000
  0.58778893E+000
  0.58778930E+000
  0.58778966E+000
  0.58779000E+000
  0.58779033E+000
  0.58779065E+000
  0.58779096E+000
  0.58779125E+000
  0.58779154E+000
  0.58779181E+000
  0.58779207E+000
  0.58779232E+000
  0.58779256E+000
  0.58779279E+000
  0.58779301E+000
  0.58779322E+000
  0.58779342E+000
  0.58779361E+000
  0.58779379E+000
  0.58779397E+000
  0.58779413E+000
  0.58779429E+000
  0.58779444E+000
  0.58779459E+000
  0.58779472E+000
  0.58779485E+000
  0.58779498E+000
  0.58779510E+000
  0.58779521E+000
  0.58779531E+000
  0.58779542E+000
  0.58779551E+000
  0.58779560E+000
  0.58779569E+000
  0.58779577E+000
  0.58779584E+000
  0.58779592E+000
  0.58779599E+000
  0.58779605E+000
  0.58779611E+000
  0.58779617E+000
  0.58779622E+000
  0.58779627E+000
  0.58779632E+000
  0.58779637E+000
  0.58779641E+000
  0.58779645E+000
  0.58779648E+000
  0.58779652E+000
  0.58779655E+000
  0.58779658E+000
  0.58779661E+000
  0.58779663E+000
  0.58779666E+000
  0.58779668E+000
  0.58779670E+000
  0.58779672E+000
  0.58779674E+000
  0.58779676E+000
  0.58779677E+000
  0.58779678E+000
  0.58779680E+000
  0.58779681E+000
  0.58779682E+000
  0.58779682E+000
  0.58779683E+000
  0.58779684E+000
  0.58779684E+000
  0.58779684E+000
  0.58779684E+000
  0.58779684E+000
  0.58779684E+000
  0.58779684E+000
