  0.29441665E+000
  0.29518996E+000
  0.29534195E+000
  0.29474342E+000
  0.29416593E+000
  0.29390293E+000
  0.29377891E+000
  0.29372342E+000
  0.29370552E+000
  0.29371007E+000
  0.29372866E+000
  0.29375604E+000
  0.29378868E+000
  0.29382413E+000
  0.29386063E+000
  0.29389704E+000
  0.29393250E+000
  0.29396640E+000
  0.29399846E+000
  0.29402848E+000
  0.29405636E+000
  0.29408213E+000
  0.29410584E+000
  0.29412759E+000
  0.29414751E+000
  0.29416573E+000
  0.29418241E+000
  0.29419767E+000
  0.29421165E+000
  0.29422450E+000
  0.29423632E+000
  0.29424724E+000
  0.29425736E+000
  0.29426677E+000
  0.29427554E+000
  0.29428377E+000
  0.29429149E+000
  0.29429878E+000
  0.29430567E+000
  0.29431221E+000
  0.29431842E+000
  0.29432433E+000
  0.29432995E+000
  0.29433532E+000
  0.29434043E+000
  0.29434530E+000
  0.29434993E+000
  0.29435435E+000
  0.29435854E+000
  0.29436252E+000
  0.29436630E+000
  0.29436988E+000
  0.29437326E+000
  0.29437645E+000
  0.29437947E+000
  0.29438231E+000
  0.29438499E+000
  0.29438750E+000
  0.29438987E+000
  0.29439209E+000
  0.29439417E+000
  0.29439612E+000
  0.29439794E+000
  0.29439964E+000
  0.29440123E+000
  0.29440270E+000
  0.29440406E+000
  0.29440532E+000
  0.29440648E+000
  0.29440753E+000
  0.29440849E+000
  0.29440935E+000
  0.29441012E+000
  0.29441079E+000
  0.29441138E+000
  0.29441187E+000
  0.29441227E+000
  0.29441259E+000
  0.29441282E+000
  0.29441296E+000
  0.29441302E+000
  0.29441300E+000
  0.29441291E+000
  0.29441273E+000
  0.29441248E+000
  0.29441217E+000
  0.29441178E+000
  0.29441133E+000
  0.29441082E+000
  0.29441026E+000
  0.29440964E+000
  0.29440897E+000
  0.29440826E+000
  0.29440751E+000
  0.29440672E+000
  0.29440590E+000
  0.29440505E+000
  0.29440419E+000
  0.29440330E+000
  0.29440240E+000
  0.29440150E+000
  0.29440059E+000
  0.29439968E+000
  0.29439878E+000
  0.29439788E+000
  0.29439700E+000
  0.29439614E+000
  0.29439530E+000
  0.29439449E+000
  0.29439370E+000
  0.29439295E+000
  0.29439223E+000
  0.29439155E+000
  0.29439091E+000
  0.29439032E+000
  0.29438977E+000
  0.29438926E+000
  0.29438881E+000
  0.29438841E+000
  0.29438806E+000
  0.29438775E+000
  0.29438750E+000
  0.29438730E+000
  0.29438716E+000
  0.29438706E+000
  0.29438701E+000
  0.29438700E+000
  0.29438705E+000
  0.29438714E+000
  0.29438727E+000
  0.29438744E+000
  0.29438764E+000
  0.29438789E+000
  0.29438816E+000
  0.29438846E+000
  0.29438879E+000
  0.29438915E+000
  0.29438952E+000
  0.29438992E+000
  0.29439032E+000
  0.29439074E+000
  0.29439117E+000
  0.29439161E+000
  0.29439204E+000
  0.29439248E+000
  0.29439291E+000
  0.29439334E+000
  0.29439376E+000
  0.29439417E+000
  0.29439457E+000
  0.29439494E+000
  0.29439530E+000
  0.29439564E+000
  0.29439596E+000
  0.29439625E+000
  0.29439652E+000
  0.29439675E+000
  0.29439696E+000
  0.29439714E+000
  0.29439729E+000
  0.29439741E+000
  0.29439749E+000
  0.29439755E+000
  0.29439757E+000
  0.29439757E+000
  0.29439754E+000
  0.29439748E+000
  0.29439739E+000
  0.29439728E+000
  0.29439715E+000
  0.29439700E+000
  0.29439683E+000
  0.29439664E+000
  0.29439645E+000
  0.29439624E+000
  0.29439603E+000
  0.29439582E+000
  0.29439560E+000
  0.29439539E+000
  0.29439518E+000
  0.29439497E+000
  0.29439478E+000
  0.29439459E+000
  0.29439442E+000
  0.29439427E+000
  0.29439412E+000
  0.29439400E+000
  0.29439389E+000
  0.29439381E+000
  0.29439374E+000
  0.29439369E+000
  0.29439365E+000
  0.29439364E+000
  0.29439365E+000
  0.29439367E+000
  0.29439370E+000
  0.29439376E+000
  0.29439382E+000
  0.29439392E+000
  0.29439403E+000
