  0.11315848E+000
  0.11289891E+000
  0.11274100E+000
  0.11260507E+000
  0.11248332E+000
  0.11237607E+000
  0.11228412E+000
  0.11220793E+000
  0.11214697E+000
  0.11210008E+000
  0.11206587E+000
  0.11204301E+000
  0.11203023E+000
  0.11202635E+000
  0.11203027E+000
  0.11204099E+000
  0.11205762E+000
  0.11207932E+000
  0.11210532E+000
  0.11213495E+000
  0.11216759E+000
  0.11220267E+000
  0.11223970E+000
  0.11227821E+000
  0.11231779E+000
  0.11235783E+000
  0.11239796E+000
  0.11243790E+000
  0.11247741E+000
  0.11251625E+000
  0.11255423E+000
  0.11259117E+000
  0.11262692E+000
  0.11266136E+000
  0.11269438E+000
  0.11272591E+000
  0.11275590E+000
  0.11278431E+000
  0.11281114E+000
  0.11283638E+000
  0.11286007E+000
  0.11288225E+000
  0.11290296E+000
  0.11292227E+000
  0.11294025E+000
  0.11295697E+000
  0.11297251E+000
  0.11298694E+000
  0.11300033E+000
  0.11301276E+000
  0.11302430E+000
  0.11303500E+000
  0.11304493E+000
  0.11305414E+000
  0.11306268E+000
  0.11307058E+000
  0.11307790E+000
  0.11308466E+000
  0.11309090E+000
  0.11309665E+000
  0.11310193E+000
  0.11310679E+000
  0.11311123E+000
  0.11311529E+000
  0.11311899E+000
  0.11312236E+000
  0.11312542E+000
  0.11312818E+000
  0.11313068E+000
  0.11313294E+000
  0.11313497E+000
  0.11313679E+000
  0.11313842E+000
  0.11313989E+000
  0.11314120E+000
  0.11314238E+000
  0.11314343E+000
  0.11314437E+000
  0.11314521E+000
  0.11314597E+000
  0.11314665E+000
  0.11314727E+000
  0.11314782E+000
  0.11314833E+000
  0.11314879E+000
  0.11314921E+000
  0.11314960E+000
  0.11314995E+000
  0.11315028E+000
  0.11315059E+000
  0.11315088E+000
  0.11315116E+000
  0.11315142E+000
  0.11315166E+000
  0.11315190E+000
  0.11315212E+000
  0.11315233E+000
  0.11315254E+000
  0.11315274E+000
  0.11315293E+000
  0.11315312E+000
  0.11315330E+000
  0.11315347E+000
  0.11315364E+000
  0.11315380E+000
  0.11315396E+000
  0.11315412E+000
  0.11315427E+000
  0.11315441E+000
  0.11315456E+000
  0.11315469E+000
  0.11315483E+000
  0.11315496E+000
  0.11315509E+000
  0.11315521E+000
  0.11315533E+000
  0.11315545E+000
  0.11315556E+000
  0.11315567E+000
  0.11315578E+000
  0.11315588E+000
  0.11315599E+000
  0.11315608E+000
  0.11315618E+000
  0.11315627E+000
  0.11315636E+000
  0.11315645E+000
  0.11315653E+000
  0.11315661E+000
  0.11315669E+000
  0.11315677E+000
  0.11315684E+000
  0.11315691E+000
  0.11315698E+000
  0.11315705E+000
  0.11315711E+000
  0.11315718E+000
  0.11315724E+000
  0.11315729E+000
  0.11315735E+000
  0.11315740E+000
  0.11315745E+000
  0.11315750E+000
  0.11315755E+000
  0.11315759E+000
  0.11315764E+000
  0.11315768E+000
  0.11315772E+000
  0.11315776E+000
  0.11315780E+000
  0.11315783E+000
  0.11315787E+000
  0.11315790E+000
  0.11315793E+000
  0.11315796E+000
  0.11315799E+000
  0.11315802E+000
  0.11315804E+000
  0.11315807E+000
  0.11315809E+000
  0.11315811E+000
  0.11315814E+000
  0.11315816E+000
  0.11315818E+000
  0.11315819E+000
  0.11315821E+000
  0.11315823E+000
  0.11315825E+000
  0.11315826E+000
  0.11315828E+000
  0.11315829E+000
  0.11315830E+000
  0.11315831E+000
  0.11315833E+000
  0.11315834E+000
  0.11315835E+000
  0.11315836E+000
  0.11315837E+000
  0.11315838E+000
  0.11315838E+000
  0.11315839E+000
  0.11315840E+000
  0.11315841E+000
  0.11315841E+000
  0.11315842E+000
  0.11315843E+000
  0.11315843E+000
  0.11315844E+000
  0.11315844E+000
  0.11315845E+000
  0.11315845E+000
  0.11315845E+000
  0.11315846E+000
  0.11315846E+000
  0.11315846E+000
  0.11315847E+000
  0.11315847E+000
  0.11315847E+000
  0.11315847E+000
  0.11315847E+000
