  0.16857021E-001
  0.12778014E-001
  0.10518029E-001
  0.87945179E-002
  0.73987032E-002
  0.62460056E-002
  0.52875025E-002
  0.44868858E-002
  0.38156785E-002
  0.32493337E-002
  0.27712596E-002
  0.23664643E-002
  0.20227251E-002
  0.17299019E-002
  0.14795771E-002
  0.12634062E-002
  0.10762389E-002
  0.91413829E-003
  0.77362982E-003
  0.65181794E-003
  0.54626641E-003
  0.45491695E-003
  0.37601402E-003
  0.30805356E-003
  0.24971587E-003
  0.19985141E-003
  0.15743863E-003
  0.12154590E-003
  0.89495471E-004
  0.63269853E-004
  0.42308121E-004
  0.25789028E-004
  0.12985777E-004
  0.32671438E-005
 -0.39127794E-005
 -0.90286039E-005
 -0.12488665E-004
 -0.14629646E-004
 -0.15749777E-004
 -0.16100805E-004
 -0.15891646E-004
 -0.15293606E-004
 -0.14443543E-004
 -0.13449306E-004
 -0.12392937E-004
 -0.11334433E-004
 -0.10315799E-004
 -0.93638542E-005
 -0.84935077E-005
 -0.77104554E-005
 -0.70136371E-005
 -0.63973335E-005
 -0.58529373E-005
 -0.53703072E-005
 -0.49390730E-005
 -0.45492335E-005
 -0.41918619E-005
 -0.38593763E-005
 -0.35457249E-005
 -0.32463409E-005
 -0.29580666E-005
 -0.26789839E-005
 -0.24082408E-005
 -0.21456960E-005
 -0.18918689E-005
 -0.16475973E-005
 -0.14139482E-005
 -0.11919877E-005
 -0.98274709E-006
 -0.78708239E-006
 -0.60561892E-006
 -0.43876673E-006
 -0.28663774E-006
 -0.14914120E-006
 -0.25927410E-007
  0.83530144E-007
  0.17992815E-006
  0.26407253E-006
  0.33685818E-006
  0.39922871E-006
  0.45213935E-006
  0.49653452E-006
  0.53332990E-006
  0.56338226E-006
  0.58750046E-006
  0.60641362E-006
  0.62078765E-006
  0.63121072E-006
  0.63820499E-006
  0.64222672E-006
  0.64366729E-006
  0.64286901E-006
  0.64011900E-006
  0.63566732E-006
  0.62972261E-006
  0.62246477E-006
  0.61404730E-006
  0.60460148E-006
  0.59424321E-006
  0.58307416E-006
  0.57118614E-006
  0.55866230E-006
  0.54557939E-006
  0.53201381E-006
  0.51803218E-006
  0.50370450E-006
  0.48909602E-006
  0.47427007E-006
  0.45928835E-006
  0.44421126E-006
  0.42909591E-006
  0.41399638E-006
  0.39896462E-006
  0.38404906E-006
  0.36929305E-006
  0.35473798E-006
  0.34042033E-006
  0.32637143E-006
  0.31261925E-006
  0.29918785E-006
  0.28609629E-006
  0.27336082E-006
  0.26099255E-006
  0.24900032E-006
  0.23739019E-006
  0.22616338E-006
  0.21532079E-006
  0.20486027E-006
  0.19477746E-006
  0.18506728E-006
  0.17572306E-006
  0.16673654E-006
  0.15809968E-006
  0.14980331E-006
  0.14183835E-006
  0.13419495E-006
  0.12686360E-006
  0.11983469E-006
  0.11309885E-006
  0.10664664E-006
  0.10046933E-006
  0.94557689E-007
  0.88903354E-007
  0.83498071E-007
  0.78333844E-007
  0.73402968E-007
  0.68697785E-007
  0.64210954E-007
  0.59935586E-007
  0.55864629E-007
  0.51991378E-007
  0.48309250E-007
  0.44811811E-007
  0.41492772E-007
  0.38345914E-007
  0.35365155E-007
  0.32544525E-007
  0.29878060E-007
  0.27360078E-007
  0.24984858E-007
  0.22746727E-007
  0.20640362E-007
  0.18660264E-007
  0.16801155E-007
  0.15057881E-007
  0.13425357E-007
  0.11898687E-007
  0.10473066E-007
  0.91437609E-008
  0.79062206E-008
  0.67560044E-008
  0.56888696E-008
  0.47006496E-008
  0.37872279E-008
  0.29447591E-008
  0.21696520E-008
  0.14581889E-008
  0.80693496E-009
  0.21264257E-009
 -0.32778991E-009
 -0.81738527E-009
 -0.12589408E-008
 -0.16549611E-008
 -0.20079755E-008
 -0.23200545E-008
 -0.25931843E-008
 -0.28290716E-008
 -0.30289679E-008
 -0.31939462E-008
 -0.33249135E-008
 -0.34224118E-008
 -0.34881682E-008
 -0.35211747E-008
 -0.35212366E-008
 -0.34591733E-008
 -0.32925226E-008
 -0.29026128E-008
 -0.27932621E-008
 -0.50908974E-008
 -0.70767536E-008
