  0.91329231E+000
  0.91327082E+000
  0.91325482E+000
  0.91324289E+000
  0.91323411E+000
  0.91322782E+000
  0.91322344E+000
  0.91322054E+000
  0.91321878E+000
  0.91321788E+000
  0.91321767E+000
  0.91321803E+000
  0.91321884E+000
  0.91321999E+000
  0.91322142E+000
  0.91322305E+000
  0.91322482E+000
  0.91322671E+000
  0.91322867E+000
  0.91323067E+000
  0.91323271E+000
  0.91323475E+000
  0.91323678E+000
  0.91323880E+000
  0.91324080E+000
  0.91324276E+000
  0.91324468E+000
  0.91324657E+000
  0.91324841E+000
  0.91325020E+000
  0.91325195E+000
  0.91325365E+000
  0.91325531E+000
  0.91325691E+000
  0.91325847E+000
  0.91325998E+000
  0.91326144E+000
  0.91326286E+000
  0.91326423E+000
  0.91326555E+000
  0.91326684E+000
  0.91326807E+000
  0.91326927E+000
  0.91327042E+000
  0.91327153E+000
  0.91327261E+000
  0.91327364E+000
  0.91327463E+000
  0.91327559E+000
  0.91327651E+000
  0.91327740E+000
  0.91327824E+000
  0.91327906E+000
  0.91327984E+000
  0.91328060E+000
  0.91328132E+000
  0.91328201E+000
  0.91328267E+000
  0.91328331E+000
  0.91328393E+000
  0.91328451E+000
  0.91328508E+000
  0.91328563E+000
  0.91328615E+000
  0.91328666E+000
  0.91328715E+000
  0.91328762E+000
  0.91328808E+000
  0.91328852E+000
  0.91328895E+000
  0.91328936E+000
  0.91328977E+000
  0.91329016E+000
  0.91329054E+000
  0.91329091E+000
  0.91329127E+000
  0.91329162E+000
  0.91329196E+000
  0.91329229E+000
  0.91329261E+000
  0.91329292E+000
  0.91329322E+000
  0.91329351E+000
  0.91329379E+000
  0.91329406E+000
  0.91329433E+000
  0.91329458E+000
  0.91329482E+000
  0.91329506E+000
  0.91329528E+000
  0.91329549E+000
  0.91329569E+000
  0.91329588E+000
  0.91329607E+000
  0.91329624E+000
  0.91329640E+000
  0.91329654E+000
  0.91329668E+000
  0.91329681E+000
  0.91329692E+000
  0.91329702E+000
  0.91329711E+000
  0.91329719E+000
  0.91329726E+000
  0.91329731E+000
  0.91329735E+000
  0.91329738E+000
  0.91329740E+000
  0.91329741E+000
  0.91329740E+000
  0.91329738E+000
  0.91329735E+000
  0.91329731E+000
  0.91329726E+000
  0.91329720E+000
  0.91329713E+000
  0.91329705E+000
  0.91329696E+000
  0.91329687E+000
  0.91329677E+000
  0.91329666E+000
  0.91329654E+000
  0.91329642E+000
  0.91329630E+000
  0.91329617E+000
  0.91329604E+000
  0.91329591E+000
  0.91329578E+000
  0.91329564E+000
  0.91329551E+000
  0.91329538E+000
  0.91329525E+000
  0.91329513E+000
  0.91329500E+000
  0.91329489E+000
  0.91329477E+000
  0.91329467E+000
  0.91329456E+000
  0.91329447E+000
  0.91329438E+000
  0.91329429E+000
  0.91329422E+000
  0.91329415E+000
  0.91329409E+000
  0.91329404E+000
  0.91329399E+000
  0.91329395E+000
  0.91329393E+000
  0.91329391E+000
  0.91329389E+000
  0.91329389E+000
  0.91329389E+000
  0.91329390E+000
  0.91329392E+000
  0.91329395E+000
  0.91329398E+000
  0.91329402E+000
  0.91329407E+000
  0.91329412E+000
  0.91329417E+000
  0.91329423E+000
  0.91329429E+000
  0.91329436E+000
  0.91329443E+000
  0.91329450E+000
  0.91329457E+000
  0.91329464E+000
  0.91329471E+000
  0.91329477E+000
  0.91329484E+000
  0.91329490E+000
  0.91329497E+000
  0.91329502E+000
  0.91329508E+000
  0.91329512E+000
  0.91329517E+000
  0.91329521E+000
  0.91329524E+000
  0.91329527E+000
  0.91329529E+000
  0.91329531E+000
  0.91329532E+000
  0.91329533E+000
  0.91329533E+000
  0.91329533E+000
  0.91329532E+000
  0.91329531E+000
  0.91329529E+000
  0.91329527E+000
  0.91329525E+000
  0.91329523E+000
  0.91329520E+000
  0.91329517E+000
  0.91329514E+000
  0.91329512E+000
  0.91329509E+000
  0.91329506E+000
  0.91329503E+000
  0.91329501E+000
  0.91329499E+000
