  0.89759519E+000
  0.89759533E+000
  0.89759521E+000
  0.89759489E+000
  0.89759444E+000
  0.89759389E+000
  0.89759328E+000
  0.89759263E+000
  0.89759196E+000
  0.89759128E+000
  0.89759060E+000
  0.89758993E+000
  0.89758927E+000
  0.89758863E+000
  0.89758802E+000
  0.89758742E+000
  0.89758685E+000
  0.89758630E+000
  0.89758579E+000
  0.89758530E+000
  0.89758483E+000
  0.89758440E+000
  0.89758399E+000
  0.89758361E+000
  0.89758326E+000
  0.89758294E+000
  0.89758265E+000
  0.89758238E+000
  0.89758214E+000
  0.89758193E+000
  0.89758174E+000
  0.89758159E+000
  0.89758145E+000
  0.89758135E+000
  0.89758126E+000
  0.89758121E+000
  0.89758118E+000
  0.89758117E+000
  0.89758118E+000
  0.89758122E+000
  0.89758127E+000
  0.89758135E+000
  0.89758145E+000
  0.89758156E+000
  0.89758169E+000
  0.89758184E+000
  0.89758200E+000
  0.89758218E+000
  0.89758237E+000
  0.89758257E+000
  0.89758279E+000
  0.89758301E+000
  0.89758324E+000
  0.89758348E+000
  0.89758373E+000
  0.89758399E+000
  0.89758425E+000
  0.89758451E+000
  0.89758478E+000
  0.89758506E+000
  0.89758534E+000
  0.89758562E+000
  0.89758590E+000
  0.89758619E+000
  0.89758648E+000
  0.89758676E+000
  0.89758706E+000
  0.89758735E+000
  0.89758764E+000
  0.89758793E+000
  0.89758822E+000
  0.89758852E+000
  0.89758881E+000
  0.89758910E+000
  0.89758939E+000
  0.89758967E+000
  0.89758996E+000
  0.89759024E+000
  0.89759052E+000
  0.89759079E+000
  0.89759107E+000
  0.89759133E+000
  0.89759160E+000
  0.89759185E+000
  0.89759210E+000
  0.89759235E+000
  0.89759259E+000
  0.89759283E+000
  0.89759305E+000
  0.89759327E+000
  0.89759348E+000
  0.89759368E+000
  0.89759388E+000
  0.89759407E+000
  0.89759424E+000
  0.89759441E+000
  0.89759457E+000
  0.89759471E+000
  0.89759485E+000
  0.89759497E+000
  0.89759509E+000
  0.89759519E+000
  0.89759528E+000
  0.89759536E+000
  0.89759543E+000
  0.89759549E+000
  0.89759554E+000
  0.89759557E+000
  0.89759559E+000
  0.89759560E+000
  0.89759560E+000
  0.89759559E+000
  0.89759557E+000
  0.89759554E+000
  0.89759549E+000
  0.89759544E+000
  0.89759538E+000
  0.89759531E+000
  0.89759523E+000
  0.89759515E+000
  0.89759506E+000
  0.89759496E+000
  0.89759485E+000
  0.89759475E+000
  0.89759463E+000
  0.89759452E+000
  0.89759440E+000
  0.89759428E+000
  0.89759416E+000
  0.89759404E+000
  0.89759392E+000
  0.89759380E+000
  0.89759369E+000
  0.89759357E+000
  0.89759346E+000
  0.89759335E+000
  0.89759324E+000
  0.89759314E+000
  0.89759305E+000
  0.89759296E+000
  0.89759287E+000
  0.89759279E+000
  0.89759272E+000
  0.89759265E+000
  0.89759259E+000
  0.89759253E+000
  0.89759249E+000
  0.89759245E+000
  0.89759242E+000
  0.89759239E+000
  0.89759237E+000
  0.89759236E+000
  0.89759236E+000
  0.89759236E+000
  0.89759238E+000
  0.89759239E+000
  0.89759242E+000
  0.89759245E+000
  0.89759249E+000
  0.89759253E+000
  0.89759257E+000
  0.89759263E+000
  0.89759268E+000
  0.89759274E+000
  0.89759280E+000
  0.89759286E+000
  0.89759293E+000
  0.89759299E+000
  0.89759306E+000
  0.89759312E+000
  0.89759318E+000
  0.89759324E+000
  0.89759330E+000
  0.89759336E+000
  0.89759341E+000
  0.89759345E+000
  0.89759350E+000
  0.89759354E+000
  0.89759357E+000
  0.89759360E+000
  0.89759362E+000
  0.89759364E+000
  0.89759366E+000
  0.89759366E+000
  0.89759367E+000
  0.89759367E+000
  0.89759366E+000
  0.89759366E+000
  0.89759364E+000
  0.89759363E+000
  0.89759361E+000
  0.89759359E+000
  0.89759357E+000
  0.89759354E+000
  0.89759352E+000
  0.89759349E+000
  0.89759347E+000
  0.89759344E+000
  0.89759342E+000
  0.89759339E+000
