  0.17852170E+002
  0.17884114E+002
  0.17910392E+002
  0.17932023E+002
  0.17949798E+002
  0.17964415E+002
  0.17976454E+002
  0.17986398E+002
  0.17994631E+002
  0.18001456E+002
  0.18007122E+002
  0.18011826E+002
  0.18015730E+002
  0.18018966E+002
  0.18021635E+002
  0.18023837E+002
  0.18025647E+002
  0.18027123E+002
  0.18028324E+002
  0.18029291E+002
  0.18030064E+002
  0.18030672E+002
  0.18031143E+002
  0.18031499E+002
  0.18031760E+002
  0.18031942E+002
  0.18032059E+002
  0.18032123E+002
  0.18032145E+002
  0.18032132E+002
  0.18032093E+002
  0.18032033E+002
  0.18031958E+002
  0.18031872E+002
  0.18031779E+002
  0.18031682E+002
  0.18031582E+002
  0.18031483E+002
  0.18031385E+002
  0.18031289E+002
  0.18031196E+002
  0.18031107E+002
  0.18031020E+002
  0.18030938E+002
  0.18030858E+002
  0.18030782E+002
  0.18030709E+002
  0.18030637E+002
  0.18030568E+002
  0.18030500E+002
  0.18030433E+002
  0.18030367E+002
  0.18030301E+002
  0.18030236E+002
  0.18030169E+002
  0.18030103E+002
  0.18030036E+002
  0.18029968E+002
  0.18029899E+002
  0.18029829E+002
  0.18029758E+002
  0.18029686E+002
  0.18029613E+002
  0.18029539E+002
  0.18029464E+002
  0.18029389E+002
  0.18029313E+002
  0.18029236E+002
  0.18029159E+002
  0.18029081E+002
  0.18029004E+002
  0.18028926E+002
  0.18028848E+002
  0.18028770E+002
  0.18028693E+002
  0.18028616E+002
  0.18028539E+002
  0.18028463E+002
  0.18028388E+002
  0.18028313E+002
  0.18028239E+002
  0.18028166E+002
  0.18028094E+002
  0.18028022E+002
  0.18027952E+002
  0.18027883E+002
  0.18027815E+002
  0.18027749E+002
  0.18027683E+002
  0.18027619E+002
  0.18027556E+002
  0.18027495E+002
  0.18027435E+002
  0.18027376E+002
  0.18027319E+002
  0.18027263E+002
  0.18027209E+002
  0.18027156E+002
  0.18027104E+002
  0.18027054E+002
  0.18027006E+002
  0.18026959E+002
  0.18026914E+002
  0.18026870E+002
  0.18026828E+002
  0.18026788E+002
  0.18026749E+002
  0.18026712E+002
  0.18026676E+002
  0.18026642E+002
  0.18026610E+002
  0.18026580E+002
  0.18026552E+002
  0.18026525E+002
  0.18026500E+002
  0.18026477E+002
  0.18026456E+002
  0.18026437E+002
  0.18026419E+002
  0.18026404E+002
  0.18026390E+002
  0.18026378E+002
  0.18026368E+002
  0.18026360E+002
  0.18026354E+002
  0.18026349E+002
  0.18026346E+002
  0.18026344E+002
  0.18026344E+002
  0.18026346E+002
  0.18026348E+002
  0.18026352E+002
  0.18026357E+002
  0.18026363E+002
  0.18026370E+002
  0.18026378E+002
  0.18026386E+002
  0.18026395E+002
  0.18026404E+002
  0.18026414E+002
  0.18026425E+002
  0.18026435E+002
  0.18026446E+002
  0.18026457E+002
  0.18026469E+002
  0.18026480E+002
  0.18026491E+002
  0.18026502E+002
  0.18026514E+002
  0.18026525E+002
  0.18026536E+002
  0.18026546E+002
  0.18026557E+002
  0.18026567E+002
  0.18026576E+002
  0.18026586E+002
  0.18026595E+002
  0.18026603E+002
  0.18026611E+002
  0.18026618E+002
  0.18026624E+002
  0.18026630E+002
  0.18026634E+002
  0.18026638E+002
  0.18026642E+002
  0.18026644E+002
  0.18026646E+002
  0.18026646E+002
  0.18026646E+002
  0.18026645E+002
  0.18026643E+002
  0.18026641E+002
  0.18026637E+002
  0.18026633E+002
  0.18026629E+002
  0.18026624E+002
  0.18026618E+002
  0.18026612E+002
  0.18026606E+002
  0.18026600E+002
  0.18026593E+002
  0.18026586E+002
  0.18026580E+002
  0.18026573E+002
  0.18026567E+002
  0.18026561E+002
  0.18026555E+002
  0.18026550E+002
  0.18026545E+002
  0.18026540E+002
  0.18026536E+002
  0.18026532E+002
  0.18026529E+002
  0.18026526E+002
  0.18026524E+002
  0.18026522E+002
  0.18026521E+002
  0.18026520E+002
  0.18026520E+002
  0.18026523E+002
