  0.63457622E+000
  0.63373939E+000
  0.63305251E+000
  0.63248763E+000
  0.63202160E+000
  0.63163514E+000
  0.63131392E+000
  0.63104625E+000
  0.63082283E+000
  0.63063595E+000
  0.63047953E+000
  0.63034843E+000
  0.63023849E+000
  0.63014628E+000
  0.63006902E+000
  0.63000433E+000
  0.62995021E+000
  0.62990503E+000
  0.62986739E+000
  0.62983615E+000
  0.62981029E+000
  0.62978902E+000
  0.62977158E+000
  0.62975742E+000
  0.62974601E+000
  0.62973691E+000
  0.62972974E+000
  0.62972419E+000
  0.62971997E+000
  0.62971685E+000
  0.62971463E+000
  0.62971314E+000
  0.62971223E+000
  0.62971178E+000
  0.62971169E+000
  0.62971186E+000
  0.62971224E+000
  0.62971275E+000
  0.62971336E+000
  0.62971403E+000
  0.62971472E+000
  0.62971542E+000
  0.62971610E+000
  0.62971676E+000
  0.62971739E+000
  0.62971799E+000
  0.62971855E+000
  0.62971907E+000
  0.62971955E+000
  0.62971999E+000
  0.62972040E+000
  0.62972078E+000
  0.62972113E+000
  0.62972146E+000
  0.62972176E+000
  0.62972204E+000
  0.62972229E+000
  0.62972254E+000
  0.62972276E+000
  0.62972297E+000
  0.62972317E+000
  0.62972336E+000
  0.62972353E+000
  0.62972370E+000
  0.62972386E+000
  0.62972401E+000
  0.62972415E+000
  0.62972429E+000
  0.62972443E+000
  0.62972456E+000
  0.62972468E+000
  0.62972481E+000
  0.62972493E+000
  0.62972505E+000
  0.62972516E+000
  0.62972528E+000
  0.62972539E+000
  0.62972551E+000
  0.62972562E+000
  0.62972573E+000
  0.62972584E+000
  0.62972595E+000
  0.62972605E+000
  0.62972616E+000
  0.62972626E+000
  0.62972637E+000
  0.62972647E+000
  0.62972657E+000
  0.62972667E+000
  0.62972676E+000
  0.62972686E+000
  0.62972695E+000
  0.62972704E+000
  0.62972712E+000
  0.62972721E+000
  0.62972729E+000
  0.62972737E+000
  0.62972745E+000
  0.62972752E+000
  0.62972760E+000
  0.62972767E+000
  0.62972773E+000
  0.62972780E+000
  0.62972786E+000
  0.62972792E+000
  0.62972797E+000
  0.62972803E+000
  0.62972808E+000
  0.62972812E+000
  0.62972817E+000
  0.62972821E+000
  0.62972825E+000
  0.62972828E+000
  0.62972832E+000
  0.62972835E+000
  0.62972837E+000
  0.62972840E+000
  0.62972842E+000
  0.62972844E+000
  0.62972846E+000
  0.62972847E+000
  0.62972848E+000
  0.62972849E+000
  0.62972850E+000
  0.62972851E+000
  0.62972851E+000
  0.62972851E+000
  0.62972851E+000
  0.62972851E+000
  0.62972850E+000
  0.62972850E+000
  0.62972849E+000
  0.62972849E+000
  0.62972848E+000
  0.62972847E+000
  0.62972846E+000
  0.62972845E+000
  0.62972844E+000
  0.62972843E+000
  0.62972842E+000
  0.62972841E+000
  0.62972840E+000
  0.62972839E+000
  0.62972838E+000
  0.62972837E+000
  0.62972836E+000
  0.62972834E+000
  0.62972833E+000
  0.62972832E+000
  0.62972831E+000
  0.62972830E+000
  0.62972829E+000
  0.62972828E+000
  0.62972828E+000
  0.62972827E+000
  0.62972826E+000
  0.62972825E+000
  0.62972824E+000
  0.62972824E+000
  0.62972823E+000
  0.62972823E+000
  0.62972822E+000
  0.62972822E+000
  0.62972821E+000
  0.62972821E+000
  0.62972821E+000
  0.62972821E+000
  0.62972821E+000
  0.62972821E+000
  0.62972821E+000
  0.62972821E+000
  0.62972821E+000
  0.62972821E+000
  0.62972822E+000
  0.62972822E+000
  0.62972823E+000
  0.62972823E+000
  0.62972824E+000
  0.62972824E+000
  0.62972825E+000
  0.62972825E+000
  0.62972826E+000
  0.62972826E+000
  0.62972827E+000
  0.62972828E+000
  0.62972828E+000
  0.62972829E+000
  0.62972829E+000
  0.62972830E+000
  0.62972830E+000
  0.62972830E+000
  0.62972831E+000
  0.62972831E+000
  0.62972831E+000
  0.62972831E+000
  0.62972831E+000
  0.62972832E+000
  0.62972831E+000
  0.62972831E+000
  0.62972826E+000
