  0.50217153E-001
  0.49872129E-001
  0.49580993E-001
  0.49335406E-001
  0.49128155E-001
  0.48952979E-001
  0.48804858E-001
  0.48679532E-001
  0.48573452E-001
  0.48483601E-001
  0.48407493E-001
  0.48342997E-001
  0.48288337E-001
  0.48242015E-001
  0.48202786E-001
  0.48169579E-001
  0.48141492E-001
  0.48117759E-001
  0.48097739E-001
  0.48080881E-001
  0.48066715E-001
  0.48054850E-001
  0.48044936E-001
  0.48036693E-001
  0.48029867E-001
  0.48024246E-001
  0.48019644E-001
  0.48015904E-001
  0.48012890E-001
  0.48010485E-001
  0.48008589E-001
  0.48007115E-001
  0.48005989E-001
  0.48005149E-001
  0.48004542E-001
  0.48004121E-001
  0.48003848E-001
  0.48003692E-001
  0.48003626E-001
  0.48003628E-001
  0.48003680E-001
  0.48003767E-001
  0.48003879E-001
  0.48004005E-001
  0.48004138E-001
  0.48004273E-001
  0.48004405E-001
  0.48004532E-001
  0.48004650E-001
  0.48004757E-001
  0.48004853E-001
  0.48004937E-001
  0.48005007E-001
  0.48005065E-001
  0.48005109E-001
  0.48005139E-001
  0.48005157E-001
  0.48005162E-001
  0.48005155E-001
  0.48005135E-001
  0.48005104E-001
  0.48005063E-001
  0.48005011E-001
  0.48004950E-001
  0.48004881E-001
  0.48004804E-001
  0.48004721E-001
  0.48004631E-001
  0.48004537E-001
  0.48004437E-001
  0.48004334E-001
  0.48004228E-001
  0.48004119E-001
  0.48004007E-001
  0.48003894E-001
  0.48003780E-001
  0.48003665E-001
  0.48003549E-001
  0.48003433E-001
  0.48003318E-001
  0.48003203E-001
  0.48003088E-001
  0.48002975E-001
  0.48002862E-001
  0.48002751E-001
  0.48002641E-001
  0.48002533E-001
  0.48002426E-001
  0.48002320E-001
  0.48002216E-001
  0.48002114E-001
  0.48002014E-001
  0.48001915E-001
  0.48001819E-001
  0.48001724E-001
  0.48001630E-001
  0.48001539E-001
  0.48001449E-001
  0.48001361E-001
  0.48001275E-001
  0.48001191E-001
  0.48001108E-001
  0.48001028E-001
  0.48000948E-001
  0.48000871E-001
  0.48000796E-001
  0.48000722E-001
  0.48000651E-001
  0.48000581E-001
  0.48000514E-001
  0.48000449E-001
  0.48000386E-001
  0.48000326E-001
  0.48000268E-001
  0.48000212E-001
  0.48000160E-001
  0.48000110E-001
  0.48000064E-001
  0.48000021E-001
  0.47999981E-001
  0.47999944E-001
  0.47999912E-001
  0.47999882E-001
  0.47999857E-001
  0.47999835E-001
  0.47999816E-001
  0.47999801E-001
  0.47999790E-001
  0.47999782E-001
  0.47999777E-001
  0.47999774E-001
  0.47999775E-001
  0.47999777E-001
  0.47999782E-001
  0.47999788E-001
  0.47999796E-001
  0.47999805E-001
  0.47999815E-001
  0.47999825E-001
  0.47999836E-001
  0.47999847E-001
  0.47999858E-001
  0.47999869E-001
  0.47999879E-001
  0.47999889E-001
  0.47999898E-001
  0.47999907E-001
  0.47999916E-001
  0.47999924E-001
  0.47999931E-001
  0.47999939E-001
  0.47999946E-001
  0.47999952E-001
  0.47999959E-001
  0.47999966E-001
  0.47999972E-001
  0.47999978E-001
  0.47999985E-001
  0.47999991E-001
  0.47999997E-001
  0.48000004E-001
  0.48000010E-001
  0.48000016E-001
  0.48000022E-001
  0.48000028E-001
  0.48000034E-001
  0.48000039E-001
  0.48000044E-001
  0.48000048E-001
  0.48000052E-001
  0.48000055E-001
  0.48000057E-001
  0.48000059E-001
  0.48000061E-001
  0.48000061E-001
  0.48000061E-001
  0.48000060E-001
  0.48000059E-001
  0.48000057E-001
  0.48000054E-001
  0.48000050E-001
  0.48000047E-001
  0.48000042E-001
  0.48000038E-001
  0.48000033E-001
  0.48000028E-001
  0.48000023E-001
  0.48000018E-001
  0.48000012E-001
  0.48000007E-001
  0.48000002E-001
  0.47999997E-001
  0.47999992E-001
  0.47999988E-001
  0.47999985E-001
  0.47999982E-001
  0.47999978E-001
  0.47999973E-001
  0.47999960E-001
  0.47999936E-001
