  0.91767651E+000
  0.91325001E+000
  0.91082099E+000
  0.90901212E+000
  0.90755808E+000
  0.90636294E+000
  0.90537253E+000
  0.90454684E+000
  0.90385486E+000
  0.90327088E+000
  0.90277541E+000
  0.90235561E+000
  0.90199863E+000
  0.90169403E+000
  0.90143336E+000
  0.90120984E+000
  0.90101794E+000
  0.90085275E+000
  0.90071042E+000
  0.90058778E+000
  0.90048216E+000
  0.90039135E+000
  0.90031327E+000
  0.90024650E+000
  0.90018973E+000
  0.90014176E+000
  0.90010151E+000
  0.90006806E+000
  0.90004054E+000
  0.90001822E+000
  0.90000040E+000
  0.89998644E+000
  0.89997578E+000
  0.89996791E+000
  0.89996236E+000
  0.89995874E+000
  0.89995666E+000
  0.89995582E+000
  0.89995593E+000
  0.89995676E+000
  0.89995810E+000
  0.89995980E+000
  0.89996171E+000
  0.89996373E+000
  0.89996579E+000
  0.89996782E+000
  0.89996979E+000
  0.89997166E+000
  0.89997343E+000
  0.89997508E+000
  0.89997662E+000
  0.89997806E+000
  0.89997941E+000
  0.89998067E+000
  0.89998185E+000
  0.89998298E+000
  0.89998404E+000
  0.89998506E+000
  0.89998603E+000
  0.89998697E+000
  0.89998787E+000
  0.89998874E+000
  0.89998957E+000
  0.89999037E+000
  0.89999114E+000
  0.89999187E+000
  0.89999257E+000
  0.89999323E+000
  0.89999386E+000
  0.89999445E+000
  0.89999500E+000
  0.89999552E+000
  0.89999600E+000
  0.89999644E+000
  0.89999685E+000
  0.89999723E+000
  0.89999758E+000
  0.89999789E+000
  0.89999818E+000
  0.89999844E+000
  0.89999867E+000
  0.89999889E+000
  0.89999907E+000
  0.89999924E+000
  0.89999939E+000
  0.89999953E+000
  0.89999964E+000
  0.89999975E+000
  0.89999984E+000
  0.89999992E+000
  0.89999998E+000
  0.90000004E+000
  0.90000009E+000
  0.90000013E+000
  0.90000017E+000
  0.90000020E+000
  0.90000022E+000
  0.90000024E+000
  0.90000025E+000
  0.90000026E+000
  0.90000027E+000
  0.90000027E+000
  0.90000028E+000
  0.90000028E+000
  0.90000027E+000
  0.90000027E+000
  0.90000027E+000
  0.90000026E+000
  0.90000026E+000
  0.90000025E+000
  0.90000024E+000
  0.90000024E+000
  0.90000023E+000
  0.90000022E+000
  0.90000021E+000
  0.90000021E+000
  0.90000020E+000
  0.90000019E+000
  0.90000018E+000
  0.90000018E+000
  0.90000017E+000
  0.90000016E+000
  0.90000015E+000
  0.90000015E+000
  0.90000014E+000
  0.90000014E+000
  0.90000013E+000
  0.90000012E+000
  0.90000012E+000
  0.90000011E+000
  0.90000011E+000
  0.90000010E+000
  0.90000010E+000
  0.90000009E+000
  0.90000009E+000
  0.90000008E+000
  0.90000008E+000
  0.90000007E+000
  0.90000007E+000
  0.90000007E+000
  0.90000006E+000
  0.90000006E+000
  0.90000006E+000
  0.90000005E+000
  0.90000005E+000
  0.90000005E+000
  0.90000004E+000
  0.90000004E+000
  0.90000004E+000
  0.90000004E+000
  0.90000003E+000
  0.90000003E+000
  0.90000003E+000
  0.90000003E+000
  0.90000003E+000
  0.90000002E+000
  0.90000002E+000
  0.90000002E+000
  0.90000002E+000
  0.90000002E+000
  0.90000002E+000
  0.90000002E+000
  0.90000001E+000
  0.90000001E+000
  0.90000001E+000
  0.90000001E+000
  0.90000001E+000
  0.90000001E+000
  0.90000001E+000
  0.90000001E+000
  0.90000001E+000
  0.90000001E+000
  0.90000001E+000
  0.90000000E+000
  0.90000000E+000
  0.90000000E+000
  0.90000000E+000
  0.90000000E+000
  0.90000000E+000
  0.90000000E+000
  0.90000000E+000
  0.90000000E+000
  0.90000000E+000
  0.90000000E+000
  0.90000000E+000
  0.90000000E+000
  0.90000000E+000
  0.90000000E+000
  0.90000000E+000
  0.90000000E+000
  0.90000000E+000
  0.90000000E+000
  0.90000000E+000
  0.90000000E+000
  0.90000000E+000
  0.90000000E+000
  0.90000000E+000
  0.90000000E+000
  0.90000000E+000
  0.90000000E+000
