 -0.24999999E-002
 -0.21162043E-002
 -0.17913186E-002
 -0.15162596E-002
 -0.12833272E-002
 -0.10860073E-002
 -0.91879600E-003
 -0.77704711E-003
 -0.65684086E-003
 -0.55487103E-003
 -0.46834900E-003
 -0.39492223E-003
 -0.33260525E-003
 -0.27972139E-003
 -0.23485369E-003
 -0.19680354E-003
 -0.16455595E-003
 -0.13725039E-003
 -0.11415631E-003
 -0.94652576E-004
 -0.78210312E-004
 -0.64378453E-004
 -0.52771682E-004
 -0.43060325E-004
 -0.34961886E-004
 -0.28233977E-004
 -0.22668387E-004
 -0.18086125E-004
 -0.14333265E-004
 -0.11277455E-004
 -0.88049847E-005
 -0.68183005E-005
 -0.52339037E-005
 -0.39805483E-005
 -0.29976899E-005
 -0.22341367E-005
 -0.16468658E-005
 -0.11999742E-005
 -0.86374253E-006
 -0.61379382E-006
 -0.43033566E-006
 -0.29747694E-006
 -0.20261364E-006
 -0.13587997E-006
 -0.89662216E-007
 -0.58172843E-007
 -0.37082701E-007
 -0.23208119E-007
 -0.14249419E-007
 -0.85764599E-008
 -0.50562846E-008
 -0.29175636E-008
 -0.16463468E-008
 -0.90776873E-009
 -0.48867114E-009
 -0.25661046E-009
 -0.13133212E-009
 -0.65452036E-010
 -0.31735237E-010
 -0.14956549E-010
 -0.68452768E-011
 -0.30395798E-011
 -0.13082357E-011
 -0.54524215E-012
 -0.21983616E-012
 -0.85661266E-013
 -0.32226196E-013
 -0.11693122E-013
 -0.40879030E-014
 -0.13755154E-014
 -0.44500548E-015
 -0.13827216E-015
 -0.41219452E-016
 -0.11775809E-016
 -0.32204572E-017
 -0.84215876E-018
 -0.21034182E-018
 -0.50120179E-019
 -0.11380181E-019
 -0.24593697E-020
 -0.50526517E-021
 -0.98562811E-022
 -0.18233772E-022
 -0.31950343E-023
 -0.52962728E-024
 -0.82949812E-025
 -0.12259134E-025
 -0.17074456E-026
 -0.22382797E-027
 -0.27579998E-028
 -0.31901651E-029
 -0.34593311E-030
 -0.35119354E-031
 -0.33333888E-032
 -0.29540302E-033
 -0.24407996E-034
 -0.18777195E-035
 -0.13430692E-036
 -0.89190191E-038
 -0.54911538E-039
 -0.31297458E-040
 -0.16489932E-041
 -0.80196164E-043
 -0.35947397E-044
 -0.14828923E-045
 -0.56211377E-047
 -0.19550106E-048
 -0.62289885E-050
 -0.18153333E-051
 -0.48315623E-053
 -0.11725412E-054
 -0.25905296E-056
 -0.52020508E-058
 -0.94795332E-060
 -0.15650204E-061
 -0.23370270E-063
 -0.31513864E-065
 -0.38310032E-067
 -0.41915065E-069
 -0.41204245E-071
 -0.36332153E-073
 -0.28686286E-075
 -0.20246196E-077
 -0.12751040E-079
 -0.71535480E-082
 -0.35686747E-084
 -0.15802769E-086
 -0.62004733E-089
 -0.21518029E-091
 -0.65929552E-094
 -0.17801931E-096
 -0.42283231E-099
 -0.88182291E-102
 -0.16117620E-104
 -0.25769995E-107
 -0.35975312E-110
 -0.43767324E-113
 -0.46315072E-116
 -0.42548943E-119
 -0.33869748E-122
 -0.23315667E-125
 -0.13853153E-128
 -0.70902217E-132
 -0.31197684E-135
 -0.11778035E-138
 -0.38075096E-142
 -0.10518482E-145
 -0.24781542E-149
 -0.49691460E-153
 -0.84629924E-157
  0.00000000E+000
  0.00000000E+000
  0.00000000E+000
  0.00000000E+000
  0.00000000E+000
  0.00000000E+000
  0.00000000E+000
  0.00000000E+000
  0.00000000E+000
  0.00000000E+000
  0.00000000E+000
  0.00000000E+000
  0.00000000E+000
  0.00000000E+000
  0.00000000E+000
  0.00000000E+000
  0.00000000E+000
  0.00000000E+000
  0.00000000E+000
  0.00000000E+000
  0.00000000E+000
  0.00000000E+000
  0.00000000E+000
  0.00000000E+000
  0.00000000E+000
  0.00000000E+000
  0.00000000E+000
  0.00000000E+000
  0.00000000E+000
  0.00000000E+000
  0.00000000E+000
  0.00000000E+000
  0.00000000E+000
  0.00000000E+000
  0.00000000E+000
  0.00000000E+000
  0.00000000E+000
  0.00000000E+000
  0.00000000E+000
  0.00000000E+000
  0.00000000E+000
  0.00000000E+000
  0.00000000E+000
  0.00000000E+000
  0.00000000E+000
  0.00000000E+000
  0.00000000E+000
  0.00000000E+000
  0.00000000E+000
  0.00000000E+000
