  0.12314324E+001
  0.12281454E+001
  0.12262815E+001
  0.12248569E+001
  0.12236948E+001
  0.12227292E+001
  0.12219220E+001
  0.12212446E+001
  0.12206740E+001
  0.12201901E+001
  0.12197801E+001
  0.12194314E+001
  0.12191340E+001
  0.12188795E+001
  0.12186608E+001
  0.12184712E+001
  0.12183062E+001
  0.12181621E+001
  0.12180359E+001
  0.12179254E+001
  0.12178288E+001
  0.12177444E+001
  0.12176706E+001
  0.12176063E+001
  0.12175503E+001
  0.12175017E+001
  0.12174597E+001
  0.12174229E+001
  0.12173897E+001
  0.12173620E+001
  0.12173390E+001
  0.12173201E+001
  0.12173046E+001
  0.12172918E+001
  0.12172815E+001
  0.12172730E+001
  0.12172661E+001
  0.12172604E+001
  0.12172558E+001
  0.12172519E+001
  0.12172486E+001
  0.12172457E+001
  0.12172431E+001
  0.12172407E+001
  0.12172384E+001
  0.12172362E+001
  0.12172340E+001
  0.12172319E+001
  0.12172297E+001
  0.12172275E+001
  0.12172252E+001
  0.12172230E+001
  0.12172208E+001
  0.12172186E+001
  0.12172163E+001
  0.12172142E+001
  0.12172120E+001
  0.12172099E+001
  0.12172078E+001
  0.12172058E+001
  0.12172039E+001
  0.12172020E+001
  0.12172002E+001
  0.12171985E+001
  0.12171968E+001
  0.12171952E+001
  0.12171936E+001
  0.12171921E+001
  0.12171907E+001
  0.12171893E+001
  0.12171880E+001
  0.12171868E+001
  0.12171856E+001
  0.12171845E+001
  0.12171834E+001
  0.12171824E+001
  0.12171815E+001
  0.12171806E+001
  0.12171797E+001
  0.12171789E+001
  0.12171782E+001
  0.12171775E+001
  0.12171768E+001
  0.12171762E+001
  0.12171756E+001
  0.12171751E+001
  0.12171746E+001
  0.12171742E+001
  0.12171737E+001
  0.12171733E+001
  0.12171730E+001
  0.12171726E+001
  0.12171723E+001
  0.12171720E+001
  0.12171717E+001
  0.12171715E+001
  0.12171712E+001
  0.12171710E+001
  0.12171708E+001
  0.12171706E+001
  0.12171705E+001
  0.12171703E+001
  0.12171702E+001
  0.12171700E+001
  0.12171699E+001
  0.12171698E+001
  0.12171697E+001
  0.12171696E+001
  0.12171695E+001
  0.12171694E+001
  0.12171693E+001
  0.12171692E+001
  0.12171691E+001
  0.12171690E+001
  0.12171690E+001
  0.12171689E+001
  0.12171688E+001
  0.12171688E+001
  0.12171687E+001
  0.12171687E+001
  0.12171686E+001
  0.12171686E+001
  0.12171685E+001
  0.12171685E+001
  0.12171684E+001
  0.12171684E+001
  0.12171684E+001
  0.12171683E+001
  0.12171683E+001
  0.12171682E+001
  0.12171682E+001
  0.12171682E+001
  0.12171681E+001
  0.12171681E+001
  0.12171681E+001
  0.12171680E+001
  0.12171680E+001
  0.12171680E+001
  0.12171680E+001
  0.12171679E+001
  0.12171679E+001
  0.12171679E+001
  0.12171679E+001
  0.12171678E+001
  0.12171678E+001
  0.12171678E+001
  0.12171678E+001
  0.12171677E+001
  0.12171677E+001
  0.12171677E+001
  0.12171677E+001
  0.12171677E+001
  0.12171676E+001
  0.12171676E+001
  0.12171676E+001
  0.12171676E+001
  0.12171676E+001
  0.12171676E+001
  0.12171675E+001
  0.12171675E+001
  0.12171675E+001
  0.12171675E+001
  0.12171675E+001
  0.12171675E+001
  0.12171674E+001
  0.12171674E+001
  0.12171674E+001
  0.12171674E+001
  0.12171674E+001
  0.12171674E+001
  0.12171674E+001
  0.12171674E+001
  0.12171673E+001
  0.12171673E+001
  0.12171673E+001
  0.12171673E+001
  0.12171673E+001
  0.12171673E+001
  0.12171673E+001
  0.12171673E+001
  0.12171673E+001
  0.12171673E+001
  0.12171672E+001
  0.12171672E+001
  0.12171672E+001
  0.12171672E+001
  0.12171672E+001
  0.12171672E+001
  0.12171672E+001
  0.12171672E+001
  0.12171672E+001
  0.12171672E+001
  0.12171672E+001
  0.12171672E+001
  0.12171672E+001
  0.12171672E+001
  0.12171672E+001
  0.12171672E+001
  0.12171672E+001
  0.12171672E+001
