  0.37298705E+000  0.43013275E+000  0.53352749E+000  0.63627887E+000  0.86831343E+000  0.11119163E+001  0.16172394E+001  0.25784961E+001  0.36734910E+001  0.69259073E+001  0.80449760E+001
  0.37280908E+000  0.42972133E+000  0.53291915E+000  0.63477086E+000  0.86758262E+000  0.11100512E+001  0.16145472E+001  0.25739445E+001  0.36524180E+001  0.68830267E+001  0.79968187E+001
  0.37264071E+000  0.42958411E+000  0.53259594E+000  0.63430637E+000  0.86706001E+000  0.11088102E+001  0.16126728E+001  0.25708873E+001  0.36379280E+001  0.68502846E+001  0.79594193E+001
  0.37259656E+000  0.42944666E+000  0.53227704E+000  0.63395191E+000  0.86657480E+000  0.11077799E+001  0.16111226E+001  0.25663417E+001  0.36262218E+001  0.68238315E+001  0.79296860E+001
  0.37252771E+000  0.43042494E+000  0.53200040E+000  0.63382080E+000  0.86622726E+000  0.11069062E+001  0.16098790E+001  0.25617567E+001  0.36166345E+001  0.68024179E+001  0.79050108E+001
  0.37246471E+000  0.43013876E+000  0.53180942E+000  0.63361832E+000  0.86595232E+000  0.11061975E+001  0.16087122E+001  0.25580707E+001  0.36087042E+001  0.67847873E+001  0.78841377E+001
  0.37240103E+000  0.42982200E+000  0.53170407E+000  0.63375347E+000  0.86564544E+000  0.11056854E+001  0.16080122E+001  0.25555176E+001  0.36029293E+001  0.67716879E+001  0.78692833E+001
  0.37233512E+000  0.43041592E+000  0.53156272E+000  0.63373960E+000  0.86548991E+000  0.11051801E+001  0.16073712E+001  0.25531291E+001  0.35977165E+001  0.67600892E+001  0.78570199E+001
  0.37228487E+000  0.43038091E+000  0.53145255E+000  0.63351368E+000  0.86535402E+000  0.11048307E+001  0.16068301E+001  0.25517855E+001  0.35936859E+001  0.67522252E+001  0.78466672E+001
  0.37231032E+000  0.43039715E+000  0.53135364E+000  0.63343722E+000  0.86520983E+000  0.11044832E+001  0.16063535E+001  0.25510404E+001  0.35902467E+001  0.67477978E+001  0.78378944E+001
  0.37227869E+000  0.43023730E+000  0.53128217E+000  0.63340672E+000  0.86505147E+000  0.11042037E+001  0.16059395E+001  0.25504406E+001  0.35875223E+001  0.67430492E+001  0.78299553E+001
  0.37226057E+000  0.43025160E+000  0.53123120E+000  0.63378778E+000  0.86496072E+000  0.11040069E+001  0.16056160E+001  0.25499763E+001  0.35854923E+001  0.67458870E+001  0.78238667E+001
  0.37224138E+000  0.43024194E+000  0.53117225E+000  0.63434461E+000  0.86488741E+000  0.11038240E+001  0.16053601E+001  0.25494633E+001  0.35845407E+001  0.67450184E+001  0.78187822E+001
  0.37218808E+000  0.43021449E+000  0.53110983E+000  0.63469779E+000  0.86478774E+000  0.11035827E+001  0.16050290E+001  0.25490391E+001  0.35833421E+001  0.67434052E+001  0.78130309E+001
  0.37216457E+000  0.43021948E+000  0.53108782E+000  0.63496730E+000  0.86475865E+000  0.11034997E+001  0.16048944E+001  0.25488709E+001  0.35826426E+001  0.67490605E+001  0.78103404E+001
  0.37214473E+000  0.43021548E+000  0.53103330E+000  0.63488460E+000  0.86468900E+000  0.11033129E+001  0.16047263E+001  0.25486462E+001  0.35820987E+001  0.67471307E+001  0.78075443E+001
  0.37217796E+000  0.43021170E+000  0.53101631E+000  0.63484890E+000  0.86464019E+000  0.11032346E+001  0.16046004E+001  0.25484793E+001  0.35815866E+001  0.67452367E+001  0.78056121E+001
  0.37216787E+000  0.43020723E+000  0.53096999E+000  0.63479460E+000  0.86461250E+000  0.11032094E+001  0.16045084E+001  0.25483000E+001  0.35811794E+001  0.67436724E+001  0.78038570E+001
  0.37210195E+000  0.43020255E+000  0.53094262E+000  0.63475595E+000  0.86459948E+000  0.11031586E+001  0.16044096E+001  0.25479585E+001  0.35808606E+001  0.67423805E+001  0.78023004E+001
  0.37209144E+000  0.43019761E+000  0.53093806E+000  0.63471143E+000  0.86457345E+000  0.11030987E+001  0.16043308E+001  0.25480251E+001  0.35801707E+001  0.67420233E+001  0.78005790E+001
  0.37208200E+000  0.43015687E+000  0.53093223E+000  0.63482399E+000  0.86454887E+000  0.11030327E+001  0.16042532E+001  0.25479406E+001  0.35798976E+001  0.67411757E+001  0.77995190E+001
  0.37208692E+000  0.43015207E+000  0.53094891E+000  0.63474046E+000  0.86452986E+000  0.11029956E+001  0.16041836E+001  0.25478893E+001  0.35797105E+001  0.67405068E+001  0.77986645E+001
  0.37211434E+000  0.43014824E+000  0.53089611E+000  0.63477349E+000  0.86451407E+000  0.11029480E+001  0.16041498E+001  0.25478311E+001  0.35795511E+001  0.67402381E+001  0.77980603E+001
  0.37213729E+000  0.43014488E+000  0.53088902E+000  0.63490824E+000  0.86450034E+000  0.11028855E+001  0.16041265E+001  0.25477606E+001  0.35794075E+001  0.67400235E+001  0.77975707E+001
  0.37213450E+000  0.43014197E+000  0.53089017E+000  0.63506779E+000  0.86448847E+000  0.11028850E+001  0.16040952E+001  0.25477301E+001  0.35789912E+001  0.67393404E+001  0.77973189E+001
  0.37205467E+000  0.43013951E+000  0.53091909E+000  0.63530888E+000  0.86447832E+000  0.11029012E+001  0.16040640E+001  0.25475491E+001  0.35788944E+001  0.67386485E+001  0.77968558E+001
  0.37205122E+000  0.43013744E+000  0.53090465E+000  0.63531853E+000  0.86446958E+000  0.11028621E+001  0.16040437E+001  0.25475836E+001  0.35788103E+001  0.67388195E+001  0.77966881E+001
  0.37205524E+000  0.43013567E+000  0.53086893E+000  0.63529409E+000  0.86441506E+000  0.11028435E+001  0.16040258E+001  0.25476083E+001  0.35785975E+001  0.67390605E+001  0.77964759E+001
  0.37206097E+000  0.43013416E+000  0.53086528E+000  0.63529218E+000  0.86440706E+000  0.11028543E+001  0.16040093E+001  0.25474617E+001  0.35781417E+001  0.67389870E+001  0.77965344E+001
  0.37206572E+000  0.43013284E+000  0.53086202E+000  0.63529246E+000  0.86441420E+000  0.11028479E+001  0.16040498E+001  0.25475764E+001  0.35781201E+001  0.67389251E+001  0.77965034E+001
  0.37206964E+000  0.43013168E+000  0.53085906E+000  0.63529415E+000  0.86442881E+000  0.11028198E+001  0.16040442E+001  0.25475485E+001  0.35779692E+001  0.67388761E+001  0.77963390E+001
  0.37207285E+000  0.43013062E+000  0.53085634E+000  0.63532274E+000  0.86443294E+000  0.11028276E+001  0.16039722E+001  0.25475360E+001  0.35780160E+001  0.67388408E+001  0.77963190E+001
  0.37207527E+000  0.43012926E+000  0.53085333E+000  0.63532161E+000  0.86442399E+000  0.11028282E+001  0.16039992E+001  0.25474828E+001  0.35779876E+001  0.67388041E+001  0.77963679E+001
  0.37207747E+000  0.43012832E+000  0.53085093E+000  0.63532101E+000  0.86440702E+000  0.11028103E+001  0.16039846E+001  0.25475126E+001  0.35779794E+001  0.67386889E+001  0.77964429E+001
  0.37207931E+000  0.43012747E+000  0.53084872E+000  0.63532039E+000  0.86440767E+000  0.11028147E+001  0.16039434E+001  0.25474909E+001  0.35779810E+001  0.67386903E+001  0.77965259E+001
  0.37208063E+000  0.43012630E+000  0.53084617E+000  0.63531916E+000  0.86440742E+000  0.11028023E+001  0.16039343E+001  0.25474974E+001  0.35779793E+001  0.67376933E+001  0.77965877E+001
  0.37208199E+000  0.43012557E+000  0.53084424E+000  0.63531852E+000  0.86440762E+000  0.11028047E+001  0.16039604E+001  0.25474676E+001  0.35779969E+001  0.67377481E+001  0.77966752E+001
  0.37208315E+000  0.43012489E+000  0.53084243E+000  0.63531783E+000  0.86440762E+000  0.11027984E+001  0.16039219E+001  0.25474071E+001  0.35780206E+001  0.67378055E+001  0.77967626E+001
  0.37208413E+000  0.43012424E+000  0.53084070E+000  0.63531708E+000  0.86440745E+000  0.11027308E+001  0.16039196E+001  0.25474437E+001  0.35778282E+001  0.67378627E+001  0.77968485E+001
  0.37208497E+000  0.43012359E+000  0.53083904E+000  0.63531627E+000  0.86440713E+000  0.11027317E+001  0.16039350E+001  0.25474605E+001  0.35778711E+001  0.67379178E+001  0.77969320E+001
  0.37208570E+000  0.43012294E+000  0.53083742E+000  0.63549808E+000  0.86435734E+000  0.11027327E+001  0.16039481E+001  0.25474260E+001  0.35779122E+001  0.67379699E+001  0.77970131E+001
  0.37208634E+000  0.43012228E+000  0.53083584E+000  0.63556416E+000  0.86435505E+000  0.11027338E+001  0.16039265E+001  0.25474236E+001  0.35779514E+001  0.67380183E+001  0.77970915E+001
  0.37208691E+000  0.43012161E+000  0.53083430E+000  0.63566818E+000  0.86435282E+000  0.11027348E+001  0.16039150E+001  0.25474211E+001  0.35779889E+001  0.67380627E+001  0.77971673E+001
  0.37208744E+000  0.43012094E+000  0.53083278E+000  0.63567374E+000  0.86435067E+000  0.11027359E+001  0.16039313E+001  0.25474185E+001  0.35780250E+001  0.67365087E+001  0.77972408E+001
  0.37208793E+000  0.43012025E+000  0.53083334E+000  0.63567884E+000  0.86434857E+000  0.11027369E+001  0.16038869E+001  0.25474160E+001  0.35775201E+001  0.67352974E+001  0.77973122E+001
  0.37208840E+000  0.43011957E+000  0.53083406E+000  0.63568354E+000  0.86434655E+000  0.11027379E+001  0.16038824E+001  0.25474135E+001  0.35775556E+001  0.67336817E+001  0.77974220E+001
  0.37208887E+000  0.43011888E+000  0.53083475E+000  0.63568786E+000  0.86434462E+000  0.11027389E+001  0.16038780E+001  0.25474021E+001  0.35775379E+001  0.67337537E+001  0.77974925E+001
  0.37208934E+000  0.43011821E+000  0.53083544E+000  0.63569183E+000  0.86434277E+000  0.11027399E+001  0.16038737E+001  0.25474005E+001  0.35775369E+001  0.67338245E+001  0.77975620E+001
  0.37208982E+000  0.43011755E+000  0.53083611E+000  0.63569550E+000  0.86434105E+000  0.11027410E+001  0.16038697E+001  0.25473743E+001  0.35775414E+001  0.67284420E+001  0.77978147E+001
  0.37209030E+000  0.43011691E+000  0.53083680E+000  0.63569888E+000  0.86433945E+000  0.11027422E+001  0.16038659E+001  0.25473718E+001  0.35768135E+001  0.67284934E+001  0.77978931E+001
  0.37209078E+000  0.43011632E+000  0.53083749E+000  0.63570201E+000  0.86434289E+000  0.11027435E+001  0.16038624E+001  0.25473713E+001  0.35767830E+001  0.67275498E+001  0.77979720E+001
  0.37209139E+000  0.43011609E+000  0.53083862E+000  0.63570523E+000  0.86434683E+000  0.11027465E+001  0.16038702E+001  0.25473749E+001  0.35767020E+001  0.67246601E+001  0.77980718E+001
  0.37209172E+000  0.43011560E+000  0.53083915E+000  0.63570738E+000  0.86434948E+000  0.11027482E+001  0.16038767E+001  0.25473756E+001  0.35767290E+001  0.67229670E+001  0.77981484E+001
  0.37209194E+000  0.43011506E+000  0.53083948E+000  0.63570912E+000  0.86435152E+000  0.11027494E+001  0.16038825E+001  0.25473665E+001  0.35767271E+001  0.67203610E+001  0.77982175E+001
  0.37209218E+000  0.43011469E+000  0.53083996E+000  0.63571079E+000  0.86435319E+000  0.11027417E+001  0.16038893E+001  0.25473654E+001  0.35767240E+001  0.67203993E+001  0.77982941E+001
  0.37209217E+000  0.43011409E+000  0.53083992E+000  0.63571165E+000  0.86435385E+000  0.11027425E+001  0.16038935E+001  0.25473605E+001  0.35767244E+001  0.67198638E+001  0.77983492E+001
  0.37209209E+000  0.43011341E+000  0.53083972E+000  0.63571229E+000  0.86435422E+000  0.11027427E+001  0.16038969E+001  0.25473365E+001  0.35766867E+001  0.67198521E+001  0.77983969E+001
  0.37209200E+000  0.43011275E+000  0.53083952E+000  0.63571288E+000  0.86435456E+000  0.11027430E+001  0.16038409E+001  0.25472632E+001  0.35766818E+001  0.67185327E+001  0.77984426E+001
  0.37209192E+000  0.43011210E+000  0.53083932E+000  0.63571340E+000  0.86435489E+000  0.11027219E+001  0.16038373E+001  0.25472700E+001  0.35766787E+001  0.67174487E+001  0.77984871E+001
  0.37209185E+000  0.43011148E+000  0.53083914E+000  0.63571385E+000  0.86435519E+000  0.11027224E+001  0.16038338E+001  0.25472765E+001  0.35766772E+001  0.67174845E+001  0.77985302E+001
  0.37209177E+000  0.43011088E+000  0.53083896E+000  0.63571423E+000  0.86435544E+000  0.11027229E+001  0.16038344E+001  0.25472826E+001  0.35766772E+001  0.67175192E+001  0.77985720E+001
  0.37209169E+000  0.43011030E+000  0.53083877E+000  0.63571454E+000  0.86435563E+000  0.11027234E+001  0.16038402E+001  0.25472883E+001  0.35766784E+001  0.67164955E+001  0.77986122E+001
  0.37209160E+000  0.43010973E+000  0.53083857E+000  0.63571478E+000  0.86435574E+000  0.11027239E+001  0.16038458E+001  0.25472935E+001  0.35766808E+001  0.67157995E+001  0.77986507E+001
  0.37209151E+000  0.43010918E+000  0.53083837E+000  0.63571495E+000  0.86435577E+000  0.11027243E+001  0.16038511E+001  0.25472982E+001  0.35766841E+001  0.67158308E+001  0.77986877E+001
  0.37209140E+000  0.43010864E+000  0.53083815E+000  0.63571505E+000  0.86435573E+000  0.11027247E+001  0.16038563E+001  0.25473062E+001  0.35765654E+001  0.67158607E+001  0.77987231E+001
  0.37209129E+000  0.43010812E+000  0.53083793E+000  0.63571509E+000  0.86435561E+000  0.11027251E+001  0.16038612E+001  0.25473028E+001  0.35765688E+001  0.67158892E+001  0.77987569E+001
  0.37209117E+000  0.43010760E+000  0.53083769E+000  0.63571506E+000  0.86435542E+000  0.11027254E+001  0.16038658E+001  0.25472994E+001  0.35765736E+001  0.67159166E+001  0.77987893E+001
  0.37209104E+000  0.43010710E+000  0.53083744E+000  0.63571453E+000  0.86435516E+000  0.11027257E+001  0.16038427E+001  0.25472153E+001  0.35765797E+001  0.67159156E+001  0.77988202E+001
  0.37209091E+000  0.43010660E+000  0.53083718E+000  0.63571393E+000  0.86435485E+000  0.11026717E+001  0.16038451E+001  0.25472197E+001  0.35765870E+001  0.67159306E+001  0.77988499E+001
  0.37209077E+000  0.43010612E+000  0.53083692E+000  0.63571333E+000  0.86435450E+000  0.11026707E+001  0.16038474E+001  0.25472239E+001  0.35765954E+001  0.67159439E+001  0.77988784E+001
  0.37209063E+000  0.43010564E+000  0.53083666E+000  0.63571272E+000  0.86435411E+000  0.11026698E+001  0.16038494E+001  0.25472277E+001  0.35764589E+001  0.67159558E+001  0.77989059E+001
  0.37209049E+000  0.43010517E+000  0.53083639E+000  0.63571211E+000  0.86433096E+000  0.11026689E+001  0.16038514E+001  0.25472312E+001  0.35764216E+001  0.67159663E+001  0.77989323E+001
  0.37209034E+000  0.43010471E+000  0.53083613E+000  0.63571150E+000  0.86433025E+000  0.11026680E+001  0.16038533E+001  0.25472345E+001  0.35763868E+001  0.67159233E+001  0.77989578E+001
  0.37209020E+000  0.43010426E+000  0.53083587E+000  0.63571089E+000  0.86432956E+000  0.11026671E+001  0.16037957E+001  0.25472377E+001  0.35763545E+001  0.67157792E+001  0.77989826E+001
  0.37209006E+000  0.43010382E+000  0.53083561E+000  0.63571028E+000  0.86432888E+000  0.11026663E+001  0.16037935E+001  0.25472407E+001  0.35763245E+001  0.67157914E+001  0.77990066E+001
  0.37208992E+000  0.43010339E+000  0.53083536E+000  0.63570966E+000  0.86432822E+000  0.11026655E+001  0.16037914E+001  0.25472437E+001  0.35762967E+001  0.67158034E+001  0.77990298E+001
  0.37208979E+000  0.43010296E+000  0.53083512E+000  0.63570904E+000  0.86432758E+000  0.11026647E+001  0.16037894E+001  0.25472477E+001  0.35762721E+001  0.67158152E+001  0.77990525E+001
  0.37208966E+000  0.43010255E+000  0.53083488E+000  0.63570841E+000  0.86432696E+000  0.11026639E+001  0.16037875E+001  0.25472554E+001  0.35762211E+001  0.67158269E+001  0.77990746E+001
  0.37208954E+000  0.43010214E+000  0.53083466E+000  0.63570778E+000  0.86432637E+000  0.11026631E+001  0.16037856E+001  0.25472538E+001  0.35762267E+001  0.67158384E+001  0.77990961E+001
  0.37208942E+000  0.43010174E+000  0.53083445E+000  0.63570715E+000  0.86432580E+000  0.11026624E+001  0.16037838E+001  0.25472503E+001  0.35762317E+001  0.67158499E+001  0.77991172E+001
  0.37208931E+000  0.43010135E+000  0.53083425E+000  0.63570650E+000  0.86432527E+000  0.11026617E+001  0.16037821E+001  0.25472484E+001  0.35762364E+001  0.67158613E+001  0.77991377E+001
  0.37208920E+000  0.43010097E+000  0.53083406E+000  0.63570586E+000  0.86432478E+000  0.11026611E+001  0.16037804E+001  0.25472115E+001  0.35762406E+001  0.67158726E+001  0.77991578E+001
  0.37208910E+000  0.43010060E+000  0.53083388E+000  0.63570484E+000  0.86432431E+000  0.11026605E+001  0.16037788E+001  0.25472101E+001  0.35762445E+001  0.67158838E+001  0.77991773E+001
  0.37208901E+000  0.43010025E+000  0.53083372E+000  0.63570349E+000  0.86432388E+000  0.11026599E+001  0.16037772E+001  0.25472089E+001  0.35762480E+001  0.67158949E+001  0.77991965E+001
  0.37208893E+000  0.43009990E+000  0.53083356E+000  0.63570206E+000  0.86432348E+000  0.11026593E+001  0.16037757E+001  0.25472077E+001  0.35762513E+001  0.67159059E+001  0.77992151E+001
  0.37208885E+000  0.43009956E+000  0.53083342E+000  0.63570056E+000  0.86432312E+000  0.11026588E+001  0.16037743E+001  0.25472066E+001  0.35762543E+001  0.67159168E+001  0.77992333E+001
  0.37208878E+000  0.43009923E+000  0.53083330E+000  0.63569900E+000  0.86432278E+000  0.11026583E+001  0.16037729E+001  0.25472056E+001  0.35762570E+001  0.67159276E+001  0.77992509E+001
  0.37208872E+000  0.43009891E+000  0.53083318E+000  0.63569738E+000  0.86432248E+000  0.11026578E+001  0.16037716E+001  0.25472046E+001  0.35762596E+001  0.67159383E+001  0.77992681E+001
  0.37208866E+000  0.43009861E+000  0.53083307E+000  0.63569572E+000  0.86432220E+000  0.11026574E+001  0.16037704E+001  0.25472038E+001  0.35762619E+001  0.67159488E+001  0.77992847E+001
  0.37208861E+000  0.43009831E+000  0.53083298E+000  0.63569401E+000  0.86432195E+000  0.11026569E+001  0.16037692E+001  0.25472029E+001  0.35762641E+001  0.67159591E+001  0.77993009E+001
  0.37208857E+000  0.43009803E+000  0.53083289E+000  0.63569229E+000  0.86432173E+000  0.11026566E+001  0.16037681E+001  0.25472022E+001  0.35762662E+001  0.67159692E+001  0.77993164E+001
  0.37208853E+000  0.43009776E+000  0.53083281E+000  0.63569056E+000  0.86432153E+000  0.11026562E+001  0.16037670E+001  0.25472015E+001  0.35762681E+001  0.67159792E+001  0.77993314E+001
  0.37208849E+000  0.43009750E+000  0.53083274E+000  0.63568890E+000  0.86432135E+000  0.11026558E+001  0.16037660E+001  0.25472009E+001  0.35762699E+001  0.67159888E+001  0.77993459E+001
  0.37208846E+000  0.43009725E+000  0.53083267E+000  0.63568726E+000  0.86432118E+000  0.11026555E+001  0.16037650E+001  0.25472003E+001  0.35762716E+001  0.67159983E+001  0.77993598E+001
  0.37208843E+000  0.43009701E+000  0.53083262E+000  0.63568566E+000  0.86432104E+000  0.11026552E+001  0.16037641E+001  0.25471998E+001  0.35762732E+001  0.67160075E+001  0.77993730E+001
  0.37208840E+000  0.43009679E+000  0.53083257E+000  0.63568410E+000  0.86432091E+000  0.11026549E+001  0.16037632E+001  0.25471993E+001  0.35762747E+001  0.67160164E+001  0.77993857E+001
  0.37208838E+000  0.43009657E+000  0.53083252E+000  0.63568258E+000  0.86432079E+000  0.11026547E+001  0.16037624E+001  0.25471988E+001  0.35762761E+001  0.67160250E+001  0.77993979E+001
  0.37208836E+000  0.43009637E+000  0.53083248E+000  0.63568112E+000  0.86432069E+000  0.11026544E+001  0.16037616E+001  0.25471984E+001  0.35763175E+001  0.67160334E+001  0.77994094E+001
  0.37208834E+000  0.43009618E+000  0.53083244E+000  0.63567972E+000  0.86432060E+000  0.11026542E+001  0.16037609E+001  0.25471980E+001  0.35763201E+001  0.67160414E+001  0.77994203E+001
  0.37208832E+000  0.43009600E+000  0.53083240E+000  0.63567839E+000  0.86432052E+000  0.11026540E+001  0.16037602E+001  0.25471977E+001  0.35763225E+001  0.67160492E+001  0.77994307E+001
  0.37208831E+000  0.43009583E+000  0.53083237E+000  0.63567712E+000  0.86432045E+000  0.11026538E+001  0.16037596E+001  0.25471973E+001  0.35763248E+001  0.67160567E+001  0.77994405E+001
  0.37208830E+000  0.43009567E+000  0.53083234E+000  0.63567594E+000  0.86432038E+000  0.11026536E+001  0.16037590E+001  0.25471970E+001  0.35763269E+001  0.67160639E+001  0.77994498E+001
  0.37208829E+000  0.43009553E+000  0.53083232E+000  0.63567483E+000  0.86432032E+000  0.11026534E+001  0.16037584E+001  0.25471968E+001  0.35763289E+001  0.67160708E+001  0.77994586E+001
  0.37208828E+000  0.43009539E+000  0.53083230E+000  0.63567380E+000  0.86432027E+000  0.11026532E+001  0.16037579E+001  0.25471965E+001  0.35763308E+001  0.67160775E+001  0.77994668E+001
  0.37208827E+000  0.43009526E+000  0.53083228E+000  0.63567285E+000  0.86432023E+000  0.11026531E+001  0.16037574E+001  0.25471963E+001  0.35763325E+001  0.67160838E+001  0.77994745E+001
  0.37208826E+000  0.43009514E+000  0.53083226E+000  0.63567198E+000  0.86432019E+000  0.11026529E+001  0.16037569E+001  0.25471961E+001  0.35763341E+001  0.67160899E+001  0.77994817E+001
  0.37208825E+000  0.43009503E+000  0.53083224E+000  0.63567120E+000  0.86432015E+000  0.11026528E+001  0.16037565E+001  0.25471959E+001  0.35763356E+001  0.67160958E+001  0.77994885E+001
  0.37208825E+000  0.43009493E+000  0.53083223E+000  0.63567051E+000  0.86432012E+000  0.11026527E+001  0.16037561E+001  0.25471957E+001  0.35763370E+001  0.67161014E+001  0.77994949E+001
  0.37208824E+000  0.43009483E+000  0.53083221E+000  0.63566989E+000  0.86432009E+000  0.11026526E+001  0.16037557E+001  0.25471955E+001  0.35763383E+001  0.67161067E+001  0.77995008E+001
  0.37208824E+000  0.43009475E+000  0.53083220E+000  0.63566936E+000  0.86432007E+000  0.11026525E+001  0.16037553E+001  0.25471954E+001  0.35763396E+001  0.67161119E+001  0.77995063E+001
  0.37208823E+000  0.43009467E+000  0.53083219E+000  0.63566891E+000  0.86432005E+000  0.11026524E+001  0.16037550E+001  0.25471953E+001  0.35763407E+001  0.67161168E+001  0.77995114E+001
  0.37208823E+000  0.43009460E+000  0.53083218E+000  0.63566854E+000  0.86432003E+000  0.11026523E+001  0.16037547E+001  0.25471952E+001  0.35763417E+001  0.67161215E+001  0.77995162E+001
  0.37208823E+000  0.43009453E+000  0.53083217E+000  0.63566825E+000  0.86432002E+000  0.11026522E+001  0.16037544E+001  0.25471951E+001  0.35763427E+001  0.67161260E+001  0.77995206E+001
  0.37208823E+000  0.43009447E+000  0.53083217E+000  0.63566802E+000  0.86432000E+000  0.11026521E+001  0.16037542E+001  0.25471950E+001  0.35763435E+001  0.67161304E+001  0.77995247E+001
  0.37208822E+000  0.43009442E+000  0.53083216E+000  0.63566787E+000  0.86431999E+000  0.11026521E+001  0.16037539E+001  0.25471949E+001  0.35763444E+001  0.67161345E+001  0.77995285E+001
  0.37208822E+000  0.43009437E+000  0.53083216E+000  0.63566779E+000  0.86431998E+000  0.11026520E+001  0.16037537E+001  0.25471948E+001  0.35763451E+001  0.67161385E+001  0.77995320E+001
  0.37208822E+000  0.43009433E+000  0.53083215E+000  0.63566777E+000  0.86431998E+000  0.11026519E+001  0.16037535E+001  0.25471947E+001  0.35763458E+001  0.67161423E+001  0.77995353E+001
  0.37208822E+000  0.43009429E+000  0.53083215E+000  0.63566781E+000  0.86431997E+000  0.11026519E+001  0.16037534E+001  0.25471947E+001  0.35763464E+001  0.67161460E+001  0.77995383E+001
  0.37208822E+000  0.43009425E+000  0.53083215E+000  0.63566792E+000  0.86431997E+000  0.11026518E+001  0.16037532E+001  0.25471946E+001  0.35763469E+001  0.67161495E+001  0.77995411E+001
  0.37208822E+000  0.43009422E+000  0.53083214E+000  0.63566807E+000  0.86431997E+000  0.11026518E+001  0.16037530E+001  0.25471946E+001  0.35763474E+001  0.67161529E+001  0.77995437E+001
  0.37208822E+000  0.43009420E+000  0.53083214E+000  0.63566828E+000  0.86431996E+000  0.11026518E+001  0.16037529E+001  0.25471946E+001  0.35763479E+001  0.67161562E+001  0.77995461E+001
  0.37208822E+000  0.43009417E+000  0.53083214E+000  0.63566853E+000  0.86431996E+000  0.11026517E+001  0.16037528E+001  0.25471945E+001  0.35763483E+001  0.67161593E+001  0.77995483E+001
  0.37208822E+000  0.43009415E+000  0.53083214E+000  0.63566882E+000  0.86431996E+000  0.11026517E+001  0.16037527E+001  0.25471945E+001  0.35763486E+001  0.67161623E+001  0.77995503E+001
  0.37208822E+000  0.43009414E+000  0.53083214E+000  0.63566916E+000  0.86431996E+000  0.11026517E+001  0.16037526E+001  0.25471945E+001  0.35763489E+001  0.67161652E+001  0.77995522E+001
  0.37208822E+000  0.43009412E+000  0.53083214E+000  0.63566953E+000  0.86431997E+000  0.11026516E+001  0.16037525E+001  0.25471945E+001  0.35763492E+001  0.67161680E+001  0.77995539E+001
  0.37208823E+000  0.43009411E+000  0.53083214E+000  0.63566994E+000  0.86431997E+000  0.11026516E+001  0.16037524E+001  0.25471945E+001  0.35763494E+001  0.67161706E+001  0.77995555E+001
  0.37208823E+000  0.43009410E+000  0.53083214E+000  0.63567037E+000  0.86431997E+000  0.11026516E+001  0.16037523E+001  0.25471945E+001  0.35763496E+001  0.67161732E+001  0.77995570E+001
  0.37208823E+000  0.43009409E+000  0.53083215E+000  0.63567083E+000  0.86431998E+000  0.11026516E+001  0.16037522E+001  0.25471945E+001  0.35763498E+001  0.67161756E+001  0.77995583E+001
  0.37208823E+000  0.43009409E+000  0.53083215E+000  0.63567132E+000  0.86431998E+000  0.11026516E+001  0.16037522E+001  0.25471945E+001  0.35763499E+001  0.67161779E+001  0.77995596E+001
  0.37208823E+000  0.43009408E+000  0.53083215E+000  0.63567182E+000  0.86431999E+000  0.11026516E+001  0.16037521E+001  0.25471945E+001  0.35763500E+001  0.67161801E+001  0.77995608E+001
  0.37208824E+000  0.43009408E+000  0.53083215E+000  0.63567234E+000  0.86431999E+000  0.11026515E+001  0.16037520E+001  0.25471945E+001  0.35763501E+001  0.67161822E+001  0.77995619E+001
  0.37208824E+000  0.43009408E+000  0.53083216E+000  0.63567288E+000  0.86432000E+000  0.11026515E+001  0.16037520E+001  0.25471945E+001  0.35763501E+001  0.67161842E+001  0.77995629E+001
  0.37208824E+000  0.43009408E+000  0.53083216E+000  0.63567343E+000  0.86432000E+000  0.11026515E+001  0.16037520E+001  0.25471945E+001  0.35763501E+001  0.67161861E+001  0.77995638E+001
  0.37208824E+000  0.43009408E+000  0.53083216E+000  0.63567398E+000  0.86432001E+000  0.11026515E+001  0.16037519E+001  0.25471945E+001  0.35763501E+001  0.67161878E+001  0.77995646E+001
  0.37208825E+000  0.43009408E+000  0.53083217E+000  0.63567455E+000  0.86432002E+000  0.11026515E+001  0.16037519E+001  0.25471945E+001  0.35763501E+001  0.67161895E+001  0.77995654E+001
  0.37208825E+000  0.43009408E+000  0.53083217E+000  0.63567512E+000  0.86432003E+000  0.11026515E+001  0.16037519E+001  0.25471945E+001  0.35763500E+001  0.67161910E+001  0.77995662E+001
  0.37208825E+000  0.43009408E+000  0.53083218E+000  0.63567569E+000  0.86432003E+000  0.11026515E+001  0.16037518E+001  0.25471945E+001  0.35763499E+001  0.67161924E+001  0.77995668E+001
  0.37208826E+000  0.43009409E+000  0.53083218E+000  0.63567626E+000  0.86432004E+000  0.11026515E+001  0.16037518E+001  0.25471945E+001  0.35763498E+001  0.67161937E+001  0.77995675E+001
  0.37208826E+000  0.43009409E+000  0.53083219E+000  0.63567683E+000  0.86432005E+000  0.11026515E+001  0.16037518E+001  0.25471946E+001  0.35763497E+001  0.67161949E+001  0.77995680E+001
  0.37208827E+000  0.43009410E+000  0.53083219E+000  0.63567740E+000  0.86432006E+000  0.11026515E+001  0.16037518E+001  0.25471946E+001  0.35763496E+001  0.67161960E+001  0.77995685E+001
  0.37208827E+000  0.43009410E+000  0.53083220E+000  0.63567796E+000  0.86432007E+000  0.11026515E+001  0.16037518E+001  0.25471946E+001  0.35763494E+001  0.67161969E+001  0.77995690E+001
  0.37208827E+000  0.43009411E+000  0.53083220E+000  0.63567852E+000  0.86432008E+000  0.11026515E+001  0.16037518E+001  0.25471946E+001  0.35763493E+001  0.67161978E+001  0.77995694E+001
  0.37208828E+000  0.43009412E+000  0.53083221E+000  0.63567907E+000  0.86432010E+000  0.11026515E+001  0.16037517E+001  0.25471947E+001  0.35763491E+001  0.67161985E+001  0.77995698E+001
  0.37208828E+000  0.43009412E+000  0.53083221E+000  0.63567962E+000  0.86432011E+000  0.11026515E+001  0.16037517E+001  0.25471947E+001  0.35763489E+001  0.67161990E+001  0.77995702E+001
  0.37208829E+000  0.43009413E+000  0.53083222E+000  0.63568015E+000  0.86432012E+000  0.11026515E+001  0.16037517E+001  0.25471947E+001  0.35763488E+001  0.67161995E+001  0.77995704E+001
  0.37208829E+000  0.43009414E+000  0.53083223E+000  0.63568068E+000  0.86432013E+000  0.11026515E+001  0.16037517E+001  0.25471947E+001  0.35763486E+001  0.67161998E+001  0.77995707E+001
  0.37208830E+000  0.43009415E+000  0.53083223E+000  0.63568119E+000  0.86432015E+000  0.11026516E+001  0.16037517E+001  0.25471948E+001  0.35763484E+001  0.67162000E+001  0.77995709E+001
  0.37208830E+000  0.43009416E+000  0.53083224E+000  0.63568169E+000  0.86432016E+000  0.11026516E+001  0.16037518E+001  0.25471948E+001  0.35763482E+001  0.67162001E+001  0.77995711E+001
  0.37208831E+000  0.43009417E+000  0.53083225E+000  0.63568218E+000  0.86432018E+000  0.11026516E+001  0.16037518E+001  0.25471948E+001  0.35763480E+001  0.67162001E+001  0.77995712E+001
  0.37208831E+000  0.43009418E+000  0.53083225E+000  0.63568265E+000  0.86432019E+000  0.11026516E+001  0.16037518E+001  0.25471949E+001  0.35763478E+001  0.67161999E+001  0.77995713E+001
  0.37208832E+000  0.43009418E+000  0.53083226E+000  0.63568312E+000  0.86432021E+000  0.11026516E+001  0.16037518E+001  0.25471949E+001  0.35763476E+001  0.67161996E+001  0.77995714E+001
  0.37208832E+000  0.43009419E+000  0.53083227E+000  0.63568357E+000  0.86432022E+000  0.11026516E+001  0.16037518E+001  0.25471949E+001  0.35763473E+001  0.67161992E+001  0.77995714E+001
  0.37208833E+000  0.43009420E+000  0.53083228E+000  0.63568400E+000  0.86432024E+000  0.11026516E+001  0.16037518E+001  0.25471950E+001  0.35763471E+001  0.67161987E+001  0.77995714E+001
  0.37208833E+000  0.43009422E+000  0.53083228E+000  0.63568442E+000  0.86432026E+000  0.11026516E+001  0.16037518E+001  0.25471950E+001  0.35763469E+001  0.67161980E+001  0.77995713E+001
  0.37208834E+000  0.43009423E+000  0.53083229E+000  0.63568482E+000  0.86432028E+000  0.11026516E+001  0.16037519E+001  0.25471951E+001  0.35763467E+001  0.67161973E+001  0.77995712E+001
  0.37208835E+000  0.43009424E+000  0.53083230E+000  0.63568521E+000  0.86432029E+000  0.11026517E+001  0.16037519E+001  0.25471951E+001  0.35763465E+001  0.67161964E+001  0.77995711E+001
  0.37208835E+000  0.43009425E+000  0.53083231E+000  0.63568559E+000  0.86432031E+000  0.11026517E+001  0.16037519E+001  0.25471951E+001  0.35763464E+001  0.67161955E+001  0.77995709E+001
  0.37208836E+000  0.43009426E+000  0.53083231E+000  0.63568595E+000  0.86432033E+000  0.11026517E+001  0.16037519E+001  0.25471952E+001  0.35763462E+001  0.67161944E+001  0.77995707E+001
  0.37208836E+000  0.43009427E+000  0.53083232E+000  0.63568629E+000  0.86432035E+000  0.11026517E+001  0.16037520E+001  0.25471952E+001  0.35763460E+001  0.67161932E+001  0.77995705E+001
  0.37208837E+000  0.43009428E+000  0.53083233E+000  0.63568662E+000  0.86432037E+000  0.11026517E+001  0.16037520E+001  0.25471953E+001  0.35763458E+001  0.67161920E+001  0.77995702E+001
  0.37208837E+000  0.43009430E+000  0.53083234E+000  0.63568693E+000  0.86432039E+000  0.11026517E+001  0.16037520E+001  0.25471953E+001  0.35763457E+001  0.67161907E+001  0.77995699E+001
  0.37208838E+000  0.43009431E+000  0.53083235E+000  0.63568722E+000  0.86432041E+000  0.11026518E+001  0.16037521E+001  0.25471954E+001  0.35763455E+001  0.67161892E+001  0.77995695E+001
  0.37208839E+000  0.43009432E+000  0.53083236E+000  0.63568750E+000  0.86432043E+000  0.11026518E+001  0.16037521E+001  0.25471954E+001  0.35763454E+001  0.67161878E+001  0.77995692E+001
  0.37208839E+000  0.43009433E+000  0.53083236E+000  0.63568777E+000  0.86432045E+000  0.11026518E+001  0.16037521E+001  0.25471955E+001  0.35763452E+001  0.67161862E+001  0.77995688E+001
  0.37208840E+000  0.43009434E+000  0.53083237E+000  0.63568802E+000  0.86432047E+000  0.11026518E+001  0.16037522E+001  0.25471955E+001  0.35763451E+001  0.67161846E+001  0.77995683E+001
  0.37208840E+000  0.43009436E+000  0.53083238E+000  0.63568826E+000  0.86432050E+000  0.11026518E+001  0.16037522E+001  0.25471956E+001  0.35763450E+001  0.67161829E+001  0.77995679E+001
  0.37208841E+000  0.43009437E+000  0.53083239E+000  0.63568848E+000  0.86432052E+000  0.11026519E+001  0.16037523E+001  0.25471956E+001  0.35763449E+001  0.67161812E+001  0.77995674E+001
  0.37208841E+000  0.43009438E+000  0.53083240E+000  0.63568869E+000  0.86432054E+000  0.11026519E+001  0.16037523E+001  0.25471956E+001  0.35763448E+001  0.67161795E+001  0.77995669E+001
  0.37208842E+000  0.43009440E+000  0.53083240E+000  0.63568888E+000  0.86432056E+000  0.11026519E+001  0.16037524E+001  0.25471957E+001  0.35763447E+001  0.67161777E+001  0.77995664E+001
  0.37208842E+000  0.43009441E+000  0.53083241E+000  0.63568906E+000  0.86432058E+000  0.11026519E+001  0.16037524E+001  0.25471957E+001  0.35763446E+001  0.67161759E+001  0.77995658E+001
  0.37208843E+000  0.43009442E+000  0.53083242E+000  0.63568922E+000  0.86432060E+000  0.11026519E+001  0.16037524E+001  0.25471958E+001  0.35763445E+001  0.67161741E+001  0.77995653E+001
  0.37208843E+000  0.43009443E+000  0.53083243E+000  0.63568937E+000  0.86432062E+000  0.11026520E+001  0.16037525E+001  0.25471958E+001  0.35763444E+001  0.67161723E+001  0.77995647E+001
  0.37208844E+000  0.43009445E+000  0.53083243E+000  0.63568951E+000  0.86432064E+000  0.11026520E+001  0.16037525E+001  0.25471959E+001  0.35763444E+001  0.67161705E+001  0.77995641E+001
  0.37208844E+000  0.43009446E+000  0.53083244E+000  0.63568964E+000  0.86432066E+000  0.11026520E+001  0.16037526E+001  0.25471959E+001  0.35763443E+001  0.67161688E+001  0.77995635E+001
  0.37208845E+000  0.43009447E+000  0.53083245E+000  0.63568975E+000  0.86432067E+000  0.11026520E+001  0.16037526E+001  0.25471960E+001  0.35763442E+001  0.67161670E+001  0.77995629E+001
  0.37208845E+000  0.43009448E+000  0.53083245E+000  0.63568986E+000  0.86432069E+000  0.11026521E+001  0.16037527E+001  0.25471960E+001  0.35763442E+001  0.67161653E+001  0.77995623E+001
  0.37208846E+000  0.43009449E+000  0.53083246E+000  0.63568995E+000  0.86432071E+000  0.11026521E+001  0.16037527E+001  0.25471960E+001  0.35763441E+001  0.67161636E+001  0.77995617E+001
  0.37208846E+000  0.43009450E+000  0.53083247E+000  0.63569003E+000  0.86432073E+000  0.11026521E+001  0.16037528E+001  0.25471961E+001  0.35763441E+001  0.67161619E+001  0.77995611E+001
  0.37208846E+000  0.43009452E+000  0.53083247E+000  0.63569010E+000  0.86432074E+000  0.11026521E+001  0.16037528E+001  0.25471961E+001  0.35763440E+001  0.67161603E+001  0.77995605E+001
  0.37208847E+000  0.43009453E+000  0.53083248E+000  0.63569016E+000  0.86432076E+000  0.11026521E+001  0.16037529E+001  0.25471962E+001  0.35763440E+001  0.67161587E+001  0.77995599E+001
  0.37208847E+000  0.43009454E+000  0.53083248E+000  0.63569021E+000  0.86432077E+000  0.11026521E+001  0.16037529E+001  0.25471962E+001  0.35763440E+001  0.67161572E+001  0.77995593E+001
  0.37208847E+000  0.43009455E+000  0.53083249E+000  0.63569025E+000  0.86432079E+000  0.11026522E+001  0.16037530E+001  0.25471962E+001  0.35763439E+001  0.67161558E+001  0.77995587E+001
  0.37208848E+000  0.43009456E+000  0.53083249E+000  0.63569029E+000  0.86432080E+000  0.11026522E+001  0.16037530E+001  0.25471963E+001  0.35763439E+001  0.67161544E+001  0.77995581E+001
  0.37208848E+000  0.43009457E+000  0.53083250E+000  0.63569031E+000  0.86432081E+000  0.11026522E+001  0.16037530E+001  0.25471963E+001  0.35763439E+001  0.67161531E+001  0.77995576E+001
  0.37208848E+000  0.43009458E+000  0.53083250E+000  0.63569033E+000  0.86432082E+000  0.11026522E+001  0.16037531E+001  0.25471963E+001  0.35763439E+001  0.67161518E+001  0.77995570E+001
  0.37208848E+000  0.43009459E+000  0.53083251E+000  0.63569034E+000  0.86432083E+000  0.11026522E+001  0.16037531E+001  0.25471963E+001  0.35763438E+001  0.67161507E+001  0.77995565E+001
  0.37208849E+000  0.43009459E+000  0.53083251E+000  0.63569035E+000  0.86432084E+000  0.11026522E+001  0.16037531E+001  0.25471964E+001  0.35763438E+001  0.67161496E+001  0.77995560E+001
  0.37208849E+000  0.43009460E+000  0.53083251E+000  0.63569035E+000  0.86432085E+000  0.11026523E+001  0.16037532E+001  0.25471964E+001  0.35763438E+001  0.67161485E+001  0.77995555E+001
  0.37208849E+000  0.43009461E+000  0.53083251E+000  0.63569034E+000  0.86432086E+000  0.11026523E+001  0.16037532E+001  0.25471964E+001  0.35763438E+001  0.67161476E+001  0.77995550E+001
  0.37208849E+000  0.43009462E+000  0.53083252E+000  0.63569033E+000  0.86432087E+000  0.11026523E+001  0.16037532E+001  0.25471964E+001  0.35763438E+001  0.67161468E+001  0.77995545E+001
  0.37208849E+000  0.43009462E+000  0.53083252E+000  0.63569032E+000  0.86432088E+000  0.11026523E+001  0.16037533E+001  0.25471964E+001  0.35763438E+001  0.67161460E+001  0.77995541E+001
  0.37208849E+000  0.43009463E+000  0.53083252E+000  0.63569030E+000  0.86432088E+000  0.11026523E+001  0.16037533E+001  0.25471965E+001  0.35763437E+001  0.67161453E+001  0.77995537E+001
  0.37208849E+000  0.43009463E+000  0.53083252E+000  0.63569028E+000  0.86432089E+000  0.11026523E+001  0.16037533E+001  0.25471965E+001  0.35763437E+001  0.67161446E+001  0.77995533E+001
  0.37208849E+000  0.43009464E+000  0.53083253E+000  0.63569025E+000  0.86432089E+000  0.11026523E+001  0.16037534E+001  0.25471965E+001  0.35763437E+001  0.67161441E+001  0.77995529E+001
  0.37208849E+000  0.43009464E+000  0.53083253E+000  0.63569023E+000  0.86432090E+000  0.11026523E+001  0.16037534E+001  0.25471965E+001  0.35763437E+001  0.67161436E+001  0.77995526E+001
  0.37208850E+000  0.43009465E+000  0.53083253E+000  0.63569020E+000  0.86432090E+000  0.11026523E+001  0.16037534E+001  0.25471965E+001  0.35763437E+001  0.67161431E+001  0.77995522E+001
  0.37208850E+000  0.43009465E+000  0.53083253E+000  0.63569017E+000  0.86432091E+000  0.11026523E+001  0.16037534E+001  0.25471965E+001  0.35763437E+001  0.67161428E+001  0.77995519E+001
  0.37208850E+000  0.43009466E+000  0.53083253E+000  0.63569014E+000  0.86432091E+000  0.11026523E+001  0.16037534E+001  0.25471965E+001  0.35763437E+001  0.67161425E+001  0.77995516E+001
  0.37208850E+000  0.43009466E+000  0.53083254E+000  0.63569011E+000  0.86432093E+000  0.11026524E+001  0.16037535E+001  0.25471966E+001  0.35763437E+001  0.67161422E+001  0.77995514E+001
  0.37208850E+000  0.43009466E+000  0.53083254E+000  0.63569007E+000  0.86432094E+000  0.11026524E+001  0.16037535E+001  0.25471965E+001  0.35763436E+001  0.67161419E+001  0.77995511E+001
