  0.36245225E+000  0.41594157E+000  0.50248794E+000  0.58391531E+000  0.73682802E+000  0.89252363E+000  0.13033329E+001  0.17363873E+001  0.22846306E+001  0.44165251E+001  0.46340708E+001
  0.36220110E+000  0.41547836E+000  0.50194070E+000  0.58352141E+000  0.73612534E+000  0.89170220E+000  0.13026675E+001  0.17355503E+001  0.22835482E+001  0.44150240E+001  0.46325573E+001
  0.36189973E+000  0.41508816E+000  0.50141296E+000  0.58319678E+000  0.73552420E+000  0.89209471E+000  0.13019881E+001  0.17348407E+001  0.22822566E+001  0.44141431E+001  0.46312463E+001
  0.36170923E+000  0.41475486E+000  0.50113360E+000  0.58291673E+000  0.73501444E+000  0.89387676E+000  0.13015452E+001  0.17342690E+001  0.22818365E+001  0.44131647E+001  0.46301207E+001
  0.36154668E+000  0.41445348E+000  0.50081162E+000  0.58267761E+000  0.73458241E+000  0.89366243E+000  0.13011025E+001  0.17338075E+001  0.22811652E+001  0.44122177E+001  0.46292669E+001
  0.36140834E+000  0.41421765E+000  0.50053865E+000  0.58247976E+000  0.73421746E+000  0.89339035E+000  0.13006451E+001  0.17333577E+001  0.22806090E+001  0.44115349E+001  0.46284518E+001
  0.36129060E+000  0.41403097E+000  0.50030726E+000  0.58230122E+000  0.73390751E+000  0.89314553E+000  0.13004044E+001  0.17330052E+001  0.22801281E+001  0.44111926E+001  0.46277897E+001
  0.36119039E+000  0.41384914E+000  0.50011104E+000  0.58216050E+000  0.73364466E+000  0.89290809E+000  0.13000594E+001  0.17327148E+001  0.22797335E+001  0.44106414E+001  0.46272273E+001
  0.36110507E+000  0.41371327E+000  0.49993987E+000  0.58204091E+000  0.73342167E+000  0.89270663E+000  0.12998481E+001  0.17324653E+001  0.22793860E+001  0.44102964E+001  0.46267496E+001
  0.36103242E+000  0.41358949E+000  0.49977308E+000  0.58193928E+000  0.73323235E+000  0.89258955E+000  0.12996751E+001  0.17322251E+001  0.22792819E+001  0.44099522E+001  0.46263436E+001
  0.36097056E+000  0.41346705E+000  0.49968330E+000  0.58184524E+000  0.73307159E+000  0.89243164E+000  0.12995157E+001  0.17320397E+001  0.22802606E+001  0.44096623E+001  0.46259986E+001
  0.36091788E+000  0.41337777E+000  0.49958136E+000  0.58177260E+000  0.73293499E+000  0.89233441E+000  0.12993858E+001  0.17318820E+001  0.22800792E+001  0.44093195E+001  0.46257053E+001
  0.36087301E+000  0.41330190E+000  0.49949472E+000  0.58171085E+000  0.73281885E+000  0.89221845E+000  0.12991895E+001  0.17317574E+001  0.22799205E+001  0.44090295E+001  0.46254561E+001
  0.36083481E+000  0.41325203E+000  0.49942106E+000  0.58165404E+000  0.73272008E+000  0.89215375E+000  0.12991270E+001  0.17316455E+001  0.22802932E+001  0.44090745E+001  0.46251482E+001
  0.36080228E+000  0.41318569E+000  0.49935846E+000  0.58160880E+000  0.73263613E+000  0.89208382E+000  0.12990741E+001  0.17315377E+001  0.22805153E+001  0.44088785E+001  0.46249476E+001
  0.36077461E+000  0.41315343E+000  0.49930528E+000  0.58157038E+000  0.73256478E+000  0.89184025E+000  0.12989591E+001  0.17314555E+001  0.22804209E+001  0.44087129E+001  0.46246955E+001
  0.36075106E+000  0.41311391E+000  0.49924070E+000  0.58153778E+000  0.73250414E+000  0.89169507E+000  0.12989293E+001  0.17313870E+001  0.22803461E+001  0.44085732E+001  0.46247590E+001
  0.36073106E+000  0.41306321E+000  0.49922176E+000  0.58149345E+000  0.73245264E+000  0.89125147E+000  0.12988454E+001  0.17313347E+001  0.22802819E+001  0.44084557E+001  0.46246213E+001
  0.36071407E+000  0.41305193E+000  0.49918924E+000  0.58147059E+000  0.73240895E+000  0.89009045E+000  0.12988097E+001  0.17312813E+001  0.22806601E+001  0.44083569E+001  0.46245200E+001
  0.36069966E+000  0.41301091E+000  0.49916170E+000  0.58145125E+000  0.73237192E+000  0.88966952E+000  0.12987796E+001  0.17312394E+001  0.22806574E+001  0.44082742E+001  0.46244350E+001
  0.36068746E+000  0.41299068E+000  0.49909181E+000  0.58143492E+000  0.73233738E+000  0.88964561E+000  0.12987544E+001  0.17312072E+001  0.22806271E+001  0.44082051E+001  0.46243528E+001
  0.36067715E+000  0.41297365E+000  0.49907983E+000  0.58142117E+000  0.73231410E+000  0.88917450E+000  0.12987333E+001  0.17311746E+001  0.22805992E+001  0.44081475E+001  0.46242902E+001
  0.36066844E+000  0.41295935E+000  0.49906978E+000  0.58140961E+000  0.73229177E+000  0.88911359E+000  0.12987157E+001  0.17311500E+001  0.22805739E+001  0.44080999E+001  0.46242384E+001
  0.36066112E+000  0.41295015E+000  0.49906140E+000  0.58139993E+000  0.73227299E+000  0.88842057E+000  0.12987037E+001  0.17311293E+001  0.22805515E+001  0.44080607E+001  0.46242713E+001
  0.36065497E+000  0.41295357E+000  0.49907660E+000  0.58139184E+000  0.73225725E+000  0.88810298E+000  0.12986891E+001  0.17311122E+001  0.22804890E+001  0.44080285E+001  0.46242348E+001
  0.36064983E+000  0.41294509E+000  0.49906687E+000  0.58138512E+000  0.73224408E+000  0.88803156E+000  0.12986522E+001  0.17310980E+001  0.22804767E+001  0.44080024E+001  0.46242050E+001
  0.36064553E+000  0.41293805E+000  0.49905877E+000  0.58137954E+000  0.73223311E+000  0.88767513E+000  0.12986439E+001  0.17310863E+001  0.22804749E+001  0.44079814E+001  0.46241807E+001
  0.36064195E+000  0.41293222E+000  0.49905206E+000  0.58137493E+000  0.73222399E+000  0.88755080E+000  0.12986370E+001  0.17310717E+001  0.22804657E+001  0.44079646E+001  0.46241739E+001
  0.36063899E+000  0.41292741E+000  0.49903676E+000  0.58137115E+000  0.73221645E+000  0.88723127E+000  0.12986315E+001  0.17310641E+001  0.22804576E+001  0.44079515E+001  0.46241574E+001
  0.36063653E+000  0.41292347E+000  0.49904197E+000  0.58136807E+000  0.73221024E+000  0.88712248E+000  0.12986270E+001  0.17310580E+001  0.22804506E+001  0.44079413E+001  0.46241445E+001
  0.36063451E+000  0.41292025E+000  0.49903825E+000  0.58136556E+000  0.73220514E+000  0.88711646E+000  0.12986235E+001  0.17310532E+001  0.22804447E+001  0.44079337E+001  0.46241345E+001
  0.36063286E+000  0.41291764E+000  0.49903522E+000  0.58136353E+000  0.73220098E+000  0.88711154E+000  0.12986206E+001  0.17310495E+001  0.22804399E+001  0.44079281E+001  0.46241269E+001
  0.36063150E+000  0.41291554E+000  0.49903277E+000  0.58136191E+000  0.73219759E+000  0.88710752E+000  0.12986184E+001  0.17310466E+001  0.22804359E+001  0.44079242E+001  0.46241213E+001
  0.36063039E+000  0.41291385E+000  0.49903080E+000  0.58136061E+000  0.73219484E+000  0.88710426E+000  0.12986167E+001  0.17310445E+001  0.22804327E+001  0.44079217E+001  0.46241174E+001
  0.36062949E+000  0.41291250E+000  0.49902922E+000  0.58135959E+000  0.73219262E+000  0.88710162E+000  0.12986154E+001  0.17310430E+001  0.22804302E+001  0.44079202E+001  0.46241148E+001
  0.36062875E+000  0.41291144E+000  0.49902796E+000  0.58135878E+000  0.73219083E+000  0.88709948E+000  0.12986145E+001  0.17310419E+001  0.22804282E+001  0.44079197E+001  0.46241133E+001
  0.36062815E+000  0.41291059E+000  0.49902696E+000  0.58135815E+000  0.73218940E+000  0.88709775E+000  0.12986138E+001  0.17310412E+001  0.22804267E+001  0.44079199E+001  0.46241126E+001
  0.36062766E+000  0.41290993E+000  0.49902616E+000  0.58135766E+000  0.73218824E+000  0.88709635E+000  0.12986133E+001  0.17310409E+001  0.22804256E+001  0.44079206E+001  0.46241126E+001
  0.36062726E+000  0.41290941E+000  0.49900114E+000  0.58135728E+000  0.73218730E+000  0.88709522E+000  0.12986129E+001  0.17310407E+001  0.22804248E+001  0.44079217E+001  0.46241131E+001
  0.36062692E+000  0.41290900E+000  0.49900097E+000  0.58135698E+000  0.73218654E+000  0.88709429E+000  0.12986127E+001  0.17310408E+001  0.22804242E+001  0.44079231E+001  0.46241141E+001
  0.36062664E+000  0.41290868E+000  0.49900085E+000  0.58135675E+000  0.73218592E+000  0.88709352E+000  0.12986126E+001  0.17310409E+001  0.22804237E+001  0.44079248E+001  0.46241153E+001
  0.36062640E+000  0.41290842E+000  0.49900077E+000  0.58135657E+000  0.73218540E+000  0.88709287E+000  0.12986126E+001  0.17310412E+001  0.22804234E+001  0.44079266E+001  0.46241168E+001
  0.36062619E+000  0.41290821E+000  0.49900071E+000  0.58135642E+000  0.73218496E+000  0.88709232E+000  0.12986126E+001  0.17310415E+001  0.22804232E+001  0.44079285E+001  0.46241184E+001
  0.36062600E+000  0.41290804E+000  0.49900067E+000  0.58135629E+000  0.73218457E+000  0.88709183E+000  0.12986126E+001  0.17310419E+001  0.22804231E+001  0.44079304E+001  0.46241202E+001
  0.36062583E+000  0.41290788E+000  0.49900064E+000  0.58135618E+000  0.73218423E+000  0.88709140E+000  0.12986126E+001  0.17310422E+001  0.22804230E+001  0.44079324E+001  0.46241220E+001
  0.36062567E+000  0.41290775E+000  0.49900061E+000  0.58135608E+000  0.73218391E+000  0.88709099E+000  0.12986127E+001  0.17310426E+001  0.22804229E+001  0.44079343E+001  0.46241238E+001
  0.36062551E+000  0.41290762E+000  0.49900057E+000  0.58135597E+000  0.73218361E+000  0.88709061E+000  0.12986127E+001  0.17310429E+001  0.22804229E+001  0.44079363E+001  0.46241257E+001
  0.36062536E+000  0.41290749E+000  0.49900053E+000  0.58135586E+000  0.73218332E+000  0.88709023E+000  0.12986127E+001  0.17310432E+001  0.22804228E+001  0.44079382E+001  0.46241275E+001
  0.36062521E+000  0.41290736E+000  0.49900048E+000  0.58135575E+000  0.73218302E+000  0.88708986E+000  0.12986128E+001  0.17310435E+001  0.22804228E+001  0.44079400E+001  0.46241293E+001
  0.36062505E+000  0.41290723E+000  0.49900042E+000  0.58135562E+000  0.73218272E+000  0.88708948E+000  0.12986127E+001  0.17310437E+001  0.22804228E+001  0.44079418E+001  0.46241311E+001
  0.36062489E+000  0.41290709E+000  0.49900034E+000  0.58135548E+000  0.73218242E+000  0.88708910E+000  0.12986127E+001  0.17310439E+001  0.22804228E+001  0.44079435E+001  0.46241329E+001
  0.36062472E+000  0.41290694E+000  0.49900025E+000  0.58135532E+000  0.73218210E+000  0.88708870E+000  0.12986127E+001  0.17310440E+001  0.22804228E+001  0.44079451E+001  0.46241346E+001
  0.36062454E+000  0.41290678E+000  0.49900014E+000  0.58135516E+000  0.73218177E+000  0.88708829E+000  0.12986126E+001  0.17310440E+001  0.22804228E+001  0.44079466E+001  0.46241210E+001
  0.36062435E+000  0.41290661E+000  0.49900001E+000  0.58135497E+000  0.73218143E+000  0.88708786E+000  0.12986125E+001  0.17310440E+001  0.22804227E+001  0.44079481E+001  0.46241222E+001
  0.36062416E+000  0.41290642E+000  0.49899987E+000  0.58135477E+000  0.73218107E+000  0.88708742E+000  0.12986124E+001  0.17310439E+001  0.22804227E+001  0.44079495E+001  0.46241233E+001
  0.36062396E+000  0.41290623E+000  0.49899971E+000  0.58135455E+000  0.73218069E+000  0.88708695E+000  0.12986122E+001  0.17310437E+001  0.22804226E+001  0.44079507E+001  0.46241243E+001
  0.36062374E+000  0.41290602E+000  0.49899953E+000  0.58135431E+000  0.73218030E+000  0.88708647E+000  0.12986120E+001  0.17310435E+001  0.22804225E+001  0.44079520E+001  0.46241253E+001
  0.36062352E+000  0.41290579E+000  0.49899933E+000  0.58135405E+000  0.73217989E+000  0.88708597E+000  0.12986118E+001  0.17310432E+001  0.22804224E+001  0.44079531E+001  0.46241262E+001
  0.36062329E+000  0.41290556E+000  0.49899912E+000  0.58135378E+000  0.73217946E+000  0.88708544E+000  0.12986116E+001  0.17310428E+001  0.22804223E+001  0.44079541E+001  0.46241271E+001
  0.36062305E+000  0.41290531E+000  0.49899889E+000  0.58135350E+000  0.73217901E+000  0.88708490E+000  0.12986113E+001  0.17310424E+001  0.22804221E+001  0.44079551E+001  0.46241278E+001
  0.36062280E+000  0.41290505E+000  0.49899865E+000  0.58135319E+000  0.73217855E+000  0.88708434E+000  0.12986110E+001  0.17310419E+001  0.22804219E+001  0.44079560E+001  0.46241285E+001
  0.36062254E+000  0.41290478E+000  0.49899839E+000  0.58135288E+000  0.73217807E+000  0.88708376E+000  0.12986107E+001  0.17310413E+001  0.22804217E+001  0.44079568E+001  0.46241292E+001
  0.36062228E+000  0.41290449E+000  0.49899812E+000  0.58135255E+000  0.73217757E+000  0.88708316E+000  0.12986104E+001  0.17310407E+001  0.22804214E+001  0.44079575E+001  0.46241298E+001
  0.36062200E+000  0.41290420E+000  0.49899783E+000  0.58135220E+000  0.73217707E+000  0.88708255E+000  0.12986101E+001  0.17310400E+001  0.22804212E+001  0.44079582E+001  0.46241303E+001
  0.36062173E+000  0.41290390E+000  0.49899753E+000  0.58135185E+000  0.73217655E+000  0.88708192E+000  0.12986097E+001  0.17310393E+001  0.22804209E+001  0.44079588E+001  0.46241308E+001
  0.36062144E+000  0.41290359E+000  0.49899722E+000  0.58135149E+000  0.73217601E+000  0.88708128E+000  0.12986093E+001  0.17310385E+001  0.22804205E+001  0.44079593E+001  0.46241312E+001
  0.36062116E+000  0.41290328E+000  0.49899691E+000  0.58135111E+000  0.73217547E+000  0.88708064E+000  0.12986089E+001  0.17310377E+001  0.22804121E+001  0.44079598E+001  0.46241315E+001
  0.36062087E+000  0.41290295E+000  0.49899658E+000  0.58135073E+000  0.73217493E+000  0.88707998E+000  0.12986085E+001  0.17310369E+001  0.22804126E+001  0.44079035E+001  0.46241318E+001
  0.36062057E+000  0.41290263E+000  0.49899625E+000  0.58135034E+000  0.73217437E+000  0.88707931E+000  0.12986081E+001  0.17310360E+001  0.22804130E+001  0.44079045E+001  0.46241321E+001
  0.36062027E+000  0.41290230E+000  0.49899591E+000  0.58134995E+000  0.73217382E+000  0.88707864E+000  0.12986076E+001  0.17310351E+001  0.22804135E+001  0.44079055E+001  0.46241323E+001
  0.36061997E+000  0.41290196E+000  0.49899556E+000  0.58134955E+000  0.73217325E+000  0.88707797E+000  0.12986072E+001  0.17310341E+001  0.22804140E+001  0.44079064E+001  0.46241324E+001
  0.36061967E+000  0.41290163E+000  0.49899521E+000  0.58134915E+000  0.73217269E+000  0.88707730E+000  0.12986068E+001  0.17310331E+001  0.22804144E+001  0.44079073E+001  0.46241326E+001
  0.36061937E+000  0.41290129E+000  0.49899485E+000  0.58134874E+000  0.73217212E+000  0.88707662E+000  0.12986063E+001  0.17310321E+001  0.22803588E+001  0.44079081E+001  0.46241326E+001
  0.36061907E+000  0.41290095E+000  0.49901510E+000  0.58134834E+000  0.73217156E+000  0.88707594E+000  0.12986058E+001  0.17310311E+001  0.22803575E+001  0.44079089E+001  0.46241327E+001
  0.36061877E+000  0.41290061E+000  0.49901470E+000  0.58134793E+000  0.73217099E+000  0.88707527E+000  0.12985374E+001  0.17310301E+001  0.22803560E+001  0.44079097E+001  0.46241327E+001
  0.36061848E+000  0.41290027E+000  0.49901430E+000  0.58134752E+000  0.73217043E+000  0.88707459E+000  0.12985367E+001  0.17310290E+001  0.22803545E+001  0.44079104E+001  0.46241327E+001
  0.36061818E+000  0.41289994E+000  0.49901391E+000  0.58134711E+000  0.73216987E+000  0.88707393E+000  0.12985360E+001  0.17310280E+001  0.22803529E+001  0.44079110E+001  0.46241326E+001
  0.36061788E+000  0.41289961E+000  0.49901351E+000  0.58134671E+000  0.73216931E+000  0.88707326E+000  0.12985352E+001  0.17310269E+001  0.22803511E+001  0.44079116E+001  0.46241325E+001
  0.36061759E+000  0.41289927E+000  0.49901312E+000  0.58134630E+000  0.73216876E+000  0.88707261E+000  0.12985345E+001  0.17310258E+001  0.22803493E+001  0.44079122E+001  0.46241324E+001
  0.36061730E+000  0.41289895E+000  0.49901274E+000  0.58134590E+000  0.73216822E+000  0.88707196E+000  0.12985337E+001  0.17310247E+001  0.22803473E+001  0.44079128E+001  0.46241323E+001
  0.36061701E+000  0.41289862E+000  0.49901236E+000  0.58134550E+000  0.73216768E+000  0.88707132E+000  0.12985330E+001  0.17310236E+001  0.22803457E+001  0.44079133E+001  0.46241321E+001
  0.36061673E+000  0.41289830E+000  0.49901198E+000  0.58134511E+000  0.73216715E+000  0.88707068E+000  0.12985322E+001  0.17310226E+001  0.22803447E+001  0.44079138E+001  0.46241320E+001
  0.36061645E+000  0.41289799E+000  0.49901161E+000  0.58134472E+000  0.73216663E+000  0.88707006E+000  0.12985315E+001  0.17310215E+001  0.22801838E+001  0.44079143E+001  0.46241318E+001
  0.36061617E+000  0.41289767E+000  0.49901124E+000  0.58134433E+000  0.73216611E+000  0.88706944E+000  0.12985307E+001  0.17310204E+001  0.22801827E+001  0.44079148E+001  0.46241316E+001
  0.36061590E+000  0.41289737E+000  0.49901088E+000  0.58134395E+000  0.73216560E+000  0.88706883E+000  0.12985300E+001  0.17310194E+001  0.22801630E+001  0.44079152E+001  0.46241314E+001
  0.36061563E+000  0.41289706E+000  0.49901052E+000  0.58134358E+000  0.73216510E+000  0.88706824E+000  0.12985292E+001  0.17310184E+001  0.22801138E+001  0.44079157E+001  0.46241312E+001
  0.36061537E+000  0.41289677E+000  0.49901017E+000  0.58134321E+000  0.73216461E+000  0.88706765E+000  0.12985285E+001  0.17310173E+001  0.22800905E+001  0.44079161E+001  0.46241310E+001
  0.36061511E+000  0.41289647E+000  0.49900983E+000  0.58134284E+000  0.73216412E+000  0.88706707E+000  0.12985278E+001  0.17310115E+001  0.22800776E+001  0.44079165E+001  0.46241308E+001
  0.36061486E+000  0.41289619E+000  0.49900949E+000  0.58134248E+000  0.73216365E+000  0.88706651E+000  0.12985271E+001  0.17310103E+001  0.22800683E+001  0.44079169E+001  0.46241306E+001
  0.36061461E+000  0.41289590E+000  0.49900916E+000  0.58134213E+000  0.73216318E+000  0.88706595E+000  0.12985264E+001  0.17310092E+001  0.22800648E+001  0.44079173E+001  0.46241304E+001
  0.36061436E+000  0.41289563E+000  0.49900883E+000  0.58134179E+000  0.73216273E+000  0.88706540E+000  0.12985257E+001  0.17310081E+001  0.22800613E+001  0.44079177E+001  0.46241302E+001
  0.36061412E+000  0.41289536E+000  0.49900851E+000  0.58134145E+000  0.73216228E+000  0.88706487E+000  0.12985250E+001  0.17310070E+001  0.22800578E+001  0.44079181E+001  0.46241300E+001
  0.36061388E+000  0.41289509E+000  0.49900820E+000  0.58134112E+000  0.73216184E+000  0.88706434E+000  0.12985243E+001  0.17310059E+001  0.22800284E+001  0.44079184E+001  0.46241299E+001
  0.36061365E+000  0.41289483E+000  0.49900789E+000  0.58134079E+000  0.73216141E+000  0.88706383E+000  0.12985237E+001  0.17310048E+001  0.22799832E+001  0.44079188E+001  0.46241297E+001
  0.36061342E+000  0.41289457E+000  0.49900759E+000  0.58134047E+000  0.73216098E+000  0.88706333E+000  0.12985230E+001  0.17310038E+001  0.22798938E+001  0.44079191E+001  0.46241295E+001
  0.36061320E+000  0.41289432E+000  0.49900730E+000  0.58134016E+000  0.73216057E+000  0.88706283E+000  0.12985224E+001  0.17310028E+001  0.22798923E+001  0.44079195E+001  0.46241293E+001
  0.36061298E+000  0.41289408E+000  0.49900701E+000  0.58133985E+000  0.73216016E+000  0.88706235E+000  0.12985218E+001  0.17310018E+001  0.22798909E+001  0.44079198E+001  0.46241291E+001
  0.36061277E+000  0.41289384E+000  0.49900673E+000  0.58133955E+000  0.73215977E+000  0.88706188E+000  0.12985212E+001  0.17310008E+001  0.22798894E+001  0.44079201E+001  0.46241289E+001
  0.36061256E+000  0.41289360E+000  0.49900645E+000  0.58133926E+000  0.73215938E+000  0.88706142E+000  0.12985206E+001  0.17309998E+001  0.22798880E+001  0.44079204E+001  0.46241288E+001
  0.36061235E+000  0.41289337E+000  0.49900618E+000  0.58133898E+000  0.73215900E+000  0.88706096E+000  0.12985201E+001  0.17309989E+001  0.22798865E+001  0.44079207E+001  0.46241286E+001
  0.36061216E+000  0.41289315E+000  0.49900592E+000  0.58133870E+000  0.73215863E+000  0.88706052E+000  0.12985195E+001  0.17309980E+001  0.22798851E+001  0.44079210E+001  0.46241284E+001
  0.36061196E+000  0.41289293E+000  0.49900566E+000  0.58133843E+000  0.73215827E+000  0.88706009E+000  0.12985190E+001  0.17309971E+001  0.22798837E+001  0.44079213E+001  0.46241283E+001
  0.36061177E+000  0.41289271E+000  0.49900541E+000  0.58133816E+000  0.73215792E+000  0.88705967E+000  0.12985185E+001  0.17309962E+001  0.22798823E+001  0.44079215E+001  0.46241281E+001
  0.36061159E+000  0.41289251E+000  0.49900517E+000  0.58133791E+000  0.73215758E+000  0.88705927E+000  0.12985180E+001  0.17309954E+001  0.22798809E+001  0.44079218E+001  0.46241279E+001
  0.36061141E+000  0.41289230E+000  0.49900493E+000  0.58133766E+000  0.73215724E+000  0.88705887E+000  0.12985175E+001  0.17309945E+001  0.22798796E+001  0.44079220E+001  0.46241278E+001
  0.36061123E+000  0.41289211E+000  0.49900470E+000  0.58133742E+000  0.73215692E+000  0.88705848E+000  0.12985170E+001  0.17309937E+001  0.22798782E+001  0.44079221E+001  0.46241276E+001
  0.36061107E+000  0.41289192E+000  0.49900448E+000  0.58133718E+000  0.73215661E+000  0.88705811E+000  0.12985165E+001  0.17309930E+001  0.22798769E+001  0.44079223E+001  0.46241274E+001
  0.36061090E+000  0.41289173E+000  0.49900426E+000  0.58133696E+000  0.73215630E+000  0.88705775E+000  0.12985161E+001  0.17309922E+001  0.22798756E+001  0.44079224E+001  0.46241273E+001
  0.36061075E+000  0.41289155E+000  0.49900405E+000  0.58133674E+000  0.73215601E+000  0.88705740E+000  0.12985157E+001  0.17309915E+001  0.22798743E+001  0.44079225E+001  0.46241271E+001
  0.36061060E+000  0.41289138E+000  0.49900385E+000  0.58133653E+000  0.73215573E+000  0.88705707E+000  0.12985153E+001  0.17309908E+001  0.22798731E+001  0.44079226E+001  0.46241269E+001
  0.36061045E+000  0.41289122E+000  0.49900366E+000  0.58133634E+000  0.73215546E+000  0.88705675E+000  0.12985149E+001  0.17309901E+001  0.22798718E+001  0.44079227E+001  0.46241267E+001
  0.36061031E+000  0.41289106E+000  0.49900347E+000  0.58133615E+000  0.73215520E+000  0.88705644E+000  0.12985145E+001  0.17309895E+001  0.22798706E+001  0.44079227E+001  0.46241265E+001
  0.36061018E+000  0.41289091E+000  0.49900329E+000  0.58133597E+000  0.73215495E+000  0.88705614E+000  0.12985142E+001  0.17309889E+001  0.22798695E+001  0.44079227E+001  0.46241263E+001
  0.36061006E+000  0.41289077E+000  0.49900313E+000  0.58133580E+000  0.73215472E+000  0.88705587E+000  0.12985138E+001  0.17309883E+001  0.22798683E+001  0.44079227E+001  0.46241261E+001
  0.36060995E+000  0.41289063E+000  0.49900297E+000  0.58133564E+000  0.73215450E+000  0.88705561E+000  0.12985135E+001  0.17309877E+001  0.22798673E+001  0.44079226E+001  0.46241259E+001
  0.36060984E+000  0.41289051E+000  0.49900282E+000  0.58133549E+000  0.73215429E+000  0.88705536E+000  0.12985132E+001  0.17309872E+001  0.22798663E+001  0.44079225E+001  0.46241257E+001
  0.36060974E+000  0.41289039E+000  0.49900268E+000  0.58133535E+000  0.73215410E+000  0.88705513E+000  0.12985130E+001  0.17309867E+001  0.22798653E+001  0.44079224E+001  0.46241255E+001
  0.36060965E+000  0.41289028E+000  0.49900256E+000  0.58133522E+000  0.73215392E+000  0.88705492E+000  0.12985127E+001  0.17309863E+001  0.22798644E+001  0.44079222E+001  0.46241253E+001
  0.36060956E+000  0.41289018E+000  0.49900244E+000  0.58133511E+000  0.73215376E+000  0.88705473E+000  0.12985125E+001  0.17309859E+001  0.22798636E+001  0.44079221E+001  0.46241251E+001
  0.36060949E+000  0.41289009E+000  0.49900233E+000  0.58133500E+000  0.73215361E+000  0.88705455E+000  0.12985123E+001  0.17309856E+001  0.22798628E+001  0.44079219E+001  0.46241248E+001
  0.36060942E+000  0.41289001E+000  0.49900224E+000  0.58133491E+000  0.73215348E+000  0.88705440E+000  0.12985121E+001  0.17309852E+001  0.22798622E+001  0.44079217E+001  0.46241246E+001
  0.36060937E+000  0.41288993E+000  0.49900215E+000  0.58133483E+000  0.73215337E+000  0.88705426E+000  0.12985120E+001  0.17309850E+001  0.22798616E+001  0.44079215E+001  0.46241244E+001
  0.36060932E+000  0.41288987E+000  0.49900208E+000  0.58133477E+000  0.73215327E+000  0.88705414E+000  0.12985118E+001  0.17309847E+001  0.22798611E+001  0.44079213E+001  0.46241242E+001
  0.36060928E+000  0.41288982E+000  0.49900202E+000  0.58133471E+000  0.73215318E+000  0.88705404E+000  0.12985117E+001  0.17309845E+001  0.22798606E+001  0.44079211E+001  0.46241240E+001
  0.36060925E+000  0.41288978E+000  0.49900197E+000  0.58133466E+000  0.73215311E+000  0.88705396E+000  0.12985116E+001  0.17309844E+001  0.22798603E+001  0.44079208E+001  0.46241239E+001
  0.36060922E+000  0.41288974E+000  0.49900193E+000  0.58133463E+000  0.73215306E+000  0.88705389E+000  0.12985115E+001  0.17309842E+001  0.22798600E+001  0.44079206E+001  0.46241237E+001
  0.36060921E+000  0.41288971E+000  0.49900190E+000  0.58133461E+000  0.73215301E+000  0.88705384E+000  0.12985115E+001  0.17309842E+001  0.22798599E+001  0.44079204E+001  0.46241235E+001
  0.36060920E+000  0.41288970E+000  0.49900188E+000  0.58133459E+000  0.73215299E+000  0.88705381E+000  0.12985115E+001  0.17309841E+001  0.22798598E+001  0.44079201E+001  0.46241234E+001
  0.36060920E+000  0.41288969E+000  0.49900187E+000  0.58133459E+000  0.73215297E+000  0.88705380E+000  0.12985114E+001  0.17309841E+001  0.22798597E+001  0.44079199E+001  0.46241233E+001
  0.36060920E+000  0.41288968E+000  0.49900186E+000  0.58133459E+000  0.73215297E+000  0.88705379E+000  0.12985114E+001  0.17309841E+001  0.22798598E+001  0.44079197E+001  0.46241232E+001
  0.36060921E+000  0.41288969E+000  0.49900187E+000  0.58133460E+000  0.73215298E+000  0.88705380E+000  0.12985115E+001  0.17309841E+001  0.22798598E+001  0.44079195E+001  0.46241231E+001
  0.36060922E+000  0.41288970E+000  0.49900188E+000  0.58133462E+000  0.73215300E+000  0.88705383E+000  0.12985115E+001  0.17309842E+001  0.22798600E+001  0.44079194E+001  0.46241230E+001
  0.36060924E+000  0.41288971E+000  0.49900190E+000  0.58133465E+000  0.73215302E+000  0.88705386E+000  0.12985115E+001  0.17309842E+001  0.22798601E+001  0.44079192E+001  0.46241229E+001
  0.36060926E+000  0.41288973E+000  0.49900192E+000  0.58133467E+000  0.73215306E+000  0.88705390E+000  0.12985116E+001  0.17309843E+001  0.22798603E+001  0.44079190E+001  0.46241228E+001
  0.36060929E+000  0.41288976E+000  0.49900195E+000  0.58133471E+000  0.73215310E+000  0.88705395E+000  0.12985116E+001  0.17309844E+001  0.22798605E+001  0.44079189E+001  0.46241228E+001
  0.36060931E+000  0.41288978E+000  0.49900198E+000  0.58133474E+000  0.73215314E+000  0.88705400E+000  0.12985117E+001  0.17309845E+001  0.22798607E+001  0.44079188E+001  0.46241228E+001
  0.36060934E+000  0.41288981E+000  0.49900202E+000  0.58133478E+000  0.73215319E+000  0.88705406E+000  0.12985118E+001  0.17309846E+001  0.22798610E+001  0.44079186E+001  0.46241227E+001
  0.36060937E+000  0.41288984E+000  0.49900205E+000  0.58133482E+000  0.73215324E+000  0.88705412E+000  0.12985118E+001  0.17309847E+001  0.22798612E+001  0.44079185E+001  0.46241227E+001
  0.36060940E+000  0.41288987E+000  0.49900209E+000  0.58133486E+000  0.73215329E+000  0.88705418E+000  0.12985119E+001  0.17309849E+001  0.22798614E+001  0.44079184E+001  0.46241227E+001
  0.36060943E+000  0.41288990E+000  0.49900213E+000  0.58133490E+000  0.73215334E+000  0.88705424E+000  0.12985120E+001  0.17309850E+001  0.22798617E+001  0.44079184E+001  0.46241227E+001
  0.36060945E+000  0.41288993E+000  0.49900216E+000  0.58133493E+000  0.73215340E+000  0.88705430E+000  0.12985121E+001  0.17309851E+001  0.22798619E+001  0.44079183E+001  0.46241227E+001
  0.36060948E+000  0.41288997E+000  0.49900220E+000  0.58133497E+000  0.73215345E+000  0.88705436E+000  0.12985121E+001  0.17309852E+001  0.22798621E+001  0.44079182E+001  0.46241227E+001
  0.36060951E+000  0.41289000E+000  0.49900223E+000  0.58133501E+000  0.73215350E+000  0.88705442E+000  0.12985122E+001  0.17309853E+001  0.22798623E+001  0.44079181E+001  0.46241227E+001
  0.36060954E+000  0.41289002E+000  0.49900227E+000  0.58133505E+000  0.73215355E+000  0.88705448E+000  0.12985123E+001  0.17309854E+001  0.22798624E+001  0.44079181E+001  0.46241227E+001
  0.36060956E+000  0.41289005E+000  0.49900230E+000  0.58133508E+000  0.73215359E+000  0.88705454E+000  0.12985124E+001  0.17309856E+001  0.22798626E+001  0.44079180E+001  0.46241227E+001
  0.36060958E+000  0.41289008E+000  0.49900233E+000  0.58133511E+000  0.73215364E+000  0.88705459E+000  0.12985124E+001  0.17309857E+001  0.22798627E+001  0.44079180E+001  0.46241227E+001
  0.36060961E+000  0.41289011E+000  0.49900236E+000  0.58133514E+000  0.73215368E+000  0.88705464E+000  0.12985125E+001  0.17309858E+001  0.22798628E+001  0.44079179E+001  0.46241228E+001
  0.36060963E+000  0.41289013E+000  0.49900239E+000  0.58133517E+000  0.73215372E+000  0.88705469E+000  0.12985126E+001  0.17309859E+001  0.22798629E+001  0.44079179E+001  0.46241228E+001
  0.36060965E+000  0.41289015E+000  0.49900242E+000  0.58133520E+000  0.73215376E+000  0.88705474E+000  0.12985126E+001  0.17309859E+001  0.22798630E+001  0.44079178E+001  0.46241228E+001
  0.36060967E+000  0.41289017E+000  0.49900245E+000  0.58133523E+000  0.73215380E+000  0.88705478E+000  0.12985127E+001  0.17309860E+001  0.22798631E+001  0.44079178E+001  0.46241228E+001
  0.36060969E+000  0.41289020E+000  0.49900247E+000  0.58133525E+000  0.73215383E+000  0.88705482E+000  0.12985127E+001  0.17309861E+001  0.22798632E+001  0.44079177E+001  0.46241228E+001
  0.36060970E+000  0.41289022E+000  0.49900249E+000  0.58133528E+000  0.73215387E+000  0.88705486E+000  0.12985128E+001  0.17309862E+001  0.22798633E+001  0.44079177E+001  0.46241228E+001
  0.36060972E+000  0.41289024E+000  0.49900252E+000  0.58133531E+000  0.73215390E+000  0.88705490E+000  0.12985128E+001  0.17309863E+001  0.22798634E+001  0.44079176E+001  0.46241228E+001
  0.36060974E+000  0.41289026E+000  0.49900254E+000  0.58133533E+000  0.73215393E+000  0.88705494E+000  0.12985129E+001  0.17309864E+001  0.22798635E+001  0.44079176E+001  0.46241228E+001
  0.36060976E+000  0.41289027E+000  0.49900256E+000  0.58133535E+000  0.73215396E+000  0.88705498E+000  0.12985129E+001  0.17309865E+001  0.22798636E+001  0.44079176E+001  0.46241228E+001
  0.36060977E+000  0.41289029E+000  0.49900258E+000  0.58133538E+000  0.73215399E+000  0.88705502E+000  0.12985130E+001  0.17309865E+001  0.22798637E+001  0.44079175E+001  0.46241228E+001
  0.36060979E+000  0.41289031E+000  0.49900261E+000  0.58133540E+000  0.73215402E+000  0.88705505E+000  0.12985130E+001  0.17309866E+001  0.22798638E+001  0.44079175E+001  0.46241228E+001
  0.36060980E+000  0.41289033E+000  0.49900263E+000  0.58133542E+000  0.73215405E+000  0.88705509E+000  0.12985131E+001  0.17309867E+001  0.22798639E+001  0.44079175E+001  0.46241229E+001
  0.36060982E+000  0.41289035E+000  0.49900265E+000  0.58133545E+000  0.73215408E+000  0.88705512E+000  0.12985131E+001  0.17309868E+001  0.22798641E+001  0.44079175E+001  0.46241229E+001
  0.36060983E+000  0.41289036E+000  0.49900267E+000  0.58133547E+000  0.73215411E+000  0.88705516E+000  0.12985132E+001  0.17309869E+001  0.22798642E+001  0.44079175E+001  0.46241229E+001
  0.36060985E+000  0.41289038E+000  0.49900269E+000  0.58133549E+000  0.73215414E+000  0.88705519E+000  0.12985132E+001  0.17309870E+001  0.22798643E+001  0.44079175E+001  0.46241229E+001
  0.36060986E+000  0.41289040E+000  0.49900271E+000  0.58133551E+000  0.73215416E+000  0.88705522E+000  0.12985133E+001  0.17309870E+001  0.22798645E+001  0.44079175E+001  0.46241229E+001
  0.36060988E+000  0.41289041E+000  0.49900272E+000  0.58133553E+000  0.73215419E+000  0.88705525E+000  0.12985133E+001  0.17309871E+001  0.22798646E+001  0.44079175E+001  0.46241230E+001
  0.36060989E+000  0.41289043E+000  0.49900274E+000  0.58133554E+000  0.73215421E+000  0.88705528E+000  0.12985133E+001  0.17309872E+001  0.22798648E+001  0.44079175E+001  0.46241230E+001
  0.36060990E+000  0.41289044E+000  0.49900276E+000  0.58133556E+000  0.73215424E+000  0.88705531E+000  0.12985134E+001  0.17309872E+001  0.22798649E+001  0.44079176E+001  0.46241230E+001
  0.36060991E+000  0.41289045E+000  0.49900277E+000  0.58133558E+000  0.73215426E+000  0.88705533E+000  0.12985134E+001  0.17309873E+001  0.22798650E+001  0.44079176E+001  0.46241231E+001
  0.36060992E+000  0.41289046E+000  0.49900279E+000  0.58133559E+000  0.73215428E+000  0.88705535E+000  0.12985134E+001  0.17309874E+001  0.22798652E+001  0.44079177E+001  0.46241231E+001
  0.36060993E+000  0.41289047E+000  0.49900280E+000  0.58133560E+000  0.73215429E+000  0.88705537E+000  0.12985134E+001  0.17309874E+001  0.22798653E+001  0.44079177E+001  0.46241231E+001
  0.36060993E+000  0.41289048E+000  0.49900281E+000  0.58133561E+000  0.73215431E+000  0.88705539E+000  0.12985135E+001  0.17309875E+001  0.22798654E+001  0.44079178E+001  0.46241232E+001
  0.36060994E+000  0.41289049E+000  0.49900282E+000  0.58133562E+000  0.73215432E+000  0.88705540E+000  0.12985135E+001  0.17309875E+001  0.22798655E+001  0.44079178E+001  0.46241232E+001
  0.36060994E+000  0.41289049E+000  0.49900282E+000  0.58133562E+000  0.73215432E+000  0.88705541E+000  0.12985135E+001  0.17309875E+001  0.22798656E+001  0.44079179E+001  0.46241233E+001
  0.36060994E+000  0.41289050E+000  0.49900283E+000  0.58133562E+000  0.73215433E+000  0.88705542E+000  0.12985135E+001  0.17309875E+001  0.22798656E+001  0.44079180E+001  0.46241233E+001
  0.36060994E+000  0.41289050E+000  0.49900283E+000  0.58133562E+000  0.73215433E+000  0.88705542E+000  0.12985135E+001  0.17309875E+001  0.22798657E+001  0.44079180E+001  0.46241233E+001
  0.36060994E+000  0.41289050E+000  0.49900283E+000  0.58133562E+000  0.73215433E+000  0.88705542E+000  0.12985135E+001  0.17309875E+001  0.22798657E+001  0.44079181E+001  0.46241234E+001
  0.36060993E+000  0.41289050E+000  0.49900282E+000  0.58133561E+000  0.73215432E+000  0.88705541E+000  0.12985135E+001  0.17309875E+001  0.22798658E+001  0.44079182E+001  0.46241234E+001
  0.36060993E+000  0.41289049E+000  0.49900282E+000  0.58133561E+000  0.73215432E+000  0.88705540E+000  0.12985135E+001  0.17309875E+001  0.22798658E+001  0.44079183E+001  0.46241234E+001
  0.36060992E+000  0.41289049E+000  0.49900281E+000  0.58133560E+000  0.73215431E+000  0.88705539E+000  0.12985134E+001  0.17309875E+001  0.22798658E+001  0.44079183E+001  0.46241235E+001
  0.36060991E+000  0.41289048E+000  0.49900280E+000  0.58133559E+000  0.73215429E+000  0.88705537E+000  0.12985134E+001  0.17309875E+001  0.22798658E+001  0.44079184E+001  0.46241235E+001
  0.36060990E+000  0.41289047E+000  0.49900279E+000  0.58133557E+000  0.73215428E+000  0.88705536E+000  0.12985134E+001  0.17309874E+001  0.22798657E+001  0.44079185E+001  0.46241235E+001
  0.36060989E+000  0.41289046E+000  0.49900278E+000  0.58133556E+000  0.73215426E+000  0.88705533E+000  0.12985134E+001  0.17309874E+001  0.22798657E+001  0.44079185E+001  0.46241235E+001
  0.36060988E+000  0.41289045E+000  0.49900277E+000  0.58133554E+000  0.73215424E+000  0.88705531E+000  0.12985133E+001  0.17309873E+001  0.22798656E+001  0.44079186E+001  0.46241236E+001
  0.36060987E+000  0.41289044E+000  0.49900275E+000  0.58133553E+000  0.73215422E+000  0.88705529E+000  0.12985133E+001  0.17309873E+001  0.22798655E+001  0.44079186E+001  0.46241236E+001
  0.36060986E+000  0.41289043E+000  0.49900274E+000  0.58133551E+000  0.73215420E+000  0.88705526E+000  0.12985133E+001  0.17309872E+001  0.22798655E+001  0.44079187E+001  0.46241236E+001
  0.36060985E+000  0.41289041E+000  0.49900272E+000  0.58133549E+000  0.73215418E+000  0.88705523E+000  0.12985132E+001  0.17309871E+001  0.22798654E+001  0.44079187E+001  0.46241236E+001
  0.36060983E+000  0.41289040E+000  0.49900270E+000  0.58133547E+000  0.73215415E+000  0.88705521E+000  0.12985132E+001  0.17309871E+001  0.22798653E+001  0.44079188E+001  0.46241236E+001
  0.36060982E+000  0.41289038E+000  0.49900269E+000  0.58133546E+000  0.73215413E+000  0.88705518E+000  0.12985132E+001  0.17309870E+001  0.22798652E+001  0.44079188E+001  0.46241236E+001
  0.36060981E+000  0.41289037E+000  0.49900267E+000  0.58133544E+000  0.73215411E+000  0.88705515E+000  0.12985131E+001  0.17309870E+001  0.22798651E+001  0.44079188E+001  0.46241236E+001
  0.36060979E+000  0.41289035E+000  0.49900265E+000  0.58133542E+000  0.73215408E+000  0.88705512E+000  0.12985131E+001  0.17309869E+001  0.22798650E+001  0.44079188E+001  0.46241235E+001
  0.36060978E+000  0.41289034E+000  0.49900264E+000  0.58133540E+000  0.73215406E+000  0.88705509E+000  0.12985131E+001  0.17309868E+001  0.22798649E+001  0.44079188E+001  0.46241235E+001
  0.36060977E+000  0.41289033E+000  0.49900262E+000  0.58133539E+000  0.73215404E+000  0.88705506E+000  0.12985130E+001  0.17309868E+001  0.22798648E+001  0.44079188E+001  0.46241235E+001
  0.36060976E+000  0.41289031E+000  0.49900261E+000  0.58133537E+000  0.73215402E+000  0.88705504E+000  0.12985130E+001  0.17309867E+001  0.22798647E+001  0.44079188E+001  0.46241235E+001
  0.36060975E+000  0.41289030E+000  0.49900259E+000  0.58133536E+000  0.73215399E+000  0.88705502E+000  0.12985130E+001  0.17309867E+001  0.22798646E+001  0.44079187E+001  0.46241235E+001
  0.36060974E+000  0.41289029E+000  0.49900258E+000  0.58133534E+000  0.73215398E+000  0.88705499E+000  0.12985130E+001  0.17309866E+001  0.22798645E+001  0.44079187E+001  0.46241234E+001
  0.36060973E+000  0.41289028E+000  0.49900257E+000  0.58133533E+000  0.73215396E+000  0.88705497E+000  0.12985129E+001  0.17309866E+001  0.22798644E+001  0.44079186E+001  0.46241234E+001
  0.36060972E+000  0.41289027E+000  0.49900255E+000  0.58133532E+000  0.73215394E+000  0.88705495E+000  0.12985129E+001  0.17309865E+001  0.22798643E+001  0.44079186E+001  0.46241233E+001
  0.36060971E+000  0.41289026E+000  0.49900254E+000  0.58133531E+000  0.73215393E+000  0.88705494E+000  0.12985129E+001  0.17309865E+001  0.22798642E+001  0.44079185E+001  0.46241233E+001
  0.36060971E+000  0.41289025E+000  0.49900253E+000  0.58133530E+000  0.73215392E+000  0.88705492E+000  0.12985129E+001  0.17309865E+001  0.22798641E+001  0.44079183E+001  0.46241232E+001
  0.36060970E+000  0.41289024E+000  0.49900253E+000  0.58133529E+000  0.73215390E+000  0.88705491E+000  0.12985129E+001  0.17309865E+001  0.22798641E+001  0.44079182E+001  0.46241231E+001
  0.36060972E+000  0.41289024E+000  0.49900252E+000  0.58133530E+000  0.73215389E+000  0.88705490E+000  0.12985129E+001  0.17309865E+001  0.22798641E+001  0.44079183E+001  0.46241231E+001
  0.36060979E+000  0.41289023E+000  0.49900251E+000  0.58133541E+000  0.73215389E+000  0.88705489E+000  0.12985131E+001  0.17309867E+001  0.22798644E+001  0.44079184E+001  0.46241233E+001
