  0.00000000E+000  0.00000000E+000  0.00000000E+000  0.00000000E+000  0.00000000E+000  0.00000000E+000  0.73717721E+000  0.15011867E+002  0.73352162E+002  0.25688023E+003  0.26866405E+003
  0.00000000E+000  0.00000000E+000  0.00000000E+000  0.00000000E+000  0.00000000E+000  0.00000000E+000  0.73740801E+000  0.15017676E+002  0.73376315E+002  0.25692940E+003  0.26878965E+003
  0.00000000E+000  0.00000000E+000  0.00000000E+000  0.00000000E+000  0.00000000E+000  0.00000000E+000  0.73759922E+000  0.15022504E+002  0.73396267E+002  0.25697034E+003  0.26888770E+003
  0.00000000E+000  0.00000000E+000  0.00000000E+000  0.00000000E+000  0.00000000E+000  0.00000000E+000  0.73775738E+000  0.15026513E+002  0.73412782E+002  0.25700433E+003  0.26896387E+003
  0.00000000E+000  0.00000000E+000  0.00000000E+000  0.00000000E+000  0.00000000E+000  0.00000000E+000  0.73788797E+000  0.15029841E+002  0.73426454E+002  0.25703249E+003  0.26902257E+003
  0.00000000E+000  0.00000000E+000  0.00000000E+000  0.00000000E+000  0.00000000E+000  0.00000000E+000  0.73799563E+000  0.15032605E+002  0.73437779E+002  0.25705579E+003  0.26906731E+003
  0.00000000E+000  0.00000000E+000  0.00000000E+000  0.00000000E+000  0.00000000E+000  0.00000000E+000  0.73808423E+000  0.15034898E+002  0.73447169E+002  0.25707504E+003  0.26910088E+003
  0.00000000E+000  0.00000000E+000  0.00000000E+000  0.00000000E+000  0.00000000E+000  0.00000000E+000  0.73815707E+000  0.15036801E+002  0.73454962E+002  0.25709096E+003  0.26912553E+003
  0.00000000E+000  0.00000000E+000  0.00000000E+000  0.00000000E+000  0.00000000E+000  0.00000000E+000  0.73821685E+000  0.15038382E+002  0.73461430E+002  0.25710410E+003  0.26914300E+003
  0.00000000E+000  0.00000000E+000  0.00000000E+000  0.00000000E+000  0.00000000E+000  0.00000000E+000  0.73826574E+000  0.15039694E+002  0.73466797E+002  0.25711493E+003  0.26915470E+003
  0.00000000E+000  0.00000000E+000  0.00000000E+000  0.00000000E+000  0.00000000E+000  0.00000000E+000  0.73830555E+000  0.15040782E+002  0.73471244E+002  0.25712386E+003  0.26916174E+003
  0.00000000E+000  0.00000000E+000  0.00000000E+000  0.00000000E+000  0.00000000E+000  0.00000000E+000  0.73833781E+000  0.15041682E+002  0.73474921E+002  0.25713121E+003  0.26916505E+003
  0.00000000E+000  0.00000000E+000  0.00000000E+000  0.00000000E+000  0.00000000E+000  0.00000000E+000  0.73836375E+000  0.15042425E+002  0.73477953E+002  0.25713724E+003  0.26916535E+003
  0.00000000E+000  0.00000000E+000  0.00000000E+000  0.00000000E+000  0.00000000E+000  0.00000000E+000  0.73838440E+000  0.15043036E+002  0.73480444E+002  0.25714218E+003  0.26916325E+003
  0.00000000E+000  0.00000000E+000  0.00000000E+000  0.00000000E+000  0.00000000E+000  0.00000000E+000  0.73840058E+000  0.15043535E+002  0.73482478E+002  0.25714622E+003  0.26915924E+003
  0.00000000E+000  0.00000000E+000  0.00000000E+000  0.00000000E+000  0.00000000E+000  0.00000000E+000  0.73841311E+000  0.15043940E+002  0.73484129E+002  0.25714952E+003  0.26915373E+003
  0.00000000E+000  0.00000000E+000  0.00000000E+000  0.00000000E+000  0.00000000E+000  0.00000000E+000  0.73842259E+000  0.15044266E+002  0.73485457E+002  0.25715220E+003  0.26914706E+003
  0.00000000E+000  0.00000000E+000  0.00000000E+000  0.00000000E+000  0.00000000E+000  0.00000000E+000  0.73842952E+000  0.15044524E+002  0.73486511E+002  0.25715438E+003  0.26913950E+003
  0.00000000E+000  0.00000000E+000  0.00000000E+000  0.00000000E+000  0.00000000E+000  0.00000000E+000  0.73843434E+000  0.15044727E+002  0.73487336E+002  0.25715614E+003  0.26913128E+003
  0.00000000E+000  0.00000000E+000  0.00000000E+000  0.00000000E+000  0.00000000E+000  0.00000000E+000  0.73843743E+000  0.15044881E+002  0.73487965E+002  0.25715757E+003  0.26912260E+003
  0.00000000E+000  0.00000000E+000  0.00000000E+000  0.00000000E+000  0.00000000E+000  0.00000000E+000  0.73843908E+000  0.15044995E+002  0.73488431E+002  0.25715873E+003  0.26911360E+003
  0.00000000E+000  0.00000000E+000  0.00000000E+000  0.00000000E+000  0.00000000E+000  0.00000000E+000  0.73843956E+000  0.15045075E+002  0.73488757E+002  0.25715966E+003  0.26910443E+003
  0.00000000E+000  0.00000000E+000  0.00000000E+000  0.00000000E+000  0.00000000E+000  0.00000000E+000  0.73843908E+000  0.15045125E+002  0.73488966E+002  0.25716043E+003  0.26909520E+003
  0.00000000E+000  0.00000000E+000  0.00000000E+000  0.00000000E+000  0.00000000E+000  0.00000000E+000  0.73843785E+000  0.15045151E+002  0.73489075E+002  0.25716106E+003  0.26908599E+003
  0.00000000E+000  0.00000000E+000  0.00000000E+000  0.00000000E+000  0.00000000E+000  0.00000000E+000  0.73843602E+000  0.15045156E+002  0.73489101E+002  0.25716159E+003  0.26907689E+003
  0.00000000E+000  0.00000000E+000  0.00000000E+000  0.00000000E+000  0.00000000E+000  0.00000000E+000  0.73843374E+000  0.15045143E+002  0.73489057E+002  0.25716205E+003  0.26906795E+003
  0.00000000E+000  0.00000000E+000  0.00000000E+000  0.00000000E+000  0.00000000E+000  0.00000000E+000  0.73843113E+000  0.15045116E+002  0.73488954E+002  0.25716245E+003  0.26905925E+003
  0.00000000E+000  0.00000000E+000  0.00000000E+000  0.00000000E+000  0.00000000E+000  0.00000000E+000  0.73842830E+000  0.15045075E+002  0.73488802E+002  0.25716281E+003  0.26905081E+003
  0.00000000E+000  0.00000000E+000  0.00000000E+000  0.00000000E+000  0.00000000E+000  0.00000000E+000  0.73842533E+000  0.15045025E+002  0.73488608E+002  0.25716316E+003  0.26904268E+003
  0.00000000E+000  0.00000000E+000  0.00000000E+000  0.00000000E+000  0.00000000E+000  0.00000000E+000  0.73842231E+000  0.15044965E+002  0.73488380E+002  0.25716350E+003  0.26903490E+003
  0.00000000E+000  0.00000000E+000  0.00000000E+000  0.00000000E+000  0.00000000E+000  0.00000000E+000  0.73841931E+000  0.15044897E+002  0.73488123E+002  0.25716384E+003  0.26902748E+003
  0.00000000E+000  0.00000000E+000  0.00000000E+000  0.00000000E+000  0.00000000E+000  0.00000000E+000  0.73841640E+000  0.15044823E+002  0.73487842E+002  0.25716420E+003  0.26902045E+003
  0.00000000E+000  0.00000000E+000  0.00000000E+000  0.00000000E+000  0.00000000E+000  0.00000000E+000  0.73841362E+000  0.15044744E+002  0.73487542E+002  0.25716457E+003  0.26901382E+003
  0.00000000E+000  0.00000000E+000  0.00000000E+000  0.00000000E+000  0.00000000E+000  0.00000000E+000  0.73841102E+000  0.15044660E+002  0.73487225E+002  0.25716496E+003  0.26900760E+003
  0.00000000E+000  0.00000000E+000  0.00000000E+000  0.00000000E+000  0.00000000E+000  0.00000000E+000  0.73840865E+000  0.15044571E+002  0.73486894E+002  0.25716538E+003  0.26900180E+003
  0.00000000E+000  0.00000000E+000  0.00000000E+000  0.00000000E+000  0.00000000E+000  0.00000000E+000  0.73840654E+000  0.15044479E+002  0.73486552E+002  0.25716582E+003  0.26899642E+003
  0.00000000E+000  0.00000000E+000  0.00000000E+000  0.00000000E+000  0.00000000E+000  0.00000000E+000  0.73840473E+000  0.15044383E+002  0.73486200E+002  0.25716628E+003  0.26899146E+003
  0.00000000E+000  0.00000000E+000  0.00000000E+000  0.00000000E+000  0.00000000E+000  0.00000000E+000  0.73840324E+000  0.15044285E+002  0.73485839E+002  0.25716677E+003  0.26898692E+003
  0.00000000E+000  0.00000000E+000  0.00000000E+000  0.00000000E+000  0.00000000E+000  0.00000000E+000  0.73840209E+000  0.15044183E+002  0.73485471E+002  0.25716728E+003  0.26898278E+003
  0.00000000E+000  0.00000000E+000  0.00000000E+000  0.00000000E+000  0.00000000E+000  0.00000000E+000  0.73840130E+000  0.15044079E+002  0.73485096E+002  0.25716781E+003  0.26897904E+003
  0.00000000E+000  0.00000000E+000  0.00000000E+000  0.00000000E+000  0.00000000E+000  0.00000000E+000  0.73840089E+000  0.15043972E+002  0.73484714E+002  0.25716835E+003  0.26897569E+003
  0.00000000E+000  0.00000000E+000  0.00000000E+000  0.00000000E+000  0.00000000E+000  0.00000000E+000  0.73840086E+000  0.15043862E+002  0.73484326E+002  0.25716891E+003  0.26897270E+003
  0.00000000E+000  0.00000000E+000  0.00000000E+000  0.00000000E+000  0.00000000E+000  0.00000000E+000  0.73840121E+000  0.15043749E+002  0.73483932E+002  0.25716947E+003  0.26897006E+003
  0.00000000E+000  0.00000000E+000  0.00000000E+000  0.00000000E+000  0.00000000E+000  0.00000000E+000  0.73840195E+000  0.15043633E+002  0.73483531E+002  0.25717003E+003  0.26896775E+003
  0.00000000E+000  0.00000000E+000  0.00000000E+000  0.00000000E+000  0.00000000E+000  0.00000000E+000  0.73840307E+000  0.15043514E+002  0.73483123E+002  0.25717060E+003  0.26896575E+003
  0.00000000E+000  0.00000000E+000  0.00000000E+000  0.00000000E+000  0.00000000E+000  0.00000000E+000  0.73840456E+000  0.15043392E+002  0.73482709E+002  0.25717116E+003  0.26896404E+003
  0.00000000E+000  0.00000000E+000  0.00000000E+000  0.00000000E+000  0.00000000E+000  0.00000000E+000  0.73840639E+000  0.15043267E+002  0.73482287E+002  0.25717170E+003  0.26896260E+003
  0.00000000E+000  0.00000000E+000  0.00000000E+000  0.00000000E+000  0.00000000E+000  0.00000000E+000  0.73840853E+000  0.15043139E+002  0.73481859E+002  0.25717224E+003  0.26896140E+003
  0.00000000E+000  0.00000000E+000  0.00000000E+000  0.00000000E+000  0.00000000E+000  0.00000000E+000  0.73841097E+000  0.15043006E+002  0.73481422E+002  0.25717275E+003  0.26896042E+003
  0.00000000E+000  0.00000000E+000  0.00000000E+000  0.00000000E+000  0.00000000E+000  0.00000000E+000  0.73841364E+000  0.15042871E+002  0.73480977E+002  0.25717325E+003  0.26895963E+003
  0.00000000E+000  0.00000000E+000  0.00000000E+000  0.00000000E+000  0.00000000E+000  0.00000000E+000  0.73841650E+000  0.15042731E+002  0.73480525E+002  0.25717372E+003  0.26895903E+003
  0.00000000E+000  0.00000000E+000  0.00000000E+000  0.00000000E+000  0.00000000E+000  0.00000000E+000  0.73841949E+000  0.15042588E+002  0.73480064E+002  0.25717417E+003  0.26895858E+003
  0.00000000E+000  0.00000000E+000  0.00000000E+000  0.00000000E+000  0.00000000E+000  0.00000000E+000  0.73842254E+000  0.15042442E+002  0.73479594E+002  0.25717459E+003  0.26895827E+003
  0.00000000E+000  0.00000000E+000  0.00000000E+000  0.00000000E+000  0.00000000E+000  0.00000000E+000  0.73842558E+000  0.15042291E+002  0.73479116E+002  0.25717497E+003  0.26895807E+003
  0.00000000E+000  0.00000000E+000  0.00000000E+000  0.00000000E+000  0.00000000E+000  0.00000000E+000  0.73842853E+000  0.15042138E+002  0.73478630E+002  0.25717533E+003  0.26895797E+003
  0.00000000E+000  0.00000000E+000  0.00000000E+000  0.00000000E+000  0.00000000E+000  0.00000000E+000  0.73843128E+000  0.15041980E+002  0.73478135E+002  0.25717566E+003  0.26895796E+003
  0.00000000E+000  0.00000000E+000  0.00000000E+000  0.00000000E+000  0.00000000E+000  0.00000000E+000  0.73843376E+000  0.15041819E+002  0.73477632E+002  0.25717596E+003  0.26895802E+003
  0.00000000E+000  0.00000000E+000  0.00000000E+000  0.00000000E+000  0.00000000E+000  0.00000000E+000  0.73843587E+000  0.15041655E+002  0.73477121E+002  0.25717622E+003  0.26895813E+003
  0.00000000E+000  0.00000000E+000  0.00000000E+000  0.00000000E+000  0.00000000E+000  0.00000000E+000  0.73843750E+000  0.15041487E+002  0.73476602E+002  0.25717646E+003  0.26895828E+003
  0.00000000E+000  0.00000000E+000  0.00000000E+000  0.00000000E+000  0.00000000E+000  0.00000000E+000  0.73843856E+000  0.15041316E+002  0.73476075E+002  0.25717667E+003  0.26895847E+003
  0.00000000E+000  0.00000000E+000  0.00000000E+000  0.00000000E+000  0.00000000E+000  0.00000000E+000  0.73843896E+000  0.15041143E+002  0.73475542E+002  0.25717685E+003  0.26895869E+003
  0.00000000E+000  0.00000000E+000  0.00000000E+000  0.00000000E+000  0.00000000E+000  0.00000000E+000  0.73843861E+000  0.15040966E+002  0.73475002E+002  0.25717701E+003  0.26895892E+003
  0.00000000E+000  0.00000000E+000  0.00000000E+000  0.00000000E+000  0.00000000E+000  0.00000000E+000  0.73843743E+000  0.15040787E+002  0.73474455E+002  0.25717715E+003  0.26895917E+003
  0.00000000E+000  0.00000000E+000  0.00000000E+000  0.00000000E+000  0.00000000E+000  0.00000000E+000  0.73843535E+000  0.15040605E+002  0.73473902E+002  0.25717726E+003  0.26895943E+003
  0.00000000E+000  0.00000000E+000  0.00000000E+000  0.00000000E+000  0.00000000E+000  0.00000000E+000  0.73843232E+000  0.15040420E+002  0.73473344E+002  0.25717735E+003  0.26895969E+003
  0.00000000E+000  0.00000000E+000  0.00000000E+000  0.00000000E+000  0.00000000E+000  0.00000000E+000  0.73842830E+000  0.15040233E+002  0.73472781E+002  0.25717743E+003  0.26895995E+003
  0.00000000E+000  0.00000000E+000  0.00000000E+000  0.00000000E+000  0.00000000E+000  0.00000000E+000  0.73842326E+000  0.15040043E+002  0.73472213E+002  0.25717749E+003  0.26896021E+003
  0.00000000E+000  0.00000000E+000  0.00000000E+000  0.00000000E+000  0.00000000E+000  0.00000000E+000  0.73841719E+000  0.15039850E+002  0.73471640E+002  0.25717754E+003  0.26896047E+003
  0.00000000E+000  0.00000000E+000  0.00000000E+000  0.00000000E+000  0.00000000E+000  0.00000000E+000  0.73841010E+000  0.15039655E+002  0.73471065E+002  0.25717757E+003  0.26896073E+003
  0.00000000E+000  0.00000000E+000  0.00000000E+000  0.00000000E+000  0.00000000E+000  0.00000000E+000  0.73840201E+000  0.15039457E+002  0.73470486E+002  0.25717760E+003  0.26896098E+003
  0.00000000E+000  0.00000000E+000  0.00000000E+000  0.00000000E+000  0.00000000E+000  0.00000000E+000  0.73839297E+000  0.15039257E+002  0.73469904E+002  0.25717761E+003  0.26896123E+003
  0.00000000E+000  0.00000000E+000  0.00000000E+000  0.00000000E+000  0.00000000E+000  0.00000000E+000  0.73838302E+000  0.15039053E+002  0.73469320E+002  0.25717762E+003  0.26896147E+003
  0.00000000E+000  0.00000000E+000  0.00000000E+000  0.00000000E+000  0.00000000E+000  0.00000000E+000  0.73837222E+000  0.15038847E+002  0.73468734E+002  0.25717763E+003  0.26896170E+003
  0.00000000E+000  0.00000000E+000  0.00000000E+000  0.00000000E+000  0.00000000E+000  0.00000000E+000  0.73836066E+000  0.15038637E+002  0.73468148E+002  0.25717763E+003  0.26896194E+003
  0.00000000E+000  0.00000000E+000  0.00000000E+000  0.00000000E+000  0.00000000E+000  0.00000000E+000  0.73834842E+000  0.15038425E+002  0.73467560E+002  0.25717762E+003  0.26896217E+003
  0.00000000E+000  0.00000000E+000  0.00000000E+000  0.00000000E+000  0.00000000E+000  0.00000000E+000  0.73833557E+000  0.15038210E+002  0.73466972E+002  0.25717761E+003  0.26896239E+003
  0.00000000E+000  0.00000000E+000  0.00000000E+000  0.00000000E+000  0.00000000E+000  0.00000000E+000  0.73832222E+000  0.15037992E+002  0.73466384E+002  0.25717760E+003  0.26896261E+003
  0.00000000E+000  0.00000000E+000  0.00000000E+000  0.00000000E+000  0.00000000E+000  0.00000000E+000  0.73830846E+000  0.15037772E+002  0.73465796E+002  0.25717759E+003  0.26896283E+003
  0.00000000E+000  0.00000000E+000  0.00000000E+000  0.00000000E+000  0.00000000E+000  0.00000000E+000  0.73829437E+000  0.15037550E+002  0.73465209E+002  0.25717758E+003  0.26896305E+003
  0.00000000E+000  0.00000000E+000  0.00000000E+000  0.00000000E+000  0.00000000E+000  0.00000000E+000  0.73828006E+000  0.15037327E+002  0.73464622E+002  0.25717757E+003  0.26896326E+003
  0.00000000E+000  0.00000000E+000  0.00000000E+000  0.00000000E+000  0.00000000E+000  0.00000000E+000  0.73826560E+000  0.15037103E+002  0.73464038E+002  0.25717756E+003  0.26896347E+003
  0.00000000E+000  0.00000000E+000  0.00000000E+000  0.00000000E+000  0.00000000E+000  0.00000000E+000  0.73825108E+000  0.15036879E+002  0.73463454E+002  0.25717755E+003  0.26896368E+003
  0.00000000E+000  0.00000000E+000  0.00000000E+000  0.00000000E+000  0.00000000E+000  0.00000000E+000  0.73823659E+000  0.15036656E+002  0.73462873E+002  0.25717754E+003  0.26896388E+003
  0.00000000E+000  0.00000000E+000  0.00000000E+000  0.00000000E+000  0.00000000E+000  0.00000000E+000  0.73822220E+000  0.15036435E+002  0.73462294E+002  0.25717753E+003  0.26896408E+003
  0.00000000E+000  0.00000000E+000  0.00000000E+000  0.00000000E+000  0.00000000E+000  0.00000000E+000  0.73820798E+000  0.15036217E+002  0.73461716E+002  0.25717752E+003  0.26896428E+003
  0.00000000E+000  0.00000000E+000  0.00000000E+000  0.00000000E+000  0.00000000E+000  0.00000000E+000  0.73819401E+000  0.15036004E+002  0.73461142E+002  0.25717752E+003  0.26896448E+003
  0.00000000E+000  0.00000000E+000  0.00000000E+000  0.00000000E+000  0.00000000E+000  0.00000000E+000  0.73818035E+000  0.15035795E+002  0.73460569E+002  0.25717751E+003  0.26896467E+003
  0.00000000E+000  0.00000000E+000  0.00000000E+000  0.00000000E+000  0.00000000E+000  0.00000000E+000  0.73816705E+000  0.15035593E+002  0.73460000E+002  0.25717751E+003  0.26896487E+003
  0.00000000E+000  0.00000000E+000  0.00000000E+000  0.00000000E+000  0.00000000E+000  0.00000000E+000  0.73815419E+000  0.15035398E+002  0.73459433E+002  0.25717750E+003  0.26896506E+003
  0.00000000E+000  0.00000000E+000  0.00000000E+000  0.00000000E+000  0.00000000E+000  0.00000000E+000  0.73814182E+000  0.15035212E+002  0.73458868E+002  0.25717750E+003  0.26896524E+003
  0.00000000E+000  0.00000000E+000  0.00000000E+000  0.00000000E+000  0.00000000E+000  0.00000000E+000  0.73812999E+000  0.15035036E+002  0.73458307E+002  0.25717750E+003  0.26896543E+003
  0.00000000E+000  0.00000000E+000  0.00000000E+000  0.00000000E+000  0.00000000E+000  0.00000000E+000  0.73811877E+000  0.15034870E+002  0.73457747E+002  0.25717750E+003  0.26896561E+003
  0.00000000E+000  0.00000000E+000  0.00000000E+000  0.00000000E+000  0.00000000E+000  0.00000000E+000  0.73810819E+000  0.15034715E+002  0.73457190E+002  0.25717750E+003  0.26896579E+003
  0.00000000E+000  0.00000000E+000  0.00000000E+000  0.00000000E+000  0.00000000E+000  0.00000000E+000  0.73809831E+000  0.15034572E+002  0.73456636E+002  0.25717751E+003  0.26896596E+003
  0.00000000E+000  0.00000000E+000  0.00000000E+000  0.00000000E+000  0.00000000E+000  0.00000000E+000  0.73808918E+000  0.15034440E+002  0.73456084E+002  0.25717751E+003  0.26896613E+003
  0.00000000E+000  0.00000000E+000  0.00000000E+000  0.00000000E+000  0.00000000E+000  0.00000000E+000  0.73808084E+000  0.15034321E+002  0.73455534E+002  0.25717752E+003  0.26896630E+003
  0.00000000E+000  0.00000000E+000  0.00000000E+000  0.00000000E+000  0.00000000E+000  0.00000000E+000  0.73807333E+000  0.15034213E+002  0.73454986E+002  0.25717752E+003  0.26896647E+003
  0.00000000E+000  0.00000000E+000  0.00000000E+000  0.00000000E+000  0.00000000E+000  0.00000000E+000  0.73806668E+000  0.15034118E+002  0.73454440E+002  0.25717753E+003  0.26896663E+003
  0.00000000E+000  0.00000000E+000  0.00000000E+000  0.00000000E+000  0.00000000E+000  0.00000000E+000  0.73806094E+000  0.15034033E+002  0.73453897E+002  0.25717754E+003  0.26896679E+003
  0.00000000E+000  0.00000000E+000  0.00000000E+000  0.00000000E+000  0.00000000E+000  0.00000000E+000  0.73805613E+000  0.15033958E+002  0.73453358E+002  0.25717755E+003  0.26896694E+003
  0.00000000E+000  0.00000000E+000  0.00000000E+000  0.00000000E+000  0.00000000E+000  0.00000000E+000  0.73805226E+000  0.15033893E+002  0.73452821E+002  0.25717755E+003  0.26896709E+003
  0.00000000E+000  0.00000000E+000  0.00000000E+000  0.00000000E+000  0.00000000E+000  0.00000000E+000  0.73804936E+000  0.15033837E+002  0.73452290E+002  0.25717756E+003  0.26896723E+003
  0.00000000E+000  0.00000000E+000  0.00000000E+000  0.00000000E+000  0.00000000E+000  0.00000000E+000  0.73804742E+000  0.15033788E+002  0.73451765E+002  0.25717757E+003  0.26896737E+003
  0.00000000E+000  0.00000000E+000  0.00000000E+000  0.00000000E+000  0.00000000E+000  0.00000000E+000  0.73804646E+000  0.15033746E+002  0.73451246E+002  0.25717757E+003  0.26896751E+003
  0.00000000E+000  0.00000000E+000  0.00000000E+000  0.00000000E+000  0.00000000E+000  0.00000000E+000  0.73804646E+000  0.15033710E+002  0.73450738E+002  0.25717758E+003  0.26896764E+003
  0.00000000E+000  0.00000000E+000  0.00000000E+000  0.00000000E+000  0.00000000E+000  0.00000000E+000  0.73804741E+000  0.15033678E+002  0.73450240E+002  0.25717759E+003  0.26896777E+003
  0.00000000E+000  0.00000000E+000  0.00000000E+000  0.00000000E+000  0.00000000E+000  0.00000000E+000  0.73804928E+000  0.15033649E+002  0.73449756E+002  0.25717759E+003  0.26896789E+003
  0.00000000E+000  0.00000000E+000  0.00000000E+000  0.00000000E+000  0.00000000E+000  0.00000000E+000  0.73805206E+000  0.15033623E+002  0.73449288E+002  0.25717759E+003  0.26896800E+003
  0.00000000E+000  0.00000000E+000  0.00000000E+000  0.00000000E+000  0.00000000E+000  0.00000000E+000  0.73805570E+000  0.15033598E+002  0.73448839E+002  0.25717759E+003  0.26896811E+003
  0.00000000E+000  0.00000000E+000  0.00000000E+000  0.00000000E+000  0.00000000E+000  0.00000000E+000  0.73806016E+000  0.15033575E+002  0.73448410E+002  0.25717759E+003  0.26896822E+003
  0.00000000E+000  0.00000000E+000  0.00000000E+000  0.00000000E+000  0.00000000E+000  0.00000000E+000  0.73806540E+000  0.15033553E+002  0.73448006E+002  0.25717759E+003  0.26896832E+003
  0.00000000E+000  0.00000000E+000  0.00000000E+000  0.00000000E+000  0.00000000E+000  0.00000000E+000  0.73807135E+000  0.15033531E+002  0.73447627E+002  0.25717759E+003  0.26896841E+003
  0.00000000E+000  0.00000000E+000  0.00000000E+000  0.00000000E+000  0.00000000E+000  0.00000000E+000  0.73807796E+000  0.15033510E+002  0.73447277E+002  0.25717758E+003  0.26896850E+003
  0.00000000E+000  0.00000000E+000  0.00000000E+000  0.00000000E+000  0.00000000E+000  0.00000000E+000  0.73808516E+000  0.15033488E+002  0.73446955E+002  0.25717758E+003  0.26896858E+003
  0.00000000E+000  0.00000000E+000  0.00000000E+000  0.00000000E+000  0.00000000E+000  0.00000000E+000  0.73809288E+000  0.15033468E+002  0.73446665E+002  0.25717756E+003  0.26896866E+003
  0.00000000E+000  0.00000000E+000  0.00000000E+000  0.00000000E+000  0.00000000E+000  0.00000000E+000  0.73810106E+000  0.15033448E+002  0.73446406E+002  0.25717755E+003  0.26896873E+003
  0.00000000E+000  0.00000000E+000  0.00000000E+000  0.00000000E+000  0.00000000E+000  0.00000000E+000  0.73810962E+000  0.15033429E+002  0.73446179E+002  0.25717753E+003  0.26896879E+003
  0.00000000E+000  0.00000000E+000  0.00000000E+000  0.00000000E+000  0.00000000E+000  0.00000000E+000  0.73811849E+000  0.15033413E+002  0.73445982E+002  0.25717752E+003  0.26896884E+003
  0.00000000E+000  0.00000000E+000  0.00000000E+000  0.00000000E+000  0.00000000E+000  0.00000000E+000  0.73812759E+000  0.15033398E+002  0.73445816E+002  0.25717749E+003  0.26896889E+003
  0.00000000E+000  0.00000000E+000  0.00000000E+000  0.00000000E+000  0.00000000E+000  0.00000000E+000  0.73813684E+000  0.15033387E+002  0.73445678E+002  0.25717747E+003  0.26896893E+003
  0.00000000E+000  0.00000000E+000  0.00000000E+000  0.00000000E+000  0.00000000E+000  0.00000000E+000  0.73814618E+000  0.15033379E+002  0.73445567E+002  0.25717744E+003  0.26896897E+003
  0.00000000E+000  0.00000000E+000  0.00000000E+000  0.00000000E+000  0.00000000E+000  0.00000000E+000  0.73815552E+000  0.15033375E+002  0.73445480E+002  0.25717742E+003  0.26896900E+003
  0.00000000E+000  0.00000000E+000  0.00000000E+000  0.00000000E+000  0.00000000E+000  0.00000000E+000  0.73816481E+000  0.15033377E+002  0.73445415E+002  0.25717738E+003  0.26896902E+003
  0.00000000E+000  0.00000000E+000  0.00000000E+000  0.00000000E+000  0.00000000E+000  0.00000000E+000  0.73817396E+000  0.15033383E+002  0.73445369E+002  0.25717735E+003  0.26896903E+003
  0.00000000E+000  0.00000000E+000  0.00000000E+000  0.00000000E+000  0.00000000E+000  0.00000000E+000  0.73818293E+000  0.15033396E+002  0.73445338E+002  0.25717732E+003  0.26896904E+003
  0.00000000E+000  0.00000000E+000  0.00000000E+000  0.00000000E+000  0.00000000E+000  0.00000000E+000  0.73819164E+000  0.15033415E+002  0.73445321E+002  0.25717728E+003  0.26896904E+003
  0.00000000E+000  0.00000000E+000  0.00000000E+000  0.00000000E+000  0.00000000E+000  0.00000000E+000  0.73820004E+000  0.15033441E+002  0.73445314E+002  0.25717724E+003  0.26896904E+003
  0.00000000E+000  0.00000000E+000  0.00000000E+000  0.00000000E+000  0.00000000E+000  0.00000000E+000  0.73820808E+000  0.15033474E+002  0.73445315E+002  0.25717720E+003  0.26896903E+003
  0.00000000E+000  0.00000000E+000  0.00000000E+000  0.00000000E+000  0.00000000E+000  0.00000000E+000  0.73821571E+000  0.15033514E+002  0.73445322E+002  0.25717716E+003  0.26896902E+003
  0.00000000E+000  0.00000000E+000  0.00000000E+000  0.00000000E+000  0.00000000E+000  0.00000000E+000  0.73822289E+000  0.15033561E+002  0.73445334E+002  0.25717712E+003  0.26896900E+003
  0.00000000E+000  0.00000000E+000  0.00000000E+000  0.00000000E+000  0.00000000E+000  0.00000000E+000  0.73822958E+000  0.15033615E+002  0.73445348E+002  0.25717708E+003  0.26896898E+003
  0.00000000E+000  0.00000000E+000  0.00000000E+000  0.00000000E+000  0.00000000E+000  0.00000000E+000  0.73823575E+000  0.15033676E+002  0.73445364E+002  0.25717705E+003  0.26896895E+003
  0.00000000E+000  0.00000000E+000  0.00000000E+000  0.00000000E+000  0.00000000E+000  0.00000000E+000  0.73824137E+000  0.15033743E+002  0.73445381E+002  0.25717701E+003  0.26896893E+003
  0.00000000E+000  0.00000000E+000  0.00000000E+000  0.00000000E+000  0.00000000E+000  0.00000000E+000  0.73824643E+000  0.15033816E+002  0.73445400E+002  0.25717697E+003  0.26896889E+003
  0.00000000E+000  0.00000000E+000  0.00000000E+000  0.00000000E+000  0.00000000E+000  0.00000000E+000  0.73825090E+000  0.15033894E+002  0.73445420E+002  0.25717693E+003  0.26896886E+003
  0.00000000E+000  0.00000000E+000  0.00000000E+000  0.00000000E+000  0.00000000E+000  0.00000000E+000  0.73825478E+000  0.15033977E+002  0.73445443E+002  0.25717690E+003  0.26896882E+003
  0.00000000E+000  0.00000000E+000  0.00000000E+000  0.00000000E+000  0.00000000E+000  0.00000000E+000  0.73825807E+000  0.15034064E+002  0.73445470E+002  0.25717686E+003  0.26896878E+003
  0.00000000E+000  0.00000000E+000  0.00000000E+000  0.00000000E+000  0.00000000E+000  0.00000000E+000  0.73826075E+000  0.15034154E+002  0.73445501E+002  0.25717683E+003  0.26896874E+003
  0.00000000E+000  0.00000000E+000  0.00000000E+000  0.00000000E+000  0.00000000E+000  0.00000000E+000  0.73826284E+000  0.15034246E+002  0.73445538E+002  0.25717680E+003  0.26896870E+003
  0.00000000E+000  0.00000000E+000  0.00000000E+000  0.00000000E+000  0.00000000E+000  0.00000000E+000  0.73826434E+000  0.15034340E+002  0.73445583E+002  0.25717677E+003  0.26896866E+003
  0.00000000E+000  0.00000000E+000  0.00000000E+000  0.00000000E+000  0.00000000E+000  0.00000000E+000  0.73826527E+000  0.15034435E+002  0.73445636E+002  0.25717674E+003  0.26896861E+003
  0.00000000E+000  0.00000000E+000  0.00000000E+000  0.00000000E+000  0.00000000E+000  0.00000000E+000  0.73826564E+000  0.15034530E+002  0.73445700E+002  0.25717671E+003  0.26896857E+003
  0.00000000E+000  0.00000000E+000  0.00000000E+000  0.00000000E+000  0.00000000E+000  0.00000000E+000  0.73826548E+000  0.15034623E+002  0.73445774E+002  0.25717668E+003  0.26896853E+003
  0.00000000E+000  0.00000000E+000  0.00000000E+000  0.00000000E+000  0.00000000E+000  0.00000000E+000  0.73826480E+000  0.15034714E+002  0.73445861E+002  0.25717666E+003  0.26896848E+003
  0.00000000E+000  0.00000000E+000  0.00000000E+000  0.00000000E+000  0.00000000E+000  0.00000000E+000  0.73826364E+000  0.15034803E+002  0.73445960E+002  0.25717663E+003  0.26896844E+003
  0.00000000E+000  0.00000000E+000  0.00000000E+000  0.00000000E+000  0.00000000E+000  0.00000000E+000  0.73826202E+000  0.15034888E+002  0.73446073E+002  0.25717660E+003  0.26896839E+003
  0.00000000E+000  0.00000000E+000  0.00000000E+000  0.00000000E+000  0.00000000E+000  0.00000000E+000  0.73825997E+000  0.15034969E+002  0.73446198E+002  0.25717658E+003  0.26896834E+003
  0.00000000E+000  0.00000000E+000  0.00000000E+000  0.00000000E+000  0.00000000E+000  0.00000000E+000  0.73825752E+000  0.15035044E+002  0.73446336E+002  0.25717655E+003  0.26896830E+003
  0.00000000E+000  0.00000000E+000  0.00000000E+000  0.00000000E+000  0.00000000E+000  0.00000000E+000  0.73825472E+000  0.15035114E+002  0.73446486E+002  0.25717653E+003  0.26896825E+003
  0.00000000E+000  0.00000000E+000  0.00000000E+000  0.00000000E+000  0.00000000E+000  0.00000000E+000  0.73825159E+000  0.15035178E+002  0.73446647E+002  0.25717650E+003  0.26896821E+003
  0.00000000E+000  0.00000000E+000  0.00000000E+000  0.00000000E+000  0.00000000E+000  0.00000000E+000  0.73824817E+000  0.15035235E+002  0.73446819E+002  0.25717648E+003  0.26896816E+003
  0.00000000E+000  0.00000000E+000  0.00000000E+000  0.00000000E+000  0.00000000E+000  0.00000000E+000  0.73824450E+000  0.15035285E+002  0.73446998E+002  0.25717646E+003  0.26896812E+003
  0.00000000E+000  0.00000000E+000  0.00000000E+000  0.00000000E+000  0.00000000E+000  0.00000000E+000  0.73824062E+000  0.15035327E+002  0.73447184E+002  0.25717644E+003  0.26896808E+003
  0.00000000E+000  0.00000000E+000  0.00000000E+000  0.00000000E+000  0.00000000E+000  0.00000000E+000  0.73823657E+000  0.15035362E+002  0.73447376E+002  0.25717642E+003  0.26896804E+003
  0.00000000E+000  0.00000000E+000  0.00000000E+000  0.00000000E+000  0.00000000E+000  0.00000000E+000  0.73823239E+000  0.15035389E+002  0.73447569E+002  0.25717640E+003  0.26896800E+003
  0.00000000E+000  0.00000000E+000  0.00000000E+000  0.00000000E+000  0.00000000E+000  0.00000000E+000  0.73822810E+000  0.15035409E+002  0.73447764E+002  0.25717638E+003  0.26896796E+003
  0.00000000E+000  0.00000000E+000  0.00000000E+000  0.00000000E+000  0.00000000E+000  0.00000000E+000  0.73822376E+000  0.15035421E+002  0.73447956E+002  0.25717637E+003  0.26896792E+003
  0.00000000E+000  0.00000000E+000  0.00000000E+000  0.00000000E+000  0.00000000E+000  0.00000000E+000  0.73821941E+000  0.15035425E+002  0.73448145E+002  0.25717636E+003  0.26896789E+003
  0.00000000E+000  0.00000000E+000  0.00000000E+000  0.00000000E+000  0.00000000E+000  0.00000000E+000  0.73821506E+000  0.15035422E+002  0.73448328E+002  0.25717634E+003  0.26896786E+003
  0.00000000E+000  0.00000000E+000  0.00000000E+000  0.00000000E+000  0.00000000E+000  0.00000000E+000  0.73821077E+000  0.15035412E+002  0.73448503E+002  0.25717634E+003  0.26896783E+003
  0.00000000E+000  0.00000000E+000  0.00000000E+000  0.00000000E+000  0.00000000E+000  0.00000000E+000  0.73820657E+000  0.15035395E+002  0.73448667E+002  0.25717633E+003  0.26896780E+003
  0.00000000E+000  0.00000000E+000  0.00000000E+000  0.00000000E+000  0.00000000E+000  0.00000000E+000  0.73820249E+000  0.15035372E+002  0.73448820E+002  0.25717633E+003  0.26896778E+003
  0.00000000E+000  0.00000000E+000  0.00000000E+000  0.00000000E+000  0.00000000E+000  0.00000000E+000  0.73819856E+000  0.15035343E+002  0.73448959E+002  0.25717633E+003  0.26896776E+003
  0.00000000E+000  0.00000000E+000  0.00000000E+000  0.00000000E+000  0.00000000E+000  0.00000000E+000  0.73819481E+000  0.15035308E+002  0.73449084E+002  0.25717633E+003  0.26896775E+003
  0.00000000E+000  0.00000000E+000  0.00000000E+000  0.00000000E+000  0.00000000E+000  0.00000000E+000  0.73819127E+000  0.15035269E+002  0.73449192E+002  0.25717633E+003  0.26896773E+003
  0.00000000E+000  0.00000000E+000  0.00000000E+000  0.00000000E+000  0.00000000E+000  0.00000000E+000  0.73818795E+000  0.15035226E+002  0.73449284E+002  0.25717634E+003  0.26896773E+003
  0.00000000E+000  0.00000000E+000  0.00000000E+000  0.00000000E+000  0.00000000E+000  0.00000000E+000  0.73818489E+000  0.15035180E+002  0.73449359E+002  0.25717635E+003  0.26896772E+003
  0.00000000E+000  0.00000000E+000  0.00000000E+000  0.00000000E+000  0.00000000E+000  0.00000000E+000  0.73818211E+000  0.15035130E+002  0.73449415E+002  0.25717636E+003  0.26896772E+003
  0.00000000E+000  0.00000000E+000  0.00000000E+000  0.00000000E+000  0.00000000E+000  0.00000000E+000  0.73817961E+000  0.15035078E+002  0.73449454E+002  0.25717638E+003  0.26896772E+003
  0.00000000E+000  0.00000000E+000  0.00000000E+000  0.00000000E+000  0.00000000E+000  0.00000000E+000  0.73817741E+000  0.15035025E+002  0.73449475E+002  0.25717639E+003  0.26896773E+003
  0.00000000E+000  0.00000000E+000  0.00000000E+000  0.00000000E+000  0.00000000E+000  0.00000000E+000  0.73817552E+000  0.15034970E+002  0.73449479E+002  0.25717641E+003  0.26896774E+003
  0.00000000E+000  0.00000000E+000  0.00000000E+000  0.00000000E+000  0.00000000E+000  0.00000000E+000  0.73817394E+000  0.15034915E+002  0.73449466E+002  0.25717643E+003  0.26896776E+003
  0.00000000E+000  0.00000000E+000  0.00000000E+000  0.00000000E+000  0.00000000E+000  0.00000000E+000  0.73817269E+000  0.15034861E+002  0.73449437E+002  0.25717645E+003  0.26896777E+003
  0.00000000E+000  0.00000000E+000  0.00000000E+000  0.00000000E+000  0.00000000E+000  0.00000000E+000  0.73817175E+000  0.15034807E+002  0.73449393E+002  0.25717648E+003  0.26896779E+003
  0.00000000E+000  0.00000000E+000  0.00000000E+000  0.00000000E+000  0.00000000E+000  0.00000000E+000  0.73817113E+000  0.15034755E+002  0.73449335E+002  0.25717650E+003  0.26896781E+003
  0.00000000E+000  0.00000000E+000  0.00000000E+000  0.00000000E+000  0.00000000E+000  0.00000000E+000  0.73817081E+000  0.15034704E+002  0.73449264E+002  0.25717652E+003  0.26896784E+003
  0.00000000E+000  0.00000000E+000  0.00000000E+000  0.00000000E+000  0.00000000E+000  0.00000000E+000  0.73817080E+000  0.15034656E+002  0.73449183E+002  0.25717654E+003  0.26896786E+003
  0.00000000E+000  0.00000000E+000  0.00000000E+000  0.00000000E+000  0.00000000E+000  0.00000000E+000  0.73817106E+000  0.15034610E+002  0.73449092E+002  0.25717657E+003  0.26896789E+003
  0.00000000E+000  0.00000000E+000  0.00000000E+000  0.00000000E+000  0.00000000E+000  0.00000000E+000  0.73817160E+000  0.15034568E+002  0.73448992E+002  0.25717659E+003  0.26896792E+003
  0.00000000E+000  0.00000000E+000  0.00000000E+000  0.00000000E+000  0.00000000E+000  0.00000000E+000  0.73817239E+000  0.15034529E+002  0.73448886E+002  0.25717661E+003  0.26896795E+003
  0.00000000E+000  0.00000000E+000  0.00000000E+000  0.00000000E+000  0.00000000E+000  0.00000000E+000  0.73817341E+000  0.15034493E+002  0.73448775E+002  0.25717663E+003  0.26896797E+003
  0.00000000E+000  0.00000000E+000  0.00000000E+000  0.00000000E+000  0.00000000E+000  0.00000000E+000  0.73817463E+000  0.15034462E+002  0.73448661E+002  0.25717665E+003  0.26896800E+003
  0.00000000E+000  0.00000000E+000  0.00000000E+000  0.00000000E+000  0.00000000E+000  0.00000000E+000  0.73817604E+000  0.15034435E+002  0.73448545E+002  0.25717667E+003  0.26896803E+003
  0.00000000E+000  0.00000000E+000  0.00000000E+000  0.00000000E+000  0.00000000E+000  0.00000000E+000  0.73817761E+000  0.15034411E+002  0.73448428E+002  0.25717668E+003  0.26896806E+003
  0.00000000E+000  0.00000000E+000  0.00000000E+000  0.00000000E+000  0.00000000E+000  0.00000000E+000  0.73817930E+000  0.15034392E+002  0.73448313E+002  0.25717670E+003  0.26896809E+003
  0.00000000E+000  0.00000000E+000  0.00000000E+000  0.00000000E+000  0.00000000E+000  0.00000000E+000  0.73818110E+000  0.15034377E+002  0.73448199E+002  0.25717671E+003  0.26896811E+003
  0.00000000E+000  0.00000000E+000  0.00000000E+000  0.00000000E+000  0.00000000E+000  0.00000000E+000  0.73818298E+000  0.15034366E+002  0.73448090E+002  0.25717672E+003  0.26896814E+003
  0.00000000E+000  0.00000000E+000  0.00000000E+000  0.00000000E+000  0.00000000E+000  0.00000000E+000  0.73818490E+000  0.15034360E+002  0.73447985E+002  0.25717673E+003  0.26896816E+003
  0.00000000E+000  0.00000000E+000  0.00000000E+000  0.00000000E+000  0.00000000E+000  0.00000000E+000  0.73818685E+000  0.15034357E+002  0.73447885E+002  0.25717674E+003  0.26896818E+003
  0.00000000E+000  0.00000000E+000  0.00000000E+000  0.00000000E+000  0.00000000E+000  0.00000000E+000  0.73818878E+000  0.15034358E+002  0.73447793E+002  0.25717674E+003  0.26896820E+003
  0.00000000E+000  0.00000000E+000  0.00000000E+000  0.00000000E+000  0.00000000E+000  0.00000000E+000  0.73819069E+000  0.15034362E+002  0.73447707E+002  0.25717675E+003  0.26896822E+003
  0.00000000E+000  0.00000000E+000  0.00000000E+000  0.00000000E+000  0.00000000E+000  0.00000000E+000  0.73819254E+000  0.15034369E+002  0.73447630E+002  0.25717675E+003  0.26896823E+003
  0.00000000E+000  0.00000000E+000  0.00000000E+000  0.00000000E+000  0.00000000E+000  0.00000000E+000  0.73819430E+000  0.15034379E+002  0.73447561E+002  0.25717675E+003  0.26896824E+003
  0.00000000E+000  0.00000000E+000  0.00000000E+000  0.00000000E+000  0.00000000E+000  0.00000000E+000  0.73819598E+000  0.15034392E+002  0.73447501E+002  0.25717675E+003  0.26896825E+003
  0.00000000E+000  0.00000000E+000  0.00000000E+000  0.00000000E+000  0.00000000E+000  0.00000000E+000  0.73819753E+000  0.15034407E+002  0.73447450E+002  0.25717675E+003  0.26896826E+003
  0.00000000E+000  0.00000000E+000  0.00000000E+000  0.00000000E+000  0.00000000E+000  0.00000000E+000  0.73819895E+000  0.15034424E+002  0.73447407E+002  0.25717674E+003  0.26896827E+003
  0.00000000E+000  0.00000000E+000  0.00000000E+000  0.00000000E+000  0.00000000E+000  0.00000000E+000  0.73820023E+000  0.15034442E+002  0.73447374E+002  0.25717674E+003  0.26896827E+003
  0.00000000E+000  0.00000000E+000  0.00000000E+000  0.00000000E+000  0.00000000E+000  0.00000000E+000  0.73820135E+000  0.15034461E+002  0.73447349E+002  0.25717673E+003  0.26896828E+003
  0.00000000E+000  0.00000000E+000  0.00000000E+000  0.00000000E+000  0.00000000E+000  0.00000000E+000  0.73820230E+000  0.15034480E+002  0.73447333E+002  0.25717672E+003  0.26896828E+003
  0.00000000E+000  0.00000000E+000  0.00000000E+000  0.00000000E+000  0.00000000E+000  0.00000000E+000  0.73820311E+000  0.15034501E+002  0.73447325E+002  0.25717672E+003  0.26896828E+003
