 -0.72342502E+000 -0.55766877E+000 -0.30415624E+000 -0.10672094E+000 -0.53628756E-001  0.23177567E+000  0.11080447E+002  0.44376317E+002  0.78896105E+002  0.13333280E+003  0.16587928E+003
 -0.72264027E+000 -0.55704587E+000 -0.30352326E+000 -0.10583936E+000 -0.52318979E-001  0.23230299E+000  0.11085668E+002  0.44375140E+002  0.78882514E+002  0.13330757E+003  0.16587821E+003
 -0.72235052E+000 -0.55680154E+000 -0.30328718E+000 -0.10538632E+000 -0.51856747E-001  0.23233967E+000  0.11107109E+002  0.44375169E+002  0.78883767E+002  0.13330992E+003  0.16587836E+003
 -0.72218920E+000 -0.55664034E+000 -0.30311474E+000 -0.10504297E+000 -0.51620374E-001  0.23232234E+000  0.11126593E+002  0.44375321E+002  0.78886309E+002  0.13331318E+003  0.16587854E+003
 -0.72212868E+000 -0.55655423E+000 -0.30301692E+000 -0.10480365E+000 -0.51555589E-001  0.23225828E+000  0.11142408E+002  0.44375468E+002  0.78888646E+002  0.13331614E+003  0.16587869E+003
 -0.72213078E+000 -0.55652111E+000 -0.30297572E+000 -0.10464221E+000 -0.51605336E-001  0.23216758E+000  0.11155404E+002  0.44375600E+002  0.78890725E+002  0.13331877E+003  0.16587880E+003
 -0.72217249E+000 -0.55652721E+000 -0.30297860E+000 -0.10454012E+000 -0.51733665E-001  0.23206114E+000  0.11166147E+002  0.44375716E+002  0.78892557E+002  0.13332111E+003  0.16587890E+003
 -0.72223955E+000 -0.55656273E+000 -0.30301588E+000 -0.10448364E+000 -0.51916438E-001  0.23194548E+000  0.11175062E+002  0.44375818E+002  0.78894158E+002  0.13332318E+003  0.16587898E+003
 -0.72232245E+000 -0.55661989E+000 -0.30307953E+000 -0.10446199E+000 -0.52136208E-001  0.23182517E+000  0.11182484E+002  0.44375907E+002  0.78895465E+002  0.13332499E+003  0.16587905E+003
 -0.72241510E+000 -0.55669281E+000 -0.30316339E+000 -0.10454030E+000 -0.52333560E-001  0.23170356E+000  0.11188676E+002  0.44375984E+002  0.78895594E+002  0.13332657E+003  0.16587910E+003
 -0.72251341E+000 -0.55677748E+000 -0.30326261E+000 -0.10469181E+000 -0.52507958E-001  0.23158283E+000  0.11193848E+002  0.44376051E+002  0.78895701E+002  0.13332795E+003  0.16587915E+003
 -0.72261457E+000 -0.55687041E+000 -0.30337332E+000 -0.10489171E+000 -0.52662051E-001  0.23146440E+000  0.11198168E+002  0.44376109E+002  0.78895790E+002  0.13332914E+003  0.16587918E+003
 -0.72271665E+000 -0.55696872E+000 -0.30349241E+000 -0.10512150E+000 -0.52798191E-001  0.23134912E+000  0.11201774E+002  0.44376160E+002  0.78895863E+002  0.13333018E+003  0.16587922E+003
 -0.72281832E+000 -0.55707024E+000 -0.30361746E+000 -0.10536762E+000 -0.52918466E-001  0.23123747E+000  0.11204772E+002  0.44376203E+002  0.78895925E+002  0.13333107E+003  0.16587924E+003
 -0.72291874E+000 -0.55717336E+000 -0.30374655E+000 -0.10562034E+000 -0.53024716E-001  0.23112963E+000  0.11207250E+002  0.44376240E+002  0.78895976E+002  0.13333184E+003  0.16587927E+003
 -0.72301839E+000 -0.55727785E+000 -0.30387934E+000 -0.10584314E+000 -0.53117075E-001  0.23102404E+000  0.11209261E+002  0.44376272E+002  0.78896019E+002  0.13333250E+003  0.16587929E+003
 -0.72311643E+000 -0.55738241E+000 -0.30401413E+000 -0.10603777E+000 -0.53198628E-001  0.23092124E+000  0.11210867E+002  0.44376299E+002  0.78896055E+002  0.13333306E+003  0.16587930E+003
 -0.72321203E+000 -0.55748588E+000 -0.30414940E+000 -0.10620997E+000 -0.53271798E-001  0.23082187E+000  0.11212127E+002  0.44376322E+002  0.78896086E+002  0.13333334E+003  0.16587931E+003
 -0.72330469E+000 -0.55758750E+000 -0.30428402E+000 -0.10636420E+000 -0.53337195E-001  0.23072623E+000  0.11213085E+002  0.44376341E+002  0.78896111E+002  0.13333336E+003  0.16587933E+003
 -0.72339407E+000 -0.55768669E+000 -0.30441714E+000 -0.10650387E+000 -0.53395450E-001  0.23063453E+000  0.11213779E+002  0.44376358E+002  0.78896132E+002  0.13333337E+003  0.16587934E+003
 -0.72347996E+000 -0.55778307E+000 -0.30454807E+000 -0.10663155E+000 -0.53447190E-001  0.23054691E+000  0.11214241E+002  0.44376371E+002  0.78896150E+002  0.13333339E+003  0.16587934E+003
 -0.72356223E+000 -0.55787638E+000 -0.30467630E+000 -0.10674921E+000 -0.53493016E-001  0.23046349E+000  0.11214496E+002  0.44376383E+002  0.78896164E+002  0.13333340E+003  0.16587935E+003
 -0.72364084E+000 -0.55796644E+000 -0.30480137E+000 -0.10685832E+000 -0.53533498E-001  0.23038435E+000  0.11214566E+002  0.44376393E+002  0.78896177E+002  0.13333340E+003  0.16587936E+003
 -0.72371579E+000 -0.55805313E+000 -0.30492296E+000 -0.10696000E+000 -0.53569165E-001  0.23030957E+000  0.11214471E+002  0.44376401E+002  0.78896187E+002  0.13333341E+003  0.16587936E+003
 -0.72378711E+000 -0.55813640E+000 -0.30504078E+000 -0.10705509E+000 -0.53600503E-001  0.23023924E+000  0.11214227E+002  0.44376407E+002  0.78896195E+002  0.13333342E+003  0.16587936E+003
 -0.72385484E+000 -0.55821619E+000 -0.30515457E+000 -0.10714420E+000 -0.53627958E-001  0.23017344E+000  0.11213848E+002  0.44376413E+002  0.78896202E+002  0.13333342E+003  0.16587937E+003
 -0.72391904E+000 -0.55829249E+000 -0.30526414E+000 -0.10722777E+000 -0.53651932E-001  0.23011223E+000  0.11213348E+002  0.44376417E+002  0.78896207E+002  0.13333343E+003  0.16587937E+003
 -0.72397977E+000 -0.55836530E+000 -0.30536931E+000 -0.10730613E+000 -0.53672791E-001  0.23005572E+000  0.11212737E+002  0.44376421E+002  0.78896212E+002  0.13333343E+003  0.16587937E+003
 -0.72403709E+000 -0.55843461E+000 -0.30546993E+000 -0.10737950E+000 -0.53690866E-001  0.23000397E+000  0.11212028E+002  0.44376423E+002  0.78896215E+002  0.13333343E+003  0.16587937E+003
 -0.72409106E+000 -0.55850044E+000 -0.30556586E+000 -0.10744803E+000 -0.53706451E-001  0.22995707E+000  0.11211230E+002  0.44376426E+002  0.78896218E+002  0.13333343E+003  0.16587937E+003
 -0.72414174E+000 -0.55856279E+000 -0.30565700E+000 -0.10751183E+000 -0.53719814E-001  0.22991506E+000  0.11210353E+002  0.44376427E+002  0.78896220E+002  0.13333343E+003  0.16587937E+003
 -0.72418920E+000 -0.55862170E+000 -0.30574325E+000 -0.10757097E+000 -0.53731194E-001  0.22987801E+000  0.11209405E+002  0.44376429E+002  0.78896222E+002  0.13333343E+003  0.16587937E+003
 -0.72423350E+000 -0.55867717E+000 -0.30582452E+000 -0.10762551E+000 -0.53740807E-001  0.22984592E+000  0.11208394E+002  0.44376430E+002  0.78896223E+002  0.13333343E+003  0.16587937E+003
 -0.72427470E+000 -0.55872925E+000 -0.30590076E+000 -0.10767549E+000 -0.53748846E-001  0.22981882E+000  0.11207329E+002  0.44376430E+002  0.78896223E+002  0.13333344E+003  0.16587937E+003
 -0.72431287E+000 -0.55877795E+000 -0.30597191E+000 -0.10772097E+000 -0.53755485E-001  0.22979668E+000  0.11206218E+002  0.44376431E+002  0.78896224E+002  0.13333344E+003  0.16587937E+003
 -0.72434808E+000 -0.55882333E+000 -0.30603795E+000 -0.10776200E+000 -0.53760880E-001  0.22977943E+000  0.11205066E+002  0.44376431E+002  0.78896224E+002  0.13333343E+003  0.16587937E+003
 -0.72438042E+000 -0.55886542E+000 -0.30609886E+000 -0.10779865E+000 -0.53765173E-001  0.22976702E+000  0.11203882E+002  0.44376431E+002  0.78896224E+002  0.13333343E+003  0.16587937E+003
 -0.72440994E+000 -0.55890427E+000 -0.30615465E+000 -0.10783101E+000 -0.53768490E-001  0.22975932E+000  0.11202672E+002  0.44376431E+002  0.78896224E+002  0.13333343E+003  0.16587937E+003
 -0.72443675E+000 -0.55893993E+000 -0.30620532E+000 -0.10785917E+000 -0.53770946E-001  0.22975620E+000  0.11201442E+002  0.44376431E+002  0.78896224E+002  0.13333343E+003  0.16587937E+003
 -0.72446090E+000 -0.55897245E+000 -0.30625091E+000 -0.10788325E+000 -0.53772642E-001  0.22975750E+000  0.11200198E+002  0.44376431E+002  0.78896224E+002  0.13333343E+003  0.16587937E+003
 -0.72448249E+000 -0.55900187E+000 -0.30629145E+000 -0.10790340E+000 -0.53773670E-001  0.22976304E+000  0.11198945E+002  0.44376431E+002  0.78896224E+002  0.13333343E+003  0.16587937E+003
 -0.72450159E+000 -0.55902827E+000 -0.30632699E+000 -0.10791974E+000 -0.53774113E-001  0.22977264E+000  0.11197690E+002  0.44376431E+002  0.78896224E+002  0.13333343E+003  0.16587937E+003
 -0.72451827E+000 -0.55905167E+000 -0.30635759E+000 -0.10793245E+000 -0.53774042E-001  0.22978607E+000  0.11196437E+002  0.44376431E+002  0.78896223E+002  0.13333343E+003  0.16587937E+003
 -0.72453262E+000 -0.55907214E+000 -0.30638331E+000 -0.10794170E+000 -0.53773521E-001  0.22980313E+000  0.11195191E+002  0.44376431E+002  0.78896223E+002  0.13333343E+003  0.16587937E+003
 -0.72454468E+000 -0.55908972E+000 -0.30640421E+000 -0.10794765E+000 -0.53772606E-001  0.22982361E+000  0.11193957E+002  0.44376431E+002  0.78896223E+002  0.13333343E+003  0.16587937E+003
 -0.72455453E+000 -0.55910444E+000 -0.30642036E+000 -0.10795048E+000 -0.53771347E-001  0.22984728E+000  0.11192739E+002  0.44376431E+002  0.78896223E+002  0.13333343E+003  0.16587937E+003
 -0.72456222E+000 -0.55911634E+000 -0.30643184E+000 -0.10795038E+000 -0.53769785E-001  0.22987395E+000  0.11191541E+002  0.44376431E+002  0.78896223E+002  0.13333343E+003  0.16587937E+003
 -0.72456779E+000 -0.55912544E+000 -0.30643873E+000 -0.10794750E+000 -0.53767955E-001  0.22990342E+000  0.11190368E+002  0.44376431E+002  0.78896223E+002  0.13333343E+003  0.16587937E+003
 -0.72457128E+000 -0.55913178E+000 -0.30644108E+000 -0.10794202E+000 -0.53765888E-001  0.22993550E+000  0.11189224E+002  0.44376431E+002  0.78896223E+002  0.13333343E+003  0.16587937E+003
 -0.72457274E+000 -0.55913537E+000 -0.30643900E+000 -0.10793409E+000 -0.53763610E-001  0.22997002E+000  0.11188111E+002  0.44376432E+002  0.78896223E+002  0.13333343E+003  0.16587937E+003
 -0.72457219E+000 -0.55913624E+000 -0.30643256E+000 -0.10792388E+000 -0.53761142E-001  0.23000681E+000  0.11187035E+002  0.44376432E+002  0.78896223E+002  0.13333343E+003  0.16587937E+003
 -0.72456966E+000 -0.55913439E+000 -0.30642184E+000 -0.10791152E+000 -0.53758502E-001  0.23004572E+000  0.11185997E+002  0.44376432E+002  0.78896223E+002  0.13333343E+003  0.16587937E+003
 -0.72456518E+000 -0.55912985E+000 -0.30640694E+000 -0.10789715E+000 -0.53755704E-001  0.23008663E+000  0.11185001E+002  0.44376433E+002  0.78896224E+002  0.13333343E+003  0.16587937E+003
 -0.72455877E+000 -0.55912264E+000 -0.30638796E+000 -0.10788091E+000 -0.53752762E-001  0.23012938E+000  0.11184051E+002  0.44376433E+002  0.78896224E+002  0.13333343E+003  0.16587937E+003
 -0.72455046E+000 -0.55911279E+000 -0.30636501E+000 -0.10786290E+000 -0.53749686E-001  0.23017386E+000  0.11183149E+002  0.44376433E+002  0.78896225E+002  0.13333343E+003  0.16587937E+003
 -0.72454028E+000 -0.55910033E+000 -0.30633822E+000 -0.10784325E+000 -0.53746487E-001  0.23021995E+000  0.11182297E+002  0.44376434E+002  0.78896225E+002  0.13333343E+003  0.16587937E+003
 -0.72452825E+000 -0.55908529E+000 -0.30630771E+000 -0.10782206E+000 -0.53743173E-001  0.23026753E+000  0.11181498E+002  0.44376435E+002  0.78896226E+002  0.13333343E+003  0.16587937E+003
 -0.72451443E+000 -0.55906774E+000 -0.30627364E+000 -0.10779945E+000 -0.53739752E-001  0.23031648E+000  0.11180753E+002  0.44376435E+002  0.78896226E+002  0.13333343E+003  0.16587937E+003
 -0.72449885E+000 -0.55904773E+000 -0.30623616E+000 -0.10777551E+000 -0.53736234E-001  0.23036668E+000  0.11180065E+002  0.44376436E+002  0.78896227E+002  0.13333343E+003  0.16587937E+003
 -0.72448157E+000 -0.55902533E+000 -0.30619546E+000 -0.10775036E+000 -0.53732626E-001  0.23041802E+000  0.11179435E+002  0.44376437E+002  0.78896228E+002  0.13333343E+003  0.16587937E+003
 -0.72446264E+000 -0.55900063E+000 -0.30615172E+000 -0.10772409E+000 -0.53728938E-001  0.23047037E+000  0.11178864E+002  0.44376438E+002  0.78896229E+002  0.13333343E+003  0.16587938E+003
 -0.72444213E+000 -0.55897373E+000 -0.30610515E+000 -0.10769681E+000 -0.53725178E-001  0.23052361E+000  0.11178352E+002  0.44376438E+002  0.78896230E+002  0.13333343E+003  0.16587938E+003
 -0.72442011E+000 -0.55894474E+000 -0.30605597E+000 -0.10766862E+000 -0.53721355E-001  0.23057760E+000  0.11177900E+002  0.44376439E+002  0.78896231E+002  0.13333343E+003  0.16587938E+003
 -0.72439668E+000 -0.55891378E+000 -0.30600440E+000 -0.10763962E+000 -0.53717480E-001  0.23063223E+000  0.11177508E+002  0.44376440E+002  0.78896232E+002  0.13333343E+003  0.16587938E+003
 -0.72437192E+000 -0.55888099E+000 -0.30595068E+000 -0.10760991E+000 -0.53713561E-001  0.23068735E+000  0.11177176E+002  0.44376441E+002  0.78896233E+002  0.13333343E+003  0.16587938E+003
 -0.72434593E+000 -0.55884650E+000 -0.30589505E+000 -0.10757961E+000 -0.53709608E-001  0.23074283E+000  0.11176903E+002  0.44376442E+002  0.78896234E+002  0.13333343E+003  0.16587938E+003
 -0.72431882E+000 -0.55881049E+000 -0.30583777E+000 -0.10754881E+000 -0.53705633E-001  0.23079854E+000  0.11176687E+002  0.44376443E+002  0.78896236E+002  0.13333343E+003  0.16587938E+003
 -0.72429070E+000 -0.55877310E+000 -0.30577909E+000 -0.10751762E+000 -0.53701644E-001  0.23085433E+000  0.11176527E+002  0.44376444E+002  0.78896237E+002  0.13333343E+003  0.16587938E+003
 -0.72426169E+000 -0.55873450E+000 -0.30571926E+000 -0.10748614E+000 -0.53697653E-001  0.23091008E+000  0.11176421E+002  0.44376446E+002  0.78896238E+002  0.13333343E+003  0.16587938E+003
 -0.72423190E+000 -0.55869488E+000 -0.30565854E+000 -0.10745447E+000 -0.53693670E-001  0.23096564E+000  0.11176367E+002  0.44376447E+002  0.78896240E+002  0.13333343E+003  0.16587938E+003
 -0.72420146E+000 -0.55865439E+000 -0.30559717E+000 -0.10742271E+000 -0.53689704E-001  0.23102088E+000  0.11176361E+002  0.44376448E+002  0.78896241E+002  0.13333343E+003  0.16587939E+003
 -0.72417050E+000 -0.55861324E+000 -0.30553541E+000 -0.10739097E+000 -0.53685767E-001  0.23107567E+000  0.11176402E+002  0.44376449E+002  0.78896243E+002  0.13333344E+003  0.16587939E+003
 -0.72413915E+000 -0.55857158E+000 -0.30547350E+000 -0.10735933E+000 -0.53681868E-001  0.23112987E+000  0.11176484E+002  0.44376450E+002  0.78896244E+002  0.13333344E+003  0.16587939E+003
 -0.72410753E+000 -0.55852961E+000 -0.30541168E+000 -0.10732790E+000 -0.53678017E-001  0.23118336E+000  0.11176605E+002  0.44376451E+002  0.78896246E+002  0.13333344E+003  0.16587939E+003
 -0.72407577E+000 -0.55848750E+000 -0.30535016E+000 -0.10729678E+000 -0.53674224E-001  0.23123600E+000  0.11176759E+002  0.44376453E+002  0.78896248E+002  0.13333344E+003  0.16587939E+003
 -0.72404400E+000 -0.55844541E+000 -0.30528916E+000 -0.10726604E+000 -0.53670497E-001  0.23128768E+000  0.11176944E+002  0.44376454E+002  0.78896249E+002  0.13333344E+003  0.16587939E+003
 -0.72401234E+000 -0.55840352E+000 -0.30522889E+000 -0.10723578E+000 -0.53666844E-001  0.23133829E+000  0.11177153E+002  0.44376455E+002  0.78896251E+002  0.13333344E+003  0.16587939E+003
 -0.72398091E+000 -0.55836199E+000 -0.30516954E+000 -0.10720608E+000 -0.53663274E-001  0.23138773E+000  0.11177384E+002  0.44376456E+002  0.78896252E+002  0.13333344E+003  0.16587939E+003
 -0.72394981E+000 -0.55832094E+000 -0.30511126E+000 -0.10717703E+000 -0.53660057E-001  0.23143590E+000  0.11177633E+002  0.44376458E+002  0.78896254E+002  0.13333344E+003  0.16587940E+003
 -0.72391914E+000 -0.55828052E+000 -0.30505420E+000 -0.10714872E+000 -0.53657402E-001  0.23148268E+000  0.11177895E+002  0.44376459E+002  0.78896256E+002  0.13333344E+003  0.16587940E+003
 -0.72388902E+000 -0.55824108E+000 -0.30499853E+000 -0.10712120E+000 -0.53655035E-001  0.23152795E+000  0.11178167E+002  0.44376460E+002  0.78896257E+002  0.13333344E+003  0.16587940E+003
 -0.72385954E+000 -0.55820309E+000 -0.30494439E+000 -0.10709451E+000 -0.53652831E-001  0.23157163E+000  0.11178445E+002  0.44376461E+002  0.78896259E+002  0.13333345E+003  0.16587940E+003
 -0.72383082E+000 -0.55816657E+000 -0.30489192E+000 -0.10706869E+000 -0.53650740E-001  0.23161364E+000  0.11178724E+002  0.44376462E+002  0.78896260E+002  0.13333345E+003  0.16587940E+003
 -0.72380295E+000 -0.55813154E+000 -0.30484121E+000 -0.10704378E+000 -0.53648741E-001  0.23165393E+000  0.11179001E+002  0.44376463E+002  0.78896262E+002  0.13333345E+003  0.16587940E+003
 -0.72377602E+000 -0.55809800E+000 -0.30479236E+000 -0.10701982E+000 -0.53646829E-001  0.23169245E+000  0.11179273E+002  0.44376464E+002  0.78896263E+002  0.13333345E+003  0.16587940E+003
 -0.72375010E+000 -0.55806596E+000 -0.30474545E+000 -0.10699682E+000 -0.53645000E-001  0.23172917E+000  0.11179537E+002  0.44376465E+002  0.78896265E+002  0.13333345E+003  0.16587941E+003
 -0.72372524E+000 -0.55803542E+000 -0.30470054E+000 -0.10697483E+000 -0.53643255E-001  0.23176406E+000  0.11179788E+002  0.44376466E+002  0.78896266E+002  0.13333345E+003  0.16587941E+003
 -0.72370148E+000 -0.55800638E+000 -0.30465768E+000 -0.10695385E+000 -0.53641594E-001  0.23179709E+000  0.11180026E+002  0.44376467E+002  0.78896268E+002  0.13333345E+003  0.16587941E+003
 -0.72367886E+000 -0.55797883E+000 -0.30461690E+000 -0.10693391E+000 -0.53640020E-001  0.23182827E+000  0.11180248E+002  0.44376468E+002  0.78896269E+002  0.13333345E+003  0.16587941E+003
 -0.72365739E+000 -0.55795275E+000 -0.30457822E+000 -0.10691500E+000 -0.53638531E-001  0.23185759E+000  0.11180451E+002  0.44376469E+002  0.78896270E+002  0.13333345E+003  0.16587941E+003
 -0.72363709E+000 -0.55792813E+000 -0.30454165E+000 -0.10689713E+000 -0.53637127E-001  0.23188506E+000  0.11180635E+002  0.44376470E+002  0.78896271E+002  0.13333345E+003  0.16587941E+003
 -0.72361794E+000 -0.55790495E+000 -0.30450717E+000 -0.10688029E+000 -0.53635809E-001  0.23191070E+000  0.11180797E+002  0.44376471E+002  0.78896273E+002  0.13333345E+003  0.16587941E+003
 -0.72359993E+000 -0.55788319E+000 -0.30447478E+000 -0.10686448E+000 -0.53634574E-001  0.23193455E+000  0.11180938E+002  0.44376472E+002  0.78896274E+002  0.13333345E+003  0.16587941E+003
 -0.72358306E+000 -0.55786281E+000 -0.30444444E+000 -0.10684967E+000 -0.53633423E-001  0.23195662E+000  0.11181056E+002  0.44376473E+002  0.78896275E+002  0.13333346E+003  0.16587942E+003
 -0.72356730E+000 -0.55784378E+000 -0.30441611E+000 -0.10683586E+000 -0.53632353E-001  0.23197697E+000  0.11181150E+002  0.44376473E+002  0.78896276E+002  0.13333346E+003  0.16587942E+003
 -0.72355263E+000 -0.55782606E+000 -0.30438974E+000 -0.10682301E+000 -0.53631362E-001  0.23199564E+000  0.11181221E+002  0.44376474E+002  0.78896277E+002  0.13333346E+003  0.16587942E+003
 -0.72353900E+000 -0.55780961E+000 -0.30436529E+000 -0.10681110E+000 -0.53630448E-001  0.23201268E+000  0.11181269E+002  0.44376474E+002  0.78896278E+002  0.13333346E+003  0.16587942E+003
 -0.72352639E+000 -0.55779439E+000 -0.30434268E+000 -0.10680009E+000 -0.53629609E-001  0.23202816E+000  0.11181293E+002  0.44376475E+002  0.78896279E+002  0.13333346E+003  0.16587942E+003
 -0.72351476E+000 -0.55778036E+000 -0.30432185E+000 -0.10678996E+000 -0.53628841E-001  0.23204215E+000  0.11181295E+002  0.44376476E+002  0.78896280E+002  0.13333346E+003  0.16587942E+003
 -0.72350406E+000 -0.55776745E+000 -0.30430272E+000 -0.10678066E+000 -0.53628141E-001  0.23205470E+000  0.11181275E+002  0.44376476E+002  0.78896281E+002  0.13333346E+003  0.16587942E+003
 -0.72349426E+000 -0.55775562E+000 -0.30428522E+000 -0.10677217E+000 -0.53627507E-001  0.23206589E+000  0.11181234E+002  0.44376476E+002  0.78896281E+002  0.13333346E+003  0.16587942E+003
 -0.72348531E+000 -0.55774481E+000 -0.30426926E+000 -0.10676443E+000 -0.53626934E-001  0.23207580E+000  0.11181172E+002  0.44376477E+002  0.78896282E+002  0.13333346E+003  0.16587942E+003
 -0.72347717E+000 -0.55773497E+000 -0.30425475E+000 -0.10675741E+000 -0.53626420E-001  0.23208450E+000  0.11181091E+002  0.44376477E+002  0.78896283E+002  0.13333346E+003  0.16587943E+003
 -0.72346978E+000 -0.55772605E+000 -0.30424162E+000 -0.10675107E+000 -0.53625961E-001  0.23209206E+000  0.11180992E+002  0.44376478E+002  0.78896284E+002  0.13333346E+003  0.16587943E+003
 -0.72346310E+000 -0.55771798E+000 -0.30422977E+000 -0.10674536E+000 -0.53625554E-001  0.23209857E+000  0.11180875E+002  0.44376478E+002  0.78896284E+002  0.13333346E+003  0.16587943E+003
 -0.72345709E+000 -0.55771072E+000 -0.30421913E+000 -0.10674024E+000 -0.53625195E-001  0.23210410E+000  0.11180743E+002  0.44376478E+002  0.78896285E+002  0.13333346E+003  0.16587943E+003
 -0.72345170E+000 -0.55770420E+000 -0.30420960E+000 -0.10673567E+000 -0.53624880E-001  0.23210873E+000  0.11180596E+002  0.44376478E+002  0.78896285E+002  0.13333346E+003  0.16587943E+003
 -0.72344688E+000 -0.55769838E+000 -0.30420110E+000 -0.10673161E+000 -0.53624606E-001  0.23211253E+000  0.11180435E+002  0.44376479E+002  0.78896286E+002  0.13333346E+003  0.16587943E+003
 -0.72344260E+000 -0.55769319E+000 -0.30419355E+000 -0.10672802E+000 -0.53624370E-001  0.23211557E+000  0.11180263E+002  0.44376479E+002  0.78896287E+002  0.13333346E+003  0.16587943E+003
 -0.72343880E+000 -0.55768859E+000 -0.30418687E+000 -0.10672486E+000 -0.53624169E-001  0.23211792E+000  0.11180079E+002  0.44376479E+002  0.78896287E+002  0.13333346E+003  0.16587943E+003
 -0.72343545E+000 -0.55768453E+000 -0.30418098E+000 -0.10672209E+000 -0.53623999E-001  0.23211966E+000  0.11179886E+002  0.44376479E+002  0.78896288E+002  0.13333346E+003  0.16587943E+003
 -0.72343250E+000 -0.55768096E+000 -0.30417582E+000 -0.10671967E+000 -0.53623857E-001  0.23212085E+000  0.11179684E+002  0.44376479E+002  0.78896288E+002  0.13333346E+003  0.16587943E+003
 -0.72342993E+000 -0.55767783E+000 -0.30417131E+000 -0.10671758E+000 -0.53623741E-001  0.23212154E+000  0.11179474E+002  0.44376479E+002  0.78896288E+002  0.13333346E+003  0.16587943E+003
 -0.72342769E+000 -0.55767511E+000 -0.30416739E+000 -0.10671578E+000 -0.53623648E-001  0.23212179E+000  0.11179259E+002  0.44376479E+002  0.78896289E+002  0.13333347E+003  0.16587943E+003
 -0.72342575E+000 -0.55767274E+000 -0.30416399E+000 -0.10671424E+000 -0.53623575E-001  0.23212167E+000  0.11179038E+002  0.44376479E+002  0.78896289E+002  0.13333347E+003  0.16587943E+003
 -0.72342408E+000 -0.55767070E+000 -0.30416107E+000 -0.10671293E+000 -0.53623520E-001  0.23212121E+000  0.11178813E+002  0.44376479E+002  0.78896290E+002  0.13333347E+003  0.16587943E+003
 -0.72342264E+000 -0.55766895E+000 -0.30415856E+000 -0.10671182E+000 -0.53623480E-001  0.23212047E+000  0.11178584E+002  0.44376479E+002  0.78896290E+002  0.13333347E+003  0.16587943E+003
 -0.72342142E+000 -0.55766745E+000 -0.30415642E+000 -0.10671090E+000 -0.53623455E-001  0.23211948E+000  0.11178354E+002  0.44376480E+002  0.78896290E+002  0.13333347E+003  0.16587943E+003
 -0.72342039E+000 -0.55766617E+000 -0.30415460E+000 -0.10671013E+000 -0.53623441E-001  0.23211829E+000  0.11178122E+002  0.44376480E+002  0.78896291E+002  0.13333347E+003  0.16587943E+003
 -0.72341952E+000 -0.55766510E+000 -0.30415306E+000 -0.10670950E+000 -0.53623438E-001  0.23211693E+000  0.11177889E+002  0.44376480E+002  0.78896291E+002  0.13333347E+003  0.16587943E+003
 -0.72341880E+000 -0.55766419E+000 -0.30415177E+000 -0.10670900E+000 -0.53623443E-001  0.23211544E+000  0.11177656E+002  0.44376480E+002  0.78896291E+002  0.13333347E+003  0.16587944E+003
 -0.72341819E+000 -0.55766344E+000 -0.30415069E+000 -0.10670859E+000 -0.53623455E-001  0.23211384E+000  0.11177424E+002  0.44376480E+002  0.78896292E+002  0.13333347E+003  0.16587944E+003
 -0.72341770E+000 -0.55766281E+000 -0.30414980E+000 -0.10670828E+000 -0.53623474E-001  0.23211215E+000  0.11177193E+002  0.44376479E+002  0.78896292E+002  0.13333347E+003  0.16587944E+003
 -0.72341730E+000 -0.55766229E+000 -0.30414906E+000 -0.10670803E+000 -0.53623497E-001  0.23211041E+000  0.11176964E+002  0.44376479E+002  0.78896292E+002  0.13333347E+003  0.16587944E+003
 -0.72341698E+000 -0.55766187E+000 -0.30414846E+000 -0.10670786E+000 -0.53623525E-001  0.23210862E+000  0.11176738E+002  0.44376479E+002  0.78896292E+002  0.13333347E+003  0.16587944E+003
 -0.72341672E+000 -0.55766153E+000 -0.30414796E+000 -0.10670773E+000 -0.53623555E-001  0.23210681E+000  0.11176514E+002  0.44376479E+002  0.78896293E+002  0.13333347E+003  0.16587944E+003
 -0.72341652E+000 -0.55766126E+000 -0.30414756E+000 -0.10670765E+000 -0.53623588E-001  0.23210499E+000  0.11176294E+002  0.44376479E+002  0.78896293E+002  0.13333347E+003  0.16587944E+003
 -0.72341637E+000 -0.55766104E+000 -0.30414725E+000 -0.10670761E+000 -0.53623623E-001  0.23210318E+000  0.11176077E+002  0.44376479E+002  0.78896293E+002  0.13333347E+003  0.16587944E+003
 -0.72341625E+000 -0.55766087E+000 -0.30414699E+000 -0.10670760E+000 -0.53623659E-001  0.23210138E+000  0.11175863E+002  0.44376479E+002  0.78896293E+002  0.13333347E+003  0.16587944E+003
 -0.72341617E+000 -0.55766074E+000 -0.30414679E+000 -0.10670761E+000 -0.53623696E-001  0.23209960E+000  0.11175654E+002  0.44376479E+002  0.78896294E+002  0.13333347E+003  0.16587944E+003
 -0.72341611E+000 -0.55766065E+000 -0.30414664E+000 -0.10670764E+000 -0.53623733E-001  0.23209785E+000  0.11175450E+002  0.44376479E+002  0.78896294E+002  0.13333347E+003  0.16587944E+003
 -0.72341608E+000 -0.55766057E+000 -0.30414652E+000 -0.10670768E+000 -0.53623770E-001  0.23209614E+000  0.11175250E+002  0.44376479E+002  0.78896294E+002  0.13333347E+003  0.16587944E+003
 -0.72341606E+000 -0.55766052E+000 -0.30414642E+000 -0.10670774E+000 -0.53623807E-001  0.23209447E+000  0.11175054E+002  0.44376479E+002  0.78896294E+002  0.13333347E+003  0.16587944E+003
 -0.72341606E+000 -0.55766049E+000 -0.30414635E+000 -0.10670780E+000 -0.53623843E-001  0.23209284E+000  0.11174863E+002  0.44376479E+002  0.78896294E+002  0.13333347E+003  0.16587944E+003
 -0.72341606E+000 -0.55766047E+000 -0.30414630E+000 -0.10670787E+000 -0.53623879E-001  0.23209127E+000  0.11174678E+002  0.44376479E+002  0.78896294E+002  0.13333347E+003  0.16587944E+003
 -0.72341607E+000 -0.55766046E+000 -0.30414626E+000 -0.10670794E+000 -0.53623913E-001  0.23208974E+000  0.11174497E+002  0.44376479E+002  0.78896295E+002  0.13333347E+003  0.16587944E+003
 -0.72341609E+000 -0.55766045E+000 -0.30414624E+000 -0.10670802E+000 -0.53623947E-001  0.23208826E+000  0.11174321E+002  0.44376479E+002  0.78896295E+002  0.13333347E+003  0.16587944E+003
 -0.72341611E+000 -0.55766045E+000 -0.30414622E+000 -0.10670810E+000 -0.53623980E-001  0.23208684E+000  0.11174150E+002  0.44376479E+002  0.78896295E+002  0.13333347E+003  0.16587944E+003
 -0.72341614E+000 -0.55766046E+000 -0.30414620E+000 -0.10670817E+000 -0.53624012E-001  0.23208547E+000  0.11173984E+002  0.44376479E+002  0.78896295E+002  0.13333347E+003  0.16587944E+003
 -0.72341617E+000 -0.55766047E+000 -0.30414619E+000 -0.10670825E+000 -0.53624043E-001  0.23208415E+000  0.11173824E+002  0.44376479E+002  0.78896295E+002  0.13333347E+003  0.16587944E+003
 -0.72341619E+000 -0.55766048E+000 -0.30414618E+000 -0.10670832E+000 -0.53624073E-001  0.23208288E+000  0.11173668E+002  0.44376478E+002  0.78896295E+002  0.13333347E+003  0.16587944E+003
 -0.72341622E+000 -0.55766049E+000 -0.30414618E+000 -0.10670839E+000 -0.53624102E-001  0.23208166E+000  0.11173517E+002  0.44376478E+002  0.78896295E+002  0.13333347E+003  0.16587944E+003
 -0.72341625E+000 -0.55766050E+000 -0.30414617E+000 -0.10670846E+000 -0.53624129E-001  0.23208049E+000  0.11173371E+002  0.44376478E+002  0.78896295E+002  0.13333347E+003  0.16587944E+003
 -0.72341627E+000 -0.55766051E+000 -0.30414616E+000 -0.10670853E+000 -0.53624155E-001  0.23207937E+000  0.11173230E+002  0.44376478E+002  0.78896296E+002  0.13333347E+003  0.16587944E+003
 -0.72341630E+000 -0.55766052E+000 -0.30414616E+000 -0.10670859E+000 -0.53624181E-001  0.23207830E+000  0.11173094E+002  0.44376478E+002  0.78896296E+002  0.13333347E+003  0.16587944E+003
 -0.72341632E+000 -0.55766053E+000 -0.30414615E+000 -0.10670865E+000 -0.53624205E-001  0.23207728E+000  0.11172963E+002  0.44376478E+002  0.78896296E+002  0.13333347E+003  0.16587944E+003
 -0.72341634E+000 -0.55766054E+000 -0.30414614E+000 -0.10670871E+000 -0.53624228E-001  0.23207630E+000  0.11172836E+002  0.44376478E+002  0.78896296E+002  0.13333347E+003  0.16587944E+003
 -0.72341636E+000 -0.55766055E+000 -0.30414613E+000 -0.10670876E+000 -0.53624250E-001  0.23207536E+000  0.11172714E+002  0.44376478E+002  0.78896296E+002  0.13333347E+003  0.16587944E+003
 -0.72341638E+000 -0.55766055E+000 -0.30414612E+000 -0.10670882E+000 -0.53624271E-001  0.23207447E+000  0.11172596E+002  0.44376478E+002  0.78896296E+002  0.13333347E+003  0.16587944E+003
 -0.72341640E+000 -0.55766056E+000 -0.30414611E+000 -0.10670886E+000 -0.53624291E-001  0.23207362E+000  0.11172483E+002  0.44376478E+002  0.78896296E+002  0.13333347E+003  0.16587944E+003
 -0.72341641E+000 -0.55766056E+000 -0.30414610E+000 -0.10670891E+000 -0.53624310E-001  0.23207281E+000  0.11172374E+002  0.44376478E+002  0.78896296E+002  0.13333347E+003  0.16587944E+003
 -0.72341643E+000 -0.55766057E+000 -0.30414609E+000 -0.10670895E+000 -0.53624328E-001  0.23207203E+000  0.11172269E+002  0.44376478E+002  0.78896296E+002  0.13333347E+003  0.16587944E+003
 -0.72341644E+000 -0.55766057E+000 -0.30414607E+000 -0.10670900E+000 -0.53624346E-001  0.23207130E+000  0.11172168E+002  0.44376478E+002  0.78896296E+002  0.13333347E+003  0.16587944E+003
 -0.72341645E+000 -0.55766057E+000 -0.30414606E+000 -0.10670903E+000 -0.53624362E-001  0.23207059E+000  0.11172072E+002  0.44376478E+002  0.78896296E+002  0.13333347E+003  0.16587944E+003
 -0.72341646E+000 -0.55766057E+000 -0.30414604E+000 -0.10670907E+000 -0.53624378E-001  0.23206993E+000  0.11171979E+002  0.44376478E+002  0.78896296E+002  0.13333347E+003  0.16587944E+003
 -0.72341647E+000 -0.55766057E+000 -0.30414603E+000 -0.10670910E+000 -0.53624393E-001  0.23206929E+000  0.11171890E+002  0.44376477E+002  0.78896296E+002  0.13333348E+003  0.16587944E+003
 -0.72341647E+000 -0.55766056E+000 -0.30414601E+000 -0.10670914E+000 -0.53624407E-001  0.23206869E+000  0.11171804E+002  0.44376477E+002  0.78896296E+002  0.13333348E+003  0.16587944E+003
 -0.72341648E+000 -0.55766056E+000 -0.30414599E+000 -0.10670917E+000 -0.53624420E-001  0.23206812E+000  0.11171723E+002  0.44376477E+002  0.78896296E+002  0.13333348E+003  0.16587944E+003
 -0.72341648E+000 -0.55766056E+000 -0.30414598E+000 -0.10670919E+000 -0.53624433E-001  0.23206757E+000  0.11171644E+002  0.44376477E+002  0.78896296E+002  0.13333348E+003  0.16587944E+003
 -0.72341649E+000 -0.55766055E+000 -0.30414596E+000 -0.10670922E+000 -0.53624445E-001  0.23206706E+000  0.11171570E+002  0.44376477E+002  0.78896296E+002  0.13333348E+003  0.16587944E+003
 -0.72341649E+000 -0.55766055E+000 -0.30414594E+000 -0.10670924E+000 -0.53624457E-001  0.23206657E+000  0.11171498E+002  0.44376477E+002  0.78896296E+002  0.13333348E+003  0.16587944E+003
 -0.72341649E+000 -0.55766054E+000 -0.30414592E+000 -0.10670927E+000 -0.53624467E-001  0.23206610E+000  0.11171429E+002  0.44376477E+002  0.78896296E+002  0.13333348E+003  0.16587944E+003
 -0.72341649E+000 -0.55766054E+000 -0.30414590E+000 -0.10670929E+000 -0.53624478E-001  0.23206566E+000  0.11171364E+002  0.44376477E+002  0.78896296E+002  0.13333348E+003  0.16587944E+003
 -0.72341650E+000 -0.55766053E+000 -0.30414589E+000 -0.10670931E+000 -0.53624487E-001  0.23206525E+000  0.11171302E+002  0.44376477E+002  0.78896296E+002  0.13333348E+003  0.16587944E+003
 -0.72341650E+000 -0.55766053E+000 -0.30414587E+000 -0.10670933E+000 -0.53624497E-001  0.23206486E+000  0.11171242E+002  0.44376477E+002  0.78896296E+002  0.13333348E+003  0.16587944E+003
 -0.72341650E+000 -0.55766052E+000 -0.30414585E+000 -0.10670934E+000 -0.53624505E-001  0.23206448E+000  0.11171185E+002  0.44376477E+002  0.78896296E+002  0.13333348E+003  0.16587944E+003
 -0.72341649E+000 -0.55766051E+000 -0.30414583E+000 -0.10670936E+000 -0.53624514E-001  0.23206413E+000  0.11171131E+002  0.44376477E+002  0.78896297E+002  0.13333348E+003  0.16587944E+003
 -0.72341649E+000 -0.55766051E+000 -0.30414581E+000 -0.10670937E+000 -0.53624521E-001  0.23206380E+000  0.11171080E+002  0.44376477E+002  0.78896297E+002  0.13333348E+003  0.16587944E+003
 -0.72341649E+000 -0.55766050E+000 -0.30414580E+000 -0.10670939E+000 -0.53624529E-001  0.23206348E+000  0.11171031E+002  0.44376477E+002  0.78896297E+002  0.13333348E+003  0.16587944E+003
 -0.72341649E+000 -0.55766049E+000 -0.30414578E+000 -0.10670940E+000 -0.53624536E-001  0.23206319E+000  0.11170984E+002  0.44376477E+002  0.78896297E+002  0.13333348E+003  0.16587944E+003
 -0.72341649E+000 -0.55766048E+000 -0.30414576E+000 -0.10670941E+000 -0.53624542E-001  0.23206291E+000  0.11170940E+002  0.44376477E+002  0.78896297E+002  0.13333348E+003  0.16587944E+003
 -0.72341649E+000 -0.55766048E+000 -0.30414574E+000 -0.10670942E+000 -0.53624548E-001  0.23206264E+000  0.11170898E+002  0.44376477E+002  0.78896297E+002  0.13333348E+003  0.16587944E+003
 -0.72341648E+000 -0.55766047E+000 -0.30414573E+000 -0.10670943E+000 -0.53624554E-001  0.23206240E+000  0.11170858E+002  0.44376477E+002  0.78896296E+002  0.13333348E+003  0.16587944E+003
 -0.72341648E+000 -0.55766046E+000 -0.30414571E+000 -0.10670944E+000 -0.53624560E-001  0.23206216E+000  0.11170820E+002  0.44376477E+002  0.78896296E+002  0.13333348E+003  0.16587944E+003
 -0.72341648E+000 -0.55766046E+000 -0.30414570E+000 -0.10670945E+000 -0.53624565E-001  0.23206194E+000  0.11170784E+002  0.44376477E+002  0.78896296E+002  0.13333348E+003  0.16587944E+003
 -0.72341647E+000 -0.55766045E+000 -0.30414568E+000 -0.10670946E+000 -0.53624569E-001  0.23206174E+000  0.11170750E+002  0.44376476E+002  0.78896296E+002  0.13333348E+003  0.16587945E+003
 -0.72341647E+000 -0.55766044E+000 -0.30414567E+000 -0.10670947E+000 -0.53624574E-001  0.23206154E+000  0.11170718E+002  0.44376476E+002  0.78896296E+002  0.13333348E+003  0.16587945E+003
 -0.72341647E+000 -0.55766043E+000 -0.30414565E+000 -0.10670948E+000 -0.53624578E-001  0.23206136E+000  0.11170688E+002  0.44376476E+002  0.78896296E+002  0.13333348E+003  0.16587945E+003
 -0.72341646E+000 -0.55766043E+000 -0.30414564E+000 -0.10670948E+000 -0.53624582E-001  0.23206119E+000  0.11170659E+002  0.44376476E+002  0.78896296E+002  0.13333348E+003  0.16587945E+003
 -0.72341646E+000 -0.55766042E+000 -0.30414562E+000 -0.10670949E+000 -0.53624586E-001  0.23206103E+000  0.11170632E+002  0.44376476E+002  0.78896296E+002  0.13333348E+003  0.16587945E+003
 -0.72341646E+000 -0.55766041E+000 -0.30414561E+000 -0.10670949E+000 -0.53624590E-001  0.23206088E+000  0.11170607E+002  0.44376476E+002  0.78896296E+002  0.13333348E+003  0.16587945E+003
 -0.72341645E+000 -0.55766041E+000 -0.30414560E+000 -0.10670950E+000 -0.53624593E-001  0.23206074E+000  0.11170583E+002  0.44376476E+002  0.78896296E+002  0.13333348E+003  0.16587945E+003
 -0.72341645E+000 -0.55766040E+000 -0.30414559E+000 -0.10670950E+000 -0.53624596E-001  0.23206061E+000  0.11170560E+002  0.44376476E+002  0.78896296E+002  0.13333348E+003  0.16587945E+003
 -0.72341645E+000 -0.55766040E+000 -0.30414557E+000 -0.10670951E+000 -0.53624599E-001  0.23206049E+000  0.11170539E+002  0.44376476E+002  0.78896296E+002  0.13333348E+003  0.16587945E+003
 -0.72341644E+000 -0.55766039E+000 -0.30414556E+000 -0.10670951E+000 -0.53624601E-001  0.23206038E+000  0.11170519E+002  0.44376476E+002  0.78896296E+002  0.13333348E+003  0.16587945E+003
 -0.72341644E+000 -0.55766038E+000 -0.30414555E+000 -0.10670951E+000 -0.53624604E-001  0.23206027E+000  0.11170500E+002  0.44376476E+002  0.78896296E+002  0.13333348E+003  0.16587945E+003
 -0.72341644E+000 -0.55766038E+000 -0.30414554E+000 -0.10670952E+000 -0.53624606E-001  0.23206017E+000  0.11170482E+002  0.44376476E+002  0.78896296E+002  0.13333348E+003  0.16587945E+003
 -0.72341643E+000 -0.55766037E+000 -0.30414553E+000 -0.10670952E+000 -0.53624608E-001  0.23206008E+000  0.11170466E+002  0.44376476E+002  0.78896296E+002  0.13333348E+003  0.16587945E+003
 -0.72341643E+000 -0.55766037E+000 -0.30414552E+000 -0.10670952E+000 -0.53624610E-001  0.23206000E+000  0.11170450E+002  0.44376476E+002  0.78896296E+002  0.13333348E+003  0.16587945E+003
 -0.72341642E+000 -0.55766036E+000 -0.30414551E+000 -0.10670952E+000 -0.53624612E-001  0.23205993E+000  0.11170436E+002  0.44376476E+002  0.78896296E+002  0.13333348E+003  0.16587945E+003
 -0.72341642E+000 -0.55766035E+000 -0.30414550E+000 -0.10670952E+000 -0.53624614E-001  0.23205986E+000  0.11170423E+002  0.44376476E+002  0.78896296E+002  0.13333348E+003  0.16587945E+003
 -0.72341642E+000 -0.55766035E+000 -0.30414549E+000 -0.10670953E+000 -0.53624615E-001  0.23205980E+000  0.11170410E+002  0.44376476E+002  0.78896296E+002  0.13333348E+003  0.16587945E+003
 -0.72341641E+000 -0.55766034E+000 -0.30414548E+000 -0.10670953E+000 -0.53624617E-001  0.23205974E+000  0.11170399E+002  0.44376476E+002  0.78896296E+002  0.13333348E+003  0.16587945E+003
 -0.72341641E+000 -0.55766034E+000 -0.30414547E+000 -0.10670953E+000 -0.53624618E-001  0.23205970E+000  0.11170389E+002  0.44376476E+002  0.78896296E+002  0.13333348E+003  0.16587945E+003
 -0.72341640E+000 -0.55766033E+000 -0.30414546E+000 -0.10670953E+000 -0.53624619E-001  0.23205966E+000  0.11170379E+002  0.44376476E+002  0.78896296E+002  0.13333348E+003  0.16587945E+003
 -0.72341640E+000 -0.55766033E+000 -0.30414545E+000 -0.10670953E+000 -0.53624620E-001  0.23205962E+000  0.11170371E+002  0.44376476E+002  0.78896296E+002  0.13333348E+003  0.16587945E+003
 -0.72341639E+000 -0.55766032E+000 -0.30414544E+000 -0.10670953E+000 -0.53624621E-001  0.23205959E+000  0.11170364E+002  0.44376476E+002  0.78896296E+002  0.13333348E+003  0.16587945E+003
 -0.72341639E+000 -0.55766032E+000 -0.30414543E+000 -0.10670953E+000 -0.53624622E-001  0.23205957E+000  0.11170357E+002  0.44376476E+002  0.78896296E+002  0.13333348E+003  0.16587945E+003
 -0.72341639E+000 -0.55766032E+000 -0.30414543E+000 -0.10670954E+000 -0.53624623E-001  0.23205955E+000  0.11170353E+002  0.44376476E+002  0.78896296E+002  0.13333348E+003  0.16587945E+003
 -0.72341639E+000 -0.55766032E+000 -0.30414544E+000 -0.10670954E+000 -0.53624624E-001  0.23205953E+000  0.11170348E+002  0.44376476E+002  0.78896296E+002  0.13333348E+003  0.16587945E+003
