 -0.19418326E-001
 -0.21535182E-001
 -0.22830768E-001
 -0.23934942E-001
 -0.22710919E-001
 -0.25655970E-001
 -0.26324815E-001
 -0.26891811E-001
 -0.27372636E-001
 -0.27780515E-001
 -0.28126603E-001
 -0.28420310E-001
 -0.28669578E-001
 -0.28881114E-001
 -0.29060585E-001
 -0.29212785E-001
 -0.29341776E-001
 -0.29450998E-001
 -0.29543374E-001
 -0.29621389E-001
 -0.29687158E-001
 -0.48314454E+185
 -0.29788913E-001
 -0.29827758E-001
 -0.29860152E-001
 -0.29887063E-001
 -0.29909326E-001
 -0.48314454E+185
 -0.48352684E+185
 -0.29954890E-001
 -0.29964779E-001
 -0.29972726E-001
 -0.29979064E-001
 -0.29984077E-001
 -0.29988009E-001
 -0.29991063E-001
 -0.29993412E-001
 -0.29995199E-001
 -0.29996544E-001
 -0.29997544E-001
 -0.29998278E-001
 -0.29998809E-001
 -0.29999189E-001
 -0.29999456E-001
 -0.29977422E-001
 -0.29999767E-001
 -0.29999851E-001
 -0.29999906E-001
 -0.29999942E-001
 -0.29999965E-001
 -0.29999979E-001
 -0.29999988E-001
 -0.29999993E-001
 -0.29999950E-001
 -0.29999997E-001
 -0.29999998E-001
 -0.29998458E-001
 -0.29999999E-001
 -0.29999999E-001
 -0.29999999E-001
 -0.29999999E-001
 -0.29999999E-001
 -0.29999999E-001
 -0.29999999E-001
 -0.29999999E-001
 -0.29999999E-001
 -0.29999999E-001
 -0.29999999E-001
 -0.24166100E-001
 -0.21601204E-001
 -0.14677249E-001
  0.14922475E-002
  0.39584254E-001
  0.11851120E+000
  0.24309929E+000
  0.40461342E+000
  0.56027242E+000
  0.65857633E+000
  0.28014322E+001
  0.29361364E+001
  0.30838196E+001
  0.32402554E+001
  0.33656025E+001
  0.34806843E+001
  0.35851052E+001
  0.36780531E+001
  0.37555891E+001
  0.38216217E+001
  0.38700451E+001
  0.39067741E+001
  0.39270741E+001
  0.39418921E+001
  0.39517793E+001
  0.39583798E+001
  0.39627480E+001
  0.39655931E+001
 -0.29999999E-001
 -0.29999999E-001
  0.39691970E+001
 -0.29999999E-001
  0.39697951E+001
  0.39699051E+001
 -0.29999999E-001
 -0.29999999E-001
 -0.29999999E-001
 -0.29999999E-001
 -0.29999999E-001
 -0.29999999E-001
 -0.29999999E-001
  0.39700000E+001
 -0.29999999E-001
  0.39700000E+001
 -0.29999999E-001
 -0.29999999E-001
 -0.29999999E-001
 -0.29999999E-001
 -0.29999999E-001
 -0.29999999E-001
 -0.29999999E-001
 -0.29999999E-001
 -0.29999999E-001
 -0.29999999E-001
 -0.29999999E-001
 -0.29999999E-001
 -0.29999999E-001
 -0.29999999E-001
 -0.29999999E-001
 -0.29999999E-001
 -0.29999999E-001
 -0.29999999E-001
 -0.29999999E-001
 -0.29999999E-001
 -0.29999999E-001
 -0.29999999E-001
 -0.29999999E-001
 -0.29999999E-001
 -0.29999999E-001
 -0.29999999E-001
 -0.29999999E-001
 -0.29999999E-001
 -0.29999999E-001
 -0.29999999E-001
 -0.29999999E-001
 -0.29999999E-001
 -0.29999999E-001
 -0.29999999E-001
 -0.29999999E-001
 -0.29999999E-001
 -0.29999999E-001
 -0.29999999E-001
 -0.29999999E-001
 -0.29999999E-001
 -0.29999999E-001
 -0.29999999E-001
 -0.29999999E-001
 -0.29999999E-001
 -0.29999999E-001
 -0.29999999E-001
 -0.29999999E-001
 -0.29999999E-001
 -0.29999999E-001
 -0.29999999E-001
 -0.29999999E-001
  0.24153425E+023
 -0.29999999E-001
 -0.29999999E-001
 -0.29999999E-001
 -0.29999999E-001
 -0.29999999E-001
 -0.29999999E-001
  0.10378359E+163
  0.24153425E+023
  0.40891934E+278
 -0.29999999E-001
 -0.29954098E-001
 -0.29978153E-001
 -0.29999997E-001
 -0.29767199E-001
 -0.29999999E-001
 -0.29999999E-001
 -0.29990671E-001
 -0.29996154E-001
 -0.29999999E-001
 -0.29999999E-001
  0.10378359E+163
  0.24153425E+023
  0.40891934E+278
 -0.29999999E-001
 -0.29999999E-001
 -0.29999646E-001
 -0.29999999E-001
 -0.29999681E-001
 -0.29999999E-001
 -0.29999894E-001
 -0.29999999E-001
 -0.29999971E-001
 -0.29999999E-001
 -0.29999999E-001
  0.10378359E+163
  0.24153425E+023
