  0.87417952E-003
  0.61313293E-003
  0.43534112E-003
  0.30785371E-003
  0.21912415E-003
  0.15612095E-003
  0.11123607E-003
  0.79277948E-004
  0.56449049E-004
  0.40122726E-004
  0.28440002E-004
  0.20082177E-004
  0.14108763E-004
  0.98467812E-005
  0.68156767E-005
  0.46682272E-005
  0.31551704E-005
  0.20971831E-005
  0.13645396E-005
  0.86330382E-006
  0.52614073E-006
  0.30444478E-006
  0.16329511E-006
  0.77690852E-007
  0.29747539E-007
  0.68447338E-008
  0.50656746E-010
  0.31661706E-008
  0.11923191E-007
  0.23435684E-007
  0.35810092E-007
  0.47856768E-007
  0.58830567E-007
  0.68364418E-007
  0.76297704E-007
  0.82587944E-007
  0.87322343E-007
  0.90601202E-007
  0.92588188E-007
  0.93429888E-007
  0.93269495E-007
  0.92279822E-007
  0.90563720E-007
  0.88257764E-007
  0.85473540E-007
  0.82298573E-007
  0.78827104E-007
  0.75118606E-007
  0.71246448E-007
  0.67263812E-007
  0.63208773E-007
  0.59148694E-007
  0.55103916E-007
  0.51105454E-007
  0.47189080E-007
  0.43377902E-007
  0.39696903E-007
  0.36161289E-007
  0.32792266E-007
  0.29600744E-007
  0.26593409E-007
  0.23785596E-007
  0.21178767E-007
  0.18773112E-007
  0.16572919E-007
  0.14568513E-007
  0.12757693E-007
  0.11133578E-007
  0.96841472E-008
  0.83981188E-008
  0.72647417E-008
  0.62705862E-008
  0.54034470E-008
  0.46490712E-008
  0.39948556E-008
  0.34303088E-008
  0.29447979E-008
  0.25260180E-008
  0.21664835E-008
  0.18579876E-008
  0.15928645E-008
  0.13657354E-008
  0.11699189E-008
  0.10020529E-008
  0.85764064E-009
  0.73352145E-009
  0.62672902E-009
  0.53484223E-009
  0.45592710E-009
  0.38820180E-009
  0.33013628E-009
  0.28021655E-009
  0.23766068E-009
  0.20134362E-009
  0.17048384E-009
  0.14421757E-009
  0.12200951E-009
  0.10328545E-009
  0.87470619E-010
  0.74186232E-010
  0.63017311E-010
  0.53679489E-010
  0.45841670E-010
  0.39311532E-010
  0.33817793E-010
  0.29226260E-010
  0.25374362E-010
  0.22129679E-010
  0.19408737E-010
  0.17090259E-010
  0.15118264E-010
  0.13425380E-010
  0.11961842E-010
  0.10687588E-010
  0.95679402E-011
  0.85856945E-011
  0.77007879E-011
  0.69054526E-011
  0.61858600E-011
  0.55400116E-011
  0.49370420E-011
  0.43933086E-011
  0.38930831E-011
  0.34307145E-011
  0.30113425E-011
  0.26251941E-011
  0.22743657E-011
  0.19584984E-011
  0.16686237E-011
  0.14142138E-011
  0.11876366E-011
  0.98531761E-012
  0.81024088E-012
  0.65741035E-012
  0.52703907E-012
  0.41579756E-012
  0.32312702E-012
  0.24618129E-012
  0.18303315E-012
  0.13214557E-012
  0.91943913E-013
  0.61178138E-013
  0.38346517E-013
  0.21735112E-013
  0.10479247E-013
  0.36842007E-014
  0.47115984E-015
  0.19184586E-015
  0.21885244E-014
  0.60143538E-014
  0.11091743E-013
  0.17115441E-013
  0.23794214E-013
  0.30942213E-013
  0.38538144E-013
  0.46305546E-013
  0.53970405E-013
  0.61279738E-013
  0.68411002E-013
  0.75432845E-013
  0.82225095E-013
  0.88499051E-013
  0.93988045E-013
  0.99121202E-013
  0.10379634E-012
  0.10797159E-012
  0.11130074E-012
  0.11393723E-012
  0.11665831E-012
  0.11832464E-012
  0.11908948E-012
  0.11917982E-012
  0.11834398E-012
  0.11763100E-012
  0.11621047E-012
  0.11423134E-012
  0.11153432E-012
  0.10836566E-012
  0.10470781E-012
  0.10079644E-012
  0.96776545E-013
  0.92628322E-013
  0.87839586E-013
  0.83129875E-013
  0.78565216E-013
  0.73534635E-013
  0.68351575E-013
  0.63573685E-013
  0.59129266E-013
  0.54787757E-013
  0.50499082E-013
  0.46159723E-013
  0.42305393E-013
  0.38625112E-013
  0.35241505E-013
  0.32741123E-013
  0.30385273E-013
  0.28784488E-013
  0.44799982E-013
  0.61476498E-013
