  0.26313610E-001
  0.26138414E-001
  0.25994804E-001
  0.25876739E-001
  0.25778872E-001
  0.25696223E-001
  0.25627160E-001
  0.25569351E-001
  0.25520719E-001
  0.25480172E-001
  0.25446400E-001
  0.25418153E-001
  0.25394499E-001
  0.25374653E-001
  0.25358005E-001
  0.25344092E-001
  0.25332477E-001
  0.25322775E-001
  0.25314690E-001
  0.25307977E-001
  0.25302427E-001
  0.25297861E-001
  0.25294126E-001
  0.25291093E-001
  0.25288652E-001
  0.25286705E-001
  0.25285176E-001
  0.25283994E-001
  0.25283099E-001
  0.25282441E-001
  0.25281975E-001
  0.25281665E-001
  0.25281478E-001
  0.25281388E-001
  0.25281373E-001
  0.25281415E-001
  0.25281497E-001
  0.25281608E-001
  0.25281738E-001
  0.25281879E-001
  0.25282025E-001
  0.25282173E-001
  0.25282318E-001
  0.25282460E-001
  0.25282596E-001
  0.25282727E-001
  0.25282851E-001
  0.25282970E-001
  0.25283083E-001
  0.25283193E-001
  0.25283299E-001
  0.25283402E-001
  0.25283504E-001
  0.25283605E-001
  0.25283706E-001
  0.25283808E-001
  0.25283910E-001
  0.25284013E-001
  0.25284118E-001
  0.25284224E-001
  0.25284333E-001
  0.25284443E-001
  0.25284556E-001
  0.25284670E-001
  0.25284786E-001
  0.25284903E-001
  0.25285022E-001
  0.25285142E-001
  0.25285263E-001
  0.25285385E-001
  0.25285508E-001
  0.25285631E-001
  0.25285754E-001
  0.25285877E-001
  0.25286000E-001
  0.25286123E-001
  0.25286245E-001
  0.25286367E-001
  0.25286487E-001
  0.25286607E-001
  0.25286726E-001
  0.25286843E-001
  0.25286959E-001
  0.25287073E-001
  0.25287186E-001
  0.25287297E-001
  0.25287406E-001
  0.25287513E-001
  0.25287618E-001
  0.25287721E-001
  0.25287823E-001
  0.25287922E-001
  0.25288018E-001
  0.25288113E-001
  0.25288205E-001
  0.25288295E-001
  0.25288383E-001
  0.25288468E-001
  0.25288550E-001
  0.25288631E-001
  0.25288708E-001
  0.25288784E-001
  0.25288857E-001
  0.25288927E-001
  0.25288995E-001
  0.25289060E-001
  0.25289122E-001
  0.25289182E-001
  0.25289239E-001
  0.25289293E-001
  0.25289345E-001
  0.25289394E-001
  0.25289440E-001
  0.25289483E-001
  0.25289523E-001
  0.25289560E-001
  0.25289594E-001
  0.25289626E-001
  0.25289654E-001
  0.25289679E-001
  0.25289701E-001
  0.25289721E-001
  0.25289737E-001
  0.25289750E-001
  0.25289761E-001
  0.25289768E-001
  0.25289773E-001
  0.25289776E-001
  0.25289776E-001
  0.25289774E-001
  0.25289769E-001
  0.25289763E-001
  0.25289755E-001
  0.25289745E-001
  0.25289734E-001
  0.25289722E-001
  0.25289708E-001
  0.25289694E-001
  0.25289678E-001
  0.25289662E-001
  0.25289646E-001
  0.25289630E-001
  0.25289613E-001
  0.25289596E-001
  0.25289579E-001
  0.25289562E-001
  0.25289545E-001
  0.25289528E-001
  0.25289512E-001
  0.25289495E-001
  0.25289480E-001
  0.25289464E-001
  0.25289449E-001
  0.25289435E-001
  0.25289421E-001
  0.25289408E-001
  0.25289396E-001
  0.25289384E-001
  0.25289374E-001
  0.25289364E-001
  0.25289355E-001
  0.25289347E-001
  0.25289340E-001
  0.25289335E-001
  0.25289330E-001
  0.25289327E-001
  0.25289325E-001
  0.25289324E-001
  0.25289325E-001
  0.25289326E-001
  0.25289329E-001
  0.25289332E-001
  0.25289337E-001
  0.25289343E-001
  0.25289349E-001
  0.25289356E-001
  0.25289364E-001
  0.25289373E-001
  0.25289381E-001
  0.25289391E-001
  0.25289400E-001
  0.25289409E-001
  0.25289419E-001
  0.25289428E-001
  0.25289437E-001
  0.25289446E-001
  0.25289454E-001
  0.25289462E-001
  0.25289469E-001
  0.25289476E-001
  0.25289482E-001
  0.25289488E-001
  0.25289492E-001
  0.25289496E-001
  0.25289499E-001
  0.25289502E-001
  0.25289503E-001
  0.25289505E-001
  0.25289508E-001
  0.25289505E-001
