  0.12084123E-001
  0.12332833E-001
  0.12547979E-001
  0.12729475E-001
  0.12885035E-001
  0.13017213E-001
  0.13129418E-001
  0.13224753E-001
  0.13305665E-001
  0.13374309E-001
  0.13432521E-001
  0.13481867E-001
  0.13523675E-001
  0.13559072E-001
  0.13589024E-001
  0.13614340E-001
  0.13635713E-001
  0.13653735E-001
  0.13668904E-001
  0.13681645E-001
  0.13692320E-001
  0.13701239E-001
  0.13708666E-001
  0.13714829E-001
  0.13719920E-001
  0.13724108E-001
  0.13727533E-001
  0.13730321E-001
  0.13732576E-001
  0.13734389E-001
  0.13735838E-001
  0.13736989E-001
  0.13737900E-001
  0.13738618E-001
  0.13739183E-001
  0.13739631E-001
  0.13739988E-001
  0.13740280E-001
  0.13740523E-001
  0.13740734E-001
  0.13740925E-001
  0.13741103E-001
  0.13741279E-001
  0.13741454E-001
  0.13741634E-001
  0.13741821E-001
  0.13742015E-001
  0.13742218E-001
  0.13742430E-001
  0.13742650E-001
  0.13742878E-001
  0.13743112E-001
  0.13743353E-001
  0.13743600E-001
  0.13743850E-001
  0.13744104E-001
  0.13744360E-001
  0.13744617E-001
  0.13744874E-001
  0.13745129E-001
  0.13745384E-001
  0.13745634E-001
  0.13745880E-001
  0.13746121E-001
  0.13746356E-001
  0.13746583E-001
  0.13746802E-001
  0.13747013E-001
  0.13747214E-001
  0.13747406E-001
  0.13747587E-001
  0.13747758E-001
  0.13747919E-001
  0.13748070E-001
  0.13748211E-001
  0.13748342E-001
  0.13748464E-001
  0.13748577E-001
  0.13748682E-001
  0.13748780E-001
  0.13748870E-001
  0.13748954E-001
  0.13749032E-001
  0.13749104E-001
  0.13749171E-001
  0.13749233E-001
  0.13749291E-001
  0.13749345E-001
  0.13749395E-001
  0.13749442E-001
  0.13749486E-001
  0.13749526E-001
  0.13749564E-001
  0.13749598E-001
  0.13749630E-001
  0.13749660E-001
  0.13749687E-001
  0.13749712E-001
  0.13749735E-001
  0.13749756E-001
  0.13749775E-001
  0.13749793E-001
  0.13749808E-001
  0.13749822E-001
  0.13749835E-001
  0.13749847E-001
  0.13749857E-001
  0.13749867E-001
  0.13749875E-001
  0.13749883E-001
  0.13749890E-001
  0.13749896E-001
  0.13749902E-001
  0.13749907E-001
  0.13749912E-001
  0.13749917E-001
  0.13749921E-001
  0.13749926E-001
  0.13749930E-001
  0.13749933E-001
  0.13749937E-001
  0.13749941E-001
  0.13749944E-001
  0.13749947E-001
  0.13749951E-001
  0.13749954E-001
  0.13749957E-001
  0.13749960E-001
  0.13749963E-001
  0.13749966E-001
  0.13749969E-001
  0.13749972E-001
  0.13749974E-001
  0.13749977E-001
  0.13749979E-001
  0.13749982E-001
  0.13749984E-001
  0.13749986E-001
  0.13749988E-001
  0.13749990E-001
  0.13749991E-001
  0.13749993E-001
  0.13749994E-001
  0.13749996E-001
  0.13749997E-001
  0.13749998E-001
  0.13749999E-001
  0.13750000E-001
  0.13750001E-001
  0.13750002E-001
  0.13750003E-001
  0.13750004E-001
  0.13750004E-001
  0.13750005E-001
  0.13750005E-001
  0.13750006E-001
  0.13750007E-001
  0.13750007E-001
  0.13750007E-001
  0.13750008E-001
  0.13750008E-001
  0.13750008E-001
  0.13750009E-001
  0.13750009E-001
  0.13750009E-001
  0.13750009E-001
  0.13750009E-001
  0.13750009E-001
  0.13750010E-001
  0.13750010E-001
  0.13750010E-001
  0.13750010E-001
  0.13750010E-001
  0.13750010E-001
  0.13750010E-001
  0.13750009E-001
  0.13750009E-001
  0.13750009E-001
  0.13750009E-001
  0.13750009E-001
  0.13750009E-001
  0.13750009E-001
  0.13750008E-001
  0.13750008E-001
  0.13750008E-001
  0.13750008E-001
  0.13750007E-001
  0.13750007E-001
  0.13750007E-001
  0.13750007E-001
  0.13750006E-001
  0.13750006E-001
  0.13750006E-001
  0.13750005E-001
  0.13750005E-001
  0.13750005E-001
  0.13750005E-001
  0.13750005E-001
  0.13750006E-001
  0.13750007E-001
