  0.46395751E-001
  0.45966220E-001
  0.45739129E-001
  0.45571491E-001
  0.45437752E-001
  0.45329518E-001
  0.45241112E-001
  0.45168401E-001
  0.45108235E-001
  0.45058157E-001
  0.45016248E-001
  0.44980871E-001
  0.44950746E-001
  0.44924998E-001
  0.44902896E-001
  0.44883840E-001
  0.44866741E-001
  0.44851955E-001
  0.44839416E-001
  0.44828750E-001
  0.44819704E-001
  0.44812073E-001
  0.44805677E-001
  0.44800362E-001
  0.44795995E-001
  0.44792461E-001
  0.44789659E-001
  0.44787498E-001
  0.44785892E-001
  0.44784779E-001
  0.44784093E-001
  0.44783774E-001
  0.44783771E-001
  0.44784032E-001
  0.44784516E-001
  0.44785182E-001
  0.44785995E-001
  0.44786924E-001
  0.44787943E-001
  0.44789028E-001
  0.44790160E-001
  0.44791322E-001
  0.44792500E-001
  0.44793682E-001
  0.44794861E-001
  0.44796029E-001
  0.44797181E-001
  0.44798314E-001
  0.44799424E-001
  0.44800510E-001
  0.44801571E-001
  0.44802606E-001
  0.44803616E-001
  0.44804599E-001
  0.44805557E-001
  0.44806488E-001
  0.44807393E-001
  0.44808270E-001
  0.44809119E-001
  0.44809938E-001
  0.44810727E-001
  0.44811487E-001
  0.44812217E-001
  0.44812918E-001
  0.44813590E-001
  0.44814233E-001
  0.44814845E-001
  0.44815426E-001
  0.44815976E-001
  0.44816494E-001
  0.44816981E-001
  0.44817440E-001
  0.44817869E-001
  0.44818269E-001
  0.44818642E-001
  0.44818989E-001
  0.44819310E-001
  0.44819606E-001
  0.44819879E-001
  0.44820130E-001
  0.44820359E-001
  0.44820569E-001
  0.44820761E-001
  0.44820935E-001
  0.44821093E-001
  0.44821235E-001
  0.44821364E-001
  0.44821480E-001
  0.44821585E-001
  0.44821678E-001
  0.44821762E-001
  0.44821836E-001
  0.44821903E-001
  0.44821962E-001
  0.44822014E-001
  0.44822060E-001
  0.44822101E-001
  0.44822137E-001
  0.44822168E-001
  0.44822196E-001
  0.44822221E-001
  0.44822242E-001
  0.44822260E-001
  0.44822277E-001
  0.44822291E-001
  0.44822303E-001
  0.44822314E-001
  0.44822323E-001
  0.44822331E-001
  0.44822338E-001
  0.44822344E-001
  0.44822349E-001
  0.44822353E-001
  0.44822357E-001
  0.44822361E-001
  0.44822363E-001
  0.44822366E-001
  0.44822368E-001
  0.44822370E-001
  0.44822372E-001
  0.44822373E-001
  0.44822374E-001
  0.44822375E-001
  0.44822376E-001
  0.44822377E-001
  0.44822377E-001
  0.44822378E-001
  0.44822378E-001
  0.44822379E-001
  0.44822379E-001
  0.44822379E-001
  0.44822380E-001
  0.44822380E-001
  0.44822380E-001
  0.44822380E-001
  0.44822380E-001
  0.44822380E-001
  0.44822381E-001
  0.44822381E-001
  0.44822381E-001
  0.44822381E-001
  0.44822381E-001
  0.44822381E-001
  0.44822381E-001
  0.44822381E-001
  0.44822381E-001
  0.44822381E-001
  0.44822381E-001
  0.44822381E-001
  0.44822381E-001
  0.44822381E-001
  0.44822381E-001
  0.44822381E-001
  0.44822381E-001
  0.44822381E-001
  0.44822381E-001
  0.44822381E-001
  0.44822381E-001
  0.44822381E-001
  0.44822381E-001
  0.44822381E-001
  0.44822381E-001
  0.44822382E-001
  0.44822382E-001
  0.44822382E-001
  0.44822382E-001
  0.44822382E-001
  0.44822382E-001
  0.44822382E-001
  0.44822382E-001
  0.44822382E-001
  0.44822382E-001
  0.44822382E-001
  0.44822382E-001
  0.44822382E-001
  0.44822382E-001
  0.44822382E-001
  0.44822382E-001
  0.44822383E-001
  0.44822383E-001
  0.44822383E-001
  0.44822383E-001
  0.44822383E-001
  0.44822383E-001
  0.44822383E-001
  0.44822383E-001
  0.44822383E-001
  0.44822383E-001
  0.44822383E-001
  0.44822383E-001
  0.44822383E-001
  0.44822383E-001
  0.44822383E-001
  0.44822383E-001
  0.44822383E-001
  0.44822383E-001
  0.44822383E-001
  0.44822383E-001
  0.44822383E-001
  0.44822383E-001
