  0.15424326E+001
  0.15374837E+001
  0.15347204E+001
  0.15326053E+001
  0.15308881E+001
  0.15294664E+001
  0.15282815E+001
  0.15272898E+001
  0.15264566E+001
  0.15257521E+001
  0.15251563E+001
  0.15246508E+001
  0.15242206E+001
  0.15238534E+001
  0.15235387E+001
  0.15232663E+001
  0.15230297E+001
  0.15228239E+001
  0.15226446E+001
  0.15224884E+001
  0.15223523E+001
  0.15222337E+001
  0.15221306E+001
  0.15220410E+001
  0.15219633E+001
  0.15218962E+001
  0.15218383E+001
  0.15217886E+001
  0.15217434E+001
  0.15217056E+001
  0.15216745E+001
  0.15216491E+001
  0.15216283E+001
  0.15216115E+001
  0.15215980E+001
  0.15215870E+001
  0.15215783E+001
  0.15215712E+001
  0.15215655E+001
  0.15215609E+001
  0.15215569E+001
  0.15215536E+001
  0.15215506E+001
  0.15215479E+001
  0.15215453E+001
  0.15215428E+001
  0.15215403E+001
  0.15215378E+001
  0.15215352E+001
  0.15215326E+001
  0.15215300E+001
  0.15215273E+001
  0.15215245E+001
  0.15215218E+001
  0.15215191E+001
  0.15215164E+001
  0.15215137E+001
  0.15215111E+001
  0.15215086E+001
  0.15215061E+001
  0.15215037E+001
  0.15215013E+001
  0.15214991E+001
  0.15214969E+001
  0.15214948E+001
  0.15214928E+001
  0.15214909E+001
  0.15214891E+001
  0.15214873E+001
  0.15214856E+001
  0.15214840E+001
  0.15214825E+001
  0.15214811E+001
  0.15214797E+001
  0.15214784E+001
  0.15214771E+001
  0.15214760E+001
  0.15214749E+001
  0.15214738E+001
  0.15214729E+001
  0.15214719E+001
  0.15214711E+001
  0.15214703E+001
  0.15214695E+001
  0.15214688E+001
  0.15214682E+001
  0.15214676E+001
  0.15214670E+001
  0.15214665E+001
  0.15214660E+001
  0.15214656E+001
  0.15214652E+001
  0.15214648E+001
  0.15214645E+001
  0.15214641E+001
  0.15214638E+001
  0.15214636E+001
  0.15214633E+001
  0.15214631E+001
  0.15214629E+001
  0.15214627E+001
  0.15214625E+001
  0.15214623E+001
  0.15214622E+001
  0.15214620E+001
  0.15214619E+001
  0.15214617E+001
  0.15214616E+001
  0.15214615E+001
  0.15214614E+001
  0.15214613E+001
  0.15214612E+001
  0.15214611E+001
  0.15214611E+001
  0.15214610E+001
  0.15214609E+001
  0.15214608E+001
  0.15214608E+001
  0.15214607E+001
  0.15214606E+001
  0.15214606E+001
  0.15214605E+001
  0.15214605E+001
  0.15214604E+001
  0.15214604E+001
  0.15214603E+001
  0.15214603E+001
  0.15214603E+001
  0.15214602E+001
  0.15214602E+001
  0.15214601E+001
  0.15214601E+001
  0.15214601E+001
  0.15214600E+001
  0.15214600E+001
  0.15214600E+001
  0.15214599E+001
  0.15214599E+001
  0.15214599E+001
  0.15214598E+001
  0.15214598E+001
  0.15214598E+001
  0.15214597E+001
  0.15214597E+001
  0.15214597E+001
  0.15214597E+001
  0.15214596E+001
  0.15214596E+001
  0.15214596E+001
  0.15214596E+001
  0.15214595E+001
  0.15214595E+001
  0.15214595E+001
  0.15214595E+001
  0.15214595E+001
  0.15214594E+001
  0.15214594E+001
  0.15214594E+001
  0.15214594E+001
  0.15214594E+001
  0.15214593E+001
  0.15214593E+001
  0.15214593E+001
  0.15214593E+001
  0.15214593E+001
  0.15214593E+001
  0.15214592E+001
  0.15214592E+001
  0.15214592E+001
  0.15214592E+001
  0.15214592E+001
  0.15214592E+001
  0.15214592E+001
  0.15214591E+001
  0.15214591E+001
  0.15214591E+001
  0.15214591E+001
  0.15214591E+001
  0.15214591E+001
  0.15214591E+001
  0.15214591E+001
  0.15214591E+001
  0.15214590E+001
  0.15214590E+001
  0.15214590E+001
  0.15214590E+001
  0.15214590E+001
  0.15214590E+001
  0.15214590E+001
  0.15214590E+001
  0.15214590E+001
  0.15214590E+001
  0.15214590E+001
  0.15214590E+001
  0.15214590E+001
  0.15214590E+001
  0.15214590E+001
  0.15214590E+001
  0.15214590E+001
  0.15214590E+001
