  0.00000000E+000
 -0.10005013E-003
 -0.18161728E-003
 -0.24760674E-003
 -0.30048319E-003
 -0.34233614E-003
 -0.37493354E-003
 -0.39976726E-003
 -0.41809429E-003
 -0.43097231E-003
 -0.43929041E-003
 -0.44379525E-003
 -0.44511363E-003
 -0.44377149E-003
 -0.44021009E-003
 -0.43479967E-003
 -0.42785108E-003
 -0.41962560E-003
 -0.41034302E-003
 -0.40018861E-003
 -0.38931895E-003
 -0.37786678E-003
 -0.36594508E-003
 -0.35365059E-003
 -0.34106654E-003
 -0.32826523E-003
 -0.31530990E-003
 -0.30225646E-003
 -0.28915486E-003
 -0.27605021E-003
 -0.26298368E-003
 -0.24999330E-003
 -0.23711452E-003
 -0.22438067E-003
 -0.21182334E-003
 -0.19947263E-003
 -0.18735729E-003
 -0.17550486E-003
 -0.16394167E-003
 -0.15269285E-003
 -0.14178224E-003
 -0.13123226E-003
 -0.12106382E-003
 -0.11129608E-003
 -0.10194635E-003
 -0.93029786E-004
 -0.84559274E-004
 -0.76545190E-004
 -0.68995242E-004
 -0.61914304E-004
 -0.55304307E-004
 -0.49164154E-004
 -0.43489692E-004
 -0.38273730E-004
 -0.33506111E-004
 -0.29173837E-004
 -0.25261253E-004
 -0.21750272E-004
 -0.18620655E-004
 -0.15850332E-004
 -0.13415765E-004
 -0.11292345E-004
 -0.94548034E-005
 -0.78776263E-005
 -0.65354496E-005
 -0.54034121E-005
 -0.44574619E-005
 -0.36746213E-005
 -0.30332183E-005
 -0.25131248E-005
 -0.20958816E-005
 -0.17647714E-005
 -0.15048670E-005
 -0.13030233E-005
 -0.11478278E-005
 -0.10295165E-005
 -0.93986186E-006
 -0.87204223E-006
 -0.82049652E-006
 -0.78077401E-006
 -0.74938367E-006
 -0.72364788E-006
 -0.70156566E-006
 -0.68168720E-006
 -0.66300167E-006
 -0.64483983E-006
 -0.62679079E-006
 -0.60863316E-006
 -0.59028061E-006
 -0.57173834E-006
 -0.55306946E-006
 -0.53436888E-006
 -0.51574173E-006
 -0.49728991E-006
 -0.47910348E-006
 -0.46125923E-006
 -0.44382332E-006
 -0.42684124E-006
 -0.41033957E-006
 -0.39432732E-006
 -0.37879819E-006
 -0.36373320E-006
 -0.34910175E-006
 -0.33486551E-006
 -0.32097828E-006
 -0.30738889E-006
 -0.29404321E-006
 -0.28088422E-006
 -0.26785465E-006
 -0.25489817E-006
 -0.24197005E-006
 -0.22903142E-006
 -0.21604107E-006
 -0.20296906E-006
 -0.18979601E-006
 -0.17651395E-006
 -0.16312718E-006
 -0.14965259E-006
 -0.13612031E-006
 -0.12257187E-006
 -0.10906332E-006
 -0.95661698E-007
 -0.82445201E-007
 -0.69500027E-007
 -0.56917811E-007
 -0.44793474E-007
 -0.33220971E-007
 -0.22290712E-007
 -0.12086586E-007
 -0.26810427E-008
  0.58647913E-008
  0.13505835E-007
  0.20214104E-007
  0.25978478E-007
  0.30808024E-007
  0.34729202E-007
  0.37782501E-007
  0.40025886E-007
  0.41529451E-007
  0.42370885E-007
  0.42636985E-007
  0.42414514E-007
  0.41793563E-007
  0.40858677E-007
  0.39691128E-007
  0.38361630E-007
  0.36934212E-007
  0.35460668E-007
  0.33981506E-007
  0.32526638E-007
  0.31114394E-007
  0.29751796E-007
  0.28439347E-007
  0.27167536E-007
  0.25922906E-007
  0.24685548E-007
  0.23435780E-007
  0.22152279E-007
  0.20813515E-007
  0.19401335E-007
  0.17900046E-007
  0.16301245E-007
  0.14597935E-007
  0.12789927E-007
  0.10882221E-007
  0.88858180E-008
  0.68159536E-008
  0.46915061E-008
  0.25368209E-008
  0.37722706E-009
 -0.17580445E-008
 -0.38404516E-008
 -0.58400580E-008
 -0.77283750E-008
 -0.94785871E-008
 -0.11064784E-007
 -0.12465869E-007
 -0.13662045E-007
 -0.14640123E-007
 -0.15387525E-007
 -0.15900533E-007
 -0.16175973E-007
 -0.16220311E-007
 -0.16039536E-007
 -0.15651579E-007
 -0.15062723E-007
 -0.14303431E-007
 -0.13338422E-007
 -0.12251283E-007
 -0.10807723E-007
 -0.95277326E-008
 -0.72190503E-008
 -0.73519221E-008
 -0.22313421E-008
 -0.13876551E-007
  0.15307319E-007
 -0.69130871E-007
  0.17239366E-006
 -0.49580470E-006
  0.15488178E-005
