  0.59363112E+000  0.95308054E+000  0.39595887E+001  0.49001332E+002
  0.57000318E+000  0.97165969E+000  0.39560711E+001  0.48979511E+002
  0.56817523E+000  0.96957049E+000  0.39286716E+001  0.48984866E+002
  0.56692408E+000  0.93253484E+000  0.39211580E+001  0.49008578E+002
  0.56643379E+000  0.93200157E+000  0.38385569E+001  0.49073419E+002
  0.55490233E+000  0.94196602E+000  0.37769660E+001  0.49120626E+002
  0.55023446E+000  0.94552166E+000  0.37244810E+001  0.49160691E+002
  0.54810948E+000  0.94734500E+000  0.37165328E+001  0.49157480E+002
  0.54783257E+000  0.94586581E+000  0.37075881E+001  0.49158481E+002
  0.54414736E+000  0.93486427E+000  0.36490788E+001  0.49223480E+002
  0.52816761E+000  0.95572626E+000  0.36293711E+001  0.49217346E+002
  0.52497324E+000  0.94656691E+000  0.36547599E+001  0.49212519E+002
  0.52495041E+000  0.94656277E+000  0.36492897E+001  0.49213115E+002
  0.52466152E+000  0.94494250E+000  0.36499537E+001  0.49210254E+002
  0.52417337E+000  0.94539428E+000  0.36487449E+001  0.49208072E+002
  0.52412944E+000  0.94467356E+000  0.36494109E+001  0.49205340E+002
  0.52413148E+000  0.94467291E+000  0.36495757E+001  0.49202847E+002
  0.52413828E+000  0.92874110E+000  0.36639759E+001  0.49202480E+002
  0.52402511E+000  0.92885961E+000  0.36639669E+001  0.49200964E+002
  0.52348404E+000  0.92940790E+000  0.36636390E+001  0.49200085E+002
  0.52346554E+000  0.92945477E+000  0.36632863E+001  0.49199487E+002
  0.52347126E+000  0.92943757E+000  0.36632995E+001  0.49198803E+002
  0.52332125E+000  0.92961222E+000  0.36632842E+001  0.49198320E+002
  0.52332519E+000  0.92963206E+000  0.36632706E+001  0.49198020E+002
  0.52325772E+000  0.92972134E+000  0.36632571E+001  0.49197878E+002
  0.52310396E+000  0.92989495E+000  0.36632286E+001  0.49197892E+002
  0.52307362E+000  0.92994298E+000  0.36632231E+001  0.49198004E+002
  0.52307846E+000  0.92995703E+000  0.36632172E+001  0.49198220E+002
  0.52308338E+000  0.92997000E+000  0.36632126E+001  0.49198528E+002
  0.52308810E+000  0.92998189E+000  0.36630362E+001  0.49199090E+002
  0.52309261E+000  0.92999347E+000  0.36630337E+001  0.49199550E+002
  0.52309415E+000  0.93000685E+000  0.36630326E+001  0.49200073E+002
  0.52309824E+000  0.93001729E+000  0.36630319E+001  0.49200652E+002
  0.52310214E+000  0.93002708E+000  0.36630324E+001  0.49201280E+002
  0.52309891E+000  0.93004349E+000  0.36630335E+001  0.49201954E+002
  0.52310240E+000  0.93005255E+000  0.36630355E+001  0.49202669E+002
  0.52310572E+000  0.93004984E+000  0.36592785E+001  0.49207190E+002
  0.52308638E+000  0.93008063E+000  0.36592817E+001  0.49207976E+002
  0.52308934E+000  0.93008232E+000  0.36592921E+001  0.49208792E+002
  0.52309215E+000  0.93008996E+000  0.36592971E+001  0.49209636E+002
  0.52309480E+000  0.93009731E+000  0.36592830E+001  0.49210525E+002
  0.52309732E+000  0.93010438E+000  0.36592898E+001  0.49211419E+002
  0.52309970E+000  0.93011118E+000  0.36592974E+001  0.49212334E+002
  0.52310197E+000  0.93011764E+000  0.36593061E+001  0.49213271E+002
  0.52310414E+000  0.93012396E+000  0.36593156E+001  0.49214226E+002
  0.52310621E+000  0.93013005E+000  0.36593261E+001  0.49215200E+002
  0.52310821E+000  0.93013592E+000  0.36593375E+001  0.49216191E+002
  0.52311014E+000  0.93014157E+000  0.36593500E+001  0.49217200E+002
  0.52311201E+000  0.93014702E+000  0.36593634E+001  0.49218225E+002
  0.52311384E+000  0.93015225E+000  0.36593779E+001  0.49219266E+002
  0.52311563E+000  0.93015728E+000  0.36593935E+001  0.49220322E+002
  0.52311740E+000  0.93016209E+000  0.36594103E+001  0.49221393E+002
  0.52311916E+000  0.93016669E+000  0.36594282E+001  0.49222477E+002
  0.52312092E+000  0.93017108E+000  0.36594474E+001  0.49223572E+002
  0.52312270E+000  0.93017531E+000  0.36594678E+001  0.49224674E+002
  0.52312449E+000  0.93017936E+000  0.36594895E+001  0.49225782E+002
  0.52312632E+000  0.93018329E+000  0.36595125E+001  0.49226893E+002
  0.52312821E+000  0.93018713E+000  0.36595369E+001  0.49228005E+002
  0.52313016E+000  0.93019091E+000  0.36595627E+001  0.49229116E+002
  0.52313219E+000  0.93019464E+000  0.36595900E+001  0.49230227E+002
  0.52313430E+000  0.93019837E+000  0.36596188E+001  0.49231335E+002
  0.52313650E+000  0.93020210E+000  0.36596493E+001  0.49232441E+002
  0.52313881E+000  0.93020587E+000  0.36596813E+001  0.49233544E+002
  0.52314123E+000  0.93020971E+000  0.36597150E+001  0.49234642E+002
  0.52314376E+000  0.93021365E+000  0.36597503E+001  0.49235735E+002
  0.52314642E+000  0.93021771E+000  0.36597874E+001  0.49236822E+002
  0.52314921E+000  0.93022192E+000  0.36598261E+001  0.49237904E+002
  0.52315213E+000  0.93022631E+000  0.36598665E+001  0.49238979E+002
  0.52315518E+000  0.93023090E+000  0.36599085E+001  0.49240047E+002
  0.52315836E+000  0.93023572E+000  0.36599520E+001  0.49241108E+002
  0.52316168E+000  0.93024079E+000  0.36599970E+001  0.49242162E+002
  0.52316512E+000  0.93024613E+000  0.36600434E+001  0.49243210E+002
  0.52316869E+000  0.93025176E+000  0.36600911E+001  0.49244252E+002
  0.52317237E+000  0.93025770E+000  0.36601398E+001  0.49245288E+002
  0.52317616E+000  0.93026394E+000  0.36601895E+001  0.49246318E+002
  0.52318005E+000  0.93027052E+000  0.36602399E+001  0.49247344E+002
  0.52318401E+000  0.93027742E+000  0.36602909E+001  0.49248366E+002
  0.52318805E+000  0.93028466E+000  0.36603423E+001  0.49249385E+002
  0.52319213E+000  0.93029223E+000  0.36603938E+001  0.49250402E+002
  0.52319625E+000  0.93030012E+000  0.36604453E+001  0.49251418E+002
  0.52320037E+000  0.93030833E+000  0.36604964E+001  0.49252434E+002
  0.52320448E+000  0.93031684E+000  0.36605471E+001  0.49253451E+002
  0.52320855E+000  0.93032564E+000  0.36605971E+001  0.49254470E+002
  0.52321255E+000  0.93033470E+000  0.36606463E+001  0.49255491E+002
  0.52321646E+000  0.93034400E+000  0.36606943E+001  0.49256517E+002
  0.52322026E+000  0.93035351E+000  0.36607412E+001  0.49257547E+002
  0.52322390E+000  0.93036319E+000  0.36607867E+001  0.49258583E+002
  0.52322737E+000  0.93037300E+000  0.36608308E+001  0.49259626E+002
  0.52323064E+000  0.93038291E+000  0.36608733E+001  0.49260675E+002
  0.52323367E+000  0.93039287E+000  0.36609142E+001  0.49261733E+002
  0.52323645E+000  0.93040283E+000  0.36609534E+001  0.49262799E+002
  0.52323894E+000  0.93041275E+000  0.36609908E+001  0.49263874E+002
  0.52324112E+000  0.93042257E+000  0.36610265E+001  0.49264959E+002
  0.52324297E+000  0.93043224E+000  0.36610604E+001  0.49266053E+002
  0.52324447E+000  0.93044171E+000  0.36610926E+001  0.49267158E+002
  0.52324560E+000  0.93045092E+000  0.36611230E+001  0.49268272E+002
  0.52324635E+000  0.93045982E+000  0.36611517E+001  0.49269398E+002
  0.52324670E+000  0.93046835E+000  0.36611786E+001  0.49270534E+002
  0.52324665E+000  0.93047647E+000  0.36612038E+001  0.49271681E+002
  0.52324619E+000  0.93048412E+000  0.36612272E+001  0.49272838E+002
  0.52324532E+000  0.93049125E+000  0.36612489E+001  0.49274006E+002
  0.52324403E+000  0.93049783E+000  0.36612689E+001  0.49275185E+002
  0.52324234E+000  0.93050382E+000  0.36612871E+001  0.49276374E+002
  0.52324026E+000  0.93050917E+000  0.36613036E+001  0.49277574E+002
  0.52323778E+000  0.93051386E+000  0.36613183E+001  0.49278783E+002
  0.52323493E+000  0.93051786E+000  0.36613312E+001  0.49280002E+002
  0.52323172E+000  0.93052115E+000  0.36613423E+001  0.49281230E+002
  0.52322816E+000  0.93052372E+000  0.36613516E+001  0.49282468E+002
  0.52322429E+000  0.93052555E+000  0.36613590E+001  0.49283714E+002
  0.52322012E+000  0.93052665E+000  0.36613646E+001  0.49284968E+002
  0.52321567E+000  0.93052701E+000  0.36613682E+001  0.49286230E+002
  0.52321097E+000  0.93052665E+000  0.36613700E+001  0.49287499E+002
  0.52320605E+000  0.93052557E+000  0.36613698E+001  0.49288775E+002
  0.52320092E+000  0.93052380E+000  0.36613678E+001  0.49290057E+002
  0.52319563E+000  0.93052136E+000  0.36613638E+001  0.49291344E+002
  0.52319019E+000  0.93051827E+000  0.36613580E+001  0.49292636E+002
  0.52318463E+000  0.93051457E+000  0.36613504E+001  0.49293932E+002
  0.52317897E+000  0.93051029E+000  0.36613409E+001  0.49295231E+002
  0.52317325E+000  0.93050547E+000  0.36613297E+001  0.49296533E+002
  0.52316748E+000  0.93050014E+000  0.36613169E+001  0.49297836E+002
  0.52316169E+000  0.93049436E+000  0.36613024E+001  0.49299140E+002
  0.52315589E+000  0.93048816E+000  0.36612863E+001  0.49300444E+002
  0.52315012E+000  0.93048158E+000  0.36612688E+001  0.49301747E+002
  0.52314439E+000  0.93047468E+000  0.36612500E+001  0.49303049E+002
  0.52313872E+000  0.93046750E+000  0.36612298E+001  0.49304348E+002
  0.52313313E+000  0.93046007E+000  0.36612085E+001  0.49305643E+002
  0.52312762E+000  0.93045245E+000  0.36611861E+001  0.49306934E+002
  0.52312222E+000  0.93044467E+000  0.36611628E+001  0.49308220E+002
  0.52311693E+000  0.93043677E+000  0.36611386E+001  0.49309499E+002
  0.52311177E+000  0.93042880E+000  0.36611136E+001  0.49310772E+002
  0.52310674E+000  0.93042079E+000  0.36610881E+001  0.49312036E+002
  0.52310186E+000  0.93041277E+000  0.36610620E+001  0.49313292E+002
  0.52309713E+000  0.93040478E+000  0.36610355E+001  0.49314538E+002
  0.52309256E+000  0.93039685E+000  0.36610086E+001  0.49315773E+002
  0.52308814E+000  0.93038900E+000  0.36609816E+001  0.49316997E+002
  0.52308389E+000  0.93038126E+000  0.36609544E+001  0.49318208E+002
  0.52307980E+000  0.93037365E+000  0.36609272E+001  0.49319407E+002
  0.52307588E+000  0.93036619E+000  0.36609001E+001  0.49320592E+002
  0.52307212E+000  0.93035891E+000  0.36608731E+001  0.49321762E+002
  0.52306852E+000  0.93035180E+000  0.36608464E+001  0.49322918E+002
  0.52306509E+000  0.93034490E+000  0.36608200E+001  0.49324057E+002
  0.52306182E+000  0.93033820E+000  0.36607939E+001  0.49325180E+002
  0.52305871E+000  0.93033172E+000  0.36607682E+001  0.49326286E+002
  0.52305575E+000  0.93032546E+000  0.36607431E+001  0.49327374E+002
  0.52305294E+000  0.93031944E+000  0.36607185E+001  0.49328445E+002
  0.52305028E+000  0.93031364E+000  0.36606944E+001  0.49329496E+002
  0.52304776E+000  0.93030808E+000  0.36606710E+001  0.49330529E+002
  0.52304538E+000  0.93030276E+000  0.36606483E+001  0.49331542E+002
  0.52304313E+000  0.93029767E+000  0.36606262E+001  0.49332535E+002
  0.52304101E+000  0.93029281E+000  0.36606048E+001  0.49333507E+002
  0.52303901E+000  0.93028818E+000  0.36605841E+001  0.49334460E+002
  0.52303713E+000  0.93028377E+000  0.36605642E+001  0.49335391E+002
  0.52303535E+000  0.93027959E+000  0.36605450E+001  0.49336301E+002
  0.52303369E+000  0.93027562E+000  0.36605266E+001  0.49337191E+002
  0.52303213E+000  0.93027186E+000  0.36605089E+001  0.49338058E+002
  0.52303066E+000  0.93026830E+000  0.36604920E+001  0.49338904E+002
  0.52302929E+000  0.93026494E+000  0.36604758E+001  0.49339729E+002
  0.52302800E+000  0.93026176E+000  0.36604603E+001  0.49340532E+002
  0.52302680E+000  0.93025877E+000  0.36604456E+001  0.49341313E+002
  0.52302567E+000  0.93025595E+000  0.36604316E+001  0.49342072E+002
  0.52302461E+000  0.93025330E+000  0.36604182E+001  0.49342810E+002
  0.52302363E+000  0.93025080E+000  0.36604055E+001  0.49343526E+002
  0.52302271E+000  0.93024846E+000  0.36603935E+001  0.49344220E+002
  0.52302184E+000  0.93024626E+000  0.36603821E+001  0.49344894E+002
  0.52302104E+000  0.93024420E+000  0.36603714E+001  0.49345546E+002
  0.52302029E+000  0.93024226E+000  0.36603612E+001  0.49346177E+002
  0.52301958E+000  0.93024045E+000  0.36603516E+001  0.49346787E+002
  0.52301892E+000  0.93023875E+000  0.36603425E+001  0.49347376E+002
  0.52301831E+000  0.93023716E+000  0.36603340E+001  0.49347946E+002
  0.52301774E+000  0.93023568E+000  0.36603259E+001  0.49348495E+002
  0.52301720E+000  0.93023429E+000  0.36603183E+001  0.49349024E+002
  0.52301670E+000  0.93023298E+000  0.36603112E+001  0.49349534E+002
  0.52301623E+000  0.93023177E+000  0.36603045E+001  0.49350025E+002
  0.52301579E+000  0.93023063E+000  0.36602982E+001  0.49350497E+002
  0.52301538E+000  0.93022956E+000  0.36602923E+001  0.49350951E+002
  0.52301500E+000  0.93022856E+000  0.36602868E+001  0.49351387E+002
  0.52301463E+000  0.93022763E+000  0.36602816E+001  0.49351805E+002
  0.52301430E+000  0.93022675E+000  0.36602767E+001  0.49352206E+002
  0.52301398E+000  0.93022593E+000  0.36602721E+001  0.49352590E+002
  0.52301368E+000  0.93022517E+000  0.36602678E+001  0.49352958E+002
  0.52301340E+000  0.93022445E+000  0.36602638E+001  0.49353309E+002
  0.52301314E+000  0.93022377E+000  0.36602601E+001  0.49353646E+002
  0.52301289E+000  0.93022313E+000  0.36602565E+001  0.49353967E+002
  0.52301266E+000  0.93022254E+000  0.36602532E+001  0.49354273E+002
  0.52301244E+000  0.93022198E+000  0.36602501E+001  0.49354566E+002
  0.52301223E+000  0.93022145E+000  0.36602472E+001  0.49354845E+002
  0.52301203E+000  0.93022095E+000  0.36602444E+001  0.49355110E+002
  0.52301185E+000  0.93022048E+000  0.36602418E+001  0.49355362E+002
  0.52301167E+000  0.93022004E+000  0.36602394E+001  0.49355603E+002
  0.52301151E+000  0.93021962E+000  0.36602372E+001  0.49355831E+002
  0.52301135E+000  0.93021923E+000  0.36602350E+001  0.49356048E+002
  0.52301120E+000  0.93021885E+000  0.36602330E+001  0.49356253E+002
  0.52301106E+000  0.93021850E+000  0.36602311E+001  0.49356448E+002
  0.52301093E+000  0.93021816E+000  0.36602293E+001  0.49356633E+002
  0.52301080E+000  0.93021784E+000  0.36602276E+001  0.49356808E+002
  0.52301068E+000  0.93021754E+000  0.36602260E+001  0.49356974E+002
  0.52301057E+000  0.93021725E+000  0.36602245E+001  0.49357130E+002
  0.52301046E+000  0.93021698E+000  0.36602231E+001  0.49357278E+002
  0.52301036E+000  0.93021672E+000  0.36602218E+001  0.49357418E+002
  0.52301026E+000  0.93021646E+000  0.36602205E+001  0.49357551E+002
