  0.28756391E-003  0.00000000E+000  0.22603963E-003  0.53540326E+002
  0.28833585E-003  0.00000000E+000  0.22667963E-003  0.53527738E+002
  0.28894707E-003  0.00000000E+000  0.22716837E-003  0.53517451E+002
  0.28941841E-003  0.00000000E+000  0.22753677E-003  0.53509082E+002
  0.28977225E-003  0.00000000E+000  0.22781194E-003  0.53502308E+002
  0.29002962E-003  0.00000000E+000  0.22801477E-003  0.53496859E+002
  0.29020890E-003  0.00000000E+000  0.22816076E-003  0.53492504E+002
  0.29032566E-003  0.00000000E+000  0.22826153E-003  0.53489054E+002
  0.29039277E-003  0.00000000E+000  0.22832599E-003  0.53486348E+002
  0.29042077E-003  0.00000000E+000  0.22836116E-003  0.53484254E+002
  0.29041823E-003  0.00000000E+000  0.22837266E-003  0.53482662E+002
  0.29039211E-003  0.00000000E+000  0.22836512E-003  0.53481478E+002
  0.29034803E-003  0.00000000E+000  0.22834233E-003  0.53480628E+002
  0.29029049E-003  0.00000000E+000  0.22830744E-003  0.53480047E+002
  0.29022313E-003  0.00000000E+000  0.22826308E-003  0.53479684E+002
  0.29014885E-003  0.00000000E+000  0.22821144E-003  0.53479494E+002
  0.29006997E-003  0.00000000E+000  0.22815433E-003  0.53479443E+002
  0.28998834E-003  0.00000000E+000  0.22809327E-003  0.53479500E+002
  0.28990541E-003  0.00000000E+000  0.22802951E-003  0.53479641E+002
  0.28982232E-003  0.00000000E+000  0.22796412E-003  0.53479845E+002
  0.28973997E-003  0.00000000E+000  0.22789794E-003  0.53480096E+002
  0.28965904E-003  0.00000000E+000  0.22783169E-003  0.53480380E+002
  0.28958004E-003  0.00000000E+000  0.22776594E-003  0.53480684E+002
  0.28950337E-003  0.00000000E+000  0.22770116E-003  0.53481001E+002
  0.28942928E-003  0.00000000E+000  0.22763774E-003  0.53481323E+002
  0.28935796E-003  0.00000000E+000  0.22757596E-003  0.53481642E+002
  0.28928953E-003  0.00000000E+000  0.22751607E-003  0.53481954E+002
  0.28922402E-003  0.00000000E+000  0.22745822E-003  0.53482256E+002
  0.28916145E-003  0.00000000E+000  0.22740255E-003  0.53482543E+002
  0.28910178E-003  0.00000000E+000  0.22734912E-003  0.53482813E+002
  0.28904493E-003  0.00000000E+000  0.22729798E-003  0.53483066E+002
  0.28899082E-003  0.00000000E+000  0.22724913E-003  0.53483298E+002
  0.28893934E-003  0.00000000E+000  0.22720256E-003  0.53483510E+002
  0.28889037E-003  0.00000000E+000  0.22715822E-003  0.53483702E+002
  0.28884376E-003  0.00000000E+000  0.22711604E-003  0.53483873E+002
  0.28879940E-003  0.00000000E+000  0.22707594E-003  0.53484023E+002
  0.28875713E-003  0.00000000E+000  0.22703784E-003  0.53484153E+002
  0.28871682E-003  0.00000000E+000  0.22700162E-003  0.53484265E+002
  0.28867833E-003  0.00000000E+000  0.22696719E-003  0.53484358E+002
  0.28864153E-003  0.00000000E+000  0.22693443E-003  0.53484433E+002
  0.28860629E-003  0.00000000E+000  0.22690323E-003  0.53484493E+002
  0.28857251E-003  0.00000000E+000  0.22687348E-003  0.53484538E+002
  0.28854006E-003  0.00000000E+000  0.22684508E-003  0.53484569E+002
  0.28850884E-003  0.00000000E+000  0.22681793E-003  0.53484588E+002
  0.28847877E-003  0.00000000E+000  0.22679193E-003  0.53484596E+002
  0.28844976E-003  0.00000000E+000  0.22676699E-003  0.53484593E+002
  0.28842173E-003  0.00000000E+000  0.22674303E-003  0.53484582E+002
  0.28839461E-003  0.00000000E+000  0.22671998E-003  0.53484563E+002
  0.28836835E-003  0.00000000E+000  0.22669777E-003  0.53484537E+002
  0.28834288E-003  0.00000000E+000  0.22667633E-003  0.53484505E+002
  0.28831816E-003  0.00000000E+000  0.22665562E-003  0.53484468E+002
  0.28829414E-003  0.00000000E+000  0.22663559E-003  0.53484426E+002
  0.28827079E-003  0.00000000E+000  0.22661618E-003  0.53484380E+002
  0.28824807E-003  0.00000000E+000  0.22659737E-003  0.53484331E+002
  0.28822595E-003  0.00000000E+000  0.22657911E-003  0.53484279E+002
  0.28820441E-003  0.00000000E+000  0.22656137E-003  0.53484224E+002
  0.28818341E-003  0.00000000E+000  0.22654413E-003  0.53484167E+002
  0.28816294E-003  0.00000000E+000  0.22652737E-003  0.53484109E+002
  0.28814299E-003  0.00000000E+000  0.22651105E-003  0.53484048E+002
  0.28812353E-003  0.00000000E+000  0.22649516E-003  0.53483986E+002
  0.28810456E-003  0.00000000E+000  0.22647969E-003  0.53483923E+002
  0.28808608E-003  0.00000000E+000  0.22646461E-003  0.53483859E+002
  0.28806806E-003  0.00000000E+000  0.22644993E-003  0.53483794E+002
  0.28805052E-003  0.00000000E+000  0.22643563E-003  0.53483728E+002
  0.28803344E-003  0.00000000E+000  0.22642170E-003  0.53483662E+002
  0.28801683E-003  0.00000000E+000  0.22640814E-003  0.53483595E+002
  0.28800069E-003  0.00000000E+000  0.22639494E-003  0.53483528E+002
  0.28798502E-003  0.00000000E+000  0.22638211E-003  0.53483460E+002
  0.28796983E-003  0.00000000E+000  0.22636964E-003  0.53483392E+002
  0.28795512E-003  0.00000000E+000  0.22635754E-003  0.53483325E+002
  0.28794089E-003  0.00000000E+000  0.22634581E-003  0.53483257E+002
  0.28792716E-003  0.00000000E+000  0.22633444E-003  0.53483190E+002
  0.28791391E-003  0.00000000E+000  0.22632345E-003  0.53483123E+002
  0.28790117E-003  0.00000000E+000  0.22631283E-003  0.53483058E+002
  0.28788892E-003  0.00000000E+000  0.22630260E-003  0.53482993E+002
  0.28787718E-003  0.00000000E+000  0.22629274E-003  0.53482929E+002
  0.28786595E-003  0.00000000E+000  0.22628327E-003  0.53482866E+002
  0.28785521E-003  0.00000000E+000  0.22627419E-003  0.53482805E+002
  0.28784498E-003  0.00000000E+000  0.22626549E-003  0.53482746E+002
  0.28783525E-003  0.00000000E+000  0.22625718E-003  0.53482689E+002
  0.28782602E-003  0.00000000E+000  0.22624926E-003  0.53482634E+002
  0.28781727E-003  0.00000000E+000  0.22624173E-003  0.53482582E+002
  0.28780901E-003  0.00000000E+000  0.22623458E-003  0.53482533E+002
  0.28780122E-003  0.00000000E+000  0.22622781E-003  0.53482487E+002
  0.28779390E-003  0.00000000E+000  0.22622142E-003  0.53482444E+002
  0.28778702E-003  0.00000000E+000  0.22621540E-003  0.53482405E+002
  0.28778059E-003  0.00000000E+000  0.22620973E-003  0.53482370E+002
  0.28777459E-003  0.00000000E+000  0.22620443E-003  0.53482340E+002
  0.28776899E-003  0.00000000E+000  0.22619946E-003  0.53482314E+002
  0.28776380E-003  0.00000000E+000  0.22619483E-003  0.53482294E+002
  0.28775898E-003  0.00000000E+000  0.22619052E-003  0.53482279E+002
  0.28775453E-003  0.00000000E+000  0.22618652E-003  0.53482270E+002
  0.28775042E-003  0.00000000E+000  0.22618282E-003  0.53482267E+002
  0.28774664E-003  0.00000000E+000  0.22617940E-003  0.53482271E+002
  0.28774318E-003  0.00000000E+000  0.22617625E-003  0.53482282E+002
  0.28774000E-003  0.00000000E+000  0.22617335E-003  0.53482301E+002
  0.28773710E-003  0.00000000E+000  0.22617070E-003  0.53482328E+002
  0.28773445E-003  0.00000000E+000  0.22616827E-003  0.53482363E+002
  0.28773204E-003  0.00000000E+000  0.22616605E-003  0.53482407E+002
  0.28772984E-003  0.00000000E+000  0.22616403E-003  0.53482461E+002
  0.28772785E-003  0.00000000E+000  0.22616219E-003  0.53482525E+002
  0.28772603E-003  0.00000000E+000  0.22616051E-003  0.53482599E+002
  0.28772439E-003  0.00000000E+000  0.22615898E-003  0.53482684E+002
  0.28772288E-003  0.00000000E+000  0.22615758E-003  0.53482780E+002
  0.28772151E-003  0.00000000E+000  0.22615630E-003  0.53482888E+002
  0.28772025E-003  0.00000000E+000  0.22615513E-003  0.53483008E+002
  0.28771908E-003  0.00000000E+000  0.22615404E-003  0.53483141E+002
  0.28771799E-003  0.00000000E+000  0.22615303E-003  0.53483286E+002
  0.28771697E-003  0.00000000E+000  0.22615208E-003  0.53483444E+002
  0.28771600E-003  0.00000000E+000  0.22615119E-003  0.53483617E+002
  0.28771506E-003  0.00000000E+000  0.22615033E-003  0.53483803E+002
  0.28771415E-003  0.00000000E+000  0.22614950E-003  0.53484004E+002
  0.28771325E-003  0.00000000E+000  0.22614869E-003  0.53484219E+002
  0.28771236E-003  0.00000000E+000  0.22614789E-003  0.53484450E+002
  0.28771147E-003  0.00000000E+000  0.22614710E-003  0.53484698E+002
  0.28771057E-003  0.00000000E+000  0.22614631E-003  0.53484962E+002
  0.28770966E-003  0.00000000E+000  0.22614552E-003  0.53485243E+002
  0.28770874E-003  0.00000000E+000  0.22614472E-003  0.53485543E+002
  0.28770780E-003  0.00000000E+000  0.22614393E-003  0.53485862E+002
  0.28770686E-003  0.00000000E+000  0.22614313E-003  0.53486201E+002
  0.28770591E-003  0.00000000E+000  0.22614234E-003  0.53486562E+002
  0.28770495E-003  0.00000000E+000  0.22614155E-003  0.53486944E+002
  0.28770400E-003  0.00000000E+000  0.22614077E-003  0.53487349E+002
  0.28770306E-003  0.00000000E+000  0.22614002E-003  0.53487778E+002
  0.28770214E-003  0.00000000E+000  0.22613928E-003  0.53488230E+002
  0.28770125E-003  0.00000000E+000  0.22613857E-003  0.53488707E+002
  0.28770038E-003  0.00000000E+000  0.22613790E-003  0.53489208E+002
  0.28769956E-003  0.00000000E+000  0.22613726E-003  0.53489732E+002
  0.28769878E-003  0.00000000E+000  0.22613667E-003  0.53490279E+002
  0.28769806E-003  0.00000000E+000  0.22613613E-003  0.53490849E+002
  0.28769740E-003  0.00000000E+000  0.22613564E-003  0.53491438E+002
  0.28769680E-003  0.00000000E+000  0.22613521E-003  0.53492046E+002
  0.28769627E-003  0.00000000E+000  0.22613483E-003  0.53492670E+002
  0.28769581E-003  0.00000000E+000  0.22613452E-003  0.53493308E+002
  0.28769543E-003  0.00000000E+000  0.22613426E-003  0.53493956E+002
  0.28769513E-003  0.00000000E+000  0.22613407E-003  0.53494612E+002
  0.28769490E-003  0.00000000E+000  0.22613393E-003  0.53495272E+002
  0.28769475E-003  0.00000000E+000  0.22613386E-003  0.53495933E+002
  0.28769468E-003  0.00000000E+000  0.22613384E-003  0.53496591E+002
  0.28769469E-003  0.00000000E+000  0.22613389E-003  0.53497243E+002
  0.28769478E-003  0.00000000E+000  0.22613399E-003  0.53497886E+002
  0.28769495E-003  0.00000000E+000  0.22613414E-003  0.53498516E+002
  0.28769519E-003  0.00000000E+000  0.22613435E-003  0.53499131E+002
  0.28769550E-003  0.00000000E+000  0.22613461E-003  0.53499728E+002
  0.28769588E-003  0.00000000E+000  0.22613492E-003  0.53500305E+002
  0.28769633E-003  0.00000000E+000  0.22613528E-003  0.53500859E+002
  0.28769685E-003  0.00000000E+000  0.22613569E-003  0.53501390E+002
  0.28769744E-003  0.00000000E+000  0.22613614E-003  0.53501895E+002
  0.28769808E-003  0.00000000E+000  0.22613664E-003  0.53502374E+002
  0.28769878E-003  0.00000000E+000  0.22613717E-003  0.53502827E+002
  0.28769953E-003  0.00000000E+000  0.22613775E-003  0.53503252E+002
  0.28770033E-003  0.00000000E+000  0.22613836E-003  0.53503650E+002
  0.28770117E-003  0.00000000E+000  0.22613900E-003  0.53504021E+002
  0.28770206E-003  0.00000000E+000  0.22613966E-003  0.53504366E+002
  0.28770297E-003  0.00000000E+000  0.22614036E-003  0.53504685E+002
  0.28770392E-003  0.00000000E+000  0.22614107E-003  0.53504979E+002
  0.28770488E-003  0.00000000E+000  0.22614180E-003  0.53505250E+002
  0.28770587E-003  0.00000000E+000  0.22614254E-003  0.53505498E+002
  0.28770686E-003  0.00000000E+000  0.22614328E-003  0.53505725E+002
  0.28770785E-003  0.00000000E+000  0.22614403E-003  0.53505931E+002
  0.28770883E-003  0.00000000E+000  0.22614477E-003  0.53506119E+002
  0.28770980E-003  0.00000000E+000  0.22614550E-003  0.53506289E+002
  0.28771074E-003  0.00000000E+000  0.22614621E-003  0.53506442E+002
  0.28771166E-003  0.00000000E+000  0.22614689E-003  0.53506581E+002
  0.28771254E-003  0.00000000E+000  0.22614755E-003  0.53506706E+002
  0.28771336E-003  0.00000000E+000  0.22614817E-003  0.53506817E+002
  0.28771414E-003  0.00000000E+000  0.22614875E-003  0.53506918E+002
  0.28771485E-003  0.00000000E+000  0.22614928E-003  0.53507008E+002
  0.28771549E-003  0.00000000E+000  0.22614976E-003  0.53507088E+002
  0.28771605E-003  0.00000000E+000  0.22615017E-003  0.53507160E+002
  0.28771653E-003  0.00000000E+000  0.22615053E-003  0.53507224E+002
  0.28771692E-003  0.00000000E+000  0.22615081E-003  0.53507281E+002
  0.28771722E-003  0.00000000E+000  0.22615102E-003  0.53507332E+002
  0.28771742E-003  0.00000000E+000  0.22615115E-003  0.53507378E+002
  0.28771751E-003  0.00000000E+000  0.22615121E-003  0.53507420E+002
  0.28771750E-003  0.00000000E+000  0.22615118E-003  0.53507457E+002
  0.28771738E-003  0.00000000E+000  0.22615107E-003  0.53507492E+002
  0.28771715E-003  0.00000000E+000  0.22615088E-003  0.53507523E+002
  0.28771681E-003  0.00000000E+000  0.22615061E-003  0.53507553E+002
  0.28771637E-003  0.00000000E+000  0.22615025E-003  0.53507581E+002
  0.28771583E-003  0.00000000E+000  0.22614982E-003  0.53507608E+002
  0.28771519E-003  0.00000000E+000  0.22614931E-003  0.53507635E+002
  0.28771445E-003  0.00000000E+000  0.22614873E-003  0.53507661E+002
  0.28771363E-003  0.00000000E+000  0.22614809E-003  0.53507687E+002
  0.28771272E-003  0.00000000E+000  0.22614738E-003  0.53507715E+002
  0.28771174E-003  0.00000000E+000  0.22614662E-003  0.53507743E+002
  0.28771070E-003  0.00000000E+000  0.22614582E-003  0.53507772E+002
  0.28770961E-003  0.00000000E+000  0.22614498E-003  0.53507802E+002
  0.28770847E-003  0.00000000E+000  0.22614410E-003  0.53507835E+002
  0.28770732E-003  0.00000000E+000  0.22614322E-003  0.53507869E+002
  0.28770615E-003  0.00000000E+000  0.22614233E-003  0.53507905E+002
  0.28770499E-003  0.00000000E+000  0.22614146E-003  0.53507944E+002
  0.28770387E-003  0.00000000E+000  0.22614063E-003  0.53507984E+002
  0.28770284E-003  0.00000000E+000  0.22613988E-003  0.53508027E+002
  0.28770195E-003  0.00000000E+000  0.22613926E-003  0.53508072E+002
  0.28770135E-003  0.00000000E+000  0.22613888E-003  0.53508120E+002
  0.28770128E-003  0.00000000E+000  0.22613893E-003  0.53508169E+002
  0.28770220E-003  0.00000000E+000  0.22613971E-003  0.53508220E+002
  0.28770498E-003  0.00000000E+000  0.22614202E-003  0.53508267E+002
  0.28770751E-003  0.00000000E+000  0.22614496E-003  0.53508268E+002
