  0.20568276E-001
  0.20573105E-001
  0.20558282E-001
  0.20543524E-001
  0.20530832E-001
  0.20520162E-001
  0.20511232E-001
  0.20503773E-001
  0.20497550E-001
  0.20492366E-001
  0.20488055E-001
  0.20484476E-001
  0.20481514E-001
  0.20479069E-001
  0.20477059E-001
  0.20475414E-001
  0.20474076E-001
  0.20472995E-001
  0.20472130E-001
  0.20471446E-001
  0.20470914E-001
  0.20470508E-001
  0.20470208E-001
  0.20469996E-001
  0.20469858E-001
  0.20469781E-001
  0.20469755E-001
  0.20469771E-001
  0.20469822E-001
  0.20469901E-001
  0.20470005E-001
  0.20470129E-001
  0.20470271E-001
  0.20470427E-001
  0.20470596E-001
  0.20470776E-001
  0.20470966E-001
  0.20471164E-001
  0.20471370E-001
  0.20471583E-001
  0.20471803E-001
  0.20472030E-001
  0.20472262E-001
  0.20472501E-001
  0.20472746E-001
  0.20472997E-001
  0.20473254E-001
  0.20473518E-001
  0.20473789E-001
  0.20474067E-001
  0.20474352E-001
  0.20474646E-001
  0.20474948E-001
  0.20475259E-001
  0.20475579E-001
  0.20475910E-001
  0.20476251E-001
  0.20476603E-001
  0.20476967E-001
  0.20477343E-001
  0.20477731E-001
  0.20478131E-001
  0.20478544E-001
  0.20478971E-001
  0.20479410E-001
  0.20479862E-001
  0.20480327E-001
  0.20480805E-001
  0.20481295E-001
  0.20481798E-001
  0.20482312E-001
  0.20482838E-001
  0.20483375E-001
  0.20483922E-001
  0.20484480E-001
  0.20485047E-001
  0.20485622E-001
  0.20486206E-001
  0.20486797E-001
  0.20487395E-001
  0.20488000E-001
  0.20488610E-001
  0.20489225E-001
  0.20489844E-001
  0.20490467E-001
  0.20491094E-001
  0.20491723E-001
  0.20492354E-001
  0.20492986E-001
  0.20493620E-001
  0.20494253E-001
  0.20494887E-001
  0.20495520E-001
  0.20496152E-001
  0.20496782E-001
  0.20497410E-001
  0.20498036E-001
  0.20498659E-001
  0.20499279E-001
  0.20499895E-001
  0.20500507E-001
  0.20501115E-001
  0.20501718E-001
  0.20502317E-001
  0.20502910E-001
  0.20503498E-001
  0.20504081E-001
  0.20504657E-001
  0.20505227E-001
  0.20505792E-001
  0.20506349E-001
  0.20506900E-001
  0.20507445E-001
  0.20507982E-001
  0.20508513E-001
  0.20509036E-001
  0.20509553E-001
  0.20510062E-001
  0.20510563E-001
  0.20511058E-001
  0.20511544E-001
  0.20512024E-001
  0.20512496E-001
  0.20512960E-001
  0.20513417E-001
  0.20513866E-001
  0.20514308E-001
  0.20514742E-001
  0.20515169E-001
  0.20515588E-001
  0.20516000E-001
  0.20516405E-001
  0.20516802E-001
  0.20517191E-001
  0.20517574E-001
  0.20517949E-001
  0.20518317E-001
  0.20518677E-001
  0.20519031E-001
  0.20519377E-001
  0.20519717E-001
  0.20520049E-001
  0.20520375E-001
  0.20520694E-001
  0.20521006E-001
  0.20521311E-001
  0.20521610E-001
  0.20521902E-001
  0.20522188E-001
  0.20522468E-001
  0.20522741E-001
  0.20523008E-001
  0.20523269E-001
  0.20523524E-001
  0.20523773E-001
  0.20524016E-001
  0.20524253E-001
  0.20524485E-001
  0.20524711E-001
  0.20524931E-001
  0.20525146E-001
  0.20525356E-001
  0.20525560E-001
  0.20525760E-001
  0.20525954E-001
  0.20526143E-001
  0.20526327E-001
  0.20526507E-001
  0.20526681E-001
  0.20526851E-001
  0.20527017E-001
  0.20527178E-001
  0.20527334E-001
  0.20527487E-001
  0.20527635E-001
  0.20527779E-001
  0.20527919E-001
  0.20528055E-001
  0.20528187E-001
  0.20528316E-001
  0.20528441E-001
  0.20528562E-001
  0.20528679E-001
  0.20528794E-001
  0.20528904E-001
  0.20529012E-001
  0.20529116E-001
  0.20529217E-001
  0.20529316E-001
  0.20529411E-001
  0.20529503E-001
  0.20529592E-001
  0.20529679E-001
  0.20529763E-001
  0.20529844E-001
  0.20529923E-001
  0.20529999E-001
  0.20530073E-001
  0.20530145E-001
  0.20530213E-001
