  0.19499558E+000  0.28018300E+000  0.36280702E+000  0.58456143E+000
  0.19432290E+000  0.27875193E+000  0.36294594E+000  0.58415092E+000
  0.19390232E+000  0.27827617E+000  0.36140624E+000  0.58477566E+000
  0.19342132E+000  0.27755310E+000  0.36126533E+000  0.58472717E+000
  0.19304503E+000  0.27746141E+000  0.36027913E+000  0.58512308E+000
  0.19284653E+000  0.27724613E+000  0.36339841E+000  0.57890481E+000
  0.19240042E+000  0.27739088E+000  0.35794024E+000  0.58682865E+000
  0.19226425E+000  0.27694868E+000  0.35806837E+000  0.58689639E+000
  0.19217752E+000  0.27686905E+000  0.35797725E+000  0.58691766E+000
  0.19207091E+000  0.27625208E+000  0.35822530E+000  0.58727506E+000
  0.19201909E+000  0.27621888E+000  0.35772133E+000  0.58784093E+000
  0.19199392E+000  0.27619524E+000  0.35760062E+000  0.58806343E+000
  0.19198002E+000  0.27617720E+000  0.35752972E+000  0.58827991E+000
  0.19197986E+000  0.27619723E+000  0.35745681E+000  0.58849463E+000
  0.19195961E+000  0.27625491E+000  0.35751995E+000  0.58859351E+000
  0.19200832E+000  0.27625691E+000  0.35777207E+000  0.58851946E+000
  0.19203206E+000  0.27629637E+000  0.35776145E+000  0.58871817E+000
  0.19192366E+000  0.27647677E+000  0.35776513E+000  0.58891061E+000
  0.19193985E+000  0.27655921E+000  0.35780801E+000  0.58904949E+000
  0.19197614E+000  0.27661601E+000  0.35789638E+000  0.58915689E+000
  0.22085776E+000  0.24471578E+000  0.35798530E+000  0.58926577E+000
  0.22090853E+000  0.24476727E+000  0.35807288E+000  0.58937334E+000
  0.19211691E+000  0.27677245E+000  0.35816650E+000  0.58947904E+000
  0.19217043E+000  0.27682663E+000  0.35833588E+000  0.58949914E+000
  0.19222191E+000  0.27673381E+000  0.35857134E+000  0.58959993E+000
  0.19228276E+000  0.27678292E+000  0.35904773E+000  0.58930506E+000
  0.19233546E+000  0.27684045E+000  0.35912981E+000  0.58939984E+000
  0.19238841E+000  0.27689752E+000  0.35962164E+000  0.58907988E+000
  0.19242967E+000  0.27696323E+000  0.35970255E+000  0.58916798E+000
  0.19248183E+000  0.27701940E+000  0.35977909E+000  0.58925260E+000
  0.19253293E+000  0.27707540E+000  0.35985343E+000  0.58933367E+000
  0.19258074E+000  0.27713303E+000  0.35992559E+000  0.58941115E+000
  0.19263218E+000  0.27718502E+000  0.35999559E+000  0.58948499E+000
  0.19268290E+000  0.27723583E+000  0.36006301E+000  0.58955518E+000
  0.19273279E+000  0.27728517E+000  0.36012798E+000  0.58962172E+000
  0.19278173E+000  0.27733293E+000  0.36019045E+000  0.58968462E+000
  0.19282964E+000  0.27737906E+000  0.36025037E+000  0.58974393E+000
  0.19287641E+000  0.27742346E+000  0.36030769E+000  0.58979967E+000
  0.19292196E+000  0.27746609E+000  0.36036238E+000  0.58985191E+000
  0.19296574E+000  0.27750736E+000  0.36041442E+000  0.58990073E+000
  0.19300862E+000  0.27754628E+000  0.36046379E+000  0.58994619E+000
  0.19305007E+000  0.27758331E+000  0.36051049E+000  0.58998841E+000
  0.19309003E+000  0.27761840E+000  0.36055452E+000  0.59002747E+000
  0.19312845E+000  0.27765156E+000  0.36059590E+000  0.59006351E+000
  0.19316530E+000  0.27768279E+000  0.36063467E+000  0.59009664E+000
  0.19320056E+000  0.27771210E+000  0.36067085E+000  0.59012698E+000
  0.19323419E+000  0.27773948E+000  0.36070452E+000  0.59015469E+000
  0.19326621E+000  0.27776502E+000  0.36073572E+000  0.59017989E+000
  0.19329662E+000  0.27778875E+000  0.36076452E+000  0.59020274E+000
  0.19332513E+000  0.27781086E+000  0.36079117E+000  0.59022337E+000
  0.19335236E+000  0.27783113E+000  0.36081547E+000  0.59024193E+000
  0.19337806E+000  0.27784977E+000  0.36083766E+000  0.59025857E+000
  0.19340227E+000  0.27935203E+000  0.35894947E+000  0.59027343E+000
  0.19342503E+000  0.27936680E+000  0.35896890E+000  0.59028665E+000
  0.19344640E+000  0.27938027E+000  0.35898646E+000  0.59029835E+000
  0.19346645E+000  0.27939254E+000  0.35900226E+000  0.59030868E+000
  0.19348523E+000  0.27940371E+000  0.35901643E+000  0.59031775E+000
  0.19350282E+000  0.27941385E+000  0.35902906E+000  0.59032566E+000
  0.19351926E+000  0.27942307E+000  0.35904027E+000  0.59033253E+000
  0.19353456E+000  0.27943151E+000  0.35905016E+000  0.59033846E+000
  0.19354892E+000  0.27795846E+000  0.36096134E+000  0.59034351E+000
  0.19356233E+000  0.27796558E+000  0.36096859E+000  0.59034779E+000
  0.19357484E+000  0.27797198E+000  0.36097489E+000  0.59035135E+000
  0.19358650E+000  0.27797774E+000  0.36098032E+000  0.59035425E+000
  0.19359737E+000  0.27798290E+000  0.36098494E+000  0.59035655E+000
  0.19360748E+000  0.27798752E+000  0.36098883E+000  0.59035830E+000
  0.19361688E+000  0.27799164E+000  0.36099204E+000  0.59035953E+000
  0.19362561E+000  0.27799530E+000  0.36099461E+000  0.59036029E+000
  0.19363369E+000  0.27799854E+000  0.36099659E+000  0.59036060E+000
  0.19364116E+000  0.27800138E+000  0.36099804E+000  0.59036050E+000
  0.19364805E+000  0.27800386E+000  0.36099898E+000  0.59036001E+000
  0.19365439E+000  0.27800600E+000  0.36099945E+000  0.59035916E+000
  0.19366020E+000  0.27800782E+000  0.36099948E+000  0.59035796E+000
  0.19366550E+000  0.27800935E+000  0.36099911E+000  0.59035645E+000
  0.19367032E+000  0.27801059E+000  0.36099837E+000  0.59035464E+000
  0.19367469E+000  0.27801157E+000  0.36099728E+000  0.59035255E+000
  0.19367861E+000  0.27801231E+000  0.36099587E+000  0.59035020E+000
  0.19368212E+000  0.27801282E+000  0.36099418E+000  0.59034762E+000
  0.19368524E+000  0.27801311E+000  0.36099221E+000  0.59034482E+000
  0.19368799E+000  0.27801321E+000  0.36099001E+000  0.59034182E+000
  0.19369039E+000  0.27801311E+000  0.36098760E+000  0.59033865E+000
  0.19369245E+000  0.27801285E+000  0.36098499E+000  0.59033531E+000
  0.19369421E+000  0.27801242E+000  0.36098221E+000  0.59033184E+000
  0.19369568E+000  0.27950909E+000  0.35905593E+000  0.59032825E+000
  0.19369688E+000  0.27951004E+000  0.35905079E+000  0.59032456E+000
  0.19369783E+000  0.27951092E+000  0.35904547E+000  0.59032078E+000
  0.19369856E+000  0.27951175E+000  0.35903999E+000  0.59031693E+000
  0.19369907E+000  0.27951254E+000  0.35903437E+000  0.59031302E+000
  0.19369938E+000  0.27951328E+000  0.35902863E+000  0.59030908E+000
  0.19369952E+000  0.27951399E+000  0.35902281E+000  0.59030512E+000
  0.19369950E+000  0.27951468E+000  0.35901690E+000  0.59030114E+000
  0.19369934E+000  0.27951534E+000  0.35901094E+000  0.59029717E+000
  0.19369904E+000  0.27951598E+000  0.35900493E+000  0.59029320E+000
  0.19369862E+000  0.27951661E+000  0.35899890E+000  0.59028926E+000
  0.19369810E+000  0.27951723E+000  0.35899286E+000  0.59028534E+000
  0.19369749E+000  0.27951785E+000  0.35898683E+000  0.59028147E+000
  0.19369680E+000  0.27951847E+000  0.35898081E+000  0.59027764E+000
  0.19369604E+000  0.27951908E+000  0.35897481E+000  0.59027386E+000
  0.19369522E+000  0.27951970E+000  0.35896886E+000  0.59027014E+000
  0.19369434E+000  0.27952032E+000  0.35896295E+000  0.59026648E+000
  0.19369342E+000  0.27952094E+000  0.35895709E+000  0.59026288E+000
  0.19369247E+000  0.27952157E+000  0.35895130E+000  0.59025936E+000
  0.19369148E+000  0.27952221E+000  0.35894558E+000  0.59025591E+000
  0.19369047E+000  0.27952286E+000  0.35893993E+000  0.59025252E+000
  0.19368945E+000  0.27952352E+000  0.35893437E+000  0.59024922E+000
  0.19368841E+000  0.27952418E+000  0.35892889E+000  0.59024599E+000
  0.19368736E+000  0.27952486E+000  0.35892350E+000  0.59024284E+000
  0.19368631E+000  0.27952554E+000  0.35891820E+000  0.59023976E+000
  0.19368525E+000  0.27952623E+000  0.35891299E+000  0.59023676E+000
  0.19368420E+000  0.27952692E+000  0.35890789E+000  0.59023384E+000
  0.19368316E+000  0.27952763E+000  0.35890288E+000  0.59023099E+000
  0.19368212E+000  0.27952833E+000  0.35889797E+000  0.59022821E+000
  0.19368110E+000  0.27952905E+000  0.35889317E+000  0.59022551E+000
  0.19368008E+000  0.27952977E+000  0.35888846E+000  0.59022288E+000
  0.19367908E+000  0.27953049E+000  0.35888386E+000  0.59022032E+000
  0.19367809E+000  0.27953122E+000  0.35887937E+000  0.59021783E+000
  0.19367712E+000  0.27953194E+000  0.35887497E+000  0.59021541E+000
  0.19367617E+000  0.27953267E+000  0.35887068E+000  0.59021305E+000
  0.19367523E+000  0.27953340E+000  0.35886648E+000  0.59021076E+000
  0.19367431E+000  0.27953413E+000  0.35886239E+000  0.59020853E+000
  0.19367341E+000  0.27953485E+000  0.35885840E+000  0.59020636E+000
  0.19367253E+000  0.27953557E+000  0.35885451E+000  0.59020425E+000
  0.19367167E+000  0.27953629E+000  0.35885072E+000  0.59020220E+000
  0.19367083E+000  0.27953701E+000  0.35884702E+000  0.59020020E+000
  0.19367001E+000  0.27953772E+000  0.35884342E+000  0.59019826E+000
  0.19366921E+000  0.27953842E+000  0.35883992E+000  0.59019637E+000
  0.19366843E+000  0.27953912E+000  0.35883651E+000  0.59019454E+000
  0.19366767E+000  0.27953981E+000  0.35883318E+000  0.59019275E+000
  0.19366693E+000  0.27954049E+000  0.35882996E+000  0.59019102E+000
  0.19366622E+000  0.27954116E+000  0.35882681E+000  0.59018933E+000
  0.19366552E+000  0.27954183E+000  0.35882376E+000  0.59018769E+000
  0.19366484E+000  0.27954248E+000  0.35882079E+000  0.59018609E+000
  0.19366418E+000  0.27954313E+000  0.35881791E+000  0.59018454E+000
  0.19366354E+000  0.27954376E+000  0.35881511E+000  0.59018303E+000
  0.19366292E+000  0.27954439E+000  0.35881239E+000  0.59018157E+000
  0.19366231E+000  0.27954500E+000  0.35880975E+000  0.59018014E+000
  0.19366173E+000  0.27954561E+000  0.35880719E+000  0.59017875E+000
  0.19366116E+000  0.27954620E+000  0.35880470E+000  0.59017741E+000
  0.19366062E+000  0.27954678E+000  0.35880229E+000  0.59017610E+000
  0.19366008E+000  0.27954735E+000  0.35879995E+000  0.59017483E+000
  0.19365957E+000  0.27954790E+000  0.35879769E+000  0.59017360E+000
  0.19365907E+000  0.27954845E+000  0.35879549E+000  0.59017240E+000
  0.19365859E+000  0.27954898E+000  0.35879336E+000  0.59017123E+000
  0.19365813E+000  0.27954950E+000  0.35879130E+000  0.59017010E+000
  0.19365768E+000  0.27955001E+000  0.35878930E+000  0.59016900E+000
  0.19365725E+000  0.27955051E+000  0.35878737E+000  0.59016794E+000
  0.19365683E+000  0.27955099E+000  0.35878550E+000  0.59016690E+000
  0.19365642E+000  0.27955147E+000  0.35878368E+000  0.59016590E+000
  0.19365603E+000  0.27955193E+000  0.35878193E+000  0.59016493E+000
  0.19365566E+000  0.27955238E+000  0.35878023E+000  0.59016398E+000
  0.19365529E+000  0.27955282E+000  0.35877859E+000  0.59016306E+000
  0.19365494E+000  0.27955324E+000  0.35877701E+000  0.59016218E+000
  0.19365461E+000  0.27955366E+000  0.35877547E+000  0.59016131E+000
  0.19365428E+000  0.27955406E+000  0.35879586E+000  0.59013848E+000
  0.19365397E+000  0.27955446E+000  0.35880484E+000  0.59012720E+000
  0.19365367E+000  0.27955484E+000  0.35881246E+000  0.59011736E+000
  0.19365338E+000  0.27955521E+000  0.35883188E+000  0.59009571E+000
  0.19365310E+000  0.27955557E+000  0.35885399E+000  0.59007144E+000
  0.19365283E+000  0.27955592E+000  0.35887545E+000  0.59004789E+000
  0.19365257E+000  0.27955626E+000  0.35889627E+000  0.59002504E+000
  0.19365232E+000  0.27955659E+000  0.35891646E+000  0.59000289E+000
  0.19365208E+000  0.27955691E+000  0.35893604E+000  0.58998142E+000
  0.19365185E+000  0.27955722E+000  0.35895502E+000  0.58996061E+000
  0.19365163E+000  0.27955752E+000  0.35897342E+000  0.58994044E+000
  0.19365142E+000  0.27955782E+000  0.35899125E+000  0.58992090E+000
  0.19365121E+000  0.27955810E+000  0.35901054E+000  0.58989995E+000
  0.19365102E+000  0.27955837E+000  0.35901101E+000  0.58989798E+000
  0.19365083E+000  0.27955864E+000  0.35901013E+000  0.58989743E+000
  0.19365064E+000  0.27955889E+000  0.35900927E+000  0.58989689E+000
  0.19365047E+000  0.27955914E+000  0.35900845E+000  0.58989637E+000
  0.19365030E+000  0.27955938E+000  0.35900766E+000  0.58989587E+000
  0.19365014E+000  0.27955962E+000  0.35900689E+000  0.58989539E+000
  0.19364999E+000  0.27955984E+000  0.35900616E+000  0.58989492E+000
  0.19364984E+000  0.27956006E+000  0.35900545E+000  0.58989446E+000
  0.19364970E+000  0.27956027E+000  0.35900476E+000  0.58989403E+000
  0.19364956E+000  0.27956048E+000  0.35900410E+000  0.58989360E+000
  0.19364943E+000  0.27956067E+000  0.35900347E+000  0.58989320E+000
  0.19364930E+000  0.27956086E+000  0.35900285E+000  0.58989280E+000
  0.19364918E+000  0.27956105E+000  0.35900226E+000  0.58989242E+000
  0.19364907E+000  0.27956123E+000  0.35900169E+000  0.58989206E+000
  0.19364896E+000  0.27956140E+000  0.35900113E+000  0.58989172E+000
  0.19364885E+000  0.27956156E+000  0.35900058E+000  0.58989139E+000
  0.19364875E+000  0.27956172E+000  0.35900006E+000  0.58989107E+000
  0.19364865E+000  0.27956188E+000  0.35899956E+000  0.58989077E+000
  0.19364856E+000  0.27956203E+000  0.35899907E+000  0.58989047E+000
  0.19364847E+000  0.27956217E+000  0.35899861E+000  0.58989019E+000
  0.19364838E+000  0.27956231E+000  0.35899816E+000  0.58988991E+000
  0.19364830E+000  0.27956245E+000  0.35899773E+000  0.58988965E+000
  0.19364822E+000  0.27956257E+000  0.35899731E+000  0.58988939E+000
  0.19364814E+000  0.27956270E+000  0.35899691E+000  0.58988914E+000
  0.19364807E+000  0.27956282E+000  0.35899652E+000  0.58988890E+000
  0.19364800E+000  0.27956294E+000  0.35899615E+000  0.58988867E+000
  0.19364793E+000  0.27956305E+000  0.35899579E+000  0.58988845E+000
  0.19364787E+000  0.27956316E+000  0.35899544E+000  0.58988824E+000
  0.19364781E+000  0.27956326E+000  0.35899510E+000  0.58988803E+000
  0.19364775E+000  0.27956336E+000  0.35899478E+000  0.58988783E+000
  0.19364769E+000  0.27956346E+000  0.35899447E+000  0.58988764E+000
  0.19364764E+000  0.27956356E+000  0.35899417E+000  0.58988745E+000
  0.19364759E+000  0.27956365E+000  0.35899388E+000  0.58988727E+000
  0.19364754E+000  0.27956373E+000  0.35899359E+000  0.58988709E+000
