 -0.35577155E-001
 -0.35635584E-001
 -0.35681003E-001
 -0.35715791E-001
 -0.35741913E-001
 -0.35761008E-001
 -0.35774424E-001
 -0.35783272E-001
 -0.35788465E-001
 -0.35790748E-001
 -0.35790733E-001
 -0.35788919E-001
 -0.35785711E-001
 -0.35781440E-001
 -0.35776374E-001
 -0.35770730E-001
 -0.35764682E-001
 -0.35758369E-001
 -0.35751903E-001
 -0.35745372E-001
 -0.35738844E-001
 -0.35732374E-001
 -0.35726002E-001
 -0.35719761E-001
 -0.35713673E-001
 -0.35707754E-001
 -0.35702016E-001
 -0.35696464E-001
 -0.35691101E-001
 -0.35685928E-001
 -0.35680944E-001
 -0.35676147E-001
 -0.35671531E-001
 -0.35667094E-001
 -0.35662829E-001
 -0.35658731E-001
 -0.35654794E-001
 -0.35651013E-001
 -0.35647381E-001
 -0.35643895E-001
 -0.35640547E-001
 -0.35637335E-001
 -0.35634253E-001
 -0.35631297E-001
 -0.35628465E-001
 -0.35625751E-001
 -0.35623154E-001
 -0.35620669E-001
 -0.35618295E-001
 -0.35616028E-001
 -0.35613866E-001
 -0.35611806E-001
 -0.35609845E-001
 -0.35607980E-001
 -0.35606208E-001
 -0.35604527E-001
 -0.35602933E-001
 -0.35601424E-001
 -0.35599996E-001
 -0.35598647E-001
 -0.35597374E-001
 -0.35596166E-001
 -0.35594980E-001
 -0.35593843E-001
 -0.35592765E-001
 -0.35591749E-001
 -0.35590795E-001
 -0.35589903E-001
 -0.35589070E-001
 -0.35588295E-001
 -0.35587574E-001
 -0.35586906E-001
 -0.35586288E-001
 -0.35585717E-001
 -0.35585191E-001
 -0.35584707E-001
 -0.35584262E-001
 -0.35583854E-001
 -0.35583479E-001
 -0.35583136E-001
 -0.35582822E-001
 -0.35582534E-001
 -0.35582270E-001
 -0.35582028E-001
 -0.35581807E-001
 -0.35581603E-001
 -0.35581416E-001
 -0.35581243E-001
 -0.35581084E-001
 -0.35580937E-001
 -0.35580801E-001
 -0.35580674E-001
 -0.35580557E-001
 -0.35580447E-001
 -0.35580344E-001
 -0.35580249E-001
 -0.35580159E-001
 -0.35580075E-001
 -0.35579996E-001
 -0.35579922E-001
 -0.35579852E-001
 -0.35579787E-001
 -0.35579725E-001
 -0.35579667E-001
 -0.35579612E-001
 -0.35579560E-001
 -0.35579512E-001
 -0.35579466E-001
 -0.35579422E-001
 -0.35579365E-001
 -0.35579297E-001
 -0.35579228E-001
 -0.35579160E-001
 -0.35579095E-001
 -0.35579031E-001
 -0.35578969E-001
 -0.35578909E-001
 -0.35578852E-001
 -0.35578796E-001
 -0.35578742E-001
 -0.35578689E-001
 -0.35578639E-001
 -0.35578590E-001
 -0.35578543E-001
 -0.35578497E-001
 -0.35578453E-001
 -0.35578411E-001
 -0.35578370E-001
 -0.35578330E-001
 -0.35578291E-001
 -0.35578254E-001
 -0.35578218E-001
 -0.35578184E-001
 -0.35578150E-001
 -0.35578118E-001
 -0.35578087E-001
 -0.35578056E-001
 -0.35578027E-001
 -0.35577999E-001
 -0.35577972E-001
 -0.35577946E-001
 -0.35577921E-001
 -0.35577896E-001
 -0.35577873E-001
 -0.35577850E-001
 -0.35577828E-001
 -0.35577807E-001
 -0.35577787E-001
 -0.35577767E-001
 -0.35577748E-001
 -0.35577730E-001
 -0.35577712E-001
 -0.35577695E-001
 -0.35577678E-001
 -0.35577662E-001
 -0.35577647E-001
 -0.35577632E-001
 -0.35577617E-001
 -0.35577603E-001
 -0.35577589E-001
 -0.35577576E-001
 -0.35577564E-001
 -0.35577551E-001
 -0.35577539E-001
 -0.35577528E-001
 -0.35577516E-001
 -0.35577505E-001
 -0.35577495E-001
 -0.35577485E-001
 -0.35577475E-001
 -0.35577465E-001
 -0.35577455E-001
 -0.35577446E-001
 -0.35577437E-001
 -0.35577429E-001
 -0.35577420E-001
 -0.35577412E-001
 -0.35577404E-001
 -0.35577397E-001
 -0.35577389E-001
 -0.35577382E-001
 -0.35577375E-001
 -0.35577368E-001
 -0.35577361E-001
 -0.35577355E-001
 -0.35577348E-001
 -0.35577342E-001
 -0.35577336E-001
 -0.35577330E-001
 -0.35577324E-001
 -0.35577319E-001
 -0.35577313E-001
 -0.35577308E-001
 -0.35577303E-001
 -0.35577297E-001
 -0.35577292E-001
 -0.35577288E-001
 -0.35577284E-001
 -0.35577281E-001
 -0.35577280E-001
