  0.11519628E+001
  0.11515570E+001
  0.11512467E+001
  0.11509879E+001
  0.11507716E+001
  0.11505907E+001
  0.11504400E+001
  0.11503147E+001
  0.11502110E+001
  0.11501253E+001
  0.11500550E+001
  0.11499975E+001
  0.11499508E+001
  0.11499132E+001
  0.11498833E+001
  0.11498598E+001
  0.11498417E+001
  0.11498282E+001
  0.11498185E+001
  0.11498121E+001
  0.11498083E+001
  0.11498068E+001
  0.11498071E+001
  0.11498090E+001
  0.11498122E+001
  0.11498164E+001
  0.11498215E+001
  0.11498273E+001
  0.11498336E+001
  0.11498404E+001
  0.11498475E+001
  0.11498549E+001
  0.11498624E+001
  0.11498701E+001
  0.11498778E+001
  0.11498855E+001
  0.11498933E+001
  0.11499010E+001
  0.11499087E+001
  0.11499164E+001
  0.11499239E+001
  0.11499314E+001
  0.11499389E+001
  0.11499463E+001
  0.11499536E+001
  0.11499608E+001
  0.11499680E+001
  0.11499751E+001
  0.11499821E+001
  0.11499892E+001
  0.11499961E+001
  0.11500031E+001
  0.11500100E+001
  0.11500169E+001
  0.11500238E+001
  0.11500306E+001
  0.11500375E+001
  0.11500444E+001
  0.11500513E+001
  0.11500581E+001
  0.11500651E+001
  0.11500720E+001
  0.11500789E+001
  0.11500859E+001
  0.11500929E+001
  0.11500999E+001
  0.11501070E+001
  0.11501140E+001
  0.11501211E+001
  0.11501282E+001
  0.11501354E+001
  0.11501425E+001
  0.11501496E+001
  0.11501568E+001
  0.11501639E+001
  0.11501711E+001
  0.11501782E+001
  0.11501853E+001
  0.11501924E+001
  0.11501995E+001
  0.11502065E+001
  0.11502135E+001
  0.11502205E+001
  0.11502275E+001
  0.11502344E+001
  0.11502413E+001
  0.11502481E+001
  0.11502550E+001
  0.11502618E+001
  0.11502685E+001
  0.11502752E+001
  0.11502819E+001
  0.11502885E+001
  0.11502951E+001
  0.11503017E+001
  0.11503082E+001
  0.11503147E+001
  0.11503212E+001
  0.11503276E+001
  0.11503340E+001
  0.11503404E+001
  0.11503467E+001
  0.11503529E+001
  0.11503592E+001
  0.11503654E+001
  0.11503715E+001
  0.11503776E+001
  0.11503837E+001
  0.11503898E+001
  0.11503958E+001
  0.11504018E+001
  0.11504077E+001
  0.11504136E+001
  0.11504195E+001
  0.11504253E+001
  0.11504311E+001
  0.11504369E+001
  0.11504426E+001
  0.11504483E+001
  0.11504540E+001
  0.11504596E+001
  0.11504652E+001
  0.11504708E+001
  0.11504763E+001
  0.11504818E+001
  0.11504872E+001
  0.11504926E+001
  0.11504980E+001
  0.11505033E+001
  0.11505086E+001
  0.11505139E+001
  0.11505191E+001
  0.11505243E+001
  0.11505294E+001
  0.11505345E+001
  0.11505395E+001
  0.11505445E+001
  0.11505495E+001
  0.11505544E+001
  0.11505592E+001
  0.11505640E+001
  0.11505687E+001
  0.11505734E+001
  0.11505781E+001
  0.11505826E+001
  0.11505871E+001
  0.11505916E+001
  0.11505960E+001
  0.11506003E+001
  0.11506046E+001
  0.11506088E+001
  0.11506130E+001
  0.11506171E+001
  0.11506211E+001
  0.11506251E+001
  0.11506290E+001
  0.11506328E+001
  0.11506366E+001
  0.11506403E+001
  0.11506439E+001
  0.11506475E+001
  0.11506510E+001
  0.11506545E+001
  0.11506578E+001
  0.11506611E+001
  0.11506644E+001
  0.11506676E+001
  0.11506707E+001
  0.11506737E+001
  0.11506767E+001
  0.11506796E+001
  0.11506825E+001
  0.11506852E+001
  0.11506879E+001
  0.11506906E+001
  0.11506932E+001
  0.11506957E+001
  0.11506982E+001
  0.11507006E+001
  0.11507029E+001
  0.11507052E+001
  0.11507074E+001
  0.11507096E+001
  0.11507117E+001
  0.11507138E+001
  0.11507157E+001
  0.11507177E+001
  0.11507196E+001
  0.11507214E+001
  0.11507232E+001
  0.11507249E+001
  0.11507266E+001
  0.11507282E+001
  0.11507298E+001
  0.11507313E+001
  0.11507328E+001
  0.11507342E+001
  0.11507356E+001
  0.11507369E+001
  0.11507382E+001
