  0.25653366E+001
  0.26000660E+001
  0.26133051E+001
  0.26187909E+001
  0.26200200E+001
  0.26185849E+001
  0.26154905E+001
  0.26114454E+001
  0.26069553E+001
  0.26023675E+001
  0.25979084E+001
  0.25937162E+001
  0.25898662E+001
  0.25863906E+001
  0.25832929E+001
  0.25805569E+001
  0.25781510E+001
  0.25760528E+001
  0.25742328E+001
  0.25726595E+001
  0.25713027E+001
  0.25701339E+001
  0.25691275E+001
  0.25682603E+001
  0.25675119E+001
  0.25668644E+001
  0.25663021E+001
  0.25658116E+001
  0.25653814E+001
  0.25650015E+001
  0.25646637E+001
  0.25643608E+001
  0.25640869E+001
  0.25638372E+001
  0.25636076E+001
  0.25633949E+001
  0.25631963E+001
  0.25630098E+001
  0.25628336E+001
  0.25626664E+001
  0.25625072E+001
  0.25623552E+001
  0.25622098E+001
  0.25620706E+001
  0.25619372E+001
  0.25618093E+001
  0.25616867E+001
  0.25615693E+001
  0.25614569E+001
  0.25613494E+001
  0.25612466E+001
  0.25611485E+001
  0.25610550E+001
  0.25609659E+001
  0.25608813E+001
  0.25608009E+001
  0.25607249E+001
  0.25606530E+001
  0.25605854E+001
  0.25605218E+001
  0.25604623E+001
  0.25604069E+001
  0.25603555E+001
  0.25603081E+001
  0.25602646E+001
  0.25602250E+001
  0.25601892E+001
  0.25601573E+001
  0.25601290E+001
  0.25601044E+001
  0.25600833E+001
  0.25600656E+001
  0.25600512E+001
  0.25600401E+001
  0.25600320E+001
  0.25600268E+001
  0.25600244E+001
  0.25600247E+001
  0.25600274E+001
  0.25600325E+001
  0.25600398E+001
  0.25600491E+001
  0.25600603E+001
  0.25600732E+001
  0.25600877E+001
  0.25601036E+001
  0.25601209E+001
  0.25601394E+001
  0.25601589E+001
  0.25601794E+001
  0.25602008E+001
  0.25602229E+001
  0.25602456E+001
  0.25602688E+001
  0.25602926E+001
  0.25603167E+001
  0.25603411E+001
  0.25603657E+001
  0.25603905E+001
  0.25604155E+001
  0.25604405E+001
  0.25604655E+001
  0.25604905E+001
  0.25605154E+001
  0.25605402E+001
  0.25605649E+001
  0.25605894E+001
  0.25606138E+001
  0.25606379E+001
  0.25606619E+001
  0.25606855E+001
  0.25607090E+001
  0.25607321E+001
  0.25607550E+001
  0.25607776E+001
  0.25607999E+001
  0.25608219E+001
  0.25608436E+001
  0.25608650E+001
  0.25608861E+001
  0.25609068E+001
  0.25609272E+001
  0.25609473E+001
  0.25609671E+001
  0.25609866E+001
  0.25610057E+001
  0.25610245E+001
  0.25610430E+001
  0.25610612E+001
  0.25610790E+001
  0.25610965E+001
  0.25611137E+001
  0.25611306E+001
  0.25611471E+001
  0.25611634E+001
  0.25611793E+001
  0.25611949E+001
  0.25612102E+001
  0.25612252E+001
  0.25612399E+001
  0.25612542E+001
  0.25612683E+001
  0.25612821E+001
  0.25612955E+001
  0.25613087E+001
  0.25613216E+001
  0.25613342E+001
  0.25613466E+001
  0.25613586E+001
  0.25613704E+001
  0.25613819E+001
  0.25613931E+001
  0.25614041E+001
  0.25614148E+001
  0.25614253E+001
  0.25614355E+001
  0.25614454E+001
  0.25614551E+001
  0.25614646E+001
  0.25614738E+001
  0.25614828E+001
  0.25614916E+001
  0.25615001E+001
  0.25615085E+001
  0.25615166E+001
  0.25615245E+001
  0.25615322E+001
  0.25615397E+001
  0.25615469E+001
  0.25615540E+001
  0.25615609E+001
  0.25615676E+001
  0.25615741E+001
  0.25615805E+001
  0.25615866E+001
  0.25615926E+001
  0.25615985E+001
  0.25616041E+001
  0.25616096E+001
  0.25616149E+001
  0.25616201E+001
  0.25616251E+001
  0.25616300E+001
  0.25616347E+001
  0.25616393E+001
  0.25616437E+001
  0.25616480E+001
  0.25616522E+001
  0.25616562E+001
  0.25616601E+001
  0.25616639E+001
  0.25616676E+001
  0.25616711E+001
  0.25616745E+001
  0.25616778E+001
  0.25616810E+001
  0.25616840E+001
  0.25616870E+001
  0.25616898E+001
  0.25616926E+001
