  0.65647209E+000
  0.65632151E+000
  0.65617002E+000
  0.65601870E+000
  0.65587100E+000
  0.65572981E+000
  0.65559700E+000
  0.65547359E+000
  0.65535983E+000
  0.65525558E+000
  0.65516040E+000
  0.65507375E+000
  0.65499498E+000
  0.65492344E+000
  0.65485852E+000
  0.65479962E+000
  0.65474620E+000
  0.65469778E+000
  0.65465390E+000
  0.65461417E+000
  0.65457823E+000
  0.65454575E+000
  0.65451644E+000
  0.65449005E+000
  0.65446634E+000
  0.65444508E+000
  0.65442609E+000
  0.65440918E+000
  0.65439418E+000
  0.65438095E+000
  0.65436933E+000
  0.65435919E+000
  0.65435042E+000
  0.65434289E+000
  0.65433649E+000
  0.65433114E+000
  0.65432672E+000
  0.65432317E+000
  0.65432041E+000
  0.65431836E+000
  0.65431697E+000
  0.65431619E+000
  0.65431596E+000
  0.65431625E+000
  0.65431702E+000
  0.65431825E+000
  0.65431990E+000
  0.65432196E+000
  0.65432441E+000
  0.65432724E+000
  0.65433043E+000
  0.65433397E+000
  0.65433785E+000
  0.65434207E+000
  0.65434660E+000
  0.65435144E+000
  0.65435658E+000
  0.65436200E+000
  0.65436769E+000
  0.65437363E+000
  0.65437981E+000
  0.65438621E+000
  0.65439280E+000
  0.65439956E+000
  0.65440648E+000
  0.65441354E+000
  0.65442070E+000
  0.65442795E+000
  0.65443526E+000
  0.65444260E+000
  0.65444996E+000
  0.65445729E+000
  0.65446459E+000
  0.65447182E+000
  0.65447896E+000
  0.65448600E+000
  0.65449292E+000
  0.65449971E+000
  0.65450634E+000
  0.65451282E+000
  0.65451913E+000
  0.65452525E+000
  0.65453118E+000
  0.65453690E+000
  0.65454240E+000
  0.65454769E+000
  0.65455275E+000
  0.65455759E+000
  0.65456221E+000
  0.65456660E+000
  0.65457077E+000
  0.65457473E+000
  0.65457847E+000
  0.65458201E+000
  0.65458535E+000
  0.65458849E+000
  0.65459154E+000
  0.65459454E+000
  0.65459742E+000
  0.65460015E+000
  0.65460271E+000
  0.65460511E+000
  0.65460735E+000
  0.65460944E+000
  0.65461138E+000
  0.65461319E+000
  0.65461488E+000
  0.65461645E+000
  0.65461791E+000
  0.65461928E+000
  0.65462055E+000
  0.65462174E+000
  0.65462286E+000
  0.65462391E+000
  0.65462490E+000
  0.65462583E+000
  0.65462671E+000
  0.65462754E+000
  0.65462833E+000
  0.65462908E+000
  0.65462979E+000
  0.65463047E+000
  0.65463112E+000
  0.65463174E+000
  0.65463234E+000
  0.65463291E+000
  0.65463346E+000
  0.65463399E+000
  0.65463450E+000
  0.65463498E+000
  0.65463545E+000
  0.65463590E+000
  0.65463633E+000
  0.65463674E+000
  0.65463713E+000
  0.65463751E+000
  0.65463787E+000
  0.65463821E+000
  0.65463854E+000
  0.65463885E+000
  0.65463915E+000
  0.65463942E+000
  0.65463969E+000
  0.65463994E+000
  0.65464017E+000
  0.65464039E+000
  0.65464060E+000
  0.65464079E+000
  0.65464097E+000
  0.65464114E+000
  0.65464130E+000
  0.65464144E+000
  0.65464158E+000
  0.65464170E+000
  0.65464181E+000
  0.65464191E+000
  0.65464201E+000
  0.65464209E+000
  0.65464216E+000
  0.65464223E+000
  0.65464229E+000
  0.65464234E+000
  0.65464239E+000
  0.65464242E+000
  0.65464246E+000
  0.65464248E+000
  0.65464250E+000
  0.65464252E+000
  0.65464253E+000
  0.65464254E+000
  0.65464254E+000
  0.65464254E+000
  0.65464253E+000
  0.65464252E+000
  0.65464251E+000
  0.65464250E+000
  0.65464248E+000
  0.65464246E+000
  0.65464244E+000
  0.65464241E+000
  0.65464239E+000
  0.65464236E+000
  0.65464233E+000
  0.65464230E+000
  0.65464227E+000
  0.65464224E+000
  0.65464220E+000
  0.65464217E+000
  0.65464214E+000
  0.65464210E+000
  0.65464207E+000
  0.65464203E+000
  0.65464199E+000
  0.65464196E+000
  0.65464192E+000
  0.65464188E+000
  0.65464185E+000
  0.65464181E+000
  0.65464178E+000
  0.65464173E+000
