  0.77247908E+000  0.79869403E+000  0.96568162E+000  0.20566318E+001
  0.77247931E+000  0.79912636E+000  0.96491748E+000  0.20553728E+001
  0.77240401E+000  0.79935423E+000  0.96448438E+000  0.20543481E+001
  0.77230137E+000  0.79946199E+000  0.96424315E+000  0.20534875E+001
  0.77219659E+000  0.79950206E+000  0.96410978E+000  0.20527797E+001
  0.77210175E+000  0.79950551E+000  0.96403543E+000  0.20522009E+001
  0.77202136E+000  0.79948977E+000  0.96399313E+000  0.20517297E+001
  0.77195600E+000  0.79946421E+000  0.96396858E+000  0.20513481E+001
  0.77190444E+000  0.79943373E+000  0.96395447E+000  0.20510412E+001
  0.77186474E+000  0.79940088E+000  0.96394713E+000  0.20507969E+001
  0.77183489E+000  0.79936701E+000  0.96394471E+000  0.20506049E+001
  0.77181301E+000  0.79933287E+000  0.96394621E+000  0.20504569E+001
  0.77179751E+000  0.79929890E+000  0.96395105E+000  0.20503461E+001
  0.77178704E+000  0.79926542E+000  0.96395880E+000  0.20502653E+001
  0.77178050E+000  0.79923262E+000  0.96396914E+000  0.20502097E+001
  0.77177700E+000  0.79920068E+000  0.96398174E+000  0.20501749E+001
  0.77177582E+000  0.79916971E+000  0.96399632E+000  0.20501574E+001
  0.77177637E+000  0.79913979E+000  0.96401259E+000  0.20501543E+001
  0.77177821E+000  0.79911099E+000  0.96403027E+000  0.20501631E+001
  0.77178095E+000  0.79908336E+000  0.96404912E+000  0.20501817E+001
  0.77178431E+000  0.79905691E+000  0.96406888E+000  0.20502086E+001
  0.77178806E+000  0.79903166E+000  0.96408932E+000  0.20502423E+001
  0.77179201E+000  0.79900760E+000  0.96411024E+000  0.20502816E+001
  0.77179602E+000  0.79898473E+000  0.96413142E+000  0.20503255E+001
  0.77179997E+000  0.79896302E+000  0.96415269E+000  0.20503732E+001
  0.77180379E+000  0.79894246E+000  0.96417388E+000  0.20504242E+001
  0.77180741E+000  0.79892301E+000  0.96419484E+000  0.20504777E+001
  0.77181079E+000  0.79890465E+000  0.96421543E+000  0.20505334E+001
  0.77181389E+000  0.79888734E+000  0.96423553E+000  0.20505909E+001
  0.77181669E+000  0.79887106E+000  0.96425503E+000  0.20506499E+001
  0.77181919E+000  0.79885576E+000  0.96427385E+000  0.20507100E+001
  0.77182138E+000  0.79884141E+000  0.96429191E+000  0.20507710E+001
  0.77182326E+000  0.79882797E+000  0.96430914E+000  0.20508329E+001
  0.77182484E+000  0.79881541E+000  0.96432549E+000  0.20508953E+001
  0.77182614E+000  0.79880370E+000  0.96434092E+000  0.20509583E+001
  0.77182717E+000  0.79879279E+000  0.96435542E+000  0.20510215E+001
  0.77182796E+000  0.79878266E+000  0.96436896E+000  0.20510850E+001
  0.77182851E+000  0.79877327E+000  0.96438155E+000  0.20511487E+001
  0.77182885E+000  0.79876458E+000  0.96439320E+000  0.20512124E+001
  0.77182900E+000  0.79875656E+000  0.96440392E+000  0.20512761E+001
  0.77182899E+000  0.79874918E+000  0.96441374E+000  0.20513397E+001
  0.77182883E+000  0.79874239E+000  0.96442270E+000  0.20514032E+001
  0.77182854E+000  0.79873618E+000  0.96443083E+000  0.20514664E+001
  0.77182816E+000  0.79873050E+000  0.96443818E+000  0.20515293E+001
  0.77182768E+000  0.79872532E+000  0.96444480E+000  0.20515919E+001
  0.77182715E+000  0.79872062E+000  0.96445073E+000  0.20516541E+001
  0.77182656E+000  0.79871635E+000  0.96445604E+000  0.20517158E+001
  0.77182593E+000  0.79871249E+000  0.96446078E+000  0.20517769E+001
  0.77182529E+000  0.79870901E+000  0.96446499E+000  0.20518374E+001
  0.77182464E+000  0.79870587E+000  0.96446875E+000  0.20518971E+001
  0.77182399E+000  0.79870306E+000  0.96447208E+000  0.20519561E+001
  0.77182334E+000  0.79870055E+000  0.96447505E+000  0.20520143E+001
  0.77182272E+000  0.79869830E+000  0.96447770E+000  0.20520716E+001
  0.77182212E+000  0.79869630E+000  0.96448007E+000  0.20521278E+001
  0.77182155E+000  0.79869452E+000  0.96448220E+000  0.20521830E+001
  0.77182100E+000  0.79869293E+000  0.96448413E+000  0.20522372E+001
  0.77182049E+000  0.79869153E+000  0.96448588E+000  0.20522901E+001
  0.77182002E+000  0.79869029E+000  0.96448749E+000  0.20523418E+001
  0.77181958E+000  0.79868920E+000  0.96448897E+000  0.20523922E+001
  0.77181918E+000  0.79868823E+000  0.96449034E+000  0.20524413E+001
  0.77181881E+000  0.79868738E+000  0.96449162E+000  0.20524890E+001
  0.77181848E+000  0.79868663E+000  0.96449282E+000  0.20525353E+001
  0.77181817E+000  0.79868598E+000  0.96449396E+000  0.20525802E+001
  0.77181790E+000  0.79868540E+000  0.96449502E+000  0.20526236E+001
  0.77181765E+000  0.79868490E+000  0.96449604E+000  0.20526655E+001
  0.77181744E+000  0.79868446E+000  0.96449699E+000  0.20527058E+001
  0.77181724E+000  0.79868408E+000  0.96449790E+000  0.20527447E+001
  0.77181707E+000  0.79868374E+000  0.96449875E+000  0.20527820E+001
  0.77181692E+000  0.79868345E+000  0.96449956E+000  0.20528179E+001
  0.77181678E+000  0.79868321E+000  0.96450031E+000  0.20528522E+001
  0.77181666E+000  0.79868299E+000  0.96450102E+000  0.20528850E+001
  0.77181656E+000  0.79868281E+000  0.96450168E+000  0.20529163E+001
  0.77181646E+000  0.79868265E+000  0.96450230E+000  0.20529462E+001
  0.77181638E+000  0.79868252E+000  0.96450286E+000  0.20529747E+001
  0.77181631E+000  0.79868242E+000  0.96450339E+000  0.20530018E+001
  0.77181625E+000  0.79868233E+000  0.96450387E+000  0.20530275E+001
  0.77181620E+000  0.79868225E+000  0.96450430E+000  0.20530520E+001
  0.77181615E+000  0.79868220E+000  0.96450470E+000  0.20530752E+001
  0.77181611E+000  0.79868215E+000  0.96450506E+000  0.20530972E+001
  0.77181607E+000  0.79868212E+000  0.96450538E+000  0.20531180E+001
  0.77181604E+000  0.79868209E+000  0.96450567E+000  0.20531378E+001
  0.77181602E+000  0.79868208E+000  0.96450593E+000  0.20531565E+001
  0.77181599E+000  0.79868207E+000  0.96450615E+000  0.20531743E+001
  0.77181598E+000  0.79868207E+000  0.96450636E+000  0.20531911E+001
  0.77181596E+000  0.79868208E+000  0.96450653E+000  0.20532071E+001
  0.77181595E+000  0.79868208E+000  0.96450669E+000  0.20532223E+001
  0.77181594E+000  0.79868210E+000  0.96450682E+000  0.20532367E+001
  0.77181593E+000  0.79868211E+000  0.96450694E+000  0.20532504E+001
  0.77181592E+000  0.79868213E+000  0.96450704E+000  0.20532635E+001
  0.77181591E+000  0.79868215E+000  0.96450713E+000  0.20532760E+001
  0.77181591E+000  0.79868217E+000  0.96450720E+000  0.20532879E+001
  0.77181591E+000  0.79868219E+000  0.96450727E+000  0.20532994E+001
  0.77181591E+000  0.79868222E+000  0.96450733E+000  0.20533104E+001
  0.77181590E+000  0.79868224E+000  0.96450738E+000  0.20533210E+001
  0.77181590E+000  0.79868226E+000  0.96450742E+000  0.20533313E+001
  0.77181591E+000  0.79868229E+000  0.96450746E+000  0.20533413E+001
  0.77181591E+000  0.79868231E+000  0.96450750E+000  0.20533509E+001
  0.77181591E+000  0.79868233E+000  0.96450753E+000  0.20533604E+001
  0.77181591E+000  0.79868236E+000  0.96450757E+000  0.20533696E+001
  0.77181591E+000  0.79868238E+000  0.96450760E+000  0.20533787E+001
  0.77181592E+000  0.79868240E+000  0.96450763E+000  0.20533876E+001
  0.77181592E+000  0.79868242E+000  0.96450766E+000  0.20533964E+001
  0.77181592E+000  0.79868244E+000  0.96450769E+000  0.20534051E+001
  0.77181592E+000  0.79868246E+000  0.96450772E+000  0.20534137E+001
  0.77181593E+000  0.79868248E+000  0.96450775E+000  0.20534223E+001
  0.77181593E+000  0.79868250E+000  0.96450778E+000  0.20534309E+001
  0.77181593E+000  0.79868252E+000  0.96450782E+000  0.20534394E+001
  0.77181594E+000  0.79868253E+000  0.96450785E+000  0.20534479E+001
  0.77181594E+000  0.79868255E+000  0.96450789E+000  0.20534564E+001
  0.77181595E+000  0.79868256E+000  0.96450793E+000  0.20534650E+001
  0.77181595E+000  0.79868257E+000  0.96450797E+000  0.20534736E+001
  0.77181595E+000  0.79868259E+000  0.96450801E+000  0.20534822E+001
  0.77181596E+000  0.79868260E+000  0.96450805E+000  0.20534909E+001
  0.77181596E+000  0.79868261E+000  0.96450810E+000  0.20534996E+001
  0.77181596E+000  0.79868262E+000  0.96450814E+000  0.20535084E+001
  0.77181597E+000  0.79868263E+000  0.96450819E+000  0.20535173E+001
  0.77181597E+000  0.79868264E+000  0.96450823E+000  0.20535262E+001
  0.77181598E+000  0.79868265E+000  0.96450828E+000  0.20535352E+001
  0.77181598E+000  0.79868266E+000  0.96450833E+000  0.20535442E+001
  0.77181598E+000  0.79868267E+000  0.96450838E+000  0.20535534E+001
  0.77181599E+000  0.79868268E+000  0.96450843E+000  0.20535626E+001
  0.77181599E+000  0.79868269E+000  0.96450848E+000  0.20535719E+001
  0.77181600E+000  0.79868270E+000  0.96450853E+000  0.20535812E+001
  0.77181600E+000  0.79868270E+000  0.96450858E+000  0.20535906E+001
  0.77181600E+000  0.79868271E+000  0.96450864E+000  0.20536001E+001
  0.77181601E+000  0.79868272E+000  0.96450869E+000  0.20536096E+001
  0.77181601E+000  0.79868273E+000  0.96450874E+000  0.20536192E+001
  0.77181602E+000  0.79868274E+000  0.96450879E+000  0.20536289E+001
  0.77181602E+000  0.79868275E+000  0.96450884E+000  0.20536386E+001
  0.77181603E+000  0.79868276E+000  0.96450889E+000  0.20536483E+001
  0.77181603E+000  0.79868277E+000  0.96450894E+000  0.20536581E+001
  0.77181603E+000  0.79868278E+000  0.96450899E+000  0.20536679E+001
  0.77181604E+000  0.79868279E+000  0.96450904E+000  0.20536777E+001
  0.77181604E+000  0.79868280E+000  0.96450909E+000  0.20536876E+001
  0.77181605E+000  0.79868281E+000  0.96450913E+000  0.20536975E+001
  0.77181605E+000  0.79868282E+000  0.96450918E+000  0.20537074E+001
  0.77181606E+000  0.79868284E+000  0.96450923E+000  0.20537173E+001
  0.77181606E+000  0.79868285E+000  0.96450927E+000  0.20537272E+001
  0.77181607E+000  0.79868287E+000  0.96450931E+000  0.20537371E+001
  0.77181607E+000  0.79868288E+000  0.96450935E+000  0.20537470E+001
  0.77181608E+000  0.79868290E+000  0.96450940E+000  0.20537569E+001
  0.77181609E+000  0.79868291E+000  0.96450943E+000  0.20537668E+001
  0.77181609E+000  0.79868293E+000  0.96450947E+000  0.20537766E+001
  0.77181610E+000  0.79868295E+000  0.96450951E+000  0.20537864E+001
  0.77181610E+000  0.79868296E+000  0.96450954E+000  0.20537962E+001
  0.77181611E+000  0.79868298E+000  0.96450958E+000  0.20538059E+001
  0.77181611E+000  0.79868300E+000  0.96450961E+000  0.20538156E+001
  0.77181612E+000  0.79868302E+000  0.96450964E+000  0.20538252E+001
  0.77181612E+000  0.79868303E+000  0.96450967E+000  0.20538348E+001
  0.77181613E+000  0.79868305E+000  0.96450970E+000  0.20538442E+001
  0.77181613E+000  0.79868307E+000  0.96450973E+000  0.20538537E+001
  0.77181614E+000  0.79868308E+000  0.96450975E+000  0.20538630E+001
  0.77181614E+000  0.79868310E+000  0.96450978E+000  0.20538722E+001
  0.77181615E+000  0.79868311E+000  0.96450980E+000  0.20538814E+001
  0.77181615E+000  0.79868312E+000  0.96450983E+000  0.20538904E+001
  0.77181616E+000  0.79868314E+000  0.96450985E+000  0.20538994E+001
  0.77181616E+000  0.79868315E+000  0.96450987E+000  0.20539082E+001
  0.77181616E+000  0.79868315E+000  0.96450989E+000  0.20539169E+001
  0.77181616E+000  0.79868316E+000  0.96450991E+000  0.20539255E+001
  0.77181617E+000  0.79868317E+000  0.96450993E+000  0.20539340E+001
  0.77181617E+000  0.79868317E+000  0.96450996E+000  0.20539424E+001
  0.77181617E+000  0.79868317E+000  0.96450998E+000  0.20539506E+001
  0.77181617E+000  0.79868317E+000  0.96451000E+000  0.20539587E+001
  0.77181617E+000  0.79868317E+000  0.96451002E+000  0.20539666E+001
  0.77181617E+000  0.79868317E+000  0.96451004E+000  0.20539744E+001
  0.77181617E+000  0.79868316E+000  0.96451006E+000  0.20539821E+001
  0.77181617E+000  0.79868315E+000  0.96451008E+000  0.20539896E+001
  0.77181617E+000  0.79868314E+000  0.96451010E+000  0.20539970E+001
  0.77181617E+000  0.79868313E+000  0.96451013E+000  0.20540042E+001
  0.77181617E+000  0.79868312E+000  0.96451015E+000  0.20540112E+001
  0.77181616E+000  0.79868310E+000  0.96451017E+000  0.20540181E+001
  0.77181616E+000  0.79868309E+000  0.96451020E+000  0.20540249E+001
  0.77181616E+000  0.79868307E+000  0.96451023E+000  0.20540315E+001
  0.77181616E+000  0.79868305E+000  0.96451025E+000  0.20540379E+001
  0.77181615E+000  0.79868303E+000  0.96451028E+000  0.20540442E+001
  0.77181615E+000  0.79868300E+000  0.96451031E+000  0.20540503E+001
  0.77181614E+000  0.79868298E+000  0.96451034E+000  0.20540562E+001
  0.77181614E+000  0.79868296E+000  0.96451037E+000  0.20540621E+001
  0.77181614E+000  0.79868293E+000  0.96451040E+000  0.20540677E+001
  0.77181613E+000  0.79868291E+000  0.96451043E+000  0.20540732E+001
  0.77181613E+000  0.79868288E+000  0.96451047E+000  0.20540786E+001
  0.77181612E+000  0.79868285E+000  0.96451050E+000  0.20540838E+001
  0.77181612E+000  0.79868283E+000  0.96451053E+000  0.20540888E+001
  0.77181611E+000  0.79868280E+000  0.96451057E+000  0.20540937E+001
  0.77181611E+000  0.79868278E+000  0.96451060E+000  0.20540985E+001
  0.77181610E+000  0.79868275E+000  0.96451064E+000  0.20541031E+001
  0.77181610E+000  0.79868273E+000  0.96451067E+000  0.20541076E+001
  0.77181609E+000  0.79868270E+000  0.96451071E+000  0.20541120E+001
  0.77181609E+000  0.79868268E+000  0.96451074E+000  0.20541162E+001
  0.77181608E+000  0.79868265E+000  0.96451077E+000  0.20541203E+001
  0.77181608E+000  0.79868262E+000  0.96451080E+000  0.20541243E+001
  0.77181607E+000  0.79868260E+000  0.96451083E+000  0.20541282E+001
  0.77181606E+000  0.79868257E+000  0.96451085E+000  0.20541319E+001
  0.77181605E+000  0.79868253E+000  0.96451086E+000  0.20541355E+001
  0.77181603E+000  0.79868248E+000  0.96451087E+000  0.20541391E+001
  0.77181601E+000  0.79868241E+000  0.96451087E+000  0.20541425E+001
  0.77181597E+000  0.79868230E+000  0.96451086E+000  0.20541459E+001
  0.77181592E+000  0.79868213E+000  0.96451086E+000  0.20541491E+001
  0.77181599E+000  0.79868182E+000  0.96451117E+000  0.20541529E+001
  0.77181629E+000  0.79868157E+000  0.96451203E+000  0.20541583E+001
