 -0.32445536E+000
 -0.32448087E+000
 -0.32426061E+000
 -0.32403641E+000
 -0.32383763E+000
 -0.32366554E+000
 -0.32351732E+000
 -0.32338974E+000
 -0.32327984E+000
 -0.32318503E+000
 -0.32310305E+000
 -0.32303195E+000
 -0.32297007E+000
 -0.32291598E+000
 -0.32286846E+000
 -0.32282648E+000
 -0.32278918E+000
 -0.32275581E+000
 -0.32272578E+000
 -0.32269858E+000
 -0.32267377E+000
 -0.32265100E+000
 -0.32262997E+000
 -0.32261041E+000
 -0.32259211E+000
 -0.32257490E+000
 -0.32255861E+000
 -0.32254313E+000
 -0.32252836E+000
 -0.32251422E+000
 -0.32250063E+000
 -0.32248755E+000
 -0.32247495E+000
 -0.32246278E+000
 -0.32245104E+000
 -0.32243970E+000
 -0.32242877E+000
 -0.32241824E+000
 -0.32240810E+000
 -0.32239837E+000
 -0.32238905E+000
 -0.32238014E+000
 -0.32237165E+000
 -0.32236359E+000
 -0.32235597E+000
 -0.32234879E+000
 -0.32234207E+000
 -0.32233581E+000
 -0.32233002E+000
 -0.32232472E+000
 -0.32231990E+000
 -0.32231560E+000
 -0.32231181E+000
 -0.32230855E+000
 -0.32230582E+000
 -0.32230365E+000
 -0.32230204E+000
 -0.32230101E+000
 -0.32230056E+000
 -0.32230070E+000
 -0.32230145E+000
 -0.32230281E+000
 -0.32230478E+000
 -0.32230738E+000
 -0.32231061E+000
 -0.32231447E+000
 -0.32231896E+000
 -0.32232407E+000
 -0.32232979E+000
 -0.32233613E+000
 -0.32234306E+000
 -0.32235057E+000
 -0.32235864E+000
 -0.32236727E+000
 -0.32237643E+000
 -0.32238611E+000
 -0.32239627E+000
 -0.32240691E+000
 -0.32241799E+000
 -0.32242950E+000
 -0.32244140E+000
 -0.32245368E+000
 -0.32246631E+000
 -0.32247926E+000
 -0.32249252E+000
 -0.32250605E+000
 -0.32251983E+000
 -0.32253384E+000
 -0.32254806E+000
 -0.32256246E+000
 -0.32257701E+000
 -0.32259171E+000
 -0.32260652E+000
 -0.32262143E+000
 -0.32263642E+000
 -0.32265147E+000
 -0.32266656E+000
 -0.32268167E+000
 -0.32269680E+000
 -0.32271191E+000
 -0.32272700E+000
 -0.32274206E+000
 -0.32275707E+000
 -0.32277201E+000
 -0.32278689E+000
 -0.32280168E+000
 -0.32281638E+000
 -0.32283098E+000
 -0.32284547E+000
 -0.32285984E+000
 -0.32287408E+000
 -0.32288819E+000
 -0.32290217E+000
 -0.32291600E+000
 -0.32292968E+000
 -0.32294320E+000
 -0.32295657E+000
 -0.32296978E+000
 -0.32298282E+000
 -0.32299569E+000
 -0.32300840E+000
 -0.32302092E+000
 -0.32303328E+000
 -0.32304545E+000
 -0.32305745E+000
 -0.32306926E+000
 -0.32308089E+000
 -0.32309234E+000
 -0.32310361E+000
 -0.32311469E+000
 -0.32312559E+000
 -0.32313630E+000
 -0.32314683E+000
 -0.32315717E+000
 -0.32316733E+000
 -0.32317731E+000
 -0.32318710E+000
 -0.32319671E+000
 -0.32320613E+000
 -0.32321538E+000
 -0.32322445E+000
 -0.32323334E+000
 -0.32324205E+000
 -0.32325058E+000
 -0.32325894E+000
 -0.32326713E+000
 -0.32327515E+000
 -0.32328300E+000
 -0.32329068E+000
 -0.32329819E+000
 -0.32330554E+000
 -0.32331273E+000
 -0.32331975E+000
 -0.32332662E+000
 -0.32333334E+000
 -0.32333989E+000
 -0.32334630E+000
 -0.32335256E+000
 -0.32335867E+000
 -0.32336464E+000
 -0.32337046E+000
 -0.32337614E+000
 -0.32338169E+000
 -0.32338709E+000
 -0.32339237E+000
 -0.32339751E+000
 -0.32340253E+000
 -0.32340741E+000
 -0.32341217E+000
 -0.32341681E+000
 -0.32342133E+000
 -0.32342574E+000
 -0.32343002E+000
 -0.32343420E+000
 -0.32343826E+000
 -0.32344222E+000
 -0.32344606E+000
 -0.32344981E+000
 -0.32345345E+000
 -0.32345699E+000
 -0.32346044E+000
 -0.32346379E+000
 -0.32346704E+000
 -0.32347021E+000
 -0.32347328E+000
 -0.32347627E+000
 -0.32347917E+000
 -0.32348199E+000
 -0.32348473E+000
 -0.32348739E+000
 -0.32348997E+000
 -0.32349247E+000
 -0.32349491E+000
 -0.32349726E+000
 -0.32349955E+000
 -0.32350178E+000
 -0.32350393E+000
 -0.32350602E+000
 -0.32350805E+000
 -0.32351002E+000
