  0.93683469E+000
  0.93708495E+000
  0.93727996E+000
  0.93743916E+000
  0.93757073E+000
  0.93767974E+000
  0.93777003E+000
  0.93784473E+000
  0.93790645E+000
  0.93795738E+000
  0.93799936E+000
  0.93803392E+000
  0.93806235E+000
  0.93808571E+000
  0.93810490E+000
  0.93812064E+000
  0.93813357E+000
  0.93814416E+000
  0.93815282E+000
  0.93815990E+000
  0.93816567E+000
  0.93817037E+000
  0.93817419E+000
  0.93817729E+000
  0.93817982E+000
  0.93818187E+000
  0.93818353E+000
  0.93818489E+000
  0.93818601E+000
  0.93818692E+000
  0.93818767E+000
  0.93818830E+000
  0.93818881E+000
  0.93818925E+000
  0.93818961E+000
  0.93818990E+000
  0.93819015E+000
  0.93819035E+000
  0.93819050E+000
  0.93819062E+000
  0.93819069E+000
  0.93819073E+000
  0.93819073E+000
  0.93819070E+000
  0.93819063E+000
  0.93819053E+000
  0.93819039E+000
  0.93819020E+000
  0.93818997E+000
  0.93818969E+000
  0.93818936E+000
  0.93818897E+000
  0.93818851E+000
  0.93818799E+000
  0.93818738E+000
  0.93818669E+000
  0.93818590E+000
  0.93818502E+000
  0.93818402E+000
  0.93818292E+000
  0.93818169E+000
  0.93818034E+000
  0.93817885E+000
  0.93817723E+000
  0.93817546E+000
  0.93817356E+000
  0.93817151E+000
  0.93816932E+000
  0.93816699E+000
  0.93816452E+000
  0.93816192E+000
  0.93815920E+000
  0.93815635E+000
  0.93815339E+000
  0.93815031E+000
  0.93814713E+000
  0.93814386E+000
  0.93814049E+000
  0.93813705E+000
  0.93813353E+000
  0.93812994E+000
  0.93812629E+000
  0.93812260E+000
  0.93811886E+000
  0.93811508E+000
  0.93811127E+000
  0.93810745E+000
  0.93810360E+000
  0.93809975E+000
  0.93809590E+000
  0.93809204E+000
  0.93808820E+000
  0.93808436E+000
  0.93808055E+000
  0.93807676E+000
  0.93807299E+000
  0.93806926E+000
  0.93806556E+000
  0.93806189E+000
  0.93805827E+000
  0.93805469E+000
  0.93805116E+000
  0.93804767E+000
  0.93804424E+000
  0.93804085E+000
  0.93803752E+000
  0.93803424E+000
  0.93803102E+000
  0.93802785E+000
  0.93802474E+000
  0.93802168E+000
  0.93801868E+000
  0.93801574E+000
  0.93801286E+000
  0.93801003E+000
  0.93800726E+000
  0.93800454E+000
  0.93800188E+000
  0.93799928E+000
  0.93799673E+000
  0.93799423E+000
  0.93799179E+000
  0.93798941E+000
  0.93798707E+000
  0.93798479E+000
  0.93798256E+000
  0.93798038E+000
  0.93797825E+000
  0.93797617E+000
  0.93797414E+000
  0.93797216E+000
  0.93797022E+000
  0.93796833E+000
  0.93796649E+000
  0.93796469E+000
  0.93796294E+000
  0.93796123E+000
  0.93795956E+000
  0.93795794E+000
  0.93795636E+000
  0.93795481E+000
  0.93795331E+000
  0.93795185E+000
  0.93795042E+000
  0.93794903E+000
  0.93794768E+000
  0.93794637E+000
  0.93794509E+000
  0.93794384E+000
  0.93794263E+000
  0.93794145E+000
  0.93794031E+000
  0.93793920E+000
  0.93793812E+000
  0.93793706E+000
  0.93793604E+000
  0.93793505E+000
  0.93793409E+000
  0.93793315E+000
  0.93793224E+000
  0.93793136E+000
  0.93793051E+000
  0.93792967E+000
  0.93792887E+000
  0.93792809E+000
  0.93792733E+000
  0.93792659E+000
  0.93792588E+000
  0.93792519E+000
  0.93792452E+000
  0.93792387E+000
  0.93792324E+000
  0.93792263E+000
  0.93792204E+000
  0.93792146E+000
  0.93792091E+000
  0.93792037E+000
  0.93791985E+000
  0.93791935E+000
  0.93791886E+000
  0.93791839E+000
  0.93791793E+000
  0.93791749E+000
  0.93791706E+000
  0.93791665E+000
  0.93791625E+000
  0.93791586E+000
  0.93791549E+000
  0.93791513E+000
  0.93791478E+000
  0.93791444E+000
  0.93791412E+000
  0.93791380E+000
  0.93791350E+000
  0.93791320E+000
  0.93791292E+000
  0.93791264E+000
  0.93791238E+000
  0.93791212E+000
  0.93791189E+000
