  0.49340188E+000
  0.49357182E+000
  0.49370572E+000
  0.49381621E+000
  0.49390845E+000
  0.49398574E+000
  0.49405062E+000
  0.49410513E+000
  0.49415095E+000
  0.49418952E+000
  0.49422201E+000
  0.49424941E+000
  0.49427255E+000
  0.49429212E+000
  0.49430871E+000
  0.49432279E+000
  0.49433477E+000
  0.49434500E+000
  0.49435376E+000
  0.49436129E+000
  0.49436781E+000
  0.49437347E+000
  0.49437844E+000
  0.49438283E+000
  0.49438675E+000
  0.49439029E+000
  0.49439353E+000
  0.49439653E+000
  0.49439935E+000
  0.49440203E+000
  0.49440462E+000
  0.49440714E+000
  0.49440963E+000
  0.49441211E+000
  0.49441459E+000
  0.49441710E+000
  0.49441965E+000
  0.49442224E+000
  0.49442490E+000
  0.49442762E+000
  0.49443040E+000
  0.49443326E+000
  0.49443619E+000
  0.49443919E+000
  0.49444227E+000
  0.49444542E+000
  0.49444863E+000
  0.49445191E+000
  0.49445524E+000
  0.49445862E+000
  0.49446204E+000
  0.49446550E+000
  0.49446897E+000
  0.49447247E+000
  0.49447596E+000
  0.49447944E+000
  0.49448290E+000
  0.49448632E+000
  0.49448969E+000
  0.49449299E+000
  0.49449622E+000
  0.49449935E+000
  0.49450238E+000
  0.49450528E+000
  0.49450805E+000
  0.49451068E+000
  0.49451314E+000
  0.49451544E+000
  0.49451755E+000
  0.49451948E+000
  0.49452122E+000
  0.49452275E+000
  0.49452408E+000
  0.49452520E+000
  0.49452610E+000
  0.49452677E+000
  0.49452722E+000
  0.49452743E+000
  0.49452741E+000
  0.49452716E+000
  0.49452666E+000
  0.49452593E+000
  0.49452497E+000
  0.49452379E+000
  0.49452238E+000
  0.49452076E+000
  0.49451892E+000
  0.49451688E+000
  0.49451464E+000
  0.49451221E+000
  0.49450960E+000
  0.49450682E+000
  0.49450388E+000
  0.49450079E+000
  0.49449755E+000
  0.49449418E+000
  0.49449068E+000
  0.49448707E+000
  0.49448337E+000
  0.49447958E+000
  0.49447572E+000
  0.49447179E+000
  0.49446781E+000
  0.49446377E+000
  0.49445971E+000
  0.49445561E+000
  0.49445150E+000
  0.49444737E+000
  0.49444325E+000
  0.49443912E+000
  0.49443501E+000
  0.49443092E+000
  0.49442685E+000
  0.49442281E+000
  0.49441880E+000
  0.49441483E+000
  0.49441090E+000
  0.49440702E+000
  0.49440318E+000
  0.49439940E+000
  0.49439567E+000
  0.49439200E+000
  0.49438838E+000
  0.49438482E+000
  0.49438133E+000
  0.49437789E+000
  0.49437451E+000
  0.49437120E+000
  0.49436795E+000
  0.49436476E+000
  0.49436164E+000
  0.49435858E+000
  0.49435558E+000
  0.49435265E+000
  0.49434978E+000
  0.49434697E+000
  0.49434422E+000
  0.49434153E+000
  0.49433890E+000
  0.49433634E+000
  0.49433383E+000
  0.49433138E+000
  0.49432899E+000
  0.49432666E+000
  0.49432438E+000
  0.49432216E+000
  0.49432000E+000
  0.49431788E+000
  0.49431583E+000
  0.49431382E+000
  0.49431187E+000
  0.49430996E+000
  0.49430811E+000
  0.49430630E+000
  0.49430455E+000
  0.49430284E+000
  0.49430117E+000
  0.49429955E+000
  0.49429798E+000
  0.49429645E+000
  0.49429496E+000
  0.49429352E+000
  0.49429211E+000
  0.49429075E+000
  0.49428942E+000
  0.49428814E+000
  0.49428689E+000
  0.49428567E+000
  0.49428450E+000
  0.49428335E+000
  0.49428225E+000
  0.49428117E+000
  0.49428013E+000
  0.49427912E+000
  0.49427814E+000
  0.49427719E+000
  0.49427627E+000
  0.49427538E+000
  0.49427451E+000
  0.49427368E+000
  0.49427287E+000
  0.49427208E+000
  0.49427132E+000
  0.49427059E+000
  0.49426988E+000
  0.49426919E+000
  0.49426852E+000
  0.49426788E+000
  0.49426726E+000
  0.49426666E+000
  0.49426607E+000
  0.49426551E+000
  0.49426497E+000
  0.49426444E+000
  0.49426394E+000
  0.49426345E+000
  0.49426297E+000
  0.49426251E+000
  0.49426207E+000
  0.49426165E+000
