  0.15248106E+001
  0.15289234E+001
  0.15324098E+001
  0.15353631E+001
  0.15378648E+001
  0.15399841E+001
  0.15417796E+001
  0.15433009E+001
  0.15445899E+001
  0.15456821E+001
  0.15466074E+001
  0.15473913E+001
  0.15480551E+001
  0.15486167E+001
  0.15490916E+001
  0.15494928E+001
  0.15498312E+001
  0.15501161E+001
  0.15503555E+001
  0.15505561E+001
  0.15507237E+001
  0.15508632E+001
  0.15509787E+001
  0.15510739E+001
  0.15511518E+001
  0.15512150E+001
  0.15512659E+001
  0.15513064E+001
  0.15513381E+001
  0.15513625E+001
  0.15513808E+001
  0.15513941E+001
  0.15514034E+001
  0.15514094E+001
  0.15514127E+001
  0.15514140E+001
  0.15514137E+001
  0.15514122E+001
  0.15514098E+001
  0.15514068E+001
  0.15514034E+001
  0.15513998E+001
  0.15513961E+001
  0.15513924E+001
  0.15513888E+001
  0.15513854E+001
  0.15513821E+001
  0.15513790E+001
  0.15513761E+001
  0.15513734E+001
  0.15513709E+001
  0.15513687E+001
  0.15513666E+001
  0.15513646E+001
  0.15513629E+001
  0.15513612E+001
  0.15513597E+001
  0.15513584E+001
  0.15513571E+001
  0.15513559E+001
  0.15513547E+001
  0.15513536E+001
  0.15513526E+001
  0.15513517E+001
  0.15513507E+001
  0.15513498E+001
  0.15513490E+001
  0.15513481E+001
  0.15513473E+001
  0.15513465E+001
  0.15513457E+001
  0.15513450E+001
  0.15513443E+001
  0.15513436E+001
  0.15513429E+001
  0.15513422E+001
  0.15513416E+001
  0.15513410E+001
  0.15513404E+001
  0.15513398E+001
  0.15513393E+001
  0.15513388E+001
  0.15513384E+001
  0.15513379E+001
  0.15513376E+001
  0.15513372E+001
  0.15513369E+001
  0.15513366E+001
  0.15513364E+001
  0.15513362E+001
  0.15513361E+001
  0.15513360E+001
  0.15513360E+001
  0.15513360E+001
  0.15513361E+001
  0.15513362E+001
  0.15513364E+001
  0.15513367E+001
  0.15513371E+001
  0.15513375E+001
  0.15513380E+001
  0.15513386E+001
  0.15513393E+001
  0.15513401E+001
  0.15513409E+001
  0.15513419E+001
  0.15513430E+001
  0.15513442E+001
  0.15513455E+001
  0.15513470E+001
  0.15513485E+001
  0.15513502E+001
  0.15513520E+001
  0.15513540E+001
  0.15513561E+001
  0.15513583E+001
  0.15513606E+001
  0.15513631E+001
  0.15513658E+001
  0.15513686E+001
  0.15513715E+001
  0.15513746E+001
  0.15513778E+001
  0.15513812E+001
  0.15513848E+001
  0.15513885E+001
  0.15513923E+001
  0.15513964E+001
  0.15514005E+001
  0.15514048E+001
  0.15514092E+001
  0.15514138E+001
  0.15514184E+001
  0.15514232E+001
  0.15514280E+001
  0.15514328E+001
  0.15514377E+001
  0.15514426E+001
  0.15514474E+001
  0.15514523E+001
  0.15514570E+001
  0.15514617E+001
  0.15514663E+001
  0.15514707E+001
  0.15514751E+001
  0.15514792E+001
  0.15514833E+001
  0.15514871E+001
  0.15514908E+001
  0.15514943E+001
  0.15514975E+001
  0.15515007E+001
  0.15515036E+001
  0.15515063E+001
  0.15515089E+001
  0.15515113E+001
  0.15515135E+001
  0.15515156E+001
  0.15515175E+001
  0.15515193E+001
  0.15515210E+001
  0.15515225E+001
  0.15515240E+001
  0.15515253E+001
  0.15515265E+001
  0.15515276E+001
  0.15515287E+001
  0.15515297E+001
  0.15515306E+001
  0.15515314E+001
  0.15515322E+001
  0.15515330E+001
  0.15515337E+001
  0.15515343E+001
  0.15515350E+001
  0.15515355E+001
  0.15515361E+001
  0.15515366E+001
  0.15515371E+001
  0.15515375E+001
  0.15515379E+001
  0.15515383E+001
  0.15515387E+001
  0.15515391E+001
  0.15515394E+001
  0.15515397E+001
  0.15515400E+001
  0.15515403E+001
  0.15515405E+001
  0.15515407E+001
  0.15515410E+001
  0.15515411E+001
  0.15515413E+001
  0.15515415E+001
  0.15515416E+001
  0.15515416E+001
  0.15515415E+001
  0.15515407E+001
  0.15515356E+001
  0.15515298E+001
