 -0.12998848E+000  0.29496008E-001  0.40488921E+001  0.50993233E+002
 -0.13021298E+000  0.29242939E-001  0.40452564E+001  0.50960925E+002
 -0.13038929E+000  0.29055374E-001  0.40422431E+001  0.50933521E+002
 -0.13052594E+000  0.28918799E-001  0.40398031E+001  0.50910347E+002
 -0.13062995E+000  0.28821786E-001  0.40378159E+001  0.50890796E+002
 -0.13070716E+000  0.28755300E-001  0.40361939E+001  0.50874324E+002
 -0.13076248E+000  0.28712322E-001  0.40348787E+001  0.50860450E+002
 -0.13079996E+000  0.28687380E-001  0.40338208E+001  0.50848771E+002
 -0.13082301E+000  0.28676198E-001  0.40329785E+001  0.50838944E+002
 -0.13083442E+000  0.28675445E-001  0.40323169E+001  0.50830680E+002
 -0.13083654E+000  0.28682525E-001  0.40318063E+001  0.50823734E+002
 -0.13083129E+000  0.28695419E-001  0.40314221E+001  0.50817903E+002
 -0.13082026E+000  0.28712561E-001  0.40311434E+001  0.50813013E+002
 -0.13080475E+000  0.28732737E-001  0.40309539E+001  0.50808916E+002
 -0.13078584E+000  0.28755010E-001  0.40308376E+001  0.50805490E+002
 -0.13076439E+000  0.28778659E-001  0.40307822E+001  0.50802632E+002
 -0.13074113E+000  0.28803132E-001  0.40307774E+001  0.50800254E+002
 -0.13071661E+000  0.28828011E-001  0.40308146E+001  0.50798282E+002
 -0.13069132E+000  0.28852979E-001  0.40308864E+001  0.50796652E+002
 -0.13066562E+000  0.28877800E-001  0.40309870E+001  0.50795313E+002
 -0.13063981E+000  0.28902302E-001  0.40311112E+001  0.50794220E+002
 -0.13061412E+000  0.28926358E-001  0.40312547E+001  0.50793336E+002
 -0.13058872E+000  0.28949881E-001  0.40314139E+001  0.50792629E+002
 -0.13056377E+000  0.28972810E-001  0.40315859E+001  0.50792072E+002
 -0.13053937E+000  0.28995108E-001  0.40317681E+001  0.50791644E+002
 -0.13051559E+000  0.29016753E-001  0.40319583E+001  0.50791325E+002
 -0.13049249E+000  0.29037737E-001  0.40321548E+001  0.50791099E+002
 -0.13047011E+000  0.29058061E-001  0.40323560E+001  0.50790953E+002
 -0.13044846E+000  0.29077730E-001  0.40325606E+001  0.50790877E+002
 -0.13042755E+000  0.29096756E-001  0.40327676E+001  0.50790861E+002
 -0.13040738E+000  0.29115153E-001  0.40329760E+001  0.50790897E+002
 -0.13038794E+000  0.29132932E-001  0.40331850E+001  0.50790981E+002
 -0.13036923E+000  0.29150065E-001  0.40333941E+001  0.50791107E+002
 -0.13035123E+000  0.29166560E-001  0.40336025E+001  0.50791272E+002
 -0.13033391E+000  0.29182438E-001  0.40338098E+001  0.50791472E+002
 -0.13031727E+000  0.29197716E-001  0.40340155E+001  0.50791705E+002
 -0.13030127E+000  0.29212406E-001  0.40342194E+001  0.50791968E+002
 -0.13028590E+000  0.29226520E-001  0.40344209E+001  0.50792261E+002
 -0.13027113E+000  0.29240067E-001  0.40346200E+001  0.50792583E+002
 -0.13025693E+000  0.29253051E-001  0.40348167E+001  0.50792932E+002
 -0.13024329E+000  0.29265478E-001  0.40350106E+001  0.50793308E+002
 -0.13023019E+000  0.29277351E-001  0.40352015E+001  0.50793711E+002
 -0.13021760E+000  0.29288671E-001  0.40353893E+001  0.50794141E+002
 -0.13020552E+000  0.29299440E-001  0.40355739E+001  0.50794598E+002
 -0.13019392E+000  0.29309660E-001  0.40357554E+001  0.50795082E+002
 -0.13018278E+000  0.29319335E-001  0.40359338E+001  0.50795594E+002
 -0.13017211E+000  0.29328467E-001  0.40361092E+001  0.50796133E+002
 -0.13016188E+000  0.29337064E-001  0.40362816E+001  0.50796701E+002
 -0.13015208E+000  0.29345134E-001  0.40364513E+001  0.50797297E+002
 -0.13014270E+000  0.29352687E-001  0.40366183E+001  0.50797922E+002
 -0.13013373E+000  0.29359737E-001  0.40367830E+001  0.50798577E+002
 -0.13012517E+000  0.29366300E-001  0.40369454E+001  0.50799261E+002
 -0.13011700E+000  0.29372394E-001  0.40371059E+001  0.50799976E+002
 -0.13010921E+000  0.29378041E-001  0.40372647E+001  0.50800722E+002
 -0.13010180E+000  0.29383263E-001  0.40374221E+001  0.50801499E+002
 -0.13009475E+000  0.29388087E-001  0.40375782E+001  0.50802307E+002
 -0.13008806E+000  0.29392538E-001  0.40377334E+001  0.50803147E+002
 -0.13008172E+000  0.29396645E-001  0.40378879E+001  0.50804019E+002
 -0.13007571E+000  0.29400434E-001  0.40380420E+001  0.50804924E+002
 -0.13007003E+000  0.29403934E-001  0.40381958E+001  0.50805861E+002
 -0.13006467E+000  0.29407171E-001  0.40383495E+001  0.50806831E+002
 -0.13005961E+000  0.29410173E-001  0.40385032E+001  0.50807834E+002
 -0.13005486E+000  0.29412964E-001  0.40386572E+001  0.50808869E+002
 -0.13005038E+000  0.29415568E-001  0.40388115E+001  0.50809936E+002
 -0.13004619E+000  0.29418006E-001  0.40389662E+001  0.50811036E+002
 -0.13004208E+000  0.29420300E-001  0.40391213E+001  0.50812167E+002
 -0.13003811E+000  0.29422467E-001  0.40392769E+001  0.50813329E+002
 -0.13003436E+000  0.29424525E-001  0.40394329E+001  0.50814522E+002
 -0.13003084E+000  0.29426489E-001  0.40395893E+001  0.50815744E+002
 -0.13002758E+000  0.29428371E-001  0.40397461E+001  0.50816996E+002
 -0.13002455E+000  0.29430182E-001  0.40399033E+001  0.50818275E+002
 -0.13002175E+000  0.29431932E-001  0.40400606E+001  0.50819582E+002
 -0.13001918E+000  0.29433629E-001  0.40402181E+001  0.50820915E+002
 -0.13001681E+000  0.29435280E-001  0.40403756E+001  0.50822273E+002
 -0.13001465E+000  0.29436891E-001  0.40405329E+001  0.50823655E+002
 -0.13001267E+000  0.29438469E-001  0.40406900E+001  0.50825059E+002
 -0.13001087E+000  0.29440016E-001  0.40408468E+001  0.50826485E+002
 -0.13000923E+000  0.29441537E-001  0.40410030E+001  0.50827931E+002
 -0.13000774E+000  0.29443036E-001  0.40411586E+001  0.50829395E+002
 -0.13000640E+000  0.29444516E-001  0.40413134E+001  0.50830878E+002
 -0.13000518E+000  0.29445978E-001  0.40414673E+001  0.50832376E+002
 -0.13000408E+000  0.29447425E-001  0.40416201E+001  0.50833890E+002
 -0.13000308E+000  0.29448858E-001  0.40417718E+001  0.50835418E+002
 -0.13000219E+000  0.29450280E-001  0.40419222E+001  0.50836958E+002
 -0.13000138E+000  0.29451690E-001  0.40420711E+001  0.50838509E+002
 -0.13000065E+000  0.29453090E-001  0.40422186E+001  0.50840070E+002
 -0.13000000E+000  0.29454481E-001  0.40423644E+001  0.50841639E+002
 -0.12999941E+000  0.29455862E-001  0.40425084E+001  0.50843216E+002
 -0.12999888E+000  0.29457234E-001  0.40426506E+001  0.50844800E+002
 -0.12999840E+000  0.29458596E-001  0.40427908E+001  0.50846388E+002
 -0.12999796E+000  0.29459950E-001  0.40429290E+001  0.50847980E+002
 -0.12999757E+000  0.29461293E-001  0.40430650E+001  0.50849575E+002
 -0.12999722E+000  0.29462627E-001  0.40431989E+001  0.50851171E+002
 -0.12999689E+000  0.29463949E-001  0.40433305E+001  0.50852768E+002
 -0.12999660E+000  0.29465261E-001  0.40434597E+001  0.50854364E+002
 -0.12999634E+000  0.29466560E-001  0.40435865E+001  0.50855959E+002
 -0.12999610E+000  0.29467846E-001  0.40437109E+001  0.50857551E+002
 -0.12999588E+000  0.29469119E-001  0.40438328E+001  0.50859139E+002
 -0.12999568E+000  0.29470377E-001  0.40439522E+001  0.50860722E+002
 -0.12999550E+000  0.29471621E-001  0.40440690E+001  0.50862300E+002
 -0.12999533E+000  0.29472848E-001  0.40441832E+001  0.50863871E+002
 -0.12999518E+000  0.29474058E-001  0.40442947E+001  0.50865435E+002
 -0.12999504E+000  0.29475251E-001  0.40444070E+001  0.50866988E+002
 -0.12999491E+000  0.29476426E-001  0.40445166E+001  0.50868531E+002
 -0.12999480E+000  0.29477581E-001  0.40446234E+001  0.50870064E+002
 -0.12999469E+000  0.29478717E-001  0.40447275E+001  0.50871588E+002
 -0.12999459E+000  0.29479833E-001  0.40448289E+001  0.50873099E+002
 -0.12999450E+000  0.29480928E-001  0.40449276E+001  0.50874599E+002
 -0.12999442E+000  0.29482003E-001  0.40450236E+001  0.50876087E+002
 -0.12999434E+000  0.29483055E-001  0.40451169E+001  0.50877561E+002
 -0.12999423E+000  0.29484086E-001  0.40452076E+001  0.50879022E+002
 -0.12999405E+000  0.29485095E-001  0.40452956E+001  0.50880469E+002
 -0.12999386E+000  0.29486082E-001  0.40453811E+001  0.50881900E+002
 -0.12999367E+000  0.29487048E-001  0.40454641E+001  0.50883317E+002
 -0.12999349E+000  0.29487992E-001  0.40455445E+001  0.50884718E+002
 -0.12999331E+000  0.29488913E-001  0.40456225E+001  0.50886103E+002
 -0.12999313E+000  0.29489812E-001  0.40456981E+001  0.50887471E+002
 -0.12999296E+000  0.29490688E-001  0.40457714E+001  0.50888823E+002
 -0.12999280E+000  0.29491542E-001  0.40458423E+001  0.50890158E+002
 -0.12999264E+000  0.29492373E-001  0.40459109E+001  0.50891475E+002
 -0.12999248E+000  0.29493181E-001  0.40459774E+001  0.50892775E+002
 -0.12999233E+000  0.29493967E-001  0.40460416E+001  0.50894057E+002
 -0.12999219E+000  0.29494730E-001  0.40461038E+001  0.50895321E+002
 -0.12999204E+000  0.29495471E-001  0.40461639E+001  0.50896567E+002
 -0.12999191E+000  0.29496190E-001  0.40462219E+001  0.50897794E+002
 -0.12999177E+000  0.29496887E-001  0.40462780E+001  0.50899003E+002
 -0.12999165E+000  0.29497563E-001  0.40463322E+001  0.50900193E+002
 -0.12999152E+000  0.29498217E-001  0.40463846E+001  0.50901364E+002
 -0.12999140E+000  0.29498851E-001  0.40464351E+001  0.50902517E+002
 -0.12999128E+000  0.29499464E-001  0.40464839E+001  0.50903651E+002
 -0.12999117E+000  0.29500057E-001  0.40465309E+001  0.50904765E+002
 -0.12999106E+000  0.29500630E-001  0.40465764E+001  0.50905861E+002
 -0.12999096E+000  0.29501184E-001  0.40466202E+001  0.50906938E+002
 -0.12999086E+000  0.29501718E-001  0.40466624E+001  0.50907996E+002
 -0.12999076E+000  0.29502234E-001  0.40467031E+001  0.50909034E+002
 -0.12999066E+000  0.29502732E-001  0.40467424E+001  0.50910054E+002
 -0.12999057E+000  0.29503212E-001  0.40467802E+001  0.50911055E+002
 -0.12999048E+000  0.29503675E-001  0.40468166E+001  0.50912037E+002
 -0.12999040E+000  0.29504121E-001  0.40468517E+001  0.50913001E+002
 -0.12999032E+000  0.29504551E-001  0.40468856E+001  0.50913946E+002
 -0.12999024E+000  0.29504964E-001  0.40469181E+001  0.50914872E+002
 -0.12999016E+000  0.29505363E-001  0.40469495E+001  0.50915779E+002
 -0.12999009E+000  0.29505746E-001  0.40469797E+001  0.50916669E+002
 -0.12999002E+000  0.29506115E-001  0.40470087E+001  0.50917540E+002
 -0.12998995E+000  0.29506469E-001  0.40470367E+001  0.50918393E+002
 -0.12998988E+000  0.29506810E-001  0.40470636E+001  0.50919228E+002
 -0.12998982E+000  0.29507138E-001  0.40470895E+001  0.50920045E+002
 -0.12998976E+000  0.29507453E-001  0.40471144E+001  0.50920845E+002
 -0.12998970E+000  0.29507756E-001  0.40471384E+001  0.50921627E+002
 -0.12998964E+000  0.29508047E-001  0.40471615E+001  0.50922391E+002
 -0.12998959E+000  0.29508327E-001  0.40471836E+001  0.50923139E+002
 -0.12998953E+000  0.29508596E-001  0.40472050E+001  0.50923870E+002
 -0.12998948E+000  0.29508854E-001  0.40472255E+001  0.50924584E+002
 -0.12998943E+000  0.29509101E-001  0.40472452E+001  0.50925282E+002
 -0.12998938E+000  0.29509339E-001  0.40472642E+001  0.50925963E+002
 -0.12998934E+000  0.29509568E-001  0.40472824E+001  0.50926628E+002
 -0.12998929E+000  0.29509788E-001  0.40472999E+001  0.50927277E+002
 -0.12998925E+000  0.29509998E-001  0.40473168E+001  0.50927911E+002
 -0.12998921E+000  0.29510201E-001  0.40473330E+001  0.50928529E+002
 -0.12998917E+000  0.29510395E-001  0.40473486E+001  0.50929132E+002
 -0.12998913E+000  0.29510582E-001  0.40473635E+001  0.50929720E+002
 -0.12998909E+000  0.29510762E-001  0.40473779E+001  0.50930293E+002
 -0.12998905E+000  0.29510934E-001  0.40473918E+001  0.50930852E+002
 -0.12998901E+000  0.29511099E-001  0.40474051E+001  0.50931397E+002
 -0.12998898E+000  0.29511258E-001  0.40474179E+001  0.50931927E+002
 -0.12998894E+000  0.29511411E-001  0.40474302E+001  0.50932444E+002
 -0.12998891E+000  0.29511558E-001  0.40474421E+001  0.50932947E+002
 -0.12998888E+000  0.29511699E-001  0.40474534E+001  0.50933437E+002
 -0.12998885E+000  0.29511835E-001  0.40474644E+001  0.50933913E+002
 -0.12998882E+000  0.29511965E-001  0.40474749E+001  0.50934377E+002
 -0.12998879E+000  0.29512091E-001  0.40474851E+001  0.50934828E+002
 -0.12998876E+000  0.29512211E-001  0.40474948E+001  0.50935267E+002
 -0.12998873E+000  0.29512327E-001  0.40475042E+001  0.50935694E+002
 -0.12998870E+000  0.29512439E-001  0.40475132E+001  0.50936109E+002
 -0.12998867E+000  0.29512546E-001  0.40475219E+001  0.50936513E+002
 -0.12998865E+000  0.29512649E-001  0.40475302E+001  0.50936905E+002
 -0.12998862E+000  0.29512749E-001  0.40475383E+001  0.50937285E+002
 -0.12998860E+000  0.29512845E-001  0.40475460E+001  0.50937655E+002
 -0.12998857E+000  0.29512937E-001  0.40475535E+001  0.50938015E+002
 -0.12998855E+000  0.29513026E-001  0.40475606E+001  0.50938364E+002
 -0.12998853E+000  0.29513112E-001  0.40475675E+001  0.50938702E+002
 -0.12998850E+000  0.29513194E-001  0.40475742E+001  0.50939031E+002
 -0.12998848E+000  0.29513274E-001  0.40475806E+001  0.50939350E+002
 -0.12998846E+000  0.29513351E-001  0.40475868E+001  0.50939659E+002
 -0.12998844E+000  0.29513425E-001  0.40475927E+001  0.50939959E+002
 -0.12998842E+000  0.29513497E-001  0.40475985E+001  0.50940250E+002
 -0.12998840E+000  0.29513566E-001  0.40476040E+001  0.50940533E+002
 -0.12998838E+000  0.29513633E-001  0.40476093E+001  0.50940806E+002
 -0.12998836E+000  0.29513697E-001  0.40476145E+001  0.50941071E+002
 -0.12998834E+000  0.29513760E-001  0.40476195E+001  0.50941328E+002
 -0.12998832E+000  0.29513820E-001  0.40476243E+001  0.50941577E+002
 -0.12998830E+000  0.29513879E-001  0.40476289E+001  0.50941819E+002
 -0.12998829E+000  0.29513936E-001  0.40476334E+001  0.50942052E+002
 -0.12998827E+000  0.29513991E-001  0.40476377E+001  0.50942279E+002
 -0.12998825E+000  0.29514044E-001  0.40476419E+001  0.50942498E+002
 -0.12998823E+000  0.29514096E-001  0.40476459E+001  0.50942710E+002
 -0.12998822E+000  0.29514146E-001  0.40476498E+001  0.50942915E+002
 -0.12998820E+000  0.29514194E-001  0.40476535E+001  0.50943114E+002
 -0.12998820E+000  0.29514236E-001  0.40476572E+001  0.50943306E+002
 -0.12998819E+000  0.29514274E-001  0.40476606E+001  0.50943491E+002
