  0.62522499E+000
  0.62538745E+000
  0.62551125E+000
  0.62561371E+000
  0.62569855E+000
  0.62576881E+000
  0.62582686E+000
  0.62587463E+000
  0.62591382E+000
  0.62594578E+000
  0.62597170E+000
  0.62599260E+000
  0.62600933E+000
  0.62602256E+000
  0.62603283E+000
  0.62604065E+000
  0.62604642E+000
  0.62605048E+000
  0.62605311E+000
  0.62605456E+000
  0.62605504E+000
  0.62605471E+000
  0.62605372E+000
  0.62605220E+000
  0.62605024E+000
  0.62604795E+000
  0.62604539E+000
  0.62604262E+000
  0.62603970E+000
  0.62603668E+000
  0.62603359E+000
  0.62603047E+000
  0.62602735E+000
  0.62602423E+000
  0.62602115E+000
  0.62601812E+000
  0.62601514E+000
  0.62601224E+000
  0.62600940E+000
  0.62600665E+000
  0.62600398E+000
  0.62600139E+000
  0.62599889E+000
  0.62599647E+000
  0.62599414E+000
  0.62599190E+000
  0.62598973E+000
  0.62598765E+000
  0.62598564E+000
  0.62598371E+000
  0.62598186E+000
  0.62598007E+000
  0.62597835E+000
  0.62597670E+000
  0.62597511E+000
  0.62597358E+000
  0.62597210E+000
  0.62597067E+000
  0.62596930E+000
  0.62596796E+000
  0.62596667E+000
  0.62596542E+000
  0.62596420E+000
  0.62596301E+000
  0.62596186E+000
  0.62596073E+000
  0.62595963E+000
  0.62595855E+000
  0.62595749E+000
  0.62595645E+000
  0.62595542E+000
  0.62595442E+000
  0.62595342E+000
  0.62595244E+000
  0.62595148E+000
  0.62595052E+000
  0.62594957E+000
  0.62594863E+000
  0.62594770E+000
  0.62594678E+000
  0.62594585E+000
  0.62594493E+000
  0.62594402E+000
  0.62594310E+000
  0.62594218E+000
  0.62594126E+000
  0.62594034E+000
  0.62593941E+000
  0.62593848E+000
  0.62593755E+000
  0.62593661E+000
  0.62593567E+000
  0.62593472E+000
  0.62593376E+000
  0.62593280E+000
  0.62593184E+000
  0.62593087E+000
  0.62592989E+000
  0.62592891E+000
  0.62592793E+000
  0.62592695E+000
  0.62592596E+000
  0.62592497E+000
  0.62592398E+000
  0.62592299E+000
  0.62592200E+000
  0.62592101E+000
  0.62592002E+000
  0.62591904E+000
  0.62591806E+000
  0.62591708E+000
  0.62591610E+000
  0.62591513E+000
  0.62591416E+000
  0.62591320E+000
  0.62591225E+000
  0.62591130E+000
  0.62591035E+000
  0.62590942E+000
  0.62590849E+000
  0.62590756E+000
  0.62590665E+000
  0.62590575E+000
  0.62590485E+000
  0.62590396E+000
  0.62590308E+000
  0.62590221E+000
  0.62590135E+000
  0.62590051E+000
  0.62589967E+000
  0.62589884E+000
  0.62589802E+000
  0.62589721E+000
  0.62589642E+000
  0.62589564E+000
  0.62589486E+000
  0.62589410E+000
  0.62589335E+000
  0.62589262E+000
  0.62589189E+000
  0.62589118E+000
  0.62589048E+000
  0.62588980E+000
  0.62588912E+000
  0.62588846E+000
  0.62588782E+000
  0.62588718E+000
  0.62588656E+000
  0.62588595E+000
  0.62588535E+000
  0.62588477E+000
  0.62588420E+000
  0.62588364E+000
  0.62588309E+000
  0.62588256E+000
  0.62588204E+000
  0.62588153E+000
  0.62588104E+000
  0.62588055E+000
  0.62588008E+000
  0.62587962E+000
  0.62587918E+000
  0.62587874E+000
  0.62587832E+000
  0.62587790E+000
  0.62587750E+000
  0.62587711E+000
  0.62587673E+000
  0.62587637E+000
  0.62587601E+000
  0.62587566E+000
  0.62587532E+000
  0.62587500E+000
  0.62587468E+000
  0.62587437E+000
  0.62587408E+000
  0.62587379E+000
  0.62587351E+000
  0.62587324E+000
  0.62587298E+000
  0.62587272E+000
  0.62587248E+000
  0.62587224E+000
  0.62587202E+000
  0.62587180E+000
  0.62587158E+000
  0.62587138E+000
  0.62587118E+000
  0.62587099E+000
  0.62587080E+000
  0.62587063E+000
  0.62587046E+000
  0.62587029E+000
  0.62587013E+000
  0.62586998E+000
  0.62586983E+000
  0.62586969E+000
  0.62586956E+000
  0.62586943E+000
  0.62586929E+000
