  0.81876435E+000
  0.81901612E+000
  0.81921110E+000
  0.81936966E+000
  0.81950005E+000
  0.81960749E+000
  0.81969598E+000
  0.81976876E+000
  0.81982848E+000
  0.81987735E+000
  0.81991717E+000
  0.81994947E+000
  0.81997549E+000
  0.81999630E+000
  0.82001278E+000
  0.82002564E+000
  0.82003552E+000
  0.82004291E+000
  0.82004824E+000
  0.82005188E+000
  0.82005411E+000
  0.82005520E+000
  0.82005534E+000
  0.82005472E+000
  0.82005347E+000
  0.82005173E+000
  0.82004959E+000
  0.82004714E+000
  0.82004446E+000
  0.82004159E+000
  0.82003858E+000
  0.82003546E+000
  0.82003227E+000
  0.82002904E+000
  0.82002578E+000
  0.82002253E+000
  0.82001929E+000
  0.82001607E+000
  0.82001288E+000
  0.82000973E+000
  0.82000663E+000
  0.82000357E+000
  0.82000057E+000
  0.81999761E+000
  0.81999471E+000
  0.81999186E+000
  0.81998906E+000
  0.81998631E+000
  0.81998361E+000
  0.81998095E+000
  0.81997833E+000
  0.81997575E+000
  0.81997320E+000
  0.81997067E+000
  0.81996816E+000
  0.81996567E+000
  0.81996319E+000
  0.81996071E+000
  0.81995822E+000
  0.81995573E+000
  0.81995323E+000
  0.81995071E+000
  0.81994817E+000
  0.81994561E+000
  0.81994306E+000
  0.81994046E+000
  0.81993783E+000
  0.81993516E+000
  0.81993246E+000
  0.81992973E+000
  0.81992698E+000
  0.81992421E+000
  0.81992142E+000
  0.81991861E+000
  0.81991579E+000
  0.81991295E+000
  0.81991011E+000
  0.81990726E+000
  0.81990441E+000
  0.81990156E+000
  0.81989872E+000
  0.81989588E+000
  0.81989305E+000
  0.81989023E+000
  0.81988743E+000
  0.81988465E+000
  0.81988188E+000
  0.81987914E+000
  0.81987643E+000
  0.81987373E+000
  0.81987107E+000
  0.81986844E+000
  0.81986583E+000
  0.81986326E+000
  0.81986072E+000
  0.81985822E+000
  0.81985575E+000
  0.81985332E+000
  0.81985093E+000
  0.81984857E+000
  0.81984626E+000
  0.81984398E+000
  0.81984174E+000
  0.81983954E+000
  0.81983739E+000
  0.81983527E+000
  0.81983320E+000
  0.81983116E+000
  0.81982917E+000
  0.81982722E+000
  0.81982532E+000
  0.81982345E+000
  0.81982162E+000
  0.81981982E+000
  0.81981807E+000
  0.81981636E+000
  0.81981468E+000
  0.81981304E+000
  0.81981144E+000
  0.81980988E+000
  0.81980836E+000
  0.81980687E+000
  0.81980541E+000
  0.81980399E+000
  0.81980261E+000
  0.81980126E+000
  0.81979994E+000
  0.81979865E+000
  0.81979740E+000
  0.81979618E+000
  0.81979499E+000
  0.81979383E+000
  0.81979270E+000
  0.81979160E+000
  0.81979053E+000
  0.81978949E+000
  0.81978847E+000
  0.81978749E+000
  0.81978652E+000
  0.81978559E+000
  0.81978468E+000
  0.81978379E+000
  0.81978293E+000
  0.81978210E+000
  0.81978128E+000
  0.81978049E+000
  0.81977972E+000
  0.81977898E+000
  0.81977825E+000
  0.81977755E+000
  0.81977686E+000
  0.81977620E+000
  0.81977556E+000
  0.81977493E+000
  0.81977432E+000
  0.81977374E+000
  0.81977317E+000
  0.81977261E+000
  0.81977207E+000
  0.81977155E+000
  0.81977105E+000
  0.81977056E+000
  0.81977009E+000
  0.81976963E+000
  0.81976918E+000
  0.81976875E+000
  0.81976833E+000
  0.81976793E+000
  0.81976754E+000
  0.81976716E+000
  0.81976679E+000
  0.81976644E+000
  0.81976609E+000
  0.81976576E+000
  0.81976544E+000
  0.81976513E+000
  0.81976483E+000
  0.81976454E+000
  0.81976426E+000
  0.81976398E+000
  0.81976372E+000
  0.81976347E+000
  0.81976322E+000
  0.81976298E+000
  0.81976275E+000
  0.81976253E+000
  0.81976232E+000
  0.81976211E+000
  0.81976191E+000
  0.81976172E+000
  0.81976153E+000
  0.81976135E+000
  0.81976118E+000
  0.81976101E+000
  0.81976085E+000
  0.81976069E+000
  0.81976054E+000
  0.81976039E+000
  0.81976025E+000
  0.81976012E+000
