  0.13447576E+002
  0.13439051E+002
  0.13431816E+002
  0.13425713E+002
  0.13420574E+002
  0.13416249E+002
  0.13412613E+002
  0.13409556E+002
  0.13406987E+002
  0.13404831E+002
  0.13403022E+002
  0.13401505E+002
  0.13400235E+002
  0.13399173E+002
  0.13398286E+002
  0.13397547E+002
  0.13396933E+002
  0.13396424E+002
  0.13396005E+002
  0.13395660E+002
  0.13395380E+002
  0.13395153E+002
  0.13394972E+002
  0.13394829E+002
  0.13394720E+002
  0.13394638E+002
  0.13394580E+002
  0.13394542E+002
  0.13394522E+002
  0.13394517E+002
  0.13394525E+002
  0.13394544E+002
  0.13394573E+002
  0.13394612E+002
  0.13394658E+002
  0.13394712E+002
  0.13394773E+002
  0.13394840E+002
  0.13394914E+002
  0.13394993E+002
  0.13395079E+002
  0.13395170E+002
  0.13395268E+002
  0.13395371E+002
  0.13395480E+002
  0.13395596E+002
  0.13395718E+002
  0.13395847E+002
  0.13395982E+002
  0.13396124E+002
  0.13396274E+002
  0.13396431E+002
  0.13396596E+002
  0.13396770E+002
  0.13396951E+002
  0.13397142E+002
  0.13397341E+002
  0.13397549E+002
  0.13397767E+002
  0.13397995E+002
  0.13398232E+002
  0.13398479E+002
  0.13398737E+002
  0.13399004E+002
  0.13399281E+002
  0.13399569E+002
  0.13399867E+002
  0.13400174E+002
  0.13400492E+002
  0.13400819E+002
  0.13401155E+002
  0.13401500E+002
  0.13401855E+002
  0.13402217E+002
  0.13402588E+002
  0.13402967E+002
  0.13403353E+002
  0.13403746E+002
  0.13404146E+002
  0.13404552E+002
  0.13404963E+002
  0.13405380E+002
  0.13405801E+002
  0.13406227E+002
  0.13406657E+002
  0.13407091E+002
  0.13407527E+002
  0.13407966E+002
  0.13408407E+002
  0.13408850E+002
  0.13409295E+002
  0.13409740E+002
  0.13410186E+002
  0.13410632E+002
  0.13411078E+002
  0.13411524E+002
  0.13411969E+002
  0.13412412E+002
  0.13412855E+002
  0.13413295E+002
  0.13413734E+002
  0.13414170E+002
  0.13414604E+002
  0.13415035E+002
  0.13415464E+002
  0.13415889E+002
  0.13416310E+002
  0.13416729E+002
  0.13417143E+002
  0.13417554E+002
  0.13417960E+002
  0.13418363E+002
  0.13418761E+002
  0.13419155E+002
  0.13419544E+002
  0.13419929E+002
  0.13420309E+002
  0.13420684E+002
  0.13421054E+002
  0.13421419E+002
  0.13421780E+002
  0.13422135E+002
  0.13422485E+002
  0.13422830E+002
  0.13423169E+002
  0.13423504E+002
  0.13423833E+002
  0.13424157E+002
  0.13424475E+002
  0.13424789E+002
  0.13425097E+002
  0.13425399E+002
  0.13425696E+002
  0.13425988E+002
  0.13426275E+002
  0.13426556E+002
  0.13426833E+002
  0.13427104E+002
  0.13427369E+002
  0.13427630E+002
  0.13427885E+002
  0.13428135E+002
  0.13428381E+002
  0.13428621E+002
  0.13428856E+002
  0.13429086E+002
  0.13429312E+002
  0.13429532E+002
  0.13429748E+002
  0.13429959E+002
  0.13430165E+002
  0.13430367E+002
  0.13430564E+002
  0.13430756E+002
  0.13430945E+002
  0.13431128E+002
  0.13431308E+002
  0.13431483E+002
  0.13431654E+002
  0.13431821E+002
  0.13431983E+002
  0.13432142E+002
  0.13432297E+002
  0.13432448E+002
  0.13432595E+002
  0.13432738E+002
  0.13432878E+002
  0.13433014E+002
  0.13433147E+002
  0.13433276E+002
  0.13433401E+002
  0.13433524E+002
  0.13433643E+002
  0.13433759E+002
  0.13433871E+002
  0.13433981E+002
  0.13434088E+002
  0.13434191E+002
  0.13434292E+002
  0.13434390E+002
  0.13434485E+002
  0.13434577E+002
  0.13434667E+002
  0.13434754E+002
  0.13434839E+002
  0.13434921E+002
  0.13435001E+002
  0.13435079E+002
  0.13435154E+002
  0.13435227E+002
  0.13435297E+002
  0.13435366E+002
  0.13435432E+002
  0.13435497E+002
  0.13435560E+002
  0.13435620E+002
  0.13435679E+002
  0.13435736E+002
  0.13435791E+002
  0.13435844E+002
