  0.15720023E+000
  0.15974240E+000
  0.15985170E+000
  0.15957338E+000
  0.15925562E+000
  0.15896500E+000
  0.15871082E+000
  0.15849157E+000
  0.15830347E+000
  0.15814243E+000
  0.15800565E+000
  0.15788915E+000
  0.15778965E+000
  0.15770441E+000
  0.15763061E+000
  0.15756702E+000
  0.15751236E+000
  0.15746540E+000
  0.15742503E+000
  0.15739028E+000
  0.15736030E+000
  0.15733436E+000
  0.15731185E+000
  0.15729222E+000
  0.15727503E+000
  0.15725988E+000
  0.15724645E+000
  0.15723447E+000
  0.15722369E+000
  0.15721393E+000
  0.15720504E+000
  0.15719687E+000
  0.15718931E+000
  0.15718229E+000
  0.15717573E+000
  0.15716958E+000
  0.15716379E+000
  0.15715833E+000
  0.15715318E+000
  0.15714831E+000
  0.15714372E+000
  0.15713940E+000
  0.15713534E+000
  0.15713154E+000
  0.15712798E+000
  0.15712468E+000
  0.15712162E+000
  0.15711880E+000
  0.15711622E+000
  0.15711387E+000
  0.15711175E+000
  0.15710986E+000
  0.15710819E+000
  0.15710673E+000
  0.15710548E+000
  0.15710443E+000
  0.15710358E+000
  0.15710293E+000
  0.15710246E+000
  0.15710217E+000
  0.15710206E+000
  0.15710213E+000
  0.15710236E+000
  0.15710275E+000
  0.15710330E+000
  0.15710399E+000
  0.15710484E+000
  0.15710582E+000
  0.15710693E+000
  0.15710817E+000
  0.15710952E+000
  0.15711099E+000
  0.15711255E+000
  0.15711421E+000
  0.15711595E+000
  0.15711777E+000
  0.15711966E+000
  0.15712161E+000
  0.15712361E+000
  0.15712565E+000
  0.15712773E+000
  0.15712984E+000
  0.15713196E+000
  0.15713411E+000
  0.15713626E+000
  0.15713842E+000
  0.15714057E+000
  0.15714272E+000
  0.15714485E+000
  0.15714697E+000
  0.15714907E+000
  0.15715115E+000
  0.15715319E+000
  0.15715521E+000
  0.15715720E+000
  0.15715915E+000
  0.15716107E+000
  0.15716294E+000
  0.15716478E+000
  0.15716658E+000
  0.15716833E+000
  0.15717004E+000
  0.15717171E+000
  0.15717334E+000
  0.15717491E+000
  0.15717645E+000
  0.15717794E+000
  0.15717939E+000
  0.15718079E+000
  0.15718214E+000
  0.15718346E+000
  0.15718473E+000
  0.15718595E+000
  0.15718713E+000
  0.15718828E+000
  0.15718938E+000
  0.15719044E+000
  0.15719145E+000
  0.15719243E+000
  0.15719338E+000
  0.15719428E+000
  0.15719515E+000
  0.15719598E+000
  0.15719677E+000
  0.15719753E+000
  0.15719826E+000
  0.15719895E+000
  0.15719961E+000
  0.15720024E+000
  0.15720084E+000
  0.15720142E+000
  0.15720196E+000
  0.15720247E+000
  0.15720296E+000
  0.15720342E+000
  0.15720386E+000
  0.15720427E+000
  0.15720466E+000
  0.15720503E+000
  0.15720537E+000
  0.15720569E+000
  0.15720600E+000
  0.15720628E+000
  0.15720654E+000
  0.15720679E+000
  0.15720702E+000
  0.15720723E+000
  0.15720743E+000
  0.15720761E+000
  0.15720777E+000
  0.15720793E+000
  0.15720806E+000
  0.15720819E+000
  0.15720831E+000
  0.15720841E+000
  0.15720850E+000
  0.15720858E+000
  0.15720866E+000
  0.15720872E+000
  0.15720877E+000
  0.15720882E+000
  0.15720886E+000
  0.15720889E+000
  0.15720891E+000
  0.15720893E+000
  0.15720894E+000
  0.15720895E+000
  0.15720895E+000
  0.15720895E+000
  0.15720894E+000
  0.15720892E+000
  0.15720891E+000
  0.15720889E+000
  0.15720886E+000
  0.15720883E+000
  0.15720880E+000
  0.15720877E+000
  0.15720874E+000
  0.15720870E+000
  0.15720866E+000
  0.15720862E+000
  0.15720858E+000
  0.15720853E+000
  0.15720849E+000
  0.15720844E+000
  0.15720839E+000
  0.15720835E+000
  0.15720830E+000
  0.15720825E+000
  0.15720820E+000
  0.15720815E+000
  0.15720810E+000
  0.15720805E+000
  0.15720800E+000
  0.15720795E+000
  0.15720790E+000
  0.15720785E+000
  0.15720780E+000
  0.15720776E+000
  0.15720771E+000
