  0.41506204E+000
  0.41626647E+000
  0.41670540E+000
  0.41681988E+000
  0.41678027E+000
  0.41668757E+000
  0.41652953E+000
  0.41633812E+000
  0.41612673E+000
  0.41591859E+000
  0.41574042E+000
  0.41564815E+000
  0.41564675E+000
  0.41568055E+000
  0.41572298E+000
  0.41576288E+000
  0.41579630E+000
  0.41582118E+000
  0.41583745E+000
  0.41584583E+000
  0.41584734E+000
  0.41584297E+000
  0.41583366E+000
  0.41582024E+000
  0.41580349E+000
  0.41578406E+000
  0.41576253E+000
  0.41573939E+000
  0.41571507E+000
  0.41568995E+000
  0.41566436E+000
  0.41563856E+000
  0.41561281E+000
  0.41558732E+000
  0.41556225E+000
  0.41553774E+000
  0.41551392E+000
  0.41549086E+000
  0.41546866E+000
  0.41544736E+000
  0.41542704E+000
  0.41540772E+000
  0.41538944E+000
  0.41537221E+000
  0.41535601E+000
  0.41534084E+000
  0.41532665E+000
  0.41531341E+000
  0.41530106E+000
  0.41528952E+000
  0.41527872E+000
  0.41526857E+000
  0.41525899E+000
  0.41524999E+000
  0.41524155E+000
  0.41523362E+000
  0.41522624E+000
  0.41521941E+000
  0.41521310E+000
  0.41520725E+000
  0.41520183E+000
  0.41519679E+000
  0.41519209E+000
  0.41518770E+000
  0.41518359E+000
  0.41517973E+000
  0.41517609E+000
  0.41517265E+000
  0.41516938E+000
  0.41516628E+000
  0.41516331E+000
  0.41516047E+000
  0.41515774E+000
  0.41515511E+000
  0.41515255E+000
  0.41515007E+000
  0.41514766E+000
  0.41514530E+000
  0.41514298E+000
  0.41514072E+000
  0.41513849E+000
  0.41513631E+000
  0.41513416E+000
  0.41513205E+000
  0.41512997E+000
  0.41512793E+000
  0.41512593E+000
  0.41512397E+000
  0.41512206E+000
  0.41512018E+000
  0.41511836E+000
  0.41511658E+000
  0.41511485E+000
  0.41511317E+000
  0.41511154E+000
  0.41510996E+000
  0.41510843E+000
  0.41510695E+000
  0.41510553E+000
  0.41510415E+000
  0.41510281E+000
  0.41510152E+000
  0.41510027E+000
  0.41509907E+000
  0.41509790E+000
  0.41509676E+000
  0.41509566E+000
  0.41509459E+000
  0.41509355E+000
  0.41509254E+000
  0.41509155E+000
  0.41509059E+000
  0.41508964E+000
  0.41508872E+000
  0.41508782E+000
  0.41508694E+000
  0.41508608E+000
  0.41508524E+000
  0.41508441E+000
  0.41508360E+000
  0.41508281E+000
  0.41508203E+000
  0.41508128E+000
  0.41508054E+000
  0.41507982E+000
  0.41507911E+000
  0.41507842E+000
  0.41507775E+000
  0.41507710E+000
  0.41507647E+000
  0.41507585E+000
  0.41507526E+000
  0.41507468E+000
  0.41507412E+000
  0.41507357E+000
  0.41507305E+000
  0.41507254E+000
  0.41507205E+000
  0.41507158E+000
  0.41507113E+000
  0.41507069E+000
  0.41507027E+000
  0.41506986E+000
  0.41506948E+000
  0.41506910E+000
  0.41506875E+000
  0.41506841E+000
  0.41506808E+000
  0.41506777E+000
  0.41506747E+000
  0.41506718E+000
  0.41506691E+000
  0.41506665E+000
  0.41506640E+000
  0.41506617E+000
  0.41506594E+000
  0.41506573E+000
  0.41506552E+000
  0.41506533E+000
  0.41506515E+000
  0.41506497E+000
  0.41506481E+000
  0.41506465E+000
  0.41506450E+000
  0.41506436E+000
  0.41506422E+000
  0.41506409E+000
  0.41506397E+000
  0.41506386E+000
  0.41506375E+000
  0.41506365E+000
  0.41506355E+000
  0.41506346E+000
  0.41506337E+000
  0.41506329E+000
  0.41506321E+000
  0.41506314E+000
  0.41506307E+000
  0.41506301E+000
  0.41506295E+000
  0.41506289E+000
  0.41506284E+000
  0.41506279E+000
  0.41506274E+000
  0.41506269E+000
  0.41506265E+000
  0.41506261E+000
  0.41506258E+000
  0.41506254E+000
  0.41506251E+000
  0.41506248E+000
  0.41506246E+000
  0.41506243E+000
  0.41506241E+000
  0.41506239E+000
  0.41506237E+000
  0.41506235E+000
  0.41506233E+000
  0.41506231E+000
  0.41506229E+000
