  0.11446077E+000
  0.11463865E+000
  0.11477933E+000
  0.11488900E+000
  0.11497293E+000
  0.11503562E+000
  0.11508086E+000
  0.11511177E+000
  0.11513100E+000
  0.11514073E+000
  0.11514278E+000
  0.11513867E+000
  0.11512965E+000
  0.11511677E+000
  0.11510090E+000
  0.11508273E+000
  0.11506287E+000
  0.11504180E+000
  0.11501991E+000
  0.11499755E+000
  0.11497498E+000
  0.11495241E+000
  0.11493003E+000
  0.11490798E+000
  0.11488639E+000
  0.11486533E+000
  0.11484488E+000
  0.11482510E+000
  0.11480602E+000
  0.11478768E+000
  0.11477008E+000
  0.11475323E+000
  0.11473715E+000
  0.11472182E+000
  0.11470725E+000
  0.11469342E+000
  0.11468030E+000
  0.11466788E+000
  0.11465614E+000
  0.11464505E+000
  0.11463458E+000
  0.11462470E+000
  0.11461539E+000
  0.11460663E+000
  0.11459838E+000
  0.11459061E+000
  0.11458332E+000
  0.11457646E+000
  0.11457003E+000
  0.11456398E+000
  0.11455832E+000
  0.11455300E+000
  0.11454802E+000
  0.11454335E+000
  0.11453898E+000
  0.11453488E+000
  0.11453105E+000
  0.11452746E+000
  0.11452410E+000
  0.11452095E+000
  0.11451800E+000
  0.11451525E+000
  0.11451266E+000
  0.11451025E+000
  0.11450798E+000
  0.11450539E+000
  0.11450266E+000
  0.11449999E+000
  0.11449746E+000
  0.11449509E+000
  0.11449290E+000
  0.11449086E+000
  0.11448899E+000
  0.11448726E+000
  0.11448568E+000
  0.11448423E+000
  0.11448291E+000
  0.11448171E+000
  0.11448061E+000
  0.11447961E+000
  0.11447870E+000
  0.11447788E+000
  0.11447713E+000
  0.11447646E+000
  0.11447585E+000
  0.11447530E+000
  0.11447480E+000
  0.11447435E+000
  0.11447394E+000
  0.11447357E+000
  0.11447324E+000
  0.11447295E+000
  0.11447268E+000
  0.11447244E+000
  0.11447223E+000
  0.11447204E+000
  0.11447188E+000
  0.11447173E+000
  0.11447160E+000
  0.11447149E+000
  0.11447140E+000
  0.11447132E+000
  0.11447125E+000
  0.11447120E+000
  0.11447115E+000
  0.11447112E+000
  0.11447109E+000
  0.11447107E+000
  0.11447106E+000
  0.11447105E+000
  0.11447095E+000
  0.11447066E+000
  0.11447036E+000
  0.11447005E+000
  0.11446975E+000
  0.11446946E+000
  0.11446918E+000
  0.11446890E+000
  0.11446863E+000
  0.11446837E+000
  0.11446812E+000
  0.11446787E+000
  0.11446763E+000
  0.11446740E+000
  0.11446718E+000
  0.11446696E+000
  0.11446675E+000
  0.11446654E+000
  0.11446635E+000
  0.11446615E+000
  0.11446597E+000
  0.11446579E+000
  0.11446562E+000
  0.11446545E+000
  0.11446529E+000
  0.11446513E+000
  0.11446498E+000
  0.11446483E+000
  0.11446469E+000
  0.11446456E+000
  0.11446442E+000
  0.11446430E+000
  0.11446417E+000
  0.11446406E+000
  0.11446394E+000
  0.11446383E+000
  0.11446373E+000
  0.11446362E+000
  0.11446352E+000
  0.11446343E+000
  0.11446334E+000
  0.11446325E+000
  0.11446316E+000
  0.11446308E+000
  0.11446300E+000
  0.11446292E+000
  0.11446285E+000
  0.11446278E+000
  0.11446271E+000
  0.11446264E+000
  0.11446258E+000
  0.11446251E+000
  0.11446245E+000
  0.11446240E+000
  0.11446234E+000
  0.11446229E+000
  0.11446223E+000
  0.11446218E+000
  0.11446214E+000
  0.11446209E+000
  0.11446204E+000
  0.11446200E+000
  0.11446196E+000
  0.11446192E+000
  0.11446188E+000
  0.11446184E+000
  0.11446180E+000
  0.11446177E+000
  0.11446173E+000
  0.11446170E+000
  0.11446167E+000
  0.11446163E+000
  0.11446160E+000
  0.11446158E+000
  0.11446155E+000
  0.11446152E+000
  0.11446149E+000
  0.11446147E+000
  0.11446144E+000
  0.11446142E+000
  0.11446140E+000
  0.11446137E+000
  0.11446135E+000
  0.11446133E+000
  0.11446131E+000
  0.11446129E+000
  0.11446127E+000
  0.11446125E+000
  0.11446124E+000
  0.11446123E+000
