  0.31903264E-007
  0.31955919E-007
  0.31989395E-007
  0.32010179E-007
  0.32022371E-007
  0.32028639E-007
  0.32030765E-007
  0.32029973E-007
  0.32027124E-007
  0.32022835E-007
  0.32017561E-007
  0.32011637E-007
  0.32005317E-007
  0.31998795E-007
  0.31992218E-007
  0.31985698E-007
  0.31979320E-007
  0.31973147E-007
  0.31967225E-007
  0.31961587E-007
  0.31956255E-007
  0.31951241E-007
  0.31946550E-007
  0.31942181E-007
  0.31938130E-007
  0.31934386E-007
  0.31930937E-007
  0.31927769E-007
  0.31924866E-007
  0.31922406E-007
  0.31920325E-007
  0.31918564E-007
  0.31917075E-007
  0.31915814E-007
  0.31914744E-007
  0.31913832E-007
  0.31913053E-007
  0.31912381E-007
  0.31911799E-007
  0.31911289E-007
  0.31910838E-007
  0.31910437E-007
  0.31910076E-007
  0.31909749E-007
  0.31909451E-007
  0.31909180E-007
  0.31908931E-007
  0.31908703E-007
  0.31908496E-007
  0.31908308E-007
  0.31908138E-007
  0.31907987E-007
  0.31907853E-007
  0.31907735E-007
  0.31907634E-007
  0.31907548E-007
  0.31907475E-007
  0.31907415E-007
  0.31907367E-007
  0.31907329E-007
  0.31907298E-007
  0.31907282E-007
  0.31907319E-007
  0.31907377E-007
  0.31907442E-007
  0.31907506E-007
  0.31907567E-007
  0.31907621E-007
  0.31907668E-007
  0.31907706E-007
  0.31907736E-007
  0.31907756E-007
  0.31907767E-007
  0.31907768E-007
  0.31907760E-007
  0.31907743E-007
  0.31907717E-007
  0.31907683E-007
  0.31907641E-007
  0.31907591E-007
  0.31907534E-007
  0.31907471E-007
  0.31907402E-007
  0.31907327E-007
  0.31907247E-007
  0.31907163E-007
  0.31907074E-007
  0.31906982E-007
  0.31906887E-007
  0.31906789E-007
  0.31906688E-007
  0.31906585E-007
  0.31906480E-007
  0.31906373E-007
  0.31906265E-007
  0.31906156E-007
  0.31906046E-007
  0.31905935E-007
  0.31905824E-007
  0.31905713E-007
  0.31905602E-007
  0.31905491E-007
  0.31905381E-007
  0.31905271E-007
  0.31905163E-007
  0.31905055E-007
  0.31904948E-007
  0.31904843E-007
  0.31904739E-007
  0.31904652E-007
  0.31904580E-007
  0.31904512E-007
  0.31904446E-007
  0.31904382E-007
  0.31904318E-007
  0.31904257E-007
  0.31904197E-007
  0.31904138E-007
  0.31904080E-007
  0.31904025E-007
  0.31903970E-007
  0.31903918E-007
  0.31903866E-007
  0.31903816E-007
  0.31903768E-007
  0.31903721E-007
  0.31903676E-007
  0.31903632E-007
  0.31903589E-007
  0.31903548E-007
  0.31903508E-007
  0.31903470E-007
  0.31903432E-007
  0.31903396E-007
  0.31903362E-007
  0.31903328E-007
  0.31903296E-007
  0.31903265E-007
  0.31903235E-007
  0.31903206E-007
  0.31903179E-007
  0.31903152E-007
  0.31903126E-007
  0.31903102E-007
  0.31903078E-007
  0.31903055E-007
  0.31903034E-007
  0.31903013E-007
  0.31902992E-007
  0.31902973E-007
  0.31902955E-007
  0.31902937E-007
  0.31902920E-007
  0.31902903E-007
  0.31902888E-007
  0.31902873E-007
  0.31902858E-007
  0.31902844E-007
  0.31902831E-007
  0.31902818E-007
  0.31902806E-007
  0.31902794E-007
  0.31902783E-007
  0.31902773E-007
  0.31902762E-007
  0.31902752E-007
  0.31902743E-007
  0.31902734E-007
  0.31902725E-007
  0.31902717E-007
  0.31902709E-007
  0.31902701E-007
  0.31902694E-007
  0.31902687E-007
  0.31902680E-007
  0.31902674E-007
  0.31902668E-007
  0.31902662E-007
  0.31902656E-007
  0.31902650E-007
  0.31902645E-007
  0.31902640E-007
  0.31902635E-007
  0.31902631E-007
  0.31902626E-007
  0.31902622E-007
  0.31902618E-007
  0.31902614E-007
  0.31902610E-007
  0.31902606E-007
  0.31902602E-007
  0.31902599E-007
  0.31902596E-007
  0.31902592E-007
  0.31902589E-007
  0.31902586E-007
  0.31902583E-007
  0.31902581E-007
  0.31902578E-007
  0.31902575E-007
