  0.96042409E+000
  0.96042389E+000
  0.96042377E+000
  0.96042372E+000
  0.96042373E+000
  0.96042378E+000
  0.96042387E+000
  0.96042399E+000
  0.96042414E+000
  0.96042431E+000
  0.96042449E+000
  0.96042469E+000
  0.96042489E+000
  0.96042511E+000
  0.96042533E+000
  0.96042555E+000
  0.96042578E+000
  0.96042602E+000
  0.96042625E+000
  0.96042648E+000
  0.96042672E+000
  0.96042695E+000
  0.96042719E+000
  0.96042742E+000
  0.96042765E+000
  0.96042788E+000
  0.96042811E+000
  0.96042834E+000
  0.96042857E+000
  0.96042879E+000
  0.96042901E+000
  0.96042923E+000
  0.96042944E+000
  0.96042965E+000
  0.96042986E+000
  0.96043006E+000
  0.96043026E+000
  0.96043045E+000
  0.96043064E+000
  0.96043083E+000
  0.96043100E+000
  0.96043117E+000
  0.96043134E+000
  0.96043149E+000
  0.96043164E+000
  0.96043179E+000
  0.96043192E+000
  0.96043204E+000
  0.96043216E+000
  0.96043227E+000
  0.96043236E+000
  0.96043245E+000
  0.96043253E+000
  0.96043259E+000
  0.96043265E+000
  0.96043269E+000
  0.96043273E+000
  0.96043275E+000
  0.96043277E+000
  0.96043277E+000
  0.96043276E+000
  0.96043275E+000
  0.96043272E+000
  0.96043268E+000
  0.96043264E+000
  0.96043258E+000
  0.96043252E+000
  0.96043245E+000
  0.96043237E+000
  0.96043228E+000
  0.96043219E+000
  0.96043209E+000
  0.96043198E+000
  0.96043187E+000
  0.96043175E+000
  0.96043163E+000
  0.96043151E+000
  0.96043138E+000
  0.96043125E+000
  0.96043111E+000
  0.96043097E+000
  0.96043083E+000
  0.96043069E+000
  0.96043055E+000
  0.96043041E+000
  0.96043026E+000
  0.96043012E+000
  0.96042997E+000
  0.96042983E+000
  0.96042968E+000
  0.96042954E+000
  0.96042939E+000
  0.96042925E+000
  0.96042911E+000
  0.96042897E+000
  0.96042883E+000
  0.96042869E+000
  0.96042855E+000
  0.96042841E+000
  0.96042827E+000
  0.96042814E+000
  0.96042801E+000
  0.96042787E+000
  0.96042774E+000
  0.96042762E+000
  0.96042749E+000
  0.96042736E+000
  0.96042724E+000
  0.96042712E+000
  0.96042700E+000
  0.96042688E+000
  0.96042676E+000
  0.96042665E+000
  0.96042653E+000
  0.96042642E+000
  0.96042631E+000
  0.96042620E+000
  0.96042610E+000
  0.96042599E+000
  0.96042589E+000
  0.96042579E+000
  0.96042569E+000
  0.96042560E+000
  0.96042550E+000
  0.96042541E+000
  0.96042532E+000
  0.96042523E+000
  0.96042515E+000
  0.96042506E+000
  0.96042498E+000
  0.96042490E+000
  0.96042482E+000
  0.96042474E+000
  0.96042467E+000
  0.96042460E+000
  0.96042452E+000
  0.96042446E+000
  0.96042439E+000
  0.96042432E+000
  0.96042426E+000
  0.96042420E+000
  0.96042413E+000
  0.96042407E+000
  0.96042402E+000
  0.96042396E+000
  0.96042390E+000
  0.96042385E+000
  0.96042379E+000
  0.96042374E+000
  0.96042369E+000
  0.96042364E+000
  0.96042359E+000
  0.96042354E+000
  0.96042349E+000
  0.96042343E+000
  0.96042338E+000
  0.96042333E+000
  0.96042328E+000
  0.96042323E+000
  0.96042318E+000
  0.96042313E+000
  0.96042308E+000
  0.96042303E+000
  0.96042297E+000
  0.96042292E+000
  0.96042287E+000
  0.96042281E+000
  0.96042276E+000
  0.96042270E+000
  0.96042264E+000
  0.96042258E+000
  0.96042253E+000
  0.96042247E+000
  0.96042241E+000
  0.96042235E+000
  0.96042228E+000
  0.96042222E+000
  0.96042216E+000
  0.96042210E+000
  0.96042203E+000
  0.96042197E+000
  0.96042191E+000
  0.96042184E+000
  0.96042178E+000
  0.96042172E+000
  0.96042165E+000
  0.96042159E+000
  0.96042153E+000
  0.96042147E+000
  0.96042141E+000
  0.96042135E+000
  0.96042130E+000
  0.96042124E+000
  0.96042119E+000
  0.96042114E+000
  0.96042109E+000
  0.96042104E+000
  0.96042100E+000
  0.96042096E+000
  0.96042092E+000
