  0.81537250E+000
  0.81540234E+000
  0.81542876E+000
  0.81545009E+000
  0.81546689E+000
  0.81547974E+000
  0.81548935E+000
  0.81549621E+000
  0.81550085E+000
  0.81550373E+000
  0.81550521E+000
  0.81550559E+000
  0.81550512E+000
  0.81550398E+000
  0.81550234E+000
  0.81550032E+000
  0.81549802E+000
  0.81549551E+000
  0.81549285E+000
  0.81549009E+000
  0.81548727E+000
  0.81548442E+000
  0.81548155E+000
  0.81547869E+000
  0.81547584E+000
  0.81547302E+000
  0.81547023E+000
  0.81546747E+000
  0.81546475E+000
  0.81546207E+000
  0.81545943E+000
  0.81545683E+000
  0.81545427E+000
  0.81545175E+000
  0.81544928E+000
  0.81544684E+000
  0.81544444E+000
  0.81544209E+000
  0.81543977E+000
  0.81543749E+000
  0.81543525E+000
  0.81543304E+000
  0.81543087E+000
  0.81542874E+000
  0.81542664E+000
  0.81542457E+000
  0.81542254E+000
  0.81542053E+000
  0.81541855E+000
  0.81541660E+000
  0.81541466E+000
  0.81541274E+000
  0.81541084E+000
  0.81540895E+000
  0.81540707E+000
  0.81540519E+000
  0.81540332E+000
  0.81540144E+000
  0.81539956E+000
  0.81539767E+000
  0.81539578E+000
  0.81539388E+000
  0.81539196E+000
  0.81539004E+000
  0.81538810E+000
  0.81538615E+000
  0.81538419E+000
  0.81538222E+000
  0.81538024E+000
  0.81537825E+000
  0.81537626E+000
  0.81537426E+000
  0.81537226E+000
  0.81537026E+000
  0.81536826E+000
  0.81536627E+000
  0.81536428E+000
  0.81536231E+000
  0.81536035E+000
  0.81535840E+000
  0.81535647E+000
  0.81535455E+000
  0.81535266E+000
  0.81535080E+000
  0.81534896E+000
  0.81534715E+000
  0.81534537E+000
  0.81534363E+000
  0.81534192E+000
  0.81534025E+000
  0.81533862E+000
  0.81533703E+000
  0.81533548E+000
  0.81533398E+000
  0.81533252E+000
  0.81533111E+000
  0.81532975E+000
  0.81532844E+000
  0.81532718E+000
  0.81532597E+000
  0.81532482E+000
  0.81532372E+000
  0.81532267E+000
  0.81532167E+000
  0.81532073E+000
  0.81531984E+000
  0.81531901E+000
  0.81531823E+000
  0.81531750E+000
  0.81531682E+000
  0.81531620E+000
  0.81531562E+000
  0.81531510E+000
  0.81531463E+000
  0.81531421E+000
  0.81531383E+000
  0.81531350E+000
  0.81531322E+000
  0.81531299E+000
  0.81531279E+000
  0.81531264E+000
  0.81531253E+000
  0.81531246E+000
  0.81531243E+000
  0.81531244E+000
  0.81531248E+000
  0.81531256E+000
  0.81531267E+000
  0.81531282E+000
  0.81531299E+000
  0.81531320E+000
  0.81531343E+000
  0.81531369E+000
  0.81531398E+000
  0.81531429E+000
  0.81531463E+000
  0.81531498E+000
  0.81531536E+000
  0.81531576E+000
  0.81531618E+000
  0.81531661E+000
  0.81531706E+000
  0.81531753E+000
  0.81531800E+000
  0.81531850E+000
  0.81531900E+000
  0.81531952E+000
  0.81532004E+000
  0.81532058E+000
  0.81532112E+000
  0.81532167E+000
  0.81532222E+000
  0.81532278E+000
  0.81532335E+000
  0.81532392E+000
  0.81532449E+000
  0.81532506E+000
  0.81532564E+000
  0.81532621E+000
  0.81532679E+000
  0.81532737E+000
  0.81532794E+000
  0.81532851E+000
  0.81532909E+000
  0.81532966E+000
  0.81533022E+000
  0.81533078E+000
  0.81533134E+000
  0.81533190E+000
  0.81533245E+000
  0.81533299E+000
  0.81533353E+000
  0.81533406E+000
  0.81533459E+000
  0.81533511E+000
  0.81533563E+000
  0.81533614E+000
  0.81533664E+000
  0.81533713E+000
  0.81533762E+000
  0.81533810E+000
  0.81533857E+000
  0.81533904E+000
  0.81533949E+000
  0.81533994E+000
  0.81534038E+000
  0.81534082E+000
  0.81534124E+000
  0.81534166E+000
  0.81534207E+000
  0.81534247E+000
  0.81534286E+000
  0.81534325E+000
  0.81534362E+000
  0.81534399E+000
  0.81534435E+000
  0.81534470E+000
  0.81534505E+000
  0.81534539E+000
  0.81534571E+000
