  0.34135082E+000
  0.34239973E+000
  0.34331804E+000
  0.34410613E+000
  0.34478274E+000
  0.34535882E+000
  0.34585685E+000
  0.34627736E+000
  0.34663963E+000
  0.34694444E+000
  0.34720782E+000
  0.34743219E+000
  0.34762476E+000
  0.34778906E+000
  0.34793718E+000
  0.34805854E+000
  0.34816089E+000
  0.34825306E+000
  0.34832623E+000
  0.34839206E+000
  0.34844991E+000
  0.34849857E+000
  0.34854057E+000
  0.34857543E+000
  0.34860657E+000
  0.34863234E+000
  0.34865622E+000
  0.34867618E+000
  0.34869275E+000
  0.34870577E+000
  0.34872044E+000
  0.34873097E+000
  0.34874092E+000
  0.34874949E+000
  0.34875652E+000
  0.34876381E+000
  0.34877020E+000
  0.34877735E+000
  0.34878285E+000
  0.34878764E+000
  0.34879240E+000
  0.34879671E+000
  0.34880095E+000
  0.34880521E+000
  0.34881000E+000
  0.34881397E+000
  0.34881802E+000
  0.34882183E+000
  0.34882589E+000
  0.34882993E+000
  0.34883380E+000
  0.34883766E+000
  0.34884128E+000
  0.34884578E+000
  0.34884944E+000
  0.34885261E+000
  0.34885574E+000
  0.34885883E+000
  0.34886197E+000
  0.34886483E+000
  0.34886773E+000
  0.34887058E+000
  0.34887332E+000
  0.34887597E+000
  0.34887862E+000
  0.34888117E+000
  0.34888366E+000
  0.34888610E+000
  0.34888846E+000
  0.34889075E+000
  0.34889298E+000
  0.34889514E+000
  0.34889725E+000
  0.34889931E+000
  0.34890134E+000
  0.34890333E+000
  0.34890524E+000
  0.34890713E+000
  0.34890899E+000
  0.34891083E+000
  0.34891264E+000
  0.34891442E+000
  0.34891617E+000
  0.34891791E+000
  0.34891965E+000
  0.34892135E+000
  0.34892308E+000
  0.34892478E+000
  0.34892650E+000
  0.34892820E+000
  0.34892993E+000
  0.34893162E+000
  0.34893334E+000
  0.34893509E+000
  0.34893684E+000
  0.34893858E+000
  0.34894032E+000
  0.34894208E+000
  0.34894388E+000
  0.34894564E+000
  0.34894744E+000
  0.34894926E+000
  0.34895106E+000
  0.34895293E+000
  0.34895480E+000
  0.34895668E+000
  0.34895861E+000
  0.34896059E+000
  0.34896255E+000
  0.34896460E+000
  0.34896663E+000
  0.34896869E+000
  0.34897075E+000
  0.34897286E+000
  0.34897499E+000
  0.34897714E+000
  0.34897932E+000
  0.34898152E+000
  0.34898375E+000
  0.34898594E+000
  0.34898820E+000
  0.34899049E+000
  0.34899280E+000
  0.34899513E+000
  0.34899748E+000
  0.34899983E+000
  0.34900219E+000
  0.34900457E+000
  0.34900694E+000
  0.34900934E+000
  0.34901177E+000
  0.34901420E+000
  0.34901660E+000
  0.34901901E+000
  0.34902141E+000
  0.34902381E+000
  0.34902620E+000
  0.34902858E+000
  0.34903096E+000
  0.34903331E+000
  0.34903566E+000
  0.34903799E+000
  0.34904030E+000
  0.34904261E+000
  0.34904486E+000
  0.34904711E+000
  0.34904933E+000
  0.34905152E+000
  0.34905370E+000
  0.34905583E+000
  0.34905794E+000
  0.34906001E+000
  0.34906204E+000
  0.34906404E+000
  0.34906600E+000
  0.34906793E+000
  0.34906981E+000
  0.34907166E+000
  0.34907346E+000
  0.34907523E+000
  0.34907695E+000
  0.34907863E+000
  0.34908027E+000
  0.34908186E+000
  0.34908341E+000
  0.34908491E+000
  0.34908637E+000
  0.34908779E+000
  0.34908916E+000
  0.34909049E+000
  0.34909178E+000
  0.34909302E+000
  0.34909422E+000
  0.34909538E+000
  0.34909650E+000
  0.34909757E+000
  0.34909861E+000
  0.34909960E+000
  0.34910055E+000
  0.34910147E+000
  0.34910235E+000
  0.34910319E+000
  0.34910399E+000
  0.34910476E+000
  0.34910550E+000
  0.34910620E+000
  0.34910687E+000
  0.34910751E+000
  0.34910811E+000
  0.34910869E+000
  0.34910924E+000
  0.34910977E+000
  0.34911026E+000
  0.34911073E+000
  0.34911118E+000
  0.34911160E+000
  0.34911200E+000
  0.34911238E+000
  0.34911275E+000
  0.34911309E+000
