  0.10133839E+001
  0.10139945E+001
  0.10144773E+001
  0.10148525E+001
  0.10151395E+001
  0.10153548E+001
  0.10155122E+001
  0.10156228E+001
  0.10156958E+001
  0.10157387E+001
  0.10157577E+001
  0.10157576E+001
  0.10157425E+001
  0.10157156E+001
  0.10156797E+001
  0.10156367E+001
  0.10155884E+001
  0.10155361E+001
  0.10154808E+001
  0.10154235E+001
  0.10153648E+001
  0.10153052E+001
  0.10152452E+001
  0.10151852E+001
  0.10151253E+001
  0.10150658E+001
  0.10150068E+001
  0.10149485E+001
  0.10148910E+001
  0.10148342E+001
  0.10147783E+001
  0.10147234E+001
  0.10146693E+001
  0.10146163E+001
  0.10145642E+001
  0.10145132E+001
  0.10144633E+001
  0.10144144E+001
  0.10143666E+001
  0.10143199E+001
  0.10142744E+001
  0.10142301E+001
  0.10141870E+001
  0.10141451E+001
  0.10141045E+001
  0.10140652E+001
  0.10140271E+001
  0.10139904E+001
  0.10139549E+001
  0.10139208E+001
  0.10138879E+001
  0.10138563E+001
  0.10138259E+001
  0.10137968E+001
  0.10137690E+001
  0.10137422E+001
  0.10137167E+001
  0.10136923E+001
  0.10136689E+001
  0.10136466E+001
  0.10136254E+001
  0.10136051E+001
  0.10135858E+001
  0.10135675E+001
  0.10135500E+001
  0.10135335E+001
  0.10135179E+001
  0.10135032E+001
  0.10134893E+001
  0.10134763E+001
  0.10134641E+001
  0.10134527E+001
  0.10134421E+001
  0.10134323E+001
  0.10134232E+001
  0.10134148E+001
  0.10134071E+001
  0.10134001E+001
  0.10133937E+001
  0.10133879E+001
  0.10133827E+001
  0.10133781E+001
  0.10133739E+001
  0.10133702E+001
  0.10133670E+001
  0.10133641E+001
  0.10133617E+001
  0.10133596E+001
  0.10133578E+001
  0.10133562E+001
  0.10133550E+001
  0.10133539E+001
  0.10133531E+001
  0.10133524E+001
  0.10133519E+001
  0.10133516E+001
  0.10133514E+001
  0.10133514E+001
  0.10133515E+001
  0.10133516E+001
  0.10133519E+001
  0.10133522E+001
  0.10133526E+001
  0.10133531E+001
  0.10133536E+001
  0.10133541E+001
  0.10133547E+001
  0.10133553E+001
  0.10133559E+001
  0.10133566E+001
  0.10133572E+001
  0.10133579E+001
  0.10133585E+001
  0.10133592E+001
  0.10133599E+001
  0.10133605E+001
  0.10133611E+001
  0.10133618E+001
  0.10133624E+001
  0.10133630E+001
  0.10133636E+001
  0.10133642E+001
  0.10133648E+001
  0.10133654E+001
  0.10133659E+001
  0.10133665E+001
  0.10133670E+001
  0.10133675E+001
  0.10133680E+001
  0.10133685E+001
  0.10133690E+001
  0.10133694E+001
  0.10133699E+001
  0.10133703E+001
  0.10133708E+001
  0.10133712E+001
  0.10133716E+001
  0.10133720E+001
  0.10133724E+001
  0.10133728E+001
  0.10133731E+001
  0.10133735E+001
  0.10133738E+001
  0.10133742E+001
  0.10133745E+001
  0.10133748E+001
  0.10133751E+001
  0.10133754E+001
  0.10133757E+001
  0.10133760E+001
  0.10133763E+001
  0.10133765E+001
  0.10133768E+001
  0.10133770E+001
  0.10133773E+001
  0.10133775E+001
  0.10133777E+001
  0.10133779E+001
  0.10133782E+001
  0.10133784E+001
  0.10133786E+001
  0.10133787E+001
  0.10133789E+001
  0.10133791E+001
  0.10133793E+001
  0.10133795E+001
  0.10133796E+001
  0.10133798E+001
  0.10133799E+001
  0.10133801E+001
  0.10133802E+001
  0.10133803E+001
  0.10133805E+001
  0.10133806E+001
  0.10133807E+001
  0.10133808E+001
  0.10133810E+001
  0.10133811E+001
  0.10133812E+001
  0.10133813E+001
  0.10133814E+001
  0.10133815E+001
  0.10133816E+001
  0.10133817E+001
  0.10133817E+001
  0.10133818E+001
  0.10133819E+001
  0.10133820E+001
  0.10133820E+001
  0.10133821E+001
  0.10133822E+001
  0.10133823E+001
  0.10133823E+001
  0.10133824E+001
  0.10133824E+001
  0.10133825E+001
  0.10133825E+001
  0.10133826E+001
  0.10133826E+001
  0.10133826E+001
