  0.78181234E+000
  0.78180601E+000
  0.78180094E+000
  0.78179681E+000
  0.78179344E+000
  0.78179069E+000
  0.78178847E+000
  0.78178669E+000
  0.78178527E+000
  0.78178415E+000
  0.78178328E+000
  0.78178261E+000
  0.78178211E+000
  0.78178175E+000
  0.78178150E+000
  0.78178133E+000
  0.78178124E+000
  0.78178121E+000
  0.78178121E+000
  0.78178124E+000
  0.78178129E+000
  0.78178135E+000
  0.78178141E+000
  0.78178147E+000
  0.78178152E+000
  0.78178156E+000
  0.78178158E+000
  0.78178158E+000
  0.78178155E+000
  0.78178150E+000
  0.78178142E+000
  0.78178131E+000
  0.78178116E+000
  0.78178098E+000
  0.78178075E+000
  0.78178049E+000
  0.78178019E+000
  0.78177984E+000
  0.78177945E+000
  0.78177901E+000
  0.78177853E+000
  0.78177800E+000
  0.78177742E+000
  0.78177680E+000
  0.78177613E+000
  0.78177541E+000
  0.78177465E+000
  0.78177384E+000
  0.78177298E+000
  0.78177208E+000
  0.78177113E+000
  0.78177014E+000
  0.78176911E+000
  0.78176803E+000
  0.78176692E+000
  0.78176577E+000
  0.78176459E+000
  0.78176337E+000
  0.78176212E+000
  0.78176085E+000
  0.78175954E+000
  0.78175822E+000
  0.78175687E+000
  0.78175551E+000
  0.78175413E+000
  0.78175274E+000
  0.78175134E+000
  0.78174994E+000
  0.78174853E+000
  0.78174713E+000
  0.78174572E+000
  0.78174433E+000
  0.78174294E+000
  0.78174157E+000
  0.78174022E+000
  0.78173888E+000
  0.78173757E+000
  0.78173628E+000
  0.78173502E+000
  0.78173379E+000
  0.78173259E+000
  0.78173142E+000
  0.78173030E+000
  0.78172921E+000
  0.78172816E+000
  0.78172716E+000
  0.78172620E+000
  0.78172529E+000
  0.78172442E+000
  0.78172360E+000
  0.78172283E+000
  0.78172211E+000
  0.78172144E+000
  0.78172082E+000
  0.78172025E+000
  0.78171973E+000
  0.78171926E+000
  0.78171884E+000
  0.78171847E+000
  0.78171816E+000
  0.78171789E+000
  0.78171767E+000
  0.78171750E+000
  0.78171738E+000
  0.78171731E+000
  0.78171728E+000
  0.78171730E+000
  0.78171736E+000
  0.78171746E+000
  0.78171761E+000
  0.78171779E+000
  0.78171802E+000
  0.78171828E+000
  0.78171858E+000
  0.78171892E+000
  0.78171929E+000
  0.78171970E+000
  0.78172013E+000
  0.78172060E+000
  0.78172110E+000
  0.78172163E+000
  0.78172218E+000
  0.78172276E+000
  0.78172336E+000
  0.78172398E+000
  0.78172463E+000
  0.78172530E+000
  0.78172598E+000
  0.78172669E+000
  0.78172741E+000
  0.78172815E+000
  0.78172890E+000
  0.78172966E+000
  0.78173044E+000
  0.78173123E+000
  0.78173203E+000
  0.78173284E+000
  0.78173365E+000
  0.78173447E+000
  0.78173530E+000
  0.78173614E+000
  0.78173697E+000
  0.78173781E+000
  0.78173866E+000
  0.78173950E+000
  0.78174035E+000
  0.78174120E+000
  0.78174204E+000
  0.78174288E+000
  0.78174373E+000
  0.78174456E+000
  0.78174540E+000
  0.78174623E+000
  0.78174706E+000
  0.78174788E+000
  0.78174869E+000
  0.78174950E+000
  0.78175030E+000
  0.78175110E+000
  0.78175189E+000
  0.78175267E+000
  0.78175344E+000
  0.78175420E+000
  0.78175495E+000
  0.78175570E+000
  0.78175643E+000
  0.78175715E+000
  0.78175787E+000
  0.78175857E+000
  0.78175927E+000
  0.78175995E+000
  0.78176062E+000
  0.78176128E+000
  0.78176193E+000
  0.78176257E+000
  0.78176320E+000
  0.78176381E+000
  0.78176442E+000
  0.78176501E+000
  0.78176559E+000
  0.78176616E+000
  0.78176672E+000
  0.78176726E+000
  0.78176780E+000
  0.78176832E+000
  0.78176884E+000
  0.78176934E+000
  0.78176983E+000
  0.78177031E+000
  0.78177078E+000
  0.78177123E+000
  0.78177168E+000
  0.78177211E+000
  0.78177254E+000
  0.78177296E+000
  0.78177336E+000
  0.78177375E+000
  0.78177414E+000
  0.78177451E+000
  0.78177488E+000
