 -0.70825100E+000 -0.54355073E+000 -0.29030673E+000 -0.98807593E-001 -0.44116143E-001  0.65260546E+000  0.11168491E+002  0.44726724E+002  0.74991703E+002  0.12145763E+003  0.14891923E+003
 -0.70868324E+000 -0.54400079E+000 -0.29078085E+000 -0.98868670E-001 -0.44573333E-001  0.65208235E+000  0.11165976E+002  0.44725127E+002  0.74990336E+002  0.12145483E+003  0.14891911E+003
 -0.70900706E+000 -0.54434946E+000 -0.29115719E+000 -0.98915152E-001 -0.44849535E-001  0.65165005E+000  0.11164770E+002  0.44724289E+002  0.74989664E+002  0.12145305E+003  0.14891902E+003
 -0.70924363E+000 -0.54461408E+000 -0.29145278E+000 -0.98950319E-001 -0.44997545E-001  0.65129669E+000  0.11164695E+002  0.44723634E+002  0.74989134E+002  0.12145157E+003  0.14891895E+003
 -0.70941037E+000 -0.54480969E+000 -0.29168179E+000 -0.98976600E-001 -0.45058141E-001  0.65101082E+000  0.11164634E+002  0.44723081E+002  0.74988687E+002  0.12145032E+003  0.14891890E+003
 -0.70952211E+000 -0.54494934E+000 -0.29185597E+000 -0.98995855E-001 -0.45061601E-001  0.65078224E+000  0.11164584E+002  0.44722609E+002  0.74988307E+002  0.12144925E+003  0.14891885E+003
 -0.70959122E+000 -0.54504414E+000 -0.29198508E+000 -0.99009529E-001 -0.45029710E-001  0.65060207E+000  0.11164543E+002  0.44722209E+002  0.74987984E+002  0.12144834E+003  0.14891881E+003
 -0.70962778E+000 -0.54510336E+000 -0.29207725E+000 -0.99018750E-001 -0.44977672E-001  0.65046267E+000  0.11164510E+002  0.44721870E+002  0.74987711E+002  0.12144757E+003  0.14891877E+003
 -0.70963989E+000 -0.54513467E+000 -0.29213928E+000 -0.99024412E-001 -0.44915768E-001  0.65035746E+000  0.11164483E+002  0.44721583E+002  0.74987481E+002  0.12144692E+003  0.14891874E+003
 -0.70963393E+000 -0.54514434E+000 -0.29217681E+000 -0.99027229E-001 -0.44850699E-001  0.65028083E+000  0.11164460E+002  0.44721340E+002  0.74987286E+002  0.12144637E+003  0.14891872E+003
 -0.70961491E+000 -0.54513747E+000 -0.29219455E+000 -0.99027770E-001 -0.44786638E-001  0.65022801E+000  0.11164441E+002  0.44721134E+002  0.74987121E+002  0.12144590E+003  0.14891870E+003
 -0.70958669E+000 -0.54511816E+000 -0.29219642E+000 -0.99026498E-001 -0.44726018E-001  0.65019483E+000  0.11164426E+002  0.44720959E+002  0.74986980E+002  0.12144550E+003  0.14891868E+003
 -0.70955226E+000 -0.54508988E+000 -0.29218565E+000 -0.99023788E-001 -0.44670106E-001  0.65017781E+000  0.11164414E+002  0.44720811E+002  0.74986861E+002  0.12144516E+003  0.14891866E+003
 -0.70951387E+000 -0.54505522E+000 -0.29216492E+000 -0.99019946E-001 -0.44619411E-001  0.65017413E+000  0.11164404E+002  0.44720685E+002  0.74986759E+002  0.12144487E+003  0.14891865E+003
 -0.70947321E+000 -0.54501619E+000 -0.29213643E+000 -0.99015222E-001 -0.44573975E-001  0.65018143E+000  0.11164396E+002  0.44720579E+002  0.74986672E+002  0.12144463E+003  0.14891864E+003
 -0.70943156E+000 -0.54497438E+000 -0.29210199E+000 -0.99009821E-001 -0.44533559E-001  0.65019774E+000  0.11164390E+002  0.44720488E+002  0.74986598E+002  0.12144442E+003  0.14891863E+003
 -0.70938985E+000 -0.54493102E+000 -0.29206308E+000 -0.99003912E-001 -0.44497777E-001  0.65022139E+000  0.11164385E+002  0.44720412E+002  0.74986535E+002  0.12144424E+003  0.14891862E+003
 -0.70934873E+000 -0.54488705E+000 -0.29202092E+000 -0.98997634E-001 -0.44466176E-001  0.65025102E+000  0.11164381E+002  0.44720347E+002  0.74986482E+002  0.12144408E+003  0.14891862E+003
 -0.70930868E+000 -0.54484316E+000 -0.29197647E+000 -0.98991101E-001 -0.44438292E-001  0.65028548E+000  0.11164379E+002  0.44720291E+002  0.74986436E+002  0.12144395E+003  0.14891861E+003
 -0.70927000E+000 -0.54479989E+000 -0.29193052E+000 -0.98984407E-001 -0.44413671E-001  0.65032383E+000  0.11164377E+002  0.44720245E+002  0.74986396E+002  0.12144383E+003  0.14891861E+003
 -0.70923288E+000 -0.54475761E+000 -0.29188370E+000 -0.98977630E-001 -0.44391896E-001  0.65036526E+000  0.11164376E+002  0.44720205E+002  0.74986362E+002  0.12144373E+003  0.14891860E+003
 -0.70919741E+000 -0.54471657E+000 -0.29183652E+000 -0.98970833E-001 -0.44372587E-001  0.65040911E+000  0.11164375E+002  0.44720171E+002  0.74986333E+002  0.12144364E+003  0.14891860E+003
 -0.70916363E+000 -0.54467693E+000 -0.29178936E+000 -0.98964069E-001 -0.44355406E-001  0.65045485E+000  0.11164375E+002  0.44720143E+002  0.74986308E+002  0.12144357E+003  0.14891860E+003
 -0.70913151E+000 -0.54463879E+000 -0.29174252E+000 -0.98957379E-001 -0.44340059E-001  0.65050200E+000  0.11164375E+002  0.44720119E+002  0.74986286E+002  0.12144350E+003  0.14891859E+003
 -0.70910101E+000 -0.54460218E+000 -0.29169624E+000 -0.98950800E-001 -0.44326289E-001  0.65055018E+000  0.11164376E+002  0.44720099E+002  0.74986267E+002  0.12144345E+003  0.14891859E+003
 -0.70907205E+000 -0.54456711E+000 -0.29165068E+000 -0.98944358E-001 -0.44313874E-001  0.65059907E+000  0.11164377E+002  0.44720082E+002  0.74986251E+002  0.12144340E+003  0.14891859E+003
 -0.70904453E+000 -0.54453354E+000 -0.29160595E+000 -0.98938077E-001 -0.44302623E-001  0.65064838E+000  0.11164379E+002  0.44720067E+002  0.74986237E+002  0.12144336E+003  0.14891859E+003
 -0.70901837E+000 -0.54450140E+000 -0.29156215E+000 -0.98931974E-001 -0.44292373E-001  0.65069790E+000  0.11164381E+002  0.44720056E+002  0.74986224E+002  0.12144332E+003  0.14891859E+003
 -0.70899345E+000 -0.54447064E+000 -0.29151930E+000 -0.98926062E-001 -0.44282987E-001  0.65074741E+000  0.11164382E+002  0.44720046E+002  0.74986214E+002  0.12144329E+003  0.14891859E+003
 -0.70896967E+000 -0.54444116E+000 -0.29147745E+000 -0.98920352E-001 -0.44274346E-001  0.65079673E+000  0.11164385E+002  0.44720038E+002  0.74986204E+002  0.12144326E+003  0.14891859E+003
 -0.70894694E+000 -0.54441288E+000 -0.29143658E+000 -0.98914850E-001 -0.44266350E-001  0.65084571E+000  0.11164387E+002  0.44720032E+002  0.74986196E+002  0.12144323E+003  0.14891858E+003
 -0.70892516E+000 -0.54438571E+000 -0.29139670E+000 -0.98909562E-001 -0.44258917E-001  0.65089421E+000  0.11164389E+002  0.44720028E+002  0.74986189E+002  0.12144321E+003  0.14891858E+003
 -0.70890424E+000 -0.54435956E+000 -0.29135776E+000 -0.98904488E-001 -0.44251975E-001  0.65094209E+000  0.11164392E+002  0.44720025E+002  0.74986183E+002  0.12144319E+003  0.14891858E+003
 -0.70888410E+000 -0.54433434E+000 -0.29131975E+000 -0.98899630E-001 -0.44245466E-001  0.65098925E+000  0.11164395E+002  0.44720023E+002  0.74986177E+002  0.12144317E+003  0.14891858E+003
 -0.70886466E+000 -0.54430996E+000 -0.29128264E+000 -0.98894987E-001 -0.44239339E-001  0.65103557E+000  0.11164397E+002  0.44720022E+002  0.74986173E+002  0.12144315E+003  0.14891858E+003
 -0.70884585E+000 -0.54428635E+000 -0.29124637E+000 -0.98890554E-001 -0.44233555E-001  0.65108095E+000  0.11164400E+002  0.44720022E+002  0.74986169E+002  0.12144314E+003  0.14891858E+003
 -0.70882762E+000 -0.54426344E+000 -0.29121094E+000 -0.98886328E-001 -0.44228079E-001  0.65112529E+000  0.11164404E+002  0.44720023E+002  0.74986166E+002  0.12144313E+003  0.14891858E+003
 -0.70880990E+000 -0.54424115E+000 -0.29117629E+000 -0.98882305E-001 -0.44222883E-001  0.65116850E+000  0.11164407E+002  0.44720026E+002  0.74986163E+002  0.12144311E+003  0.14891858E+003
 -0.70879265E+000 -0.54421943E+000 -0.29114240E+000 -0.98878479E-001 -0.44217944E-001  0.65121050E+000  0.11164410E+002  0.44720029E+002  0.74986161E+002  0.12144310E+003  0.14891858E+003
 -0.70877583E+000 -0.54419821E+000 -0.29110926E+000 -0.98874843E-001 -0.44213243E-001  0.65125121E+000  0.11164413E+002  0.44720033E+002  0.74986160E+002  0.12144310E+003  0.14891858E+003
 -0.70875939E+000 -0.54417747E+000 -0.29107683E+000 -0.98871391E-001 -0.44208764E-001  0.65129057E+000  0.11164417E+002  0.44720038E+002  0.74986159E+002  0.12144309E+003  0.14891858E+003
 -0.70874330E+000 -0.54415714E+000 -0.29104511E+000 -0.98868117E-001 -0.44204495E-001  0.65132850E+000  0.11164421E+002  0.44720044E+002  0.74986159E+002  0.12144308E+003  0.14891858E+003
 -0.70872755E+000 -0.54413719E+000 -0.29101409E+000 -0.98865012E-001 -0.44200425E-001  0.65136498E+000  0.11164424E+002  0.44720052E+002  0.74986160E+002  0.12144308E+003  0.14891858E+003
 -0.70871209E+000 -0.54411759E+000 -0.29098376E+000 -0.98862069E-001 -0.44196545E-001  0.65139994E+000  0.11164428E+002  0.44720060E+002  0.74986161E+002  0.12144308E+003  0.14891858E+003
 -0.70869693E+000 -0.54409832E+000 -0.29095412E+000 -0.98859283E-001 -0.44192846E-001  0.65143337E+000  0.11164432E+002  0.44720069E+002  0.74986162E+002  0.12144307E+003  0.14891858E+003
 -0.70868203E+000 -0.54407936E+000 -0.29092518E+000 -0.98856645E-001 -0.44189323E-001  0.65146526E+000  0.11164436E+002  0.44720079E+002  0.74986165E+002  0.12144307E+003  0.14891858E+003
 -0.70866738E+000 -0.54406068E+000 -0.29089695E+000 -0.98854148E-001 -0.44185969E-001  0.65149561E+000  0.11164440E+002  0.44720090E+002  0.74986168E+002  0.12144307E+003  0.14891859E+003
 -0.70865298E+000 -0.54404227E+000 -0.29086943E+000 -0.98851786E-001 -0.44182778E-001  0.65152443E+000  0.11164444E+002  0.44720103E+002  0.74986171E+002  0.12144308E+003  0.14891859E+003
 -0.70863882E+000 -0.54402413E+000 -0.29084264E+000 -0.98849551E-001 -0.44179744E-001  0.65155174E+000  0.11164449E+002  0.44720116E+002  0.74986175E+002  0.12144308E+003  0.14891859E+003
 -0.70862488E+000 -0.54400624E+000 -0.29081659E+000 -0.98847438E-001 -0.44176862E-001  0.65157761E+000  0.11164453E+002  0.44720131E+002  0.74986180E+002  0.12144308E+003  0.14891859E+003
 -0.70861117E+000 -0.54398861E+000 -0.29079129E+000 -0.98845439E-001 -0.44174125E-001  0.65160207E+000  0.11164458E+002  0.44720147E+002  0.74986186E+002  0.12144309E+003  0.14891859E+003
 -0.70859769E+000 -0.54397123E+000 -0.29076674E+000 -0.98843549E-001 -0.44171527E-001  0.65162520E+000  0.11164462E+002  0.44720164E+002  0.74986193E+002  0.12144310E+003  0.14891859E+003
 -0.70858442E+000 -0.54395411E+000 -0.29074298E+000 -0.98841762E-001 -0.44169063E-001  0.65164708E+000  0.11164467E+002  0.44720182E+002  0.74986200E+002  0.12144311E+003  0.14891859E+003
 -0.70857138E+000 -0.54393726E+000 -0.29071999E+000 -0.98840071E-001 -0.44166727E-001  0.65166780E+000  0.11164472E+002  0.44720202E+002  0.74986208E+002  0.12144312E+003  0.14891859E+003
 -0.70855856E+000 -0.54392068E+000 -0.29069779E+000 -0.98838471E-001 -0.44164512E-001  0.65168744E+000  0.11164476E+002  0.44720223E+002  0.74986217E+002  0.12144313E+003  0.14891859E+003
 -0.70854597E+000 -0.54390439E+000 -0.29067639E+000 -0.98836957E-001 -0.44162411E-001  0.65170611E+000  0.11164481E+002  0.44720246E+002  0.74986226E+002  0.12144315E+003  0.14891859E+003
 -0.70853362E+000 -0.54388839E+000 -0.29065579E+000 -0.98835524E-001 -0.44160420E-001  0.65172391E+000  0.11164486E+002  0.44720270E+002  0.74986237E+002  0.12144316E+003  0.14891859E+003
 -0.70852150E+000 -0.54387271E+000 -0.29063600E+000 -0.98834167E-001 -0.44158532E-001  0.65174094E+000  0.11164491E+002  0.44720295E+002  0.74986249E+002  0.12144318E+003  0.14891860E+003
 -0.70850964E+000 -0.54385736E+000 -0.29061701E+000 -0.98832882E-001 -0.44156740E-001  0.65175729E+000  0.11164496E+002  0.44720322E+002  0.74986261E+002  0.12144320E+003  0.14891860E+003
 -0.70849803E+000 -0.54384236E+000 -0.29059882E+000 -0.98831664E-001 -0.44155040E-001  0.65177306E+000  0.11164502E+002  0.44720350E+002  0.74986275E+002  0.12144322E+003  0.14891860E+003
 -0.70848669E+000 -0.54382773E+000 -0.29058143E+000 -0.98830510E-001 -0.44153426E-001  0.65178833E+000  0.11164507E+002  0.44720380E+002  0.74986290E+002  0.12144325E+003  0.14891860E+003
 -0.70847562E+000 -0.54381349E+000 -0.29056483E+000 -0.98829416E-001 -0.44151894E-001  0.65180321E+000  0.11164512E+002  0.44720412E+002  0.74986306E+002  0.12144327E+003  0.14891860E+003
 -0.70846485E+000 -0.54379966E+000 -0.29054901E+000 -0.98828379E-001 -0.44150438E-001  0.65181775E+000  0.11164518E+002  0.44720445E+002  0.74986322E+002  0.12144330E+003  0.14891860E+003
 -0.70845438E+000 -0.54378625E+000 -0.29053397E+000 -0.98827396E-001 -0.44149055E-001  0.65183202E+000  0.11164523E+002  0.44720480E+002  0.74986340E+002  0.12144333E+003  0.14891861E+003
 -0.70844422E+000 -0.54377328E+000 -0.29051970E+000 -0.98826464E-001 -0.44147740E-001  0.65184610E+000  0.11164529E+002  0.44720516E+002  0.74986360E+002  0.12144336E+003  0.14891861E+003
 -0.70843439E+000 -0.54376078E+000 -0.29050617E+000 -0.98825581E-001 -0.44146490E-001  0.65186002E+000  0.11164534E+002  0.44720554E+002  0.74986380E+002  0.12144340E+003  0.14891861E+003
 -0.70842488E+000 -0.54374875E+000 -0.29049338E+000 -0.98824744E-001 -0.44145301E-001  0.65187384E+000  0.11164540E+002  0.44720593E+002  0.74986401E+002  0.12144344E+003  0.14891861E+003
 -0.70841573E+000 -0.54373721E+000 -0.29048131E+000 -0.98823952E-001 -0.44144170E-001  0.65188758E+000  0.11164546E+002  0.44720634E+002  0.74986424E+002  0.12144348E+003  0.14891861E+003
 -0.70840692E+000 -0.54372617E+000 -0.29046994E+000 -0.98823203E-001 -0.44143095E-001  0.65190129E+000  0.11164552E+002  0.44720677E+002  0.74986448E+002  0.12144352E+003  0.14891862E+003
 -0.70839847E+000 -0.54371563E+000 -0.29045926E+000 -0.98822493E-001 -0.44142072E-001  0.65191498E+000  0.11164557E+002  0.44720721E+002  0.74986473E+002  0.12144356E+003  0.14891862E+003
 -0.70839039E+000 -0.54370560E+000 -0.29044923E+000 -0.98821823E-001 -0.44141099E-001  0.65192867E+000  0.11164563E+002  0.44720767E+002  0.74986499E+002  0.12144361E+003  0.14891862E+003
 -0.70838268E+000 -0.54369608E+000 -0.29043984E+000 -0.98821189E-001 -0.44140174E-001  0.65194238E+000  0.11164569E+002  0.44720814E+002  0.74986527E+002  0.12144366E+003  0.14891862E+003
 -0.70837533E+000 -0.54368707E+000 -0.29043107E+000 -0.98820591E-001 -0.44139293E-001  0.65195611E+000  0.11164575E+002  0.44720862E+002  0.74986555E+002  0.12144371E+003  0.14891863E+003
 -0.70836836E+000 -0.54367857E+000 -0.29042289E+000 -0.98820027E-001 -0.44138456E-001  0.65196986E+000  0.11164581E+002  0.44720912E+002  0.74986585E+002  0.12144377E+003  0.14891863E+003
 -0.70836175E+000 -0.54367056E+000 -0.29041527E+000 -0.98819494E-001 -0.44137659E-001  0.65198364E+000  0.11164587E+002  0.44720963E+002  0.74986616E+002  0.12144383E+003  0.14891863E+003
 -0.70835551E+000 -0.54366304E+000 -0.29040819E+000 -0.98818992E-001 -0.44136901E-001  0.65199745E+000  0.11164592E+002  0.44721015E+002  0.74986648E+002  0.12144388E+003  0.14891864E+003
 -0.70834962E+000 -0.54365600E+000 -0.29040162E+000 -0.98818519E-001 -0.44136178E-001  0.65201129E+000  0.11164598E+002  0.44721068E+002  0.74986681E+002  0.12144395E+003  0.14891864E+003
 -0.70834408E+000 -0.54364942E+000 -0.29039553E+000 -0.98818073E-001 -0.44135490E-001  0.65202514E+000  0.11164604E+002  0.44721123E+002  0.74986716E+002  0.12144401E+003  0.14891864E+003
 -0.70833888E+000 -0.54364329E+000 -0.29038990E+000 -0.98817653E-001 -0.44134835E-001  0.65203900E+000  0.11164610E+002  0.44721178E+002  0.74986751E+002  0.12144408E+003  0.14891865E+003
 -0.70833400E+000 -0.54363758E+000 -0.29038470E+000 -0.98817257E-001 -0.44134209E-001  0.65205287E+000  0.11164616E+002  0.44721235E+002  0.74986788E+002  0.12144414E+003  0.14891865E+003
 -0.70832944E+000 -0.54363228E+000 -0.29037991E+000 -0.98816883E-001 -0.44133611E-001  0.65206673E+000  0.11164622E+002  0.44721292E+002  0.74986825E+002  0.12144422E+003  0.14891865E+003
 -0.70832519E+000 -0.54362736E+000 -0.29037549E+000 -0.98816531E-001 -0.44133040E-001  0.65208058E+000  0.11164627E+002  0.44721350E+002  0.74986864E+002  0.12144429E+003  0.14891866E+003
 -0.70832122E+000 -0.54362281E+000 -0.29037142E+000 -0.98816198E-001 -0.44132493E-001  0.65209441E+000  0.11164633E+002  0.44721409E+002  0.74986903E+002  0.12144436E+003  0.14891866E+003
 -0.70831752E+000 -0.54361861E+000 -0.29036767E+000 -0.98815884E-001 -0.44131969E-001  0.65210820E+000  0.11164639E+002  0.44721469E+002  0.74986943E+002  0.12144444E+003  0.14891866E+003
 -0.70831408E+000 -0.54361473E+000 -0.29036423E+000 -0.98815586E-001 -0.44131466E-001  0.65212195E+000  0.11164644E+002  0.44721529E+002  0.74986985E+002  0.12144452E+003  0.14891867E+003
 -0.70831088E+000 -0.54361114E+000 -0.29036106E+000 -0.98815304E-001 -0.44130982E-001  0.65213565E+000  0.11164650E+002  0.44721590E+002  0.74987026E+002  0.12144460E+003  0.14891867E+003
 -0.70830791E+000 -0.54360784E+000 -0.29035815E+000 -0.98815037E-001 -0.44130517E-001  0.65214928E+000  0.11164655E+002  0.44721651E+002  0.74987069E+002  0.12144468E+003  0.14891867E+003
 -0.70830515E+000 -0.54360480E+000 -0.29035547E+000 -0.98814782E-001 -0.44130068E-001  0.65216284E+000  0.11164661E+002  0.44721713E+002  0.74987113E+002  0.12144477E+003  0.14891868E+003
 -0.70830258E+000 -0.54360199E+000 -0.29035300E+000 -0.98814540E-001 -0.44129634E-001  0.65217632E+000  0.11164666E+002  0.44721775E+002  0.74987157E+002  0.12144485E+003  0.14891868E+003
 -0.70830020E+000 -0.54359941E+000 -0.29035073E+000 -0.98814309E-001 -0.44129214E-001  0.65218970E+000  0.11164671E+002  0.44721837E+002  0.74987201E+002  0.12144494E+003  0.14891869E+003
 -0.70829798E+000 -0.54359702E+000 -0.29034863E+000 -0.98814088E-001 -0.44128808E-001  0.65220298E+000  0.11164677E+002  0.44721900E+002  0.74987247E+002  0.12144503E+003  0.14891869E+003
 -0.70829592E+000 -0.54359482E+000 -0.29034670E+000 -0.98813877E-001 -0.44128413E-001  0.65221614E+000  0.11164682E+002  0.44721963E+002  0.74987292E+002  0.12144513E+003  0.14891869E+003
 -0.70829399E+000 -0.54359278E+000 -0.29034491E+000 -0.98813674E-001 -0.44128030E-001  0.65222919E+000  0.11164687E+002  0.44722026E+002  0.74987339E+002  0.12144522E+003  0.14891870E+003
 -0.70829220E+000 -0.54359090E+000 -0.29034325E+000 -0.98813478E-001 -0.44127657E-001  0.65224210E+000  0.11164692E+002  0.44722089E+002  0.74987385E+002  0.12144531E+003  0.14891870E+003
 -0.70829052E+000 -0.54358915E+000 -0.29034170E+000 -0.98813290E-001 -0.44127293E-001  0.65225487E+000  0.11164697E+002  0.44722152E+002  0.74987433E+002  0.12144541E+003  0.14891871E+003
 -0.70828895E+000 -0.54358752E+000 -0.29034026E+000 -0.98813109E-001 -0.44126939E-001  0.65226750E+000  0.11164702E+002  0.44722215E+002  0.74987480E+002  0.12144551E+003  0.14891871E+003
 -0.70828747E+000 -0.54358601E+000 -0.29033892E+000 -0.98812933E-001 -0.44126592E-001  0.65227996E+000  0.11164707E+002  0.44722277E+002  0.74987528E+002  0.12144561E+003  0.14891872E+003
 -0.70828609E+000 -0.54358459E+000 -0.29033766E+000 -0.98812764E-001 -0.44126254E-001  0.65229227E+000  0.11164711E+002  0.44722340E+002  0.74987576E+002  0.12144571E+003  0.14891872E+003
 -0.70828478E+000 -0.54358327E+000 -0.29033648E+000 -0.98812599E-001 -0.44125923E-001  0.65230440E+000  0.11164716E+002  0.44722402E+002  0.74987624E+002  0.12144581E+003  0.14891872E+003
 -0.70828354E+000 -0.54358203E+000 -0.29033537E+000 -0.98812439E-001 -0.44125598E-001  0.65231636E+000  0.11164720E+002  0.44722465E+002  0.74987673E+002  0.12144591E+003  0.14891873E+003
 -0.70828237E+000 -0.54358086E+000 -0.29033432E+000 -0.98812284E-001 -0.44125281E-001  0.65232813E+000  0.11164725E+002  0.44722526E+002  0.74987721E+002  0.12144601E+003  0.14891873E+003
 -0.70828126E+000 -0.54357975E+000 -0.29033332E+000 -0.98812132E-001 -0.44124970E-001  0.65233971E+000  0.11164729E+002  0.44722588E+002  0.74987770E+002  0.12144612E+003  0.14891874E+003
 -0.70828021E+000 -0.54357871E+000 -0.29033238E+000 -0.98811985E-001 -0.44124665E-001  0.65235109E+000  0.11164734E+002  0.44722649E+002  0.74987819E+002  0.12144622E+003  0.14891874E+003
 -0.70827920E+000 -0.54357771E+000 -0.29033147E+000 -0.98811842E-001 -0.44124366E-001  0.65236228E+000  0.11164738E+002  0.44722710E+002  0.74987868E+002  0.12144633E+003  0.14891875E+003
 -0.70827824E+000 -0.54357677E+000 -0.29033061E+000 -0.98811702E-001 -0.44124074E-001  0.65237326E+000  0.11164742E+002  0.44722770E+002  0.74987916E+002  0.12144644E+003  0.14891875E+003
 -0.70827732E+000 -0.54357586E+000 -0.29032979E+000 -0.98811565E-001 -0.44123787E-001  0.65238403E+000  0.11164746E+002  0.44722829E+002  0.74987965E+002  0.12144654E+003  0.14891875E+003
 -0.70827643E+000 -0.54357500E+000 -0.29032900E+000 -0.98811432E-001 -0.44123505E-001  0.65239459E+000  0.11164750E+002  0.44722889E+002  0.74988014E+002  0.12144665E+003  0.14891876E+003
 -0.70827558E+000 -0.54357417E+000 -0.29032823E+000 -0.98811302E-001 -0.44123230E-001  0.65240494E+000  0.11164754E+002  0.44722947E+002  0.74988062E+002  0.12144676E+003  0.14891876E+003
 -0.70827476E+000 -0.54357338E+000 -0.29032750E+000 -0.98811175E-001 -0.44122960E-001  0.65241507E+000  0.11164757E+002  0.44723005E+002  0.74988111E+002  0.12144687E+003  0.14891877E+003
 -0.70827397E+000 -0.54357261E+000 -0.29032679E+000 -0.98811052E-001 -0.44122696E-001  0.65242498E+000  0.11164761E+002  0.44723062E+002  0.74988159E+002  0.12144698E+003  0.14891877E+003
 -0.70827321E+000 -0.54357188E+000 -0.29032611E+000 -0.98810931E-001 -0.44122437E-001  0.65243466E+000  0.11164765E+002  0.44723119E+002  0.74988207E+002  0.12144709E+003  0.14891878E+003
 -0.70827248E+000 -0.54357117E+000 -0.29032545E+000 -0.98810813E-001 -0.44122184E-001  0.65244413E+000  0.11164768E+002  0.44723175E+002  0.74988255E+002  0.12144720E+003  0.14891878E+003
 -0.70827177E+000 -0.54357048E+000 -0.29032480E+000 -0.98810698E-001 -0.44121936E-001  0.65245337E+000  0.11164772E+002  0.44723230E+002  0.74988302E+002  0.12144731E+003  0.14891878E+003
 -0.70827108E+000 -0.54356982E+000 -0.29032418E+000 -0.98810586E-001 -0.44121694E-001  0.65246238E+000  0.11164775E+002  0.44723285E+002  0.74988350E+002  0.12144742E+003  0.14891879E+003
 -0.70827041E+000 -0.54356917E+000 -0.29032358E+000 -0.98810476E-001 -0.44121457E-001  0.65247118E+000  0.11164778E+002  0.44723338E+002  0.74988396E+002  0.12144754E+003  0.14891879E+003
 -0.70826977E+000 -0.54356855E+000 -0.29032300E+000 -0.98810370E-001 -0.44121226E-001  0.65247974E+000  0.11164781E+002  0.44723391E+002  0.74988443E+002  0.12144765E+003  0.14891880E+003
 -0.70826914E+000 -0.54356795E+000 -0.29032243E+000 -0.98810266E-001 -0.44121001E-001  0.65248809E+000  0.11164784E+002  0.44723444E+002  0.74988489E+002  0.12144776E+003  0.14891880E+003
 -0.70826854E+000 -0.54356736E+000 -0.29032188E+000 -0.98810164E-001 -0.44120781E-001  0.65249621E+000  0.11164787E+002  0.44723495E+002  0.74988535E+002  0.12144787E+003  0.14891881E+003
 -0.70826795E+000 -0.54356679E+000 -0.29032134E+000 -0.98810066E-001 -0.44120566E-001  0.65250412E+000  0.11164790E+002  0.44723546E+002  0.74988581E+002  0.12144798E+003  0.14891881E+003
 -0.70826738E+000 -0.54356624E+000 -0.29032082E+000 -0.98809970E-001 -0.44120358E-001  0.65251180E+000  0.11164793E+002  0.44723595E+002  0.74988626E+002  0.12144809E+003  0.14891882E+003
 -0.70826682E+000 -0.54356571E+000 -0.29032032E+000 -0.98809877E-001 -0.44120154E-001  0.65251927E+000  0.11164796E+002  0.44723644E+002  0.74988670E+002  0.12144821E+003  0.14891882E+003
 -0.70826629E+000 -0.54356519E+000 -0.29031983E+000 -0.98809786E-001 -0.44119956E-001  0.65252652E+000  0.11164799E+002  0.44723692E+002  0.74988714E+002  0.12144832E+003  0.14891882E+003
 -0.70826577E+000 -0.54356469E+000 -0.29031935E+000 -0.98809698E-001 -0.44119764E-001  0.65253357E+000  0.11164801E+002  0.44723740E+002  0.74988758E+002  0.12144843E+003  0.14891883E+003
 -0.70826526E+000 -0.54356420E+000 -0.29031889E+000 -0.98809613E-001 -0.44119576E-001  0.65254040E+000  0.11164804E+002  0.44723786E+002  0.74988801E+002  0.12144854E+003  0.14891883E+003
 -0.70826478E+000 -0.54356373E+000 -0.29031844E+000 -0.98809530E-001 -0.44119394E-001  0.65254702E+000  0.11164806E+002  0.44723831E+002  0.74988843E+002  0.12144865E+003  0.14891884E+003
 -0.70826430E+000 -0.54356327E+000 -0.29031800E+000 -0.98809449E-001 -0.44119218E-001  0.65255345E+000  0.11164809E+002  0.44723876E+002  0.74988885E+002  0.12144876E+003  0.14891884E+003
 -0.70826384E+000 -0.54356283E+000 -0.29031758E+000 -0.98809371E-001 -0.44119046E-001  0.65255967E+000  0.11164829E+002  0.44723920E+002  0.74988927E+002  0.12144887E+003  0.14891885E+003
 -0.70826340E+000 -0.54356240E+000 -0.29031717E+000 -0.98809295E-001 -0.44118880E-001  0.65256569E+000  0.11164878E+002  0.44723963E+002  0.74988968E+002  0.12144898E+003  0.14891885E+003
 -0.70826297E+000 -0.54356198E+000 -0.29031677E+000 -0.98809222E-001 -0.44118719E-001  0.65257153E+000  0.11164925E+002  0.44724004E+002  0.74989008E+002  0.12144908E+003  0.14891885E+003
 -0.70826255E+000 -0.54356157E+000 -0.29031639E+000 -0.98809151E-001 -0.44118562E-001  0.65257717E+000  0.11164970E+002  0.44724046E+002  0.74989048E+002  0.12144919E+003  0.14891886E+003
 -0.70826215E+000 -0.54356118E+000 -0.29031601E+000 -0.98809082E-001 -0.44118411E-001  0.65258263E+000  0.11165014E+002  0.44724086E+002  0.74989087E+002  0.12144930E+003  0.14891886E+003
 -0.70826175E+000 -0.54356080E+000 -0.29031565E+000 -0.98809015E-001 -0.44118264E-001  0.65258791E+000  0.11165057E+002  0.44724125E+002  0.74989126E+002  0.12144941E+003  0.14891887E+003
 -0.70826138E+000 -0.54356044E+000 -0.29031530E+000 -0.98808951E-001 -0.44118122E-001  0.65259301E+000  0.11165099E+002  0.44724164E+002  0.74989164E+002  0.12144951E+003  0.14891887E+003
 -0.70826101E+000 -0.54356008E+000 -0.29031496E+000 -0.98808888E-001 -0.44117984E-001  0.65259794E+000  0.11165139E+002  0.44724201E+002  0.74989201E+002  0.12144962E+003  0.14891887E+003
 -0.70826066E+000 -0.54355974E+000 -0.29031463E+000 -0.98808828E-001 -0.44117851E-001  0.65260270E+000  0.11165178E+002  0.44724238E+002  0.74989238E+002  0.12144972E+003  0.14891888E+003
 -0.70826031E+000 -0.54355940E+000 -0.29031432E+000 -0.98808770E-001 -0.44117723E-001  0.65260729E+000  0.11165216E+002  0.44724274E+002  0.74989274E+002  0.12144982E+003  0.14891888E+003
 -0.70825998E+000 -0.54355908E+000 -0.29031401E+000 -0.98808714E-001 -0.44117598E-001  0.65261172E+000  0.11165253E+002  0.44724309E+002  0.74989309E+002  0.12144992E+003  0.14891889E+003
 -0.70825966E+000 -0.54355877E+000 -0.29031371E+000 -0.98808659E-001 -0.44117478E-001  0.65261600E+000  0.11165288E+002  0.44724343E+002  0.74989344E+002  0.12145003E+003  0.14891889E+003
 -0.70825935E+000 -0.54355847E+000 -0.29031342E+000 -0.98808607E-001 -0.44117362E-001  0.65262013E+000  0.11165323E+002  0.44724377E+002  0.74989378E+002  0.12145013E+003  0.14891889E+003
 -0.70825905E+000 -0.54355818E+000 -0.29031314E+000 -0.98808556E-001 -0.44117250E-001  0.65262411E+000  0.11165356E+002  0.44724409E+002  0.74989412E+002  0.12145023E+003  0.14891890E+003
 -0.70825876E+000 -0.54355790E+000 -0.29031287E+000 -0.98808507E-001 -0.44117142E-001  0.65262794E+000  0.11165388E+002  0.44724441E+002  0.74989444E+002  0.12145032E+003  0.14891890E+003
 -0.70825849E+000 -0.54355763E+000 -0.29031261E+000 -0.98808460E-001 -0.44117037E-001  0.65263164E+000  0.11165419E+002  0.44724472E+002  0.74989477E+002  0.12145042E+003  0.14891891E+003
 -0.70825822E+000 -0.54355736E+000 -0.29031236E+000 -0.98808414E-001 -0.44116936E-001  0.65263520E+000  0.11165449E+002  0.44724502E+002  0.74989508E+002  0.12145052E+003  0.14891891E+003
 -0.70825796E+000 -0.54355711E+000 -0.29031212E+000 -0.98808370E-001 -0.44116839E-001  0.65263863E+000  0.11165478E+002  0.44724531E+002  0.74989539E+002  0.12145061E+003  0.14891891E+003
 -0.70825770E+000 -0.54355686E+000 -0.29031188E+000 -0.98808328E-001 -0.44116745E-001  0.65264193E+000  0.11165506E+002  0.44724560E+002  0.74989570E+002  0.12145071E+003  0.14891892E+003
 -0.70825746E+000 -0.54355663E+000 -0.29031165E+000 -0.98808287E-001 -0.44116654E-001  0.65264511E+000  0.11165534E+002  0.44724588E+002  0.74989599E+002  0.12145080E+003  0.14891892E+003
 -0.70825723E+000 -0.54355640E+000 -0.29031143E+000 -0.98808247E-001 -0.44116567E-001  0.65264817E+000  0.11165560E+002  0.44724615E+002  0.74989628E+002  0.12145089E+003  0.14891892E+003
 -0.70825700E+000 -0.54355618E+000 -0.29031122E+000 -0.98808209E-001 -0.44116483E-001  0.65265112E+000  0.11165585E+002  0.44724641E+002  0.74989657E+002  0.12145098E+003  0.14891893E+003
 -0.70825678E+000 -0.54355596E+000 -0.29031101E+000 -0.98808173E-001 -0.44116402E-001  0.65265395E+000  0.11165610E+002  0.44724667E+002  0.74989684E+002  0.12145107E+003  0.14891893E+003
 -0.70825657E+000 -0.54355576E+000 -0.29031081E+000 -0.98808137E-001 -0.44116323E-001  0.65265668E+000  0.11165634E+002  0.44724691E+002  0.74989712E+002  0.12145116E+003  0.14891893E+003
 -0.70825637E+000 -0.54355556E+000 -0.29031062E+000 -0.98808103E-001 -0.44116248E-001  0.65265930E+000  0.11165657E+002  0.44724716E+002  0.74989738E+002  0.12145124E+003  0.14891894E+003
 -0.70825617E+000 -0.54355536E+000 -0.29031044E+000 -0.98808070E-001 -0.44116175E-001  0.65266182E+000  0.11165679E+002  0.44724739E+002  0.74989764E+002  0.12145133E+003  0.14891894E+003
 -0.70825598E+000 -0.54355518E+000 -0.29031026E+000 -0.98808039E-001 -0.44116105E-001  0.65266425E+000  0.11165700E+002  0.44724762E+002  0.74989789E+002  0.12145141E+003  0.14891894E+003
 -0.70825580E+000 -0.54355500E+000 -0.29031008E+000 -0.98808008E-001 -0.44116037E-001  0.65266658E+000  0.11165721E+002  0.44724784E+002  0.74989814E+002  0.12145149E+003  0.14891895E+003
 -0.70825562E+000 -0.54355482E+000 -0.29030992E+000 -0.98807979E-001 -0.44115972E-001  0.65266883E+000  0.11165741E+002  0.44724805E+002  0.74989838E+002  0.12145157E+003  0.14891895E+003
 -0.70825545E+000 -0.54355466E+000 -0.29030975E+000 -0.98807951E-001 -0.44115909E-001  0.65267099E+000  0.11165760E+002  0.44724826E+002  0.74989862E+002  0.12145165E+003  0.14891895E+003
 -0.70825529E+000 -0.54355450E+000 -0.29030960E+000 -0.98807923E-001 -0.44115849E-001  0.65267306E+000  0.11165778E+002  0.44724847E+002  0.74989885E+002  0.12145173E+003  0.14891896E+003
 -0.70825513E+000 -0.54355434E+000 -0.29030945E+000 -0.98807897E-001 -0.44115791E-001  0.65267505E+000  0.11165796E+002  0.44724866E+002  0.74989907E+002  0.12145181E+003  0.14891896E+003
 -0.70825498E+000 -0.54355419E+000 -0.29030930E+000 -0.98807872E-001 -0.44115734E-001  0.65267697E+000  0.11165813E+002  0.44724885E+002  0.74989929E+002  0.12145189E+003  0.14891896E+003
 -0.70825483E+000 -0.54355404E+000 -0.29030916E+000 -0.98807848E-001 -0.44115680E-001  0.65267881E+000  0.11165830E+002  0.44724904E+002  0.74989950E+002  0.12145196E+003  0.14891897E+003
 -0.70825469E+000 -0.54355390E+000 -0.29030902E+000 -0.98807824E-001 -0.44115628E-001  0.65268058E+000  0.11165846E+002  0.44724922E+002  0.74989970E+002  0.12145203E+003  0.14891897E+003
 -0.70825455E+000 -0.54355376E+000 -0.29030889E+000 -0.98807802E-001 -0.44115578E-001  0.65268228E+000  0.11165862E+002  0.44724939E+002  0.74989991E+002  0.12145210E+003  0.14891897E+003
 -0.70825442E+000 -0.54355363E+000 -0.29030876E+000 -0.98807780E-001 -0.44115529E-001  0.65268391E+000  0.11165877E+002  0.44724956E+002  0.74990010E+002  0.12145218E+003  0.14891898E+003
 -0.70825429E+000 -0.54355350E+000 -0.29030864E+000 -0.98807759E-001 -0.44115483E-001  0.65268548E+000  0.11165891E+002  0.44724972E+002  0.74990029E+002  0.12145224E+003  0.14891898E+003
 -0.70825416E+000 -0.54355338E+000 -0.29030852E+000 -0.98807739E-001 -0.44115438E-001  0.65268699E+000  0.11165905E+002  0.44724988E+002  0.74990048E+002  0.12145231E+003  0.14891898E+003
 -0.70825404E+000 -0.54355326E+000 -0.29030840E+000 -0.98807719E-001 -0.44115394E-001  0.65268844E+000  0.11165918E+002  0.44725003E+002  0.74990066E+002  0.12145238E+003  0.14891898E+003
 -0.70825393E+000 -0.54355315E+000 -0.29030829E+000 -0.98807700E-001 -0.44115353E-001  0.65268984E+000  0.11165931E+002  0.44725018E+002  0.74990083E+002  0.12145244E+003  0.14891899E+003
 -0.70825382E+000 -0.54355304E+000 -0.29030818E+000 -0.98807682E-001 -0.44115312E-001  0.65269118E+000  0.11165944E+002  0.44725032E+002  0.74990100E+002  0.12145251E+003  0.14891899E+003
 -0.70825371E+000 -0.54355293E+000 -0.29030808E+000 -0.98807665E-001 -0.44115273E-001  0.65269247E+000  0.11165956E+002  0.44725046E+002  0.74990117E+002  0.12145257E+003  0.14891899E+003
 -0.70825360E+000 -0.54355282E+000 -0.29030797E+000 -0.98807648E-001 -0.44115236E-001  0.65269370E+000  0.11165967E+002  0.44725059E+002  0.74990133E+002  0.12145263E+003  0.14891900E+003
 -0.70825350E+000 -0.54355272E+000 -0.29030788E+000 -0.98807632E-001 -0.44115200E-001  0.65269489E+000  0.11165978E+002  0.44725072E+002  0.74990148E+002  0.12145269E+003  0.14891900E+003
 -0.70825340E+000 -0.54355263E+000 -0.29030778E+000 -0.98807616E-001 -0.44115165E-001  0.65269604E+000  0.11165989E+002  0.44725085E+002  0.74990164E+002  0.12145275E+003  0.14891900E+003
 -0.70825331E+000 -0.54355253E+000 -0.29030769E+000 -0.98807601E-001 -0.44115131E-001  0.65269713E+000  0.11165999E+002  0.44725097E+002  0.74990178E+002  0.12145280E+003  0.14891900E+003
 -0.70825322E+000 -0.54355244E+000 -0.29030760E+000 -0.98807587E-001 -0.44115099E-001  0.65269819E+000  0.11166009E+002  0.44725108E+002  0.74990193E+002  0.12145286E+003  0.14891901E+003
 -0.70825313E+000 -0.54355235E+000 -0.29030751E+000 -0.98807573E-001 -0.44115068E-001  0.65269921E+000  0.11166019E+002  0.44725120E+002  0.74990206E+002  0.12145291E+003  0.14891901E+003
 -0.70825305E+000 -0.54355227E+000 -0.29030743E+000 -0.98807559E-001 -0.44115038E-001  0.65270018E+000  0.11166028E+002  0.44725130E+002  0.74990220E+002  0.12145297E+003  0.14891901E+003
 -0.70825296E+000 -0.54355218E+000 -0.29030735E+000 -0.98807546E-001 -0.44115009E-001  0.65270112E+000  0.11166037E+002  0.44725141E+002  0.74990233E+002  0.12145302E+003  0.14891901E+003
 -0.70825288E+000 -0.54355210E+000 -0.29030727E+000 -0.98807534E-001 -0.44114981E-001  0.65270202E+000  0.11166046E+002  0.44725151E+002  0.74990246E+002  0.12145307E+003  0.14891902E+003
 -0.70825281E+000 -0.54355203E+000 -0.29030719E+000 -0.98807522E-001 -0.44114954E-001  0.65270289E+000  0.11166054E+002  0.44725161E+002  0.74990258E+002  0.12145312E+003  0.14891902E+003
 -0.70825273E+000 -0.54355195E+000 -0.29030712E+000 -0.98807510E-001 -0.44114927E-001  0.65270372E+000  0.11166062E+002  0.44725170E+002  0.74990270E+002  0.12145317E+003  0.14891902E+003
 -0.70825266E+000 -0.54355188E+000 -0.29030705E+000 -0.98807499E-001 -0.44114902E-001  0.65270453E+000  0.11166070E+002  0.44725180E+002  0.74990281E+002  0.12145321E+003  0.14891902E+003
 -0.70825259E+000 -0.54355181E+000 -0.29030698E+000 -0.98807488E-001 -0.44114878E-001  0.65270530E+000  0.11166077E+002  0.44725188E+002  0.74990292E+002  0.12145326E+003  0.14891902E+003
 -0.70825252E+000 -0.54355174E+000 -0.29030691E+000 -0.98807478E-001 -0.44114854E-001  0.65270604E+000  0.11166084E+002  0.44725197E+002  0.74990303E+002  0.12145330E+003  0.14891903E+003
 -0.70825246E+000 -0.54355167E+000 -0.29030685E+000 -0.98807468E-001 -0.44114832E-001  0.65270675E+000  0.11166091E+002  0.44725205E+002  0.74990313E+002  0.12145335E+003  0.14891903E+003
 -0.70825239E+000 -0.54355161E+000 -0.29030678E+000 -0.98807458E-001 -0.44114810E-001  0.65270744E+000  0.11166097E+002  0.44725213E+002  0.74990324E+002  0.12145339E+003  0.14891903E+003
 -0.70825233E+000 -0.54355155E+000 -0.29030672E+000 -0.98807449E-001 -0.44114789E-001  0.65270810E+000  0.11166104E+002  0.44725221E+002  0.74990333E+002  0.12145343E+003  0.14891903E+003
 -0.70825227E+000 -0.54355149E+000 -0.29030666E+000 -0.98807440E-001 -0.44114769E-001  0.65270874E+000  0.11166110E+002  0.44725228E+002  0.74990343E+002  0.12145347E+003  0.14891903E+003
 -0.70825222E+000 -0.54355143E+000 -0.29030661E+000 -0.98807431E-001 -0.44114749E-001  0.65270935E+000  0.11166116E+002  0.44725235E+002  0.74990352E+002  0.12145351E+003  0.14891904E+003
 -0.70825216E+000 -0.54355137E+000 -0.29030655E+000 -0.98807422E-001 -0.44114730E-001  0.65270994E+000  0.11166121E+002  0.44725242E+002  0.74990361E+002  0.12145355E+003  0.14891904E+003
 -0.70825211E+000 -0.54355132E+000 -0.29030649E+000 -0.98807414E-001 -0.44114712E-001  0.65271050E+000  0.11166127E+002  0.44725249E+002  0.74990369E+002  0.12145359E+003  0.14891904E+003
 -0.70825205E+000 -0.54355126E+000 -0.29030644E+000 -0.98807406E-001 -0.44114694E-001  0.65271105E+000  0.11166132E+002  0.44725255E+002  0.74990378E+002  0.12145362E+003  0.14891904E+003
 -0.70825200E+000 -0.54355121E+000 -0.29030639E+000 -0.98807399E-001 -0.44114677E-001  0.65271157E+000  0.11166137E+002  0.44725261E+002  0.74990386E+002  0.12145366E+003  0.14891904E+003
 -0.70825195E+000 -0.54355116E+000 -0.29030634E+000 -0.98807391E-001 -0.44114661E-001  0.65271208E+000  0.11166142E+002  0.44725267E+002  0.74990393E+002  0.12145369E+003  0.14891905E+003
 -0.70825190E+000 -0.54355111E+000 -0.29030629E+000 -0.98807384E-001 -0.44114645E-001  0.65271256E+000  0.11166147E+002  0.44725273E+002  0.74990401E+002  0.12145372E+003  0.14891905E+003
 -0.70825186E+000 -0.54355106E+000 -0.29030624E+000 -0.98807377E-001 -0.44114629E-001  0.65271303E+000  0.11166151E+002  0.44725279E+002  0.74990408E+002  0.12145376E+003  0.14891905E+003
 -0.70825181E+000 -0.54355102E+000 -0.29030620E+000 -0.98807371E-001 -0.44114615E-001  0.65271348E+000  0.11166155E+002  0.44725284E+002  0.74990415E+002  0.12145379E+003  0.14891905E+003
 -0.70825177E+000 -0.54355098E+000 -0.29030616E+000 -0.98807365E-001 -0.44114601E-001  0.65271391E+000  0.11166160E+002  0.44725289E+002  0.74990422E+002  0.12145382E+003  0.14891905E+003
 -0.70825174E+000 -0.54355094E+000 -0.29030612E+000 -0.98807359E-001 -0.44114588E-001  0.65271432E+000  0.11166164E+002  0.44725294E+002  0.74990428E+002  0.12145385E+003  0.14891905E+003
 -0.70825171E+000 -0.54355091E+000 -0.29030610E+000 -0.98807354E-001 -0.44114577E-001  0.65271470E+000  0.11166167E+002  0.44725299E+002  0.74990435E+002  0.12145387E+003  0.14891905E+003
 -0.70825169E+000 -0.54355089E+000 -0.29030609E+000 -0.98807351E-001 -0.44114569E-001  0.65271507E+000  0.11166171E+002  0.44725303E+002  0.74990441E+002  0.12145390E+003  0.14891906E+003
