  0.00000000E+000  0.00000000E+000  0.00000000E+000  0.00000000E+000  0.00000000E+000  0.00000000E+000  0.73664994E+000  0.15022220E+002  0.73466655E+002  0.25723497E+003  0.26914080E+003
  0.00000000E+000  0.00000000E+000  0.00000000E+000  0.00000000E+000  0.00000000E+000  0.00000000E+000  0.73628936E+000  0.15013198E+002  0.73426578E+002  0.25716833E+003  0.26894302E+003
  0.00000000E+000  0.00000000E+000  0.00000000E+000  0.00000000E+000  0.00000000E+000  0.00000000E+000  0.73598257E+000  0.15005527E+002  0.73392534E+002  0.25711522E+003  0.26877959E+003
  0.00000000E+000  0.00000000E+000  0.00000000E+000  0.00000000E+000  0.00000000E+000  0.00000000E+000  0.73572181E+000  0.14999010E+002  0.73363632E+002  0.25707307E+003  0.26864643E+003
  0.00000000E+000  0.00000000E+000  0.00000000E+000  0.00000000E+000  0.00000000E+000  0.00000000E+000  0.73550000E+000  0.14993475E+002  0.73339097E+002  0.25703984E+003  0.26853963E+003
  0.00000000E+000  0.00000000E+000  0.00000000E+000  0.00000000E+000  0.00000000E+000  0.00000000E+000  0.73531117E+000  0.14988774E+002  0.73318264E+002  0.25701390E+003  0.26845553E+003
  0.00000000E+000  0.00000000E+000  0.00000000E+000  0.00000000E+000  0.00000000E+000  0.00000000E+000  0.73515024E+000  0.14984780E+002  0.73300568E+002  0.25699393E+003  0.26839081E+003
  0.00000000E+000  0.00000000E+000  0.00000000E+000  0.00000000E+000  0.00000000E+000  0.00000000E+000  0.73501295E+000  0.14981385E+002  0.73285533E+002  0.25697886E+003  0.26834252E+003
  0.00000000E+000  0.00000000E+000  0.00000000E+000  0.00000000E+000  0.00000000E+000  0.00000000E+000  0.73489570E+000  0.14978499E+002  0.73272754E+002  0.25696782E+003  0.26830808E+003
  0.00000000E+000  0.00000000E+000  0.00000000E+000  0.00000000E+000  0.00000000E+000  0.00000000E+000  0.73479544E+000  0.14976046E+002  0.73261893E+002  0.25696011E+003  0.26828524E+003
  0.00000000E+000  0.00000000E+000  0.00000000E+000  0.00000000E+000  0.00000000E+000  0.00000000E+000  0.73470959E+000  0.14973961E+002  0.73252661E+002  0.25695515E+003  0.26827205E+003
  0.00000000E+000  0.00000000E+000  0.00000000E+000  0.00000000E+000  0.00000000E+000  0.00000000E+000  0.73463599E+000  0.14972189E+002  0.73244817E+002  0.25695245E+003  0.26826685E+003
  0.00000000E+000  0.00000000E+000  0.00000000E+000  0.00000000E+000  0.00000000E+000  0.00000000E+000  0.73457277E+000  0.14970684E+002  0.73238152E+002  0.25695161E+003  0.26826822E+003
  0.00000000E+000  0.00000000E+000  0.00000000E+000  0.00000000E+000  0.00000000E+000  0.00000000E+000  0.73451837E+000  0.14969405E+002  0.73232492E+002  0.25695231E+003  0.26827496E+003
  0.00000000E+000  0.00000000E+000  0.00000000E+000  0.00000000E+000  0.00000000E+000  0.00000000E+000  0.73447146E+000  0.14968321E+002  0.73227690E+002  0.25695426E+003  0.26828606E+003
  0.00000000E+000  0.00000000E+000  0.00000000E+000  0.00000000E+000  0.00000000E+000  0.00000000E+000  0.73443092E+000  0.14967402E+002  0.73223619E+002  0.25695724E+003  0.26830066E+003
  0.00000000E+000  0.00000000E+000  0.00000000E+000  0.00000000E+000  0.00000000E+000  0.00000000E+000  0.73439577E+000  0.14966625E+002  0.73220173E+002  0.25696106E+003  0.26831804E+003
  0.00000000E+000  0.00000000E+000  0.00000000E+000  0.00000000E+000  0.00000000E+000  0.00000000E+000  0.73436522E+000  0.14965969E+002  0.73217263E+002  0.25696556E+003  0.26833760E+003
  0.00000000E+000  0.00000000E+000  0.00000000E+000  0.00000000E+000  0.00000000E+000  0.00000000E+000  0.73433856E+000  0.14965418E+002  0.73214810E+002  0.25697060E+003  0.26835885E+003
  0.00000000E+000  0.00000000E+000  0.00000000E+000  0.00000000E+000  0.00000000E+000  0.00000000E+000  0.73431521E+000  0.14964955E+002  0.73212750E+002  0.25697606E+003  0.26838135E+003
  0.00000000E+000  0.00000000E+000  0.00000000E+000  0.00000000E+000  0.00000000E+000  0.00000000E+000  0.73429465E+000  0.14964569E+002  0.73211027E+002  0.25698186E+003  0.26840475E+003
  0.00000000E+000  0.00000000E+000  0.00000000E+000  0.00000000E+000  0.00000000E+000  0.00000000E+000  0.73427647E+000  0.14964249E+002  0.73209593E+002  0.25698790E+003  0.26842877E+003
  0.00000000E+000  0.00000000E+000  0.00000000E+000  0.00000000E+000  0.00000000E+000  0.00000000E+000  0.73426029E+000  0.14963986E+002  0.73208409E+002  0.25699413E+003  0.26845315E+003
  0.00000000E+000  0.00000000E+000  0.00000000E+000  0.00000000E+000  0.00000000E+000  0.00000000E+000  0.73424579E+000  0.14963772E+002  0.73207438E+002  0.25700048E+003  0.26847769E+003
  0.00000000E+000  0.00000000E+000  0.00000000E+000  0.00000000E+000  0.00000000E+000  0.00000000E+000  0.73423271E+000  0.14963601E+002  0.73206653E+002  0.25700690E+003  0.26850220E+003
  0.00000000E+000  0.00000000E+000  0.00000000E+000  0.00000000E+000  0.00000000E+000  0.00000000E+000  0.73422081E+000  0.14963466E+002  0.73206027E+002  0.25701334E+003  0.26852655E+003
  0.00000000E+000  0.00000000E+000  0.00000000E+000  0.00000000E+000  0.00000000E+000  0.00000000E+000  0.73420989E+000  0.14963364E+002  0.73205538E+002  0.25701978E+003  0.26855060E+003
  0.00000000E+000  0.00000000E+000  0.00000000E+000  0.00000000E+000  0.00000000E+000  0.00000000E+000  0.73419977E+000  0.14963288E+002  0.73205167E+002  0.25702617E+003  0.26857426E+003
  0.00000000E+000  0.00000000E+000  0.00000000E+000  0.00000000E+000  0.00000000E+000  0.00000000E+000  0.73419033E+000  0.14963237E+002  0.73204899E+002  0.25703248E+003  0.26859741E+003
  0.00000000E+000  0.00000000E+000  0.00000000E+000  0.00000000E+000  0.00000000E+000  0.00000000E+000  0.73418142E+000  0.14963207E+002  0.73204719E+002  0.25703870E+003  0.26862000E+003
  0.00000000E+000  0.00000000E+000  0.00000000E+000  0.00000000E+000  0.00000000E+000  0.00000000E+000  0.73417294E+000  0.14963195E+002  0.73204616E+002  0.25704479E+003  0.26864195E+003
  0.00000000E+000  0.00000000E+000  0.00000000E+000  0.00000000E+000  0.00000000E+000  0.00000000E+000  0.73416480E+000  0.14963198E+002  0.73204579E+002  0.25705074E+003  0.26866321E+003
  0.00000000E+000  0.00000000E+000  0.00000000E+000  0.00000000E+000  0.00000000E+000  0.00000000E+000  0.73415693E+000  0.14963216E+002  0.73204600E+002  0.25705654E+003  0.26868373E+003
  0.00000000E+000  0.00000000E+000  0.00000000E+000  0.00000000E+000  0.00000000E+000  0.00000000E+000  0.73414927E+000  0.14963246E+002  0.73204670E+002  0.25706215E+003  0.26870347E+003
  0.00000000E+000  0.00000000E+000  0.00000000E+000  0.00000000E+000  0.00000000E+000  0.00000000E+000  0.73414177E+000  0.14963287E+002  0.73204785E+002  0.25706758E+003  0.26872239E+003
  0.00000000E+000  0.00000000E+000  0.00000000E+000  0.00000000E+000  0.00000000E+000  0.00000000E+000  0.73413440E+000  0.14963338E+002  0.73204937E+002  0.25707280E+003  0.26874048E+003
  0.00000000E+000  0.00000000E+000  0.00000000E+000  0.00000000E+000  0.00000000E+000  0.00000000E+000  0.73412711E+000  0.14963398E+002  0.73205124E+002  0.25707782E+003  0.26875771E+003
  0.00000000E+000  0.00000000E+000  0.00000000E+000  0.00000000E+000  0.00000000E+000  0.00000000E+000  0.73411992E+000  0.14963466E+002  0.73205340E+002  0.25708262E+003  0.26877406E+003
  0.00000000E+000  0.00000000E+000  0.00000000E+000  0.00000000E+000  0.00000000E+000  0.00000000E+000  0.73411280E+000  0.14963541E+002  0.73205583E+002  0.25708719E+003  0.26878953E+003
  0.00000000E+000  0.00000000E+000  0.00000000E+000  0.00000000E+000  0.00000000E+000  0.00000000E+000  0.73410575E+000  0.14963622E+002  0.73205850E+002  0.25709153E+003  0.26880411E+003
  0.00000000E+000  0.00000000E+000  0.00000000E+000  0.00000000E+000  0.00000000E+000  0.00000000E+000  0.73409881E+000  0.14963710E+002  0.73206139E+002  0.25709565E+003  0.26881781E+003
  0.00000000E+000  0.00000000E+000  0.00000000E+000  0.00000000E+000  0.00000000E+000  0.00000000E+000  0.73409197E+000  0.14963804E+002  0.73206449E+002  0.25709952E+003  0.26883063E+003
  0.00000000E+000  0.00000000E+000  0.00000000E+000  0.00000000E+000  0.00000000E+000  0.00000000E+000  0.73408528E+000  0.14963904E+002  0.73206778E+002  0.25710317E+003  0.26884258E+003
  0.00000000E+000  0.00000000E+000  0.00000000E+000  0.00000000E+000  0.00000000E+000  0.00000000E+000  0.73407878E+000  0.14964009E+002  0.73207125E+002  0.25710658E+003  0.26885369E+003
  0.00000000E+000  0.00000000E+000  0.00000000E+000  0.00000000E+000  0.00000000E+000  0.00000000E+000  0.73407250E+000  0.14964119E+002  0.73207489E+002  0.25710977E+003  0.26886396E+003
  0.00000000E+000  0.00000000E+000  0.00000000E+000  0.00000000E+000  0.00000000E+000  0.00000000E+000  0.73406651E+000  0.14964235E+002  0.73207870E+002  0.25711273E+003  0.26887342E+003
  0.00000000E+000  0.00000000E+000  0.00000000E+000  0.00000000E+000  0.00000000E+000  0.00000000E+000  0.73406088E+000  0.14964355E+002  0.73208267E+002  0.25711548E+003  0.26888210E+003
  0.00000000E+000  0.00000000E+000  0.00000000E+000  0.00000000E+000  0.00000000E+000  0.00000000E+000  0.73405567E+000  0.14964481E+002  0.73208680E+002  0.25711801E+003  0.26889004E+003
  0.00000000E+000  0.00000000E+000  0.00000000E+000  0.00000000E+000  0.00000000E+000  0.00000000E+000  0.73405097E+000  0.14964612E+002  0.73209109E+002  0.25712034E+003  0.26889725E+003
  0.00000000E+000  0.00000000E+000  0.00000000E+000  0.00000000E+000  0.00000000E+000  0.00000000E+000  0.73404687E+000  0.14964748E+002  0.73209555E+002  0.25712248E+003  0.26890378E+003
  0.00000000E+000  0.00000000E+000  0.00000000E+000  0.00000000E+000  0.00000000E+000  0.00000000E+000  0.73404347E+000  0.14964888E+002  0.73210017E+002  0.25712443E+003  0.26890967E+003
  0.00000000E+000  0.00000000E+000  0.00000000E+000  0.00000000E+000  0.00000000E+000  0.00000000E+000  0.73404087E+000  0.14965035E+002  0.73210495E+002  0.25712620E+003  0.26891496E+003
  0.00000000E+000  0.00000000E+000  0.00000000E+000  0.00000000E+000  0.00000000E+000  0.00000000E+000  0.73403921E+000  0.14965186E+002  0.73210990E+002  0.25712781E+003  0.26891968E+003
  0.00000000E+000  0.00000000E+000  0.00000000E+000  0.00000000E+000  0.00000000E+000  0.00000000E+000  0.73403859E+000  0.14965342E+002  0.73211503E+002  0.25712927E+003  0.26892387E+003
  0.00000000E+000  0.00000000E+000  0.00000000E+000  0.00000000E+000  0.00000000E+000  0.00000000E+000  0.73403916E+000  0.14965504E+002  0.73212033E+002  0.25713059E+003  0.26892759E+003
  0.00000000E+000  0.00000000E+000  0.00000000E+000  0.00000000E+000  0.00000000E+000  0.00000000E+000  0.73404104E+000  0.14965672E+002  0.73212582E+002  0.25713177E+003  0.26893086E+003
  0.00000000E+000  0.00000000E+000  0.00000000E+000  0.00000000E+000  0.00000000E+000  0.00000000E+000  0.73404437E+000  0.14965845E+002  0.73213150E+002  0.25713284E+003  0.26893373E+003
  0.00000000E+000  0.00000000E+000  0.00000000E+000  0.00000000E+000  0.00000000E+000  0.00000000E+000  0.73404929E+000  0.14966023E+002  0.73213738E+002  0.25713380E+003  0.26893624E+003
  0.00000000E+000  0.00000000E+000  0.00000000E+000  0.00000000E+000  0.00000000E+000  0.00000000E+000  0.73405594E+000  0.14966208E+002  0.73214346E+002  0.25713466E+003  0.26893842E+003
  0.00000000E+000  0.00000000E+000  0.00000000E+000  0.00000000E+000  0.00000000E+000  0.00000000E+000  0.73406445E+000  0.14966398E+002  0.73214976E+002  0.25713543E+003  0.26894030E+003
  0.00000000E+000  0.00000000E+000  0.00000000E+000  0.00000000E+000  0.00000000E+000  0.00000000E+000  0.73407495E+000  0.14966595E+002  0.73215627E+002  0.25713612E+003  0.26894193E+003
  0.00000000E+000  0.00000000E+000  0.00000000E+000  0.00000000E+000  0.00000000E+000  0.00000000E+000  0.73408756E+000  0.14966798E+002  0.73216301E+002  0.25713674E+003  0.26894334E+003
  0.00000000E+000  0.00000000E+000  0.00000000E+000  0.00000000E+000  0.00000000E+000  0.00000000E+000  0.73410237E+000  0.14967007E+002  0.73216999E+002  0.25713730E+003  0.26894454E+003
  0.00000000E+000  0.00000000E+000  0.00000000E+000  0.00000000E+000  0.00000000E+000  0.00000000E+000  0.73411948E+000  0.14967223E+002  0.73217722E+002  0.25713781E+003  0.26894557E+003
  0.00000000E+000  0.00000000E+000  0.00000000E+000  0.00000000E+000  0.00000000E+000  0.00000000E+000  0.73413896E+000  0.14967446E+002  0.73218470E+002  0.25713827E+003  0.26894646E+003
  0.00000000E+000  0.00000000E+000  0.00000000E+000  0.00000000E+000  0.00000000E+000  0.00000000E+000  0.73416086E+000  0.14967676E+002  0.73219244E+002  0.25713869E+003  0.26894722E+003
  0.00000000E+000  0.00000000E+000  0.00000000E+000  0.00000000E+000  0.00000000E+000  0.00000000E+000  0.73418520E+000  0.14967913E+002  0.73220045E+002  0.25713907E+003  0.26894787E+003
  0.00000000E+000  0.00000000E+000  0.00000000E+000  0.00000000E+000  0.00000000E+000  0.00000000E+000  0.73421198E+000  0.14968157E+002  0.73220875E+002  0.25713943E+003  0.26894843E+003
  0.00000000E+000  0.00000000E+000  0.00000000E+000  0.00000000E+000  0.00000000E+000  0.00000000E+000  0.73424118E+000  0.14968410E+002  0.73221733E+002  0.25713976E+003  0.26894891E+003
  0.00000000E+000  0.00000000E+000  0.00000000E+000  0.00000000E+000  0.00000000E+000  0.00000000E+000  0.73427273E+000  0.14968670E+002  0.73222621E+002  0.25714007E+003  0.26894933E+003
  0.00000000E+000  0.00000000E+000  0.00000000E+000  0.00000000E+000  0.00000000E+000  0.00000000E+000  0.73430657E+000  0.14968938E+002  0.73223540E+002  0.25714036E+003  0.26894970E+003
  0.00000000E+000  0.00000000E+000  0.00000000E+000  0.00000000E+000  0.00000000E+000  0.00000000E+000  0.73434257E+000  0.14969214E+002  0.73224490E+002  0.25714063E+003  0.26895003E+003
  0.00000000E+000  0.00000000E+000  0.00000000E+000  0.00000000E+000  0.00000000E+000  0.00000000E+000  0.73438062E+000  0.14969499E+002  0.73225472E+002  0.25714090E+003  0.26895032E+003
  0.00000000E+000  0.00000000E+000  0.00000000E+000  0.00000000E+000  0.00000000E+000  0.00000000E+000  0.73442054E+000  0.14969792E+002  0.73226486E+002  0.25714115E+003  0.26895059E+003
  0.00000000E+000  0.00000000E+000  0.00000000E+000  0.00000000E+000  0.00000000E+000  0.00000000E+000  0.73446217E+000  0.14970093E+002  0.73227535E+002  0.25714140E+003  0.26895083E+003
  0.00000000E+000  0.00000000E+000  0.00000000E+000  0.00000000E+000  0.00000000E+000  0.00000000E+000  0.73450530E+000  0.14970404E+002  0.73228617E+002  0.25714164E+003  0.26895106E+003
  0.00000000E+000  0.00000000E+000  0.00000000E+000  0.00000000E+000  0.00000000E+000  0.00000000E+000  0.73454972E+000  0.14970723E+002  0.73229734E+002  0.25714187E+003  0.26895128E+003
  0.00000000E+000  0.00000000E+000  0.00000000E+000  0.00000000E+000  0.00000000E+000  0.00000000E+000  0.73459522E+000  0.14971050E+002  0.73230886E+002  0.25714210E+003  0.26895148E+003
  0.00000000E+000  0.00000000E+000  0.00000000E+000  0.00000000E+000  0.00000000E+000  0.00000000E+000  0.73464157E+000  0.14971387E+002  0.73232073E+002  0.25714233E+003  0.26895168E+003
  0.00000000E+000  0.00000000E+000  0.00000000E+000  0.00000000E+000  0.00000000E+000  0.00000000E+000  0.73468852E+000  0.14971732E+002  0.73233297E+002  0.25714256E+003  0.26895187E+003
  0.00000000E+000  0.00000000E+000  0.00000000E+000  0.00000000E+000  0.00000000E+000  0.00000000E+000  0.73473586E+000  0.14972087E+002  0.73234556E+002  0.25714278E+003  0.26895206E+003
  0.00000000E+000  0.00000000E+000  0.00000000E+000  0.00000000E+000  0.00000000E+000  0.00000000E+000  0.73478334E+000  0.14972451E+002  0.73235852E+002  0.25714301E+003  0.26895224E+003
  0.00000000E+000  0.00000000E+000  0.00000000E+000  0.00000000E+000  0.00000000E+000  0.00000000E+000  0.73483075E+000  0.14972824E+002  0.73237185E+002  0.25714323E+003  0.26895243E+003
  0.00000000E+000  0.00000000E+000  0.00000000E+000  0.00000000E+000  0.00000000E+000  0.00000000E+000  0.73487789E+000  0.14973207E+002  0.73238554E+002  0.25714346E+003  0.26895261E+003
  0.00000000E+000  0.00000000E+000  0.00000000E+000  0.00000000E+000  0.00000000E+000  0.00000000E+000  0.73492454E+000  0.14973599E+002  0.73239959E+002  0.25714368E+003  0.26895280E+003
  0.00000000E+000  0.00000000E+000  0.00000000E+000  0.00000000E+000  0.00000000E+000  0.00000000E+000  0.73497054E+000  0.14974003E+002  0.73241401E+002  0.25714391E+003  0.26895298E+003
  0.00000000E+000  0.00000000E+000  0.00000000E+000  0.00000000E+000  0.00000000E+000  0.00000000E+000  0.73501572E+000  0.14974417E+002  0.73242880E+002  0.25714414E+003  0.26895316E+003
  0.00000000E+000  0.00000000E+000  0.00000000E+000  0.00000000E+000  0.00000000E+000  0.00000000E+000  0.73505992E+000  0.14974843E+002  0.73244395E+002  0.25714437E+003  0.26895335E+003
  0.00000000E+000  0.00000000E+000  0.00000000E+000  0.00000000E+000  0.00000000E+000  0.00000000E+000  0.73510304E+000  0.14975281E+002  0.73245945E+002  0.25714461E+003  0.26895354E+003
  0.00000000E+000  0.00000000E+000  0.00000000E+000  0.00000000E+000  0.00000000E+000  0.00000000E+000  0.73514495E+000  0.14975732E+002  0.73247532E+002  0.25714485E+003  0.26895373E+003
  0.00000000E+000  0.00000000E+000  0.00000000E+000  0.00000000E+000  0.00000000E+000  0.00000000E+000  0.73518558E+000  0.14976198E+002  0.73249153E+002  0.25714509E+003  0.26895392E+003
  0.00000000E+000  0.00000000E+000  0.00000000E+000  0.00000000E+000  0.00000000E+000  0.00000000E+000  0.73522485E+000  0.14976680E+002  0.73250810E+002  0.25714534E+003  0.26895411E+003
  0.00000000E+000  0.00000000E+000  0.00000000E+000  0.00000000E+000  0.00000000E+000  0.00000000E+000  0.73526272E+000  0.14977178E+002  0.73252502E+002  0.25714559E+003  0.26895430E+003
  0.00000000E+000  0.00000000E+000  0.00000000E+000  0.00000000E+000  0.00000000E+000  0.00000000E+000  0.73529916E+000  0.14977694E+002  0.73254228E+002  0.25714585E+003  0.26895450E+003
  0.00000000E+000  0.00000000E+000  0.00000000E+000  0.00000000E+000  0.00000000E+000  0.00000000E+000  0.73533415E+000  0.14978229E+002  0.73255989E+002  0.25714611E+003  0.26895470E+003
  0.00000000E+000  0.00000000E+000  0.00000000E+000  0.00000000E+000  0.00000000E+000  0.00000000E+000  0.73536769E+000  0.14978785E+002  0.73257784E+002  0.25714638E+003  0.26895490E+003
  0.00000000E+000  0.00000000E+000  0.00000000E+000  0.00000000E+000  0.00000000E+000  0.00000000E+000  0.73539980E+000  0.14979362E+002  0.73259613E+002  0.25714666E+003  0.26895511E+003
  0.00000000E+000  0.00000000E+000  0.00000000E+000  0.00000000E+000  0.00000000E+000  0.00000000E+000  0.73543051E+000  0.14979963E+002  0.73261476E+002  0.25714694E+003  0.26895532E+003
  0.00000000E+000  0.00000000E+000  0.00000000E+000  0.00000000E+000  0.00000000E+000  0.00000000E+000  0.73545983E+000  0.14980587E+002  0.73263373E+002  0.25714722E+003  0.26895553E+003
  0.00000000E+000  0.00000000E+000  0.00000000E+000  0.00000000E+000  0.00000000E+000  0.00000000E+000  0.73548783E+000  0.14981237E+002  0.73265305E+002  0.25714752E+003  0.26895574E+003
  0.00000000E+000  0.00000000E+000  0.00000000E+000  0.00000000E+000  0.00000000E+000  0.00000000E+000  0.73551455E+000  0.14981911E+002  0.73267272E+002  0.25714782E+003  0.26895596E+003
  0.00000000E+000  0.00000000E+000  0.00000000E+000  0.00000000E+000  0.00000000E+000  0.00000000E+000  0.73554005E+000  0.14982612E+002  0.73269275E+002  0.25714812E+003  0.26895618E+003
  0.00000000E+000  0.00000000E+000  0.00000000E+000  0.00000000E+000  0.00000000E+000  0.00000000E+000  0.73556438E+000  0.14983338E+002  0.73271314E+002  0.25714844E+003  0.26895641E+003
  0.00000000E+000  0.00000000E+000  0.00000000E+000  0.00000000E+000  0.00000000E+000  0.00000000E+000  0.73558761E+000  0.14984090E+002  0.73273391E+002  0.25714876E+003  0.26895664E+003
  0.00000000E+000  0.00000000E+000  0.00000000E+000  0.00000000E+000  0.00000000E+000  0.00000000E+000  0.73560980E+000  0.14984866E+002  0.73275507E+002  0.25714909E+003  0.26895687E+003
  0.00000000E+000  0.00000000E+000  0.00000000E+000  0.00000000E+000  0.00000000E+000  0.00000000E+000  0.73563101E+000  0.14985667E+002  0.73277664E+002  0.25714942E+003  0.26895711E+003
  0.00000000E+000  0.00000000E+000  0.00000000E+000  0.00000000E+000  0.00000000E+000  0.00000000E+000  0.73565131E+000  0.14986489E+002  0.73279865E+002  0.25714976E+003  0.26895735E+003
  0.00000000E+000  0.00000000E+000  0.00000000E+000  0.00000000E+000  0.00000000E+000  0.00000000E+000  0.73567076E+000  0.14987331E+002  0.73282110E+002  0.25715011E+003  0.26895759E+003
  0.00000000E+000  0.00000000E+000  0.00000000E+000  0.00000000E+000  0.00000000E+000  0.00000000E+000  0.73568942E+000  0.14988192E+002  0.73284404E+002  0.25715047E+003  0.26895784E+003
  0.00000000E+000  0.00000000E+000  0.00000000E+000  0.00000000E+000  0.00000000E+000  0.00000000E+000  0.73570733E+000  0.14989068E+002  0.73286749E+002  0.25715083E+003  0.26895809E+003
  0.00000000E+000  0.00000000E+000  0.00000000E+000  0.00000000E+000  0.00000000E+000  0.00000000E+000  0.73572457E+000  0.14989957E+002  0.73289147E+002  0.25715120E+003  0.26895835E+003
  0.00000000E+000  0.00000000E+000  0.00000000E+000  0.00000000E+000  0.00000000E+000  0.00000000E+000  0.73574117E+000  0.14990856E+002  0.73291603E+002  0.25715157E+003  0.26895861E+003
  0.00000000E+000  0.00000000E+000  0.00000000E+000  0.00000000E+000  0.00000000E+000  0.00000000E+000  0.73575719E+000  0.14991760E+002  0.73294120E+002  0.25715195E+003  0.26895888E+003
  0.00000000E+000  0.00000000E+000  0.00000000E+000  0.00000000E+000  0.00000000E+000  0.00000000E+000  0.73577266E+000  0.14992668E+002  0.73296700E+002  0.25715234E+003  0.26895914E+003
  0.00000000E+000  0.00000000E+000  0.00000000E+000  0.00000000E+000  0.00000000E+000  0.00000000E+000  0.73578762E+000  0.14993576E+002  0.73299347E+002  0.25715273E+003  0.26895942E+003
  0.00000000E+000  0.00000000E+000  0.00000000E+000  0.00000000E+000  0.00000000E+000  0.00000000E+000  0.73580212E+000  0.14994479E+002  0.73302064E+002  0.25715313E+003  0.26895969E+003
  0.00000000E+000  0.00000000E+000  0.00000000E+000  0.00000000E+000  0.00000000E+000  0.00000000E+000  0.73581617E+000  0.14995375E+002  0.73304853E+002  0.25715354E+003  0.26895997E+003
  0.00000000E+000  0.00000000E+000  0.00000000E+000  0.00000000E+000  0.00000000E+000  0.00000000E+000  0.73582981E+000  0.14996261E+002  0.73307716E+002  0.25715395E+003  0.26896026E+003
  0.00000000E+000  0.00000000E+000  0.00000000E+000  0.00000000E+000  0.00000000E+000  0.00000000E+000  0.73584307E+000  0.14997134E+002  0.73310655E+002  0.25715437E+003  0.26896054E+003
  0.00000000E+000  0.00000000E+000  0.00000000E+000  0.00000000E+000  0.00000000E+000  0.00000000E+000  0.73585596E+000  0.14997990E+002  0.73313668E+002  0.25715479E+003  0.26896083E+003
  0.00000000E+000  0.00000000E+000  0.00000000E+000  0.00000000E+000  0.00000000E+000  0.00000000E+000  0.73586850E+000  0.14998827E+002  0.73316756E+002  0.25715522E+003  0.26896113E+003
  0.00000000E+000  0.00000000E+000  0.00000000E+000  0.00000000E+000  0.00000000E+000  0.00000000E+000  0.73588070E+000  0.14999643E+002  0.73319916E+002  0.25715565E+003  0.26896142E+003
  0.00000000E+000  0.00000000E+000  0.00000000E+000  0.00000000E+000  0.00000000E+000  0.00000000E+000  0.73589258E+000  0.15000436E+002  0.73323146E+002  0.25715609E+003  0.26896172E+003
  0.00000000E+000  0.00000000E+000  0.00000000E+000  0.00000000E+000  0.00000000E+000  0.00000000E+000  0.73590415E+000  0.15001204E+002  0.73326440E+002  0.25715654E+003  0.26896203E+003
  0.00000000E+000  0.00000000E+000  0.00000000E+000  0.00000000E+000  0.00000000E+000  0.00000000E+000  0.73591541E+000  0.15001946E+002  0.73329794E+002  0.25715700E+003  0.26896234E+003
  0.00000000E+000  0.00000000E+000  0.00000000E+000  0.00000000E+000  0.00000000E+000  0.00000000E+000  0.73592637E+000  0.15002661E+002  0.73333200E+002  0.25715746E+003  0.26896265E+003
  0.00000000E+000  0.00000000E+000  0.00000000E+000  0.00000000E+000  0.00000000E+000  0.00000000E+000  0.73593703E+000  0.15003348E+002  0.73336652E+002  0.25715793E+003  0.26896296E+003
  0.00000000E+000  0.00000000E+000  0.00000000E+000  0.00000000E+000  0.00000000E+000  0.00000000E+000  0.73594740E+000  0.15004007E+002  0.73340138E+002  0.25715840E+003  0.26896328E+003
  0.00000000E+000  0.00000000E+000  0.00000000E+000  0.00000000E+000  0.00000000E+000  0.00000000E+000  0.73595746E+000  0.15004637E+002  0.73343651E+002  0.25715889E+003  0.26896360E+003
  0.00000000E+000  0.00000000E+000  0.00000000E+000  0.00000000E+000  0.00000000E+000  0.00000000E+000  0.73596722E+000  0.15005239E+002  0.73347178E+002  0.25715938E+003  0.26896393E+003
  0.00000000E+000  0.00000000E+000  0.00000000E+000  0.00000000E+000  0.00000000E+000  0.00000000E+000  0.73597668E+000  0.15005813E+002  0.73350709E+002  0.25715988E+003  0.26896426E+003
  0.00000000E+000  0.00000000E+000  0.00000000E+000  0.00000000E+000  0.00000000E+000  0.00000000E+000  0.73598583E+000  0.15006360E+002  0.73354232E+002  0.25716039E+003  0.26896459E+003
  0.00000000E+000  0.00000000E+000  0.00000000E+000  0.00000000E+000  0.00000000E+000  0.00000000E+000  0.73599468E+000  0.15006879E+002  0.73357735E+002  0.25716091E+003  0.26896493E+003
  0.00000000E+000  0.00000000E+000  0.00000000E+000  0.00000000E+000  0.00000000E+000  0.00000000E+000  0.73600321E+000  0.15007372E+002  0.73361207E+002  0.25716144E+003  0.26896527E+003
  0.00000000E+000  0.00000000E+000  0.00000000E+000  0.00000000E+000  0.00000000E+000  0.00000000E+000  0.73601142E+000  0.15007840E+002  0.73364635E+002  0.25716197E+003  0.26896562E+003
  0.00000000E+000  0.00000000E+000  0.00000000E+000  0.00000000E+000  0.00000000E+000  0.00000000E+000  0.73601930E+000  0.15008284E+002  0.73368009E+002  0.25716252E+003  0.26896597E+003
  0.00000000E+000  0.00000000E+000  0.00000000E+000  0.00000000E+000  0.00000000E+000  0.00000000E+000  0.73602686E+000  0.15008704E+002  0.73371319E+002  0.25716308E+003  0.26896632E+003
  0.00000000E+000  0.00000000E+000  0.00000000E+000  0.00000000E+000  0.00000000E+000  0.00000000E+000  0.73603409E+000  0.15009102E+002  0.73374555E+002  0.25716364E+003  0.26896668E+003
  0.00000000E+000  0.00000000E+000  0.00000000E+000  0.00000000E+000  0.00000000E+000  0.00000000E+000  0.73604098E+000  0.15009479E+002  0.73377707E+002  0.25716421E+003  0.26896704E+003
  0.00000000E+000  0.00000000E+000  0.00000000E+000  0.00000000E+000  0.00000000E+000  0.00000000E+000  0.73604754E+000  0.15009835E+002  0.73380769E+002  0.25716479E+003  0.26896741E+003
  0.00000000E+000  0.00000000E+000  0.00000000E+000  0.00000000E+000  0.00000000E+000  0.00000000E+000  0.73605376E+000  0.15010172E+002  0.73383733E+002  0.25716538E+003  0.26896778E+003
  0.00000000E+000  0.00000000E+000  0.00000000E+000  0.00000000E+000  0.00000000E+000  0.00000000E+000  0.73605964E+000  0.15010492E+002  0.73386595E+002  0.25716597E+003  0.26896815E+003
  0.00000000E+000  0.00000000E+000  0.00000000E+000  0.00000000E+000  0.00000000E+000  0.00000000E+000  0.73606519E+000  0.15010794E+002  0.73389349E+002  0.25716656E+003  0.26896853E+003
  0.00000000E+000  0.00000000E+000  0.00000000E+000  0.00000000E+000  0.00000000E+000  0.00000000E+000  0.73607039E+000  0.15011079E+002  0.73391993E+002  0.25716716E+003  0.26896890E+003
  0.00000000E+000  0.00000000E+000  0.00000000E+000  0.00000000E+000  0.00000000E+000  0.00000000E+000  0.73607526E+000  0.15011350E+002  0.73394525E+002  0.25716776E+003  0.26896928E+003
  0.00000000E+000  0.00000000E+000  0.00000000E+000  0.00000000E+000  0.00000000E+000  0.00000000E+000  0.73607980E+000  0.15011605E+002  0.73396942E+002  0.25716835E+003  0.26896965E+003
  0.00000000E+000  0.00000000E+000  0.00000000E+000  0.00000000E+000  0.00000000E+000  0.00000000E+000  0.73608401E+000  0.15011847E+002  0.73399246E+002  0.25716895E+003  0.26897003E+003
  0.00000000E+000  0.00000000E+000  0.00000000E+000  0.00000000E+000  0.00000000E+000  0.00000000E+000  0.73608789E+000  0.15012076E+002  0.73401436E+002  0.25716954E+003  0.26897040E+003
  0.00000000E+000  0.00000000E+000  0.00000000E+000  0.00000000E+000  0.00000000E+000  0.00000000E+000  0.73609146E+000  0.15012292E+002  0.73403515E+002  0.25717013E+003  0.26897077E+003
  0.00000000E+000  0.00000000E+000  0.00000000E+000  0.00000000E+000  0.00000000E+000  0.00000000E+000  0.73609471E+000  0.15012496E+002  0.73405484E+002  0.25717071E+003  0.26897114E+003
  0.00000000E+000  0.00000000E+000  0.00000000E+000  0.00000000E+000  0.00000000E+000  0.00000000E+000  0.73609766E+000  0.15012689E+002  0.73407347E+002  0.25717128E+003  0.26897150E+003
  0.00000000E+000  0.00000000E+000  0.00000000E+000  0.00000000E+000  0.00000000E+000  0.00000000E+000  0.73610031E+000  0.15012871E+002  0.73409105E+002  0.25717184E+003  0.26897186E+003
  0.00000000E+000  0.00000000E+000  0.00000000E+000  0.00000000E+000  0.00000000E+000  0.00000000E+000  0.73610268E+000  0.15013043E+002  0.73410764E+002  0.25717239E+003  0.26897220E+003
  0.00000000E+000  0.00000000E+000  0.00000000E+000  0.00000000E+000  0.00000000E+000  0.00000000E+000  0.73610476E+000  0.15013204E+002  0.73412326E+002  0.25717293E+003  0.26897254E+003
  0.00000000E+000  0.00000000E+000  0.00000000E+000  0.00000000E+000  0.00000000E+000  0.00000000E+000  0.73610658E+000  0.15013356E+002  0.73413796E+002  0.25717345E+003  0.26897287E+003
  0.00000000E+000  0.00000000E+000  0.00000000E+000  0.00000000E+000  0.00000000E+000  0.00000000E+000  0.73610814E+000  0.15013499E+002  0.73415178E+002  0.25717395E+003  0.26897319E+003
  0.00000000E+000  0.00000000E+000  0.00000000E+000  0.00000000E+000  0.00000000E+000  0.00000000E+000  0.73610946E+000  0.15013633E+002  0.73416476E+002  0.25717444E+003  0.26897350E+003
  0.00000000E+000  0.00000000E+000  0.00000000E+000  0.00000000E+000  0.00000000E+000  0.00000000E+000  0.73611053E+000  0.15013758E+002  0.73417694E+002  0.25717491E+003  0.26897380E+003
  0.00000000E+000  0.00000000E+000  0.00000000E+000  0.00000000E+000  0.00000000E+000  0.00000000E+000  0.73611139E+000  0.15013874E+002  0.73418836E+002  0.25717536E+003  0.26897409E+003
  0.00000000E+000  0.00000000E+000  0.00000000E+000  0.00000000E+000  0.00000000E+000  0.00000000E+000  0.73611204E+000  0.15013983E+002  0.73419906E+002  0.25717580E+003  0.26897437E+003
  0.00000000E+000  0.00000000E+000  0.00000000E+000  0.00000000E+000  0.00000000E+000  0.00000000E+000  0.73611248E+000  0.15014083E+002  0.73420909E+002  0.25717621E+003  0.26897463E+003
  0.00000000E+000  0.00000000E+000  0.00000000E+000  0.00000000E+000  0.00000000E+000  0.00000000E+000  0.73611275E+000  0.15014176E+002  0.73421847E+002  0.25717660E+003  0.26897488E+003
  0.00000000E+000  0.00000000E+000  0.00000000E+000  0.00000000E+000  0.00000000E+000  0.00000000E+000  0.73611284E+000  0.15014262E+002  0.73422724E+002  0.25717698E+003  0.26897512E+003
  0.00000000E+000  0.00000000E+000  0.00000000E+000  0.00000000E+000  0.00000000E+000  0.00000000E+000  0.73611278E+000  0.15014341E+002  0.73423543E+002  0.25717733E+003  0.26897534E+003
  0.00000000E+000  0.00000000E+000  0.00000000E+000  0.00000000E+000  0.00000000E+000  0.00000000E+000  0.73611258E+000  0.15014413E+002  0.73424308E+002  0.25717767E+003  0.26897556E+003
  0.00000000E+000  0.00000000E+000  0.00000000E+000  0.00000000E+000  0.00000000E+000  0.00000000E+000  0.73611225E+000  0.15014478E+002  0.73425022E+002  0.25717799E+003  0.26897576E+003
  0.00000000E+000  0.00000000E+000  0.00000000E+000  0.00000000E+000  0.00000000E+000  0.00000000E+000  0.73611181E+000  0.15014537E+002  0.73425687E+002  0.25717829E+003  0.26897595E+003
  0.00000000E+000  0.00000000E+000  0.00000000E+000  0.00000000E+000  0.00000000E+000  0.00000000E+000  0.73611127E+000  0.15014590E+002  0.73426306E+002  0.25717857E+003  0.26897613E+003
  0.00000000E+000  0.00000000E+000  0.00000000E+000  0.00000000E+000  0.00000000E+000  0.00000000E+000  0.73611064E+000  0.15014637E+002  0.73426882E+002  0.25717883E+003  0.26897630E+003
  0.00000000E+000  0.00000000E+000  0.00000000E+000  0.00000000E+000  0.00000000E+000  0.00000000E+000  0.73610995E+000  0.15014679E+002  0.73427416E+002  0.25717908E+003  0.26897646E+003
  0.00000000E+000  0.00000000E+000  0.00000000E+000  0.00000000E+000  0.00000000E+000  0.00000000E+000  0.73610921E+000  0.15014715E+002  0.73427911E+002  0.25717932E+003  0.26897661E+003
  0.00000000E+000  0.00000000E+000  0.00000000E+000  0.00000000E+000  0.00000000E+000  0.00000000E+000  0.73610843E+000  0.15014747E+002  0.73428370E+002  0.25717953E+003  0.26897674E+003
  0.00000000E+000  0.00000000E+000  0.00000000E+000  0.00000000E+000  0.00000000E+000  0.00000000E+000  0.73610762E+000  0.15014774E+002  0.73428793E+002  0.25717974E+003  0.26897687E+003
  0.00000000E+000  0.00000000E+000  0.00000000E+000  0.00000000E+000  0.00000000E+000  0.00000000E+000  0.73610680E+000  0.15014797E+002  0.73429184E+002  0.25717993E+003  0.26897700E+003
  0.00000000E+000  0.00000000E+000  0.00000000E+000  0.00000000E+000  0.00000000E+000  0.00000000E+000  0.73610599E+000  0.15014816E+002  0.73429543E+002  0.25718011E+003  0.26897711E+003
  0.00000000E+000  0.00000000E+000  0.00000000E+000  0.00000000E+000  0.00000000E+000  0.00000000E+000  0.73610519E+000  0.15014832E+002  0.73429872E+002  0.25718027E+003  0.26897722E+003
  0.00000000E+000  0.00000000E+000  0.00000000E+000  0.00000000E+000  0.00000000E+000  0.00000000E+000  0.73610441E+000  0.15014844E+002  0.73430173E+002  0.25718043E+003  0.26897732E+003
  0.00000000E+000  0.00000000E+000  0.00000000E+000  0.00000000E+000  0.00000000E+000  0.00000000E+000  0.73610367E+000  0.15014854E+002  0.73430449E+002  0.25718057E+003  0.26897741E+003
  0.00000000E+000  0.00000000E+000  0.00000000E+000  0.00000000E+000  0.00000000E+000  0.00000000E+000  0.73610298E+000  0.15014860E+002  0.73430699E+002  0.25718071E+003  0.26897750E+003
  0.00000000E+000  0.00000000E+000  0.00000000E+000  0.00000000E+000  0.00000000E+000  0.00000000E+000  0.73610234E+000  0.15014865E+002  0.73430926E+002  0.25718083E+003  0.26897758E+003
  0.00000000E+000  0.00000000E+000  0.00000000E+000  0.00000000E+000  0.00000000E+000  0.00000000E+000  0.73610176E+000  0.15014867E+002  0.73431132E+002  0.25718095E+003  0.26897766E+003
  0.00000000E+000  0.00000000E+000  0.00000000E+000  0.00000000E+000  0.00000000E+000  0.00000000E+000  0.73610126E+000  0.15014867E+002  0.73431317E+002  0.25718106E+003  0.26897773E+003
  0.00000000E+000  0.00000000E+000  0.00000000E+000  0.00000000E+000  0.00000000E+000  0.00000000E+000  0.73610083E+000  0.15014867E+002  0.73431483E+002  0.25718116E+003  0.26897780E+003
  0.00000000E+000  0.00000000E+000  0.00000000E+000  0.00000000E+000  0.00000000E+000  0.00000000E+000  0.73610048E+000  0.15014865E+002  0.73431632E+002  0.25718125E+003  0.26897786E+003
  0.00000000E+000  0.00000000E+000  0.00000000E+000  0.00000000E+000  0.00000000E+000  0.00000000E+000  0.73610020E+000  0.15014862E+002  0.73431764E+002  0.25718134E+003  0.26897792E+003
  0.00000000E+000  0.00000000E+000  0.00000000E+000  0.00000000E+000  0.00000000E+000  0.00000000E+000  0.73610001E+000  0.15014858E+002  0.73431881E+002  0.25718142E+003  0.26897798E+003
  0.00000000E+000  0.00000000E+000  0.00000000E+000  0.00000000E+000  0.00000000E+000  0.00000000E+000  0.73609991E+000  0.15014854E+002  0.73431985E+002  0.25718149E+003  0.26897803E+003
  0.00000000E+000  0.00000000E+000  0.00000000E+000  0.00000000E+000  0.00000000E+000  0.00000000E+000  0.73609988E+000  0.15014849E+002  0.73432075E+002  0.25718156E+003  0.26897809E+003
  0.00000000E+000  0.00000000E+000  0.00000000E+000  0.00000000E+000  0.00000000E+000  0.00000000E+000  0.73609993E+000  0.15014845E+002  0.73432154E+002  0.25718163E+003  0.26897813E+003
  0.00000000E+000  0.00000000E+000  0.00000000E+000  0.00000000E+000  0.00000000E+000  0.00000000E+000  0.73610006E+000  0.15014841E+002  0.73432223E+002  0.25718169E+003  0.26897818E+003
  0.00000000E+000  0.00000000E+000  0.00000000E+000  0.00000000E+000  0.00000000E+000  0.00000000E+000  0.73610026E+000  0.15014837E+002  0.73432283E+002  0.25718174E+003  0.26897822E+003
  0.00000000E+000  0.00000000E+000  0.00000000E+000  0.00000000E+000  0.00000000E+000  0.00000000E+000  0.73610053E+000  0.15014833E+002  0.73432334E+002  0.25718179E+003  0.26897826E+003
  0.00000000E+000  0.00000000E+000  0.00000000E+000  0.00000000E+000  0.00000000E+000  0.00000000E+000  0.73610086E+000  0.15014830E+002  0.73432378E+002  0.25718184E+003  0.26897830E+003
  0.00000000E+000  0.00000000E+000  0.00000000E+000  0.00000000E+000  0.00000000E+000  0.00000000E+000  0.73610124E+000  0.15014827E+002  0.73432415E+002  0.25718189E+003  0.26897833E+003
  0.00000000E+000  0.00000000E+000  0.00000000E+000  0.00000000E+000  0.00000000E+000  0.00000000E+000  0.73610166E+000  0.15014826E+002  0.73432446E+002  0.25718192E+003  0.26897836E+003
  0.00000000E+000  0.00000000E+000  0.00000000E+000  0.00000000E+000  0.00000000E+000  0.00000000E+000  0.73610210E+000  0.15014824E+002  0.73432471E+002  0.25718196E+003  0.26897839E+003
  0.00000000E+000  0.00000000E+000  0.00000000E+000  0.00000000E+000  0.00000000E+000  0.00000000E+000  0.73610256E+000  0.15014823E+002  0.73432490E+002  0.25718199E+003  0.26897841E+003
  0.00000000E+000  0.00000000E+000  0.00000000E+000  0.00000000E+000  0.00000000E+000  0.00000000E+000  0.73610305E+000  0.15014823E+002  0.73432507E+002  0.25718202E+003  0.26897843E+003
  0.00000000E+000  0.00000000E+000  0.00000000E+000  0.00000000E+000  0.00000000E+000  0.00000000E+000  0.73610360E+000  0.15014825E+002  0.73432525E+002  0.25718205E+003  0.26897846E+003
  0.00000000E+000  0.00000000E+000  0.00000000E+000  0.00000000E+000  0.00000000E+000  0.00000000E+000  0.73610437E+000  0.15014833E+002  0.73432565E+002  0.25718209E+003  0.26897853E+003
