  0.25719473E-001
  0.25981406E-001
  0.26214551E-001
  0.26414523E-001
  0.26584770E-001
  0.26729371E-001
  0.26852052E-001
  0.26956051E-001
  0.27044155E-001
  0.27118750E-001
  0.27181872E-001
  0.27235257E-001
  0.27280382E-001
  0.27318501E-001
  0.27350682E-001
  0.27377830E-001
  0.27400716E-001
  0.27419992E-001
  0.27436214E-001
  0.27449852E-001
  0.27461307E-001
  0.27470923E-001
  0.27478990E-001
  0.27485753E-001
  0.27491423E-001
  0.27496176E-001
  0.27500162E-001
  0.27503509E-001
  0.27506326E-001
  0.27508704E-001
  0.27510719E-001
  0.27512432E-001
  0.27513898E-001
  0.27515159E-001
  0.27516253E-001
  0.27517209E-001
  0.27518051E-001
  0.27518800E-001
  0.27519471E-001
  0.27520078E-001
  0.27520631E-001
  0.27521139E-001
  0.27521607E-001
  0.27522043E-001
  0.27522450E-001
  0.27522832E-001
  0.27523194E-001
  0.27523536E-001
  0.27523863E-001
  0.27524175E-001
  0.27524475E-001
  0.27524765E-001
  0.27525045E-001
  0.27525318E-001
  0.27525582E-001
  0.27525840E-001
  0.27526092E-001
  0.27526338E-001
  0.27526577E-001
  0.27526810E-001
  0.27527036E-001
  0.27527255E-001
  0.27527467E-001
  0.27527671E-001
  0.27527868E-001
  0.27528055E-001
  0.27528234E-001
  0.27528404E-001
  0.27528565E-001
  0.27528717E-001
  0.27528859E-001
  0.27528991E-001
  0.27529115E-001
  0.27529229E-001
  0.27529334E-001
  0.27529431E-001
  0.27529520E-001
  0.27529600E-001
  0.27529673E-001
  0.27529738E-001
  0.27529797E-001
  0.27529849E-001
  0.27529895E-001
  0.27529936E-001
  0.27529971E-001
  0.27530001E-001
  0.27530027E-001
  0.27530049E-001
  0.27530067E-001
  0.27530082E-001
  0.27530094E-001
  0.27530103E-001
  0.27530109E-001
  0.27530113E-001
  0.27530115E-001
  0.27530116E-001
  0.27530114E-001
  0.27530112E-001
  0.27530108E-001
  0.27530103E-001
  0.27530098E-001
  0.27530091E-001
  0.27530085E-001
  0.27530077E-001
  0.27530069E-001
  0.27530061E-001
  0.27530053E-001
  0.27530044E-001
  0.27530036E-001
  0.27530027E-001
  0.27530019E-001
  0.27530010E-001
  0.27530002E-001
  0.27529993E-001
  0.27529985E-001
  0.27529977E-001
  0.27529969E-001
  0.27529961E-001
  0.27529953E-001
  0.27529946E-001
  0.27529938E-001
  0.27529931E-001
  0.27529925E-001
  0.27529918E-001
  0.27529911E-001
  0.27529905E-001
  0.27529899E-001
  0.27529893E-001
  0.27529888E-001
  0.27529882E-001
  0.27529877E-001
  0.27529872E-001
  0.27529867E-001
  0.27529863E-001
  0.27529858E-001
  0.27529854E-001
  0.27529850E-001
  0.27529846E-001
  0.27529842E-001
  0.27529838E-001
  0.27529835E-001
  0.27529831E-001
  0.27529828E-001
  0.27529825E-001
  0.27529822E-001
  0.27529819E-001
  0.27529817E-001
  0.27529814E-001
  0.27529812E-001
  0.27529810E-001
  0.27529807E-001
  0.27529805E-001
  0.27529803E-001
  0.27529801E-001
  0.27529800E-001
  0.27529798E-001
  0.27529796E-001
  0.27529795E-001
  0.27529793E-001
  0.27529792E-001
  0.27529791E-001
  0.27529790E-001
  0.27529788E-001
  0.27529787E-001
  0.27529786E-001
  0.27529785E-001
  0.27529784E-001
  0.27529784E-001
  0.27529783E-001
  0.27529782E-001
  0.27529781E-001
  0.27529781E-001
  0.27529780E-001
  0.27529780E-001
  0.27529779E-001
  0.27529779E-001
  0.27529778E-001
  0.27529778E-001
  0.27529777E-001
  0.27529777E-001
  0.27529777E-001
  0.27529777E-001
  0.27529776E-001
  0.27529776E-001
  0.27529776E-001
  0.27529776E-001
  0.27529775E-001
  0.27529775E-001
  0.27529775E-001
  0.27529775E-001
  0.27529775E-001
  0.27529775E-001
  0.27529775E-001
  0.27529775E-001
  0.27529775E-001
  0.27529775E-001
  0.27529775E-001
  0.27529775E-001
  0.27529774E-001
  0.27529773E-001
