  0.39469349E-001
  0.39674931E-001
  0.39868270E-001
  0.40036414E-001
  0.40180620E-001
  0.40303752E-001
  0.40408554E-001
  0.40497519E-001
  0.40572861E-001
  0.40636518E-001
  0.40690183E-001
  0.40735321E-001
  0.40773211E-001
  0.40804970E-001
  0.40831551E-001
  0.40853772E-001
  0.40872333E-001
  0.40887920E-001
  0.40901031E-001
  0.40912055E-001
  0.40921328E-001
  0.40929140E-001
  0.40935731E-001
  0.40941309E-001
  0.40946047E-001
  0.40950090E-001
  0.40953562E-001
  0.40956566E-001
  0.40959189E-001
  0.40961501E-001
  0.40963563E-001
  0.40965420E-001
  0.40967113E-001
  0.40968670E-001
  0.40970118E-001
  0.40971474E-001
  0.40972754E-001
  0.40973970E-001
  0.40975128E-001
  0.40976237E-001
  0.40977300E-001
  0.40978321E-001
  0.40979302E-001
  0.40980247E-001
  0.40981156E-001
  0.40982032E-001
  0.40982876E-001
  0.40983690E-001
  0.40984476E-001
  0.40985235E-001
  0.40985970E-001
  0.40986683E-001
  0.40987373E-001
  0.40988043E-001
  0.40988694E-001
  0.40989324E-001
  0.40989936E-001
  0.40990529E-001
  0.40991102E-001
  0.40991657E-001
  0.40992194E-001
  0.40992714E-001
  0.40993217E-001
  0.40993702E-001
  0.40994169E-001
  0.40994616E-001
  0.40995041E-001
  0.40995443E-001
  0.40995824E-001
  0.40996183E-001
  0.40996521E-001
  0.40996839E-001
  0.40997137E-001
  0.40997415E-001
  0.40997673E-001
  0.40997913E-001
  0.40998136E-001
  0.40998341E-001
  0.40998530E-001
  0.40998703E-001
  0.40998862E-001
  0.40999008E-001
  0.40999140E-001
  0.40999260E-001
  0.40999369E-001
  0.40999468E-001
  0.40999556E-001
  0.40999636E-001
  0.40999708E-001
  0.40999771E-001
  0.40999828E-001
  0.40999878E-001
  0.40999922E-001
  0.40999961E-001
  0.40999995E-001
  0.41000024E-001
  0.41000049E-001
  0.41000071E-001
  0.41000089E-001
  0.41000104E-001
  0.41000117E-001
  0.41000127E-001
  0.41000135E-001
  0.41000141E-001
  0.41000146E-001
  0.41000149E-001
  0.41000151E-001
  0.41000152E-001
  0.41000152E-001
  0.41000151E-001
  0.41000150E-001
  0.41000148E-001
  0.41000146E-001
  0.41000143E-001
  0.41000140E-001
  0.41000137E-001
  0.41000134E-001
  0.41000130E-001
  0.41000126E-001
  0.41000123E-001
  0.41000119E-001
  0.41000115E-001
  0.41000112E-001
  0.41000108E-001
  0.41000104E-001
  0.41000101E-001
  0.41000097E-001
  0.41000093E-001
  0.41000090E-001
  0.41000087E-001
  0.41000083E-001
  0.41000080E-001
  0.41000077E-001
  0.41000074E-001
  0.41000071E-001
  0.41000068E-001
  0.41000065E-001
  0.41000062E-001
  0.41000059E-001
  0.41000057E-001
  0.41000054E-001
  0.41000052E-001
  0.41000049E-001
  0.41000047E-001
  0.41000045E-001
  0.41000043E-001
  0.41000041E-001
  0.41000039E-001
  0.41000037E-001
  0.41000035E-001
  0.41000033E-001
  0.41000031E-001
  0.41000030E-001
  0.41000028E-001
  0.41000027E-001
  0.41000025E-001
  0.41000024E-001
  0.41000023E-001
  0.41000021E-001
  0.41000020E-001
  0.41000019E-001
  0.41000018E-001
  0.41000017E-001
  0.41000016E-001
  0.41000015E-001
  0.41000014E-001
  0.41000013E-001
  0.41000012E-001
  0.41000011E-001
  0.41000011E-001
  0.41000010E-001
  0.41000009E-001
  0.41000008E-001
  0.41000008E-001
  0.41000007E-001
  0.41000007E-001
  0.41000006E-001
  0.41000006E-001
  0.41000005E-001
  0.41000005E-001
  0.41000004E-001
  0.41000004E-001
  0.41000004E-001
  0.41000003E-001
  0.41000003E-001
  0.41000003E-001
  0.41000002E-001
  0.41000002E-001
  0.41000002E-001
  0.41000001E-001
  0.41000001E-001
  0.41000001E-001
  0.41000001E-001
  0.41000001E-001
  0.41000001E-001
  0.41000001E-001
  0.41000000E-001
  0.41000000E-001
  0.41000000E-001
  0.40999998E-001
