  0.13351188E+002
  0.13341732E+002
  0.13333578E+002
  0.13326590E+002
  0.13320595E+002
  0.13315441E+002
  0.13310998E+002
  0.13307156E+002
  0.13303822E+002
  0.13300918E+002
  0.13298377E+002
  0.13296143E+002
  0.13294169E+002
  0.13292414E+002
  0.13290845E+002
  0.13289433E+002
  0.13288153E+002
  0.13286986E+002
  0.13285913E+002
  0.13284921E+002
  0.13283995E+002
  0.13283126E+002
  0.13282305E+002
  0.13281522E+002
  0.13280771E+002
  0.13280047E+002
  0.13279343E+002
  0.13278657E+002
  0.13277984E+002
  0.13277321E+002
  0.13276666E+002
  0.13276016E+002
  0.13275369E+002
  0.13274723E+002
  0.13274079E+002
  0.13273433E+002
  0.13272787E+002
  0.13272138E+002
  0.13271488E+002
  0.13270835E+002
  0.13270181E+002
  0.13269524E+002
  0.13268866E+002
  0.13268207E+002
  0.13267548E+002
  0.13266890E+002
  0.13266233E+002
  0.13265579E+002
  0.13264929E+002
  0.13264284E+002
  0.13263646E+002
  0.13263016E+002
  0.13262396E+002
  0.13261788E+002
  0.13261193E+002
  0.13260614E+002
  0.13260052E+002
  0.13259510E+002
  0.13258989E+002
  0.13258493E+002
  0.13258022E+002
  0.13257579E+002
  0.13257167E+002
  0.13256787E+002
  0.13256441E+002
  0.13256131E+002
  0.13255860E+002
  0.13255629E+002
  0.13255439E+002
  0.13255293E+002
  0.13255190E+002
  0.13255133E+002
  0.13255123E+002
  0.13255159E+002
  0.13255244E+002
  0.13255378E+002
  0.13255561E+002
  0.13255793E+002
  0.13256075E+002
  0.13256407E+002
  0.13256788E+002
  0.13257217E+002
  0.13257695E+002
  0.13258220E+002
  0.13258791E+002
  0.13259406E+002
  0.13260066E+002
  0.13260767E+002
  0.13261509E+002
  0.13262290E+002
  0.13263107E+002
  0.13263960E+002
  0.13264845E+002
  0.13265762E+002
  0.13266707E+002
  0.13267679E+002
  0.13268675E+002
  0.13269693E+002
  0.13270732E+002
  0.13271788E+002
  0.13272860E+002
  0.13273946E+002
  0.13275044E+002
  0.13276152E+002
  0.13277268E+002
  0.13278390E+002
  0.13279516E+002
  0.13280645E+002
  0.13281776E+002
  0.13282907E+002
  0.13284036E+002
  0.13285163E+002
  0.13286285E+002
  0.13287403E+002
  0.13288515E+002
  0.13289621E+002
  0.13290718E+002
  0.13291808E+002
  0.13292888E+002
  0.13293959E+002
  0.13295019E+002
  0.13296069E+002
  0.13297108E+002
  0.13298135E+002
  0.13299150E+002
  0.13300153E+002
  0.13301144E+002
  0.13302122E+002
  0.13303087E+002
  0.13304039E+002
  0.13304978E+002
  0.13305904E+002
  0.13306816E+002
  0.13307714E+002
  0.13308599E+002
  0.13309471E+002
  0.13310329E+002
  0.13311173E+002
  0.13312003E+002
  0.13312819E+002
  0.13313622E+002
  0.13314411E+002
  0.13315187E+002
  0.13315948E+002
  0.13316696E+002
  0.13317431E+002
  0.13318152E+002
  0.13318860E+002
  0.13319554E+002
  0.13320235E+002
  0.13320903E+002
  0.13321557E+002
  0.13322199E+002
  0.13322827E+002
  0.13323443E+002
  0.13324047E+002
  0.13324637E+002
  0.13325215E+002
  0.13325781E+002
  0.13326335E+002
  0.13326876E+002
  0.13327406E+002
  0.13327923E+002
  0.13328430E+002
  0.13328924E+002
  0.13329407E+002
  0.13329879E+002
  0.13330340E+002
  0.13330790E+002
  0.13331229E+002
  0.13331658E+002
  0.13332076E+002
  0.13332484E+002
  0.13332882E+002
  0.13333270E+002
  0.13333648E+002
  0.13334016E+002
  0.13334375E+002
  0.13334725E+002
  0.13335065E+002
  0.13335397E+002
  0.13335720E+002
  0.13336034E+002
  0.13336340E+002
  0.13336637E+002
  0.13336926E+002
  0.13337208E+002
  0.13337481E+002
  0.13337747E+002
  0.13338005E+002
  0.13338256E+002
  0.13338500E+002
  0.13338737E+002
  0.13338967E+002
  0.13339190E+002
  0.13339407E+002
  0.13339617E+002
  0.13339821E+002
  0.13340019E+002
  0.13340211E+002
