  0.38673465E+000  0.46870338E+000  0.22582859E+001  0.49529644E+002
  0.38586854E+000  0.46702646E+000  0.21654909E+001  0.50668934E+002
  0.38269367E+000  0.46757791E+000  0.21336581E+001  0.50682688E+002
  0.38199127E+000  0.46650930E+000  0.21325403E+001  0.50668561E+002
  0.37225831E+000  0.47513890E+000  0.21326553E+001  0.50655635E+002
  0.37105836E+000  0.47567837E+000  0.21287137E+001  0.50648931E+002
  0.36655702E+000  0.47874291E+000  0.21290643E+001  0.50640898E+002
  0.36599917E+000  0.47643152E+000  0.21166603E+001  0.50648886E+002
  0.36318145E+000  0.47124236E+000  0.21227335E+001  0.50645070E+002
  0.36247292E+000  0.47136471E+000  0.21226062E+001  0.50641320E+002
  0.36219657E+000  0.46711124E+000  0.21259421E+001  0.50639124E+002
  0.35686844E+000  0.47230270E+000  0.21255966E+001  0.50637114E+002
  0.35674307E+000  0.47236830E+000  0.21257025E+001  0.50635325E+002
  0.35642777E+000  0.47219166E+000  0.21245264E+001  0.50635873E+002
  0.35641007E+000  0.47178967E+000  0.21238556E+001  0.50636363E+002
  0.35615400E+000  0.47197726E+000  0.21233918E+001  0.50636726E+002
  0.35617388E+000  0.47177533E+000  0.21226148E+001  0.50637873E+002
  0.35613921E+000  0.47179149E+000  0.21223508E+001  0.50638638E+002
  0.35586638E+000  0.47143551E+000  0.21219453E+001  0.50640397E+002
  0.35583986E+000  0.47139709E+000  0.21219768E+001  0.50641353E+002
  0.35561768E+000  0.47109838E+000  0.21225458E+001  0.50642387E+002
  0.35541255E+000  0.47130183E+000  0.21225614E+001  0.50643585E+002
  0.35534079E+000  0.47135449E+000  0.21225678E+001  0.50644912E+002
  0.35525334E+000  0.47143486E+000  0.21225930E+001  0.50646287E+002
  0.35516848E+000  0.47151125E+000  0.20662564E+001  0.50704084E+002
  0.35500840E+000  0.47167271E+000  0.20660769E+001  0.50705758E+002
  0.35501547E+000  0.47166752E+000  0.20659913E+001  0.50707365E+002
  0.35502190E+000  0.47166328E+000  0.20659942E+001  0.50708900E+002
  0.35488252E+000  0.47180541E+000  0.20656785E+001  0.50710758E+002
  0.35488831E+000  0.47180274E+000  0.20656899E+001  0.50712285E+002
  0.35489367E+000  0.47180081E+000  0.20657014E+001  0.50713800E+002
  0.35489643E+000  0.47180176E+000  0.20657128E+001  0.50715296E+002
  0.35490105E+000  0.47180006E+000  0.20657254E+001  0.50716767E+002
  0.35488961E+000  0.47181564E+000  0.20657027E+001  0.50718242E+002
  0.35489362E+000  0.47181595E+000  0.20657142E+001  0.50719649E+002
  0.35489737E+000  0.47181666E+000  0.20657256E+001  0.50721018E+002
  0.35490088E+000  0.47181772E+000  0.20657370E+001  0.50722347E+002
  0.35490417E+000  0.47181907E+000  0.20657483E+001  0.50723633E+002
  0.35490727E+000  0.47182069E+000  0.20657595E+001  0.50724873E+002
  0.35491019E+000  0.47182253E+000  0.20657706E+001  0.50726067E+002
  0.35491293E+000  0.47182457E+000  0.20657817E+001  0.50727215E+002
  0.35491553E+000  0.47182678E+000  0.20657927E+001  0.50728314E+002
  0.35491799E+000  0.47182914E+000  0.20658037E+001  0.50729366E+002
  0.35492031E+000  0.47183162E+000  0.20658147E+001  0.50730371E+002
  0.35492253E+000  0.47183422E+000  0.20658257E+001  0.50731330E+002
  0.35492464E+000  0.47183692E+000  0.20658366E+001  0.50732243E+002
  0.35492665E+000  0.47183972E+000  0.20658476E+001  0.50733112E+002
  0.35492859E+000  0.47184260E+000  0.20658586E+001  0.50733940E+002
  0.35493046E+000  0.47184557E+000  0.20658696E+001  0.50734727E+002
  0.35493227E+000  0.47184862E+000  0.20658806E+001  0.50735475E+002
  0.35493403E+000  0.47185174E+000  0.20658918E+001  0.50736188E+002
  0.35493577E+000  0.47185495E+000  0.20659030E+001  0.50736868E+002
  0.35493749E+000  0.47185825E+000  0.20659142E+001  0.50737516E+002
  0.35493919E+000  0.47186163E+000  0.20659256E+001  0.50738137E+002
  0.35494091E+000  0.47186509E+000  0.20659371E+001  0.50738732E+002
  0.35494265E+000  0.47186865E+000  0.20659488E+001  0.50739305E+002
  0.35494442E+000  0.47187231E+000  0.20659606E+001  0.50739857E+002
  0.35494625E+000  0.47187607E+000  0.20659726E+001  0.50740392E+002
  0.35494813E+000  0.47187993E+000  0.20659848E+001  0.50740912E+002
  0.35495010E+000  0.47188391E+000  0.20659972E+001  0.50741420E+002
  0.35495216E+000  0.47188800E+000  0.20660100E+001  0.50741919E+002
  0.35495434E+000  0.47189222E+000  0.20660230E+001  0.50742409E+002
  0.35495664E+000  0.47189656E+000  0.20660364E+001  0.50742895E+002
  0.35495908E+000  0.47190105E+000  0.20660501E+001  0.50743376E+002
  0.35496168E+000  0.47190568E+000  0.20660643E+001  0.50743857E+002
  0.35496447E+000  0.47191046E+000  0.20660790E+001  0.50744338E+002
  0.35496744E+000  0.47191541E+000  0.20660942E+001  0.50744820E+002
  0.35497063E+000  0.47192053E+000  0.20661100E+001  0.50745306E+002
  0.35497405E+000  0.47192583E+000  0.20661264E+001  0.50745797E+002
  0.35497772E+000  0.47193133E+000  0.20661436E+001  0.50746293E+002
  0.35498166E+000  0.47193704E+000  0.20661615E+001  0.50746797E+002
  0.35498589E+000  0.47194297E+000  0.20661803E+001  0.50747308E+002
  0.35499041E+000  0.47194913E+000  0.20662000E+001  0.50747828E+002
  0.35499526E+000  0.47195556E+000  0.20662207E+001  0.50748358E+002
  0.35500045E+000  0.47196225E+000  0.20662425E+001  0.50748898E+002
  0.35500598E+000  0.47196923E+000  0.20662654E+001  0.50749450E+002
  0.35501188E+000  0.47197653E+000  0.20662895E+001  0.50750013E+002
  0.35501815E+000  0.47198415E+000  0.20663149E+001  0.50750589E+002
  0.35502480E+000  0.47199212E+000  0.20663417E+001  0.50751177E+002
  0.35503184E+000  0.47200046E+000  0.20663698E+001  0.50751779E+002
  0.35503926E+000  0.47200919E+000  0.20663995E+001  0.50752395E+002
  0.35504707E+000  0.47201833E+000  0.20664307E+001  0.50753025E+002
  0.35505524E+000  0.47202789E+000  0.20664636E+001  0.50753670E+002
  0.35506376E+000  0.47203791E+000  0.20664981E+001  0.50754330E+002
  0.35507262E+000  0.47204838E+000  0.20665343E+001  0.50755006E+002
  0.35508177E+000  0.47205932E+000  0.20665722E+001  0.50755697E+002
  0.35509120E+000  0.47207073E+000  0.20666119E+001  0.50756405E+002
  0.35510084E+000  0.47208261E+000  0.20666533E+001  0.50757129E+002
  0.35511067E+000  0.47209496E+000  0.20666965E+001  0.50757870E+002
  0.35512061E+000  0.47210776E+000  0.20667415E+001  0.50758628E+002
  0.35513061E+000  0.47212100E+000  0.20667881E+001  0.50759404E+002
  0.35514060E+000  0.47213463E+000  0.20668364E+001  0.50760197E+002
  0.35515052E+000  0.47214863E+000  0.20668862E+001  0.50761008E+002
  0.35516028E+000  0.47216294E+000  0.20669375E+001  0.50761838E+002
  0.35516981E+000  0.47217750E+000  0.20669901E+001  0.50762687E+002
  0.35517903E+000  0.47219224E+000  0.20670439E+001  0.50763554E+002
  0.35518787E+000  0.47220710E+000  0.20670985E+001  0.50764440E+002
  0.35519626E+000  0.47222198E+000  0.20671540E+001  0.50765346E+002
  0.35520411E+000  0.47223680E+000  0.20672099E+001  0.50766272E+002
  0.35521138E+000  0.47225145E+000  0.20672661E+001  0.50767217E+002
  0.35521799E+000  0.47226584E+000  0.20673221E+001  0.50768183E+002
  0.35522390E+000  0.47227987E+000  0.20673778E+001  0.50769169E+002
  0.35522907E+000  0.47229343E+000  0.20674327E+001  0.50770176E+002
  0.35523346E+000  0.47230643E+000  0.20674866E+001  0.50771204E+002
  0.35523705E+000  0.47231877E+000  0.20675390E+001  0.50772252E+002
  0.35523983E+000  0.47233036E+000  0.20675896E+001  0.50773322E+002
  0.35524180E+000  0.47234113E+000  0.20676381E+001  0.50774413E+002
  0.35524297E+000  0.47235100E+000  0.20676841E+001  0.50775526E+002
  0.35524335E+000  0.47235992E+000  0.20677272E+001  0.50776660E+002
  0.35524299E+000  0.47236784E+000  0.20677673E+001  0.50777815E+002
  0.35524191E+000  0.47237473E+000  0.20678039E+001  0.50778992E+002
  0.35524017E+000  0.47238057E+000  0.20678369E+001  0.50780189E+002
  0.35523782E+000  0.47238537E+000  0.20678661E+001  0.50781407E+002
  0.35523492E+000  0.47238914E+000  0.20678914E+001  0.50782646E+002
  0.35523154E+000  0.47239190E+000  0.20679126E+001  0.50783905E+002
  0.35522772E+000  0.47239369E+000  0.20679297E+001  0.50785184E+002
  0.35522356E+000  0.47239457E+000  0.20679427E+001  0.50786481E+002
  0.35521911E+000  0.47239458E+000  0.20679518E+001  0.50787797E+002
  0.35521443E+000  0.47239381E+000  0.20679569E+001  0.50789131E+002
  0.35520960E+000  0.47239232E+000  0.20679582E+001  0.50790481E+002
  0.35520468E+000  0.47239020E+000  0.20679560E+001  0.50791847E+002
  0.35519971E+000  0.47238752E+000  0.20679505E+001  0.50793227E+002
  0.35519475E+000  0.47238437E+000  0.20679419E+001  0.50794620E+002
  0.35518985E+000  0.47238084E+000  0.20679306E+001  0.50796025E+002
  0.35518506E+000  0.47237700E+000  0.20679168E+001  0.50797439E+002
  0.35518039E+000  0.47237293E+000  0.20679008E+001  0.50798862E+002
  0.35517589E+000  0.47236870E+000  0.20678830E+001  0.50800290E+002
  0.35517157E+000  0.47236438E+000  0.20678638E+001  0.50801723E+002
  0.35516746E+000  0.47236003E+000  0.20678433E+001  0.50803157E+002
  0.35516358E+000  0.47235570E+000  0.20678220E+001  0.50804591E+002
  0.35515992E+000  0.47235145E+000  0.20678001E+001  0.50806022E+002
  0.35515649E+000  0.47234730E+000  0.20677779E+001  0.50807446E+002
  0.35515330E+000  0.47234330E+000  0.20677557E+001  0.50808862E+002
  0.35515034E+000  0.47233946E+000  0.20677336E+001  0.50810266E+002
  0.35514760E+000  0.47233582E+000  0.20677118E+001  0.50811656E+002
  0.35514508E+000  0.47233238E+000  0.20676906E+001  0.50813029E+002
  0.35514278E+000  0.47232915E+000  0.20676701E+001  0.50814381E+002
  0.35514067E+000  0.47232615E+000  0.20676504E+001  0.50815710E+002
  0.35513875E+000  0.47232336E+000  0.20676315E+001  0.50817013E+002
  0.35513700E+000  0.47232078E+000  0.20676136E+001  0.50818287E+002
  0.35513542E+000  0.47231842E+000  0.20675967E+001  0.50819531E+002
  0.35513398E+000  0.47231625E+000  0.20675808E+001  0.50820740E+002
  0.35513268E+000  0.47231428E+000  0.20675659E+001  0.50821914E+002
  0.35513151E+000  0.47231249E+000  0.20675521E+001  0.50823050E+002
  0.35513045E+000  0.47231086E+000  0.20675393E+001  0.50824146E+002
  0.35512948E+000  0.47230940E+000  0.20675274E+001  0.50825202E+002
  0.35512861E+000  0.47230807E+000  0.20675165E+001  0.50826215E+002
  0.35512782E+000  0.47230687E+000  0.20675065E+001  0.50827185E+002
  0.35512710E+000  0.47230579E+000  0.20674973E+001  0.50828112E+002
  0.35512645E+000  0.47230481E+000  0.20674889E+001  0.50828994E+002
  0.35512585E+000  0.47230393E+000  0.20674813E+001  0.50829833E+002
  0.35512529E+000  0.47230313E+000  0.20674743E+001  0.50830627E+002
  0.35512479E+000  0.47230241E+000  0.20674679E+001  0.50831378E+002
  0.35512432E+000  0.47230175E+000  0.20674622E+001  0.50832086E+002
  0.35512388E+000  0.47230114E+000  0.20674569E+001  0.50832752E+002
  0.35512347E+000  0.47230059E+000  0.20674521E+001  0.50833377E+002
  0.35512309E+000  0.47230007E+000  0.20674477E+001  0.50833962E+002
  0.35512273E+000  0.47229959E+000  0.20674437E+001  0.50834509E+002
  0.35512239E+000  0.47229915E+000  0.20674400E+001  0.50835019E+002
  0.35512207E+000  0.47229873E+000  0.20674366E+001  0.50835493E+002
  0.35512177E+000  0.47229833E+000  0.20674335E+001  0.50835934E+002
  0.35512147E+000  0.47229796E+000  0.20674306E+001  0.50836342E+002
  0.35512120E+000  0.47229760E+000  0.20674280E+001  0.50836720E+002
  0.35512093E+000  0.47229726E+000  0.20674255E+001  0.50837070E+002
  0.35512068E+000  0.47229693E+000  0.20674232E+001  0.50837392E+002
  0.35512043E+000  0.47229662E+000  0.20674210E+001  0.50837689E+002
  0.35512020E+000  0.47229631E+000  0.20674190E+001  0.50837963E+002
  0.35511998E+000  0.47229602E+000  0.20674171E+001  0.50838214E+002
  0.35511977E+000  0.47229574E+000  0.20674153E+001  0.50838445E+002
  0.35511956E+000  0.47229547E+000  0.20674136E+001  0.50838656E+002
  0.35511937E+000  0.47229520E+000  0.20674121E+001  0.50838850E+002
  0.35511918E+000  0.47229495E+000  0.20674105E+001  0.50839027E+002
  0.35511901E+000  0.47229471E+000  0.20674091E+001  0.50839189E+002
  0.35511884E+000  0.47229448E+000  0.20674078E+001  0.50839337E+002
  0.35511868E+000  0.47229426E+000  0.20674065E+001  0.50839473E+002
  0.35511854E+000  0.47229404E+000  0.20674053E+001  0.50839596E+002
  0.35511840E+000  0.47229385E+000  0.20674042E+001  0.50839709E+002
  0.35511827E+000  0.47229366E+000  0.20674031E+001  0.50839811E+002
  0.35511815E+000  0.47229348E+000  0.20674021E+001  0.50839904E+002
  0.35511804E+000  0.47229332E+000  0.20674012E+001  0.50839989E+002
  0.35511794E+000  0.47229316E+000  0.20674003E+001  0.50840066E+002
  0.35511785E+000  0.47229302E+000  0.20673995E+001  0.50840136E+002
  0.35511777E+000  0.47229290E+000  0.20673988E+001  0.50840200E+002
  0.35511770E+000  0.47229278E+000  0.20673981E+001  0.50840258E+002
  0.35511764E+000  0.47229268E+000  0.20673975E+001  0.50840310E+002
  0.35511758E+000  0.47229259E+000  0.20673969E+001  0.50840358E+002
  0.35511754E+000  0.47229251E+000  0.20673964E+001  0.50840401E+002
  0.35511750E+000  0.47229245E+000  0.20673960E+001  0.50840440E+002
  0.35511747E+000  0.47229239E+000  0.20673956E+001  0.50840476E+002
  0.35511745E+000  0.47229235E+000  0.20673952E+001  0.50840508E+002
  0.35511744E+000  0.47229232E+000  0.20673949E+001  0.50840537E+002
  0.35511743E+000  0.47229230E+000  0.20673947E+001  0.50840563E+002
  0.35511743E+000  0.47229229E+000  0.20673945E+001  0.50840587E+002
  0.35511743E+000  0.47229228E+000  0.20673944E+001  0.50840608E+002
  0.35511744E+000  0.47229229E+000  0.20673943E+001  0.50840627E+002
  0.35511745E+000  0.47229230E+000  0.20673942E+001  0.50840644E+002
  0.35511747E+000  0.47229232E+000  0.20673941E+001  0.50840659E+002
  0.35511750E+000  0.47229234E+000  0.20673941E+001  0.50840673E+002
  0.35511754E+000  0.47229236E+000  0.20673942E+001  0.50840686E+002
  0.35511758E+000  0.47229240E+000  0.20673943E+001  0.50840702E+002
