  0.27426404E-002  0.33323692E-001  0.49285288E+000  0.51666257E+002
  0.27504230E-002  0.33370705E-001  0.49292703E+000  0.51643137E+002
  0.27561959E-002  0.33405464E-001  0.49299441E+000  0.51624020E+002
  0.27603927E-002  0.33432312E-001  0.49305356E+000  0.51608285E+002
  0.27633572E-002  0.33452919E-001  0.49310493E+000  0.51595398E+002
  0.27653592E-002  0.33468555E-001  0.49314876E+000  0.51584908E+002
  0.27666105E-002  0.33480206E-001  0.49318506E+000  0.51576428E+002
  0.27672778E-002  0.33488646E-001  0.49321442E+000  0.51569638E+002
  0.27674941E-002  0.33494495E-001  0.49323743E+000  0.51564265E+002
  0.27673655E-002  0.33498248E-001  0.49325471E+000  0.51560079E+002
  0.27669771E-002  0.33500309E-001  0.49326685E+000  0.51556889E+002
  0.27663968E-002  0.33501008E-001  0.49327444E+000  0.51554533E+002
  0.27656790E-002  0.33500591E-001  0.49327798E+000  0.51552874E+002
  0.27648668E-002  0.33499277E-001  0.49327794E+000  0.51551797E+002
  0.27639943E-002  0.33497241E-001  0.49327478E+000  0.51551206E+002
  0.27630882E-002  0.33494630E-001  0.49326894E+000  0.51551018E+002
  0.27621693E-002  0.33491562E-001  0.49326081E+000  0.51551166E+002
  0.27612537E-002  0.33488135E-001  0.49325075E+000  0.51551591E+002
  0.27603535E-002  0.33484432E-001  0.49323906E+000  0.51552245E+002
  0.27594779E-002  0.33480517E-001  0.49322604E+000  0.51553087E+002
  0.27586332E-002  0.33476446E-001  0.49321193E+000  0.51554082E+002
  0.27578242E-002  0.33472264E-001  0.49319696E+000  0.51555199E+002
  0.27570535E-002  0.33468010E-001  0.49318132E+000  0.51556415E+002
  0.27563230E-002  0.33463714E-001  0.49316521E+000  0.51557708E+002
  0.27556332E-002  0.33459403E-001  0.49314878E+000  0.51559058E+002
  0.27549839E-002  0.33455098E-001  0.49313217E+000  0.51560452E+002
  0.27543743E-002  0.33450817E-001  0.49311553E+000  0.51561874E+002
  0.27538032E-002  0.33446577E-001  0.49309896E+000  0.51563314E+002
  0.27532690E-002  0.33442389E-001  0.49308257E+000  0.51564762E+002
  0.27527698E-002  0.33438264E-001  0.49306646E+000  0.51566208E+002
  0.27523038E-002  0.33434213E-001  0.49305071E+000  0.51567645E+002
  0.27518688E-002  0.33430244E-001  0.49303540E+000  0.51569066E+002
  0.27514627E-002  0.33426362E-001  0.49302059E+000  0.51570467E+002
  0.27510835E-002  0.33422573E-001  0.49300633E+000  0.51571841E+002
  0.27507291E-002  0.33418883E-001  0.49299267E+000  0.51573184E+002
  0.27503975E-002  0.33415295E-001  0.49297967E+000  0.51574494E+002
  0.27500868E-002  0.33411813E-001  0.49296734E+000  0.51575767E+002
  0.27497953E-002  0.33408437E-001  0.49295571E+000  0.51577000E+002
  0.27495214E-002  0.33405171E-001  0.49294481E+000  0.51578192E+002
  0.27492634E-002  0.33402014E-001  0.49293465E+000  0.51579341E+002
  0.27490200E-002  0.33398967E-001  0.49292524E+000  0.51580446E+002
  0.27487898E-002  0.33396030E-001  0.49291659E+000  0.51581507E+002
  0.27485718E-002  0.33393200E-001  0.49290869E+000  0.51582523E+002
  0.27483648E-002  0.33390477E-001  0.49290155E+000  0.51583494E+002
  0.27481679E-002  0.33387856E-001  0.49289517E+000  0.51584421E+002
  0.27479801E-002  0.33385336E-001  0.49288954E+000  0.51585305E+002
  0.27478007E-002  0.33382913E-001  0.49288467E+000  0.51586147E+002
  0.27476288E-002  0.33380582E-001  0.49288054E+000  0.51586948E+002
  0.27474638E-002  0.33378339E-001  0.49287716E+000  0.51587711E+002
  0.27473050E-002  0.33376179E-001  0.49287452E+000  0.51588436E+002
  0.27471518E-002  0.33374097E-001  0.49287263E+000  0.51589126E+002
  0.27470036E-002  0.33372087E-001  0.49287147E+000  0.51589783E+002
  0.27468597E-002  0.33370145E-001  0.49287106E+000  0.51590410E+002
  0.27467197E-002  0.33368264E-001  0.49287140E+000  0.51591008E+002
  0.27465831E-002  0.33366440E-001  0.49287248E+000  0.51591582E+002
  0.27464494E-002  0.33364668E-001  0.49287430E+000  0.51592132E+002
  0.27463182E-002  0.33362944E-001  0.49287687E+000  0.51592662E+002
  0.27461891E-002  0.33361263E-001  0.49288019E+000  0.51593174E+002
  0.27460616E-002  0.33359622E-001  0.49288426E+000  0.51593671E+002
  0.27459356E-002  0.33358018E-001  0.49288906E+000  0.51594155E+002
  0.27458108E-002  0.33356447E-001  0.49289460E+000  0.51594628E+002
  0.27456869E-002  0.33354909E-001  0.49290086E+000  0.51595093E+002
  0.27455638E-002  0.33353401E-001  0.49290782E+000  0.51595553E+002
  0.27454415E-002  0.33351923E-001  0.49291547E+000  0.51596008E+002
  0.27453198E-002  0.33350474E-001  0.49292377E+000  0.51596461E+002
  0.27451988E-002  0.33349054E-001  0.49293270E+000  0.51596913E+002
  0.27450787E-002  0.33347663E-001  0.49294220E+000  0.51597367E+002
  0.27449594E-002  0.33346302E-001  0.49295224E+000  0.51597824E+002
  0.27448411E-002  0.33344973E-001  0.49296275E+000  0.51598286E+002
  0.27447242E-002  0.33343675E-001  0.49297368E+000  0.51598753E+002
  0.27446087E-002  0.33342411E-001  0.49298493E+000  0.51599227E+002
  0.27444950E-002  0.33341182E-001  0.49299643E+000  0.51599710E+002
  0.27443833E-002  0.33339990E-001  0.49300810E+000  0.51600201E+002
  0.27442739E-002  0.33338836E-001  0.49301982E+000  0.51600703E+002
  0.27441670E-002  0.33337721E-001  0.49303149E+000  0.51601217E+002
  0.27440631E-002  0.33336647E-001  0.49304300E+000  0.51601742E+002
  0.27439622E-002  0.33335616E-001  0.49305424E+000  0.51602281E+002
  0.27438648E-002  0.33334627E-001  0.49306509E+000  0.51602833E+002
  0.27437709E-002  0.33333682E-001  0.49307543E+000  0.51603400E+002
  0.27436808E-002  0.33332782E-001  0.49308515E+000  0.51603982E+002
  0.27435947E-002  0.33331928E-001  0.49309413E+000  0.51604581E+002
  0.27435126E-002  0.33331118E-001  0.49310229E+000  0.51605196E+002
  0.27434347E-002  0.33330354E-001  0.49310951E+000  0.51605828E+002
  0.27433611E-002  0.33329635E-001  0.49311573E+000  0.51606477E+002
  0.27432917E-002  0.33328960E-001  0.49312088E+000  0.51607145E+002
  0.27432266E-002  0.33328329E-001  0.49312489E+000  0.51607832E+002
  0.27431658E-002  0.33327741E-001  0.49312775E+000  0.51608538E+002
  0.27431091E-002  0.33327194E-001  0.49312943E+000  0.51609263E+002
  0.27430565E-002  0.33326688E-001  0.49312993E+000  0.51610008E+002
  0.27430078E-002  0.33326222E-001  0.49312928E+000  0.51610772E+002
  0.27429629E-002  0.33325792E-001  0.49312749E+000  0.51611557E+002
  0.27429217E-002  0.33325398E-001  0.49312464E+000  0.51612361E+002
  0.27428840E-002  0.33325038E-001  0.49312078E+000  0.51613186E+002
  0.27428495E-002  0.33324711E-001  0.49311599E+000  0.51614031E+002
  0.27428182E-002  0.33324413E-001  0.49311036E+000  0.51614896E+002
  0.27427898E-002  0.33324144E-001  0.49310398E+000  0.51615782E+002
  0.27427641E-002  0.33323901E-001  0.49309697E+000  0.51616687E+002
  0.27427410E-002  0.33323682E-001  0.49308943E+000  0.51617612E+002
  0.27427202E-002  0.33323487E-001  0.49308146E+000  0.51618557E+002
  0.27427015E-002  0.33323312E-001  0.49307318E+000  0.51619520E+002
  0.27426848E-002  0.33323155E-001  0.49306468E+000  0.51620503E+002
  0.27426698E-002  0.33323017E-001  0.49305607E+000  0.51621505E+002
  0.27426565E-002  0.33322893E-001  0.49304744E+000  0.51622526E+002
  0.27426446E-002  0.33322784E-001  0.49303887E+000  0.51623564E+002
  0.27426340E-002  0.33322687E-001  0.49303044E+000  0.51624621E+002
  0.27426246E-002  0.33322602E-001  0.49302222E+000  0.51625695E+002
  0.27426162E-002  0.33322526E-001  0.49301426E+000  0.51626786E+002
  0.27426086E-002  0.33322459E-001  0.49300662E+000  0.51627895E+002
  0.27426019E-002  0.33322399E-001  0.49299934E+000  0.51629020E+002
  0.27425958E-002  0.33322346E-001  0.49299243E+000  0.51630161E+002
  0.27425903E-002  0.33322298E-001  0.49298594E+000  0.51631319E+002
  0.27425853E-002  0.33322255E-001  0.49297986E+000  0.51632492E+002
  0.27425807E-002  0.33322215E-001  0.49297421E+000  0.51633681E+002
  0.27425764E-002  0.33322178E-001  0.49296899E+000  0.51634885E+002
  0.27425724E-002  0.33322144E-001  0.49296418E+000  0.51636104E+002
  0.27425687E-002  0.33322110E-001  0.49295979E+000  0.51637337E+002
  0.27425650E-002  0.33322078E-001  0.49295579E+000  0.51638584E+002
  0.27425615E-002  0.33322047E-001  0.49295217E+000  0.51639846E+002
  0.27425580E-002  0.33322015E-001  0.49294890E+000  0.51641120E+002
  0.27425546E-002  0.33321983E-001  0.49294597E+000  0.51642407E+002
  0.27425512E-002  0.33321951E-001  0.49294336E+000  0.51643706E+002
  0.27425478E-002  0.33321917E-001  0.49294103E+000  0.51645017E+002
  0.27425444E-002  0.33321883E-001  0.49293897E+000  0.51646338E+002
  0.27425409E-002  0.33321847E-001  0.49293715E+000  0.51647669E+002
  0.27425373E-002  0.33321810E-001  0.49293555E+000  0.51649008E+002
  0.27425337E-002  0.33321772E-001  0.49293414E+000  0.51650355E+002
  0.27425300E-002  0.33321732E-001  0.49293291E+000  0.51651708E+002
  0.27425262E-002  0.33321690E-001  0.49293183E+000  0.51653065E+002
  0.27425224E-002  0.33321647E-001  0.49293088E+000  0.51654425E+002
  0.27425184E-002  0.33321603E-001  0.49293004E+000  0.51655786E+002
  0.27425145E-002  0.33321558E-001  0.49292931E+000  0.51657145E+002
  0.27425104E-002  0.33321511E-001  0.49292866E+000  0.51658501E+002
  0.27425064E-002  0.33321464E-001  0.49292808E+000  0.51659852E+002
  0.27425023E-002  0.33321416E-001  0.49292755E+000  0.51661194E+002
  0.27424981E-002  0.33321366E-001  0.49292707E+000  0.51662526E+002
  0.27424940E-002  0.33321317E-001  0.49292662E+000  0.51663845E+002
  0.27424898E-002  0.33321266E-001  0.49292619E+000  0.51665147E+002
  0.27424856E-002  0.33321216E-001  0.49292579E+000  0.51666432E+002
  0.27424815E-002  0.33321165E-001  0.49292539E+000  0.51667695E+002
  0.27424773E-002  0.33321115E-001  0.49292500E+000  0.51668935E+002
  0.27424732E-002  0.33321064E-001  0.49292460E+000  0.51670149E+002
  0.27424692E-002  0.33321014E-001  0.49292421E+000  0.51671335E+002
  0.27424651E-002  0.33320964E-001  0.49292380E+000  0.51672490E+002
  0.27424612E-002  0.33320915E-001  0.49292339E+000  0.51673613E+002
  0.27424573E-002  0.33320867E-001  0.49292296E+000  0.51674702E+002
  0.27424534E-002  0.33320819E-001  0.49292252E+000  0.51675755E+002
  0.27424497E-002  0.33320773E-001  0.49292206E+000  0.51676771E+002
  0.27424461E-002  0.33320727E-001  0.49292159E+000  0.51677749E+002
  0.27424425E-002  0.33320683E-001  0.49292111E+000  0.51678688E+002
  0.27424391E-002  0.33320640E-001  0.49292062E+000  0.51679587E+002
  0.27424358E-002  0.33320599E-001  0.49292012E+000  0.51680446E+002
  0.27424326E-002  0.33320559E-001  0.49291961E+000  0.51681266E+002
  0.27424295E-002  0.33320522E-001  0.49291909E+000  0.51682045E+002
  0.27424267E-002  0.33320486E-001  0.49291857E+000  0.51682784E+002
  0.27424239E-002  0.33320452E-001  0.49291805E+000  0.51683485E+002
  0.27424214E-002  0.33320420E-001  0.49291753E+000  0.51684147E+002
  0.27424190E-002  0.33320390E-001  0.49291701E+000  0.51684771E+002
  0.27424168E-002  0.33320363E-001  0.49291649E+000  0.51685359E+002
  0.27424148E-002  0.33320338E-001  0.49291598E+000  0.51685911E+002
  0.27424130E-002  0.33320316E-001  0.49291548E+000  0.51686429E+002
  0.27424114E-002  0.33320296E-001  0.49291499E+000  0.51686914E+002
  0.27424100E-002  0.33320279E-001  0.49291451E+000  0.51687367E+002
  0.27424088E-002  0.33320264E-001  0.49291405E+000  0.51687790E+002
  0.27424078E-002  0.33320253E-001  0.49291360E+000  0.51688184E+002
  0.27424071E-002  0.33320244E-001  0.49291317E+000  0.51688550E+002
  0.27424065E-002  0.33320237E-001  0.49291276E+000  0.51688891E+002
  0.27424061E-002  0.33320233E-001  0.49291238E+000  0.51689207E+002
  0.27424059E-002  0.33320232E-001  0.49291201E+000  0.51689499E+002
  0.27424059E-002  0.33320233E-001  0.49291167E+000  0.51689770E+002
  0.27424061E-002  0.33320236E-001  0.49291135E+000  0.51690020E+002
  0.27424065E-002  0.33320242E-001  0.49291106E+000  0.51690251E+002
  0.27424070E-002  0.33320250E-001  0.49291080E+000  0.51690464E+002
  0.27424076E-002  0.33320259E-001  0.49291056E+000  0.51690660E+002
  0.27424084E-002  0.33320270E-001  0.49291034E+000  0.51690840E+002
  0.27424093E-002  0.33320283E-001  0.49291016E+000  0.51691005E+002
  0.27424103E-002  0.33320296E-001  0.49291000E+000  0.51691157E+002
  0.27424114E-002  0.33320311E-001  0.49290986E+000  0.51691296E+002
  0.27424125E-002  0.33320326E-001  0.49290976E+000  0.51691423E+002
  0.27424136E-002  0.33320342E-001  0.49290967E+000  0.51691539E+002
  0.27424148E-002  0.33320358E-001  0.49290962E+000  0.51691645E+002
  0.27424160E-002  0.33320374E-001  0.49290958E+000  0.51691742E+002
  0.27424172E-002  0.33320390E-001  0.49290957E+000  0.51691830E+002
  0.27424184E-002  0.33320406E-001  0.49290959E+000  0.51691910E+002
  0.27424195E-002  0.33320421E-001  0.49290962E+000  0.51691983E+002
  0.27424206E-002  0.33320435E-001  0.49290967E+000  0.51692049E+002
  0.27424216E-002  0.33320448E-001  0.49290973E+000  0.51692109E+002
  0.27424225E-002  0.33320460E-001  0.49290981E+000  0.51692163E+002
  0.27424234E-002  0.33320471E-001  0.49290991E+000  0.51692212E+002
  0.27424241E-002  0.33320481E-001  0.49291001E+000  0.51692256E+002
  0.27424247E-002  0.33320488E-001  0.49291012E+000  0.51692296E+002
  0.27424252E-002  0.33320495E-001  0.49291024E+000  0.51692332E+002
  0.27424256E-002  0.33320499E-001  0.49291036E+000  0.51692365E+002
  0.27424259E-002  0.33320502E-001  0.49291049E+000  0.51692395E+002
  0.27424261E-002  0.33320505E-001  0.49291061E+000  0.51692421E+002
  0.27424263E-002  0.33320506E-001  0.49291073E+000  0.51692445E+002
  0.27424263E-002  0.33320506E-001  0.49291084E+000  0.51692466E+002
  0.27424259E-002  0.33320500E-001  0.49291092E+000  0.51692484E+002
  0.27424247E-002  0.33320485E-001  0.49291095E+000  0.51692501E+002
  0.27424221E-002  0.33320454E-001  0.49291094E+000  0.51692518E+002
  0.27424196E-002  0.33320421E-001  0.49291095E+000  0.51692545E+002
