  0.20534740E-001
  0.20540876E-001
  0.20526149E-001
  0.20511388E-001
  0.20498679E-001
  0.20487988E-001
  0.20479037E-001
  0.20471560E-001
  0.20465322E-001
  0.20460127E-001
  0.20455809E-001
  0.20452228E-001
  0.20449267E-001
  0.20446829E-001
  0.20444830E-001
  0.20443200E-001
  0.20441882E-001
  0.20440825E-001
  0.20439987E-001
  0.20439335E-001
  0.20438837E-001
  0.20438471E-001
  0.20438213E-001
  0.20438048E-001
  0.20437961E-001
  0.20437938E-001
  0.20437969E-001
  0.20438047E-001
  0.20438163E-001
  0.20438312E-001
  0.20438488E-001
  0.20438689E-001
  0.20438910E-001
  0.20439151E-001
  0.20439408E-001
  0.20439681E-001
  0.20439967E-001
  0.20440267E-001
  0.20440579E-001
  0.20440902E-001
  0.20441237E-001
  0.20441583E-001
  0.20441940E-001
  0.20442308E-001
  0.20442687E-001
  0.20443077E-001
  0.20443479E-001
  0.20443893E-001
  0.20444319E-001
  0.20444757E-001
  0.20445208E-001
  0.20445673E-001
  0.20446152E-001
  0.20446646E-001
  0.20447154E-001
  0.20447679E-001
  0.20448219E-001
  0.20448776E-001
  0.20449349E-001
  0.20449940E-001
  0.20450549E-001
  0.20451175E-001
  0.20451819E-001
  0.20452481E-001
  0.20453161E-001
  0.20453859E-001
  0.20454574E-001
  0.20455306E-001
  0.20456055E-001
  0.20456820E-001
  0.20457601E-001
  0.20458396E-001
  0.20459207E-001
  0.20460031E-001
  0.20460867E-001
  0.20461716E-001
  0.20462577E-001
  0.20463447E-001
  0.20464328E-001
  0.20465217E-001
  0.20466114E-001
  0.20467019E-001
  0.20467929E-001
  0.20468845E-001
  0.20469766E-001
  0.20470691E-001
  0.20471618E-001
  0.20472548E-001
  0.20473480E-001
  0.20474412E-001
  0.20475344E-001
  0.20476276E-001
  0.20477207E-001
  0.20478135E-001
  0.20479062E-001
  0.20479985E-001
  0.20480905E-001
  0.20481821E-001
  0.20482732E-001
  0.20483638E-001
  0.20484538E-001
  0.20485433E-001
  0.20486321E-001
  0.20487202E-001
  0.20488076E-001
  0.20488943E-001
  0.20489801E-001
  0.20490652E-001
  0.20491494E-001
  0.20492327E-001
  0.20493152E-001
  0.20493967E-001
  0.20494773E-001
  0.20495569E-001
  0.20496356E-001
  0.20497133E-001
  0.20497899E-001
  0.20498656E-001
  0.20499402E-001
  0.20500138E-001
  0.20500864E-001
  0.20501579E-001
  0.20502283E-001
  0.20502977E-001
  0.20503660E-001
  0.20504333E-001
  0.20504994E-001
  0.20505645E-001
  0.20506286E-001
  0.20506915E-001
  0.20507534E-001
  0.20508142E-001
  0.20508740E-001
  0.20509327E-001
  0.20509903E-001
  0.20510469E-001
  0.20511025E-001
  0.20511570E-001
  0.20512104E-001
  0.20512629E-001
  0.20513143E-001
  0.20513647E-001
  0.20514141E-001
  0.20514625E-001
  0.20515099E-001
  0.20515563E-001
  0.20516017E-001
  0.20516462E-001
  0.20516897E-001
  0.20517323E-001
  0.20517740E-001
  0.20518147E-001
  0.20518545E-001
  0.20518934E-001
  0.20519314E-001
  0.20519686E-001
  0.20520049E-001
  0.20520403E-001
  0.20520749E-001
  0.20521086E-001
  0.20521415E-001
  0.20521737E-001
  0.20522050E-001
  0.20522356E-001
  0.20522654E-001
  0.20522944E-001
  0.20523227E-001
  0.20523502E-001
  0.20523771E-001
  0.20524032E-001
  0.20524286E-001
  0.20524534E-001
  0.20524775E-001
  0.20525010E-001
  0.20525238E-001
  0.20525459E-001
  0.20525675E-001
  0.20525885E-001
  0.20526088E-001
  0.20526286E-001
  0.20526478E-001
  0.20526665E-001
  0.20526846E-001
  0.20527022E-001
  0.20527193E-001
  0.20527359E-001
  0.20527520E-001
  0.20527676E-001
  0.20527827E-001
  0.20527974E-001
  0.20528116E-001
  0.20528254E-001
  0.20528388E-001
  0.20528517E-001
  0.20528643E-001
  0.20528764E-001
  0.20528882E-001
  0.20528996E-001
  0.20529106E-001
  0.20529212E-001
