  0.14955059E+000  0.14419886E+000  0.40976915E+000  0.18048981E+001
  0.14883754E+000  0.14358797E+000  0.40125464E+000  0.18419805E+001
  0.14824483E+000  0.14319751E+000  0.39993109E+000  0.18407989E+001
  0.14730211E+000  0.14295866E+000  0.39932730E+000  0.18397570E+001
  0.14678426E+000  0.14277443E+000  0.40013458E+000  0.18373700E+001
  0.14620150E+000  0.14267770E+000  0.39971036E+000  0.18366440E+001
  0.14590401E+000  0.14223240E+000  0.39950629E+000  0.18361374E+001
  0.14571784E+000  0.14210648E+000  0.39934935E+000  0.18354667E+001
  0.14546728E+000  0.14204071E+000  0.39818217E+000  0.18360730E+001
  0.14523960E+000  0.14211355E+000  0.39773001E+000  0.18360223E+001
  0.14502359E+000  0.14206525E+000  0.39770795E+000  0.18358348E+001
  0.14483204E+000  0.14210609E+000  0.39775713E+000  0.18356164E+001
  0.14473618E+000  0.14215438E+000  0.39759256E+000  0.18356380E+001
  0.14471185E+000  0.14215388E+000  0.39747736E+000  0.18356959E+001
  0.14465472E+000  0.14197060E+000  0.39703243E+000  0.18363902E+001
  0.14466359E+000  0.14195045E+000  0.39706440E+000  0.18364547E+001
  0.14468094E+000  0.14196444E+000  0.39707540E+000  0.18365616E+001
  0.14466031E+000  0.14192758E+000  0.39723152E+000  0.18366658E+001
  0.14467681E+000  0.14197277E+000  0.39707102E+000  0.18370123E+001
  0.14467076E+000  0.14203932E+000  0.39683936E+000  0.18374689E+001
  0.14462748E+000  0.14213816E+000  0.39674422E+000  0.18378253E+001
  0.14466234E+000  0.14217046E+000  0.39678765E+000  0.18380578E+001
  0.14442775E+000  0.14247389E+000  0.39688328E+000  0.18382583E+001
  0.14446169E+000  0.14250882E+000  0.39691879E+000  0.18385370E+001
  0.14449091E+000  0.14255381E+000  0.39736731E+000  0.18384123E+001
  0.14449529E+000  0.14262452E+000  0.39746865E+000  0.18386460E+001
  0.14452998E+000  0.14266495E+000  0.39756987E+000  0.18388897E+001
  0.14456171E+000  0.14269734E+000  0.39768182E+000  0.18391415E+001
  0.14459629E+000  0.14273690E+000  0.39725557E+000  0.18399274E+001
  0.14463050E+000  0.14277592E+000  0.39735934E+000  0.18401888E+001
  0.14466423E+000  0.14281427E+000  0.39746314E+000  0.18404543E+001
  0.14469610E+000  0.14285319E+000  0.39756550E+000  0.18407245E+001
  0.14472867E+000  0.14288988E+000  0.39766861E+000  0.18409962E+001
  0.14476042E+000  0.14292590E+000  0.39776891E+000  0.18412719E+001
  0.14479161E+000  0.14296079E+000  0.39787035E+000  0.18415472E+001
  0.14482205E+000  0.14299450E+000  0.39797087E+000  0.18418232E+001
  0.14485173E+000  0.14302731E+000  0.39807001E+000  0.18420996E+001
  0.14488065E+000  0.14305904E+000  0.39816778E+000  0.18423757E+001
  0.14490880E+000  0.14308965E+000  0.39826405E+000  0.18426511E+001
  0.14493618E+000  0.14311915E+000  0.39835868E+000  0.18429251E+001
  0.14496281E+000  0.14314753E+000  0.39845156E+000  0.18431974E+001
  0.14498871E+000  0.14317478E+000  0.39854258E+000  0.18434674E+001
  0.14501391E+000  0.14320093E+000  0.39863164E+000  0.18437347E+001
  0.14503844E+000  0.14322599E+000  0.39871866E+000  0.18439987E+001
  0.14506231E+000  0.14324998E+000  0.39880353E+000  0.18442592E+001
  0.14508558E+000  0.14327292E+000  0.39888620E+000  0.18445155E+001
  0.14510828E+000  0.14329486E+000  0.39896658E+000  0.18447674E+001
  0.14513044E+000  0.14331582E+000  0.39904464E+000  0.18450144E+001
  0.14515210E+000  0.14333585E+000  0.39912031E+000  0.18452563E+001
  0.14517329E+000  0.14335498E+000  0.39919357E+000  0.18454926E+001
  0.14519406E+000  0.14337327E+000  0.39926438E+000  0.18457230E+001
  0.14521442E+000  0.14339076E+000  0.39933273E+000  0.18459474E+001
  0.14523440E+000  0.14340748E+000  0.39939860E+000  0.18461654E+001
  0.14525404E+000  0.14342350E+000  0.39946200E+000  0.18463769E+001
  0.14527334E+000  0.14343884E+000  0.39952293E+000  0.18465818E+001
  0.14529233E+000  0.14345357E+000  0.39958142E+000  0.18467798E+001
  0.14531101E+000  0.14346771E+000  0.39963748E+000  0.18469709E+001
  0.14532939E+000  0.14348131E+000  0.39969115E+000  0.18471550E+001
  0.14534746E+000  0.14349440E+000  0.39974246E+000  0.18473321E+001
  0.14536523E+000  0.14350701E+000  0.39979146E+000  0.18475021E+001
  0.14538269E+000  0.14351918E+000  0.39983818E+000  0.18476652E+001
  0.14539983E+000  0.14353093E+000  0.39988269E+000  0.18478213E+001
  0.14541662E+000  0.14354229E+000  0.39992502E+000  0.18479706E+001
  0.14543305E+000  0.14355326E+000  0.39996524E+000  0.18481130E+001
  0.14544910E+000  0.14356386E+000  0.40000339E+000  0.18482488E+001
  0.14546474E+000  0.14357410E+000  0.40003953E+000  0.18483779E+001
  0.14547996E+000  0.14358400E+000  0.40007372E+000  0.18485006E+001
  0.14549472E+000  0.14359355E+000  0.40010602E+000  0.18486170E+001
  0.14550900E+000  0.14360275E+000  0.40013648E+000  0.18487272E+001
  0.14552278E+000  0.14361161E+000  0.40016517E+000  0.18488313E+001
  0.14553603E+000  0.14362012E+000  0.40019214E+000  0.18489296E+001
  0.14554874E+000  0.14362829E+000  0.40021746E+000  0.18490221E+001
  0.14556088E+000  0.14363610E+000  0.40024118E+000  0.18491091E+001
  0.14557243E+000  0.14364355E+000  0.40026338E+000  0.18491906E+001
  0.14558339E+000  0.14365064E+000  0.40028411E+000  0.18492670E+001
  0.14559373E+000  0.14365737E+000  0.40030344E+000  0.18493382E+001
  0.14560347E+000  0.14366372E+000  0.40032143E+000  0.18494046E+001
  0.14561258E+000  0.14366971E+000  0.40033815E+000  0.18494662E+001
  0.14562108E+000  0.14367532E+000  0.40035365E+000  0.18495233E+001
  0.14562897E+000  0.14368056E+000  0.40036800E+000  0.18495759E+001
  0.14563625E+000  0.14368542E+000  0.40038126E+000  0.18496244E+001
  0.14564294E+000  0.14368992E+000  0.40039350E+000  0.18496688E+001
  0.14564905E+000  0.14369405E+000  0.40040476E+000  0.18497093E+001
  0.14565460E+000  0.14369782E+000  0.40041512E+000  0.18497462E+001
  0.14565961E+000  0.14370125E+000  0.40042461E+000  0.18497795E+001
  0.14566411E+000  0.14370433E+000  0.40043330E+000  0.18498095E+001
  0.14566812E+000  0.14370709E+000  0.40044124E+000  0.18498363E+001
  0.14567166E+000  0.14370953E+000  0.40044847E+000  0.18498601E+001
  0.14567478E+000  0.14371167E+000  0.40045504E+000  0.18498811E+001
  0.14567749E+000  0.14371354E+000  0.40046100E+000  0.18498995E+001
  0.14567983E+000  0.14371513E+000  0.40046639E+000  0.18499155E+001
  0.14568183E+000  0.14371648E+000  0.40047126E+000  0.18499292E+001
  0.14568351E+000  0.14371760E+000  0.40047563E+000  0.18499408E+001
  0.14568492E+000  0.14371851E+000  0.40047956E+000  0.18499505E+001
  0.14568607E+000  0.14371922E+000  0.40048308E+000  0.18499584E+001
  0.14568701E+000  0.14371977E+000  0.40048622E+000  0.18499648E+001
  0.14568774E+000  0.14372016E+000  0.40048902E+000  0.18499698E+001
  0.14568830E+000  0.14372042E+000  0.40049152E+000  0.18499736E+001
  0.14568872E+000  0.14372056E+000  0.40049373E+000  0.18499762E+001
  0.14568901E+000  0.14372060E+000  0.40049571E+000  0.18499779E+001
  0.14568919E+000  0.14372056E+000  0.40049747E+000  0.18499788E+001
  0.14568929E+000  0.14372045E+000  0.40049904E+000  0.18499789E+001
  0.14568931E+000  0.14372027E+000  0.40050045E+000  0.18499785E+001
  0.14568929E+000  0.14372006E+000  0.40050172E+000  0.18499777E+001
  0.14568921E+000  0.14371981E+000  0.40050288E+000  0.18499764E+001
  0.14568911E+000  0.14371954E+000  0.40050395E+000  0.18499749E+001
  0.14568899E+000  0.14371925E+000  0.40050494E+000  0.18499732E+001
  0.14568885E+000  0.14371896E+000  0.40050587E+000  0.18499714E+001
  0.14568871E+000  0.14371867E+000  0.40050677E+000  0.18499695E+001
  0.14568857E+000  0.14371838E+000  0.40050763E+000  0.18499676E+001
  0.14568844E+000  0.14371810E+000  0.40050849E+000  0.18499658E+001
  0.14568832E+000  0.14371784E+000  0.40050934E+000  0.18499641E+001
  0.14568822E+000  0.14371759E+000  0.40051019E+000  0.18499625E+001
  0.14568813E+000  0.14371736E+000  0.40051105E+000  0.18499610E+001
  0.14568805E+000  0.14371715E+000  0.40051192E+000  0.18499598E+001
  0.14568800E+000  0.14371697E+000  0.40051282E+000  0.18499587E+001
  0.14568797E+000  0.14371680E+000  0.40051373E+000  0.18499578E+001
  0.14568796E+000  0.14371666E+000  0.40051466E+000  0.18499572E+001
  0.14568797E+000  0.14371654E+000  0.40051561E+000  0.18499568E+001
  0.14568799E+000  0.14371644E+000  0.40051658E+000  0.18499566E+001
  0.14568803E+000  0.14371636E+000  0.40051755E+000  0.18499566E+001
  0.14568809E+000  0.14371630E+000  0.40051854E+000  0.18499568E+001
  0.14568816E+000  0.14371625E+000  0.40051952E+000  0.18499573E+001
  0.14568824E+000  0.14371622E+000  0.40052051E+000  0.18499579E+001
  0.14568833E+000  0.14371620E+000  0.40052147E+000  0.18499587E+001
  0.14568843E+000  0.14371618E+000  0.40052242E+000  0.18499596E+001
  0.14568853E+000  0.14371618E+000  0.40052335E+000  0.18499607E+001
  0.14568863E+000  0.14371618E+000  0.40052424E+000  0.18499620E+001
  0.14568873E+000  0.14371619E+000  0.40052509E+000  0.18499633E+001
  0.14568882E+000  0.14371619E+000  0.40052590E+000  0.18499647E+001
  0.14568891E+000  0.14371619E+000  0.40052666E+000  0.18499663E+001
  0.14568899E+000  0.14371620E+000  0.40052736E+000  0.18499679E+001
  0.14568906E+000  0.14371619E+000  0.40052801E+000  0.18499696E+001
  0.14568912E+000  0.14371618E+000  0.40052859E+000  0.18499713E+001
  0.14568916E+000  0.14371617E+000  0.40052911E+000  0.18499730E+001
  0.14568920E+000  0.14371615E+000  0.40052957E+000  0.18499749E+001
  0.14568921E+000  0.14371612E+000  0.40052997E+000  0.18499767E+001
  0.14568922E+000  0.14371608E+000  0.40053031E+000  0.18499786E+001
  0.14568921E+000  0.14371603E+000  0.40053059E+000  0.18499805E+001
  0.14568919E+000  0.14371598E+000  0.40053082E+000  0.18499824E+001
  0.14568916E+000  0.14371592E+000  0.40053100E+000  0.18499844E+001
  0.14568912E+000  0.14371586E+000  0.40053114E+000  0.18499864E+001
  0.14568907E+000  0.14371579E+000  0.40053123E+000  0.18499883E+001
  0.14568901E+000  0.14371572E+000  0.40053129E+000  0.18499904E+001
  0.14568895E+000  0.14371565E+000  0.40053132E+000  0.18499924E+001
  0.14568888E+000  0.14371557E+000  0.40053132E+000  0.18499944E+001
  0.14568880E+000  0.14371549E+000  0.40053131E+000  0.18499965E+001
  0.14568873E+000  0.14371542E+000  0.40053127E+000  0.18499985E+001
  0.14568865E+000  0.14371534E+000  0.40053123E+000  0.18500005E+001
  0.14568857E+000  0.14371527E+000  0.40053117E+000  0.18500025E+001
  0.14568849E+000  0.14371519E+000  0.40053110E+000  0.18500045E+001
  0.14568841E+000  0.14371512E+000  0.40053103E+000  0.18500065E+001
  0.14568833E+000  0.14371505E+000  0.40053095E+000  0.18500084E+001
  0.14568826E+000  0.14371498E+000  0.40053087E+000  0.18500102E+001
  0.14568819E+000  0.14371492E+000  0.40053079E+000  0.18500120E+001
  0.14568811E+000  0.14371485E+000  0.40053070E+000  0.18500138E+001
  0.14568805E+000  0.14371479E+000  0.40053061E+000  0.18500154E+001
  0.14568798E+000  0.14371473E+000  0.40053051E+000  0.18500169E+001
  0.14568791E+000  0.14371467E+000  0.40053041E+000  0.18500184E+001
  0.14568785E+000  0.14371462E+000  0.40053031E+000  0.18500197E+001
  0.14568778E+000  0.14371456E+000  0.40053020E+000  0.18500210E+001
  0.14568772E+000  0.14371450E+000  0.40053009E+000  0.18500221E+001
  0.14568765E+000  0.14371445E+000  0.40052997E+000  0.18500232E+001
  0.14568759E+000  0.14371439E+000  0.40052984E+000  0.18500241E+001
  0.14568752E+000  0.14371434E+000  0.40052971E+000  0.18500249E+001
  0.14568746E+000  0.14371428E+000  0.40052957E+000  0.18500257E+001
  0.14568740E+000  0.14371423E+000  0.40052944E+000  0.18500263E+001
  0.14568733E+000  0.14371418E+000  0.40052929E+000  0.18500268E+001
  0.14568727E+000  0.14371413E+000  0.40052915E+000  0.18500273E+001
  0.14568721E+000  0.14371407E+000  0.40052901E+000  0.18500277E+001
  0.14568715E+000  0.14371402E+000  0.40052886E+000  0.18500281E+001
  0.14568709E+000  0.14371398E+000  0.40052872E+000  0.18500284E+001
  0.14568703E+000  0.14371393E+000  0.40052859E+000  0.18500287E+001
  0.14568698E+000  0.14371389E+000  0.40052846E+000  0.18500289E+001
  0.14568693E+000  0.14371385E+000  0.40052834E+000  0.18500291E+001
  0.14568688E+000  0.14371381E+000  0.40052823E+000  0.18500293E+001
  0.14568684E+000  0.14371378E+000  0.40052813E+000  0.18500295E+001
  0.14568680E+000  0.14371375E+000  0.40052804E+000  0.18500297E+001
  0.14568676E+000  0.14371372E+000  0.40052796E+000  0.18500299E+001
  0.14568673E+000  0.14371370E+000  0.40052790E+000  0.18500301E+001
  0.14568671E+000  0.14371368E+000  0.40052786E+000  0.18500303E+001
  0.14568669E+000  0.14371367E+000  0.40052782E+000  0.18500306E+001
  0.14568668E+000  0.14371366E+000  0.40052781E+000  0.18500309E+001
  0.14568667E+000  0.14371366E+000  0.40052781E+000  0.18500312E+001
  0.14568667E+000  0.14371366E+000  0.40052782E+000  0.18500315E+001
  0.14568667E+000  0.14371366E+000  0.40052785E+000  0.18500318E+001
  0.14568668E+000  0.14371367E+000  0.40052789E+000  0.18500322E+001
  0.14568670E+000  0.14371369E+000  0.40052795E+000  0.18500326E+001
  0.14568672E+000  0.14371370E+000  0.40052801E+000  0.18500330E+001
  0.14568674E+000  0.14371372E+000  0.40052809E+000  0.18500335E+001
  0.14568676E+000  0.14371374E+000  0.40052817E+000  0.18500339E+001
  0.14568679E+000  0.14371377E+000  0.40052826E+000  0.18500344E+001
  0.14568682E+000  0.14371379E+000  0.40052835E+000  0.18500348E+001
  0.14568685E+000  0.14371381E+000  0.40052844E+000  0.18500352E+001
  0.14568688E+000  0.14371384E+000  0.40052852E+000  0.18500357E+001
  0.14568691E+000  0.14371386E+000  0.40052863E+000  0.18500361E+001
  0.14568695E+000  0.14371390E+000  0.40052878E+000  0.18500367E+001
  0.14568702E+000  0.14371396E+000  0.40052903E+000  0.18500374E+001
  0.14568712E+000  0.14371405E+000  0.40052936E+000  0.18500383E+001
  0.14568723E+000  0.14371415E+000  0.40052967E+000  0.18500391E+001
