 -0.64476531E-001  0.46674841E-001  0.90774010E+000  0.17002800E+001
 -0.64667835E-001  0.46481825E-001  0.90583428E+000  0.16983022E+001
 -0.64804982E-001  0.46333690E-001  0.90404456E+000  0.16969171E+001
 -0.64904471E-001  0.46220691E-001  0.90312841E+000  0.16952184E+001
 -0.64976583E-001  0.46135785E-001  0.90239354E+000  0.16938132E+001
 -0.65028076E-001  0.46073657E-001  0.90181130E+000  0.16926428E+001
 -0.65063661E-001  0.46030043E-001  0.90135586E+000  0.16916726E+001
 -0.65086791E-001  0.46001464E-001  0.90100639E+000  0.16908695E+001
 -0.65100056E-001  0.45985097E-001  0.90074545E+000  0.16902045E+001
 -0.65105488E-001  0.45978631E-001  0.90055858E+000  0.16896575E+001
 -0.65104702E-001  0.45979647E-001  0.90043366E+000  0.16892097E+001
 -0.65096885E-001  0.45985925E-001  0.90036061E+000  0.16888495E+001
 -0.65082205E-001  0.45996649E-001  0.90033098E+000  0.16885624E+001
 -0.65063618E-001  0.46010927E-001  0.90033757E+000  0.16883373E+001
 -0.65042754E-001  0.46028028E-001  0.90037434E+000  0.16881652E+001
 -0.65020628E-001  0.46047322E-001  0.90043615E+000  0.16880391E+001
 -0.64997834E-001  0.46068308E-001  0.90051858E+000  0.16879523E+001
 -0.64974774E-001  0.46090575E-001  0.90061796E+000  0.16878995E+001
 -0.64951721E-001  0.46113785E-001  0.90073119E+000  0.16878763E+001
 -0.64928874E-001  0.46137661E-001  0.90085568E+000  0.16878788E+001
 -0.64906386E-001  0.46161971E-001  0.90098923E+000  0.16879040E+001
 -0.64884371E-001  0.46186521E-001  0.90112999E+000  0.16879493E+001
 -0.64862924E-001  0.46211145E-001  0.90127647E+000  0.16880124E+001
 -0.64842113E-001  0.46235701E-001  0.90142731E+000  0.16880905E+001
 -0.64821988E-001  0.46260070E-001  0.90158135E+000  0.16881830E+001
 -0.64802586E-001  0.46284148E-001  0.90173763E+000  0.16882887E+001
 -0.64783931E-001  0.46307845E-001  0.90189530E+000  0.16884064E+001
 -0.64766038E-001  0.46331084E-001  0.90205367E+000  0.16885353E+001
 -0.64748916E-001  0.46353794E-001  0.90221212E+000  0.16886745E+001
 -0.64732565E-001  0.46375914E-001  0.90237011E+000  0.16888234E+001
 -0.64716982E-001  0.46397391E-001  0.90252721E+000  0.16889815E+001
 -0.64702155E-001  0.46418178E-001  0.90268301E+000  0.16891481E+001
 -0.64688072E-001  0.46438233E-001  0.90283717E+000  0.16893229E+001
 -0.64674713E-001  0.46457522E-001  0.90298939E+000  0.16895055E+001
 -0.64662061E-001  0.46476013E-001  0.90313939E+000  0.16896956E+001
 -0.64650094E-001  0.46493680E-001  0.90328692E+000  0.16898930E+001
 -0.64638787E-001  0.46510504E-001  0.90343175E+000  0.16900973E+001
 -0.64628118E-001  0.46526466E-001  0.90357368E+000  0.16903084E+001
 -0.64618061E-001  0.46541555E-001  0.90371251E+000  0.16905260E+001
 -0.64608590E-001  0.46555765E-001  0.90384805E+000  0.16907499E+001
 -0.64599675E-001  0.46569094E-001  0.90398015E+000  0.16909797E+001
 -0.64591288E-001  0.46581547E-001  0.90410866E+000  0.16912154E+001
 -0.64583399E-001  0.46593133E-001  0.90423346E+000  0.16914565E+001
 -0.64575979E-001  0.46603868E-001  0.90435444E+000  0.16917029E+001
 -0.64569001E-001  0.46613769E-001  0.90447152E+000  0.16919542E+001
 -0.64562440E-001  0.46622858E-001  0.90458462E+000  0.16922101E+001
 -0.64556272E-001  0.46631161E-001  0.90469368E+000  0.16924702E+001
 -0.64550477E-001  0.46638705E-001  0.90479866E+000  0.16927340E+001
 -0.64545037E-001  0.46645517E-001  0.90489950E+000  0.16930011E+001
 -0.64539939E-001  0.46651627E-001  0.90499617E+000  0.16932709E+001
 -0.64535174E-001  0.46657062E-001  0.90508862E+000  0.16935429E+001
 -0.64530738E-001  0.46661849E-001  0.90517682E+000  0.16938163E+001
 -0.64526628E-001  0.46666013E-001  0.90526072E+000  0.16940906E+001
 -0.64522829E-001  0.46669590E-001  0.90534032E+000  0.16943649E+001
 -0.64519328E-001  0.46672616E-001  0.90541565E+000  0.16946385E+001
 -0.64516115E-001  0.46675129E-001  0.90548678E+000  0.16949106E+001
 -0.64513163E-001  0.46677175E-001  0.90555381E+000  0.16951806E+001
 -0.64510450E-001  0.46678806E-001  0.90561688E+000  0.16954478E+001
 -0.64507957E-001  0.46680068E-001  0.90567615E+000  0.16957115E+001
 -0.64505668E-001  0.46681006E-001  0.90573177E+000  0.16959712E+001
 -0.64503568E-001  0.46681660E-001  0.90578388E+000  0.16962264E+001
 -0.64501646E-001  0.46682070E-001  0.90583263E+000  0.16964763E+001
 -0.64499889E-001  0.46682272E-001  0.90587814E+000  0.16967206E+001
 -0.64498284E-001  0.46682298E-001  0.90592057E+000  0.16969587E+001
 -0.64496820E-001  0.46682178E-001  0.90596006E+000  0.16971901E+001
 -0.64495486E-001  0.46681942E-001  0.90599676E+000  0.16974144E+001
 -0.64494273E-001  0.46681612E-001  0.90603082E+000  0.16976312E+001
 -0.64493169E-001  0.46681213E-001  0.90606240E+000  0.16978403E+001
 -0.64492165E-001  0.46680763E-001  0.90609165E+000  0.16980413E+001
 -0.64491252E-001  0.46680279E-001  0.90611874E+000  0.16982340E+001
 -0.64490421E-001  0.46679776E-001  0.90614383E+000  0.16984182E+001
 -0.64489663E-001  0.46679267E-001  0.90616707E+000  0.16985939E+001
 -0.64488971E-001  0.46678763E-001  0.90618864E+000  0.16987609E+001
 -0.64488337E-001  0.46678272E-001  0.90620867E+000  0.16989192E+001
 -0.64487753E-001  0.46677800E-001  0.90622733E+000  0.16990689E+001
 -0.64487215E-001  0.46677354E-001  0.90624474E+000  0.16992101E+001
 -0.64486715E-001  0.46676936E-001  0.90626106E+000  0.16993429E+001
 -0.64486250E-001  0.46676550E-001  0.90627640E+000  0.16994675E+001
 -0.64485813E-001  0.46676197E-001  0.90629087E+000  0.16995841E+001
 -0.64485401E-001  0.46675877E-001  0.90632852E+000  0.16996691E+001
 -0.64485010E-001  0.46675592E-001  0.90640191E+000  0.16997102E+001
 -0.64484637E-001  0.46675340E-001  0.90647391E+000  0.16997451E+001
 -0.64484279E-001  0.46675119E-001  0.90654452E+000  0.16997740E+001
 -0.64483934E-001  0.46674929E-001  0.90661373E+000  0.16997975E+001
 -0.64483600E-001  0.46674767E-001  0.90668152E+000  0.16998159E+001
 -0.64483276E-001  0.46674632E-001  0.90674785E+000  0.16998297E+001
 -0.64482960E-001  0.46674520E-001  0.90681269E+000  0.16998392E+001
 -0.64482651E-001  0.46674429E-001  0.90687600E+000  0.16998451E+001
 -0.64482350E-001  0.46674358E-001  0.90693775E+000  0.16998475E+001
 -0.64482056E-001  0.46674304E-001  0.90699789E+000  0.16998469E+001
 -0.64481768E-001  0.46674264E-001  0.90705639E+000  0.16998437E+001
 -0.64481486E-001  0.46674236E-001  0.90711320E+000  0.16998382E+001
 -0.64481211E-001  0.46674219E-001  0.90716831E+000  0.16998308E+001
 -0.64480943E-001  0.46674210E-001  0.90722170E+000  0.16998216E+001
 -0.64480682E-001  0.46674208E-001  0.90727333E+000  0.16998110E+001
 -0.64480428E-001  0.46674211E-001  0.90732322E+000  0.16997993E+001
 -0.64480182E-001  0.46674218E-001  0.90737135E+000  0.16997866E+001
 -0.64479943E-001  0.46674228E-001  0.90741773E+000  0.16997732E+001
 -0.64479712E-001  0.46674240E-001  0.90746238E+000  0.16997591E+001
 -0.64479488E-001  0.46674253E-001  0.90749177E+000  0.16997582E+001
 -0.64479273E-001  0.46674266E-001  0.90751087E+000  0.16997656E+001
 -0.64479065E-001  0.46674279E-001  0.90752920E+000  0.16997719E+001
 -0.64478865E-001  0.46674291E-001  0.90754676E+000  0.16997773E+001
 -0.64478674E-001  0.46674302E-001  0.90756357E+000  0.16997819E+001
 -0.64478490E-001  0.46674312E-001  0.90757965E+000  0.16997858E+001
 -0.64478313E-001  0.46674321E-001  0.90759502E+000  0.16997891E+001
 -0.64478145E-001  0.46674328E-001  0.90760969E+000  0.16997918E+001
 -0.64477983E-001  0.46674333E-001  0.90762369E+000  0.16997941E+001
 -0.64477829E-001  0.46674337E-001  0.90763704E+000  0.16997961E+001
 -0.64477682E-001  0.46674339E-001  0.90764975E+000  0.16997977E+001
 -0.64477541E-001  0.46674339E-001  0.90766186E+000  0.16997991E+001
 -0.64477407E-001  0.46674338E-001  0.90767339E+000  0.16998004E+001
 -0.64477278E-001  0.46674335E-001  0.90768435E+000  0.16998015E+001
 -0.64477156E-001  0.46674331E-001  0.90769477E+000  0.16998025E+001
 -0.64477040E-001  0.46674326E-001  0.90770468E+000  0.16998035E+001
 -0.64476928E-001  0.46674319E-001  0.90771408E+000  0.16998044E+001
 -0.64476822E-001  0.46674312E-001  0.90772302E+000  0.16998054E+001
 -0.64476721E-001  0.46674303E-001  0.90773149E+000  0.16998064E+001
 -0.64476624E-001  0.46674294E-001  0.90773953E+000  0.16998076E+001
 -0.64476532E-001  0.46674284E-001  0.90774716E+000  0.16998088E+001
 -0.64476444E-001  0.46674273E-001  0.90775439E+000  0.16998101E+001
 -0.64476359E-001  0.46674262E-001  0.90776124E+000  0.16998116E+001
 -0.64476279E-001  0.46674250E-001  0.90776773E+000  0.16998133E+001
 -0.64476202E-001  0.46674238E-001  0.90777388E+000  0.16998151E+001
 -0.64476128E-001  0.46674225E-001  0.90777971E+000  0.16998171E+001
 -0.64476057E-001  0.46674213E-001  0.90778523E+000  0.16998192E+001
 -0.64475990E-001  0.46674200E-001  0.90779046E+000  0.16998216E+001
 -0.64475925E-001  0.46674187E-001  0.90779541E+000  0.16998242E+001
 -0.64475862E-001  0.46674174E-001  0.90780011E+000  0.16998269E+001
 -0.64475802E-001  0.46674161E-001  0.90780455E+000  0.16998299E+001
 -0.64475745E-001  0.46674148E-001  0.90780876E+000  0.16998330E+001
 -0.64475690E-001  0.46674135E-001  0.90781275E+000  0.16998364E+001
 -0.64475636E-001  0.46674123E-001  0.90781653E+000  0.16998399E+001
 -0.64475585E-001  0.46674111E-001  0.90782011E+000  0.16998436E+001
 -0.64475536E-001  0.46674099E-001  0.90782351E+000  0.16998476E+001
 -0.64475488E-001  0.46674087E-001  0.90782673E+000  0.16998516E+001
 -0.64475442E-001  0.46674075E-001  0.90782979E+000  0.16998559E+001
 -0.64475397E-001  0.46674064E-001  0.90783270E+000  0.16998603E+001
 -0.64475354E-001  0.46674054E-001  0.90783546E+000  0.16998649E+001
 -0.64475313E-001  0.46674043E-001  0.90783808E+000  0.16998696E+001
 -0.64475273E-001  0.46674033E-001  0.90784057E+000  0.16998744E+001
 -0.64475234E-001  0.46674023E-001  0.90784294E+000  0.16998794E+001
 -0.64475196E-001  0.46674014E-001  0.90784520E+000  0.16998845E+001
 -0.64475159E-001  0.46674005E-001  0.90784735E+000  0.16998897E+001
 -0.64475124E-001  0.46673996E-001  0.90784940E+000  0.16998950E+001
 -0.64475090E-001  0.46673988E-001  0.90785135E+000  0.16999003E+001
 -0.64475057E-001  0.46673980E-001  0.90785321E+000  0.16999058E+001
 -0.64475025E-001  0.46673973E-001  0.90785499E+000  0.16999113E+001
 -0.64474993E-001  0.46673965E-001  0.90785669E+000  0.16999168E+001
 -0.64474963E-001  0.46673959E-001  0.90785831E+000  0.16999225E+001
 -0.64474934E-001  0.46673952E-001  0.90785986E+000  0.16999281E+001
 -0.64474906E-001  0.46673946E-001  0.90786134E+000  0.16999338E+001
 -0.64474878E-001  0.46673940E-001  0.90786276E+000  0.16999394E+001
 -0.64474851E-001  0.46673934E-001  0.90786412E+000  0.16999451E+001
 -0.64474826E-001  0.46673929E-001  0.90786541E+000  0.16999508E+001
 -0.64474801E-001  0.46673924E-001  0.90786665E+000  0.16999564E+001
 -0.64474777E-001  0.46673919E-001  0.90786784E+000  0.16999620E+001
 -0.64474754E-001  0.46673914E-001  0.90786898E+000  0.16999676E+001
 -0.64474731E-001  0.46673909E-001  0.90787007E+000  0.16999732E+001
 -0.64474710E-001  0.46673905E-001  0.90787111E+000  0.16999787E+001
 -0.64474689E-001  0.46673901E-001  0.90787210E+000  0.16999841E+001
 -0.64474669E-001  0.46673896E-001  0.90787305E+000  0.16999895E+001
 -0.64474650E-001  0.46673893E-001  0.90787396E+000  0.16999948E+001
 -0.64474631E-001  0.46673889E-001  0.90787483E+000  0.17000000E+001
 -0.64474614E-001  0.46673885E-001  0.90787565E+000  0.17000051E+001
 -0.64474597E-001  0.46673881E-001  0.90787644E+000  0.17000102E+001
 -0.64474581E-001  0.46673878E-001  0.90787720E+000  0.17000151E+001
 -0.64474566E-001  0.46673874E-001  0.90787791E+000  0.17000199E+001
 -0.64474551E-001  0.46673870E-001  0.90787859E+000  0.17000247E+001
 -0.64474538E-001  0.46673867E-001  0.90787924E+000  0.17000293E+001
 -0.64474525E-001  0.46673863E-001  0.90787985E+000  0.17000338E+001
 -0.64474513E-001  0.46673860E-001  0.90788043E+000  0.17000382E+001
 -0.64474501E-001  0.46673857E-001  0.90788097E+000  0.17000424E+001
 -0.64474490E-001  0.46673853E-001  0.90788149E+000  0.17000466E+001
 -0.64474480E-001  0.46673850E-001  0.90788198E+000  0.17000506E+001
 -0.64474471E-001  0.46673846E-001  0.90788243E+000  0.17000545E+001
 -0.64474463E-001  0.46673843E-001  0.90788286E+000  0.17000582E+001
 -0.64474455E-001  0.46673839E-001  0.90788326E+000  0.17000619E+001
 -0.64474447E-001  0.46673836E-001  0.90788364E+000  0.17000654E+001
 -0.64474441E-001  0.46673832E-001  0.90788399E+000  0.17000687E+001
 -0.64474435E-001  0.46673828E-001  0.90788431E+000  0.17000720E+001
 -0.64474429E-001  0.46673825E-001  0.90788461E+000  0.17000751E+001
 -0.64474424E-001  0.46673821E-001  0.90788488E+000  0.17000781E+001
 -0.64474420E-001  0.46673818E-001  0.90788514E+000  0.17000809E+001
 -0.64474416E-001  0.46673814E-001  0.90788537E+000  0.17000837E+001
 -0.64474413E-001  0.46673811E-001  0.90788558E+000  0.17000863E+001
 -0.64474410E-001  0.46673807E-001  0.90788577E+000  0.17000888E+001
 -0.64474408E-001  0.46673804E-001  0.90788595E+000  0.17000911E+001
 -0.64474406E-001  0.46673800E-001  0.90788610E+000  0.17000934E+001
 -0.64474405E-001  0.46673797E-001  0.90788624E+000  0.17000956E+001
 -0.64474403E-001  0.46673793E-001  0.90788637E+000  0.17000976E+001
 -0.64474402E-001  0.46673790E-001  0.90788647E+000  0.17000995E+001
 -0.64474402E-001  0.46673787E-001  0.90788657E+000  0.17001014E+001
 -0.64474402E-001  0.46673784E-001  0.90788665E+000  0.17001031E+001
 -0.64474402E-001  0.46673780E-001  0.90788671E+000  0.17001047E+001
 -0.64474402E-001  0.46673777E-001  0.90788676E+000  0.17001062E+001
 -0.64474403E-001  0.46673774E-001  0.90788678E+000  0.17001076E+001
 -0.64474404E-001  0.46673770E-001  0.90788678E+000  0.17001090E+001
 -0.64474409E-001  0.46673763E-001  0.90788674E+000  0.17001102E+001
 -0.64474418E-001  0.46673752E-001  0.90788665E+000  0.17001113E+001
