 -0.34840819E-001
 -0.34898609E-001
 -0.34943966E-001
 -0.34979173E-001
 -0.35006080E-001
 -0.35026224E-001
 -0.35040873E-001
 -0.35051077E-001
 -0.35057702E-001
 -0.35061458E-001
 -0.35062929E-001
 -0.35062590E-001
 -0.35060834E-001
 -0.35057978E-001
 -0.35054283E-001
 -0.35049958E-001
 -0.35045175E-001
 -0.35040069E-001
 -0.35034751E-001
 -0.35029307E-001
 -0.35023808E-001
 -0.35018307E-001
 -0.35012844E-001
 -0.35007454E-001
 -0.35002158E-001
 -0.34996974E-001
 -0.34991914E-001
 -0.34986985E-001
 -0.34982191E-001
 -0.34977535E-001
 -0.34973014E-001
 -0.34968628E-001
 -0.34964372E-001
 -0.34960243E-001
 -0.34956235E-001
 -0.34952343E-001
 -0.34948563E-001
 -0.34944890E-001
 -0.34941318E-001
 -0.34937843E-001
 -0.34934461E-001
 -0.34931168E-001
 -0.34927961E-001
 -0.34924838E-001
 -0.34921796E-001
 -0.34918832E-001
 -0.34915946E-001
 -0.34913135E-001
 -0.34910398E-001
 -0.34907735E-001
 -0.34905144E-001
 -0.34902624E-001
 -0.34900175E-001
 -0.34897795E-001
 -0.34895484E-001
 -0.34893242E-001
 -0.34891067E-001
 -0.34888960E-001
 -0.34886919E-001
 -0.34884945E-001
 -0.34883036E-001
 -0.34881193E-001
 -0.34879415E-001
 -0.34877702E-001
 -0.34876053E-001
 -0.34874469E-001
 -0.34872948E-001
 -0.34871492E-001
 -0.34870097E-001
 -0.34868765E-001
 -0.34867495E-001
 -0.34866284E-001
 -0.34865133E-001
 -0.34864040E-001
 -0.34863003E-001
 -0.34862020E-001
 -0.34861091E-001
 -0.34860212E-001
 -0.34859382E-001
 -0.34858600E-001
 -0.34857861E-001
 -0.34857165E-001
 -0.34856509E-001
 -0.34855891E-001
 -0.34855308E-001
 -0.34854758E-001
 -0.34854239E-001
 -0.34853749E-001
 -0.34853286E-001
 -0.34852847E-001
 -0.34852432E-001
 -0.34852038E-001
 -0.34851663E-001
 -0.34851307E-001
 -0.34850967E-001
 -0.34850643E-001
 -0.34850332E-001
 -0.34850035E-001
 -0.34849749E-001
 -0.34849475E-001
 -0.34849210E-001
 -0.34848955E-001
 -0.34848709E-001
 -0.34848471E-001
 -0.34848241E-001
 -0.34848018E-001
 -0.34847801E-001
 -0.34847591E-001
 -0.34847387E-001
 -0.34847189E-001
 -0.34846996E-001
 -0.34846808E-001
 -0.34846625E-001
 -0.34846447E-001
 -0.34846274E-001
 -0.34846106E-001
 -0.34845942E-001
 -0.34845782E-001
 -0.34845626E-001
 -0.34845475E-001
 -0.34845328E-001
 -0.34845184E-001
 -0.34845045E-001
 -0.34844909E-001
 -0.34844777E-001
 -0.34844649E-001
 -0.34844525E-001
 -0.34844403E-001
 -0.34844286E-001
 -0.34844172E-001
 -0.34844061E-001
 -0.34843953E-001
 -0.34843849E-001
 -0.34843747E-001
 -0.34843649E-001
 -0.34843554E-001
 -0.34843461E-001
 -0.34843372E-001
 -0.34843285E-001
 -0.34843201E-001
 -0.34843119E-001
 -0.34843040E-001
 -0.34842964E-001
 -0.34842890E-001
 -0.34842819E-001
 -0.34842749E-001
 -0.34842682E-001
 -0.34842617E-001
 -0.34842555E-001
 -0.34842494E-001
 -0.34842436E-001
 -0.34842379E-001
 -0.34842324E-001
 -0.34842271E-001
 -0.34842220E-001
 -0.34842170E-001
 -0.34842123E-001
 -0.34842076E-001
 -0.34842032E-001
 -0.34841989E-001
 -0.34841947E-001
 -0.34841907E-001
 -0.34841868E-001
 -0.34841831E-001
 -0.34841794E-001
 -0.34841759E-001
 -0.34841726E-001
 -0.34841693E-001
 -0.34841662E-001
 -0.34841632E-001
 -0.34841602E-001
 -0.34841574E-001
 -0.34841547E-001
 -0.34841521E-001
 -0.34841495E-001
 -0.34841471E-001
 -0.34841447E-001
 -0.34841424E-001
 -0.34841402E-001
 -0.34841381E-001
 -0.34841361E-001
 -0.34841341E-001
 -0.34841322E-001
 -0.34841304E-001
 -0.34841286E-001
 -0.34841269E-001
 -0.34841253E-001
 -0.34841237E-001
 -0.34841221E-001
 -0.34841207E-001
 -0.34841192E-001
 -0.34841178E-001
 -0.34841165E-001
 -0.34841152E-001
 -0.34841139E-001
 -0.34841127E-001
 -0.34841115E-001
 -0.34841104E-001
 -0.34841092E-001
 -0.34841082E-001
