  0.65433664E+000
  0.65332586E+000
  0.65249777E+000
  0.65182075E+000
  0.65127034E+000
  0.65082568E+000
  0.65046971E+000
  0.65018816E+000
  0.64996918E+000
  0.64980279E+000
  0.64968062E+000
  0.64959565E+000
  0.64954211E+000
  0.64951505E+000
  0.64951030E+000
  0.64952434E+000
  0.64955424E+000
  0.64959751E+000
  0.64965206E+000
  0.64971614E+000
  0.64978826E+000
  0.64986716E+000
  0.64995176E+000
  0.65004116E+000
  0.65013457E+000
  0.65023132E+000
  0.65033082E+000
  0.65043257E+000
  0.65053613E+000
  0.65064110E+000
  0.65074713E+000
  0.65085391E+000
  0.65096115E+000
  0.65106860E+000
  0.65117601E+000
  0.65128317E+000
  0.65138987E+000
  0.65149592E+000
  0.65160113E+000
  0.65170532E+000
  0.65180834E+000
  0.65191003E+000
  0.65201025E+000
  0.65210886E+000
  0.65220572E+000
  0.65230073E+000
  0.65239377E+000
  0.65248474E+000
  0.65257355E+000
  0.65266012E+000
  0.65274438E+000
  0.65282628E+000
  0.65290576E+000
  0.65298279E+000
  0.65305734E+000
  0.65312938E+000
  0.65319892E+000
  0.65326595E+000
  0.65333047E+000
  0.65339250E+000
  0.65345205E+000
  0.65350916E+000
  0.65356384E+000
  0.65361612E+000
  0.65366605E+000
  0.65371366E+000
  0.65375898E+000
  0.65380207E+000
  0.65384295E+000
  0.65388168E+000
  0.65391830E+000
  0.65395286E+000
  0.65398541E+000
  0.65401600E+000
  0.65404468E+000
  0.65407150E+000
  0.65409652E+000
  0.65411980E+000
  0.65414139E+000
  0.65416135E+000
  0.65417975E+000
  0.65419663E+000
  0.65421208E+000
  0.65422614E+000
  0.65423889E+000
  0.65425040E+000
  0.65426072E+000
  0.65426993E+000
  0.65427809E+000
  0.65428527E+000
  0.65429155E+000
  0.65429698E+000
  0.65430163E+000
  0.65430558E+000
  0.65430888E+000
  0.65431159E+000
  0.65431379E+000
  0.65431551E+000
  0.65431684E+000
  0.65431780E+000
  0.65431846E+000
  0.65431886E+000
  0.65431904E+000
  0.65431905E+000
  0.65431892E+000
  0.65431868E+000
  0.65431837E+000
  0.65431800E+000
  0.65431761E+000
  0.65431722E+000
  0.65431683E+000
  0.65431648E+000
  0.65431616E+000
  0.65431589E+000
  0.65431568E+000
  0.65431553E+000
  0.65431545E+000
  0.65431543E+000
  0.65431548E+000
  0.65431561E+000
  0.65431579E+000
  0.65431604E+000
  0.65431634E+000
  0.65431670E+000
  0.65431710E+000
  0.65431754E+000
  0.65431801E+000
  0.65431851E+000
  0.65431903E+000
  0.65431956E+000
  0.65432011E+000
  0.65432066E+000
  0.65432120E+000
  0.65432175E+000
  0.65432228E+000
  0.65432281E+000
  0.65432333E+000
  0.65432384E+000
  0.65432434E+000
  0.65432483E+000
  0.65432531E+000
  0.65432578E+000
  0.65432625E+000
  0.65432671E+000
  0.65432717E+000
  0.65432762E+000
  0.65432807E+000
  0.65432851E+000
  0.65432895E+000
  0.65432939E+000
  0.65432982E+000
  0.65433024E+000
  0.65433065E+000
  0.65433104E+000
  0.65433143E+000
  0.65433179E+000
  0.65433214E+000
  0.65433246E+000
  0.65433276E+000
  0.65433304E+000
  0.65433328E+000
  0.65433351E+000
  0.65433370E+000
  0.65433387E+000
  0.65433401E+000
  0.65433413E+000
  0.65433423E+000
  0.65433430E+000
  0.65433435E+000
  0.65433439E+000
  0.65433441E+000
  0.65433443E+000
  0.65433443E+000
  0.65433444E+000
  0.65433443E+000
  0.65433443E+000
  0.65433444E+000
  0.65433445E+000
  0.65433446E+000
  0.65433449E+000
  0.65433452E+000
  0.65433457E+000
  0.65433463E+000
  0.65433470E+000
  0.65433479E+000
  0.65433488E+000
  0.65433499E+000
  0.65433511E+000
  0.65433523E+000
  0.65433537E+000
  0.65433551E+000
  0.65433566E+000
  0.65433581E+000
  0.65433595E+000
  0.65433608E+000
  0.65433624E+000
  0.65433644E+000
  0.65433671E+000
  0.65433705E+000
  0.65433738E+000
