  0.11981120E+001
  0.11976913E+001
  0.11973577E+001
  0.11970811E+001
  0.11968499E+001
  0.11966562E+001
  0.11964940E+001
  0.11963584E+001
  0.11962451E+001
  0.11961505E+001
  0.11960715E+001
  0.11960055E+001
  0.11959503E+001
  0.11959042E+001
  0.11958655E+001
  0.11958331E+001
  0.11958058E+001
  0.11957828E+001
  0.11957634E+001
  0.11957469E+001
  0.11957328E+001
  0.11957208E+001
  0.11957105E+001
  0.11957016E+001
  0.11956938E+001
  0.11956870E+001
  0.11956810E+001
  0.11956756E+001
  0.11956708E+001
  0.11956664E+001
  0.11956624E+001
  0.11956588E+001
  0.11956554E+001
  0.11956523E+001
  0.11956494E+001
  0.11956467E+001
  0.11956441E+001
  0.11956418E+001
  0.11956397E+001
  0.11956377E+001
  0.11956359E+001
  0.11956343E+001
  0.11956328E+001
  0.11956316E+001
  0.11956305E+001
  0.11956296E+001
  0.11956290E+001
  0.11956286E+001
  0.11956283E+001
  0.11956284E+001
  0.11956287E+001
  0.11956292E+001
  0.11956300E+001
  0.11956311E+001
  0.11956326E+001
  0.11956344E+001
  0.11956365E+001
  0.11956390E+001
  0.11956418E+001
  0.11956451E+001
  0.11956487E+001
  0.11956528E+001
  0.11956574E+001
  0.11956623E+001
  0.11956678E+001
  0.11956737E+001
  0.11956800E+001
  0.11956869E+001
  0.11956942E+001
  0.11957019E+001
  0.11957101E+001
  0.11957188E+001
  0.11957279E+001
  0.11957374E+001
  0.11957474E+001
  0.11957578E+001
  0.11957685E+001
  0.11957796E+001
  0.11957911E+001
  0.11958030E+001
  0.11958151E+001
  0.11958276E+001
  0.11958403E+001
  0.11958534E+001
  0.11958667E+001
  0.11958802E+001
  0.11958939E+001
  0.11959079E+001
  0.11959220E+001
  0.11959363E+001
  0.11959508E+001
  0.11959654E+001
  0.11959801E+001
  0.11959949E+001
  0.11960098E+001
  0.11960248E+001
  0.11960398E+001
  0.11960549E+001
  0.11960699E+001
  0.11960851E+001
  0.11961002E+001
  0.11961152E+001
  0.11961303E+001
  0.11961453E+001
  0.11961603E+001
  0.11961753E+001
  0.11961901E+001
  0.11962049E+001
  0.11962196E+001
  0.11962342E+001
  0.11962488E+001
  0.11962632E+001
  0.11962775E+001
  0.11962917E+001
  0.11963057E+001
  0.11963196E+001
  0.11963334E+001
  0.11963470E+001
  0.11963605E+001
  0.11963739E+001
  0.11963871E+001
  0.11964001E+001
  0.11964130E+001
  0.11964257E+001
  0.11964383E+001
  0.11964506E+001
  0.11964628E+001
  0.11964749E+001
  0.11964867E+001
  0.11964984E+001
  0.11965099E+001
  0.11965212E+001
  0.11965324E+001
  0.11965434E+001
  0.11965541E+001
  0.11965647E+001
  0.11965752E+001
  0.11965854E+001
  0.11965955E+001
  0.11966054E+001
  0.11966151E+001
  0.11966246E+001
  0.11966339E+001
  0.11966431E+001
  0.11966521E+001
  0.11966609E+001
  0.11966695E+001
  0.11966780E+001
  0.11966863E+001
  0.11966944E+001
  0.11967024E+001
  0.11967101E+001
  0.11967178E+001
  0.11967252E+001
  0.11967325E+001
  0.11967397E+001
  0.11967466E+001
  0.11967534E+001
  0.11967601E+001
  0.11967666E+001
  0.11967730E+001
  0.11967792E+001
  0.11967853E+001
  0.11967912E+001
  0.11967970E+001
  0.11968026E+001
  0.11968081E+001
  0.11968135E+001
  0.11968187E+001
  0.11968238E+001
  0.11968288E+001
  0.11968337E+001
  0.11968384E+001
  0.11968430E+001
  0.11968475E+001
  0.11968519E+001
  0.11968561E+001
  0.11968603E+001
  0.11968643E+001
  0.11968682E+001
  0.11968720E+001
  0.11968757E+001
  0.11968794E+001
  0.11968829E+001
  0.11968863E+001
  0.11968896E+001
  0.11968928E+001
  0.11968960E+001
  0.11968990E+001
  0.11969020E+001
  0.11969049E+001
  0.11969077E+001
  0.11969104E+001
  0.11969130E+001
  0.11969156E+001
  0.11969180E+001
  0.11969205E+001
  0.11969228E+001
  0.11969251E+001
  0.11969272E+001
