  0.25820899E+001
  0.26169520E+001
  0.26318147E+001
  0.26403557E+001
  0.26470061E+001
  0.26528028E+001
  0.26570136E+001
  0.26578867E+001
  0.26563366E+001
  0.26531238E+001
  0.26488594E+001
  0.26440016E+001
  0.26388892E+001
  0.26337635E+001
  0.26287861E+001
  0.26240677E+001
  0.26196735E+001
  0.26156362E+001
  0.26119658E+001
  0.26086565E+001
  0.26056928E+001
  0.26030526E+001
  0.26007103E+001
  0.25986390E+001
  0.25968111E+001
  0.25952000E+001
  0.25937804E+001
  0.25925286E+001
  0.25914227E+001
  0.25904430E+001
  0.25895718E+001
  0.25887931E+001
  0.25880931E+001
  0.25874597E+001
  0.25868824E+001
  0.25863523E+001
  0.25858619E+001
  0.25854051E+001
  0.25849765E+001
  0.25845722E+001
  0.25841886E+001
  0.25838231E+001
  0.25834737E+001
  0.25831386E+001
  0.25828166E+001
  0.25825068E+001
  0.25822083E+001
  0.25819205E+001
  0.25816430E+001
  0.25813753E+001
  0.25811173E+001
  0.25808685E+001
  0.25806289E+001
  0.25803983E+001
  0.25801765E+001
  0.25799635E+001
  0.25797592E+001
  0.25795637E+001
  0.25793769E+001
  0.25791988E+001
  0.25790295E+001
  0.25788690E+001
  0.25787173E+001
  0.25785745E+001
  0.25784405E+001
  0.25783153E+001
  0.25781988E+001
  0.25780910E+001
  0.25779918E+001
  0.25779008E+001
  0.25778181E+001
  0.25777433E+001
  0.25776763E+001
  0.25776166E+001
  0.25775641E+001
  0.25775185E+001
  0.25774794E+001
  0.25774464E+001
  0.25774193E+001
  0.25773978E+001
  0.25773814E+001
  0.25773699E+001
  0.25773629E+001
  0.25773601E+001
  0.25773612E+001
  0.25773660E+001
  0.25773741E+001
  0.25773853E+001
  0.25773992E+001
  0.25774158E+001
  0.25774346E+001
  0.25774556E+001
  0.25774785E+001
  0.25775031E+001
  0.25775292E+001
  0.25775566E+001
  0.25775852E+001
  0.25776149E+001
  0.25776454E+001
  0.25776767E+001
  0.25777086E+001
  0.25777410E+001
  0.25777737E+001
  0.25778068E+001
  0.25778401E+001
  0.25778735E+001
  0.25779070E+001
  0.25779404E+001
  0.25779738E+001
  0.25780070E+001
  0.25780400E+001
  0.25780728E+001
  0.25781053E+001
  0.25781376E+001
  0.25781695E+001
  0.25782010E+001
  0.25782322E+001
  0.25782630E+001
  0.25782934E+001
  0.25783233E+001
  0.25783529E+001
  0.25783820E+001
  0.25784106E+001
  0.25784389E+001
  0.25784666E+001
  0.25784940E+001
  0.25785209E+001
  0.25785473E+001
  0.25785733E+001
  0.25785988E+001
  0.25786238E+001
  0.25786485E+001
  0.25786726E+001
  0.25786963E+001
  0.25787196E+001
  0.25787424E+001
  0.25787648E+001
  0.25787867E+001
  0.25788082E+001
  0.25788293E+001
  0.25788499E+001
  0.25788701E+001
  0.25788899E+001
  0.25789092E+001
  0.25789281E+001
  0.25789466E+001
  0.25789647E+001
  0.25789824E+001
  0.25789997E+001
  0.25790166E+001
  0.25790331E+001
  0.25790493E+001
  0.25790650E+001
  0.25790804E+001
  0.25790954E+001
  0.25791100E+001
  0.25791243E+001
  0.25791382E+001
  0.25791517E+001
  0.25791650E+001
  0.25791779E+001
  0.25791904E+001
  0.25792027E+001
  0.25792146E+001
  0.25792262E+001
  0.25792375E+001
  0.25792485E+001
  0.25792592E+001
  0.25792697E+001
  0.25792798E+001
  0.25792897E+001
  0.25792993E+001
  0.25793086E+001
  0.25793176E+001
  0.25793265E+001
  0.25793350E+001
  0.25793433E+001
  0.25793514E+001
  0.25793593E+001
  0.25793669E+001
  0.25793743E+001
  0.25793814E+001
  0.25793884E+001
  0.25793952E+001
  0.25794017E+001
  0.25794081E+001
  0.25794142E+001
  0.25794202E+001
  0.25794260E+001
  0.25794316E+001
  0.25794370E+001
  0.25794423E+001
  0.25794474E+001
  0.25794523E+001
  0.25794571E+001
  0.25794617E+001
  0.25794662E+001
  0.25794706E+001
  0.25794748E+001
  0.25794790E+001
