  0.56276660E+000  0.82212008E+000  0.11663701E+001  0.24044869E+001
  0.56186798E+000  0.82232699E+000  0.11657137E+001  0.24036548E+001
  0.56151612E+000  0.82231987E+000  0.11651995E+001  0.24028106E+001
  0.56127617E+000  0.82222197E+000  0.11649805E+001  0.24019498E+001
  0.54723153E+000  0.80197404E+000  0.11656198E+001  0.24014498E+001
  0.56084138E+000  0.82098850E+000  0.11656041E+001  0.24008309E+001
  0.56075617E+000  0.82071347E+000  0.11656308E+001  0.24003454E+001
  0.56069540E+000  0.82057734E+000  0.11655508E+001  0.23999411E+001
  0.56064213E+000  0.82028082E+000  0.11656788E+001  0.23995974E+001
  0.56060194E+000  0.82021348E+000  0.11656040E+001  0.23993111E+001
  0.56056272E+000  0.82018668E+000  0.11655403E+001  0.23990537E+001
  0.56023243E+000  0.82046767E+000  0.11654820E+001  0.23988423E+001
  0.56021165E+000  0.82042107E+000  0.11654548E+001  0.23986751E+001
  0.56010671E+000  0.82048811E+000  0.11653597E+001  0.23985945E+001
  0.56009488E+000  0.82045088E+000  0.11653307E+001  0.23984991E+001
  0.56004110E+000  0.82048937E+000  0.11653067E+001  0.23983987E+001
  0.56003483E+000  0.82047536E+000  0.11639083E+001  0.23997059E+001
  0.56002903E+000  0.82047449E+000  0.11638687E+001  0.23996644E+001
  0.56002632E+000  0.82045226E+000  0.11638786E+001  0.23996115E+001
  0.56002533E+000  0.82045242E+000  0.11638643E+001  0.23995752E+001
  0.56002142E+000  0.82044415E+000  0.11638730E+001  0.23995411E+001
  0.56002257E+000  0.82044607E+000  0.11638706E+001  0.23995144E+001
  0.54583226E+000  0.80105238E+000  0.11638877E+001  0.23994950E+001
  0.54583694E+000  0.80104330E+000  0.11634244E+001  0.23999597E+001
  0.56002808E+000  0.82042330E+000  0.11634255E+001  0.23999502E+001
  0.54584740E+000  0.80105365E+000  0.11634274E+001  0.23999449E+001
  0.56003495E+000  0.82043156E+000  0.11634302E+001  0.23999425E+001
  0.56003896E+000  0.82043586E+000  0.11634335E+001  0.23999430E+001
  0.54586608E+000  0.80107027E+000  0.11629022E+001  0.24004808E+001
  0.54587265E+000  0.80107591E+000  0.11629061E+001  0.24004858E+001
  0.56005180E+000  0.82044931E+000  0.11629101E+001  0.24004928E+001
  0.56005624E+000  0.82045381E+000  0.11629145E+001  0.24005011E+001
  0.56006070E+000  0.82045826E+000  0.11629181E+001  0.24005118E+001
  0.56006513E+000  0.82046266E+000  0.11629228E+001  0.24005227E+001
  0.56006953E+000  0.82046697E+000  0.11629274E+001  0.24005348E+001
  0.56007386E+000  0.82047119E+000  0.11629284E+001  0.24005515E+001
  0.56007811E+000  0.82047529E+000  0.11629331E+001  0.24005656E+001
  0.56008225E+000  0.82047925E+000  0.11629378E+001  0.24005805E+001
  0.56008629E+000  0.82048309E+000  0.11629424E+001  0.24005962E+001
  0.56009019E+000  0.82048680E+000  0.11629470E+001  0.24006128E+001
  0.56009396E+000  0.82049037E+000  0.11629515E+001  0.24006302E+001
  0.56009758E+000  0.82049378E+000  0.11629560E+001  0.24006484E+001
  0.56010104E+000  0.82049686E+000  0.11629606E+001  0.24006674E+001
  0.56010435E+000  0.82049996E+000  0.11629649E+001  0.24006871E+001
  0.56010748E+000  0.82050290E+000  0.11629692E+001  0.24007077E+001
  0.56011044E+000  0.82050569E+000  0.11629734E+001  0.24007291E+001
  0.56011323E+000  0.82050833E+000  0.11629776E+001  0.24007514E+001
  0.56011584E+000  0.82051081E+000  0.11629817E+001  0.24007745E+001
  0.56011828E+000  0.82051314E+000  0.11629858E+001  0.24007985E+001
  0.56012055E+000  0.82051532E+000  0.11629898E+001  0.24008233E+001
  0.56012266E+000  0.82051737E+000  0.11629938E+001  0.24008491E+001
  0.56012460E+000  0.82051928E+000  0.11629977E+001  0.24008758E+001
  0.56012639E+000  0.82052107E+000  0.11630016E+001  0.24009035E+001
  0.56012803E+000  0.82052274E+000  0.11630056E+001  0.24009321E+001
  0.56012953E+000  0.82052431E+000  0.11630095E+001  0.24009617E+001
  0.56013090E+000  0.82052577E+000  0.11630134E+001  0.24009923E+001
  0.56013173E+000  0.82052756E+000  0.11630174E+001  0.24010239E+001
  0.56013287E+000  0.82052796E+000  0.11630222E+001  0.24010566E+001
  0.56013391E+000  0.82052918E+000  0.11630263E+001  0.24010903E+001
  0.56013485E+000  0.82053035E+000  0.11630303E+001  0.24011250E+001
  0.56013572E+000  0.82053146E+000  0.11630345E+001  0.24011609E+001
  0.56013651E+000  0.82053252E+000  0.11630386E+001  0.24011977E+001
  0.56013724E+000  0.82053356E+000  0.11630429E+001  0.24012357E+001
  0.56013792E+000  0.82053456E+000  0.11630473E+001  0.24012747E+001
  0.56013855E+000  0.82053554E+000  0.11630516E+001  0.24013147E+001
  0.56013914E+000  0.82053650E+000  0.11630560E+001  0.24013558E+001
  0.56013970E+000  0.82053745E+000  0.11630606E+001  0.24013980E+001
  0.56014023E+000  0.82053840E+000  0.11630654E+001  0.24014411E+001
  0.56014075E+000  0.82053933E+000  0.11630702E+001  0.24014852E+001
  0.56014124E+000  0.82054027E+000  0.11630751E+001  0.24015302E+001
  0.56014172E+000  0.82054121E+000  0.11630802E+001  0.24015762E+001
  0.56014219E+000  0.82054215E+000  0.11630853E+001  0.24016231E+001
  0.56014266E+000  0.82054309E+000  0.11630906E+001  0.24016708E+001
  0.56014312E+000  0.82054404E+000  0.11630959E+001  0.24017194E+001
  0.56014358E+000  0.82054499E+000  0.11631013E+001  0.24017687E+001
  0.56014403E+000  0.82054595E+000  0.11631068E+001  0.24018188E+001
  0.56014449E+000  0.82054691E+000  0.11631124E+001  0.24018695E+001
  0.56014495E+000  0.82054788E+000  0.11631181E+001  0.24019210E+001
  0.56014541E+000  0.82054885E+000  0.11631238E+001  0.24019730E+001
  0.56014587E+000  0.82054982E+000  0.11631296E+001  0.24020257E+001
  0.56014633E+000  0.82055080E+000  0.11631355E+001  0.24020788E+001
  0.56014680E+000  0.82055177E+000  0.11631414E+001  0.24021325E+001
  0.56014728E+000  0.82055275E+000  0.11631474E+001  0.24021866E+001
  0.56014776E+000  0.82055373E+000  0.11631534E+001  0.24022411E+001
  0.56014824E+000  0.82055470E+000  0.11631595E+001  0.24022960E+001
  0.56014872E+000  0.82055567E+000  0.11631656E+001  0.24023512E+001
  0.56014921E+000  0.82055664E+000  0.11631717E+001  0.24024067E+001
  0.56014970E+000  0.82055761E+000  0.11631778E+001  0.24024624E+001
  0.56015019E+000  0.82055856E+000  0.11631840E+001  0.24025184E+001
  0.56015069E+000  0.82055951E+000  0.11631902E+001  0.24025745E+001
  0.56015118E+000  0.82056046E+000  0.11631963E+001  0.24026307E+001
  0.56015168E+000  0.82056139E+000  0.11632025E+001  0.24026871E+001
  0.56015217E+000  0.82056232E+000  0.11632087E+001  0.24027435E+001
  0.56015267E+000  0.82056323E+000  0.11632148E+001  0.24027999E+001
  0.56015316E+000  0.82056413E+000  0.11632210E+001  0.24028563E+001
  0.56015365E+000  0.82056502E+000  0.11632271E+001  0.24029127E+001
  0.56015414E+000  0.82056590E+000  0.11632332E+001  0.24029690E+001
  0.56015462E+000  0.82056676E+000  0.11632393E+001  0.24030252E+001
  0.56015510E+000  0.82056761E+000  0.11632453E+001  0.24030813E+001
  0.56015558E+000  0.82056844E+000  0.11632513E+001  0.24031371E+001
  0.56015605E+000  0.82056926E+000  0.11632572E+001  0.24031928E+001
  0.56015651E+000  0.82057006E+000  0.11632651E+001  0.24032463E+001
  0.56015696E+000  0.82057085E+000  0.11632777E+001  0.24032947E+001
  0.56015741E+000  0.82057161E+000  0.11632923E+001  0.24033408E+001
  0.56015785E+000  0.82057236E+000  0.11633037E+001  0.24033898E+001
  0.56015828E+000  0.82057310E+000  0.11633139E+001  0.24034394E+001
  0.56015871E+000  0.82057381E+000  0.11633241E+001  0.24034888E+001
  0.56015912E+000  0.82057451E+000  0.11633342E+001  0.24035378E+001
  0.56015952E+000  0.82057519E+000  0.11633441E+001  0.24035865E+001
  0.56015992E+000  0.82057585E+000  0.11633539E+001  0.24036348E+001
  0.56016030E+000  0.82057650E+000  0.11633635E+001  0.24036827E+001
  0.56016067E+000  0.82057712E+000  0.11633730E+001  0.24037303E+001
  0.56016104E+000  0.82057773E+000  0.11633824E+001  0.24037774E+001
  0.56016139E+000  0.82057832E+000  0.11633916E+001  0.24038241E+001
  0.56016174E+000  0.82057890E+000  0.11634007E+001  0.24038703E+001
  0.56016207E+000  0.82057946E+000  0.11634097E+001  0.24039162E+001
  0.56016239E+000  0.82058000E+000  0.11634184E+001  0.24039615E+001
  0.56016271E+000  0.82058052E+000  0.11634270E+001  0.24040064E+001
  0.56016301E+000  0.82058103E+000  0.11634355E+001  0.24040508E+001
  0.56016330E+000  0.82058152E+000  0.11634438E+001  0.24040947E+001
  0.56016358E+000  0.82058199E+000  0.11634519E+001  0.24041382E+001
  0.56016386E+000  0.82058245E+000  0.11634598E+001  0.24041811E+001
  0.56016412E+000  0.82058290E+000  0.11634676E+001  0.24042235E+001
  0.56016438E+000  0.82058333E+000  0.11634753E+001  0.24042654E+001
  0.56016462E+000  0.82058374E+000  0.11634827E+001  0.24043067E+001
  0.56016486E+000  0.82058414E+000  0.11634900E+001  0.24043475E+001
  0.56016509E+000  0.82058453E+000  0.11634971E+001  0.24043878E+001
  0.56016530E+000  0.82058490E+000  0.11635040E+001  0.24044276E+001
  0.56016551E+000  0.82058526E+000  0.11635108E+001  0.24044668E+001
  0.56016572E+000  0.82058561E+000  0.11635174E+001  0.24045054E+001
  0.56016591E+000  0.82058594E+000  0.11635239E+001  0.24045435E+001
  0.56016610E+000  0.82058627E+000  0.11635302E+001  0.24045810E+001
  0.56016628E+000  0.82058658E+000  0.11635363E+001  0.24046180E+001
  0.56016645E+000  0.82058688E+000  0.11635423E+001  0.24046544E+001
  0.56016662E+000  0.82058716E+000  0.11635481E+001  0.24046902E+001
  0.56016678E+000  0.82058744E+000  0.11635537E+001  0.24047255E+001
  0.56016693E+000  0.82058771E+000  0.11635592E+001  0.24047602E+001
  0.56016708E+000  0.82058797E+000  0.11635646E+001  0.24047943E+001
  0.56016722E+000  0.82058821E+000  0.11635698E+001  0.24048279E+001
  0.56016736E+000  0.82058845E+000  0.11635748E+001  0.24048609E+001
  0.56016749E+000  0.82058868E+000  0.11635797E+001  0.24048933E+001
  0.56016761E+000  0.82058890E+000  0.11635845E+001  0.24049252E+001
  0.56016773E+000  0.82058911E+000  0.11635891E+001  0.24049564E+001
  0.56016785E+000  0.82058932E+000  0.11635936E+001  0.24049872E+001
  0.56016796E+000  0.82058951E+000  0.11635979E+001  0.24050173E+001
  0.56016806E+000  0.82058970E+000  0.11636021E+001  0.24050469E+001
  0.56016816E+000  0.82058988E+000  0.11636062E+001  0.24050760E+001
  0.56016826E+000  0.82059005E+000  0.11636102E+001  0.24051045E+001
  0.56016835E+000  0.82059022E+000  0.11636140E+001  0.24051324E+001
  0.56016844E+000  0.82059038E+000  0.11636177E+001  0.24051598E+001
  0.56016853E+000  0.82059054E+000  0.11636213E+001  0.24051866E+001
  0.56016861E+000  0.82059068E+000  0.11636248E+001  0.24052129E+001
  0.56016869E+000  0.82059083E+000  0.11636282E+001  0.24052386E+001
  0.56016877E+000  0.82059096E+000  0.11636314E+001  0.24052638E+001
  0.56016884E+000  0.82059109E+000  0.11636346E+001  0.24052885E+001
  0.56016891E+000  0.82059122E+000  0.11636376E+001  0.24053127E+001
  0.56016897E+000  0.82059134E+000  0.11636406E+001  0.24053363E+001
  0.56016904E+000  0.82059146E+000  0.11636434E+001  0.24053594E+001
  0.56016910E+000  0.82059157E+000  0.11636462E+001  0.24053820E+001
  0.56016916E+000  0.82059167E+000  0.11636488E+001  0.24054041E+001
  0.56016921E+000  0.82059178E+000  0.11636514E+001  0.24054257E+001
  0.56016927E+000  0.82059188E+000  0.11636539E+001  0.24054468E+001
  0.56016932E+000  0.82059197E+000  0.11636563E+001  0.24054674E+001
  0.56016937E+000  0.82059206E+000  0.11636586E+001  0.24054875E+001
  0.56016942E+000  0.82059215E+000  0.11636608E+001  0.24055071E+001
  0.56016946E+000  0.82059223E+000  0.11636630E+001  0.24055263E+001
  0.56016951E+000  0.82059231E+000  0.11636651E+001  0.24055450E+001
  0.56016955E+000  0.82059239E+000  0.11636671E+001  0.24055633E+001
  0.56016959E+000  0.82059246E+000  0.11636690E+001  0.24055811E+001
  0.56016963E+000  0.82059254E+000  0.11636709E+001  0.24055984E+001
  0.56016967E+000  0.82059260E+000  0.11636727E+001  0.24056153E+001
  0.56016970E+000  0.82059267E+000  0.11636744E+001  0.24056318E+001
  0.56016974E+000  0.82059273E+000  0.11636761E+001  0.24056479E+001
  0.56016977E+000  0.82059279E+000  0.11636777E+001  0.24056635E+001
  0.56016980E+000  0.82059285E+000  0.11636792E+001  0.24056787E+001
  0.56016983E+000  0.82059291E+000  0.11636807E+001  0.24056936E+001
  0.56016986E+000  0.82059296E+000  0.11636822E+001  0.24057080E+001
  0.56016989E+000  0.82059301E+000  0.11636836E+001  0.24057221E+001
  0.56016992E+000  0.82059306E+000  0.11636849E+001  0.24057357E+001
  0.56016994E+000  0.82059311E+000  0.11636862E+001  0.24057490E+001
  0.56016997E+000  0.82059315E+000  0.11636874E+001  0.24057619E+001
  0.56016999E+000  0.82059320E+000  0.11636886E+001  0.24057745E+001
  0.56017001E+000  0.82059324E+000  0.11636898E+001  0.24057867E+001
  0.56017004E+000  0.82059328E+000  0.11636909E+001  0.24057986E+001
  0.56017006E+000  0.82059332E+000  0.11636920E+001  0.24058101E+001
  0.56017008E+000  0.82059336E+000  0.11636930E+001  0.24058213E+001
  0.56017010E+000  0.82059339E+000  0.11636940E+001  0.24058321E+001
  0.56017012E+000  0.82059343E+000  0.11636949E+001  0.24058427E+001
  0.56017013E+000  0.82059346E+000  0.11636959E+001  0.24058529E+001
  0.56017015E+000  0.82059349E+000  0.11636967E+001  0.24058628E+001
  0.56017017E+000  0.82059352E+000  0.11636976E+001  0.24058725E+001
  0.56017019E+000  0.82059355E+000  0.11636984E+001  0.24058818E+001
  0.56017020E+000  0.82059358E+000  0.11636992E+001  0.24058909E+001
  0.56017022E+000  0.82059361E+000  0.11637000E+001  0.24058997E+001
  0.56017023E+000  0.82059363E+000  0.11637007E+001  0.24059082E+001
  0.56017025E+000  0.82059366E+000  0.11637014E+001  0.24059165E+001
  0.56017026E+000  0.82059368E+000  0.11637021E+001  0.24059245E+001
  0.56017027E+000  0.82059371E+000  0.11637027E+001  0.24059322E+001
  0.56017029E+000  0.82059373E+000  0.11637033E+001  0.24059397E+001
  0.56017029E+000  0.82059375E+000  0.11637039E+001  0.24059470E+001
