 -0.33605662E+000
 -0.33609518E+000
 -0.33585765E+000
 -0.33561483E+000
 -0.33539944E+000
 -0.33521303E+000
 -0.33505225E+000
 -0.33491308E+000
 -0.33479260E+000
 -0.33468824E+000
 -0.33459777E+000
 -0.33451921E+000
 -0.33445088E+000
 -0.33439131E+000
 -0.33433925E+000
 -0.33429363E+000
 -0.33425354E+000
 -0.33421820E+000
 -0.33418691E+000
 -0.33415912E+000
 -0.33413431E+000
 -0.33411208E+000
 -0.33409205E+000
 -0.33407393E+000
 -0.33405746E+000
 -0.33404240E+000
 -0.33402859E+000
 -0.33401587E+000
 -0.33400410E+000
 -0.33399319E+000
 -0.33398304E+000
 -0.33397359E+000
 -0.33396479E+000
 -0.33395658E+000
 -0.33394894E+000
 -0.33394184E+000
 -0.33393526E+000
 -0.33392920E+000
 -0.33392364E+000
 -0.33391859E+000
 -0.33391404E+000
 -0.33390999E+000
 -0.33390644E+000
 -0.33390340E+000
 -0.33390088E+000
 -0.33389886E+000
 -0.33389737E+000
 -0.33389640E+000
 -0.33389597E+000
 -0.33389607E+000
 -0.33389671E+000
 -0.33389790E+000
 -0.33389964E+000
 -0.33390195E+000
 -0.33390483E+000
 -0.33390829E+000
 -0.33391233E+000
 -0.33391698E+000
 -0.33392222E+000
 -0.33392807E+000
 -0.33393453E+000
 -0.33394160E+000
 -0.33394930E+000
 -0.33395761E+000
 -0.33396654E+000
 -0.33397609E+000
 -0.33398625E+000
 -0.33399701E+000
 -0.33400837E+000
 -0.33402031E+000
 -0.33403282E+000
 -0.33404589E+000
 -0.33405949E+000
 -0.33407363E+000
 -0.33408826E+000
 -0.33410338E+000
 -0.33411897E+000
 -0.33413499E+000
 -0.33415143E+000
 -0.33416827E+000
 -0.33418549E+000
 -0.33420304E+000
 -0.33422093E+000
 -0.33423911E+000
 -0.33425757E+000
 -0.33427628E+000
 -0.33429523E+000
 -0.33431437E+000
 -0.33433370E+000
 -0.33435319E+000
 -0.33437282E+000
 -0.33439256E+000
 -0.33441240E+000
 -0.33443231E+000
 -0.33445228E+000
 -0.33447229E+000
 -0.33449231E+000
 -0.33451233E+000
 -0.33453234E+000
 -0.33455231E+000
 -0.33457223E+000
 -0.33459209E+000
 -0.33461187E+000
 -0.33463155E+000
 -0.33465114E+000
 -0.33467060E+000
 -0.33468994E+000
 -0.33470914E+000
 -0.33472819E+000
 -0.33474709E+000
 -0.33476582E+000
 -0.33478437E+000
 -0.33480274E+000
 -0.33482093E+000
 -0.33483892E+000
 -0.33485671E+000
 -0.33487429E+000
 -0.33489166E+000
 -0.33490882E+000
 -0.33492576E+000
 -0.33494248E+000
 -0.33495898E+000
 -0.33497524E+000
 -0.33499128E+000
 -0.33500708E+000
 -0.33502265E+000
 -0.33503798E+000
 -0.33505307E+000
 -0.33506793E+000
 -0.33508254E+000
 -0.33509692E+000
 -0.33511105E+000
 -0.33512495E+000
 -0.33513860E+000
 -0.33515201E+000
 -0.33516519E+000
 -0.33517812E+000
 -0.33519082E+000
 -0.33520328E+000
 -0.33521550E+000
 -0.33522749E+000
 -0.33523925E+000
 -0.33525077E+000
 -0.33526206E+000
 -0.33527313E+000
 -0.33528396E+000
 -0.33529458E+000
 -0.33530497E+000
 -0.33531514E+000
 -0.33532509E+000
 -0.33533482E+000
 -0.33534435E+000
 -0.33535366E+000
 -0.33536276E+000
 -0.33537166E+000
 -0.33538036E+000
 -0.33538886E+000
 -0.33539716E+000
 -0.33540526E+000
 -0.33541317E+000
 -0.33542090E+000
 -0.33542844E+000
 -0.33543579E+000
 -0.33544297E+000
 -0.33544997E+000
 -0.33545679E+000
 -0.33546345E+000
 -0.33546993E+000
 -0.33547626E+000
 -0.33548241E+000
 -0.33548842E+000
 -0.33549426E+000
 -0.33549995E+000
 -0.33550549E+000
 -0.33551089E+000
 -0.33551614E+000
 -0.33552125E+000
 -0.33552622E+000
 -0.33553105E+000
 -0.33553576E+000
 -0.33554033E+000
 -0.33554477E+000
 -0.33554910E+000
 -0.33555330E+000
 -0.33555738E+000
 -0.33556134E+000
 -0.33556520E+000
 -0.33556894E+000
 -0.33557257E+000
 -0.33557610E+000
 -0.33557952E+000
 -0.33558285E+000
 -0.33558607E+000
 -0.33558920E+000
 -0.33559224E+000
 -0.33559519E+000
 -0.33559804E+000
 -0.33560082E+000
 -0.33560350E+000
 -0.33560611E+000
