  0.98368374E+000
  0.98399072E+000
  0.98422668E+000
  0.98441480E+000
  0.98456713E+000
  0.98469113E+000
  0.98479256E+000
  0.98487579E+000
  0.98494402E+000
  0.98499977E+000
  0.98504528E+000
  0.98508223E+000
  0.98511209E+000
  0.98513597E+000
  0.98515479E+000
  0.98516939E+000
  0.98518041E+000
  0.98518844E+000
  0.98519398E+000
  0.98519742E+000
  0.98519910E+000
  0.98519932E+000
  0.98519832E+000
  0.98519632E+000
  0.98519348E+000
  0.98518997E+000
  0.98518591E+000
  0.98518142E+000
  0.98517659E+000
  0.98517150E+000
  0.98516622E+000
  0.98516082E+000
  0.98515534E+000
  0.98514982E+000
  0.98514431E+000
  0.98513882E+000
  0.98513340E+000
  0.98512805E+000
  0.98512280E+000
  0.98511765E+000
  0.98511263E+000
  0.98510774E+000
  0.98510298E+000
  0.98509836E+000
  0.98509388E+000
  0.98508955E+000
  0.98508537E+000
  0.98508134E+000
  0.98507744E+000
  0.98507370E+000
  0.98507009E+000
  0.98506663E+000
  0.98506330E+000
  0.98506011E+000
  0.98505704E+000
  0.98505410E+000
  0.98505129E+000
  0.98504859E+000
  0.98504600E+000
  0.98504352E+000
  0.98504114E+000
  0.98503886E+000
  0.98503667E+000
  0.98503458E+000
  0.98503256E+000
  0.98503063E+000
  0.98502877E+000
  0.98502698E+000
  0.98502527E+000
  0.98502361E+000
  0.98502201E+000
  0.98502048E+000
  0.98501899E+000
  0.98501755E+000
  0.98501616E+000
  0.98501481E+000
  0.98501351E+000
  0.98501223E+000
  0.98501099E+000
  0.98500979E+000
  0.98500861E+000
  0.98500745E+000
  0.98500631E+000
  0.98500520E+000
  0.98500410E+000
  0.98500302E+000
  0.98500194E+000
  0.98500088E+000
  0.98499982E+000
  0.98499877E+000
  0.98499773E+000
  0.98499668E+000
  0.98499564E+000
  0.98499459E+000
  0.98499353E+000
  0.98499248E+000
  0.98499141E+000
  0.98499034E+000
  0.98498926E+000
  0.98498816E+000
  0.98498706E+000
  0.98498594E+000
  0.98498482E+000
  0.98498367E+000
  0.98498252E+000
  0.98498135E+000
  0.98498016E+000
  0.98497896E+000
  0.98497775E+000
  0.98497652E+000
  0.98497528E+000
  0.98497403E+000
  0.98497277E+000
  0.98497149E+000
  0.98497021E+000
  0.98496892E+000
  0.98496762E+000
  0.98496632E+000
  0.98496501E+000
  0.98496370E+000
  0.98496239E+000
  0.98496108E+000
  0.98495978E+000
  0.98495848E+000
  0.98495719E+000
  0.98495591E+000
  0.98495465E+000
  0.98495340E+000
  0.98495217E+000
  0.98495096E+000
  0.98494977E+000
  0.98494860E+000
  0.98494746E+000
  0.98494635E+000
  0.98494527E+000
  0.98494422E+000
  0.98494321E+000
  0.98494223E+000
  0.98494128E+000
  0.98494038E+000
  0.98493950E+000
  0.98493867E+000
  0.98493788E+000
  0.98493712E+000
  0.98493640E+000
  0.98493572E+000
  0.98493507E+000
  0.98493446E+000
  0.98493388E+000
  0.98493334E+000
  0.98493283E+000
  0.98493236E+000
  0.98493191E+000
  0.98493150E+000
  0.98493111E+000
  0.98493075E+000
  0.98493041E+000
  0.98493010E+000
  0.98492981E+000
  0.98492954E+000
  0.98492929E+000
  0.98492906E+000
  0.98492885E+000
  0.98492865E+000
  0.98492848E+000
  0.98492831E+000
  0.98492816E+000
  0.98492802E+000
  0.98492790E+000
  0.98492778E+000
  0.98492768E+000
  0.98492758E+000
  0.98492750E+000
  0.98492742E+000
  0.98492735E+000
  0.98492729E+000
  0.98492723E+000
  0.98492718E+000
  0.98492713E+000
  0.98492709E+000
  0.98492705E+000
  0.98492702E+000
  0.98492698E+000
  0.98492696E+000
  0.98492693E+000
  0.98492691E+000
  0.98492689E+000
  0.98492687E+000
  0.98492686E+000
  0.98492684E+000
  0.98492683E+000
  0.98492681E+000
  0.98492680E+000
  0.98492679E+000
  0.98492678E+000
  0.98492678E+000
  0.98492678E+000
  0.98492678E+000
  0.98492676E+000
  0.98492669E+000
