  0.54803178E+000
  0.54813814E+000
  0.54822589E+000
  0.54829792E+000
  0.54835708E+000
  0.54840562E+000
  0.54844532E+000
  0.54847767E+000
  0.54850390E+000
  0.54852502E+000
  0.54854188E+000
  0.54855520E+000
  0.54856556E+000
  0.54857347E+000
  0.54857934E+000
  0.54858352E+000
  0.54858629E+000
  0.54858791E+000
  0.54858857E+000
  0.54858845E+000
  0.54858770E+000
  0.54858644E+000
  0.54858476E+000
  0.54858277E+000
  0.54858053E+000
  0.54857811E+000
  0.54857555E+000
  0.54857291E+000
  0.54857023E+000
  0.54856753E+000
  0.54856485E+000
  0.54856220E+000
  0.54855961E+000
  0.54855709E+000
  0.54855465E+000
  0.54855230E+000
  0.54855005E+000
  0.54854791E+000
  0.54854587E+000
  0.54854393E+000
  0.54854211E+000
  0.54854039E+000
  0.54853878E+000
  0.54853726E+000
  0.54853585E+000
  0.54853453E+000
  0.54853329E+000
  0.54853214E+000
  0.54853107E+000
  0.54853008E+000
  0.54852915E+000
  0.54852829E+000
  0.54852748E+000
  0.54852674E+000
  0.54852604E+000
  0.54852539E+000
  0.54852479E+000
  0.54852423E+000
  0.54852370E+000
  0.54852321E+000
  0.54852275E+000
  0.54852233E+000
  0.54852193E+000
  0.54852156E+000
  0.54852121E+000
  0.54852089E+000
  0.54852060E+000
  0.54852032E+000
  0.54852006E+000
  0.54851982E+000
  0.54851960E+000
  0.54851940E+000
  0.54851922E+000
  0.54851904E+000
  0.54851889E+000
  0.54851874E+000
  0.54851861E+000
  0.54851849E+000
  0.54851838E+000
  0.54851828E+000
  0.54851819E+000
  0.54851811E+000
  0.54851803E+000
  0.54851796E+000
  0.54851790E+000
  0.54851784E+000
  0.54851779E+000
  0.54851774E+000
  0.54851769E+000
  0.54851765E+000
  0.54851761E+000
  0.54851757E+000
  0.54851754E+000
  0.54851750E+000
  0.54851747E+000
  0.54851743E+000
  0.54851740E+000
  0.54851737E+000
  0.54851733E+000
  0.54851730E+000
  0.54851726E+000
  0.54851723E+000
  0.54851719E+000
  0.54851715E+000
  0.54851711E+000
  0.54851707E+000
  0.54851703E+000
  0.54851698E+000
  0.54851694E+000
  0.54851689E+000
  0.54851683E+000
  0.54851678E+000
  0.54851672E+000
  0.54851665E+000
  0.54851659E+000
  0.54851651E+000
  0.54851644E+000
  0.54851636E+000
  0.54851628E+000
  0.54851619E+000
  0.54851610E+000
  0.54851601E+000
  0.54851591E+000
  0.54851581E+000
  0.54851572E+000
  0.54851561E+000
  0.54851551E+000
  0.54851541E+000
  0.54851531E+000
  0.54851521E+000
  0.54851512E+000
  0.54851502E+000
  0.54851493E+000
  0.54851484E+000
  0.54851476E+000
  0.54851468E+000
  0.54851460E+000
  0.54851453E+000
  0.54851446E+000
  0.54851440E+000
  0.54851434E+000
  0.54851428E+000
  0.54851423E+000
  0.54851418E+000
  0.54851414E+000
  0.54851410E+000
  0.54851406E+000
  0.54851403E+000
  0.54851399E+000
  0.54851396E+000
  0.54851394E+000
  0.54851391E+000
  0.54851389E+000
  0.54851387E+000
  0.54851385E+000
  0.54851383E+000
  0.54851381E+000
  0.54851380E+000
  0.54851378E+000
  0.54851376E+000
  0.54851375E+000
  0.54851374E+000
  0.54851372E+000
  0.54851371E+000
  0.54851370E+000
  0.54851368E+000
  0.54851367E+000
  0.54851366E+000
  0.54851365E+000
  0.54851363E+000
  0.54851362E+000
  0.54851361E+000
  0.54851359E+000
  0.54851358E+000
  0.54851356E+000
  0.54851355E+000
  0.54851353E+000
  0.54851352E+000
  0.54851350E+000
  0.54851349E+000
  0.54851347E+000
  0.54851345E+000
  0.54851344E+000
  0.54851342E+000
  0.54851340E+000
  0.54851339E+000
  0.54851337E+000
  0.54851335E+000
  0.54851333E+000
  0.54851332E+000
  0.54851330E+000
  0.54851328E+000
  0.54851326E+000
  0.54851323E+000
  0.54851319E+000
  0.54851314E+000
  0.54851305E+000
  0.54851292E+000
  0.54851298E+000
  0.54851380E+000
