  0.14574639E+001
  0.14610386E+001
  0.14641889E+001
  0.14668790E+001
  0.14691624E+001
  0.14710969E+001
  0.14727346E+001
  0.14741199E+001
  0.14752911E+001
  0.14762808E+001
  0.14771167E+001
  0.14778222E+001
  0.14784172E+001
  0.14789188E+001
  0.14793414E+001
  0.14796970E+001
  0.14799961E+001
  0.14802473E+001
  0.14804580E+001
  0.14806346E+001
  0.14807825E+001
  0.14809061E+001
  0.14810093E+001
  0.14810955E+001
  0.14811674E+001
  0.14812274E+001
  0.14812774E+001
  0.14813192E+001
  0.14813542E+001
  0.14813836E+001
  0.14814085E+001
  0.14814296E+001
  0.14814477E+001
  0.14814634E+001
  0.14814771E+001
  0.14814893E+001
  0.14815003E+001
  0.14815103E+001
  0.14815196E+001
  0.14815283E+001
  0.14815366E+001
  0.14815446E+001
  0.14815525E+001
  0.14815602E+001
  0.14815679E+001
  0.14815755E+001
  0.14815833E+001
  0.14815911E+001
  0.14815991E+001
  0.14816072E+001
  0.14816155E+001
  0.14816241E+001
  0.14816329E+001
  0.14816419E+001
  0.14816511E+001
  0.14816607E+001
  0.14816705E+001
  0.14816806E+001
  0.14816909E+001
  0.14817015E+001
  0.14817124E+001
  0.14817235E+001
  0.14817349E+001
  0.14817465E+001
  0.14817584E+001
  0.14817704E+001
  0.14817827E+001
  0.14817952E+001
  0.14818079E+001
  0.14818207E+001
  0.14818338E+001
  0.14818470E+001
  0.14818604E+001
  0.14818740E+001
  0.14818877E+001
  0.14819016E+001
  0.14819156E+001
  0.14819298E+001
  0.14819441E+001
  0.14819585E+001
  0.14819731E+001
  0.14819878E+001
  0.14820026E+001
  0.14820175E+001
  0.14820325E+001
  0.14820476E+001
  0.14820628E+001
  0.14820781E+001
  0.14820934E+001
  0.14821088E+001
  0.14821243E+001
  0.14821398E+001
  0.14821554E+001
  0.14821709E+001
  0.14821865E+001
  0.14822021E+001
  0.14822178E+001
  0.14822334E+001
  0.14822490E+001
  0.14822646E+001
  0.14822801E+001
  0.14822956E+001
  0.14823111E+001
  0.14823265E+001
  0.14823418E+001
  0.14823571E+001
  0.14823723E+001
  0.14823875E+001
  0.14824025E+001
  0.14824174E+001
  0.14824323E+001
  0.14824470E+001
  0.14824616E+001
  0.14824761E+001
  0.14824904E+001
  0.14825047E+001
  0.14825188E+001
  0.14825327E+001
  0.14825465E+001
  0.14825602E+001
  0.14825737E+001
  0.14825870E+001
  0.14826002E+001
  0.14826132E+001
  0.14826260E+001
  0.14826387E+001
  0.14826512E+001
  0.14826635E+001
  0.14826757E+001
  0.14826877E+001
  0.14826995E+001
  0.14827111E+001
  0.14827225E+001
  0.14827338E+001
  0.14827448E+001
  0.14827557E+001
  0.14827664E+001
  0.14827769E+001
  0.14827872E+001
  0.14827974E+001
  0.14828073E+001
  0.14828171E+001
  0.14828267E+001
  0.14828361E+001
  0.14828453E+001
  0.14828544E+001
  0.14828633E+001
  0.14828720E+001
  0.14828805E+001
  0.14828888E+001
  0.14828970E+001
  0.14829050E+001
  0.14829128E+001
  0.14829204E+001
  0.14829279E+001
  0.14829352E+001
  0.14829424E+001
  0.14829494E+001
  0.14829562E+001
  0.14829629E+001
  0.14829694E+001
  0.14829757E+001
  0.14829819E+001
  0.14829880E+001
  0.14829939E+001
  0.14829997E+001
  0.14830053E+001
  0.14830108E+001
  0.14830161E+001
  0.14830214E+001
  0.14830264E+001
  0.14830314E+001
  0.14830362E+001
  0.14830409E+001
  0.14830455E+001
  0.14830499E+001
  0.14830542E+001
  0.14830584E+001
  0.14830625E+001
  0.14830665E+001
  0.14830704E+001
  0.14830742E+001
  0.14830778E+001
  0.14830814E+001
  0.14830848E+001
  0.14830882E+001
  0.14830915E+001
  0.14830946E+001
  0.14830977E+001
  0.14831007E+001
  0.14831036E+001
  0.14831064E+001
  0.14831091E+001
  0.14831118E+001
  0.14831143E+001
  0.14831168E+001
  0.14831192E+001
  0.14831216E+001
  0.14831238E+001
  0.14831260E+001
