 -0.54407526E-001  0.11072727E+000  0.19750858E+001  0.46358535E+002
 -0.54489261E-001  0.11030078E+000  0.19731325E+001  0.46333292E+002
 -0.54549846E-001  0.10996614E+000  0.19715245E+001  0.46311960E+002
 -0.54593888E-001  0.10970421E+000  0.19702112E+001  0.46293993E+002
 -0.54624918E-001  0.10950209E+000  0.19691450E+001  0.46278855E+002
 -0.54645787E-001  0.10934926E+000  0.19682866E+001  0.46266131E+002
 -0.54658735E-001  0.10923732E+000  0.19676022E+001  0.46255450E+002
 -0.54665539E-001  0.10915861E+000  0.19670639E+001  0.46246497E+002
 -0.54667613E-001  0.10910667E+000  0.19666483E+001  0.46239006E+002
 -0.54666079E-001  0.10907640E+000  0.19663350E+001  0.46232752E+002
 -0.54661830E-001  0.10906358E+000  0.19661071E+001  0.46227546E+002
 -0.54655578E-001  0.10906464E+000  0.19659504E+001  0.46223225E+002
 -0.54647885E-001  0.10907676E+000  0.19658529E+001  0.46219656E+002
 -0.54639198E-001  0.10909769E+000  0.19658049E+001  0.46216722E+002
 -0.54629870E-001  0.10912554E+000  0.19657978E+001  0.46214328E+002
 -0.54620177E-001  0.10915872E+000  0.19658248E+001  0.46212392E+002
 -0.54610335E-001  0.10919593E+000  0.19658800E+001  0.46210844E+002
 -0.54600512E-001  0.10923610E+000  0.19659584E+001  0.46209626E+002
 -0.54590835E-001  0.10927838E+000  0.19660560E+001  0.46208690E+002
 -0.54581399E-001  0.10932204E+000  0.19661693E+001  0.46207993E+002
 -0.54572276E-001  0.10936651E+000  0.19662953E+001  0.46207499E+002
 -0.54563515E-001  0.10941133E+000  0.19664316E+001  0.46207179E+002
 -0.54555151E-001  0.10945611E+000  0.19665761E+001  0.46207007E+002
 -0.54547204E-001  0.10950075E+000  0.19667267E+001  0.46206962E+002
 -0.54539685E-001  0.10954491E+000  0.19668822E+001  0.46207025E+002
 -0.54532595E-001  0.10958829E+000  0.19670412E+001  0.46207180E+002
 -0.54525930E-001  0.10963077E+000  0.19672028E+001  0.46207413E+002
 -0.54519680E-001  0.10967222E+000  0.19673658E+001  0.46207715E+002
 -0.54513830E-001  0.10971255E+000  0.19675296E+001  0.46208075E+002
 -0.54508365E-001  0.10975170E+000  0.19676933E+001  0.46208484E+002
 -0.54503265E-001  0.10978963E+000  0.19678564E+001  0.46208936E+002
 -0.54498509E-001  0.10982631E+000  0.19680184E+001  0.46209426E+002
 -0.54494076E-001  0.10986171E+000  0.19681788E+001  0.46209948E+002
 -0.54489943E-001  0.10989585E+000  0.19683371E+001  0.46210499E+002
 -0.54486089E-001  0.10992871E+000  0.19684932E+001  0.46211075E+002
 -0.54482492E-001  0.10996031E+000  0.19686465E+001  0.46211673E+002
 -0.54479131E-001  0.10999068E+000  0.19687969E+001  0.46212293E+002
 -0.54475985E-001  0.11001981E+000  0.19689442E+001  0.46212932E+002
 -0.54473035E-001  0.11004775E+000  0.19690882E+001  0.46213589E+002
 -0.54470264E-001  0.11007452E+000  0.19692286E+001  0.46214264E+002
 -0.54467656E-001  0.11010013E+000  0.19693654E+001  0.46214955E+002
 -0.54465196E-001  0.11012462E+000  0.19694985E+001  0.46215663E+002
 -0.54462870E-001  0.11014802E+000  0.19696278E+001  0.46216389E+002
 -0.54460666E-001  0.11017036E+000  0.19697533E+001  0.46217131E+002
 -0.54458574E-001  0.11019166E+000  0.19698748E+001  0.46217891E+002
 -0.54456585E-001  0.11021195E+000  0.19699925E+001  0.46218668E+002
 -0.54454691E-001  0.11023127E+000  0.19701062E+001  0.46219464E+002
 -0.54452885E-001  0.11024964E+000  0.19702160E+001  0.46220278E+002
 -0.54451161E-001  0.11026709E+000  0.19703220E+001  0.46221112E+002
 -0.54449514E-001  0.11028367E+000  0.19704242E+001  0.46221966E+002
 -0.54447941E-001  0.11029939E+000  0.19705227E+001  0.46222840E+002
 -0.54446436E-001  0.11031431E+000  0.19706176E+001  0.46223735E+002
 -0.54444997E-001  0.11032845E+000  0.19707088E+001  0.46224652E+002
 -0.54443619E-001  0.11034186E+000  0.19707967E+001  0.46225590E+002
 -0.54442302E-001  0.11035458E+000  0.19708812E+001  0.46226551E+002
 -0.54441040E-001  0.11036665E+000  0.19709626E+001  0.46227535E+002
 -0.54439833E-001  0.11037811E+000  0.19710410E+001  0.46228541E+002
 -0.54438677E-001  0.11038901E+000  0.19711165E+001  0.46229571E+002
 -0.54437569E-001  0.11039939E+000  0.19711893E+001  0.46230624E+002
 -0.54436507E-001  0.11040929E+000  0.19712596E+001  0.46231700E+002
 -0.54435489E-001  0.11041877E+000  0.19713275E+001  0.46232800E+002
 -0.54434512E-001  0.11042785E+000  0.19713933E+001  0.46233924E+002
 -0.54433574E-001  0.11043658E+000  0.19714570E+001  0.46235070E+002
 -0.54432672E-001  0.11044499E+000  0.19715190E+001  0.46236240E+002
 -0.54431805E-001  0.11045312E+000  0.19715794E+001  0.46237432E+002
 -0.54430971E-001  0.11046100E+000  0.19716382E+001  0.46238647E+002
 -0.54430168E-001  0.11046865E+000  0.19716958E+001  0.46239883E+002
 -0.54429394E-001  0.11047610E+000  0.19717523E+001  0.46241140E+002
 -0.54428648E-001  0.11048336E+000  0.19718079E+001  0.46242418E+002
 -0.54427928E-001  0.11049047E+000  0.19718626E+001  0.46243715E+002
 -0.54427232E-001  0.11049743E+000  0.19719166E+001  0.46245030E+002
 -0.54426561E-001  0.11050425E+000  0.19719702E+001  0.46246364E+002
 -0.54425912E-001  0.11051096E+000  0.19720233E+001  0.46247714E+002
 -0.54425284E-001  0.11051755E+000  0.19720762E+001  0.46249080E+002
 -0.54424676E-001  0.11052405E+000  0.19721290E+001  0.46250461E+002
 -0.54424087E-001  0.11053045E+000  0.19721817E+001  0.46251856E+002
 -0.54423515E-001  0.11053676E+000  0.19722344E+001  0.46253264E+002
 -0.54422960E-001  0.11054299E+000  0.19722873E+001  0.46254684E+002
 -0.54422421E-001  0.11054915E+000  0.19723404E+001  0.46256114E+002
 -0.54421896E-001  0.11055523E+000  0.19723938E+001  0.46257555E+002
 -0.54421385E-001  0.11056125E+000  0.19724476E+001  0.46259004E+002
 -0.54420887E-001  0.11056720E+000  0.19725018E+001  0.46260463E+002
 -0.54420400E-001  0.11057309E+000  0.19725564E+001  0.46261928E+002
 -0.54419924E-001  0.11057892E+000  0.19726116E+001  0.46263400E+002
 -0.54419459E-001  0.11058469E+000  0.19726673E+001  0.46264879E+002
 -0.54419003E-001  0.11059040E+000  0.19727235E+001  0.46266363E+002
 -0.54418557E-001  0.11059606E+000  0.19727802E+001  0.46267851E+002
 -0.54418119E-001  0.11060165E+000  0.19728375E+001  0.46269344E+002
 -0.54417690E-001  0.11060719E+000  0.19728953E+001  0.46270840E+002
 -0.54417269E-001  0.11061266E+000  0.19729536E+001  0.46272340E+002
 -0.54416856E-001  0.11061807E+000  0.19730124E+001  0.46273842E+002
 -0.54416451E-001  0.11062341E+000  0.19730716E+001  0.46275346E+002
 -0.54416054E-001  0.11062868E+000  0.19731312E+001  0.46276851E+002
 -0.54415665E-001  0.11063391E+000  0.19731912E+001  0.46278358E+002
 -0.54415283E-001  0.11063908E+000  0.19732514E+001  0.46279866E+002
 -0.54414909E-001  0.11064417E+000  0.19733118E+001  0.46281374E+002
 -0.54414543E-001  0.11064919E+000  0.19733723E+001  0.46282882E+002
 -0.54414185E-001  0.11065417E+000  0.19734329E+001  0.46284389E+002
 -0.54413834E-001  0.11065907E+000  0.19734936E+001  0.46285895E+002
 -0.54413491E-001  0.11066388E+000  0.19735542E+001  0.46287400E+002
 -0.54413156E-001  0.11066859E+000  0.19736147E+001  0.46288904E+002
 -0.54412829E-001  0.11067322E+000  0.19736750E+001  0.46290405E+002
 -0.54412509E-001  0.11067775E+000  0.19737350E+001  0.46291904E+002
 -0.54412198E-001  0.11068219E+000  0.19737947E+001  0.46293401E+002
 -0.54411894E-001  0.11068653E+000  0.19738541E+001  0.46294894E+002
 -0.54411597E-001  0.11069078E+000  0.19739129E+001  0.46296384E+002
 -0.54411308E-001  0.11069493E+000  0.19739713E+001  0.46297871E+002
 -0.54411026E-001  0.11069898E+000  0.19740291E+001  0.46299353E+002
 -0.54410752E-001  0.11070294E+000  0.19740862E+001  0.46300832E+002
 -0.54410484E-001  0.11070681E+000  0.19741427E+001  0.46302305E+002
 -0.54410224E-001  0.11071058E+000  0.19741984E+001  0.46303774E+002
 -0.54409970E-001  0.11071425E+000  0.19742534E+001  0.46305238E+002
 -0.54409724E-001  0.11071784E+000  0.19743075E+001  0.46306696E+002
 -0.54409483E-001  0.11072133E+000  0.19743608E+001  0.46308149E+002
 -0.54409249E-001  0.11072473E+000  0.19744131E+001  0.46309595E+002
 -0.54409022E-001  0.11072804E+000  0.19744646E+001  0.46311036E+002
 -0.54408800E-001  0.11073126E+000  0.19745151E+001  0.46312469E+002
 -0.54408585E-001  0.11073439E+000  0.19745646E+001  0.46313896E+002
 -0.54408375E-001  0.11073744E+000  0.19746130E+001  0.46315315E+002
 -0.54408172E-001  0.11074040E+000  0.19746605E+001  0.46316727E+002
 -0.54407974E-001  0.11074328E+000  0.19747069E+001  0.46318131E+002
 -0.54407781E-001  0.11074608E+000  0.19747523E+001  0.46319527E+002
 -0.54407594E-001  0.11074879E+000  0.19747967E+001  0.46320914E+002
 -0.54407413E-001  0.11075143E+000  0.19748399E+001  0.46322293E+002
 -0.54407236E-001  0.11075398E+000  0.19748821E+001  0.46323662E+002
 -0.54407065E-001  0.11075646E+000  0.19749232E+001  0.46325021E+002
 -0.54406899E-001  0.11075887E+000  0.19749632E+001  0.46326371E+002
 -0.54406738E-001  0.11076120E+000  0.19750022E+001  0.46327710E+002
 -0.54406582E-001  0.11076345E+000  0.19750401E+001  0.46329039E+002
 -0.54406430E-001  0.11076564E+000  0.19750769E+001  0.46330357E+002
 -0.54406284E-001  0.11076775E+000  0.19751126E+001  0.46331663E+002
 -0.54406142E-001  0.11076980E+000  0.19751474E+001  0.46332958E+002
 -0.54406005E-001  0.11077177E+000  0.19751810E+001  0.46334241E+002
 -0.54405872E-001  0.11077369E+000  0.19752137E+001  0.46335511E+002
 -0.54405744E-001  0.11077553E+000  0.19752453E+001  0.46336768E+002
 -0.54405620E-001  0.11077731E+000  0.19752760E+001  0.46338012E+002
 -0.54405501E-001  0.11077903E+000  0.19753056E+001  0.46339243E+002
 -0.54405385E-001  0.11078069E+000  0.19753343E+001  0.46340460E+002
 -0.54405274E-001  0.11078229E+000  0.19753620E+001  0.46341663E+002
 -0.54405167E-001  0.11078383E+000  0.19753888E+001  0.46342851E+002
 -0.54405064E-001  0.11078532E+000  0.19754147E+001  0.46344025E+002
 -0.54404964E-001  0.11078675E+000  0.19754397E+001  0.46345184E+002
 -0.54404868E-001  0.11078813E+000  0.19754638E+001  0.46346327E+002
 -0.54404776E-001  0.11078945E+000  0.19754870E+001  0.46347455E+002
 -0.54404687E-001  0.11079072E+000  0.19755095E+001  0.46348567E+002
 -0.54404602E-001  0.11079195E+000  0.19755311E+001  0.46349663E+002
 -0.54404520E-001  0.11079313E+000  0.19755519E+001  0.46350743E+002
 -0.54404442E-001  0.11079426E+000  0.19755719E+001  0.46351807E+002
 -0.54404366E-001  0.11079534E+000  0.19755912E+001  0.46352854E+002
 -0.54404294E-001  0.11079638E+000  0.19756097E+001  0.46353884E+002
 -0.54404224E-001  0.11079738E+000  0.19756275E+001  0.46354897E+002
 -0.54404157E-001  0.11079834E+000  0.19756446E+001  0.46355893E+002
 -0.54404093E-001  0.11079926E+000  0.19756611E+001  0.46356872E+002
 -0.54404032E-001  0.11080014E+000  0.19756770E+001  0.46357834E+002
 -0.54403973E-001  0.11080099E+000  0.19756922E+001  0.46358778E+002
 -0.54403917E-001  0.11080180E+000  0.19757068E+001  0.46359705E+002
 -0.54403863E-001  0.11080257E+000  0.19757208E+001  0.46360614E+002
 -0.54403811E-001  0.11080331E+000  0.19757342E+001  0.46361506E+002
 -0.54403762E-001  0.11080402E+000  0.19757471E+001  0.46362381E+002
 -0.54403715E-001  0.11080470E+000  0.19757595E+001  0.46363238E+002
 -0.54403670E-001  0.11080535E+000  0.19757713E+001  0.46364078E+002
 -0.54403626E-001  0.11080597E+000  0.19757826E+001  0.46364900E+002
 -0.54403585E-001  0.11080656E+000  0.19757935E+001  0.46365705E+002
 -0.54403546E-001  0.11080713E+000  0.19758038E+001  0.46366492E+002
 -0.54403508E-001  0.11080766E+000  0.19758138E+001  0.46367262E+002
 -0.54403473E-001  0.11080818E+000  0.19758232E+001  0.46368015E+002
 -0.54403439E-001  0.11080867E+000  0.19758323E+001  0.46368751E+002
 -0.54403406E-001  0.11080913E+000  0.19758410E+001  0.46369470E+002
 -0.54403375E-001  0.11080958E+000  0.19758493E+001  0.46370172E+002
 -0.54403346E-001  0.11081000E+000  0.19758572E+001  0.46370857E+002
 -0.54403318E-001  0.11081040E+000  0.19758647E+001  0.46371526E+002
 -0.54403291E-001  0.11081079E+000  0.19758719E+001  0.46372178E+002
 -0.54403266E-001  0.11081115E+000  0.19758788E+001  0.46372814E+002
 -0.54403242E-001  0.11081149E+000  0.19758853E+001  0.46373433E+002
 -0.54403219E-001  0.11081182E+000  0.19758916E+001  0.46374037E+002
 -0.54403198E-001  0.11081213E+000  0.19758975E+001  0.46374625E+002
 -0.54403178E-001  0.11081242E+000  0.19759032E+001  0.46375198E+002
 -0.54403158E-001  0.11081270E+000  0.19759086E+001  0.46375755E+002
 -0.54403140E-001  0.11081296E+000  0.19759137E+001  0.46376297E+002
 -0.54403123E-001  0.11081321E+000  0.19759185E+001  0.46376824E+002
 -0.54403107E-001  0.11081345E+000  0.19759232E+001  0.46377336E+002
 -0.54403092E-001  0.11081367E+000  0.19759276E+001  0.46377834E+002
 -0.54403077E-001  0.11081388E+000  0.19759317E+001  0.46378317E+002
 -0.54403064E-001  0.11081408E+000  0.19759357E+001  0.46378787E+002
 -0.54403051E-001  0.11081426E+000  0.19759394E+001  0.46379242E+002
 -0.54403039E-001  0.11081443E+000  0.19759430E+001  0.46379684E+002
 -0.54403028E-001  0.11081460E+000  0.19759464E+001  0.46380113E+002
 -0.54403017E-001  0.11081475E+000  0.19759496E+001  0.46380528E+002
 -0.54403007E-001  0.11081490E+000  0.19759526E+001  0.46380931E+002
 -0.54402998E-001  0.11081503E+000  0.19759554E+001  0.46381322E+002
 -0.54402990E-001  0.11081516E+000  0.19759581E+001  0.46381699E+002
 -0.54402982E-001  0.11081527E+000  0.19759607E+001  0.46382065E+002
 -0.54402974E-001  0.11081538E+000  0.19759631E+001  0.46382419E+002
 -0.54402967E-001  0.11081548E+000  0.19759654E+001  0.46382762E+002
 -0.54402961E-001  0.11081558E+000  0.19759675E+001  0.46383093E+002
 -0.54402955E-001  0.11081567E+000  0.19759695E+001  0.46383413E+002
 -0.54402950E-001  0.11081575E+000  0.19759714E+001  0.46383723E+002
 -0.54402945E-001  0.11081582E+000  0.19759731E+001  0.46384021E+002
 -0.54402940E-001  0.11081589E+000  0.19759748E+001  0.46384310E+002
 -0.54402937E-001  0.11081594E+000  0.19759763E+001  0.46384589E+002
