  0.65202877E+000
  0.65216819E+000
  0.65228421E+000
  0.65237957E+000
  0.65245805E+000
  0.65252259E+000
  0.65257553E+000
  0.65261882E+000
  0.65265406E+000
  0.65268259E+000
  0.65270551E+000
  0.65272375E+000
  0.65273809E+000
  0.65274917E+000
  0.65275754E+000
  0.65276365E+000
  0.65276789E+000
  0.65277058E+000
  0.65277198E+000
  0.65277232E+000
  0.65277179E+000
  0.65277056E+000
  0.65276876E+000
  0.65276651E+000
  0.65276391E+000
  0.65276104E+000
  0.65275797E+000
  0.65275477E+000
  0.65275147E+000
  0.65274814E+000
  0.65274480E+000
  0.65274148E+000
  0.65273821E+000
  0.65273501E+000
  0.65273190E+000
  0.65272889E+000
  0.65272599E+000
  0.65272321E+000
  0.65272055E+000
  0.65271802E+000
  0.65271561E+000
  0.65271334E+000
  0.65271118E+000
  0.65270916E+000
  0.65270725E+000
  0.65270545E+000
  0.65270377E+000
  0.65270219E+000
  0.65270072E+000
  0.65269934E+000
  0.65269804E+000
  0.65269684E+000
  0.65269571E+000
  0.65269465E+000
  0.65269367E+000
  0.65269275E+000
  0.65269189E+000
  0.65269109E+000
  0.65269034E+000
  0.65268964E+000
  0.65268899E+000
  0.65268838E+000
  0.65268782E+000
  0.65268729E+000
  0.65268680E+000
  0.65268634E+000
  0.65268592E+000
  0.65268553E+000
  0.65268516E+000
  0.65268483E+000
  0.65268452E+000
  0.65268423E+000
  0.65268397E+000
  0.65268373E+000
  0.65268351E+000
  0.65268331E+000
  0.65268313E+000
  0.65268296E+000
  0.65268281E+000
  0.65268267E+000
  0.65268255E+000
  0.65268244E+000
  0.65268233E+000
  0.65268224E+000
  0.65268215E+000
  0.65268208E+000
  0.65268201E+000
  0.65268194E+000
  0.65268188E+000
  0.65268183E+000
  0.65268177E+000
  0.65268173E+000
  0.65268168E+000
  0.65268164E+000
  0.65268159E+000
  0.65268155E+000
  0.65268151E+000
  0.65268147E+000
  0.65268143E+000
  0.65268140E+000
  0.65268136E+000
  0.65268132E+000
  0.65268127E+000
  0.65268123E+000
  0.65268119E+000
  0.65268114E+000
  0.65268110E+000
  0.65268105E+000
  0.65268099E+000
  0.65268094E+000
  0.65268088E+000
  0.65268082E+000
  0.65268075E+000
  0.65268068E+000
  0.65268061E+000
  0.65268053E+000
  0.65268045E+000
  0.65268036E+000
  0.65268026E+000
  0.65268017E+000
  0.65268006E+000
  0.65267995E+000
  0.65267984E+000
  0.65267973E+000
  0.65267961E+000
  0.65267949E+000
  0.65267937E+000
  0.65267925E+000
  0.65267913E+000
  0.65267901E+000
  0.65267889E+000
  0.65267878E+000
  0.65267867E+000
  0.65267856E+000
  0.65267846E+000
  0.65267836E+000
  0.65267827E+000
  0.65267818E+000
  0.65267809E+000
  0.65267802E+000
  0.65267794E+000
  0.65267788E+000
  0.65267781E+000
  0.65267776E+000
  0.65267770E+000
  0.65267766E+000
  0.65267761E+000
  0.65267757E+000
  0.65267753E+000
  0.65267750E+000
  0.65267747E+000
  0.65267744E+000
  0.65267742E+000
  0.65267739E+000
  0.65267737E+000
  0.65267735E+000
  0.65267734E+000
  0.65267732E+000
  0.65267730E+000
  0.65267729E+000
  0.65267728E+000
  0.65267726E+000
  0.65267725E+000
  0.65267724E+000
  0.65267723E+000
  0.65267722E+000
  0.65267721E+000
  0.65267720E+000
  0.65267718E+000
  0.65267717E+000
  0.65267716E+000
  0.65267715E+000
  0.65267714E+000
  0.65267712E+000
  0.65267711E+000
  0.65267709E+000
  0.65267708E+000
  0.65267706E+000
  0.65267704E+000
  0.65267703E+000
  0.65267701E+000
  0.65267699E+000
  0.65267697E+000
  0.65267695E+000
  0.65267693E+000
  0.65267691E+000
  0.65267688E+000
  0.65267686E+000
  0.65267684E+000
  0.65267681E+000
  0.65267678E+000
  0.65267675E+000
  0.65267671E+000
  0.65267667E+000
  0.65267660E+000
  0.65267652E+000
  0.65267639E+000
  0.65267619E+000
  0.65267628E+000
  0.65267734E+000
