  0.83494699E+000
  0.83519257E+000
  0.83538134E+000
  0.83553183E+000
  0.83565370E+000
  0.83575290E+000
  0.83583404E+000
  0.83590063E+000
  0.83595522E+000
  0.83599981E+000
  0.83603622E+000
  0.83606578E+000
  0.83608967E+000
  0.83610877E+000
  0.83612383E+000
  0.83613550E+000
  0.83614433E+000
  0.83615075E+000
  0.83615518E+000
  0.83615794E+000
  0.83615928E+000
  0.83615945E+000
  0.83615865E+000
  0.83615705E+000
  0.83615478E+000
  0.83615197E+000
  0.83614873E+000
  0.83614513E+000
  0.83614127E+000
  0.83613720E+000
  0.83613298E+000
  0.83612865E+000
  0.83612427E+000
  0.83611985E+000
  0.83611544E+000
  0.83611106E+000
  0.83610671E+000
  0.83610244E+000
  0.83609823E+000
  0.83609412E+000
  0.83609010E+000
  0.83608619E+000
  0.83608238E+000
  0.83607868E+000
  0.83607510E+000
  0.83607164E+000
  0.83606829E+000
  0.83606506E+000
  0.83606195E+000
  0.83605896E+000
  0.83605607E+000
  0.83605330E+000
  0.83605064E+000
  0.83604808E+000
  0.83604563E+000
  0.83604328E+000
  0.83604103E+000
  0.83603887E+000
  0.83603679E+000
  0.83603481E+000
  0.83603291E+000
  0.83603108E+000
  0.83602934E+000
  0.83602766E+000
  0.83602605E+000
  0.83602450E+000
  0.83602301E+000
  0.83602158E+000
  0.83602021E+000
  0.83601888E+000
  0.83601761E+000
  0.83601638E+000
  0.83601519E+000
  0.83601404E+000
  0.83601293E+000
  0.83601185E+000
  0.83601080E+000
  0.83600978E+000
  0.83600879E+000
  0.83600783E+000
  0.83600688E+000
  0.83600596E+000
  0.83600505E+000
  0.83600416E+000
  0.83600328E+000
  0.83600241E+000
  0.83600155E+000
  0.83600070E+000
  0.83599986E+000
  0.83599902E+000
  0.83599818E+000
  0.83599734E+000
  0.83599650E+000
  0.83599567E+000
  0.83599482E+000
  0.83599398E+000
  0.83599313E+000
  0.83599227E+000
  0.83599140E+000
  0.83599053E+000
  0.83598964E+000
  0.83598875E+000
  0.83598785E+000
  0.83598693E+000
  0.83598601E+000
  0.83598507E+000
  0.83598412E+000
  0.83598317E+000
  0.83598220E+000
  0.83598121E+000
  0.83598022E+000
  0.83597922E+000
  0.83597821E+000
  0.83597719E+000
  0.83597616E+000
  0.83597513E+000
  0.83597409E+000
  0.83597305E+000
  0.83597200E+000
  0.83597096E+000
  0.83596991E+000
  0.83596886E+000
  0.83596782E+000
  0.83596678E+000
  0.83596575E+000
  0.83596473E+000
  0.83596372E+000
  0.83596272E+000
  0.83596173E+000
  0.83596076E+000
  0.83595981E+000
  0.83595888E+000
  0.83595797E+000
  0.83595708E+000
  0.83595621E+000
  0.83595537E+000
  0.83595456E+000
  0.83595378E+000
  0.83595302E+000
  0.83595230E+000
  0.83595160E+000
  0.83595093E+000
  0.83595030E+000
  0.83594969E+000
  0.83594912E+000
  0.83594857E+000
  0.83594805E+000
  0.83594756E+000
  0.83594710E+000
  0.83594667E+000
  0.83594626E+000
  0.83594588E+000
  0.83594553E+000
  0.83594519E+000
  0.83594488E+000
  0.83594459E+000
  0.83594432E+000
  0.83594407E+000
  0.83594384E+000
  0.83594363E+000
  0.83594343E+000
  0.83594324E+000
  0.83594308E+000
  0.83594292E+000
  0.83594278E+000
  0.83594265E+000
  0.83594253E+000
  0.83594242E+000
  0.83594232E+000
  0.83594222E+000
  0.83594214E+000
  0.83594206E+000
  0.83594200E+000
  0.83594193E+000
  0.83594188E+000
  0.83594183E+000
  0.83594178E+000
  0.83594174E+000
  0.83594170E+000
  0.83594167E+000
  0.83594164E+000
  0.83594161E+000
  0.83594158E+000
  0.83594156E+000
  0.83594154E+000
  0.83594152E+000
  0.83594151E+000
  0.83594149E+000
  0.83594148E+000
  0.83594147E+000
  0.83594146E+000
  0.83594145E+000
  0.83594144E+000
  0.83594143E+000
  0.83594142E+000
  0.83594142E+000
  0.83594142E+000
  0.83594142E+000
  0.83594141E+000
  0.83594135E+000
