  0.13729477E+002
  0.13719242E+002
  0.13710478E+002
  0.13703005E+002
  0.13696625E+002
  0.13691170E+002
  0.13686494E+002
  0.13682477E+002
  0.13679016E+002
  0.13676022E+002
  0.13673425E+002
  0.13671161E+002
  0.13669178E+002
  0.13667432E+002
  0.13665887E+002
  0.13664510E+002
  0.13663276E+002
  0.13662162E+002
  0.13661149E+002
  0.13660221E+002
  0.13659364E+002
  0.13658567E+002
  0.13657819E+002
  0.13657111E+002
  0.13656437E+002
  0.13655790E+002
  0.13655165E+002
  0.13654557E+002
  0.13653962E+002
  0.13653377E+002
  0.13652798E+002
  0.13652224E+002
  0.13651652E+002
  0.13651081E+002
  0.13650509E+002
  0.13649936E+002
  0.13649360E+002
  0.13648781E+002
  0.13648198E+002
  0.13647612E+002
  0.13647022E+002
  0.13646429E+002
  0.13645833E+002
  0.13645235E+002
  0.13644635E+002
  0.13644034E+002
  0.13643433E+002
  0.13642833E+002
  0.13642236E+002
  0.13641642E+002
  0.13641054E+002
  0.13640473E+002
  0.13639901E+002
  0.13639339E+002
  0.13638789E+002
  0.13638254E+002
  0.13637735E+002
  0.13637235E+002
  0.13636755E+002
  0.13636298E+002
  0.13635866E+002
  0.13635461E+002
  0.13635086E+002
  0.13634742E+002
  0.13634431E+002
  0.13634156E+002
  0.13633918E+002
  0.13633719E+002
  0.13633560E+002
  0.13633444E+002
  0.13633371E+002
  0.13633342E+002
  0.13633358E+002
  0.13633421E+002
  0.13633531E+002
  0.13633688E+002
  0.13633894E+002
  0.13634148E+002
  0.13634450E+002
  0.13634801E+002
  0.13635200E+002
  0.13635646E+002
  0.13636139E+002
  0.13636678E+002
  0.13637262E+002
  0.13637890E+002
  0.13638560E+002
  0.13639271E+002
  0.13640022E+002
  0.13640810E+002
  0.13641634E+002
  0.13642492E+002
  0.13643382E+002
  0.13644302E+002
  0.13645250E+002
  0.13646224E+002
  0.13647221E+002
  0.13648240E+002
  0.13649278E+002
  0.13650333E+002
  0.13651404E+002
  0.13652488E+002
  0.13653583E+002
  0.13654688E+002
  0.13655800E+002
  0.13656918E+002
  0.13658041E+002
  0.13659166E+002
  0.13660292E+002
  0.13661418E+002
  0.13662542E+002
  0.13663664E+002
  0.13664782E+002
  0.13665894E+002
  0.13667001E+002
  0.13668101E+002
  0.13669194E+002
  0.13670278E+002
  0.13671353E+002
  0.13672419E+002
  0.13673474E+002
  0.13674519E+002
  0.13675553E+002
  0.13676575E+002
  0.13677586E+002
  0.13678584E+002
  0.13679571E+002
  0.13680544E+002
  0.13681505E+002
  0.13682453E+002
  0.13683388E+002
  0.13684310E+002
  0.13685218E+002
  0.13686113E+002
  0.13686994E+002
  0.13687862E+002
  0.13688717E+002
  0.13689557E+002
  0.13690384E+002
  0.13691198E+002
  0.13691998E+002
  0.13692784E+002
  0.13693556E+002
  0.13694315E+002
  0.13695061E+002
  0.13695793E+002
  0.13696511E+002
  0.13697216E+002
  0.13697908E+002
  0.13698587E+002
  0.13699252E+002
  0.13699905E+002
  0.13700544E+002
  0.13701171E+002
  0.13701785E+002
  0.13702386E+002
  0.13702975E+002
  0.13703552E+002
  0.13704116E+002
  0.13704668E+002
  0.13705207E+002
  0.13705735E+002
  0.13706252E+002
  0.13706756E+002
  0.13707249E+002
  0.13707731E+002
  0.13708202E+002
  0.13708662E+002
  0.13709110E+002
  0.13709548E+002
  0.13709976E+002
  0.13710393E+002
  0.13710800E+002
  0.13711197E+002
  0.13711583E+002
  0.13711961E+002
  0.13712328E+002
  0.13712686E+002
  0.13713035E+002
  0.13713375E+002
  0.13713705E+002
  0.13714028E+002
  0.13714341E+002
  0.13714646E+002
  0.13714943E+002
  0.13715231E+002
  0.13715512E+002
  0.13715785E+002
  0.13716050E+002
  0.13716308E+002
  0.13716558E+002
  0.13716802E+002
  0.13717038E+002
  0.13717267E+002
  0.13717490E+002
  0.13717707E+002
  0.13717916E+002
  0.13718120E+002
  0.13718318E+002
  0.13718509E+002
