  0.46506690E+000
  0.46568867E+000
  0.46590797E+000
  0.46598063E+000
  0.46599447E+000
  0.46598454E+000
  0.46596598E+000
  0.46594513E+000
  0.46592425E+000
  0.46590388E+000
  0.46588384E+000
  0.46586388E+000
  0.46584372E+000
  0.46582302E+000
  0.46580166E+000
  0.46577958E+000
  0.46575675E+000
  0.46573328E+000
  0.46570928E+000
  0.46568486E+000
  0.46566013E+000
  0.46563520E+000
  0.46561019E+000
  0.46558520E+000
  0.46556034E+000
  0.46553571E+000
  0.46551140E+000
  0.46548749E+000
  0.46546406E+000
  0.46544119E+000
  0.46541893E+000
  0.46539736E+000
  0.46537652E+000
  0.46535647E+000
  0.46533723E+000
  0.46531885E+000
  0.46530134E+000
  0.46528473E+000
  0.46526904E+000
  0.46525425E+000
  0.46524037E+000
  0.46522738E+000
  0.46521527E+000
  0.46520401E+000
  0.46519358E+000
  0.46518394E+000
  0.46517504E+000
  0.46516686E+000
  0.46515934E+000
  0.46515244E+000
  0.46514612E+000
  0.46514032E+000
  0.46513501E+000
  0.46513013E+000
  0.46512566E+000
  0.46512154E+000
  0.46511775E+000
  0.46511426E+000
  0.46511102E+000
  0.46510802E+000
  0.46510524E+000
  0.46510265E+000
  0.46510024E+000
  0.46509799E+000
  0.46509590E+000
  0.46509394E+000
  0.46509212E+000
  0.46509042E+000
  0.46508884E+000
  0.46508737E+000
  0.46508601E+000
  0.46508475E+000
  0.46508359E+000
  0.46508252E+000
  0.46508154E+000
  0.46508064E+000
  0.46507983E+000
  0.46507908E+000
  0.46507841E+000
  0.46507780E+000
  0.46507725E+000
  0.46507675E+000
  0.46507631E+000
  0.46507591E+000
  0.46507555E+000
  0.46507523E+000
  0.46507495E+000
  0.46507469E+000
  0.46507446E+000
  0.46507426E+000
  0.46507407E+000
  0.46507390E+000
  0.46507375E+000
  0.46507361E+000
  0.46507348E+000
  0.46507335E+000
  0.46507324E+000
  0.46507313E+000
  0.46507302E+000
  0.46507292E+000
  0.46507281E+000
  0.46507271E+000
  0.46507261E+000
  0.46507251E+000
  0.46507241E+000
  0.46507231E+000
  0.46507221E+000
  0.46507211E+000
  0.46507201E+000
  0.46507190E+000
  0.46507180E+000
  0.46507170E+000
  0.46507160E+000
  0.46507149E+000
  0.46507139E+000
  0.46507129E+000
  0.46507119E+000
  0.46507109E+000
  0.46507099E+000
  0.46507089E+000
  0.46507080E+000
  0.46507070E+000
  0.46507061E+000
  0.46507053E+000
  0.46507044E+000
  0.46507036E+000
  0.46507028E+000
  0.46507020E+000
  0.46507012E+000
  0.46507005E+000
  0.46506999E+000
  0.46506992E+000
  0.46506986E+000
  0.46506980E+000
  0.46506975E+000
  0.46506970E+000
  0.46506965E+000
  0.46506961E+000
  0.46506957E+000
  0.46506953E+000
  0.46506950E+000
  0.46506947E+000
  0.46506944E+000
  0.46506941E+000
  0.46506939E+000
  0.46506937E+000
  0.46506935E+000
  0.46506933E+000
  0.46506932E+000
  0.46506931E+000
  0.46506929E+000
  0.46506928E+000
  0.46506927E+000
  0.46506926E+000
  0.46506925E+000
  0.46506924E+000
  0.46506923E+000
  0.46506921E+000
  0.46506920E+000
  0.46506919E+000
  0.46506917E+000
  0.46506915E+000
  0.46506913E+000
  0.46506911E+000
  0.46506909E+000
  0.46506907E+000
  0.46506904E+000
  0.46506901E+000
  0.46506898E+000
  0.46506895E+000
  0.46506891E+000
  0.46506888E+000
  0.46506884E+000
  0.46506880E+000
  0.46506876E+000
  0.46506871E+000
  0.46506867E+000
  0.46506862E+000
  0.46506857E+000
  0.46506853E+000
  0.46506848E+000
  0.46506843E+000
  0.46506838E+000
  0.46506833E+000
  0.46506828E+000
  0.46506823E+000
  0.46506818E+000
  0.46506813E+000
  0.46506809E+000
  0.46506804E+000
  0.46506799E+000
  0.46506794E+000
  0.46506788E+000
  0.46506782E+000
  0.46506775E+000
  0.46506766E+000
  0.46506751E+000
  0.46506730E+000
  0.46506688E+000
  0.46506645E+000
