  0.65830646E-006
  0.65861154E-006
  0.65888567E-006
  0.65910923E-006
  0.65928259E-006
  0.65941237E-006
  0.65950608E-006
  0.65957055E-006
  0.65961146E-006
  0.65963349E-006
  0.65964042E-006
  0.65963532E-006
  0.65962070E-006
  0.65959859E-006
  0.65957064E-006
  0.65953821E-006
  0.65950242E-006
  0.65946415E-006
  0.65942415E-006
  0.65938302E-006
  0.65934124E-006
  0.65929921E-006
  0.65925725E-006
  0.65921561E-006
  0.65917451E-006
  0.65913411E-006
  0.65909455E-006
  0.65905594E-006
  0.65901837E-006
  0.65898190E-006
  0.65894658E-006
  0.65891247E-006
  0.65887959E-006
  0.65884798E-006
  0.65881764E-006
  0.65878860E-006
  0.65876087E-006
  0.65873444E-006
  0.65870932E-006
  0.65868550E-006
  0.65866298E-006
  0.65864174E-006
  0.65862176E-006
  0.65860303E-006
  0.65858552E-006
  0.65856919E-006
  0.65855402E-006
  0.65853996E-006
  0.65852696E-006
  0.65851499E-006
  0.65850399E-006
  0.65849391E-006
  0.65848469E-006
  0.65847627E-006
  0.65846859E-006
  0.65846161E-006
  0.65845524E-006
  0.65844946E-006
  0.65844418E-006
  0.65843937E-006
  0.65843497E-006
  0.65843093E-006
  0.65842722E-006
  0.65842378E-006
  0.65842058E-006
  0.65841759E-006
  0.65841478E-006
  0.65841211E-006
  0.65840958E-006
  0.65840714E-006
  0.65840479E-006
  0.65840251E-006
  0.65840029E-006
  0.65839811E-006
  0.65839596E-006
  0.65839383E-006
  0.65839172E-006
  0.65838963E-006
  0.65838753E-006
  0.65838544E-006
  0.65838335E-006
  0.65838125E-006
  0.65837915E-006
  0.65837704E-006
  0.65837493E-006
  0.65837281E-006
  0.65837069E-006
  0.65836856E-006
  0.65836642E-006
  0.65836428E-006
  0.65836214E-006
  0.65836000E-006
  0.65835786E-006
  0.65835572E-006
  0.65835358E-006
  0.65835144E-006
  0.65834931E-006
  0.65834719E-006
  0.65834507E-006
  0.65834296E-006
  0.65834086E-006
  0.65833877E-006
  0.65833669E-006
  0.65833463E-006
  0.65833258E-006
  0.65833054E-006
  0.65832853E-006
  0.65832653E-006
  0.65832455E-006
  0.65832259E-006
  0.65832066E-006
  0.65831875E-006
  0.65831687E-006
  0.65831501E-006
  0.65831319E-006
  0.65831140E-006
  0.65830965E-006
  0.65830793E-006
  0.65830625E-006
  0.65830462E-006
  0.65830303E-006
  0.65830149E-006
  0.65830000E-006
  0.65829857E-006
  0.65829719E-006
  0.65829587E-006
  0.65829461E-006
  0.65829341E-006
  0.65829227E-006
  0.65829120E-006
  0.65829019E-006
  0.65828925E-006
  0.65828838E-006
  0.65828757E-006
  0.65828683E-006
  0.65828616E-006
  0.65828555E-006
  0.65828501E-006
  0.65828452E-006
  0.65828410E-006
  0.65828373E-006
  0.65828342E-006
  0.65828317E-006
  0.65828297E-006
  0.65828282E-006
  0.65828271E-006
  0.65828266E-006
  0.65828264E-006
  0.65828267E-006
  0.65828273E-006
  0.65828283E-006
  0.65828297E-006
  0.65828313E-006
  0.65828332E-006
  0.65828354E-006
  0.65828378E-006
  0.65828404E-006
  0.65828432E-006
  0.65828461E-006
  0.65828491E-006
  0.65828522E-006
  0.65828553E-006
  0.65828583E-006
  0.65828614E-006
  0.65828644E-006
  0.65828673E-006
  0.65828700E-006
  0.65828726E-006
  0.65828750E-006
  0.65828772E-006
  0.65828791E-006
  0.65828809E-006
  0.65828823E-006
  0.65828835E-006
  0.65828844E-006
  0.65828850E-006
  0.65828853E-006
  0.65828853E-006
  0.65828851E-006
  0.65828846E-006
  0.65828839E-006
  0.65828830E-006
  0.65828818E-006
  0.65828805E-006
  0.65828790E-006
  0.65828774E-006
  0.65828757E-006
  0.65828739E-006
  0.65828720E-006
  0.65828702E-006
  0.65828683E-006
  0.65828665E-006
  0.65828647E-006
  0.65828631E-006
  0.65828617E-006
  0.65828602E-006
  0.65828586E-006
  0.65828561E-006
  0.65828531E-006
  0.65828497E-006
