  0.58783639E+000
  0.58784988E+000
  0.58786350E+000
  0.58787673E+000
  0.58788931E+000
  0.58790111E+000
  0.58791208E+000
  0.58792221E+000
  0.58793152E+000
  0.58794006E+000
  0.58794788E+000
  0.58795504E+000
  0.58796161E+000
  0.58796764E+000
  0.58797319E+000
  0.58797831E+000
  0.58798305E+000
  0.58798744E+000
  0.58799153E+000
  0.58799535E+000
  0.58799892E+000
  0.58800227E+000
  0.58800543E+000
  0.58800840E+000
  0.58801121E+000
  0.58801387E+000
  0.58801638E+000
  0.58801877E+000
  0.58802103E+000
  0.58802317E+000
  0.58802520E+000
  0.58802712E+000
  0.58802894E+000
  0.58803065E+000
  0.58803225E+000
  0.58803375E+000
  0.58803515E+000
  0.58803645E+000
  0.58803763E+000
  0.58803871E+000
  0.58803969E+000
  0.58804055E+000
  0.58804130E+000
  0.58804194E+000
  0.58804246E+000
  0.58804287E+000
  0.58804316E+000
  0.58804333E+000
  0.58804337E+000
  0.58804329E+000
  0.58804309E+000
  0.58804277E+000
  0.58804231E+000
  0.58804173E+000
  0.58804102E+000
  0.58804018E+000
  0.58803921E+000
  0.58803812E+000
  0.58803689E+000
  0.58803554E+000
  0.58803406E+000
  0.58803246E+000
  0.58803073E+000
  0.58802888E+000
  0.58802691E+000
  0.58802483E+000
  0.58802263E+000
  0.58802032E+000
  0.58801790E+000
  0.58801538E+000
  0.58801277E+000
  0.58801006E+000
  0.58800726E+000
  0.58800437E+000
  0.58800141E+000
  0.58799838E+000
  0.58799527E+000
  0.58799211E+000
  0.58798889E+000
  0.58798561E+000
  0.58798229E+000
  0.58797893E+000
  0.58797554E+000
  0.58797212E+000
  0.58796867E+000
  0.58796521E+000
  0.58796173E+000
  0.58795824E+000
  0.58795475E+000
  0.58795126E+000
  0.58794778E+000
  0.58794430E+000
  0.58794084E+000
  0.58793740E+000
  0.58793398E+000
  0.58793059E+000
  0.58792722E+000
  0.58792388E+000
  0.58792058E+000
  0.58791731E+000
  0.58791409E+000
  0.58791091E+000
  0.58790777E+000
  0.58790467E+000
  0.58790163E+000
  0.58789863E+000
  0.58789569E+000
  0.58789279E+000
  0.58788995E+000
  0.58788717E+000
  0.58788444E+000
  0.58788176E+000
  0.58787914E+000
  0.58787658E+000
  0.58787407E+000
  0.58787162E+000
  0.58786923E+000
  0.58786690E+000
  0.58786462E+000
  0.58786240E+000
  0.58786024E+000
  0.58785813E+000
  0.58785608E+000
  0.58785408E+000
  0.58785214E+000
  0.58785025E+000
  0.58784842E+000
  0.58784664E+000
  0.58784491E+000
  0.58784323E+000
  0.58784160E+000
  0.58784002E+000
  0.58783849E+000
  0.58783701E+000
  0.58783558E+000
  0.58783419E+000
  0.58783284E+000
  0.58783154E+000
  0.58783028E+000
  0.58782906E+000
  0.58782789E+000
  0.58782675E+000
  0.58782565E+000
  0.58782459E+000
  0.58782356E+000
  0.58782257E+000
  0.58782162E+000
  0.58782070E+000
  0.58781981E+000
  0.58781895E+000
  0.58781812E+000
  0.58781733E+000
  0.58781656E+000
  0.58781582E+000
  0.58781510E+000
  0.58781442E+000
  0.58781375E+000
  0.58781312E+000
  0.58781250E+000
  0.58781191E+000
  0.58781134E+000
  0.58781079E+000
  0.58781026E+000
  0.58780976E+000
  0.58780927E+000
  0.58780880E+000
  0.58780834E+000
  0.58780791E+000
  0.58780749E+000
  0.58780708E+000
  0.58780670E+000
  0.58780632E+000
  0.58780596E+000
  0.58780562E+000
  0.58780529E+000
  0.58780497E+000
  0.58780466E+000
  0.58780436E+000
  0.58780408E+000
  0.58780380E+000
  0.58780354E+000
  0.58780329E+000
  0.58780304E+000
  0.58780281E+000
  0.58780258E+000
  0.58780236E+000
  0.58780216E+000
  0.58780195E+000
  0.58780176E+000
  0.58780157E+000
  0.58780139E+000
  0.58780122E+000
  0.58780105E+000
  0.58780088E+000
  0.58780073E+000
  0.58780057E+000
  0.58780042E+000
  0.58780028E+000
  0.58780014E+000
  0.58780001E+000
