  0.31902901E+000
  0.31974386E+000
  0.32019837E+000
  0.32048700E+000
  0.32066756E+000
  0.32077650E+000
  0.32083747E+000
  0.32086609E+000
  0.32087294E+000
  0.32086527E+000
  0.32084812E+000
  0.32082499E+000
  0.32079837E+000
  0.32076999E+000
  0.32074106E+000
  0.32071242E+000
  0.32068462E+000
  0.32065804E+000
  0.32063289E+000
  0.32060928E+000
  0.32058724E+000
  0.32056674E+000
  0.32054770E+000
  0.32053004E+000
  0.32051363E+000
  0.32049835E+000
  0.32048406E+000
  0.32047062E+000
  0.32045791E+000
  0.32044578E+000
  0.32043412E+000
  0.32042282E+000
  0.32041178E+000
  0.32040089E+000
  0.32039008E+000
  0.32037927E+000
  0.32036841E+000
  0.32035745E+000
  0.32034634E+000
  0.32033505E+000
  0.32032355E+000
  0.32031184E+000
  0.32029989E+000
  0.32028769E+000
  0.32027524E+000
  0.32026253E+000
  0.32024957E+000
  0.32023633E+000
  0.32022282E+000
  0.32020902E+000
  0.32019494E+000
  0.32018054E+000
  0.32016583E+000
  0.32015078E+000
  0.32013537E+000
  0.32011958E+000
  0.32010339E+000
  0.32008678E+000
  0.32006973E+000
  0.32005222E+000
  0.32003423E+000
  0.32001574E+000
  0.31999675E+000
  0.31997725E+000
  0.31995724E+000
  0.31993673E+000
  0.31991572E+000
  0.31989423E+000
  0.31987228E+000
  0.31984989E+000
  0.31982708E+000
  0.31980389E+000
  0.31978035E+000
  0.31975648E+000
  0.31973234E+000
  0.31970798E+000
  0.31968344E+000
  0.31965878E+000
  0.31963409E+000
  0.31960943E+000
  0.31958486E+000
  0.31956045E+000
  0.31953626E+000
  0.31951237E+000
  0.31948884E+000
  0.31946572E+000
  0.31944308E+000
  0.31942097E+000
  0.31939943E+000
  0.31937851E+000
  0.31935825E+000
  0.31933868E+000
  0.31931982E+000
  0.31930169E+000
  0.31928431E+000
  0.31926767E+000
  0.31925579E+000
  0.31924981E+000
  0.31924550E+000
  0.31924159E+000
  0.31923770E+000
  0.31923373E+000
  0.31922966E+000
  0.31922550E+000
  0.31922126E+000
  0.31921695E+000
  0.31921259E+000
  0.31920819E+000
  0.31920376E+000
  0.31919932E+000
  0.31919488E+000
  0.31919044E+000
  0.31918602E+000
  0.31918163E+000
  0.31917727E+000
  0.31917295E+000
  0.31916869E+000
  0.31916447E+000
  0.31916032E+000
  0.31915623E+000
  0.31915221E+000
  0.31914826E+000
  0.31914439E+000
  0.31914059E+000
  0.31913688E+000
  0.31913325E+000
  0.31912970E+000
  0.31912623E+000
  0.31912285E+000
  0.31911955E+000
  0.31911634E+000
  0.31911321E+000
  0.31911016E+000
  0.31910720E+000
  0.31910433E+000
  0.31910153E+000
  0.31909881E+000
  0.31909618E+000
  0.31909362E+000
  0.31909114E+000
  0.31908874E+000
  0.31908641E+000
  0.31908415E+000
  0.31908196E+000
  0.31907985E+000
  0.31907780E+000
  0.31907582E+000
  0.31907391E+000
  0.31907206E+000
  0.31907027E+000
  0.31906854E+000
  0.31906687E+000
  0.31906526E+000
  0.31906370E+000
  0.31906220E+000
  0.31906075E+000
  0.31905935E+000
  0.31905801E+000
  0.31905671E+000
  0.31905546E+000
  0.31905425E+000
  0.31905309E+000
  0.31905197E+000
  0.31905089E+000
  0.31904985E+000
  0.31904885E+000
  0.31904789E+000
  0.31904696E+000
  0.31904607E+000
  0.31904521E+000
  0.31904439E+000
  0.31904359E+000
  0.31904283E+000
  0.31904210E+000
  0.31904140E+000
  0.31904072E+000
  0.31904007E+000
  0.31903944E+000
  0.31903884E+000
  0.31903827E+000
  0.31903771E+000
  0.31903718E+000
  0.31903667E+000
  0.31903618E+000
  0.31903571E+000
  0.31903526E+000
  0.31903483E+000
  0.31903441E+000
  0.31903402E+000
  0.31903363E+000
  0.31903327E+000
  0.31903292E+000
  0.31903258E+000
  0.31903226E+000
  0.31903195E+000
  0.31903165E+000
  0.31903137E+000
  0.31903110E+000
  0.31903083E+000
  0.31903058E+000
