  0.29050232E+000
  0.29379609E+000
  0.29613060E+000
  0.29780356E+000
  0.29922228E+000
  0.30049697E+000
  0.30148785E+000
  0.30189981E+000
  0.30188591E+000
  0.30157242E+000
  0.30105966E+000
  0.30042490E+000
  0.29972597E+000
  0.29900492E+000
  0.29829135E+000
  0.29760522E+000
  0.29695926E+000
  0.29636081E+000
  0.29581331E+000
  0.29531745E+000
  0.29487201E+000
  0.29447453E+000
  0.29412176E+000
  0.29381002E+000
  0.29353546E+000
  0.29329419E+000
  0.29308245E+000
  0.29289668E+000
  0.29273353E+000
  0.29258997E+000
  0.29246322E+000
  0.29235080E+000
  0.29225051E+000
  0.29216044E+000
  0.29207892E+000
  0.29200453E+000
  0.29193607E+000
  0.29187253E+000
  0.29181309E+000
  0.29175707E+000
  0.29170393E+000
  0.29165324E+000
  0.29160466E+000
  0.29155792E+000
  0.29151283E+000
  0.29146922E+000
  0.29142699E+000
  0.29138602E+000
  0.29134625E+000
  0.29130762E+000
  0.29127009E+000
  0.29123363E+000
  0.29119820E+000
  0.29116378E+000
  0.29113037E+000
  0.29109795E+000
  0.29106652E+000
  0.29103608E+000
  0.29100665E+000
  0.29097823E+000
  0.29095082E+000
  0.29092444E+000
  0.29089910E+000
  0.29087480E+000
  0.29085156E+000
  0.29082937E+000
  0.29080823E+000
  0.29078813E+000
  0.29076908E+000
  0.29075104E+000
  0.29073401E+000
  0.29071796E+000
  0.29070287E+000
  0.29068870E+000
  0.29067542E+000
  0.29066300E+000
  0.29065140E+000
  0.29064059E+000
  0.29063052E+000
  0.29062116E+000
  0.29061246E+000
  0.29060440E+000
  0.29059693E+000
  0.29059002E+000
  0.29058363E+000
  0.29057773E+000
  0.29057228E+000
  0.29056726E+000
  0.29056263E+000
  0.29055837E+000
  0.29055444E+000
  0.29055083E+000
  0.29054752E+000
  0.29054446E+000
  0.29054165E+000
  0.29053907E+000
  0.29053669E+000
  0.29053450E+000
  0.29053248E+000
  0.29053061E+000
  0.29052888E+000
  0.29052728E+000
  0.29052579E+000
  0.29052440E+000
  0.29052310E+000
  0.29052189E+000
  0.29052074E+000
  0.29051966E+000
  0.29051864E+000
  0.29051767E+000
  0.29051674E+000
  0.29051585E+000
  0.29051500E+000
  0.29051418E+000
  0.29051339E+000
  0.29051262E+000
  0.29051188E+000
  0.29051117E+000
  0.29051047E+000
  0.29050980E+000
  0.29050914E+000
  0.29050850E+000
  0.29050788E+000
  0.29050728E+000
  0.29050669E+000
  0.29050612E+000
  0.29050556E+000
  0.29050502E+000
  0.29050450E+000
  0.29050399E+000
  0.29050349E+000
  0.29050301E+000
  0.29050254E+000
  0.29050209E+000
  0.29050165E+000
  0.29050123E+000
  0.29050082E+000
  0.29050042E+000
  0.29050003E+000
  0.29049965E+000
  0.29049929E+000
  0.29049894E+000
  0.29049860E+000
  0.29049826E+000
  0.29049794E+000
  0.29049763E+000
  0.29049733E+000
  0.29049704E+000
  0.29049675E+000
  0.29049648E+000
  0.29049621E+000
  0.29049596E+000
  0.29049571E+000
  0.29049546E+000
  0.29049523E+000
  0.29049500E+000
  0.29049478E+000
  0.29049456E+000
  0.29049435E+000
  0.29049415E+000
  0.29049396E+000
  0.29049377E+000
  0.29049358E+000
  0.29049340E+000
  0.29049323E+000
  0.29049306E+000
  0.29049290E+000
  0.29049274E+000
  0.29049258E+000
  0.29049243E+000
  0.29049229E+000
  0.29049215E+000
  0.29049201E+000
  0.29049187E+000
  0.29049174E+000
  0.29049162E+000
  0.29049150E+000
  0.29049138E+000
  0.29049126E+000
  0.29049115E+000
  0.29049104E+000
  0.29049093E+000
  0.29049082E+000
  0.29049072E+000
  0.29049062E+000
  0.29049052E+000
  0.29049043E+000
  0.29049033E+000
  0.29049024E+000
  0.29049015E+000
  0.29049006E+000
  0.29048998E+000
  0.29048989E+000
  0.29048981E+000
  0.29048973E+000
  0.29048965E+000
  0.29048957E+000
  0.29048950E+000
  0.29048944E+000
  0.29048939E+000
