  0.62556541E+000
  0.62557402E+000
  0.62558204E+000
  0.62558937E+000
  0.62559605E+000
  0.62560218E+000
  0.62560781E+000
  0.62561299E+000
  0.62561775E+000
  0.62562213E+000
  0.62562617E+000
  0.62562989E+000
  0.62563333E+000
  0.62563652E+000
  0.62563946E+000
  0.62564220E+000
  0.62564474E+000
  0.62564709E+000
  0.62564928E+000
  0.62565132E+000
  0.62565321E+000
  0.62565498E+000
  0.62565661E+000
  0.62565813E+000
  0.62565954E+000
  0.62566085E+000
  0.62566205E+000
  0.62566316E+000
  0.62566418E+000
  0.62566511E+000
  0.62566595E+000
  0.62566671E+000
  0.62566738E+000
  0.62566798E+000
  0.62566850E+000
  0.62566894E+000
  0.62566930E+000
  0.62566959E+000
  0.62566980E+000
  0.62566994E+000
  0.62567001E+000
  0.62567000E+000
  0.62566992E+000
  0.62566977E+000
  0.62566955E+000
  0.62566926E+000
  0.62566890E+000
  0.62566847E+000
  0.62566798E+000
  0.62566742E+000
  0.62566680E+000
  0.62566612E+000
  0.62566538E+000
  0.62566458E+000
  0.62566373E+000
  0.62566282E+000
  0.62566187E+000
  0.62566086E+000
  0.62565980E+000
  0.62565870E+000
  0.62565755E+000
  0.62565637E+000
  0.62565514E+000
  0.62565387E+000
  0.62565256E+000
  0.62565122E+000
  0.62564984E+000
  0.62564843E+000
  0.62564699E+000
  0.62564552E+000
  0.62564402E+000
  0.62564249E+000
  0.62564094E+000
  0.62563937E+000
  0.62563777E+000
  0.62563615E+000
  0.62563451E+000
  0.62563286E+000
  0.62563118E+000
  0.62562949E+000
  0.62562779E+000
  0.62562607E+000
  0.62562434E+000
  0.62562260E+000
  0.62562085E+000
  0.62561909E+000
  0.62561732E+000
  0.62561555E+000
  0.62561377E+000
  0.62561200E+000
  0.62561022E+000
  0.62560843E+000
  0.62560666E+000
  0.62560488E+000
  0.62560311E+000
  0.62560134E+000
  0.62559958E+000
  0.62559783E+000
  0.62559609E+000
  0.62559436E+000
  0.62559264E+000
  0.62559094E+000
  0.62558925E+000
  0.62558758E+000
  0.62558593E+000
  0.62558430E+000
  0.62558269E+000
  0.62558110E+000
  0.62557953E+000
  0.62557799E+000
  0.62557647E+000
  0.62557498E+000
  0.62557351E+000
  0.62557207E+000
  0.62557066E+000
  0.62556927E+000
  0.62556791E+000
  0.62556658E+000
  0.62556528E+000
  0.62556401E+000
  0.62556277E+000
  0.62556156E+000
  0.62556037E+000
  0.62555922E+000
  0.62555809E+000
  0.62555700E+000
  0.62555593E+000
  0.62555490E+000
  0.62555389E+000
  0.62555291E+000
  0.62555195E+000
  0.62555103E+000
  0.62555013E+000
  0.62554926E+000
  0.62554842E+000
  0.62554760E+000
  0.62554680E+000
  0.62554604E+000
  0.62554529E+000
  0.62554457E+000
  0.62554388E+000
  0.62554321E+000
  0.62554255E+000
  0.62554193E+000
  0.62554132E+000
  0.62554073E+000
  0.62554016E+000
  0.62553962E+000
  0.62553909E+000
  0.62553858E+000
  0.62553809E+000
  0.62553761E+000
  0.62553715E+000
  0.62553671E+000
  0.62553629E+000
  0.62553588E+000
  0.62553548E+000
  0.62553510E+000
  0.62553473E+000
  0.62553438E+000
  0.62553404E+000
  0.62553371E+000
  0.62553339E+000
  0.62553308E+000
  0.62553279E+000
  0.62553251E+000
  0.62553223E+000
  0.62553197E+000
  0.62553171E+000
  0.62553147E+000
  0.62553123E+000
  0.62553101E+000
  0.62553079E+000
  0.62553058E+000
  0.62553037E+000
  0.62553018E+000
  0.62552999E+000
  0.62552980E+000
  0.62552963E+000
  0.62552946E+000
  0.62552930E+000
  0.62552914E+000
  0.62552899E+000
  0.62552884E+000
  0.62552870E+000
  0.62552856E+000
  0.62552843E+000
  0.62552830E+000
  0.62552818E+000
  0.62552806E+000
  0.62552794E+000
  0.62552783E+000
  0.62552773E+000
  0.62552762E+000
  0.62552752E+000
  0.62552743E+000
  0.62552733E+000
  0.62552724E+000
  0.62552715E+000
  0.62552707E+000
