  0.83135156E+000
  0.83174741E+000
  0.83202188E+000
  0.83221846E+000
  0.83235977E+000
  0.83245990E+000
  0.83252800E+000
  0.83257086E+000
  0.83259379E+000
  0.83260095E+000
  0.83259569E+000
  0.83258068E+000
  0.83255808E+000
  0.83252963E+000
  0.83249676E+000
  0.83246061E+000
  0.83242211E+000
  0.83238201E+000
  0.83234089E+000
  0.83229923E+000
  0.83225740E+000
  0.83221570E+000
  0.83217438E+000
  0.83213363E+000
  0.83209360E+000
  0.83205440E+000
  0.83201614E+000
  0.83197888E+000
  0.83194268E+000
  0.83190759E+000
  0.83187364E+000
  0.83184085E+000
  0.83180925E+000
  0.83177884E+000
  0.83174964E+000
  0.83172166E+000
  0.83169489E+000
  0.83166934E+000
  0.83164501E+000
  0.83162189E+000
  0.83159999E+000
  0.83157928E+000
  0.83155977E+000
  0.83154144E+000
  0.83152428E+000
  0.83150826E+000
  0.83149336E+000
  0.83147957E+000
  0.83146685E+000
  0.83145516E+000
  0.83144448E+000
  0.83143477E+000
  0.83142598E+000
  0.83141807E+000
  0.83141099E+000
  0.83140470E+000
  0.83139915E+000
  0.83139428E+000
  0.83139004E+000
  0.83138639E+000
  0.83138328E+000
  0.83138064E+000
  0.83137845E+000
  0.83137664E+000
  0.83137519E+000
  0.83137403E+000
  0.83137315E+000
  0.83137249E+000
  0.83137202E+000
  0.83137172E+000
  0.83137155E+000
  0.83137150E+000
  0.83137152E+000
  0.83137162E+000
  0.83137175E+000
  0.83137193E+000
  0.83137211E+000
  0.83137231E+000
  0.83137250E+000
  0.83137269E+000
  0.83137286E+000
  0.83137301E+000
  0.83137313E+000
  0.83137324E+000
  0.83137332E+000
  0.83137338E+000
  0.83137341E+000
  0.83137343E+000
  0.83137342E+000
  0.83137340E+000
  0.83137336E+000
  0.83137331E+000
  0.83137324E+000
  0.83137317E+000
  0.83137309E+000
  0.83137301E+000
  0.83137292E+000
  0.83137282E+000
  0.83137273E+000
  0.83137263E+000
  0.83137253E+000
  0.83137242E+000
  0.83137232E+000
  0.83137221E+000
  0.83137209E+000
  0.83137197E+000
  0.83137185E+000
  0.83137172E+000
  0.83137158E+000
  0.83137143E+000
  0.83137127E+000
  0.83137111E+000
  0.83137093E+000
  0.83137074E+000
  0.83137054E+000
  0.83137032E+000
  0.83137010E+000
  0.83136986E+000
  0.83136960E+000
  0.83136934E+000
  0.83136906E+000
  0.83136877E+000
  0.83136847E+000
  0.83136815E+000
  0.83136782E+000
  0.83136749E+000
  0.83136714E+000
  0.83136678E+000
  0.83136642E+000
  0.83136604E+000
  0.83136566E+000
  0.83136527E+000
  0.83136488E+000
  0.83136448E+000
  0.83136407E+000
  0.83136366E+000
  0.83136325E+000
  0.83136283E+000
  0.83136241E+000
  0.83136199E+000
  0.83136157E+000
  0.83136115E+000
  0.83136073E+000
  0.83136032E+000
  0.83135991E+000
  0.83135951E+000
  0.83135911E+000
  0.83135872E+000
  0.83135834E+000
  0.83135797E+000
  0.83135761E+000
  0.83135726E+000
  0.83135693E+000
  0.83135662E+000
  0.83135631E+000
  0.83135603E+000
  0.83135576E+000
  0.83135551E+000
  0.83135527E+000
  0.83135505E+000
  0.83135484E+000
  0.83135465E+000
  0.83135448E+000
  0.83135431E+000
  0.83135417E+000
  0.83135403E+000
  0.83135390E+000
  0.83135378E+000
  0.83135367E+000
  0.83135357E+000
  0.83135348E+000
  0.83135339E+000
  0.83135330E+000
  0.83135322E+000
  0.83135314E+000
  0.83135306E+000
  0.83135299E+000
  0.83135291E+000
  0.83135284E+000
  0.83135276E+000
  0.83135269E+000
  0.83135261E+000
  0.83135254E+000
  0.83135246E+000
  0.83135239E+000
  0.83135232E+000
  0.83135224E+000
  0.83135217E+000
  0.83135210E+000
  0.83135203E+000
  0.83135196E+000
  0.83135190E+000
  0.83135184E+000
  0.83135178E+000
  0.83135174E+000
  0.83135169E+000
  0.83135160E+000
  0.83135146E+000
  0.83135124E+000
  0.83135104E+000
