  0.34122524E+000
  0.34227430E+000
  0.34319287E+000
  0.34398129E+000
  0.34465832E+000
  0.34523487E+000
  0.34573342E+000
  0.34615450E+000
  0.34651736E+000
  0.34682280E+000
  0.34708682E+000
  0.34731185E+000
  0.34750510E+000
  0.34767010E+000
  0.34781892E+000
  0.34794099E+000
  0.34804405E+000
  0.34813695E+000
  0.34821085E+000
  0.34827743E+000
  0.34833603E+000
  0.34838544E+000
  0.34842820E+000
  0.34846382E+000
  0.34849574E+000
  0.34852230E+000
  0.34854696E+000
  0.34856772E+000
  0.34858510E+000
  0.34859892E+000
  0.34861441E+000
  0.34862577E+000
  0.34863655E+000
  0.34864597E+000
  0.34865386E+000
  0.34866200E+000
  0.34866926E+000
  0.34867729E+000
  0.34868368E+000
  0.34868936E+000
  0.34869502E+000
  0.34870024E+000
  0.34870538E+000
  0.34871056E+000
  0.34871627E+000
  0.34872116E+000
  0.34872613E+000
  0.34873087E+000
  0.34873586E+000
  0.34874082E+000
  0.34874561E+000
  0.34875039E+000
  0.34875493E+000
  0.34876035E+000
  0.34876492E+000
  0.34876899E+000
  0.34877302E+000
  0.34877699E+000
  0.34878101E+000
  0.34878473E+000
  0.34878849E+000
  0.34879218E+000
  0.34879575E+000
  0.34879922E+000
  0.34880267E+000
  0.34880602E+000
  0.34880929E+000
  0.34881250E+000
  0.34881561E+000
  0.34881864E+000
  0.34882160E+000
  0.34882448E+000
  0.34882728E+000
  0.34883003E+000
  0.34883274E+000
  0.34883539E+000
  0.34883796E+000
  0.34884049E+000
  0.34884298E+000
  0.34884545E+000
  0.34884786E+000
  0.34885025E+000
  0.34885261E+000
  0.34885495E+000
  0.34885727E+000
  0.34885956E+000
  0.34886188E+000
  0.34886416E+000
  0.34886645E+000
  0.34886873E+000
  0.34887103E+000
  0.34887331E+000
  0.34887561E+000
  0.34887794E+000
  0.34888027E+000
  0.34888259E+000
  0.34888492E+000
  0.34888728E+000
  0.34888968E+000
  0.34889205E+000
  0.34889447E+000
  0.34889690E+000
  0.34889933E+000
  0.34890183E+000
  0.34890434E+000
  0.34890687E+000
  0.34890946E+000
  0.34891210E+000
  0.34891474E+000
  0.34891747E+000
  0.34892019E+000
  0.34892295E+000
  0.34892572E+000
  0.34892855E+000
  0.34893141E+000
  0.34893428E+000
  0.34893721E+000
  0.34894016E+000
  0.34894314E+000
  0.34894609E+000
  0.34894912E+000
  0.34895218E+000
  0.34895527E+000
  0.34895838E+000
  0.34896151E+000
  0.34896466E+000
  0.34896782E+000
  0.34897099E+000
  0.34897416E+000
  0.34897736E+000
  0.34898058E+000
  0.34898381E+000
  0.34898701E+000
  0.34899022E+000
  0.34899341E+000
  0.34899660E+000
  0.34899978E+000
  0.34900294E+000
  0.34900609E+000
  0.34900922E+000
  0.34901233E+000
  0.34901541E+000
  0.34901847E+000
  0.34902152E+000
  0.34902450E+000
  0.34902746E+000
  0.34903039E+000
  0.34903328E+000
  0.34903614E+000
  0.34903895E+000
  0.34904171E+000
  0.34904443E+000
  0.34904710E+000
  0.34904972E+000
  0.34905228E+000
  0.34905480E+000
  0.34905726E+000
  0.34905967E+000
  0.34906202E+000
  0.34906431E+000
  0.34906655E+000
  0.34906873E+000
  0.34907085E+000
  0.34907291E+000
  0.34907491E+000
  0.34907685E+000
  0.34907874E+000
  0.34908056E+000
  0.34908233E+000
  0.34908403E+000
  0.34908568E+000
  0.34908727E+000
  0.34908880E+000
  0.34909028E+000
  0.34909170E+000
  0.34909306E+000
  0.34909437E+000
  0.34909563E+000
  0.34909684E+000
  0.34909799E+000
  0.34909909E+000
  0.34910015E+000
  0.34910116E+000
  0.34910212E+000
  0.34910304E+000
  0.34910391E+000
  0.34910474E+000
  0.34910554E+000
  0.34910629E+000
  0.34910700E+000
  0.34910768E+000
  0.34910832E+000
  0.34910893E+000
  0.34910950E+000
  0.34911004E+000
  0.34911056E+000
  0.34911104E+000
  0.34911150E+000
  0.34911194E+000
  0.34911235E+000
