  0.38061661E+000  0.42592919E+000  0.53089279E+000  0.56870547E+000  0.84404452E+000  0.10534380E+001  0.14163978E+001  0.19408455E+001  0.26451437E+001  0.38419908E+001  0.12100756E+002
  0.38047128E+000  0.42572120E+000  0.53075637E+000  0.56870228E+000  0.84417136E+000  0.10533893E+001  0.14178032E+001  0.19434909E+001  0.26480123E+001  0.38607378E+001  0.12212692E+002
  0.38045827E+000  0.42577247E+000  0.53107052E+000  0.56869526E+000  0.84436365E+000  0.10534854E+001  0.14190057E+001  0.19466003E+001  0.26503919E+001  0.38623682E+001  0.12307853E+002
  0.38040749E+000  0.42588611E+000  0.53102115E+000  0.56870406E+000  0.84443153E+000  0.10534343E+001  0.14200514E+001  0.19471938E+001  0.26524228E+001  0.38641271E+001  0.12390064E+002
  0.38022699E+000  0.42574762E+000  0.53125996E+000  0.56869967E+000  0.84457848E+000  0.10534454E+001  0.14209338E+001  0.19477658E+001  0.26543912E+001  0.38655404E+001  0.12460437E+002
  0.38033485E+000  0.42598310E+000  0.53088401E+000  0.56870581E+000  0.84473171E+000  0.10534866E+001  0.14216872E+001  0.19494953E+001  0.26549099E+001  0.38667018E+001  0.12520665E+002
  0.38034377E+000  0.42494286E+000  0.53108159E+000  0.56870407E+000  0.84455081E+000  0.10534542E+001  0.14236856E+001  0.19522952E+001  0.26570262E+001  0.38678259E+001  0.12571538E+002
  0.38032710E+000  0.42540465E+000  0.53131385E+000  0.56869951E+000  0.84485876E+000  0.10534495E+001  0.14258239E+001  0.19547196E+001  0.26581814E+001  0.38799643E+001  0.12615188E+002
  0.38031196E+000  0.42592938E+000  0.53136598E+000  0.56870539E+000  0.84488245E+000  0.10534240E+001  0.14269257E+001  0.19550043E+001  0.26592115E+001  0.38900508E+001  0.12652381E+002
  0.38032379E+000  0.42583699E+000  0.53130378E+000  0.56868765E+000  0.84499212E+000  0.10533936E+001  0.14278709E+001  0.19553838E+001  0.26599399E+001  0.38956110E+001  0.12684056E+002
  0.38026869E+000  0.42599582E+000  0.53121140E+000  0.56869931E+000  0.84504871E+000  0.10534809E+001  0.14285964E+001  0.19555244E+001  0.26607353E+001  0.38968218E+001  0.12711022E+002
  0.38028170E+000  0.42529265E+000  0.53144892E+000  0.56870412E+000  0.84507145E+000  0.10534800E+001  0.14292076E+001  0.19558985E+001  0.26614195E+001  0.38969799E+001  0.12733970E+002
  0.37937861E+000  0.42553774E+000  0.53123069E+000  0.56868775E+000  0.84508910E+000  0.10533558E+001  0.14297585E+001  0.19558714E+001  0.26618814E+001  0.38967390E+001  0.12753492E+002
  0.37963976E+000  0.42583985E+000  0.53136242E+000  0.56870028E+000  0.84506089E+000  0.10534809E+001  0.14302145E+001  0.19562283E+001  0.26621983E+001  0.38979397E+001  0.12770090E+002
  0.37986150E+000  0.42594195E+000  0.53136142E+000  0.56870243E+000  0.84484330E+000  0.10534581E+001  0.14305603E+001  0.19553643E+001  0.26624330E+001  0.38981857E+001  0.12784192E+002
  0.38005022E+000  0.42586140E+000  0.53114344E+000  0.56869870E+000  0.84509733E+000  0.10534834E+001  0.14305938E+001  0.19563321E+001  0.26629878E+001  0.38983743E+001  0.12796162E+002
  0.38021110E+000  0.42595432E+000  0.53133670E+000  0.56870642E+000  0.84502076E+000  0.10534284E+001  0.14306400E+001  0.19564399E+001  0.26632483E+001  0.38983984E+001  0.12806311E+002
  0.37972567E+000  0.42582425E+000  0.53150135E+000  0.56869986E+000  0.84505525E+000  0.10534864E+001  0.14307048E+001  0.19564936E+001  0.26632685E+001  0.38983790E+001  0.12814905E+002
  0.37982383E+000  0.42587856E+000  0.53151291E+000  0.56865885E+000  0.84514186E+000  0.10534196E+001  0.14307091E+001  0.19564782E+001  0.26632701E+001  0.38987257E+001  0.12822168E+002
  0.37990700E+000  0.42592438E+000  0.53135722E+000  0.56866095E+000  0.84516448E+000  0.10534431E+001  0.14306655E+001  0.19562936E+001  0.26637788E+001  0.38982957E+001  0.12828294E+002
  0.37997736E+000  0.42596294E+000  0.53144281E+000  0.56866648E+000  0.84522249E+000  0.10534374E+001  0.14307307E+001  0.19566885E+001  0.26637538E+001  0.38985713E+001  0.12833448E+002
  0.38003676E+000  0.42599528E+000  0.53152649E+000  0.56867558E+000  0.84521415E+000  0.10533532E+001  0.14308157E+001  0.19566840E+001  0.26640021E+001  0.38990379E+001  0.12837771E+002
  0.38008676E+000  0.42579322E+000  0.53159694E+000  0.56868324E+000  0.84523943E+000  0.10534662E+001  0.14308097E+001  0.19565691E+001  0.26639516E+001  0.38991617E+001  0.12841385E+002
  0.38012869E+000  0.42583215E+000  0.53157463E+000  0.56868966E+000  0.84526053E+000  0.10533520E+001  0.14307383E+001  0.19567955E+001  0.26642201E+001  0.38986198E+001  0.12844393E+002
  0.38016370E+000  0.42586439E+000  0.53160874E+000  0.56869500E+000  0.84515169E+000  0.10533883E+001  0.14307789E+001  0.19568712E+001  0.26640270E+001  0.38991707E+001  0.12846886E+002
  0.38019279E+000  0.42589096E+000  0.53124482E+000  0.56869943E+000  0.84523691E+000  0.10534269E+001  0.14308451E+001  0.19565954E+001  0.26642529E+001  0.38992332E+001  0.12848940E+002
  0.38021682E+000  0.42591271E+000  0.53127300E+000  0.56870308E+000  0.84508674E+000  0.10534865E+001  0.14308731E+001  0.19568321E+001  0.26643281E+001  0.38993040E+001  0.12850621E+002
  0.38012275E+000  0.42593037E+000  0.53129585E+000  0.56870606E+000  0.84511028E+000  0.10534624E+001  0.14308836E+001  0.19568974E+001  0.26642861E+001  0.38992786E+001  0.12851990E+002
  0.38013627E+000  0.42594460E+000  0.53131418E+000  0.56868336E+000  0.84512924E+000  0.10534784E+001  0.14308038E+001  0.19548775E+001  0.26643569E+001  0.38991656E+001  0.12853089E+002
  0.38014707E+000  0.42595595E+000  0.53132872E+000  0.56868480E+000  0.84514434E+000  0.10534484E+001  0.14308417E+001  0.19534127E+001  0.26644137E+001  0.38992620E+001  0.12853968E+002
  0.38015559E+000  0.42596489E+000  0.53134007E+000  0.56868593E+000  0.84515622E+000  0.10534690E+001  0.14308776E+001  0.19533961E+001  0.26644577E+001  0.38993378E+001  0.12854662E+002
  0.38016220E+000  0.42597183E+000  0.53134879E+000  0.56868681E+000  0.84516542E+000  0.10534851E+001  0.14307568E+001  0.19534145E+001  0.26644351E+001  0.38992380E+001  0.12855201E+002
  0.38016724E+000  0.42597714E+000  0.53135532E+000  0.56868778E+000  0.84517241E+000  0.10534311E+001  0.14307514E+001  0.19520945E+001  0.26644705E+001  0.38993214E+001  0.12855614E+002
  0.38017098E+000  0.42598111E+000  0.53136008E+000  0.56868882E+000  0.84517760E+000  0.10534351E+001  0.14307450E+001  0.19504902E+001  0.26644970E+001  0.38993361E+001  0.12855924E+002
  0.38017366E+000  0.42598401E+000  0.53136341E+000  0.56868958E+000  0.84518134E+000  0.10534379E+001  0.14304249E+001  0.19504824E+001  0.26645039E+001  0.38993830E+001  0.12856151E+002
  0.38017551E+000  0.42598604E+000  0.53136560E+000  0.56869012E+000  0.84518391E+000  0.10534399E+001  0.14299924E+001  0.19504746E+001  0.26644607E+001  0.38992387E+001  0.12856311E+002
  0.38017669E+000  0.42598740E+000  0.53136689E+000  0.56869047E+000  0.84518558E+000  0.10534412E+001  0.14299687E+001  0.19504668E+001  0.26644659E+001  0.38992475E+001  0.12856419E+002
  0.38017736E+000  0.42598825E+000  0.53136751E+000  0.56869068E+000  0.84518656E+000  0.10534420E+001  0.14299465E+001  0.19504589E+001  0.26644691E+001  0.38992529E+001  0.12856487E+002
  0.38017764E+000  0.42598870E+000  0.53136761E+000  0.56869080E+000  0.84518701E+000  0.10534424E+001  0.14299246E+001  0.19504511E+001  0.26644707E+001  0.38992558E+001  0.12856524E+002
  0.38017763E+000  0.42598887E+000  0.53136735E+000  0.56869083E+000  0.84518708E+000  0.10534425E+001  0.14299024E+001  0.19504433E+001  0.26644711E+001  0.38992568E+001  0.12856539E+002
  0.38017743E+000  0.42598884E+000  0.53136683E+000  0.56869081E+000  0.84518688E+000  0.10534424E+001  0.14298795E+001  0.19504356E+001  0.26644708E+001  0.38992565E+001  0.12856539E+002
  0.38017709E+000  0.42598867E+000  0.53136616E+000  0.56869075E+000  0.84518651E+000  0.10534422E+001  0.14298174E+001  0.19504281E+001  0.26644700E+001  0.38992554E+001  0.12856527E+002
  0.38017667E+000  0.42598842E+000  0.53136540E+000  0.56869068E+000  0.84518605E+000  0.10534419E+001  0.14295603E+001  0.19504208E+001  0.26644688E+001  0.38992537E+001  0.12856509E+002
  0.38017621E+000  0.42598813E+000  0.53136460E+000  0.56869059E+000  0.84518553E+000  0.10534416E+001  0.14272978E+001  0.19504138E+001  0.26644675E+001  0.38992518E+001  0.12856488E+002
  0.38017575E+000  0.42598783E+000  0.53136381E+000  0.56869050E+000  0.84518502E+000  0.10534413E+001  0.14263527E+001  0.19504070E+001  0.26644662E+001  0.38992497E+001  0.12856465E+002
  0.38017530E+000  0.42598754E+000  0.53136306E+000  0.56869041E+000  0.84518453E+000  0.10534410E+001  0.14263380E+001  0.19504006E+001  0.26644650E+001  0.38992478E+001  0.12856443E+002
  0.38017489E+000  0.42598728E+000  0.53136237E+000  0.56869033E+000  0.84518408E+000  0.10534407E+001  0.14260953E+001  0.19503946E+001  0.26644639E+001  0.38992460E+001  0.12856423E+002
  0.38017451E+000  0.42598705E+000  0.53136174E+000  0.56869025E+000  0.84518369E+000  0.10534405E+001  0.14260219E+001  0.19503888E+001  0.26644630E+001  0.38992445E+001  0.12856405E+002
  0.38017418E+000  0.42598687E+000  0.53136119E+000  0.56869019E+000  0.84518337E+000  0.10534403E+001  0.14258794E+001  0.19503835E+001  0.26644622E+001  0.38992432E+001  0.12856390E+002
  0.38017390E+000  0.42598672E+000  0.53136071E+000  0.56869015E+000  0.84518311E+000  0.10534402E+001  0.14258587E+001  0.19503785E+001  0.26644616E+001  0.38992423E+001  0.12856379E+002
  0.38017367E+000  0.42598662E+000  0.53136031E+000  0.56869011E+000  0.84518292E+000  0.10534401E+001  0.14258587E+001  0.19503740E+001  0.26644613E+001  0.38992416E+001  0.12856370E+002
  0.38017349E+000  0.42598656E+000  0.53135998E+000  0.56869008E+000  0.84518279E+000  0.10534401E+001  0.14258587E+001  0.19503697E+001  0.26644611E+001  0.38992411E+001  0.12856364E+002
  0.38017335E+000  0.42598653E+000  0.53135971E+000  0.56869007E+000  0.84518272E+000  0.10534401E+001  0.14258588E+001  0.19503659E+001  0.26644610E+001  0.38992409E+001  0.12856362E+002
  0.38017325E+000  0.42598654E+000  0.53135950E+000  0.56869006E+000  0.84518269E+000  0.10534401E+001  0.14258589E+001  0.19503623E+001  0.26644611E+001  0.38992409E+001  0.12856361E+002
  0.38017319E+000  0.42598658E+000  0.53135935E+000  0.56869007E+000  0.84518271E+000  0.10534402E+001  0.14258591E+001  0.19503591E+001  0.26644613E+001  0.38992412E+001  0.12856363E+002
  0.38017316E+000  0.42598664E+000  0.53135923E+000  0.56869007E+000  0.84518277E+000  0.10534403E+001  0.14258592E+001  0.19503562E+001  0.26644616E+001  0.38992415E+001  0.12856367E+002
  0.38017315E+000  0.42598672E+000  0.53135916E+000  0.56869009E+000  0.84518285E+000  0.10534404E+001  0.14258594E+001  0.19503536E+001  0.26644620E+001  0.38992420E+001  0.12856372E+002
  0.38017316E+000  0.42598681E+000  0.53135911E+000  0.56869011E+000  0.84518296E+000  0.10534405E+001  0.14258596E+001  0.19503513E+001  0.26644624E+001  0.38992426E+001  0.12856378E+002
  0.38017318E+000  0.42598692E+000  0.53135909E+000  0.56869013E+000  0.84518308E+000  0.10534407E+001  0.14258598E+001  0.19503491E+001  0.26644629E+001  0.38992433E+001  0.12856386E+002
  0.38017322E+000  0.42598703E+000  0.53135908E+000  0.56869016E+000  0.84518322E+000  0.10534408E+001  0.14258600E+001  0.19503473E+001  0.26644634E+001  0.38992440E+001  0.12856393E+002
  0.38017327E+000  0.42598715E+000  0.53135909E+000  0.56869018E+000  0.84518336E+000  0.10534410E+001  0.14258602E+001  0.19503456E+001  0.26644639E+001  0.38992448E+001  0.12856401E+002
  0.38017331E+000  0.42598726E+000  0.53135910E+000  0.56869021E+000  0.84518350E+000  0.10534411E+001  0.14258604E+001  0.19503441E+001  0.26644644E+001  0.38992456E+001  0.12856410E+002
  0.38017336E+000  0.42598737E+000  0.53135911E+000  0.56869024E+000  0.84518364E+000  0.10534413E+001  0.14258606E+001  0.19503427E+001  0.26644649E+001  0.38992463E+001  0.12856418E+002
  0.38017341E+000  0.42598748E+000  0.53135913E+000  0.56869026E+000  0.84518377E+000  0.10534414E+001  0.14258608E+001  0.19503415E+001  0.26644654E+001  0.38992470E+001  0.12856425E+002
  0.38017345E+000  0.42598758E+000  0.53135915E+000  0.56869029E+000  0.84518389E+000  0.10534415E+001  0.14258609E+001  0.19503404E+001  0.26644658E+001  0.38992477E+001  0.12856433E+002
  0.38017349E+000  0.42598767E+000  0.53135915E+000  0.56869031E+000  0.84518401E+000  0.10534416E+001  0.14258611E+001  0.19503395E+001  0.26644662E+001  0.38992483E+001  0.12856440E+002
  0.38017352E+000  0.42598776E+000  0.53135916E+000  0.56869033E+000  0.84518411E+000  0.10534417E+001  0.14258612E+001  0.19503386E+001  0.26644665E+001  0.38992489E+001  0.12856446E+002
  0.38017354E+000  0.42598783E+000  0.53135915E+000  0.56869035E+000  0.84518419E+000  0.10534418E+001  0.14258613E+001  0.19503379E+001  0.26644668E+001  0.38992494E+001  0.12856451E+002
  0.38017355E+000  0.42598789E+000  0.53135914E+000  0.56869037E+000  0.84518427E+000  0.10534419E+001  0.14258613E+001  0.19503372E+001  0.26644671E+001  0.38992499E+001  0.12856456E+002
  0.38017356E+000  0.42598795E+000  0.53135912E+000  0.56869038E+000  0.84518432E+000  0.10534419E+001  0.14258614E+001  0.19503366E+001  0.26644673E+001  0.38992503E+001  0.12856460E+002
  0.38017356E+000  0.42598799E+000  0.53135909E+000  0.56869039E+000  0.84518437E+000  0.10534420E+001  0.14258614E+001  0.19503360E+001  0.26644674E+001  0.38992506E+001  0.12856464E+002
  0.38017355E+000  0.42598802E+000  0.53135905E+000  0.56869040E+000  0.84518440E+000  0.10534420E+001  0.14258614E+001  0.19503356E+001  0.26644675E+001  0.38992509E+001  0.12856466E+002
  0.38017353E+000  0.42598805E+000  0.53135901E+000  0.56869041E+000  0.84518442E+000  0.10534420E+001  0.14258614E+001  0.19503351E+001  0.26644676E+001  0.38992511E+001  0.12856468E+002
  0.38017351E+000  0.42598806E+000  0.53135896E+000  0.56869041E+000  0.84518443E+000  0.10534420E+001  0.14258614E+001  0.19503348E+001  0.26644676E+001  0.38992513E+001  0.12856470E+002
  0.38017348E+000  0.42598807E+000  0.53135890E+000  0.56869041E+000  0.84518442E+000  0.10534420E+001  0.14258614E+001  0.19503344E+001  0.26644675E+001  0.38992514E+001  0.12856471E+002
  0.38017344E+000  0.42598807E+000  0.53135884E+000  0.56869041E+000  0.84518441E+000  0.10534420E+001  0.14258614E+001  0.19503342E+001  0.26644675E+001  0.38992515E+001  0.12856471E+002
  0.38017340E+000  0.42598806E+000  0.53135877E+000  0.56869041E+000  0.84518439E+000  0.10534420E+001  0.14258613E+001  0.19503339E+001  0.26644674E+001  0.38992515E+001  0.12856471E+002
  0.38017336E+000  0.42598805E+000  0.53135870E+000  0.56869041E+000  0.84518436E+000  0.10534420E+001  0.14258612E+001  0.19503337E+001  0.26644673E+001  0.38992516E+001  0.12856470E+002
  0.38017331E+000  0.42598803E+000  0.53135863E+000  0.56869040E+000  0.84518432E+000  0.10534419E+001  0.14258612E+001  0.19503336E+001  0.26644672E+001  0.38992515E+001  0.12856469E+002
  0.38017326E+000  0.42598800E+000  0.53135856E+000  0.56869040E+000  0.84518428E+000  0.10534419E+001  0.14258611E+001  0.19503334E+001  0.26644670E+001  0.38992515E+001  0.12856468E+002
  0.38017321E+000  0.42598798E+000  0.53135848E+000  0.56869039E+000  0.84518423E+000  0.10534419E+001  0.14258610E+001  0.19503333E+001  0.26644668E+001  0.38992515E+001  0.12856466E+002
  0.38017316E+000  0.42598795E+000  0.53135841E+000  0.56869039E+000  0.84518419E+000  0.10534418E+001  0.14258609E+001  0.19503332E+001  0.26644667E+001  0.38992514E+001  0.12856464E+002
  0.38017311E+000  0.42598792E+000  0.53135833E+000  0.56869038E+000  0.84518413E+000  0.10534418E+001  0.14258609E+001  0.19503332E+001  0.26644665E+001  0.38992513E+001  0.12856462E+002
  0.38017305E+000  0.42598788E+000  0.53135826E+000  0.56869037E+000  0.84518408E+000  0.10534417E+001  0.14258608E+001  0.19503332E+001  0.26644663E+001  0.38992512E+001  0.12856460E+002
  0.38017300E+000  0.42598785E+000  0.53135819E+000  0.56869036E+000  0.84518402E+000  0.10534417E+001  0.14258607E+001  0.19503331E+001  0.26644661E+001  0.38992511E+001  0.12856458E+002
  0.38017295E+000  0.42598781E+000  0.53135812E+000  0.56869035E+000  0.84518397E+000  0.10534416E+001  0.14258606E+001  0.19503331E+001  0.26644659E+001  0.38992511E+001  0.12856456E+002
  0.38017289E+000  0.42598778E+000  0.53135805E+000  0.56869034E+000  0.84518391E+000  0.10534416E+001  0.14258605E+001  0.19503332E+001  0.26644656E+001  0.38992510E+001  0.12856454E+002
  0.38017284E+000  0.42598774E+000  0.53135798E+000  0.56869033E+000  0.84518385E+000  0.10534415E+001  0.14258604E+001  0.19503332E+001  0.26644654E+001  0.38992509E+001  0.12856451E+002
  0.38017279E+000  0.42598770E+000  0.53135792E+000  0.56869033E+000  0.84518379E+000  0.10534415E+001  0.14258603E+001  0.19503333E+001  0.26644652E+001  0.38992508E+001  0.12856449E+002
  0.38017274E+000  0.42598767E+000  0.53135785E+000  0.56869032E+000  0.84518374E+000  0.10534414E+001  0.14258602E+001  0.19503333E+001  0.26644650E+001  0.38992508E+001  0.12856446E+002
  0.38017269E+000  0.42598763E+000  0.53135779E+000  0.56869031E+000  0.84518368E+000  0.10534414E+001  0.14258601E+001  0.19503334E+001  0.26644648E+001  0.38992507E+001  0.12856444E+002
  0.38017265E+000  0.42598759E+000  0.53135774E+000  0.56869030E+000  0.84518363E+000  0.10534413E+001  0.14258601E+001  0.19503335E+001  0.26644646E+001  0.38992506E+001  0.12856442E+002
  0.38017260E+000  0.42598756E+000  0.53135768E+000  0.56869029E+000  0.84518358E+000  0.10534413E+001  0.14258600E+001  0.19503336E+001  0.26644644E+001  0.38992506E+001  0.12856439E+002
  0.38017256E+000  0.42598752E+000  0.53135763E+000  0.56869028E+000  0.84518352E+000  0.10534412E+001  0.14258599E+001  0.19503337E+001  0.26644643E+001  0.38992506E+001  0.12856437E+002
  0.38017252E+000  0.42598749E+000  0.53135758E+000  0.56869028E+000  0.84518347E+000  0.10534412E+001  0.14258598E+001  0.19503338E+001  0.26644641E+001  0.38992505E+001  0.12856435E+002
  0.38017248E+000  0.42598746E+000  0.53135753E+000  0.56869027E+000  0.84518343E+000  0.10534411E+001  0.14258597E+001  0.19503339E+001  0.26644639E+001  0.38992505E+001  0.12856433E+002
  0.38017244E+000  0.42598743E+000  0.53135748E+000  0.56869026E+000  0.84518338E+000  0.10534411E+001  0.14258597E+001  0.19503340E+001  0.26644637E+001  0.38992505E+001  0.12856431E+002
  0.38017241E+000  0.42598740E+000  0.53135744E+000  0.56869025E+000  0.84518334E+000  0.10534410E+001  0.14258596E+001  0.19503341E+001  0.26644636E+001  0.38992505E+001  0.12856429E+002
  0.38017237E+000  0.42598737E+000  0.53135740E+000  0.56869025E+000  0.84518329E+000  0.10534410E+001  0.14258595E+001  0.19503343E+001  0.26644634E+001  0.38992505E+001  0.12856427E+002
  0.38017234E+000  0.42598734E+000  0.53135736E+000  0.56869024E+000  0.84518325E+000  0.10534410E+001  0.14258595E+001  0.19503344E+001  0.26644633E+001  0.38992506E+001  0.12856425E+002
  0.38017231E+000  0.42598731E+000  0.53135733E+000  0.56869023E+000  0.84518321E+000  0.10534409E+001  0.14258594E+001  0.19503345E+001  0.26644631E+001  0.38992506E+001  0.12856424E+002
  0.38017228E+000  0.42598729E+000  0.53135729E+000  0.56869023E+000  0.84518318E+000  0.10534409E+001  0.14258594E+001  0.19503346E+001  0.26644630E+001  0.38992506E+001  0.12856422E+002
  0.38017225E+000  0.42598726E+000  0.53135726E+000  0.56869022E+000  0.84518314E+000  0.10534409E+001  0.14258593E+001  0.19503348E+001  0.26644629E+001  0.38992507E+001  0.12856420E+002
  0.38017223E+000  0.42598724E+000  0.53135723E+000  0.56869022E+000  0.84518311E+000  0.10534408E+001  0.14258593E+001  0.19503349E+001  0.26644627E+001  0.38992507E+001  0.12856419E+002
  0.38017220E+000  0.42598722E+000  0.53135720E+000  0.56869021E+000  0.84518308E+000  0.10534408E+001  0.14258592E+001  0.19503350E+001  0.26644626E+001  0.38992508E+001  0.12856417E+002
  0.38017218E+000  0.42598720E+000  0.53135717E+000  0.56869021E+000  0.84518305E+000  0.10534408E+001  0.14258592E+001  0.19503351E+001  0.26644625E+001  0.38992509E+001  0.12856416E+002
  0.38017216E+000  0.42598718E+000  0.53135715E+000  0.56869020E+000  0.84518302E+000  0.10534407E+001  0.14258591E+001  0.19503353E+001  0.26644624E+001  0.38992510E+001  0.12856415E+002
  0.38017214E+000  0.42598716E+000  0.53135712E+000  0.56869020E+000  0.84518299E+000  0.10534407E+001  0.14258591E+001  0.19503354E+001  0.26644623E+001  0.38992510E+001  0.12856414E+002
  0.38017212E+000  0.42598714E+000  0.53135710E+000  0.56869019E+000  0.84518297E+000  0.10534407E+001  0.14258591E+001  0.19503355E+001  0.26644622E+001  0.38992511E+001  0.12856413E+002
  0.38017210E+000  0.42598713E+000  0.53135708E+000  0.56869019E+000  0.84518294E+000  0.10534407E+001  0.14258590E+001  0.19503356E+001  0.26644621E+001  0.38992512E+001  0.12856411E+002
  0.38017208E+000  0.42598711E+000  0.53135706E+000  0.56869018E+000  0.84518292E+000  0.10534406E+001  0.14258590E+001  0.19503357E+001  0.26644620E+001  0.38992513E+001  0.12856410E+002
  0.38017206E+000  0.42598710E+000  0.53135704E+000  0.56869018E+000  0.84518290E+000  0.10534406E+001  0.14258590E+001  0.19503358E+001  0.26644620E+001  0.38992514E+001  0.12856409E+002
  0.38017205E+000  0.42598708E+000  0.53135702E+000  0.56869018E+000  0.84518288E+000  0.10534406E+001  0.14258589E+001  0.19503359E+001  0.26644619E+001  0.38992515E+001  0.12856409E+002
  0.38017203E+000  0.42598707E+000  0.53135701E+000  0.56869017E+000  0.84518286E+000  0.10534406E+001  0.14258589E+001  0.19503360E+001  0.26644618E+001  0.38992516E+001  0.12856408E+002
  0.38017202E+000  0.42598706E+000  0.53135699E+000  0.56869017E+000  0.84518284E+000  0.10534406E+001  0.14258589E+001  0.19503361E+001  0.26644617E+001  0.38992517E+001  0.12856407E+002
  0.38017201E+000  0.42598704E+000  0.53135698E+000  0.56869017E+000  0.84518282E+000  0.10534406E+001  0.14258588E+001  0.19503362E+001  0.26644617E+001  0.38992518E+001  0.12856406E+002
  0.38017199E+000  0.42598703E+000  0.53135696E+000  0.56869017E+000  0.84518280E+000  0.10534405E+001  0.14258588E+001  0.19503363E+001  0.26644616E+001  0.38992519E+001  0.12856406E+002
  0.38017198E+000  0.42598702E+000  0.53135695E+000  0.56869016E+000  0.84518279E+000  0.10534405E+001  0.14258588E+001  0.19503364E+001  0.26644615E+001  0.38992520E+001  0.12856405E+002
  0.38017197E+000  0.42598701E+000  0.53135694E+000  0.56869016E+000  0.84518277E+000  0.10534405E+001  0.14258588E+001  0.19503365E+001  0.26644615E+001  0.38992521E+001  0.12856404E+002
  0.38017196E+000  0.42598700E+000  0.53135692E+000  0.56869016E+000  0.84518275E+000  0.10534405E+001  0.14258587E+001  0.19503366E+001  0.26644614E+001  0.38992521E+001  0.12856404E+002
  0.38017195E+000  0.42598699E+000  0.53135691E+000  0.56869016E+000  0.84518274E+000  0.10534405E+001  0.14258587E+001  0.19503367E+001  0.26644613E+001  0.38992522E+001  0.12856403E+002
  0.38017194E+000  0.42598698E+000  0.53135690E+000  0.56869015E+000  0.84518272E+000  0.10534405E+001  0.14258587E+001  0.19503367E+001  0.26644613E+001  0.38992523E+001  0.12856402E+002
  0.38017193E+000  0.42598697E+000  0.53135689E+000  0.56869015E+000  0.84518271E+000  0.10534404E+001  0.14258587E+001  0.19503368E+001  0.26644612E+001  0.38992524E+001  0.12856402E+002
  0.38017192E+000  0.42598696E+000  0.53135688E+000  0.56869015E+000  0.84518269E+000  0.10534404E+001  0.14258587E+001  0.19503369E+001  0.26644611E+001  0.38992525E+001  0.12856401E+002
  0.38017190E+000  0.42598695E+000  0.53135686E+000  0.56869015E+000  0.84518268E+000  0.10534404E+001  0.14258586E+001  0.19503369E+001  0.26644611E+001  0.38992525E+001  0.12856401E+002
  0.38017189E+000  0.42598694E+000  0.53135685E+000  0.56869015E+000  0.84518266E+000  0.10534404E+001  0.14258586E+001  0.19503370E+001  0.26644610E+001  0.38992526E+001  0.12856400E+002
  0.38017188E+000  0.42598693E+000  0.53135684E+000  0.56869014E+000  0.84518265E+000  0.10534404E+001  0.14258586E+001  0.19503371E+001  0.26644609E+001  0.38992526E+001  0.12856400E+002
  0.38017187E+000  0.42598692E+000  0.53135683E+000  0.56869014E+000  0.84518263E+000  0.10534404E+001  0.14258585E+001  0.19503371E+001  0.26644608E+001  0.38992527E+001  0.12856399E+002
  0.38017186E+000  0.42598691E+000  0.53135681E+000  0.56869014E+000  0.84518261E+000  0.10534404E+001  0.14258585E+001  0.19503372E+001  0.26644608E+001  0.38992527E+001  0.12856398E+002
  0.38017184E+000  0.42598690E+000  0.53135680E+000  0.56869014E+000  0.84518259E+000  0.10534403E+001  0.14258585E+001  0.19503372E+001  0.26644607E+001  0.38992528E+001  0.12856398E+002
  0.38017183E+000  0.42598688E+000  0.53135678E+000  0.56869013E+000  0.84518258E+000  0.10534403E+001  0.14258584E+001  0.19503372E+001  0.26644606E+001  0.38992528E+001  0.12856397E+002
  0.38017181E+000  0.42598687E+000  0.53135676E+000  0.56869013E+000  0.84518256E+000  0.10534403E+001  0.14258584E+001  0.19503373E+001  0.26644605E+001  0.38992528E+001  0.12856396E+002
  0.38017180E+000  0.42598686E+000  0.53135675E+000  0.56869013E+000  0.84518253E+000  0.10534403E+001  0.14258584E+001  0.19503373E+001  0.26644604E+001  0.38992528E+001  0.12856396E+002
  0.38017178E+000  0.42598684E+000  0.53135673E+000  0.56869012E+000  0.84518251E+000  0.10534403E+001  0.14258583E+001  0.19503373E+001  0.26644603E+001  0.38992528E+001  0.12856395E+002
  0.38017177E+000  0.42598683E+000  0.53135671E+000  0.56869012E+000  0.84518249E+000  0.10534402E+001  0.14258583E+001  0.19503373E+001  0.26644602E+001  0.38992528E+001  0.12856394E+002
  0.38017175E+000  0.42598681E+000  0.53135668E+000  0.56869012E+000  0.84518246E+000  0.10534402E+001  0.14258583E+001  0.19503374E+001  0.26644601E+001  0.38992527E+001  0.12856393E+002
  0.38017173E+000  0.42598680E+000  0.53135666E+000  0.56869011E+000  0.84518244E+000  0.10534402E+001  0.14258582E+001  0.19503374E+001  0.26644600E+001  0.38992527E+001  0.12856392E+002
  0.38017171E+000  0.42598678E+000  0.53135664E+000  0.56869011E+000  0.84518241E+000  0.10534402E+001  0.14258582E+001  0.19503374E+001  0.26644599E+001  0.38992527E+001  0.12856391E+002
  0.38017169E+000  0.42598676E+000  0.53135661E+000  0.56869011E+000  0.84518239E+000  0.10534401E+001  0.14258581E+001  0.19503374E+001  0.26644598E+001  0.38992526E+001  0.12856390E+002
  0.38017166E+000  0.42598674E+000  0.53135659E+000  0.56869010E+000  0.84518236E+000  0.10534401E+001  0.14258581E+001  0.19503374E+001  0.26644597E+001  0.38992526E+001  0.12856389E+002
  0.38017164E+000  0.42598672E+000  0.53135656E+000  0.56869010E+000  0.84518233E+000  0.10534401E+001  0.14258580E+001  0.19503374E+001  0.26644595E+001  0.38992525E+001  0.12856388E+002
  0.38017162E+000  0.42598670E+000  0.53135653E+000  0.56869009E+000  0.84518230E+000  0.10534400E+001  0.14258580E+001  0.19503374E+001  0.26644594E+001  0.38992524E+001  0.12856386E+002
  0.38017159E+000  0.42598668E+000  0.53135651E+000  0.56869009E+000  0.84518227E+000  0.10534400E+001  0.14258579E+001  0.19503374E+001  0.26644593E+001  0.38992523E+001  0.12856385E+002
  0.38017157E+000  0.42598666E+000  0.53135648E+000  0.56869008E+000  0.84518224E+000  0.10534400E+001  0.14258579E+001  0.19503374E+001  0.26644592E+001  0.38992523E+001  0.12856384E+002
  0.38017154E+000  0.42598664E+000  0.53135645E+000  0.56869008E+000  0.84518221E+000  0.10534400E+001  0.14258578E+001  0.19503374E+001  0.26644590E+001  0.38992522E+001  0.12856382E+002
  0.38017152E+000  0.42598662E+000  0.53135642E+000  0.56869007E+000  0.84518217E+000  0.10534399E+001  0.14258577E+001  0.19503374E+001  0.26644589E+001  0.38992521E+001  0.12856381E+002
  0.38017149E+000  0.42598660E+000  0.53135639E+000  0.56869007E+000  0.84518214E+000  0.10534399E+001  0.14258577E+001  0.19503374E+001  0.26644588E+001  0.38992520E+001  0.12856380E+002
  0.38017147E+000  0.42598658E+000  0.53135636E+000  0.56869006E+000  0.84518211E+000  0.10534399E+001  0.14258576E+001  0.19503374E+001  0.26644587E+001  0.38992519E+001  0.12856378E+002
  0.38017145E+000  0.42598655E+000  0.53135634E+000  0.56869006E+000  0.84518208E+000  0.10534398E+001  0.14258576E+001  0.19503374E+001  0.26644586E+001  0.38992518E+001  0.12856377E+002
  0.38017142E+000  0.42598653E+000  0.53135631E+000  0.56869005E+000  0.84518206E+000  0.10534398E+001  0.14258575E+001  0.19503373E+001  0.26644585E+001  0.38992517E+001  0.12856376E+002
  0.38017140E+000  0.42598651E+000  0.53135628E+000  0.56869005E+000  0.84518203E+000  0.10534398E+001  0.14258575E+001  0.19503373E+001  0.26644584E+001  0.38992517E+001  0.12856375E+002
  0.38017138E+000  0.42598650E+000  0.53135626E+000  0.56869004E+000  0.84518200E+000  0.10534398E+001  0.14258575E+001  0.19503374E+001  0.26644583E+001  0.38992516E+001  0.12856373E+002
  0.38017136E+000  0.42598648E+000  0.53135623E+000  0.56869004E+000  0.84518198E+000  0.10534397E+001  0.14258574E+001  0.19503374E+001  0.26644582E+001  0.38992515E+001  0.12856372E+002
  0.38017134E+000  0.42598646E+000  0.53135621E+000  0.56869003E+000  0.84518196E+000  0.10534397E+001  0.14258574E+001  0.19503374E+001  0.26644581E+001  0.38992515E+001  0.12856371E+002
  0.38017132E+000  0.42598645E+000  0.53135619E+000  0.56869003E+000  0.84518194E+000  0.10534397E+001  0.14258574E+001  0.19503374E+001  0.26644581E+001  0.38992514E+001  0.12856370E+002
  0.38017131E+000  0.42598643E+000  0.53135618E+000  0.56869003E+000  0.84518192E+000  0.10534397E+001  0.14258573E+001  0.19503374E+001  0.26644580E+001  0.38992514E+001  0.12856369E+002
  0.38017129E+000  0.42598642E+000  0.53135616E+000  0.56869002E+000  0.84518191E+000  0.10534397E+001  0.14258573E+001  0.19503374E+001  0.26644580E+001  0.38992513E+001  0.12856368E+002
  0.38017128E+000  0.42598641E+000  0.53135615E+000  0.56869002E+000  0.84518190E+000  0.10534396E+001  0.14258573E+001  0.19503374E+001  0.26644580E+001  0.38992513E+001  0.12856368E+002
  0.38017128E+000  0.42598641E+000  0.53135614E+000  0.56869002E+000  0.84518189E+000  0.10534396E+001  0.14258573E+001  0.19503375E+001  0.26644580E+001  0.38992513E+001  0.12856367E+002
  0.38017127E+000  0.42598640E+000  0.53135614E+000  0.56869002E+000  0.84518189E+000  0.10534396E+001  0.14258573E+001  0.19503375E+001  0.26644580E+001  0.38992513E+001  0.12856367E+002
  0.38017127E+000  0.42598640E+000  0.53135614E+000  0.56869002E+000  0.84518189E+000  0.10534396E+001  0.14258573E+001  0.19503375E+001  0.26644580E+001  0.38992513E+001  0.12856366E+002
  0.38017127E+000  0.42598640E+000  0.53135614E+000  0.56869002E+000  0.84518189E+000  0.10534396E+001  0.14258573E+001  0.19503376E+001  0.26644580E+001  0.38992514E+001  0.12856366E+002
  0.38017127E+000  0.42598640E+000  0.53135614E+000  0.56869002E+000  0.84518189E+000  0.10534396E+001  0.14258573E+001  0.19503376E+001  0.26644581E+001  0.38992514E+001  0.12856366E+002
  0.38017127E+000  0.42598640E+000  0.53135615E+000  0.56869002E+000  0.84518190E+000  0.10534396E+001  0.14258573E+001  0.19503377E+001  0.26644581E+001  0.38992515E+001  0.12856366E+002
  0.38017128E+000  0.42598641E+000  0.53135616E+000  0.56869002E+000  0.84518192E+000  0.10534397E+001  0.14258574E+001  0.19503378E+001  0.26644582E+001  0.38992516E+001  0.12856366E+002
  0.38017129E+000  0.42598641E+000  0.53135617E+000  0.56869002E+000  0.84518193E+000  0.10534397E+001  0.14258574E+001  0.19503378E+001  0.26644583E+001  0.38992516E+001  0.12856367E+002
  0.38017130E+000  0.42598642E+000  0.53135619E+000  0.56869002E+000  0.84518195E+000  0.10534397E+001  0.14258574E+001  0.19503379E+001  0.26644584E+001  0.38992518E+001  0.12856367E+002
  0.38017132E+000  0.42598644E+000  0.53135621E+000  0.56869003E+000  0.84518198E+000  0.10534397E+001  0.14258575E+001  0.19503380E+001  0.26644585E+001  0.38992519E+001  0.12856368E+002
  0.38017134E+000  0.42598645E+000  0.53135624E+000  0.56869003E+000  0.84518200E+000  0.10534397E+001  0.14258575E+001  0.19503381E+001  0.26644586E+001  0.38992520E+001  0.12856369E+002
  0.38017136E+000  0.42598647E+000  0.53135626E+000  0.56869003E+000  0.84518203E+000  0.10534398E+001  0.14258576E+001  0.19503382E+001  0.26644588E+001  0.38992522E+001  0.12856370E+002
  0.38017138E+000  0.42598649E+000  0.53135630E+000  0.56869004E+000  0.84518207E+000  0.10534398E+001  0.14258576E+001  0.19503382E+001  0.26644589E+001  0.38992523E+001  0.12856371E+002
  0.38017141E+000  0.42598651E+000  0.53135633E+000  0.56869004E+000  0.84518210E+000  0.10534398E+001  0.14258577E+001  0.19503383E+001  0.26644591E+001  0.38992525E+001  0.12856372E+002
  0.38017144E+000  0.42598653E+000  0.53135636E+000  0.56869005E+000  0.84518214E+000  0.10534399E+001  0.14258578E+001  0.19503384E+001  0.26644593E+001  0.38992527E+001  0.12856374E+002
  0.38017147E+000  0.42598656E+000  0.53135640E+000  0.56869005E+000  0.84518218E+000  0.10534399E+001  0.14258579E+001  0.19503385E+001  0.26644594E+001  0.38992529E+001  0.12856375E+002
  0.38017150E+000  0.42598659E+000  0.53135644E+000  0.56869006E+000  0.84518223E+000  0.10534399E+001  0.14258579E+001  0.19503386E+001  0.26644596E+001  0.38992531E+001  0.12856377E+002
  0.38017153E+000  0.42598661E+000  0.53135649E+000  0.56869007E+000  0.84518227E+000  0.10534400E+001  0.14258580E+001  0.19503387E+001  0.26644598E+001  0.38992533E+001  0.12856379E+002
  0.38017156E+000  0.42598664E+000  0.53135653E+000  0.56869007E+000  0.84518232E+000  0.10534400E+001  0.14258581E+001  0.19503388E+001  0.26644600E+001  0.38992536E+001  0.12856381E+002
  0.38017160E+000  0.42598667E+000  0.53135658E+000  0.56869008E+000  0.84518237E+000  0.10534401E+001  0.14258582E+001  0.19503390E+001  0.26644602E+001  0.38992538E+001  0.12856382E+002
  0.38017164E+000  0.42598670E+000  0.53135662E+000  0.56869009E+000  0.84518242E+000  0.10534401E+001  0.14258583E+001  0.19503391E+001  0.26644604E+001  0.38992540E+001  0.12856384E+002
  0.38017167E+000  0.42598673E+000  0.53135667E+000  0.56869009E+000  0.84518247E+000  0.10534402E+001  0.14258583E+001  0.19503392E+001  0.26644606E+001  0.38992543E+001  0.12856386E+002
  0.38017171E+000  0.42598677E+000  0.53135672E+000  0.56869010E+000  0.84518252E+000  0.10534402E+001  0.14258584E+001  0.19503393E+001  0.26644609E+001  0.38992545E+001  0.12856388E+002
  0.38017175E+000  0.42598680E+000  0.53135677E+000  0.56869011E+000  0.84518257E+000  0.10534402E+001  0.14258585E+001  0.19503394E+001  0.26644611E+001  0.38992547E+001  0.12856390E+002
  0.38017179E+000  0.42598683E+000  0.53135681E+000  0.56869012E+000  0.84518262E+000  0.10534403E+001  0.14258586E+001  0.19503395E+001  0.26644613E+001  0.38992550E+001  0.12856393E+002
  0.38017183E+000  0.42598686E+000  0.53135686E+000  0.56869012E+000  0.84518267E+000  0.10534403E+001  0.14258587E+001  0.19503396E+001  0.26644615E+001  0.38992552E+001  0.12856395E+002
  0.38017186E+000  0.42598689E+000  0.53135691E+000  0.56869013E+000  0.84518272E+000  0.10534404E+001  0.14258588E+001  0.19503397E+001  0.26644617E+001  0.38992555E+001  0.12856397E+002
  0.38017190E+000  0.42598692E+000  0.53135695E+000  0.56869014E+000  0.84518277E+000  0.10534404E+001  0.14258588E+001  0.19503398E+001  0.26644619E+001  0.38992557E+001  0.12856399E+002
  0.38017194E+000  0.42598695E+000  0.53135700E+000  0.56869015E+000  0.84518282E+000  0.10534405E+001  0.14258589E+001  0.19503399E+001  0.26644621E+001  0.38992560E+001  0.12856401E+002
  0.38017198E+000  0.42598699E+000  0.53135705E+000  0.56869015E+000  0.84518286E+000  0.10534405E+001  0.14258590E+001  0.19503401E+001  0.26644623E+001  0.38992562E+001  0.12856402E+002
  0.38017201E+000  0.42598702E+000  0.53135709E+000  0.56869016E+000  0.84518291E+000  0.10534406E+001  0.14258591E+001  0.19503402E+001  0.26644625E+001  0.38992564E+001  0.12856404E+002
  0.38017205E+000  0.42598705E+000  0.53135713E+000  0.56869017E+000  0.84518295E+000  0.10534406E+001  0.14258592E+001  0.19503403E+001  0.26644627E+001  0.38992567E+001  0.12856406E+002
  0.38017209E+000  0.42598708E+000  0.53135718E+000  0.56869017E+000  0.84518300E+000  0.10534407E+001  0.14258593E+001  0.19503404E+001  0.26644629E+001  0.38992570E+001  0.12856408E+002
  0.38017213E+000  0.42598711E+000  0.53135722E+000  0.56869018E+000  0.84518304E+000  0.10534407E+001  0.14258594E+001  0.19503406E+001  0.26644632E+001  0.38992572E+001  0.12856409E+002
  0.38017217E+000  0.42598715E+000  0.53135727E+000  0.56869019E+000  0.84518309E+000  0.10534408E+001  0.14258596E+001  0.19503408E+001  0.26644634E+001  0.38992575E+001  0.12856411E+002
  0.38017222E+000  0.42598719E+000  0.53135732E+000  0.56869019E+000  0.84518314E+000  0.10534409E+001  0.14258598E+001  0.19503410E+001  0.26644636E+001  0.38992579E+001  0.12856413E+002
  0.38017228E+000  0.42598724E+000  0.53135739E+000  0.56869020E+000  0.84518321E+000  0.10534410E+001  0.14258601E+001  0.19503413E+001  0.26644639E+001  0.38992582E+001  0.12856415E+002
  0.38017236E+000  0.42598730E+000  0.53135748E+000  0.56869021E+000  0.84518331E+000  0.10534411E+001  0.14258604E+001  0.19503416E+001  0.26644643E+001  0.38992587E+001  0.12856417E+002
  0.38017248E+000  0.42598739E+000  0.53135763E+000  0.56869022E+000  0.84518346E+000  0.10534413E+001  0.14258608E+001  0.19503421E+001  0.26644648E+001  0.38992592E+001  0.12856421E+002
  0.38017273E+000  0.42598758E+000  0.53135794E+000  0.56869027E+000  0.84518379E+000  0.10534415E+001  0.14258613E+001  0.19503426E+001  0.26644657E+001  0.38992603E+001  0.12856435E+002
  0.38017351E+000  0.42598837E+000  0.53135914E+000  0.56869054E+000  0.84518472E+000  0.10534425E+001  0.14258621E+001  0.19503424E+001  0.26644680E+001  0.38992646E+001  0.12856509E+002
  0.38017415E+000  0.42598912E+000  0.53135993E+000  0.56869075E+000  0.84518551E+000  0.10534425E+001  0.14258603E+001  0.19503415E+001  0.26644696E+001  0.38992690E+001  0.12856571E+002
