  0.30514967E+000  0.32578906E+000  0.40855981E+000  0.51580420E+000  0.65317643E+000  0.95414667E+000  0.13964745E+001  0.21721727E+001  0.28303695E+001  0.38540162E+001  0.46872251E+001
  0.30503834E+000  0.32567223E+000  0.40863325E+000  0.51617303E+000  0.65316990E+000  0.95384745E+000  0.13961302E+001  0.21721727E+001  0.28300690E+001  0.38537814E+001  0.46874317E+001
  0.30494359E+000  0.32557335E+000  0.40855680E+000  0.51607223E+000  0.65318680E+000  0.95360290E+000  0.13958685E+001  0.21721727E+001  0.28298469E+001  0.38537544E+001  0.46697583E+001
  0.30486327E+000  0.32548973E+000  0.40849187E+000  0.51611600E+000  0.65318230E+000  0.95339690E+000  0.13955969E+001  0.21721727E+001  0.28297025E+001  0.38535860E+001  0.46695848E+001
  0.30479530E+000  0.32541904E+000  0.40843681E+000  0.51614037E+000  0.65318810E+000  0.95321498E+000  0.13953674E+001  0.21721727E+001  0.28294829E+001  0.38519729E+001  0.46655283E+001
  0.30473785E+000  0.32535934E+000  0.40839019E+000  0.51609597E+000  0.65318210E+000  0.95302998E+000  0.13951879E+001  0.21721727E+001  0.28279692E+001  0.38447580E+001  0.46655307E+001
  0.30468934E+000  0.32530895E+000  0.40867046E+000  0.51605830E+000  0.65317698E+000  0.95291512E+000  0.13950361E+001  0.21721727E+001  0.28252366E+001  0.38379093E+001  0.46655328E+001
  0.30464838E+000  0.32526645E+000  0.40862610E+000  0.51602635E+000  0.65318792E+000  0.95282116E+000  0.13949076E+001  0.21721727E+001  0.28241986E+001  0.38378710E+001  0.46655377E+001
  0.30461381E+000  0.32523062E+000  0.40858870E+000  0.51599923E+000  0.65318652E+000  0.95273278E+000  0.13948405E+001  0.21721727E+001  0.28227411E+001  0.38377977E+001  0.46655365E+001
  0.30458462E+000  0.32520039E+000  0.40855721E+000  0.51616909E+000  0.65318795E+000  0.95262413E+000  0.13947069E+001  0.21721727E+001  0.28215620E+001  0.38377133E+001  0.46655382E+001
  0.30455996E+000  0.32517489E+000  0.40853073E+000  0.51614704E+000  0.65318582E+000  0.95256871E+000  0.13946288E+001  0.21721727E+001  0.28210279E+001  0.38376256E+001  0.46656056E+001
  0.30453908E+000  0.32515336E+000  0.40850846E+000  0.51612825E+000  0.65318400E+000  0.95252225E+000  0.13945624E+001  0.21721727E+001  0.28207765E+001  0.38375392E+001  0.46626910E+001
  0.30452139E+000  0.32513514E+000  0.40848974E+000  0.51611218E+000  0.65318820E+000  0.95248310E+000  0.13945059E+001  0.21721727E+001  0.28203328E+001  0.38374889E+001  0.46591096E+001
  0.30450634E+000  0.32511970E+000  0.40847400E+000  0.51609838E+000  0.65318697E+000  0.95244992E+000  0.13944576E+001  0.21721727E+001  0.28186203E+001  0.38374318E+001  0.46589479E+001
  0.30449351E+000  0.32510658E+000  0.40846075E+000  0.51608649E+000  0.65318591E+000  0.95242164E+000  0.13944162E+001  0.21721727E+001  0.28186483E+001  0.38373826E+001  0.46563832E+001
  0.30448252E+000  0.32509539E+000  0.40844957E+000  0.51607619E+000  0.65318499E+000  0.95230470E+000  0.13943804E+001  0.21721727E+001  0.28183315E+001  0.38377360E+001  0.46563599E+001
  0.30447307E+000  0.32508581E+000  0.40844010E+000  0.51606721E+000  0.65318419E+000  0.95228082E+000  0.13943519E+001  0.21721727E+001  0.28181953E+001  0.38377174E+001  0.46563398E+001
  0.30446490E+000  0.32507759E+000  0.40843206E+000  0.51605934E+000  0.65318814E+000  0.95226036E+000  0.13943359E+001  0.21721727E+001  0.28181035E+001  0.38376882E+001  0.46563223E+001
  0.30445780E+000  0.32507050E+000  0.40842523E+000  0.51617133E+000  0.65318735E+000  0.95224273E+000  0.13943219E+001  0.21721727E+001  0.28180409E+001  0.38377040E+001  0.46563504E+001
  0.30445161E+000  0.32506435E+000  0.40841940E+000  0.51616406E+000  0.65318666E+000  0.95222747E+000  0.13942778E+001  0.21721727E+001  0.28178068E+001  0.38376717E+001  0.46563236E+001
  0.30444616E+000  0.32505901E+000  0.40841441E+000  0.51615767E+000  0.65318604E+000  0.95221419E+000  0.13942592E+001  0.21721727E+001  0.28173980E+001  0.38376416E+001  0.46563000E+001
  0.30444133E+000  0.32505433E+000  0.40841012E+000  0.51615201E+000  0.65318550E+000  0.95220255E+000  0.13942425E+001  0.21721727E+001  0.28173558E+001  0.38376139E+001  0.46562790E+001
  0.30443703E+000  0.32505021E+000  0.40840641E+000  0.51614695E+000  0.65318500E+000  0.95219226E+000  0.13942274E+001  0.21721727E+001  0.28168926E+001  0.38375989E+001  0.46562602E+001
  0.30443316E+000  0.32504655E+000  0.40840318E+000  0.51614239E+000  0.65318455E+000  0.95218310E+000  0.13942137E+001  0.21721727E+001  0.28168515E+001  0.38375849E+001  0.46562432E+001
  0.30442965E+000  0.32504329E+000  0.40840035E+000  0.51613825E+000  0.65318414E+000  0.95217487E+000  0.13942011E+001  0.21721726E+001  0.28168159E+001  0.38375717E+001  0.46562277E+001
  0.30442643E+000  0.32504034E+000  0.40839785E+000  0.51613445E+000  0.65318377E+000  0.95216741E+000  0.13941894E+001  0.21721727E+001  0.28167845E+001  0.38375594E+001  0.46562134E+001
  0.30442346E+000  0.32503768E+000  0.40839562E+000  0.51613093E+000  0.65318341E+000  0.95216059E+000  0.13941784E+001  0.21721727E+001  0.28167566E+001  0.38375476E+001  0.46562001E+001
  0.30442070E+000  0.32503524E+000  0.40839361E+000  0.51612765E+000  0.65318308E+000  0.95215428E+000  0.13941681E+001  0.21721727E+001  0.28167314E+001  0.38375364E+001  0.46561877E+001
  0.30441810E+000  0.32503299E+000  0.40839178E+000  0.51612457E+000  0.65318829E+000  0.95214841E+000  0.13941583E+001  0.21721727E+001  0.28167084E+001  0.38375257E+001  0.46561761E+001
  0.30441565E+000  0.32503091E+000  0.40839010E+000  0.51612164E+000  0.65318807E+000  0.95214290E+000  0.13941489E+001  0.21721727E+001  0.28166872E+001  0.38375153E+001  0.46561649E+001
  0.30441331E+000  0.32502896E+000  0.40838854E+000  0.51611886E+000  0.65318786E+000  0.95213768E+000  0.13941399E+001  0.21721727E+001  0.28166675E+001  0.38375052E+001  0.46561543E+001
  0.30441108E+000  0.32502713E+000  0.40838708E+000  0.51611619E+000  0.65318766E+000  0.95213271E+000  0.13941312E+001  0.21721727E+001  0.28165632E+001  0.38374954E+001  0.46561441E+001
  0.30440892E+000  0.32502540E+000  0.40838571E+000  0.51611361E+000  0.65318747E+000  0.95212795E+000  0.13941228E+001  0.21721727E+001  0.28165398E+001  0.38376606E+001  0.46561343E+001
  0.30440685E+000  0.32502377E+000  0.40838440E+000  0.51611112E+000  0.65318728E+000  0.95212337E+000  0.13941146E+001  0.21721721E+001  0.28164832E+001  0.38376470E+001  0.46561247E+001
  0.30440483E+000  0.32502221E+000  0.40838316E+000  0.51610871E+000  0.65318709E+000  0.95211894E+000  0.13941066E+001  0.21721724E+001  0.28164775E+001  0.38376334E+001  0.46561155E+001
  0.30440287E+000  0.32502072E+000  0.40838197E+000  0.51610636E+000  0.65318691E+000  0.95211464E+000  0.13940987E+001  0.21721719E+001  0.28164720E+001  0.38376200E+001  0.46561065E+001
  0.30440097E+000  0.32501930E+000  0.40838083E+000  0.51610407E+000  0.65318673E+000  0.95211047E+000  0.13940911E+001  0.21721715E+001  0.28164734E+001  0.38376067E+001  0.46560976E+001
  0.30439911E+000  0.32501794E+000  0.40837973E+000  0.51610184E+000  0.65318656E+000  0.95210641E+000  0.13940835E+001  0.21721711E+001  0.28164699E+001  0.38375935E+001  0.46560890E+001
  0.30439730E+000  0.32501663E+000  0.40837866E+000  0.51609966E+000  0.65318639E+000  0.95210244E+000  0.13940761E+001  0.21721706E+001  0.28164664E+001  0.38375804E+001  0.46560806E+001
  0.30439552E+000  0.32501537E+000  0.40837763E+000  0.51609753E+000  0.65318622E+000  0.95209857E+000  0.13940689E+001  0.21721702E+001  0.28164628E+001  0.38375674E+001  0.46560724E+001
  0.30439379E+000  0.32501416E+000  0.40837664E+000  0.51609545E+000  0.65318605E+000  0.95209478E+000  0.13940618E+001  0.21721698E+001  0.28164593E+001  0.38375545E+001  0.46560643E+001
  0.30439210E+000  0.32501299E+000  0.40837568E+000  0.51609341E+000  0.65318589E+000  0.95209108E+000  0.13940548E+001  0.21721695E+001  0.28164558E+001  0.38375418E+001  0.46560564E+001
  0.30439044E+000  0.32501186E+000  0.40837474E+000  0.51609141E+000  0.65318573E+000  0.95208746E+000  0.13940479E+001  0.21721726E+001  0.28164524E+001  0.38355417E+001  0.46560486E+001
  0.30438882E+000  0.32501077E+000  0.40837384E+000  0.51608946E+000  0.65318558E+000  0.95208391E+000  0.13940411E+001  0.21721723E+001  0.28164490E+001  0.38355300E+001  0.46560410E+001
  0.30438723E+000  0.32500972E+000  0.40837296E+000  0.51608755E+000  0.65318542E+000  0.95208043E+000  0.13940345E+001  0.21721721E+001  0.28164457E+001  0.38355176E+001  0.46560007E+001
  0.30438568E+000  0.32500870E+000  0.40837211E+000  0.51608568E+000  0.65318527E+000  0.95207703E+000  0.13940280E+001  0.21721719E+001  0.28164425E+001  0.38355050E+001  0.46559942E+001
  0.30438415E+000  0.32500771E+000  0.40837129E+000  0.51608385E+000  0.65318512E+000  0.95207369E+000  0.13940216E+001  0.21721716E+001  0.28164394E+001  0.38354924E+001  0.46559878E+001
  0.30438266E+000  0.32500675E+000  0.40837048E+000  0.51608205E+000  0.65318497E+000  0.95207041E+000  0.13940153E+001  0.21721727E+001  0.28164364E+001  0.38354805E+001  0.46559816E+001
  0.30438120E+000  0.32500581E+000  0.40836970E+000  0.51608029E+000  0.65318483E+000  0.95206720E+000  0.13940091E+001  0.21721727E+001  0.28164336E+001  0.38354695E+001  0.46559755E+001
  0.30437977E+000  0.32500490E+000  0.40836895E+000  0.51607857E+000  0.65318469E+000  0.95206405E+000  0.13940030E+001  0.21721727E+001  0.28164310E+001  0.38354600E+001  0.46559696E+001
  0.30437837E+000  0.32500401E+000  0.40836821E+000  0.51607689E+000  0.65318455E+000  0.95206096E+000  0.13939971E+001  0.21721727E+001  0.28164286E+001  0.38354524E+001  0.46559639E+001
  0.30437700E+000  0.32500314E+000  0.40836749E+000  0.51607524E+000  0.65318441E+000  0.95205794E+000  0.13939912E+001  0.21721727E+001  0.28164281E+001  0.38354471E+001  0.46559583E+001
  0.30437566E+000  0.32500229E+000  0.40836679E+000  0.51607363E+000  0.65318428E+000  0.95205499E+000  0.13939859E+001  0.21721727E+001  0.28164254E+001  0.38354446E+001  0.46559528E+001
  0.30437435E+000  0.32500146E+000  0.40836612E+000  0.51607206E+000  0.65318415E+000  0.95205211E+000  0.13939813E+001  0.21721727E+001  0.28164227E+001  0.38354454E+001  0.46559475E+001
  0.30437307E+000  0.32500065E+000  0.40836546E+000  0.51607053E+000  0.65318402E+000  0.95204930E+000  0.13939769E+001  0.21721727E+001  0.28164187E+001  0.38354500E+001  0.46559423E+001
  0.30437182E+000  0.32499986E+000  0.40836482E+000  0.51606903E+000  0.65318390E+000  0.95204657E+000  0.13939725E+001  0.21721727E+001  0.28164151E+001  0.38354588E+001  0.46559373E+001
  0.30437061E+000  0.32499909E+000  0.40836419E+000  0.51606758E+000  0.65318378E+000  0.95204392E+000  0.13939683E+001  0.21721727E+001  0.28164147E+001  0.38354722E+001  0.46559324E+001
  0.30436942E+000  0.32499834E+000  0.40836359E+000  0.51606617E+000  0.65318366E+000  0.95204135E+000  0.13939641E+001  0.21721727E+001  0.28164113E+001  0.38354909E+001  0.46559276E+001
  0.30436828E+000  0.32499762E+000  0.40836301E+000  0.51606480E+000  0.65318355E+000  0.95203887E+000  0.13939541E+001  0.21721727E+001  0.28164085E+001  0.38355151E+001  0.46559230E+001
  0.30436717E+000  0.32499691E+000  0.40836245E+000  0.51606348E+000  0.65318344E+000  0.95203648E+000  0.13939494E+001  0.21721727E+001  0.28164062E+001  0.38375970E+001  0.46559186E+001
  0.30436609E+000  0.32499623E+000  0.40836190E+000  0.51606220E+000  0.65318333E+000  0.95203419E+000  0.13939449E+001  0.21721727E+001  0.28164045E+001  0.38375939E+001  0.46559142E+001
  0.30436505E+000  0.32499557E+000  0.40836138E+000  0.51606097E+000  0.65318323E+000  0.95203200E+000  0.13939405E+001  0.21721727E+001  0.28164035E+001  0.38375911E+001  0.46559101E+001
  0.30436405E+000  0.32499493E+000  0.40836087E+000  0.51605979E+000  0.65318313E+000  0.95202992E+000  0.13939363E+001  0.21721727E+001  0.28164420E+001  0.38375883E+001  0.46559060E+001
  0.30436310E+000  0.32499433E+000  0.40836039E+000  0.51605866E+000  0.65318303E+000  0.95202795E+000  0.13939322E+001  0.21721727E+001  0.28166949E+001  0.38375858E+001  0.46559022E+001
  0.30436218E+000  0.32499375E+000  0.40835993E+000  0.51605759E+000  0.65318294E+000  0.95202611E+000  0.13939284E+001  0.21721727E+001  0.28167088E+001  0.38375834E+001  0.46558985E+001
  0.30436132E+000  0.32499320E+000  0.40835949E+000  0.51605657E+000  0.65318286E+000  0.95202438E+000  0.13939248E+001  0.21721727E+001  0.28168641E+001  0.38375811E+001  0.46558950E+001
  0.30436049E+000  0.32499268E+000  0.40835908E+000  0.51605560E+000  0.65318278E+000  0.95202278E+000  0.13939213E+001  0.21721727E+001  0.28169267E+001  0.38375791E+001  0.46558916E+001
  0.30435971E+000  0.32499219E+000  0.40835869E+000  0.51605469E+000  0.65318270E+000  0.95202130E+000  0.13939180E+001  0.21721727E+001  0.28171632E+001  0.38376042E+001  0.46558884E+001
  0.30435897E+000  0.32499174E+000  0.40835833E+000  0.51605382E+000  0.65318263E+000  0.95201994E+000  0.13939149E+001  0.21721727E+001  0.28172482E+001  0.38376012E+001  0.46558853E+001
  0.30435828E+000  0.32499131E+000  0.40835798E+000  0.51605301E+000  0.65318256E+000  0.95201870E+000  0.13939120E+001  0.21721727E+001  0.28175189E+001  0.38375984E+001  0.46558824E+001
  0.30435762E+000  0.32499091E+000  0.40835766E+000  0.51605225E+000  0.65318249E+000  0.95201757E+000  0.13938753E+001  0.21721727E+001  0.28175218E+001  0.38375958E+001  0.46558796E+001
  0.30435701E+000  0.32499053E+000  0.40835736E+000  0.51605154E+000  0.65318243E+000  0.95201657E+000  0.13938727E+001  0.21721727E+001  0.28175234E+001  0.38375935E+001  0.46558770E+001
  0.30435644E+000  0.32499019E+000  0.40835708E+000  0.51605088E+000  0.65318238E+000  0.95201568E+000  0.13938703E+001  0.21721727E+001  0.28175238E+001  0.38375914E+001  0.46558746E+001
  0.30435591E+000  0.32498987E+000  0.40835682E+000  0.51605026E+000  0.65318233E+000  0.95201489E+000  0.13938681E+001  0.21721727E+001  0.28188984E+001  0.38375895E+001  0.46558723E+001
  0.30435541E+000  0.32498958E+000  0.40835658E+000  0.51604969E+000  0.65318228E+000  0.95201422E+000  0.13938661E+001  0.21721727E+001  0.28190829E+001  0.38375878E+001  0.46558701E+001
  0.30435495E+000  0.32498932E+000  0.40835636E+000  0.51604916E+000  0.65318223E+000  0.95201365E+000  0.13938642E+001  0.21721727E+001  0.28190830E+001  0.38375863E+001  0.46558680E+001
  0.30435453E+000  0.32498907E+000  0.40835616E+000  0.51604868E+000  0.65318219E+000  0.95201317E+000  0.13938625E+001  0.21721727E+001  0.28193301E+001  0.38375850E+001  0.46558661E+001
  0.30435414E+000  0.32498886E+000  0.40835597E+000  0.51604823E+000  0.65318215E+000  0.95201280E+000  0.13938609E+001  0.21721727E+001  0.28195438E+001  0.38375839E+001  0.46558643E+001
  0.30435378E+000  0.32498866E+000  0.40835580E+000  0.51604782E+000  0.65318212E+000  0.95201251E+000  0.13938595E+001  0.21721727E+001  0.28195576E+001  0.38375830E+001  0.46558626E+001
  0.30435345E+000  0.32498848E+000  0.40835564E+000  0.51604744E+000  0.65318209E+000  0.95201230E+000  0.13938582E+001  0.21721727E+001  0.28195722E+001  0.38375822E+001  0.46558610E+001
  0.30435315E+000  0.32498833E+000  0.40835550E+000  0.51604710E+000  0.65318206E+000  0.95201218E+000  0.13938570E+001  0.21721727E+001  0.28195877E+001  0.38375816E+001  0.46558596E+001
  0.30435288E+000  0.32498819E+000  0.40835538E+000  0.51604679E+000  0.65318204E+000  0.95201213E+000  0.13938559E+001  0.21721727E+001  0.28196039E+001  0.38375811E+001  0.46558582E+001
  0.30435263E+000  0.32498807E+000  0.40835526E+000  0.51604651E+000  0.65318201E+000  0.95201215E+000  0.13938549E+001  0.21721727E+001  0.28199163E+001  0.38375807E+001  0.46558505E+001
  0.30435240E+000  0.32498797E+000  0.40835516E+000  0.51604626E+000  0.65318199E+000  0.95201224E+000  0.13938541E+001  0.21721727E+001  0.28199312E+001  0.38375805E+001  0.46558540E+001
  0.30435220E+000  0.32498788E+000  0.40835507E+000  0.51604603E+000  0.65318197E+000  0.95201239E+000  0.13938533E+001  0.21721727E+001  0.28199463E+001  0.38375804E+001  0.46574905E+001
  0.30435202E+000  0.32498781E+000  0.40835499E+000  0.51604583E+000  0.65318196E+000  0.95201260E+000  0.13938527E+001  0.21721727E+001  0.28212674E+001  0.38375804E+001  0.46580696E+001
  0.30435185E+000  0.32498775E+000  0.40835491E+000  0.51604565E+000  0.65318194E+000  0.95201285E+000  0.13938521E+001  0.21721727E+001  0.28215040E+001  0.38375804E+001  0.46581143E+001
  0.30435171E+000  0.32498770E+000  0.40835485E+000  0.51604548E+000  0.65318193E+000  0.95201316E+000  0.13938516E+001  0.21721727E+001  0.28215879E+001  0.38375806E+001  0.46587733E+001
  0.30435158E+000  0.32498766E+000  0.40835479E+000  0.51604534E+000  0.65318192E+000  0.95201351E+000  0.13938511E+001  0.21721727E+001  0.28215918E+001  0.38375808E+001  0.46596585E+001
  0.30435146E+000  0.32498764E+000  0.40835475E+000  0.51604522E+000  0.65318191E+000  0.95201390E+000  0.13938508E+001  0.21721727E+001  0.28227018E+001  0.38375812E+001  0.46597055E+001
  0.30435136E+000  0.32498762E+000  0.40835471E+000  0.51604511E+000  0.65318190E+000  0.95201433E+000  0.13938505E+001  0.21721727E+001  0.28228342E+001  0.38375815E+001  0.46625360E+001
  0.30435127E+000  0.32498761E+000  0.40835468E+000  0.51604501E+000  0.65318190E+000  0.95201479E+000  0.13938502E+001  0.21721727E+001  0.28229148E+001  0.38375820E+001  0.46630947E+001
  0.30435119E+000  0.32498761E+000  0.40835465E+000  0.51604493E+000  0.65318189E+000  0.95201528E+000  0.13938500E+001  0.21721727E+001  0.28229442E+001  0.38375825E+001  0.46658615E+001
  0.30435113E+000  0.32498762E+000  0.40835463E+000  0.51604486E+000  0.65318189E+000  0.95201580E+000  0.13938499E+001  0.21721727E+001  0.28229739E+001  0.38375830E+001  0.46658636E+001
  0.30435107E+000  0.32498764E+000  0.40835461E+000  0.51604480E+000  0.65318189E+000  0.95201633E+000  0.13938497E+001  0.21721727E+001  0.28232107E+001  0.38375836E+001  0.46658658E+001
  0.30435102E+000  0.32498766E+000  0.40835460E+000  0.51604475E+000  0.65318188E+000  0.95201689E+000  0.13938497E+001  0.21721727E+001  0.28232107E+001  0.38375842E+001  0.46658680E+001
  0.30435098E+000  0.32498769E+000  0.40835459E+000  0.51604471E+000  0.65318188E+000  0.95201747E+000  0.13938496E+001  0.21721727E+001  0.28253131E+001  0.38375848E+001  0.46658704E+001
  0.30435095E+000  0.32498772E+000  0.40835458E+000  0.51604468E+000  0.65318188E+000  0.95201806E+000  0.13938496E+001  0.21721727E+001  0.28255451E+001  0.38375855E+001  0.46658727E+001
  0.30435092E+000  0.32498775E+000  0.40835458E+000  0.51604466E+000  0.65318188E+000  0.95201866E+000  0.13938496E+001  0.21721727E+001  0.28260383E+001  0.38375862E+001  0.46658752E+001
  0.30435090E+000  0.32498779E+000  0.40835458E+000  0.51604464E+000  0.65318188E+000  0.95201928E+000  0.13938496E+001  0.21721727E+001  0.28266551E+001  0.38375869E+001  0.46658776E+001
  0.30435089E+000  0.32498784E+000  0.40835458E+000  0.51604462E+000  0.65318188E+000  0.95201990E+000  0.13938497E+001  0.21721727E+001  0.28266738E+001  0.38375876E+001  0.46658801E+001
  0.30435087E+000  0.32498788E+000  0.40835458E+000  0.51604462E+000  0.65318188E+000  0.95202053E+000  0.13938498E+001  0.21721727E+001  0.28266922E+001  0.38375883E+001  0.46658827E+001
  0.30435087E+000  0.32498793E+000  0.40835459E+000  0.51604461E+000  0.65318189E+000  0.95202116E+000  0.13938499E+001  0.21721727E+001  0.28268559E+001  0.38375891E+001  0.46658852E+001
  0.30435086E+000  0.32498798E+000  0.40835459E+000  0.51604461E+000  0.65318189E+000  0.95202179E+000  0.13938500E+001  0.21721727E+001  0.28269177E+001  0.38375898E+001  0.46658878E+001
  0.30435086E+000  0.32498803E+000  0.40835460E+000  0.51604461E+000  0.65318189E+000  0.95202242E+000  0.13938501E+001  0.21721727E+001  0.28269795E+001  0.38375906E+001  0.46658904E+001
  0.30435086E+000  0.32498808E+000  0.40835461E+000  0.51604462E+000  0.65318189E+000  0.95202306E+000  0.13938502E+001  0.21721727E+001  0.28270413E+001  0.38375913E+001  0.46658930E+001
  0.30435086E+000  0.32498813E+000  0.40835462E+000  0.51604463E+000  0.65318190E+000  0.95202369E+000  0.13938503E+001  0.21721727E+001  0.28274934E+001  0.38375921E+001  0.46658956E+001
  0.30435087E+000  0.32498819E+000  0.40835463E+000  0.51604464E+000  0.65318190E+000  0.95202432E+000  0.13938505E+001  0.21721727E+001  0.28275435E+001  0.38375929E+001  0.46658982E+001
  0.30435088E+000  0.32498824E+000  0.40835464E+000  0.51604465E+000  0.65318190E+000  0.95202494E+000  0.13938506E+001  0.21721727E+001  0.28275435E+001  0.38397513E+001  0.46659008E+001
  0.30435088E+000  0.32498829E+000  0.40835465E+000  0.51604466E+000  0.65318191E+000  0.95202556E+000  0.13938508E+001  0.21721727E+001  0.28275436E+001  0.38398211E+001  0.46659034E+001
  0.30435089E+000  0.32498835E+000  0.40835466E+000  0.51604468E+000  0.65318191E+000  0.95202617E+000  0.13938509E+001  0.21721727E+001  0.28275437E+001  0.38401694E+001  0.46659060E+001
  0.30435090E+000  0.32498840E+000  0.40835467E+000  0.51604469E+000  0.65318191E+000  0.95202678E+000  0.13938511E+001  0.21721727E+001  0.28275439E+001  0.38419789E+001  0.46659086E+001
  0.30435091E+000  0.32498845E+000  0.40835468E+000  0.51604471E+000  0.65318192E+000  0.95202738E+000  0.13938512E+001  0.21721727E+001  0.28275440E+001  0.38425265E+001  0.46659112E+001
  0.30435092E+000  0.32498850E+000  0.40835469E+000  0.51604472E+000  0.65318192E+000  0.95202797E+000  0.13938514E+001  0.21721727E+001  0.28275441E+001  0.38433058E+001  0.46659138E+001
  0.30435093E+000  0.32498856E+000  0.40835470E+000  0.51604474E+000  0.65318192E+000  0.95202855E+000  0.13938515E+001  0.21721727E+001  0.28275442E+001  0.38433969E+001  0.46659164E+001
  0.30435095E+000  0.32498861E+000  0.40835471E+000  0.51604476E+000  0.65318193E+000  0.95202913E+000  0.13938517E+001  0.21721727E+001  0.28275443E+001  0.38444057E+001  0.46659190E+001
  0.30435096E+000  0.32498866E+000  0.40835472E+000  0.51604477E+000  0.65318193E+000  0.95202969E+000  0.13938518E+001  0.21721727E+001  0.28275444E+001  0.38476977E+001  0.46659216E+001
  0.30435097E+000  0.32498870E+000  0.40835474E+000  0.51604479E+000  0.65318193E+000  0.95203025E+000  0.13938520E+001  0.21721727E+001  0.28275446E+001  0.38477100E+001  0.46659241E+001
  0.30435098E+000  0.32498875E+000  0.40835475E+000  0.51604481E+000  0.65318194E+000  0.95203079E+000  0.13938522E+001  0.21721727E+001  0.28275447E+001  0.38477686E+001  0.46659267E+001
  0.30435099E+000  0.32498880E+000  0.40835476E+000  0.51604482E+000  0.65318194E+000  0.95203133E+000  0.13938523E+001  0.21721727E+001  0.28275448E+001  0.38493280E+001  0.46659292E+001
  0.30435100E+000  0.32498884E+000  0.40835477E+000  0.51604484E+000  0.65318194E+000  0.95203185E+000  0.13938524E+001  0.21721727E+001  0.28275449E+001  0.38521866E+001  0.46659317E+001
  0.30435102E+000  0.32498889E+000  0.40835478E+000  0.51604486E+000  0.65318195E+000  0.95203237E+000  0.13938526E+001  0.21721727E+001  0.28275450E+001  0.38533102E+001  0.46659343E+001
  0.30435103E+000  0.32498893E+000  0.40835479E+000  0.51604487E+000  0.65318195E+000  0.95203287E+000  0.13938527E+001  0.21721727E+001  0.28275451E+001  0.38533104E+001  0.46659699E+001
  0.30435104E+000  0.32498898E+000  0.40835480E+000  0.51604489E+000  0.65318195E+000  0.95203336E+000  0.13938529E+001  0.21721727E+001  0.28275452E+001  0.38533106E+001  0.46692801E+001
  0.30435105E+000  0.32498902E+000  0.40835481E+000  0.51604490E+000  0.65318196E+000  0.95203385E+000  0.13938530E+001  0.21721727E+001  0.28275453E+001  0.38533108E+001  0.46697980E+001
  0.30435106E+000  0.32498906E+000  0.40835482E+000  0.51604492E+000  0.65318196E+000  0.95203432E+000  0.13938531E+001  0.21721727E+001  0.28275455E+001  0.38533110E+001  0.46697980E+001
  0.30435107E+000  0.32498910E+000  0.40835483E+000  0.51604493E+000  0.65318196E+000  0.95203478E+000  0.13938533E+001  0.21721727E+001  0.28275456E+001  0.38533112E+001  0.46697980E+001
  0.30435108E+000  0.32498914E+000  0.40835484E+000  0.51604495E+000  0.65318196E+000  0.95203523E+000  0.13938534E+001  0.21721727E+001  0.28275457E+001  0.38533113E+001  0.46697981E+001
  0.30435109E+000  0.32498917E+000  0.40835484E+000  0.51604496E+000  0.65318197E+000  0.95203567E+000  0.13938535E+001  0.21721727E+001  0.28274951E+001  0.38533115E+001  0.46697981E+001
  0.30435110E+000  0.32498921E+000  0.40835485E+000  0.51604497E+000  0.65318197E+000  0.95203610E+000  0.13938537E+001  0.21721727E+001  0.28274951E+001  0.38533117E+001  0.46697981E+001
  0.30435111E+000  0.32498925E+000  0.40835486E+000  0.51604499E+000  0.65318197E+000  0.95203652E+000  0.13938538E+001  0.21721727E+001  0.28274952E+001  0.38533118E+001  0.46697981E+001
  0.30435112E+000  0.32498928E+000  0.40835487E+000  0.51604500E+000  0.65318198E+000  0.95203693E+000  0.13938539E+001  0.21721727E+001  0.28274953E+001  0.38533120E+001  0.46697981E+001
  0.30435113E+000  0.32498931E+000  0.40835488E+000  0.51604501E+000  0.65318198E+000  0.95203733E+000  0.13938540E+001  0.21721727E+001  0.28274953E+001  0.38533121E+001  0.46697981E+001
  0.30435114E+000  0.32498934E+000  0.40835489E+000  0.51604503E+000  0.65318198E+000  0.95203772E+000  0.13938541E+001  0.21721727E+001  0.28274954E+001  0.38533123E+001  0.46697981E+001
  0.30435115E+000  0.32498938E+000  0.40835489E+000  0.51604504E+000  0.65318198E+000  0.95203809E+000  0.13938542E+001  0.21721727E+001  0.28274954E+001  0.38533124E+001  0.46697981E+001
  0.30435116E+000  0.32498941E+000  0.40835490E+000  0.51604505E+000  0.65318198E+000  0.95203846E+000  0.13938543E+001  0.21721727E+001  0.28274955E+001  0.38533126E+001  0.46697982E+001
  0.30435117E+000  0.32498944E+000  0.40835491E+000  0.51604506E+000  0.65318199E+000  0.95203882E+000  0.13938544E+001  0.21721727E+001  0.28274956E+001  0.38533127E+001  0.46697982E+001
  0.30435118E+000  0.32498946E+000  0.40835491E+000  0.51604507E+000  0.65318199E+000  0.95203917E+000  0.13938545E+001  0.21721727E+001  0.28274956E+001  0.38533128E+001  0.46697982E+001
  0.30435118E+000  0.32498949E+000  0.40835492E+000  0.51604508E+000  0.65318199E+000  0.95203951E+000  0.13938546E+001  0.21721727E+001  0.28274957E+001  0.38533130E+001  0.46697982E+001
  0.30435119E+000  0.32498952E+000  0.40835493E+000  0.51604509E+000  0.65318199E+000  0.95203984E+000  0.13938547E+001  0.21721727E+001  0.28274957E+001  0.38533131E+001  0.46697982E+001
  0.30435120E+000  0.32498954E+000  0.40835493E+000  0.51604510E+000  0.65318200E+000  0.95204016E+000  0.13938548E+001  0.21721727E+001  0.28274958E+001  0.38533132E+001  0.46706726E+001
  0.30435121E+000  0.32498957E+000  0.40835494E+000  0.51604511E+000  0.65318200E+000  0.95204047E+000  0.13938549E+001  0.21721727E+001  0.28274958E+001  0.38533133E+001  0.46744584E+001
  0.30435121E+000  0.32498959E+000  0.40835494E+000  0.51604512E+000  0.65318200E+000  0.95214755E+000  0.13938550E+001  0.21721727E+001  0.28274958E+001  0.38533134E+001  0.46766025E+001
  0.30435122E+000  0.32498962E+000  0.40835495E+000  0.51604513E+000  0.65318200E+000  0.95216634E+000  0.13938551E+001  0.21721727E+001  0.28274959E+001  0.38533135E+001  0.46771696E+001
  0.30435123E+000  0.32498964E+000  0.40835496E+000  0.51604514E+000  0.65318200E+000  0.95218458E+000  0.13938552E+001  0.21721727E+001  0.28274959E+001  0.38533136E+001  0.46774896E+001
  0.30435123E+000  0.32498966E+000  0.40835496E+000  0.51604515E+000  0.65318200E+000  0.95275340E+000  0.13938552E+001  0.21721727E+001  0.28274960E+001  0.38533137E+001  0.46805585E+001
  0.30435124E+000  0.32498968E+000  0.40835497E+000  0.51604516E+000  0.65318201E+000  0.95337078E+000  0.13938553E+001  0.21721727E+001  0.28274960E+001  0.38533138E+001  0.46841929E+001
  0.30435124E+000  0.32498970E+000  0.40835497E+000  0.51604517E+000  0.65318201E+000  0.95341285E+000  0.13938554E+001  0.21721727E+001  0.28274960E+001  0.38533139E+001  0.46842089E+001
  0.30435125E+000  0.32498972E+000  0.40835498E+000  0.51604517E+000  0.65318201E+000  0.95345137E+000  0.13938555E+001  0.21721727E+001  0.28274961E+001  0.38533140E+001  0.46855324E+001
  0.30435126E+000  0.32498974E+000  0.40835498E+000  0.51604518E+000  0.65318201E+000  0.95345849E+000  0.13938555E+001  0.21721727E+001  0.28274961E+001  0.38533141E+001  0.46857866E+001
  0.30435126E+000  0.32498976E+000  0.40835498E+000  0.51604519E+000  0.65318201E+000  0.95346539E+000  0.13938556E+001  0.21721727E+001  0.28274961E+001  0.38533142E+001  0.46860735E+001
  0.30435127E+000  0.32498977E+000  0.40835499E+000  0.51604519E+000  0.65318201E+000  0.95347207E+000  0.13938557E+001  0.21721727E+001  0.28274962E+001  0.38533143E+001  0.46878457E+001
  0.30435127E+000  0.32498979E+000  0.40835499E+000  0.51604520E+000  0.65318201E+000  0.95347854E+000  0.13938557E+001  0.21721727E+001  0.28274962E+001  0.38533144E+001  0.46878480E+001
  0.30435127E+000  0.32498981E+000  0.40835500E+000  0.51604521E+000  0.65318202E+000  0.95348480E+000  0.13938558E+001  0.21721727E+001  0.28274962E+001  0.38533144E+001  0.46878502E+001
  0.30435128E+000  0.32498982E+000  0.40835500E+000  0.51604521E+000  0.65318202E+000  0.95349086E+000  0.13938558E+001  0.21721727E+001  0.28274963E+001  0.38533145E+001  0.46878524E+001
  0.30435128E+000  0.32498984E+000  0.40835500E+000  0.51604522E+000  0.65318202E+000  0.95349673E+000  0.13938559E+001  0.21721727E+001  0.28274963E+001  0.38533146E+001  0.46878545E+001
  0.30435129E+000  0.32498985E+000  0.40835501E+000  0.51604522E+000  0.65318202E+000  0.95350240E+000  0.13938560E+001  0.21721727E+001  0.28274963E+001  0.38533147E+001  0.46878567E+001
  0.30435129E+000  0.32498987E+000  0.40835501E+000  0.51604523E+000  0.65318202E+000  0.95350789E+000  0.13938560E+001  0.21721727E+001  0.28274963E+001  0.38533147E+001  0.46878587E+001
  0.30435129E+000  0.32498988E+000  0.40835501E+000  0.51604523E+000  0.65318202E+000  0.95351320E+000  0.13938561E+001  0.21721727E+001  0.28274964E+001  0.38533148E+001  0.46878608E+001
  0.30435130E+000  0.32498989E+000  0.40835502E+000  0.51604524E+000  0.65318202E+000  0.95351833E+000  0.13938561E+001  0.21721727E+001  0.28274964E+001  0.38533149E+001  0.46878628E+001
  0.30435130E+000  0.32498990E+000  0.40835502E+000  0.51604524E+000  0.65318202E+000  0.95352329E+000  0.13938561E+001  0.21721727E+001  0.28274964E+001  0.38533149E+001  0.46878648E+001
  0.30435130E+000  0.32498992E+000  0.40835502E+000  0.51604525E+000  0.65318202E+000  0.95352809E+000  0.13938562E+001  0.21721727E+001  0.28274964E+001  0.38533150E+001  0.46878668E+001
  0.30435131E+000  0.32498993E+000  0.40835503E+000  0.51604525E+000  0.65318202E+000  0.95353272E+000  0.13938562E+001  0.21721727E+001  0.28274964E+001  0.38533150E+001  0.46878687E+001
  0.30435131E+000  0.32498994E+000  0.40835503E+000  0.51604525E+000  0.65318203E+000  0.95353720E+000  0.13938563E+001  0.21721727E+001  0.28274965E+001  0.38533151E+001  0.46878706E+001
  0.30435131E+000  0.32498995E+000  0.40835503E+000  0.51604526E+000  0.65318203E+000  0.95354152E+000  0.13938563E+001  0.21721727E+001  0.28274965E+001  0.38533152E+001  0.46878725E+001
  0.30435132E+000  0.32498996E+000  0.40835503E+000  0.51604526E+000  0.65318203E+000  0.95354570E+000  0.13938564E+001  0.21721727E+001  0.28274965E+001  0.38533152E+001  0.46878744E+001
  0.30435132E+000  0.32498997E+000  0.40835503E+000  0.51604526E+000  0.65318203E+000  0.95354973E+000  0.13938564E+001  0.21721727E+001  0.28274965E+001  0.38533153E+001  0.46878762E+001
  0.30435132E+000  0.32498998E+000  0.40835504E+000  0.51604527E+000  0.65318203E+000  0.95355362E+000  0.13938564E+001  0.21721727E+001  0.28274965E+001  0.38533153E+001  0.46878780E+001
  0.30435132E+000  0.32498999E+000  0.40835504E+000  0.51604527E+000  0.65318203E+000  0.95355738E+000  0.13938565E+001  0.21721727E+001  0.28274965E+001  0.38533154E+001  0.46878797E+001
  0.30435133E+000  0.32498999E+000  0.40835504E+000  0.51604527E+000  0.65318203E+000  0.95356100E+000  0.13938565E+001  0.21721727E+001  0.28274966E+001  0.38533154E+001  0.46878814E+001
  0.30435133E+000  0.32499000E+000  0.40835504E+000  0.51604528E+000  0.65318203E+000  0.95356450E+000  0.13938565E+001  0.21721727E+001  0.28274966E+001  0.38533155E+001  0.46878831E+001
  0.30435133E+000  0.32499001E+000  0.40835505E+000  0.51604528E+000  0.65318203E+000  0.95356788E+000  0.13938566E+001  0.21721727E+001  0.28274966E+001  0.38533155E+001  0.46878848E+001
  0.30435133E+000  0.32499002E+000  0.40835505E+000  0.51604528E+000  0.65318203E+000  0.95357113E+000  0.13938566E+001  0.21721727E+001  0.28274966E+001  0.38533155E+001  0.46878864E+001
  0.30435133E+000  0.32499002E+000  0.40835505E+000  0.51604528E+000  0.65318203E+000  0.95357428E+000  0.13938566E+001  0.21721727E+001  0.28274966E+001  0.38533156E+001  0.46878880E+001
  0.30435133E+000  0.32499003E+000  0.40835505E+000  0.51604529E+000  0.65318203E+000  0.95357730E+000  0.13938566E+001  0.21721727E+001  0.28274966E+001  0.38533156E+001  0.46878896E+001
  0.30435134E+000  0.32499004E+000  0.40835505E+000  0.51604529E+000  0.65318203E+000  0.95358022E+000  0.13938567E+001  0.21721727E+001  0.28274966E+001  0.38533157E+001  0.46878912E+001
  0.30435134E+000  0.32499004E+000  0.40835505E+000  0.51604529E+000  0.65318203E+000  0.95358304E+000  0.13938567E+001  0.21721727E+001  0.28274966E+001  0.38533157E+001  0.46878927E+001
  0.30435134E+000  0.32499005E+000  0.40835505E+000  0.51604529E+000  0.65318203E+000  0.95358575E+000  0.13938567E+001  0.21721727E+001  0.28274966E+001  0.38533157E+001  0.46878941E+001
  0.30435134E+000  0.32499006E+000  0.40835506E+000  0.51604529E+000  0.65318203E+000  0.95358837E+000  0.13938567E+001  0.21721727E+001  0.28274966E+001  0.38533158E+001  0.46878956E+001
  0.30435134E+000  0.32499006E+000  0.40835506E+000  0.51604530E+000  0.65318203E+000  0.95359089E+000  0.13938568E+001  0.21721727E+001  0.28274966E+001  0.38533158E+001  0.46878970E+001
  0.30435134E+000  0.32499007E+000  0.40835506E+000  0.51604530E+000  0.65318204E+000  0.95359332E+000  0.13938568E+001  0.21721727E+001  0.28274967E+001  0.38533158E+001  0.46878984E+001
  0.30435134E+000  0.32499007E+000  0.40835506E+000  0.51604530E+000  0.65318204E+000  0.95359566E+000  0.13938568E+001  0.21721727E+001  0.28274967E+001  0.38533159E+001  0.46878998E+001
  0.30435135E+000  0.32499008E+000  0.40835506E+000  0.51604530E+000  0.65318204E+000  0.95359792E+000  0.13938568E+001  0.21721727E+001  0.28274967E+001  0.38533159E+001  0.46879011E+001
  0.30435135E+000  0.32499008E+000  0.40835506E+000  0.51604530E+000  0.65318204E+000  0.95360009E+000  0.13938568E+001  0.21721727E+001  0.28274967E+001  0.38533159E+001  0.46879024E+001
  0.30435135E+000  0.32499009E+000  0.40835506E+000  0.51604530E+000  0.65318204E+000  0.95360219E+000  0.13938568E+001  0.21721727E+001  0.28274967E+001  0.38533159E+001  0.46879037E+001
  0.30435135E+000  0.32499009E+000  0.40835506E+000  0.51604530E+000  0.65318204E+000  0.95360420E+000  0.13938569E+001  0.21721727E+001  0.28274967E+001  0.38533160E+001  0.46879050E+001
  0.30435135E+000  0.32499009E+000  0.40835506E+000  0.51604530E+000  0.65318204E+000  0.95360614E+000  0.13938569E+001  0.21721727E+001  0.28274967E+001  0.38533160E+001  0.46879062E+001
  0.30435135E+000  0.32499010E+000  0.40835507E+000  0.51604531E+000  0.65318204E+000  0.95360801E+000  0.13938569E+001  0.21721727E+001  0.28274967E+001  0.38533160E+001  0.46879074E+001
  0.30435135E+000  0.32499010E+000  0.40835507E+000  0.51604531E+000  0.65318204E+000  0.95360981E+000  0.13938569E+001  0.21721727E+001  0.28274967E+001  0.38533160E+001  0.46879086E+001
  0.30435135E+000  0.32499011E+000  0.40835507E+000  0.51604531E+000  0.65318204E+000  0.95361155E+000  0.13938569E+001  0.21721727E+001  0.28274967E+001  0.38533161E+001  0.46879097E+001
  0.30435135E+000  0.32499011E+000  0.40835507E+000  0.51604531E+000  0.65318204E+000  0.95361322E+000  0.13938569E+001  0.21721727E+001  0.28274967E+001  0.38533161E+001  0.46879108E+001
  0.30435135E+000  0.32499011E+000  0.40835507E+000  0.51604531E+000  0.65318204E+000  0.95361483E+000  0.13938569E+001  0.21721727E+001  0.28274967E+001  0.38533161E+001  0.46879119E+001
  0.30435135E+000  0.32499011E+000  0.40835507E+000  0.51604531E+000  0.65318204E+000  0.95361638E+000  0.13938569E+001  0.21721727E+001  0.28274967E+001  0.38533161E+001  0.46879130E+001
  0.30435135E+000  0.32499012E+000  0.40835507E+000  0.51604531E+000  0.65318204E+000  0.95361787E+000  0.13938569E+001  0.21721727E+001  0.28274967E+001  0.38533161E+001  0.46879140E+001
  0.30435135E+000  0.32499012E+000  0.40835507E+000  0.51604531E+000  0.65318204E+000  0.95361930E+000  0.13938569E+001  0.21721727E+001  0.28274967E+001  0.38533161E+001  0.46879150E+001
  0.30435135E+000  0.32499012E+000  0.40835507E+000  0.51604531E+000  0.65318204E+000  0.95362069E+000  0.13938570E+001  0.21721727E+001  0.28274967E+001  0.38533162E+001  0.46879160E+001
  0.30435135E+000  0.32499012E+000  0.40835507E+000  0.51604530E+000  0.65318204E+000  0.95362202E+000  0.13938570E+001  0.21721727E+001  0.28274967E+001  0.38533162E+001  0.46879170E+001
  0.30435135E+000  0.32499012E+000  0.40835507E+000  0.51604530E+000  0.65318204E+000  0.95362330E+000  0.13938570E+001  0.21721727E+001  0.28274966E+001  0.38533162E+001  0.46879179E+001
  0.30435135E+000  0.32499013E+000  0.40835507E+000  0.51604529E+000  0.65318204E+000  0.95362454E+000  0.13938569E+001  0.21721727E+001  0.28274966E+001  0.38533162E+001  0.46879188E+001
  0.30435134E+000  0.32499012E+000  0.40835506E+000  0.51604529E+000  0.65318204E+000  0.95362485E+000  0.13938569E+001  0.21721727E+001  0.28274966E+001  0.38533162E+001  0.46879197E+001
