 -0.72342030E+000 -0.55766415E+000 -0.30415034E+000 -0.10671472E+000 -0.53626497E-001  0.23193096E+000  0.11113035E+002  0.44376404E+002  0.78896210E+002  0.13333340E+003  0.16587937E+003
 -0.72383777E+000 -0.55810266E+000 -0.30479432E+000 -0.10721042E+000 -0.53754158E-001  0.23066650E+000  0.11080291E+002  0.44376219E+002  0.78896011E+002  0.13333141E+003  0.16587923E+003
 -0.72414634E+000 -0.55843910E+000 -0.30530027E+000 -0.10760783E+000 -0.53842843E-001  0.22966894E+000  0.11072324E+002  0.44376150E+002  0.78895923E+002  0.13332957E+003  0.16587914E+003
 -0.72436758E+000 -0.55869083E+000 -0.30569273E+000 -0.10792327E+000 -0.53904385E-001  0.22889238E+000  0.11065659E+002  0.44376102E+002  0.78895856E+002  0.13332808E+003  0.16587908E+003
 -0.72451953E+000 -0.55887331E+000 -0.30599240E+000 -0.10816967E+000 -0.53946382E-001  0.22829739E+000  0.11060075E+002  0.44376062E+002  0.78895800E+002  0.13332681E+003  0.16587903E+003
 -0.72461757E+000 -0.55900012E+000 -0.30621632E+000 -0.10835795E+000 -0.53973961E-001  0.22785063E+000  0.11055412E+002  0.44376028E+002  0.78895754E+002  0.13332574E+003  0.16587899E+003
 -0.72467443E+000 -0.55908280E+000 -0.30637847E+000 -0.10849748E+000 -0.53990712E-001  0.22752485E+000  0.11050553E+002  0.44376000E+002  0.78895715E+002  0.13332484E+003  0.16587896E+003
 -0.72470039E+000 -0.55913091E+000 -0.30649039E+000 -0.10859630E+000 -0.53999236E-001  0.22729763E+000  0.11046012E+002  0.44375976E+002  0.78895682E+002  0.13332407E+003  0.16587893E+003
 -0.72470358E+000 -0.55915224E+000 -0.30656160E+000 -0.10866126E+000 -0.54001466E-001  0.22715049E+000  0.11042256E+002  0.44375957E+002  0.78895655E+002  0.13332342E+003  0.16587891E+003
 -0.72469031E+000 -0.55915312E+000 -0.30660000E+000 -0.10869822E+000 -0.53998874E-001  0.22706820E+000  0.11039165E+002  0.44375940E+002  0.78895632E+002  0.13332288E+003  0.16587889E+003
 -0.72466541E+000 -0.55913861E+000 -0.30661211E+000 -0.10871214E+000 -0.53992600E-001  0.22703822E+000  0.11036636E+002  0.44375926E+002  0.78895612E+002  0.13332241E+003  0.16587887E+003
 -0.72463257E+000 -0.55911273E+000 -0.30660333E+000 -0.10870724E+000 -0.53983543E-001  0.22705026E+000  0.11032365E+002  0.44375914E+002  0.78895596E+002  0.13332202E+003  0.16587886E+003
 -0.72459457E+000 -0.55907867E+000 -0.30657813E+000 -0.10868709E+000 -0.53972415E-001  0.22709582E+000  0.11028349E+002  0.44375904E+002  0.78895582E+002  0.13332169E+003  0.16587885E+003
 -0.72455348E+000 -0.55903892E+000 -0.30654016E+000 -0.10865468E+000 -0.53959786E-001  0.22716795E+000  0.11025162E+002  0.44375896E+002  0.78895571E+002  0.13332141E+003  0.16587884E+003
 -0.72451084E+000 -0.55899545E+000 -0.30649244E+000 -0.10861255E+000 -0.53946117E-001  0.22726093E+000  0.11022675E+002  0.44375889E+002  0.78895561E+002  0.13332118E+003  0.16587883E+003
 -0.72446775E+000 -0.55894976E+000 -0.30643741E+000 -0.10856283E+000 -0.53931775E-001  0.22737006E+000  0.11020781E+002  0.44375884E+002  0.78895553E+002  0.13332099E+003  0.16587883E+003
 -0.72442502E+000 -0.55890303E+000 -0.30637707E+000 -0.10850729E+000 -0.53917059E-001  0.22749148E+000  0.11019388E+002  0.44375879E+002  0.78895546E+002  0.13332082E+003  0.16587882E+003
 -0.72438322E+000 -0.55885623E+000 -0.30631304E+000 -0.10844743E+000 -0.53902207E-001  0.22762206E+000  0.11018420E+002  0.44375875E+002  0.78895541E+002  0.13332069E+003  0.16587882E+003
 -0.72434271E+000 -0.55880997E+000 -0.30624661E+000 -0.10838449E+000 -0.53887408E-001  0.22775920E+000  0.11017812E+002  0.44375872E+002  0.78895536E+002  0.13332058E+003  0.16587881E+003
 -0.72430374E+000 -0.55876472E+000 -0.30617883E+000 -0.10831952E+000 -0.53872813E-001  0.22790079E+000  0.11017510E+002  0.44375870E+002  0.78895532E+002  0.13332048E+003  0.16587881E+003
 -0.72426645E+000 -0.55872079E+000 -0.30611050E+000 -0.10825338E+000 -0.53858538E-001  0.22804511E+000  0.11017470E+002  0.44375868E+002  0.78895529E+002  0.13332041E+003  0.16587881E+003
 -0.72423091E+000 -0.55867839E+000 -0.30604227E+000 -0.10818679E+000 -0.53844675E-001  0.22819074E+000  0.11017652E+002  0.44375866E+002  0.78895526E+002  0.13332034E+003  0.16587881E+003
 -0.72419712E+000 -0.55863764E+000 -0.30597463E+000 -0.10812034E+000 -0.53831289E-001  0.22833654E+000  0.11018026E+002  0.44375865E+002  0.78895524E+002  0.13332029E+003  0.16587881E+003
 -0.72416504E+000 -0.55859860E+000 -0.30590797E+000 -0.10805453E+000 -0.53818430E-001  0.22848157E+000  0.11018564E+002  0.44375864E+002  0.78895522E+002  0.13332025E+003  0.16587880E+003
 -0.72413462E+000 -0.55856129E+000 -0.30584254E+000 -0.10798974E+000 -0.53806129E-001  0.22862507E+000  0.11019244E+002  0.44375864E+002  0.78895521E+002  0.13332022E+003  0.16587880E+003
 -0.72410578E+000 -0.55852568E+000 -0.30577855E+000 -0.10792630E+000 -0.53794405E-001  0.22876641E+000  0.11020048E+002  0.44375864E+002  0.78895520E+002  0.13332019E+003  0.16587880E+003
 -0.72407841E+000 -0.55849172E+000 -0.30571612E+000 -0.10786448E+000 -0.53783268E-001  0.22890509E+000  0.11020961E+002  0.44375863E+002  0.78895519E+002  0.13332017E+003  0.16587880E+003
 -0.72405243E+000 -0.55845932E+000 -0.30565531E+000 -0.10780446E+000 -0.53772717E-001  0.22904072E+000  0.11021968E+002  0.44375864E+002  0.78895518E+002  0.13332016E+003  0.16587880E+003
 -0.72402772E+000 -0.55842841E+000 -0.30559617E+000 -0.10774641E+000 -0.53762743E-001  0.22917298E+000  0.11023061E+002  0.44375864E+002  0.78895518E+002  0.13332015E+003  0.16587880E+003
 -0.72400418E+000 -0.55839889E+000 -0.30553868E+000 -0.10769043E+000 -0.53753333E-001  0.22930160E+000  0.11024231E+002  0.44375864E+002  0.78895518E+002  0.13332014E+003  0.16587880E+003
 -0.72398172E+000 -0.55837067E+000 -0.30548283E+000 -0.10763660E+000 -0.53744468E-001  0.22942639E+000  0.11025470E+002  0.44375865E+002  0.78895518E+002  0.13332014E+003  0.16587881E+003
 -0.72396026E+000 -0.55834366E+000 -0.30542857E+000 -0.10758498E+000 -0.53736128E-001  0.22954719E+000  0.11026775E+002  0.44375865E+002  0.78895518E+002  0.13332014E+003  0.16587881E+003
 -0.72393971E+000 -0.55831776E+000 -0.30537586E+000 -0.10753560E+000 -0.53728482E-001  0.22966387E+000  0.11028140E+002  0.44375866E+002  0.78895518E+002  0.13332014E+003  0.16587881E+003
 -0.72392000E+000 -0.55829290E+000 -0.30532464E+000 -0.10748847E+000 -0.53721513E-001  0.22977631E+000  0.11029562E+002  0.44375867E+002  0.78895518E+002  0.13332014E+003  0.16587881E+003
 -0.72390105E+000 -0.55826899E+000 -0.30527486E+000 -0.10744358E+000 -0.53715147E-001  0.22988445E+000  0.11031038E+002  0.44375868E+002  0.78895519E+002  0.13332015E+003  0.16587881E+003
 -0.72388282E+000 -0.55824596E+000 -0.30522645E+000 -0.10740092E+000 -0.53709319E-001  0.22998823E+000  0.11032566E+002  0.44375869E+002  0.78895519E+002  0.13332016E+003  0.16587881E+003
 -0.72386523E+000 -0.55822373E+000 -0.30517936E+000 -0.10736042E+000 -0.53703971E-001  0.23008761E+000  0.11034145E+002  0.44375870E+002  0.78895520E+002  0.13332017E+003  0.16587881E+003
 -0.72384824E+000 -0.55820224E+000 -0.30513354E+000 -0.10732205E+000 -0.53699050E-001  0.23018258E+000  0.11035774E+002  0.44375872E+002  0.78895520E+002  0.13332019E+003  0.16587881E+003
 -0.72383181E+000 -0.55818143E+000 -0.30508894E+000 -0.10728573E+000 -0.53694512E-001  0.23027314E+000  0.11036672E+002  0.44375873E+002  0.78895521E+002  0.13332020E+003  0.16587881E+003
 -0.72381588E+000 -0.55816125E+000 -0.30504552E+000 -0.10725139E+000 -0.53690316E-001  0.23035930E+000  0.11037380E+002  0.44375874E+002  0.78895522E+002  0.13332022E+003  0.16587882E+003
 -0.72380043E+000 -0.55814164E+000 -0.30500326E+000 -0.10721896E+000 -0.53686430E-001  0.23044109E+000  0.11038107E+002  0.44375876E+002  0.78895523E+002  0.13332024E+003  0.16587882E+003
 -0.72378542E+000 -0.55812258E+000 -0.30496211E+000 -0.10718835E+000 -0.53682822E-001  0.23051856E+000  0.11038852E+002  0.44375878E+002  0.78895524E+002  0.13332026E+003  0.16587882E+003
 -0.72377082E+000 -0.55810401E+000 -0.30492207E+000 -0.10715950E+000 -0.53679468E-001  0.23059175E+000  0.11039617E+002  0.44375879E+002  0.78895525E+002  0.13332028E+003  0.16587882E+003
 -0.72375662E+000 -0.55808592E+000 -0.30488314E+000 -0.10713233E+000 -0.53676346E-001  0.23066075E+000  0.11040400E+002  0.44375881E+002  0.78895527E+002  0.13332030E+003  0.16587882E+003
 -0.72374279E+000 -0.55806828E+000 -0.30484529E+000 -0.10710675E+000 -0.53673436E-001  0.23072562E+000  0.11041202E+002  0.44375883E+002  0.78895528E+002  0.13332033E+003  0.16587883E+003
 -0.72372932E+000 -0.55805105E+000 -0.30480854E+000 -0.10708269E+000 -0.53670724E-001  0.23078648E+000  0.11042023E+002  0.44375885E+002  0.78895529E+002  0.13332035E+003  0.16587883E+003
 -0.72371620E+000 -0.55803424E+000 -0.30477290E+000 -0.10706007E+000 -0.53668195E-001  0.23084341E+000  0.11042861E+002  0.44375887E+002  0.78895531E+002  0.13332038E+003  0.16587883E+003
 -0.72370341E+000 -0.55801782E+000 -0.30473837E+000 -0.10703883E+000 -0.53665838E-001  0.23089656E+000  0.11043718E+002  0.44375890E+002  0.78895533E+002  0.13332041E+003  0.16587883E+003
 -0.72369095E+000 -0.55800179E+000 -0.30470496E+000 -0.10701890E+000 -0.53663642E-001  0.23094605E+000  0.11044592E+002  0.44375892E+002  0.78895534E+002  0.13332044E+003  0.16587883E+003
 -0.72367881E+000 -0.55798614E+000 -0.30467270E+000 -0.10700020E+000 -0.53661599E-001  0.23099204E+000  0.11045483E+002  0.44375895E+002  0.78895536E+002  0.13332048E+003  0.16587884E+003
 -0.72366699E+000 -0.55797086E+000 -0.30464159E+000 -0.10698268E+000 -0.53659699E-001  0.23103467E+000  0.11046391E+002  0.44375897E+002  0.78895538E+002  0.13332051E+003  0.16587884E+003
 -0.72365549E+000 -0.55795596E+000 -0.30461165E+000 -0.10696627E+000 -0.53657935E-001  0.23107413E+000  0.11047316E+002  0.44375900E+002  0.78895540E+002  0.13332055E+003  0.16587884E+003
 -0.72364430E+000 -0.55794144E+000 -0.30458289E+000 -0.10695091E+000 -0.53656300E-001  0.23111059E+000  0.11048256E+002  0.44375903E+002  0.78895543E+002  0.13332059E+003  0.16587885E+003
 -0.72363342E+000 -0.55792730E+000 -0.30455533E+000 -0.10693655E+000 -0.53654786E-001  0.23114425E+000  0.11049212E+002  0.44375906E+002  0.78895545E+002  0.13332063E+003  0.16587885E+003
 -0.72362286E+000 -0.55791354E+000 -0.30452895E+000 -0.10692312E+000 -0.53653386E-001  0.23117528E+000  0.11050183E+002  0.44375909E+002  0.78895547E+002  0.13332068E+003  0.16587885E+003
 -0.72361261E+000 -0.55790018E+000 -0.30450378E+000 -0.10691057E+000 -0.53652093E-001  0.23120388E+000  0.11051169E+002  0.44375912E+002  0.78895550E+002  0.13332072E+003  0.16587885E+003
 -0.72360268E+000 -0.55788722E+000 -0.30447980E+000 -0.10689885E+000 -0.53650900E-001  0.23123025E+000  0.11052167E+002  0.44375916E+002  0.78895553E+002  0.13332077E+003  0.16587886E+003
 -0.72359307E+000 -0.55787466E+000 -0.30445702E+000 -0.10688792E+000 -0.53649801E-001  0.23125458E+000  0.11053178E+002  0.44375919E+002  0.78895556E+002  0.13332082E+003  0.16587886E+003
 -0.72358377E+000 -0.55786252E+000 -0.30443542E+000 -0.10687772E+000 -0.53648788E-001  0.23127705E+000  0.11054121E+002  0.44375923E+002  0.78895559E+002  0.13332087E+003  0.16587886E+003
 -0.72357480E+000 -0.55785080E+000 -0.30441499E+000 -0.10686821E+000 -0.53647854E-001  0.23129785E+000  0.11054856E+002  0.44375927E+002  0.78895562E+002  0.13332092E+003  0.16587887E+003
 -0.72356615E+000 -0.55783951E+000 -0.30439572E+000 -0.10685935E+000 -0.53646994E-001  0.23131715E+000  0.11055599E+002  0.44375931E+002  0.78895565E+002  0.13332098E+003  0.16587887E+003
 -0.72355784E+000 -0.55782867E+000 -0.30437758E+000 -0.10685110E+000 -0.53646201E-001  0.23133510E+000  0.11056348E+002  0.44375935E+002  0.78895569E+002  0.13332104E+003  0.16587888E+003
 -0.72354985E+000 -0.55781827E+000 -0.30436054E+000 -0.10684341E+000 -0.53645469E-001  0.23135185E+000  0.11057102E+002  0.44375939E+002  0.78895572E+002  0.13332110E+003  0.16587888E+003
 -0.72354219E+000 -0.55780833E+000 -0.30434459E+000 -0.10683627E+000 -0.53644793E-001  0.23136756E+000  0.11057861E+002  0.44375944E+002  0.78895576E+002  0.13332116E+003  0.16587888E+003
 -0.72353487E+000 -0.55779884E+000 -0.30432968E+000 -0.10682962E+000 -0.53644166E-001  0.23138233E+000  0.11058624E+002  0.44375948E+002  0.78895580E+002  0.13332123E+003  0.16587889E+003
 -0.72352789E+000 -0.55778983E+000 -0.30431580E+000 -0.10682199E+000 -0.53643506E-001  0.23139630E+000  0.11059390E+002  0.44375953E+002  0.78895584E+002  0.13332130E+003  0.16587889E+003
 -0.72352123E+000 -0.55778126E+000 -0.30430288E+000 -0.10681399E+000 -0.53642840E-001  0.23140955E+000  0.11060158E+002  0.44375958E+002  0.78895588E+002  0.13332137E+003  0.16587890E+003
 -0.72351489E+000 -0.55777315E+000 -0.30429089E+000 -0.10680621E+000 -0.53642201E-001  0.23142220E+000  0.11060927E+002  0.44375963E+002  0.78895593E+002  0.13332144E+003  0.16587890E+003
 -0.72350887E+000 -0.55776549E+000 -0.30427979E+000 -0.10679887E+000 -0.53641598E-001  0.23143432E+000  0.11061696E+002  0.44375968E+002  0.78895597E+002  0.13332152E+003  0.16587890E+003
 -0.72350317E+000 -0.55775827E+000 -0.30426954E+000 -0.10679205E+000 -0.53641033E-001  0.23144597E+000  0.11062465E+002  0.44375974E+002  0.78895602E+002  0.13332159E+003  0.16587891E+003
 -0.72349779E+000 -0.55775150E+000 -0.30426010E+000 -0.10678577E+000 -0.53640506E-001  0.23145724E+000  0.11063231E+002  0.44375979E+002  0.78895607E+002  0.13332167E+003  0.16587891E+003
 -0.72349273E+000 -0.55774518E+000 -0.30425143E+000 -0.10678001E+000 -0.53640013E-001  0.23146815E+000  0.11063995E+002  0.44375984E+002  0.78895612E+002  0.13332176E+003  0.16587892E+003
 -0.72348799E+000 -0.55773928E+000 -0.30424349E+000 -0.10677475E+000 -0.53639553E-001  0.23147877E+000  0.11064756E+002  0.44375990E+002  0.78895618E+002  0.13332184E+003  0.16587892E+003
 -0.72348355E+000 -0.55773380E+000 -0.30423623E+000 -0.10676997E+000 -0.53639123E-001  0.23148914E+000  0.11065512E+002  0.44375996E+002  0.78895623E+002  0.13332193E+003  0.16587893E+003
 -0.72347942E+000 -0.55772873E+000 -0.30422962E+000 -0.10676565E+000 -0.53638721E-001  0.23149928E+000  0.11066263E+002  0.44376002E+002  0.78895629E+002  0.13332202E+003  0.16587893E+003
 -0.72347558E+000 -0.55772405E+000 -0.30422360E+000 -0.10676174E+000 -0.53638344E-001  0.23150924E+000  0.11067008E+002  0.44376008E+002  0.78895634E+002  0.13332211E+003  0.16587894E+003
 -0.72347202E+000 -0.55771974E+000 -0.30421814E+000 -0.10675822E+000 -0.53637990E-001  0.23151903E+000  0.11067746E+002  0.44376014E+002  0.78895640E+002  0.13332221E+003  0.16587894E+003
 -0.72346872E+000 -0.55771578E+000 -0.30421319E+000 -0.10675507E+000 -0.53637657E-001  0.23152868E+000  0.11068476E+002  0.44376020E+002  0.78895646E+002  0.13332230E+003  0.16587895E+003
 -0.72346568E+000 -0.55771215E+000 -0.30420871E+000 -0.10675226E+000 -0.53637343E-001  0.23153821E+000  0.11069199E+002  0.44376026E+002  0.78895652E+002  0.13332240E+003  0.16587895E+003
 -0.72346287E+000 -0.55770884E+000 -0.30420465E+000 -0.10674975E+000 -0.53637047E-001  0.23154764E+000  0.11069913E+002  0.44376033E+002  0.78895659E+002  0.13332251E+003  0.16587896E+003
 -0.72346029E+000 -0.55770581E+000 -0.30420099E+000 -0.10674753E+000 -0.53636765E-001  0.23155699E+000  0.11070618E+002  0.44376039E+002  0.78895665E+002  0.13332261E+003  0.16587896E+003
 -0.72345791E+000 -0.55770305E+000 -0.30419768E+000 -0.10674556E+000 -0.53636497E-001  0.23156626E+000  0.11071313E+002  0.44376046E+002  0.78895672E+002  0.13332272E+003  0.16587897E+003
 -0.72345573E+000 -0.55770054E+000 -0.30419470E+000 -0.10674383E+000 -0.53636241E-001  0.23157548E+000  0.11071998E+002  0.44376052E+002  0.78895679E+002  0.13332282E+003  0.16587897E+003
 -0.72345373E+000 -0.55769825E+000 -0.30419199E+000 -0.10674232E+000 -0.53635996E-001  0.23158464E+000  0.11072673E+002  0.44376059E+002  0.78895686E+002  0.13332294E+003  0.16587898E+003
 -0.72345189E+000 -0.55769617E+000 -0.30418955E+000 -0.10674099E+000 -0.53635760E-001  0.23159376E+000  0.11073337E+002  0.44376065E+002  0.78895693E+002  0.13332305E+003  0.16587899E+003
 -0.72345021E+000 -0.55769428E+000 -0.30418734E+000 -0.10673984E+000 -0.53635533E-001  0.23160284E+000  0.11073989E+002  0.44376072E+002  0.78895700E+002  0.13332316E+003  0.16587899E+003
 -0.72344866E+000 -0.55769256E+000 -0.30418533E+000 -0.10673884E+000 -0.53635314E-001  0.23161188E+000  0.11074631E+002  0.44376079E+002  0.78895707E+002  0.13332328E+003  0.16587900E+003
 -0.72344723E+000 -0.55769099E+000 -0.30418350E+000 -0.10673799E+000 -0.53635101E-001  0.23162089E+000  0.11075261E+002  0.44376086E+002  0.78895714E+002  0.13332340E+003  0.16587900E+003
 -0.72344592E+000 -0.55768956E+000 -0.30418183E+000 -0.10673726E+000 -0.53634894E-001  0.23162988E+000  0.11075879E+002  0.44376092E+002  0.78895722E+002  0.13332352E+003  0.16587901E+003
 -0.72344471E+000 -0.55768825E+000 -0.30418030E+000 -0.10673664E+000 -0.53634692E-001  0.23163883E+000  0.11076485E+002  0.44376099E+002  0.78895729E+002  0.13332364E+003  0.16587901E+003
 -0.72344359E+000 -0.55768706E+000 -0.30417890E+000 -0.10673613E+000 -0.53634495E-001  0.23164775E+000  0.11077080E+002  0.44376106E+002  0.78895737E+002  0.13332377E+003  0.16587902E+003
 -0.72344255E+000 -0.55768596E+000 -0.30417760E+000 -0.10673570E+000 -0.53634303E-001  0.23165664E+000  0.11077663E+002  0.44376113E+002  0.78895745E+002  0.13332390E+003  0.16587902E+003
 -0.72344159E+000 -0.55768495E+000 -0.30417641E+000 -0.10673536E+000 -0.53634114E-001  0.23166549E+000  0.11078233E+002  0.44376120E+002  0.78895753E+002  0.13332402E+003  0.16587903E+003
 -0.72344069E+000 -0.55768401E+000 -0.30417530E+000 -0.10673509E+000 -0.53633929E-001  0.23167430E+000  0.11078792E+002  0.44376126E+002  0.78895760E+002  0.13332415E+003  0.16587904E+003
 -0.72343985E+000 -0.55768315E+000 -0.30417426E+000 -0.10673489E+000 -0.53633747E-001  0.23168307E+000  0.11079338E+002  0.44376133E+002  0.78895768E+002  0.13332429E+003  0.16587904E+003
 -0.72343906E+000 -0.55768234E+000 -0.30417330E+000 -0.10673474E+000 -0.53633568E-001  0.23169179E+000  0.11079872E+002  0.44376140E+002  0.78895776E+002  0.13332442E+003  0.16587905E+003
 -0.72343832E+000 -0.55768159E+000 -0.30417239E+000 -0.10673465E+000 -0.53633392E-001  0.23170045E+000  0.11080395E+002  0.44376147E+002  0.78895784E+002  0.13332456E+003  0.16587905E+003
 -0.72343763E+000 -0.55768088E+000 -0.30417154E+000 -0.10673461E+000 -0.53633219E-001  0.23170906E+000  0.11080905E+002  0.44376154E+002  0.78895792E+002  0.13332469E+003  0.16587906E+003
 -0.72343697E+000 -0.55768022E+000 -0.30417073E+000 -0.10673461E+000 -0.53633049E-001  0.23171760E+000  0.11081404E+002  0.44376160E+002  0.78895800E+002  0.13332483E+003  0.16587906E+003
 -0.72343635E+000 -0.55767960E+000 -0.30416997E+000 -0.10673464E+000 -0.53632881E-001  0.23172607E+000  0.11081890E+002  0.44376167E+002  0.78895809E+002  0.13332497E+003  0.16587907E+003
 -0.72343575E+000 -0.55767901E+000 -0.30416925E+000 -0.10673471E+000 -0.53632717E-001  0.23173445E+000  0.11082365E+002  0.44376174E+002  0.78895817E+002  0.13332511E+003  0.16587907E+003
 -0.72343519E+000 -0.55767845E+000 -0.30416856E+000 -0.10673482E+000 -0.53632554E-001  0.23174276E+000  0.11082829E+002  0.44376180E+002  0.78895825E+002  0.13332525E+003  0.16587908E+003
 -0.72343465E+000 -0.55767792E+000 -0.30416791E+000 -0.10673494E+000 -0.53632395E-001  0.23175098E+000  0.11083280E+002  0.44376187E+002  0.78895833E+002  0.13332540E+003  0.16587909E+003
 -0.72343413E+000 -0.55767742E+000 -0.30416729E+000 -0.10673509E+000 -0.53632238E-001  0.23175910E+000  0.11083721E+002  0.44376194E+002  0.78895841E+002  0.13332554E+003  0.16587909E+003
 -0.72343364E+000 -0.55767694E+000 -0.30416669E+000 -0.10673526E+000 -0.53632083E-001  0.23176712E+000  0.11084150E+002  0.44376200E+002  0.78895850E+002  0.13332569E+003  0.16587910E+003
 -0.72343316E+000 -0.55767648E+000 -0.30416612E+000 -0.10673545E+000 -0.53631932E-001  0.23177504E+000  0.11084568E+002  0.44376206E+002  0.78895858E+002  0.13332583E+003  0.16587910E+003
 -0.72343271E+000 -0.55767604E+000 -0.30416557E+000 -0.10673565E+000 -0.53631783E-001  0.23178284E+000  0.11084975E+002  0.44376213E+002  0.78895866E+002  0.13332598E+003  0.16587911E+003
 -0.72343227E+000 -0.55767561E+000 -0.30416504E+000 -0.10673586E+000 -0.53631636E-001  0.23179053E+000  0.11085371E+002  0.44376219E+002  0.78895874E+002  0.13332613E+003  0.16587911E+003
 -0.72343185E+000 -0.55767520E+000 -0.30416453E+000 -0.10673608E+000 -0.53631492E-001  0.23179810E+000  0.11085756E+002  0.44376225E+002  0.78895882E+002  0.13332628E+003  0.16587912E+003
 -0.72343144E+000 -0.55767481E+000 -0.30416405E+000 -0.10673631E+000 -0.53631351E-001  0.23180555E+000  0.11086131E+002  0.44376231E+002  0.78895890E+002  0.13332642E+003  0.16587912E+003
 -0.72343104E+000 -0.55767443E+000 -0.30416358E+000 -0.10673621E+000 -0.53631194E-001  0.23181287E+000  0.11088469E+002  0.44376238E+002  0.78895899E+002  0.13332657E+003  0.16587913E+003
 -0.72343066E+000 -0.55767407E+000 -0.30416312E+000 -0.10673557E+000 -0.53631010E-001  0.23182006E+000  0.11091119E+002  0.44376244E+002  0.78895907E+002  0.13332673E+003  0.16587913E+003
 -0.72343028E+000 -0.55767370E+000 -0.30416267E+000 -0.10673484E+000 -0.53630823E-001  0.23182713E+000  0.11093695E+002  0.44376249E+002  0.78895915E+002  0.13332688E+003  0.16587914E+003
 -0.72342990E+000 -0.55767334E+000 -0.30416222E+000 -0.10673411E+000 -0.53630639E-001  0.23183406E+000  0.11096198E+002  0.44376255E+002  0.78895923E+002  0.13332703E+003  0.16587914E+003
 -0.72342952E+000 -0.55767299E+000 -0.30416179E+000 -0.10673339E+000 -0.53630457E-001  0.23184087E+000  0.11098630E+002  0.44376261E+002  0.78895930E+002  0.13332718E+003  0.16587915E+003
 -0.72342916E+000 -0.55767265E+000 -0.30416136E+000 -0.10673268E+000 -0.53630279E-001  0.23184754E+000  0.11100991E+002  0.44376267E+002  0.78895938E+002  0.13332733E+003  0.16587915E+003
 -0.72342881E+000 -0.55767231E+000 -0.30416094E+000 -0.10673198E+000 -0.53630105E-001  0.23185407E+000  0.11103283E+002  0.44376272E+002  0.78895946E+002  0.13332748E+003  0.16587916E+003
 -0.72342846E+000 -0.55767199E+000 -0.30416054E+000 -0.10673130E+000 -0.53629934E-001  0.23186045E+000  0.11105508E+002  0.44376278E+002  0.78895954E+002  0.13332763E+003  0.16587916E+003
 -0.72342812E+000 -0.55767167E+000 -0.30416014E+000 -0.10673064E+000 -0.53629767E-001  0.23186670E+000  0.11107668E+002  0.44376283E+002  0.78895962E+002  0.13332779E+003  0.16587917E+003
 -0.72342780E+000 -0.55767136E+000 -0.30415976E+000 -0.10672998E+000 -0.53629603E-001  0.23187281E+000  0.11109763E+002  0.44376288E+002  0.78895969E+002  0.13332794E+003  0.16587917E+003
 -0.72342748E+000 -0.55767106E+000 -0.30415938E+000 -0.10672935E+000 -0.53629444E-001  0.23187877E+000  0.11111795E+002  0.44376294E+002  0.78895977E+002  0.13332809E+003  0.16587918E+003
 -0.72342717E+000 -0.55767077E+000 -0.30415901E+000 -0.10672873E+000 -0.53629288E-001  0.23188458E+000  0.11113766E+002  0.44376299E+002  0.78895984E+002  0.13332824E+003  0.16587918E+003
 -0.72342686E+000 -0.55767048E+000 -0.30415865E+000 -0.10672813E+000 -0.53629136E-001  0.23189025E+000  0.11115677E+002  0.44376304E+002  0.78895992E+002  0.13332839E+003  0.16587919E+003
 -0.72342657E+000 -0.55767020E+000 -0.30415831E+000 -0.10672754E+000 -0.53628988E-001  0.23189578E+000  0.11117530E+002  0.44376309E+002  0.78895999E+002  0.13332854E+003  0.16587919E+003
 -0.72342628E+000 -0.55766993E+000 -0.30415797E+000 -0.10672697E+000 -0.53628844E-001  0.23190117E+000  0.11119326E+002  0.44376314E+002  0.78896006E+002  0.13332869E+003  0.16587920E+003
 -0.72342600E+000 -0.55766966E+000 -0.30415763E+000 -0.10672641E+000 -0.53628704E-001  0.23190641E+000  0.11121066E+002  0.44376318E+002  0.78896013E+002  0.13332884E+003  0.16587920E+003
 -0.72342572E+000 -0.55766941E+000 -0.30415731E+000 -0.10672587E+000 -0.53628567E-001  0.23191151E+000  0.11122752E+002  0.44376323E+002  0.78896020E+002  0.13332899E+003  0.16587920E+003
 -0.72342546E+000 -0.55766915E+000 -0.30415700E+000 -0.10672534E+000 -0.53628435E-001  0.23191647E+000  0.11124386E+002  0.44376327E+002  0.78896027E+002  0.13332914E+003  0.16587921E+003
 -0.72342520E+000 -0.55766891E+000 -0.30415669E+000 -0.10672483E+000 -0.53628306E-001  0.23192129E+000  0.11125968E+002  0.44376332E+002  0.78896034E+002  0.13332929E+003  0.16587921E+003
 -0.72342495E+000 -0.55766867E+000 -0.30415639E+000 -0.10672433E+000 -0.53628181E-001  0.23192598E+000  0.11127501E+002  0.44376336E+002  0.78896041E+002  0.13332944E+003  0.16587922E+003
 -0.72342470E+000 -0.55766844E+000 -0.30415610E+000 -0.10672385E+000 -0.53628059E-001  0.23193052E+000  0.11128985E+002  0.44376340E+002  0.78896047E+002  0.13332958E+003  0.16587922E+003
 -0.72342446E+000 -0.55766821E+000 -0.30415582E+000 -0.10672338E+000 -0.53627941E-001  0.23193493E+000  0.11130421E+002  0.44376345E+002  0.78896054E+002  0.13332973E+003  0.16587923E+003
 -0.72342423E+000 -0.55766799E+000 -0.30415554E+000 -0.10672293E+000 -0.53627827E-001  0.23193921E+000  0.11131811E+002  0.44376349E+002  0.78896060E+002  0.13332987E+003  0.16587923E+003
 -0.72342400E+000 -0.55766778E+000 -0.30415527E+000 -0.10672249E+000 -0.53627716E-001  0.23194336E+000  0.11133157E+002  0.44376353E+002  0.78896067E+002  0.13333001E+003  0.16587923E+003
 -0.72342378E+000 -0.55766757E+000 -0.30415501E+000 -0.10672206E+000 -0.53627608E-001  0.23194738E+000  0.11134459E+002  0.44376356E+002  0.78896073E+002  0.13333016E+003  0.16587924E+003
 -0.72342357E+000 -0.55766737E+000 -0.30415476E+000 -0.10672165E+000 -0.53627504E-001  0.23195128E+000  0.11135719E+002  0.44376360E+002  0.78896079E+002  0.13333030E+003  0.16587924E+003
 -0.72342336E+000 -0.55766718E+000 -0.30415451E+000 -0.10672125E+000 -0.53627404E-001  0.23195505E+000  0.11136938E+002  0.44376364E+002  0.78896085E+002  0.13333044E+003  0.16587925E+003
 -0.72342316E+000 -0.55766699E+000 -0.30415427E+000 -0.10672086E+000 -0.53627306E-001  0.23195870E+000  0.11138116E+002  0.44376367E+002  0.78896091E+002  0.13333058E+003  0.16587925E+003
 -0.72342297E+000 -0.55766680E+000 -0.30415404E+000 -0.10672048E+000 -0.53627212E-001  0.23196223E+000  0.11139256E+002  0.44376371E+002  0.78896097E+002  0.13333072E+003  0.16587925E+003
 -0.72342278E+000 -0.55766662E+000 -0.30415381E+000 -0.10672012E+000 -0.53627121E-001  0.23196565E+000  0.11140358E+002  0.44376374E+002  0.78896102E+002  0.13333085E+003  0.16587926E+003
 -0.72342260E+000 -0.55766645E+000 -0.30415359E+000 -0.10671977E+000 -0.53627033E-001  0.23196895E+000  0.11141423E+002  0.44376378E+002  0.78896108E+002  0.13333099E+003  0.16587926E+003
 -0.72342242E+000 -0.55766628E+000 -0.30415338E+000 -0.10671943E+000 -0.53626948E-001  0.23197214E+000  0.11142453E+002  0.44376381E+002  0.78896113E+002  0.13333112E+003  0.16587926E+003
 -0.72342224E+000 -0.55766612E+000 -0.30415317E+000 -0.10671910E+000 -0.53626865E-001  0.23197523E+000  0.11143448E+002  0.44376384E+002  0.78896119E+002  0.13333125E+003  0.16587927E+003
 -0.72342208E+000 -0.55766596E+000 -0.30415297E+000 -0.10671879E+000 -0.53626786E-001  0.23197821E+000  0.11144410E+002  0.44376387E+002  0.78896124E+002  0.13333138E+003  0.16587927E+003
 -0.72342191E+000 -0.55766580E+000 -0.30415277E+000 -0.10671848E+000 -0.53626709E-001  0.23198109E+000  0.11145339E+002  0.44376390E+002  0.78896129E+002  0.13333151E+003  0.16587928E+003
 -0.72342176E+000 -0.55766565E+000 -0.30415258E+000 -0.10671819E+000 -0.53626635E-001  0.23198387E+000  0.11146237E+002  0.44376393E+002  0.78896134E+002  0.13333164E+003  0.16587928E+003
 -0.72342160E+000 -0.55766551E+000 -0.30415240E+000 -0.10671790E+000 -0.53626564E-001  0.23198655E+000  0.11147103E+002  0.44376396E+002  0.78896139E+002  0.13333176E+003  0.16587928E+003
 -0.72342145E+000 -0.55766536E+000 -0.30415222E+000 -0.10671762E+000 -0.53626495E-001  0.23198914E+000  0.11147941E+002  0.44376398E+002  0.78896144E+002  0.13333189E+003  0.16587929E+003
 -0.72342131E+000 -0.55766523E+000 -0.30415204E+000 -0.10671736E+000 -0.53626428E-001  0.23199164E+000  0.11148749E+002  0.44376401E+002  0.78896148E+002  0.13333201E+003  0.16587929E+003
 -0.72342117E+000 -0.55766509E+000 -0.30415187E+000 -0.10671710E+000 -0.53626364E-001  0.23199405E+000  0.11149529E+002  0.44376404E+002  0.78896153E+002  0.13333213E+003  0.16587929E+003
 -0.72342104E+000 -0.55766496E+000 -0.30415170E+000 -0.10671685E+000 -0.53626302E-001  0.23199637E+000  0.11150283E+002  0.44376406E+002  0.78896157E+002  0.13333225E+003  0.16587930E+003
 -0.72342090E+000 -0.55766484E+000 -0.30415154E+000 -0.10671661E+000 -0.53626243E-001  0.23199862E+000  0.11151010E+002  0.44376409E+002  0.78896162E+002  0.13333237E+003  0.16587930E+003
 -0.72342078E+000 -0.55766471E+000 -0.30415139E+000 -0.10671638E+000 -0.53626185E-001  0.23200078E+000  0.11151712E+002  0.44376411E+002  0.78896166E+002  0.13333248E+003  0.16587930E+003
 -0.72342065E+000 -0.55766459E+000 -0.30415123E+000 -0.10671615E+000 -0.53626130E-001  0.23200286E+000  0.11152390E+002  0.44376413E+002  0.78896170E+002  0.13333260E+003  0.16587931E+003
 -0.72342053E+000 -0.55766448E+000 -0.30415108E+000 -0.10671593E+000 -0.53626076E-001  0.23200488E+000  0.11153043E+002  0.44376415E+002  0.78896174E+002  0.13333271E+003  0.16587931E+003
 -0.72342041E+000 -0.55766437E+000 -0.30415094E+000 -0.10671572E+000 -0.53626024E-001  0.23200681E+000  0.11153674E+002  0.44376417E+002  0.78896178E+002  0.13333282E+003  0.16587931E+003
 -0.72342030E+000 -0.55766426E+000 -0.30415079E+000 -0.10671552E+000 -0.53625975E-001  0.23200868E+000  0.11154282E+002  0.44376420E+002  0.78896182E+002  0.13333293E+003  0.16587932E+003
 -0.72342019E+000 -0.55766415E+000 -0.30415066E+000 -0.10671532E+000 -0.53625927E-001  0.23201048E+000  0.11154869E+002  0.44376422E+002  0.78896186E+002  0.13333303E+003  0.16587932E+003
 -0.72342008E+000 -0.55766404E+000 -0.30415052E+000 -0.10671514E+000 -0.53625881E-001  0.23201222E+000  0.11155435E+002  0.44376423E+002  0.78896189E+002  0.13333314E+003  0.16587932E+003
 -0.72341998E+000 -0.55766394E+000 -0.30415039E+000 -0.10671495E+000 -0.53625836E-001  0.23201389E+000  0.11155981E+002  0.44376425E+002  0.78896193E+002  0.13333324E+003  0.16587933E+003
 -0.72341988E+000 -0.55766384E+000 -0.30415026E+000 -0.10671478E+000 -0.53625793E-001  0.23201551E+000  0.11156508E+002  0.44376427E+002  0.78896196E+002  0.13333333E+003  0.16587933E+003
 -0.72341978E+000 -0.55766375E+000 -0.30415013E+000 -0.10671460E+000 -0.53625752E-001  0.23201706E+000  0.11157015E+002  0.44376429E+002  0.78896199E+002  0.13333333E+003  0.16587933E+003
 -0.72341968E+000 -0.55766365E+000 -0.30415001E+000 -0.10671444E+000 -0.53625712E-001  0.23201856E+000  0.11157505E+002  0.44376431E+002  0.78896203E+002  0.13333334E+003  0.16587933E+003
 -0.72341959E+000 -0.55766356E+000 -0.30414989E+000 -0.10671428E+000 -0.53625674E-001  0.23202001E+000  0.11157977E+002  0.44376432E+002  0.78896206E+002  0.13333334E+003  0.16587934E+003
 -0.72341950E+000 -0.55766347E+000 -0.30414977E+000 -0.10671413E+000 -0.53625637E-001  0.23202140E+000  0.11158432E+002  0.44376434E+002  0.78896209E+002  0.13333335E+003  0.16587934E+003
 -0.72341941E+000 -0.55766339E+000 -0.30414966E+000 -0.10671398E+000 -0.53625601E-001  0.23202274E+000  0.11158870E+002  0.44376435E+002  0.78896212E+002  0.13333335E+003  0.16587934E+003
 -0.72341932E+000 -0.55766330E+000 -0.30414955E+000 -0.10671383E+000 -0.53625567E-001  0.23202404E+000  0.11159293E+002  0.44376437E+002  0.78896215E+002  0.13333335E+003  0.16587934E+003
 -0.72341924E+000 -0.55766322E+000 -0.30414944E+000 -0.10671369E+000 -0.53625534E-001  0.23202528E+000  0.11159701E+002  0.44376438E+002  0.78896218E+002  0.13333336E+003  0.16587935E+003
 -0.72341916E+000 -0.55766314E+000 -0.30414933E+000 -0.10671356E+000 -0.53625502E-001  0.23202649E+000  0.11160093E+002  0.44376440E+002  0.78896220E+002  0.13333336E+003  0.16587935E+003
 -0.72341908E+000 -0.55766306E+000 -0.30414923E+000 -0.10671343E+000 -0.53625471E-001  0.23202765E+000  0.11160472E+002  0.44376441E+002  0.78896223E+002  0.13333336E+003  0.16587935E+003
 -0.72341900E+000 -0.55766298E+000 -0.30414912E+000 -0.10671330E+000 -0.53625441E-001  0.23202876E+000  0.11160837E+002  0.44376442E+002  0.78896225E+002  0.13333337E+003  0.16587936E+003
 -0.72341892E+000 -0.55766291E+000 -0.30414902E+000 -0.10671318E+000 -0.53625412E-001  0.23202984E+000  0.11161188E+002  0.44376444E+002  0.78896228E+002  0.13333337E+003  0.16587936E+003
 -0.72341885E+000 -0.55766284E+000 -0.30414893E+000 -0.10671306E+000 -0.53625385E-001  0.23203088E+000  0.11161527E+002  0.44376445E+002  0.78896230E+002  0.13333338E+003  0.16587936E+003
 -0.72341878E+000 -0.55766277E+000 -0.30414883E+000 -0.10671294E+000 -0.53625358E-001  0.23203188E+000  0.11161854E+002  0.44376446E+002  0.78896233E+002  0.13333338E+003  0.16587936E+003
 -0.72341871E+000 -0.55766270E+000 -0.30414874E+000 -0.10671283E+000 -0.53625333E-001  0.23203285E+000  0.11162168E+002  0.44376447E+002  0.78896235E+002  0.13333338E+003  0.16587936E+003
 -0.72341864E+000 -0.55766263E+000 -0.30414864E+000 -0.10671273E+000 -0.53625308E-001  0.23203378E+000  0.11162471E+002  0.44376448E+002  0.78896237E+002  0.13333338E+003  0.16587937E+003
 -0.72341857E+000 -0.55766256E+000 -0.30414856E+000 -0.10671262E+000 -0.53625284E-001  0.23203468E+000  0.11162763E+002  0.44376449E+002  0.78896239E+002  0.13333339E+003  0.16587937E+003
 -0.72341851E+000 -0.55766250E+000 -0.30414847E+000 -0.10671252E+000 -0.53625261E-001  0.23203555E+000  0.11163045E+002  0.44376450E+002  0.78896241E+002  0.13333339E+003  0.16587937E+003
 -0.72341845E+000 -0.55766243E+000 -0.30414838E+000 -0.10671242E+000 -0.53625239E-001  0.23203639E+000  0.11163316E+002  0.44376451E+002  0.78896243E+002  0.13333339E+003  0.16587937E+003
 -0.72341839E+000 -0.55766237E+000 -0.30414830E+000 -0.10671233E+000 -0.53625217E-001  0.23203719E+000  0.11163577E+002  0.44376452E+002  0.78896245E+002  0.13333340E+003  0.16587938E+003
 -0.72341833E+000 -0.55766231E+000 -0.30414822E+000 -0.10671224E+000 -0.53625197E-001  0.23203797E+000  0.11163829E+002  0.44376453E+002  0.78896247E+002  0.13333340E+003  0.16587938E+003
 -0.72341827E+000 -0.55766225E+000 -0.30414814E+000 -0.10671215E+000 -0.53625177E-001  0.23203873E+000  0.11164071E+002  0.44376454E+002  0.78896249E+002  0.13333340E+003  0.16587938E+003
 -0.72341821E+000 -0.55766220E+000 -0.30414806E+000 -0.10671206E+000 -0.53625157E-001  0.23203945E+000  0.11164305E+002  0.44376455E+002  0.78896251E+002  0.13333340E+003  0.16587938E+003
 -0.72341816E+000 -0.55766214E+000 -0.30414798E+000 -0.10671198E+000 -0.53625139E-001  0.23204016E+000  0.11164530E+002  0.44376455E+002  0.78896252E+002  0.13333341E+003  0.16587938E+003
 -0.72341810E+000 -0.55766208E+000 -0.30414791E+000 -0.10671190E+000 -0.53625121E-001  0.23204083E+000  0.11164747E+002  0.44376456E+002  0.78896254E+002  0.13333341E+003  0.16587939E+003
 -0.72341805E+000 -0.55766203E+000 -0.30414783E+000 -0.10671182E+000 -0.53625103E-001  0.23204149E+000  0.11164956E+002  0.44376457E+002  0.78896255E+002  0.13333341E+003  0.16587939E+003
 -0.72341800E+000 -0.55766198E+000 -0.30414776E+000 -0.10671174E+000 -0.53625087E-001  0.23204212E+000  0.11165157E+002  0.44376458E+002  0.78896257E+002  0.13333341E+003  0.16587939E+003
 -0.72341795E+000 -0.55766193E+000 -0.30414769E+000 -0.10671167E+000 -0.53625070E-001  0.23204273E+000  0.11165351E+002  0.44376458E+002  0.78896258E+002  0.13333342E+003  0.16587939E+003
 -0.72341790E+000 -0.55766188E+000 -0.30414762E+000 -0.10671160E+000 -0.53625055E-001  0.23204332E+000  0.11165539E+002  0.44376459E+002  0.78896260E+002  0.13333342E+003  0.16587939E+003
 -0.72341785E+000 -0.55766183E+000 -0.30414755E+000 -0.10671153E+000 -0.53625040E-001  0.23204390E+000  0.11165719E+002  0.44376460E+002  0.78896261E+002  0.13333342E+003  0.16587939E+003
 -0.72341780E+000 -0.55766178E+000 -0.30414748E+000 -0.10671146E+000 -0.53625025E-001  0.23204445E+000  0.11165892E+002  0.44376460E+002  0.78896263E+002  0.13333342E+003  0.16587940E+003
 -0.72341775E+000 -0.55766173E+000 -0.30414742E+000 -0.10671140E+000 -0.53625011E-001  0.23204498E+000  0.11166060E+002  0.44376461E+002  0.78896264E+002  0.13333342E+003  0.16587940E+003
 -0.72341771E+000 -0.55766169E+000 -0.30414735E+000 -0.10671133E+000 -0.53624997E-001  0.23204550E+000  0.11166221E+002  0.44376462E+002  0.78896265E+002  0.13333343E+003  0.16587940E+003
 -0.72341766E+000 -0.55766164E+000 -0.30414729E+000 -0.10671127E+000 -0.53624984E-001  0.23204601E+000  0.11166377E+002  0.44376462E+002  0.78896266E+002  0.13333343E+003  0.16587940E+003
 -0.72341762E+000 -0.55766159E+000 -0.30414723E+000 -0.10671121E+000 -0.53624971E-001  0.23204649E+000  0.11166527E+002  0.44376463E+002  0.78896267E+002  0.13333343E+003  0.16587940E+003
 -0.72341758E+000 -0.55766155E+000 -0.30414717E+000 -0.10671115E+000 -0.53624958E-001  0.23204696E+000  0.11166672E+002  0.44376463E+002  0.78896268E+002  0.13333343E+003  0.16587940E+003
 -0.72341754E+000 -0.55766151E+000 -0.30414711E+000 -0.10671110E+000 -0.53624946E-001  0.23204742E+000  0.11166811E+002  0.44376464E+002  0.78896269E+002  0.13333343E+003  0.16587940E+003
 -0.72341750E+000 -0.55766147E+000 -0.30414706E+000 -0.10671104E+000 -0.53624935E-001  0.23204785E+000  0.11166946E+002  0.44376464E+002  0.78896271E+002  0.13333343E+003  0.16587941E+003
 -0.72341748E+000 -0.55766145E+000 -0.30414703E+000 -0.10671101E+000 -0.53624925E-001  0.23204825E+000  0.11167075E+002  0.44376465E+002  0.78896271E+002  0.13333344E+003  0.16587941E+003
 -0.72341746E+000 -0.55766143E+000 -0.30414702E+000 -0.10671098E+000 -0.53624916E-001  0.23204861E+000  0.11167198E+002  0.44376465E+002  0.78896272E+002  0.13333344E+003  0.16587941E+003
