  0.25791733E-001
  0.25997315E-001
  0.26190655E-001
  0.26358798E-001
  0.26503005E-001
  0.26626137E-001
  0.26730938E-001
  0.26819904E-001
  0.26895245E-001
  0.26958903E-001
  0.27012568E-001
  0.27057705E-001
  0.27095596E-001
  0.27127354E-001
  0.27153935E-001
  0.27176156E-001
  0.27194718E-001
  0.27210305E-001
  0.27223416E-001
  0.27234439E-001
  0.27243713E-001
  0.27251524E-001
  0.27258116E-001
  0.27263694E-001
  0.27268431E-001
  0.27272474E-001
  0.27275947E-001
  0.27278951E-001
  0.27281573E-001
  0.27283886E-001
  0.27285947E-001
  0.27287805E-001
  0.27289497E-001
  0.27291055E-001
  0.27292502E-001
  0.27293858E-001
  0.27295139E-001
  0.27296354E-001
  0.27297513E-001
  0.27298621E-001
  0.27299684E-001
  0.27300705E-001
  0.27301687E-001
  0.27302631E-001
  0.27303540E-001
  0.27304416E-001
  0.27305260E-001
  0.27306074E-001
  0.27306860E-001
  0.27307620E-001
  0.27308355E-001
  0.27309067E-001
  0.27309757E-001
  0.27310428E-001
  0.27311078E-001
  0.27311709E-001
  0.27312321E-001
  0.27312913E-001
  0.27313486E-001
  0.27314041E-001
  0.27314578E-001
  0.27315098E-001
  0.27315601E-001
  0.27316087E-001
  0.27316554E-001
  0.27317000E-001
  0.27317425E-001
  0.27317828E-001
  0.27318208E-001
  0.27318567E-001
  0.27318905E-001
  0.27319223E-001
  0.27319521E-001
  0.27319799E-001
  0.27320058E-001
  0.27320298E-001
  0.27320520E-001
  0.27320725E-001
  0.27320914E-001
  0.27321088E-001
  0.27321247E-001
  0.27321392E-001
  0.27321524E-001
  0.27321645E-001
  0.27321754E-001
  0.27321852E-001
  0.27321941E-001
  0.27322021E-001
  0.27322092E-001
  0.27322156E-001
  0.27322212E-001
  0.27322262E-001
  0.27322306E-001
  0.27322345E-001
  0.27322379E-001
  0.27322408E-001
  0.27322433E-001
  0.27322455E-001
  0.27322473E-001
  0.27322488E-001
  0.27322501E-001
  0.27322511E-001
  0.27322519E-001
  0.27322525E-001
  0.27322530E-001
  0.27322533E-001
  0.27322535E-001
  0.27322536E-001
  0.27322536E-001
  0.27322536E-001
  0.27322534E-001
  0.27322532E-001
  0.27322530E-001
  0.27322527E-001
  0.27322524E-001
  0.27322521E-001
  0.27322518E-001
  0.27322514E-001
  0.27322511E-001
  0.27322507E-001
  0.27322503E-001
  0.27322500E-001
  0.27322496E-001
  0.27322492E-001
  0.27322489E-001
  0.27322485E-001
  0.27322481E-001
  0.27322478E-001
  0.27322474E-001
  0.27322471E-001
  0.27322468E-001
  0.27322464E-001
  0.27322461E-001
  0.27322458E-001
  0.27322455E-001
  0.27322452E-001
  0.27322449E-001
  0.27322446E-001
  0.27322444E-001
  0.27322441E-001
  0.27322439E-001
  0.27322436E-001
  0.27322434E-001
  0.27322431E-001
  0.27322429E-001
  0.27322427E-001
  0.27322425E-001
  0.27322423E-001
  0.27322421E-001
  0.27322419E-001
  0.27322417E-001
  0.27322416E-001
  0.27322414E-001
  0.27322413E-001
  0.27322411E-001
  0.27322410E-001
  0.27322408E-001
  0.27322407E-001
  0.27322406E-001
  0.27322404E-001
  0.27322403E-001
  0.27322402E-001
  0.27322401E-001
  0.27322400E-001
  0.27322399E-001
  0.27322398E-001
  0.27322397E-001
  0.27322396E-001
  0.27322396E-001
  0.27322395E-001
  0.27322394E-001
  0.27322393E-001
  0.27322393E-001
  0.27322392E-001
  0.27322392E-001
  0.27322391E-001
  0.27322390E-001
  0.27322390E-001
  0.27322390E-001
  0.27322389E-001
  0.27322389E-001
  0.27322388E-001
  0.27322388E-001
  0.27322387E-001
  0.27322387E-001
  0.27322387E-001
  0.27322387E-001
  0.27322386E-001
  0.27322386E-001
  0.27322386E-001
  0.27322386E-001
  0.27322385E-001
  0.27322385E-001
  0.27322385E-001
  0.27322385E-001
  0.27322385E-001
  0.27322385E-001
  0.27322385E-001
  0.27322384E-001
  0.27322382E-001
