  0.13345637E+002
  0.13345691E+002
  0.13345740E+002
  0.13345783E+002
  0.13345819E+002
  0.13345850E+002
  0.13345877E+002
  0.13345900E+002
  0.13345919E+002
  0.13345936E+002
  0.13345950E+002
  0.13345962E+002
  0.13345973E+002
  0.13345982E+002
  0.13345990E+002
  0.13345996E+002
  0.13346002E+002
  0.13346007E+002
  0.13346011E+002
  0.13346015E+002
  0.13346018E+002
  0.13346020E+002
  0.13346023E+002
  0.13346025E+002
  0.13346026E+002
  0.13346028E+002
  0.13346029E+002
  0.13346030E+002
  0.13346031E+002
  0.13346031E+002
  0.13346032E+002
  0.13346032E+002
  0.13346032E+002
  0.13346033E+002
  0.13346033E+002
  0.13346033E+002
  0.13346032E+002
  0.13346032E+002
  0.13346032E+002
  0.13346031E+002
  0.13346031E+002
  0.13346030E+002
  0.13346029E+002
  0.13346029E+002
  0.13346028E+002
  0.13346027E+002
  0.13346026E+002
  0.13346025E+002
  0.13346024E+002
  0.13346022E+002
  0.13346021E+002
  0.13346020E+002
  0.13346018E+002
  0.13346017E+002
  0.13346015E+002
  0.13346013E+002
  0.13346011E+002
  0.13346009E+002
  0.13346008E+002
  0.13346005E+002
  0.13346003E+002
  0.13346001E+002
  0.13345999E+002
  0.13345997E+002
  0.13345994E+002
  0.13345992E+002
  0.13345989E+002
  0.13345987E+002
  0.13345984E+002
  0.13345981E+002
  0.13345978E+002
  0.13345976E+002
  0.13345973E+002
  0.13345970E+002
  0.13345967E+002
  0.13345964E+002
  0.13345960E+002
  0.13345957E+002
  0.13345954E+002
  0.13345951E+002
  0.13345947E+002
  0.13345944E+002
  0.13345941E+002
  0.13345937E+002
  0.13345934E+002
  0.13345930E+002
  0.13345927E+002
  0.13345923E+002
  0.13345920E+002
  0.13345916E+002
  0.13345913E+002
  0.13345909E+002
  0.13345905E+002
  0.13345902E+002
  0.13345898E+002
  0.13345894E+002
  0.13345891E+002
  0.13345887E+002
  0.13345884E+002
  0.13345880E+002
  0.13345876E+002
  0.13345873E+002
  0.13345869E+002
  0.13345865E+002
  0.13345862E+002
  0.13345858E+002
  0.13345855E+002
  0.13345851E+002
  0.13345848E+002
  0.13345844E+002
  0.13345841E+002
  0.13345837E+002
  0.13345834E+002
  0.13345830E+002
  0.13345827E+002
  0.13345824E+002
  0.13345820E+002
  0.13345817E+002
  0.13345814E+002
  0.13345810E+002
  0.13345807E+002
  0.13345804E+002
  0.13345801E+002
  0.13345798E+002
  0.13345794E+002
  0.13345791E+002
  0.13345788E+002
  0.13345785E+002
  0.13345782E+002
  0.13345779E+002
  0.13345777E+002
  0.13345774E+002
  0.13345771E+002
  0.13345768E+002
  0.13345765E+002
  0.13345763E+002
  0.13345760E+002
  0.13345757E+002
  0.13345755E+002
  0.13345752E+002
  0.13345750E+002
  0.13345747E+002
  0.13345745E+002
  0.13345742E+002
  0.13345740E+002
  0.13345737E+002
  0.13345735E+002
  0.13345733E+002
  0.13345731E+002
  0.13345728E+002
  0.13345726E+002
  0.13345724E+002
  0.13345722E+002
  0.13345720E+002
  0.13345718E+002
  0.13345716E+002
  0.13345714E+002
  0.13345712E+002
  0.13345710E+002
  0.13345708E+002
  0.13345707E+002
  0.13345705E+002
  0.13345703E+002
  0.13345701E+002
  0.13345700E+002
  0.13345698E+002
  0.13345696E+002
  0.13345695E+002
  0.13345693E+002
  0.13345692E+002
  0.13345690E+002
  0.13345689E+002
  0.13345688E+002
  0.13345686E+002
  0.13345685E+002
  0.13345683E+002
  0.13345682E+002
  0.13345681E+002
  0.13345680E+002
  0.13345678E+002
  0.13345677E+002
  0.13345676E+002
  0.13345675E+002
  0.13345674E+002
  0.13345673E+002
  0.13345672E+002
  0.13345671E+002
  0.13345670E+002
  0.13345669E+002
  0.13345668E+002
  0.13345667E+002
  0.13345666E+002
  0.13345665E+002
  0.13345664E+002
  0.13345663E+002
  0.13345663E+002
  0.13345662E+002
  0.13345661E+002
  0.13345660E+002
  0.13345659E+002
