  0.83579540E+000  0.11953995E+001  0.71022672E+001  0.43195177E+002
  0.83580448E+000  0.11953775E+001  0.71023414E+001  0.43195338E+002
  0.83581540E+000  0.11953588E+001  0.71024068E+001  0.43195482E+002
  0.83582305E+000  0.11953471E+001  0.71024616E+001  0.43195606E+002
  0.83582963E+000  0.11953396E+001  0.71025064E+001  0.43195712E+002
  0.83583522E+000  0.11953353E+001  0.71149854E+001  0.43183361E+002
  0.83583994E+000  0.11953339E+001  0.71150135E+001  0.43183440E+002
  0.83584390E+000  0.11953348E+001  0.71150356E+001  0.43183508E+002
  0.83584722E+000  0.11953376E+001  0.71150528E+001  0.43183566E+002
  0.83584999E+000  0.11953419E+001  0.71150659E+001  0.43183616E+002
  0.83585229E+000  0.11953473E+001  0.71150756E+001  0.43183659E+002
  0.83585418E+000  0.11953537E+001  0.71150824E+001  0.43183695E+002
  0.83585574E+000  0.11953607E+001  0.71150870E+001  0.43183727E+002
  0.83585701E+000  0.11953682E+001  0.71150896E+001  0.43183754E+002
  0.83585803E+000  0.11953759E+001  0.71150907E+001  0.43183777E+002
  0.83585884E+000  0.11953838E+001  0.71150905E+001  0.43183797E+002
  0.83585948E+000  0.11953918E+001  0.71150893E+001  0.43183815E+002
  0.83585996E+000  0.11953996E+001  0.71150873E+001  0.43183830E+002
  0.83586031E+000  0.11954074E+001  0.71150848E+001  0.43183843E+002
  0.83586056E+000  0.11954149E+001  0.71150818E+001  0.43183854E+002
  0.83586071E+000  0.11954221E+001  0.71150784E+001  0.43183864E+002
  0.83586078E+000  0.11954290E+001  0.71150749E+001  0.43183873E+002
  0.83586078E+000  0.11954356E+001  0.71150712E+001  0.43183881E+002
  0.83586072E+000  0.11954418E+001  0.71150676E+001  0.43183887E+002
  0.83586061E+000  0.11954476E+001  0.71150639E+001  0.43183893E+002
  0.83586045E+000  0.11954530E+001  0.71150603E+001  0.43183899E+002
  0.83586026E+000  0.11954580E+001  0.71150568E+001  0.43183903E+002
  0.83586002E+000  0.11954625E+001  0.71150534E+001  0.43183907E+002
  0.83585976E+000  0.11954667E+001  0.71150502E+001  0.43183911E+002
  0.83585947E+000  0.11954704E+001  0.71150471E+001  0.43183914E+002
  0.83586442E+000  0.11954685E+001  0.71150442E+001  0.43183917E+002
  0.83586408E+000  0.11954716E+001  0.71150415E+001  0.43183919E+002
  0.83586372E+000  0.11954743E+001  0.71150388E+001  0.43183922E+002
  0.83586334E+000  0.11954766E+001  0.71150363E+001  0.43183924E+002
  0.83586294E+000  0.11954787E+001  0.71150340E+001  0.43183925E+002
  0.83586252E+000  0.11954805E+001  0.71150317E+001  0.43183927E+002
  0.83586208E+000  0.11954820E+001  0.71150295E+001  0.43183928E+002
  0.83586163E+000  0.11954834E+001  0.71150274E+001  0.43183929E+002
  0.83586116E+000  0.11954845E+001  0.71150253E+001  0.43183929E+002
  0.83586067E+000  0.11954854E+001  0.71150232E+001  0.43183930E+002
  0.83586016E+000  0.11954862E+001  0.71150212E+001  0.43183930E+002
  0.83585964E+000  0.11954868E+001  0.71150191E+001  0.43183930E+002
  0.83585909E+000  0.11954873E+001  0.71150171E+001  0.43183930E+002
  0.83585853E+000  0.11954877E+001  0.71150150E+001  0.43183930E+002
  0.83585796E+000  0.11954880E+001  0.71150129E+001  0.43183929E+002
  0.83585736E+000  0.11954882E+001  0.71150108E+001  0.43183929E+002
  0.83585675E+000  0.11954882E+001  0.71150085E+001  0.43183928E+002
  0.83585612E+000  0.11954882E+001  0.71150063E+001  0.43183927E+002
  0.83585548E+000  0.11954882E+001  0.71150040E+001  0.43183926E+002
  0.83585481E+000  0.11954880E+001  0.71150016E+001  0.43183924E+002
  0.83585413E+000  0.11954878E+001  0.71149991E+001  0.43183923E+002
  0.83585343E+000  0.11954875E+001  0.71149966E+001  0.43183921E+002
  0.83585271E+000  0.11954872E+001  0.71149940E+001  0.43183919E+002
  0.83585198E+000  0.11954868E+001  0.71149914E+001  0.43183917E+002
  0.83585122E+000  0.11954864E+001  0.71149886E+001  0.43183914E+002
  0.83585045E+000  0.11954859E+001  0.71149858E+001  0.43183912E+002
  0.83584967E+000  0.11954854E+001  0.71149830E+001  0.43183909E+002
  0.83584886E+000  0.11954848E+001  0.71149800E+001  0.43183906E+002
  0.83584805E+000  0.11954842E+001  0.71149770E+001  0.43183903E+002
  0.83584721E+000  0.11954835E+001  0.71149739E+001  0.43183899E+002
  0.83584637E+000  0.11954828E+001  0.71149707E+001  0.43183896E+002
  0.83584550E+000  0.11954821E+001  0.71149674E+001  0.43183892E+002
  0.83584463E+000  0.11954813E+001  0.71149641E+001  0.43183888E+002
  0.83584374E+000  0.11954805E+001  0.71149607E+001  0.43183883E+002
  0.83584285E+000  0.11954796E+001  0.71149573E+001  0.43183879E+002
  0.83584194E+000  0.11954787E+001  0.71149537E+001  0.43183874E+002
  0.83584103E+000  0.11954778E+001  0.71149501E+001  0.43183869E+002
  0.83584010E+000  0.11954768E+001  0.71149465E+001  0.43183864E+002
  0.83583918E+000  0.11954758E+001  0.71149427E+001  0.43183858E+002
  0.83583824E+000  0.11954748E+001  0.71149389E+001  0.43183853E+002
  0.83583731E+000  0.11954737E+001  0.71149351E+001  0.43183847E+002
  0.83583637E+000  0.11954726E+001  0.71149311E+001  0.43183841E+002
  0.83583543E+000  0.11954715E+001  0.71149272E+001  0.43183835E+002
  0.83583449E+000  0.11954703E+001  0.71149231E+001  0.43183828E+002
  0.83583355E+000  0.11954691E+001  0.71149190E+001  0.43183822E+002
  0.83583262E+000  0.11954679E+001  0.71149149E+001  0.43183815E+002
  0.83583169E+000  0.11954667E+001  0.71149107E+001  0.43183808E+002
  0.83583077E+000  0.11954654E+001  0.71149065E+001  0.43183800E+002
  0.83582985E+000  0.11954641E+001  0.71149022E+001  0.43183793E+002
  0.83582894E+000  0.11954628E+001  0.71148979E+001  0.43183785E+002
  0.83582805E+000  0.11954615E+001  0.71148936E+001  0.43183777E+002
  0.83582716E+000  0.11954602E+001  0.71148893E+001  0.43183769E+002
  0.83582628E+000  0.11954588E+001  0.71148849E+001  0.43183761E+002
  0.83582542E+000  0.11954575E+001  0.71148805E+001  0.43183753E+002
  0.83582457E+000  0.11954561E+001  0.71148761E+001  0.43183745E+002
  0.83582373E+000  0.11954547E+001  0.71148717E+001  0.43183736E+002
  0.83582291E+000  0.11954533E+001  0.71148673E+001  0.43183727E+002
  0.83582210E+000  0.11954519E+001  0.71148628E+001  0.43183718E+002
  0.83582131E+000  0.11954505E+001  0.71148584E+001  0.43183709E+002
  0.83582054E+000  0.11954491E+001  0.71148541E+001  0.43183700E+002
  0.83581978E+000  0.11954477E+001  0.71148497E+001  0.43183691E+002
  0.83581904E+000  0.11954463E+001  0.71148453E+001  0.43183682E+002
  0.83581832E+000  0.11954449E+001  0.71148410E+001  0.43183672E+002
  0.83581762E+000  0.11954435E+001  0.71148368E+001  0.43183663E+002
  0.83581694E+000  0.11954421E+001  0.71148325E+001  0.43183653E+002
  0.83581627E+000  0.11954408E+001  0.71148283E+001  0.43183643E+002
  0.83581563E+000  0.11954394E+001  0.71148242E+001  0.43183633E+002
  0.83581500E+000  0.11954381E+001  0.71148201E+001  0.43183624E+002
  0.83581440E+000  0.11954367E+001  0.71148160E+001  0.43183614E+002
  0.83581381E+000  0.11954354E+001  0.71148121E+001  0.43183603E+002
  0.83581324E+000  0.11954341E+001  0.71148082E+001  0.43183593E+002
  0.83581270E+000  0.11954328E+001  0.71148043E+001  0.43183583E+002
  0.83581217E+000  0.11954316E+001  0.71148006E+001  0.43183573E+002
  0.83581166E+000  0.11954303E+001  0.71147969E+001  0.43183562E+002
  0.83581117E+000  0.11954291E+001  0.71147932E+001  0.43183552E+002
  0.83581070E+000  0.11954279E+001  0.71147897E+001  0.43183542E+002
  0.83581024E+000  0.11954267E+001  0.71147862E+001  0.43183531E+002
  0.83580981E+000  0.11954256E+001  0.71147828E+001  0.43183521E+002
  0.83580939E+000  0.11954244E+001  0.71147795E+001  0.43183510E+002
  0.83580899E+000  0.11954233E+001  0.71147763E+001  0.43183500E+002
  0.83580861E+000  0.11954223E+001  0.71147732E+001  0.43183489E+002
  0.83580825E+000  0.11954212E+001  0.71147701E+001  0.43183479E+002
  0.83580790E+000  0.11954202E+001  0.71147672E+001  0.43183468E+002
  0.83580757E+000  0.11954192E+001  0.71147643E+001  0.43183457E+002
  0.83580725E+000  0.11954182E+001  0.71147615E+001  0.43183447E+002
  0.83580695E+000  0.11954172E+001  0.71147588E+001  0.43183436E+002
  0.83580666E+000  0.11954163E+001  0.71147562E+001  0.43183426E+002
  0.83580639E+000  0.11954154E+001  0.71147536E+001  0.43183415E+002
  0.83580613E+000  0.11954145E+001  0.71147512E+001  0.43183405E+002
  0.83580589E+000  0.11954137E+001  0.71147488E+001  0.43183394E+002
  0.83580566E+000  0.11954128E+001  0.71147465E+001  0.43183384E+002
  0.83580544E+000  0.11954120E+001  0.71147443E+001  0.43183373E+002
  0.83580523E+000  0.11954113E+001  0.71147421E+001  0.43183363E+002
  0.83580503E+000  0.11954105E+001  0.71147401E+001  0.43183353E+002
  0.83580485E+000  0.11954098E+001  0.71147381E+001  0.43183342E+002
  0.83580468E+000  0.11954091E+001  0.71147362E+001  0.43183332E+002
  0.83580451E+000  0.11954084E+001  0.71147344E+001  0.43183322E+002
  0.83580436E+000  0.11954078E+001  0.71147326E+001  0.43183312E+002
  0.83580421E+000  0.11954071E+001  0.71147309E+001  0.43183302E+002
  0.83580408E+000  0.11954065E+001  0.71147293E+001  0.43183292E+002
  0.83580395E+000  0.11954059E+001  0.71147277E+001  0.43183282E+002
  0.83580383E+000  0.11954054E+001  0.71147262E+001  0.43183272E+002
  0.83580372E+000  0.11954048E+001  0.71147248E+001  0.43183263E+002
  0.83580362E+000  0.11954043E+001  0.71147235E+001  0.43183253E+002
  0.83580352E+000  0.11954038E+001  0.71147222E+001  0.43183244E+002
  0.83580343E+000  0.11954033E+001  0.71147209E+001  0.43183234E+002
  0.83580335E+000  0.11954028E+001  0.71147197E+001  0.43183225E+002
  0.83580327E+000  0.11954024E+001  0.71147186E+001  0.43183216E+002
  0.83580320E+000  0.11954019E+001  0.71147175E+001  0.43183206E+002
  0.83580314E+000  0.11954015E+001  0.71147165E+001  0.43183197E+002
  0.83580308E+000  0.11954011E+001  0.71147155E+001  0.43183188E+002
  0.83580302E+000  0.11954008E+001  0.71147146E+001  0.43183180E+002
  0.83580297E+000  0.11954004E+001  0.71147137E+001  0.43183171E+002
  0.83580292E+000  0.11954000E+001  0.71147129E+001  0.43183162E+002
  0.83580288E+000  0.11953997E+001  0.71147121E+001  0.43183154E+002
  0.83580284E+000  0.11953994E+001  0.71147113E+001  0.43183145E+002
  0.83580280E+000  0.11953991E+001  0.71147106E+001  0.43183137E+002
  0.83580277E+000  0.11953988E+001  0.71147100E+001  0.43183129E+002
  0.83580274E+000  0.11953985E+001  0.71147093E+001  0.43183121E+002
  0.83580272E+000  0.11953982E+001  0.71147087E+001  0.43183113E+002
  0.83580269E+000  0.11953980E+001  0.71147082E+001  0.43183105E+002
  0.83580267E+000  0.11953977E+001  0.71147076E+001  0.43183097E+002
  0.83580266E+000  0.11953975E+001  0.71147071E+001  0.43183090E+002
  0.83580264E+000  0.11953973E+001  0.71147067E+001  0.43183082E+002
  0.83580263E+000  0.11953971E+001  0.71147062E+001  0.43183075E+002
  0.83580262E+000  0.11953969E+001  0.71147058E+001  0.43183068E+002
  0.83580261E+000  0.11953967E+001  0.71147054E+001  0.43183061E+002
  0.83580260E+000  0.11953965E+001  0.71147051E+001  0.43183054E+002
  0.83580259E+000  0.11953963E+001  0.71147048E+001  0.43183047E+002
  0.83580259E+000  0.11953961E+001  0.71147044E+001  0.43183040E+002
  0.83580258E+000  0.11953960E+001  0.71147042E+001  0.43183033E+002
  0.83580258E+000  0.11953958E+001  0.71147039E+001  0.43183027E+002
  0.83580258E+000  0.11953957E+001  0.71147036E+001  0.43183020E+002
  0.83580258E+000  0.11953955E+001  0.71147034E+001  0.43183014E+002
  0.83580258E+000  0.11953954E+001  0.71147032E+001  0.43183008E+002
  0.83580258E+000  0.11953953E+001  0.71147030E+001  0.43183002E+002
  0.83580259E+000  0.11953951E+001  0.71147028E+001  0.43182996E+002
  0.83580259E+000  0.11953950E+001  0.71147026E+001  0.43182990E+002
  0.83580259E+000  0.11953949E+001  0.71147025E+001  0.43182985E+002
  0.83580260E+000  0.11953948E+001  0.71147024E+001  0.43182979E+002
  0.83580261E+000  0.11953947E+001  0.71147022E+001  0.43182973E+002
  0.83580261E+000  0.11953946E+001  0.71147021E+001  0.43182968E+002
  0.83580262E+000  0.11953945E+001  0.71147020E+001  0.43182963E+002
  0.83580262E+000  0.11953944E+001  0.71147019E+001  0.43182958E+002
  0.83580263E+000  0.11953944E+001  0.71147018E+001  0.43182953E+002
  0.83580264E+000  0.11953943E+001  0.71147018E+001  0.43182948E+002
  0.83580265E+000  0.11953942E+001  0.71147017E+001  0.43182943E+002
  0.83580266E+000  0.11953941E+001  0.71147016E+001  0.43182938E+002
  0.83580266E+000  0.11953941E+001  0.71147016E+001  0.43182934E+002
  0.83580267E+000  0.11953940E+001  0.71147015E+001  0.43182929E+002
  0.83580268E+000  0.11953940E+001  0.71147015E+001  0.43182925E+002
  0.83580269E+000  0.11953939E+001  0.71147015E+001  0.43182920E+002
  0.83580270E+000  0.11953938E+001  0.71147014E+001  0.43182916E+002
  0.83580270E+000  0.11953938E+001  0.71147014E+001  0.43182912E+002
  0.83580271E+000  0.11953937E+001  0.71147014E+001  0.43182908E+002
  0.83580272E+000  0.11953937E+001  0.71147014E+001  0.43182904E+002
  0.83580273E+000  0.11953936E+001  0.71147014E+001  0.43182900E+002
  0.83580273E+000  0.11953936E+001  0.71147013E+001  0.43182897E+002
  0.83580274E+000  0.11953936E+001  0.71147013E+001  0.43182893E+002
  0.83580275E+000  0.11953935E+001  0.71147013E+001  0.43182889E+002
  0.83580275E+000  0.11953935E+001  0.71147013E+001  0.43182886E+002
  0.83580276E+000  0.11953934E+001  0.71147013E+001  0.43182882E+002
  0.83580276E+000  0.11953934E+001  0.71147013E+001  0.43182879E+002
  0.83580277E+000  0.11953933E+001  0.71147012E+001  0.43182876E+002
  0.83580277E+000  0.11953933E+001  0.71147012E+001  0.43182872E+002
  0.83580277E+000  0.11953933E+001  0.71147011E+001  0.43182869E+002
  0.83580277E+000  0.11953932E+001  0.71147011E+001  0.43182866E+002
  0.83580277E+000  0.11953932E+001  0.71147010E+001  0.43182862E+002
  0.83580276E+000  0.11953931E+001  0.71147009E+001  0.43182859E+002
  0.83580276E+000  0.11953931E+001  0.71147008E+001  0.43182856E+002
