  0.35586061E+000
  0.35590963E+000
  0.35594647E+000
  0.35597437E+000
  0.35599524E+000
  0.35601043E+000
  0.35602104E+000
  0.35602795E+000
  0.35603188E+000
  0.35603341E+000
  0.35603304E+000
  0.35603116E+000
  0.35602811E+000
  0.35602414E+000
  0.35601948E+000
  0.35601431E+000
  0.35600878E+000
  0.35600301E+000
  0.35599708E+000
  0.35599107E+000
  0.35598505E+000
  0.35597905E+000
  0.35597312E+000
  0.35596728E+000
  0.35596156E+000
  0.35595598E+000
  0.35595055E+000
  0.35594528E+000
  0.35594018E+000
  0.35593525E+000
  0.35593050E+000
  0.35592592E+000
  0.35592153E+000
  0.35591732E+000
  0.35591330E+000
  0.35590945E+000
  0.35590577E+000
  0.35590228E+000
  0.35589896E+000
  0.35589580E+000
  0.35589282E+000
  0.35589000E+000
  0.35588735E+000
  0.35588485E+000
  0.35588251E+000
  0.35588032E+000
  0.35587827E+000
  0.35587636E+000
  0.35587459E+000
  0.35587296E+000
  0.35587144E+000
  0.35587005E+000
  0.35586877E+000
  0.35586760E+000
  0.35586653E+000
  0.35586556E+000
  0.35586468E+000
  0.35586387E+000
  0.35586315E+000
  0.35586249E+000
  0.35586191E+000
  0.35586138E+000
  0.35586090E+000
  0.35586048E+000
  0.35586010E+000
  0.35585977E+000
  0.35585947E+000
  0.35585921E+000
  0.35585897E+000
  0.35585877E+000
  0.35585860E+000
  0.35585845E+000
  0.35585832E+000
  0.35585821E+000
  0.35585811E+000
  0.35585804E+000
  0.35585798E+000
  0.35585793E+000
  0.35585790E+000
  0.35585788E+000
  0.35585786E+000
  0.35585786E+000
  0.35585786E+000
  0.35585788E+000
  0.35585789E+000
  0.35585792E+000
  0.35585794E+000
  0.35585798E+000
  0.35585801E+000
  0.35585805E+000
  0.35585810E+000
  0.35585814E+000
  0.35585819E+000
  0.35585823E+000
  0.35585828E+000
  0.35585833E+000
  0.35585838E+000
  0.35585844E+000
  0.35585849E+000
  0.35585854E+000
  0.35585859E+000
  0.35585864E+000
  0.35585869E+000
  0.35585874E+000
  0.35585879E+000
  0.35585884E+000
  0.35585889E+000
  0.35585894E+000
  0.35585899E+000
  0.35585904E+000
  0.35585908E+000
  0.35585913E+000
  0.35585917E+000
  0.35585922E+000
  0.35585926E+000
  0.35585930E+000
  0.35585934E+000
  0.35585938E+000
  0.35585942E+000
  0.35585946E+000
  0.35585950E+000
  0.35585953E+000
  0.35585957E+000
  0.35585960E+000
  0.35585964E+000
  0.35585967E+000
  0.35585970E+000
  0.35585973E+000
  0.35585976E+000
  0.35585979E+000
  0.35585982E+000
  0.35585985E+000
  0.35585987E+000
  0.35585990E+000
  0.35585992E+000
  0.35585995E+000
  0.35585997E+000
  0.35585999E+000
  0.35586002E+000
  0.35586004E+000
  0.35586006E+000
  0.35586008E+000
  0.35586010E+000
  0.35586012E+000
  0.35586013E+000
  0.35586015E+000
  0.35586017E+000
  0.35586018E+000
  0.35586020E+000
  0.35586021E+000
  0.35586023E+000
  0.35586024E+000
  0.35586026E+000
  0.35586027E+000
  0.35586028E+000
  0.35586030E+000
  0.35586031E+000
  0.35586032E+000
  0.35586033E+000
  0.35586034E+000
  0.35586035E+000
  0.35586036E+000
  0.35586037E+000
  0.35586038E+000
  0.35586039E+000
  0.35586040E+000
  0.35586040E+000
  0.35586041E+000
  0.35586042E+000
  0.35586043E+000
  0.35586043E+000
  0.35586044E+000
  0.35586045E+000
  0.35586045E+000
  0.35586046E+000
  0.35586047E+000
  0.35586047E+000
  0.35586048E+000
  0.35586048E+000
  0.35586049E+000
  0.35586049E+000
  0.35586050E+000
  0.35586050E+000
  0.35586050E+000
  0.35586051E+000
  0.35586051E+000
  0.35586052E+000
  0.35586052E+000
  0.35586052E+000
  0.35586053E+000
  0.35586053E+000
  0.35586053E+000
  0.35586053E+000
  0.35586054E+000
  0.35586054E+000
  0.35586054E+000
  0.35586055E+000
  0.35586055E+000
  0.35586056E+000
  0.35586056E+000
