  0.15605843E+000  0.14911711E+000  0.41811666E+000  0.18728200E+001
  0.15614657E+000  0.14917713E+000  0.41845386E+000  0.18728227E+001
  0.15621763E+000  0.14928772E+000  0.41886231E+000  0.18726090E+001
  0.15626984E+000  0.14932399E+000  0.41893750E+000  0.18727373E+001
  0.15630933E+000  0.14947452E+000  0.41909303E+000  0.18726172E+001
  0.15634732E+000  0.14948723E+000  0.41913843E+000  0.18726933E+001
  0.15644130E+000  0.14947589E+000  0.41912686E+000  0.18727512E+001
  0.15645658E+000  0.14948621E+000  0.41932629E+000  0.18726199E+001
  0.15646579E+000  0.14949337E+000  0.41935407E+000  0.18726407E+001
  0.15647021E+000  0.14949781E+000  0.41936542E+000  0.18726621E+001
  0.15647149E+000  0.14949863E+000  0.41937242E+000  0.18726754E+001
  0.15646993E+000  0.14949798E+000  0.41937476E+000  0.18726822E+001
  0.15646608E+000  0.14949576E+000  0.41937493E+000  0.18726825E+001
  0.15646041E+000  0.14949362E+000  0.41936985E+000  0.18726796E+001
  0.15645331E+000  0.14948886E+000  0.41936482E+000  0.18726726E+001
  0.15645157E+000  0.14947677E+000  0.41935754E+000  0.18726632E+001
  0.15644251E+000  0.14947052E+000  0.41934894E+000  0.18726516E+001
  0.15643282E+000  0.14946378E+000  0.41933932E+000  0.18726380E+001
  0.15642268E+000  0.14945669E+000  0.41932899E+000  0.18726229E+001
  0.15641224E+000  0.14944935E+000  0.41931799E+000  0.18726066E+001
  0.15640163E+000  0.14944329E+000  0.41930530E+000  0.18725892E+001
  0.15639094E+000  0.14943573E+000  0.41929356E+000  0.18725712E+001
  0.15638031E+000  0.14942811E+000  0.41929770E+000  0.18725366E+001
  0.15636972E+000  0.14942058E+000  0.41928563E+000  0.18725175E+001
  0.15635926E+000  0.14941312E+000  0.41927350E+000  0.18724982E+001
  0.15634899E+000  0.14940579E+000  0.41926138E+000  0.18724787E+001
  0.15633895E+000  0.14939860E+000  0.41924929E+000  0.18724590E+001
  0.15632916E+000  0.14939158E+000  0.41923729E+000  0.18724393E+001
  0.15631966E+000  0.14938475E+000  0.41922539E+000  0.18724196E+001
  0.15631046E+000  0.14937812E+000  0.41921362E+000  0.18723999E+001
  0.15630159E+000  0.14937171E+000  0.41920199E+000  0.18723804E+001
  0.15629305E+000  0.14936552E+000  0.41919053E+000  0.18723610E+001
  0.15628486E+000  0.14935957E+000  0.41917925E+000  0.18723417E+001
  0.15627701E+000  0.14935385E+000  0.41916815E+000  0.18723226E+001
  0.15626952E+000  0.14934837E+000  0.41915725E+000  0.18723038E+001
  0.15626238E+000  0.14934314E+000  0.41914655E+000  0.18722852E+001
  0.15625560E+000  0.14933814E+000  0.41913606E+000  0.18722669E+001
  0.15624917E+000  0.14933338E+000  0.41912579E+000  0.18722488E+001
  0.15624307E+000  0.14932887E+000  0.41911574E+000  0.18722310E+001
  0.15623732E+000  0.14932458E+000  0.41910593E+000  0.18722135E+001
  0.15623189E+000  0.14932053E+000  0.41909635E+000  0.18721964E+001
  0.15622678E+000  0.14931670E+000  0.41908701E+000  0.18721795E+001
  0.15622198E+000  0.14931309E+000  0.41907792E+000  0.18721630E+001
  0.15621747E+000  0.14930969E+000  0.41906909E+000  0.18721469E+001
  0.15621324E+000  0.14930649E+000  0.41906051E+000  0.18721311E+001
  0.15620927E+000  0.14930349E+000  0.41905219E+000  0.18721156E+001
  0.15620556E+000  0.14930069E+000  0.41904414E+000  0.18721006E+001
  0.15620208E+000  0.14929806E+000  0.41903636E+000  0.18720859E+001
  0.15619883E+000  0.14929561E+000  0.41902886E+000  0.18720715E+001
  0.15619578E+000  0.14929332E+000  0.41902163E+000  0.18720576E+001
  0.15619293E+000  0.14929118E+000  0.41901467E+000  0.18720440E+001
  0.15619026E+000  0.14928920E+000  0.41900800E+000  0.18720309E+001
  0.15618776E+000  0.14928735E+000  0.41900160E+000  0.18720181E+001
  0.15618542E+000  0.14928563E+000  0.41899548E+000  0.18720057E+001
  0.15618321E+000  0.14928403E+000  0.41898964E+000  0.18719937E+001
  0.15618114E+000  0.14928255E+000  0.41898407E+000  0.18719821E+001
  0.15617919E+000  0.14928116E+000  0.41897877E+000  0.18719710E+001
  0.15617736E+000  0.14927988E+000  0.41897374E+000  0.18719602E+001
  0.15617562E+000  0.14927868E+000  0.41896897E+000  0.18719498E+001
  0.15617399E+000  0.14927757E+000  0.41896445E+000  0.18719398E+001
  0.15617244E+000  0.14927653E+000  0.41896017E+000  0.18719303E+001
  0.15617097E+000  0.14927556E+000  0.41895614E+000  0.18719211E+001
  0.15616959E+000  0.14927465E+000  0.41895235E+000  0.18719123E+001
  0.15616827E+000  0.14927380E+000  0.41894878E+000  0.18719039E+001
  0.15616702E+000  0.14927301E+000  0.41894542E+000  0.18718960E+001
  0.15616583E+000  0.14927226E+000  0.41894228E+000  0.18718883E+001
  0.15616471E+000  0.14927156E+000  0.41893933E+000  0.18718811E+001
  0.15616364E+000  0.14927090E+000  0.41893658E+000  0.18718743E+001
  0.15616262E+000  0.14927028E+000  0.41893401E+000  0.18718678E+001
  0.15616166E+000  0.14926970E+000  0.41893162E+000  0.18718616E+001
  0.15616075E+000  0.14926915E+000  0.41892939E+000  0.18718558E+001
  0.15615989E+000  0.14926864E+000  0.41892732E+000  0.18718504E+001
  0.15615907E+000  0.14926815E+000  0.41892540E+000  0.18718453E+001
  0.15615831E+000  0.14926769E+000  0.41892362E+000  0.18718405E+001
  0.15615758E+000  0.14926726E+000  0.41892197E+000  0.18718360E+001
  0.15615690E+000  0.14926685E+000  0.41892045E+000  0.18718318E+001
  0.15615626E+000  0.14926647E+000  0.41891905E+000  0.18718279E+001
  0.15615565E+000  0.14926611E+000  0.41891776E+000  0.18718242E+001
  0.15615509E+000  0.14926578E+000  0.41891657E+000  0.18718208E+001
  0.15615457E+000  0.14926546E+000  0.41891548E+000  0.18718177E+001
  0.15615408E+000  0.14926517E+000  0.41891449E+000  0.18718148E+001
  0.15615363E+000  0.14926489E+000  0.41891358E+000  0.18718121E+001
  0.15615321E+000  0.14926464E+000  0.41891275E+000  0.18718097E+001
  0.15615282E+000  0.14926440E+000  0.41891199E+000  0.18718074E+001
  0.15615246E+000  0.14926418E+000  0.41891131E+000  0.18718054E+001
  0.15615213E+000  0.14926398E+000  0.41891069E+000  0.18718035E+001
  0.15615183E+000  0.14926379E+000  0.41891013E+000  0.18718018E+001
  0.15615156E+000  0.14926362E+000  0.41890962E+000  0.18718002E+001
  0.15615131E+000  0.14926346E+000  0.41890917E+000  0.18717988E+001
  0.15615108E+000  0.14926332E+000  0.41890877E+000  0.18717975E+001
  0.15615088E+000  0.14926319E+000  0.41890841E+000  0.18717964E+001
  0.15615070E+000  0.14926307E+000  0.41890809E+000  0.18717953E+001
  0.15615053E+000  0.14926296E+000  0.41890781E+000  0.18717944E+001
  0.15615039E+000  0.14926287E+000  0.41890756E+000  0.18717936E+001
  0.15615026E+000  0.14926278E+000  0.41890734E+000  0.18717928E+001
  0.15615015E+000  0.14926271E+000  0.41890715E+000  0.18717922E+001
  0.15615005E+000  0.14926264E+000  0.41890699E+000  0.18717916E+001
  0.15614996E+000  0.14926258E+000  0.41890685E+000  0.18717911E+001
  0.15614989E+000  0.14926253E+000  0.41890673E+000  0.18717907E+001
  0.15614983E+000  0.14926249E+000  0.41890664E+000  0.18717903E+001
  0.15614978E+000  0.14926245E+000  0.41890656E+000  0.18717900E+001
  0.15614973E+000  0.14926242E+000  0.41890649E+000  0.18717897E+001
  0.15614970E+000  0.14926239E+000  0.41890644E+000  0.18717895E+001
  0.15614967E+000  0.14926237E+000  0.41890640E+000  0.18717893E+001
  0.15614965E+000  0.14926236E+000  0.41890637E+000  0.18717892E+001
  0.15614963E+000  0.14926235E+000  0.41890635E+000  0.18717890E+001
  0.15614963E+000  0.14926234E+000  0.41890634E+000  0.18717890E+001
  0.15614962E+000  0.14926233E+000  0.41890634E+000  0.18717889E+001
  0.15614962E+000  0.14926233E+000  0.41890634E+000  0.18717889E+001
  0.15614962E+000  0.14926233E+000  0.41890635E+000  0.18717889E+001
  0.15614963E+000  0.14926234E+000  0.41890636E+000  0.18717889E+001
  0.15614964E+000  0.14926234E+000  0.41890638E+000  0.18717889E+001
  0.15614965E+000  0.14926235E+000  0.41890640E+000  0.18717890E+001
  0.15614966E+000  0.14926236E+000  0.41890642E+000  0.18717890E+001
  0.15614968E+000  0.14926237E+000  0.41890645E+000  0.18717891E+001
  0.15614970E+000  0.14926238E+000  0.41890647E+000  0.18717892E+001
  0.15614971E+000  0.14926240E+000  0.41890650E+000  0.18717893E+001
  0.15614973E+000  0.14926241E+000  0.41890652E+000  0.18717894E+001
  0.15614975E+000  0.14926242E+000  0.41890655E+000  0.18717895E+001
  0.15614977E+000  0.14926244E+000  0.41890657E+000  0.18717896E+001
  0.15614979E+000  0.14926245E+000  0.41890660E+000  0.18717897E+001
  0.15614981E+000  0.14926247E+000  0.41890662E+000  0.18717899E+001
  0.15614982E+000  0.14926248E+000  0.41890664E+000  0.18717900E+001
  0.15614984E+000  0.14926250E+000  0.41890666E+000  0.18717901E+001
  0.15614986E+000  0.14926251E+000  0.41890668E+000  0.18717903E+001
  0.15614988E+000  0.14926252E+000  0.41890670E+000  0.18717904E+001
  0.15614990E+000  0.14926254E+000  0.41890671E+000  0.18717905E+001
  0.15614991E+000  0.14926255E+000  0.41890672E+000  0.18717907E+001
  0.15614993E+000  0.14926256E+000  0.41890673E+000  0.18717908E+001
  0.15614994E+000  0.14926258E+000  0.41890674E+000  0.18717909E+001
  0.15614996E+000  0.14926259E+000  0.41890675E+000  0.18717911E+001
  0.15614997E+000  0.14926260E+000  0.41890675E+000  0.18717912E+001
  0.15614998E+000  0.14926261E+000  0.41890676E+000  0.18717913E+001
  0.15614999E+000  0.14926262E+000  0.41890676E+000  0.18717914E+001
  0.15615000E+000  0.14926263E+000  0.41890675E+000  0.18717915E+001
  0.15615001E+000  0.14926264E+000  0.41890675E+000  0.18717917E+001
  0.15615002E+000  0.14926265E+000  0.41890675E+000  0.18717918E+001
  0.15615003E+000  0.14926266E+000  0.41890674E+000  0.18717919E+001
  0.15615004E+000  0.14926266E+000  0.41890673E+000  0.18717920E+001
  0.15615005E+000  0.14926267E+000  0.41890673E+000  0.18717921E+001
  0.15615006E+000  0.14926268E+000  0.41890672E+000  0.18717922E+001
  0.15615006E+000  0.14926269E+000  0.41890671E+000  0.18717923E+001
  0.15615007E+000  0.14926269E+000  0.41890670E+000  0.18717924E+001
  0.15615008E+000  0.14926270E+000  0.41890669E+000  0.18717925E+001
  0.15615008E+000  0.14926270E+000  0.41890668E+000  0.18717925E+001
  0.15615009E+000  0.14926271E+000  0.41890667E+000  0.18717926E+001
  0.15615009E+000  0.14926271E+000  0.41890665E+000  0.18717927E+001
  0.15615010E+000  0.14926272E+000  0.41890664E+000  0.18717928E+001
  0.15615010E+000  0.14926272E+000  0.41890663E+000  0.18717928E+001
  0.15615010E+000  0.14926272E+000  0.41890662E+000  0.18717929E+001
  0.15615011E+000  0.14926273E+000  0.41890661E+000  0.18717929E+001
  0.15615011E+000  0.14926273E+000  0.41890659E+000  0.18717930E+001
  0.15615011E+000  0.14926273E+000  0.41890658E+000  0.18717930E+001
  0.15615012E+000  0.14926274E+000  0.41890657E+000  0.18717930E+001
  0.15615012E+000  0.14926274E+000  0.41890656E+000  0.18717931E+001
  0.15615012E+000  0.14926274E+000  0.41890654E+000  0.18717931E+001
  0.15615012E+000  0.14926274E+000  0.41890653E+000  0.18717931E+001
  0.15615012E+000  0.14926274E+000  0.41890652E+000  0.18717931E+001
  0.15615012E+000  0.14926274E+000  0.41890651E+000  0.18717931E+001
  0.15615012E+000  0.14926275E+000  0.41890650E+000  0.18717931E+001
  0.15615013E+000  0.14926275E+000  0.41890649E+000  0.18717931E+001
  0.15615013E+000  0.14926275E+000  0.41890648E+000  0.18717931E+001
  0.15615013E+000  0.14926275E+000  0.41890647E+000  0.18717931E+001
  0.15615013E+000  0.14926275E+000  0.41890646E+000  0.18717931E+001
  0.15615013E+000  0.14926275E+000  0.41890646E+000  0.18717931E+001
  0.15615013E+000  0.14926275E+000  0.41890645E+000  0.18717931E+001
  0.15615013E+000  0.14926275E+000  0.41890644E+000  0.18717931E+001
  0.15615013E+000  0.14926275E+000  0.41890644E+000  0.18717931E+001
  0.15615013E+000  0.14926276E+000  0.41890643E+000  0.18717931E+001
  0.15615013E+000  0.14926276E+000  0.41890643E+000  0.18717931E+001
  0.15615014E+000  0.14926276E+000  0.41890643E+000  0.18717931E+001
  0.15615014E+000  0.14926276E+000  0.41890642E+000  0.18717931E+001
  0.15615014E+000  0.14926276E+000  0.41890642E+000  0.18717930E+001
  0.15615014E+000  0.14926276E+000  0.41890642E+000  0.18717930E+001
  0.15615014E+000  0.14926276E+000  0.41890642E+000  0.18717930E+001
  0.15615014E+000  0.14926276E+000  0.41890642E+000  0.18717930E+001
  0.15615015E+000  0.14926277E+000  0.41890642E+000  0.18717930E+001
  0.15615015E+000  0.14926277E+000  0.41890642E+000  0.18717930E+001
  0.15615015E+000  0.14926277E+000  0.41890642E+000  0.18717930E+001
  0.15615015E+000  0.14926277E+000  0.41890643E+000  0.18717930E+001
  0.15615016E+000  0.14926277E+000  0.41890643E+000  0.18717930E+001
  0.15615016E+000  0.14926278E+000  0.41890643E+000  0.18717930E+001
  0.15615016E+000  0.14926278E+000  0.41890643E+000  0.18717930E+001
  0.15615016E+000  0.14926278E+000  0.41890644E+000  0.18717930E+001
  0.15615016E+000  0.14926278E+000  0.41890644E+000  0.18717930E+001
  0.15615017E+000  0.14926278E+000  0.41890644E+000  0.18717930E+001
  0.15615017E+000  0.14926278E+000  0.41890644E+000  0.18717930E+001
  0.15615017E+000  0.14926278E+000  0.41890645E+000  0.18717930E+001
  0.15615017E+000  0.14926279E+000  0.41890645E+000  0.18717930E+001
  0.15615017E+000  0.14926279E+000  0.41890645E+000  0.18717930E+001
  0.15615017E+000  0.14926279E+000  0.41890645E+000  0.18717930E+001
  0.15615018E+000  0.14926279E+000  0.41890646E+000  0.18717930E+001
  0.15615018E+000  0.14926279E+000  0.41890646E+000  0.18717930E+001
  0.15615018E+000  0.14926279E+000  0.41890646E+000  0.18717930E+001
  0.15615018E+000  0.14926279E+000  0.41890646E+000  0.18717929E+001
  0.15615018E+000  0.14926279E+000  0.41890646E+000  0.18717929E+001
  0.15615018E+000  0.14926279E+000  0.41890647E+000  0.18717929E+001
  0.15615019E+000  0.14926280E+000  0.41890648E+000  0.18717929E+001
  0.15615020E+000  0.14926281E+000  0.41890648E+000  0.18717929E+001
  0.15615019E+000  0.14926279E+000  0.41890643E+000  0.18717928E+001
