 -0.64474408E-001  0.46673733E-001  0.90788758E+000  0.17001315E+001
 -0.64405066E-001  0.46727262E-001  0.90811456E+000  0.17003196E+001
 -0.64355103E-001  0.46764901E-001  0.90829582E+000  0.17004575E+001
 -0.64318661E-001  0.46789527E-001  0.90843978E+000  0.17005594E+001
 -0.64292088E-001  0.46803703E-001  0.90855343E+000  0.17006348E+001
 -0.64274506E-001  0.46812245E-001  0.90864220E+000  0.17006901E+001
 -0.64264025E-001  0.46817546E-001  0.90871042E+000  0.17007299E+001
 -0.64258572E-001  0.46820257E-001  0.90876155E+000  0.17007577E+001
 -0.64256754E-001  0.46820935E-001  0.90879859E+000  0.17007760E+001
 -0.64257668E-001  0.46820010E-001  0.90882394E+000  0.17007871E+001
 -0.64260636E-001  0.46817843E-001  0.90883977E+000  0.17007925E+001
 -0.64265160E-001  0.46814720E-001  0.90884762E+000  0.17007936E+001
 -0.64270885E-001  0.46810858E-001  0.90884883E+000  0.17007912E+001
 -0.64277499E-001  0.46806445E-001  0.90884458E+000  0.17007861E+001
 -0.64284755E-001  0.46801628E-001  0.90883585E+000  0.17007790E+001
 -0.64292527E-001  0.46796496E-001  0.90882331E+000  0.17007702E+001
 -0.64300612E-001  0.46791160E-001  0.90880771E+000  0.17007603E+001
 -0.64308881E-001  0.46785698E-001  0.90878964E+000  0.17007494E+001
 -0.64317223E-001  0.46780176E-001  0.90876960E+000  0.17007379E+001
 -0.64325550E-001  0.46774646E-001  0.90874799E+000  0.17007259E+001
 -0.64333799E-001  0.46769148E-001  0.90872514E+000  0.17007136E+001
 -0.64341914E-001  0.46763712E-001  0.90870135E+000  0.17007011E+001
 -0.64349858E-001  0.46758364E-001  0.90867684E+000  0.17006885E+001
 -0.64357592E-001  0.46753125E-001  0.90865182E+000  0.17006759E+001
 -0.64365087E-001  0.46748016E-001  0.90862647E+000  0.17006633E+001
 -0.64372319E-001  0.46743049E-001  0.90860093E+000  0.17006507E+001
 -0.64379272E-001  0.46738238E-001  0.90857534E+000  0.17006383E+001
 -0.64385933E-001  0.46733592E-001  0.90854980E+000  0.17006260E+001
 -0.64392294E-001  0.46729119E-001  0.90852440E+000  0.17006138E+001
 -0.64398348E-001  0.46724826E-001  0.90849923E+000  0.17006017E+001
 -0.64404093E-001  0.46720717E-001  0.90847436E+000  0.17005898E+001
 -0.64409529E-001  0.46716797E-001  0.90844985E+000  0.17005780E+001
 -0.64414656E-001  0.46713069E-001  0.90842575E+000  0.17005663E+001
 -0.64419477E-001  0.46709535E-001  0.90840210E+000  0.17005547E+001
 -0.64424002E-001  0.46706194E-001  0.90837895E+000  0.17005433E+001
 -0.64428235E-001  0.46703046E-001  0.90835632E+000  0.17005319E+001
 -0.64432186E-001  0.46700091E-001  0.90833426E+000  0.17005207E+001
 -0.64435865E-001  0.46697325E-001  0.90831277E+000  0.17005095E+001
 -0.64439282E-001  0.46694747E-001  0.90829187E+000  0.17004985E+001
 -0.64442447E-001  0.46692352E-001  0.90827161E+000  0.17004875E+001
 -0.64445371E-001  0.46690137E-001  0.90825198E+000  0.17004766E+001
 -0.64448065E-001  0.46688099E-001  0.90823300E+000  0.17004658E+001
 -0.64450542E-001  0.46686231E-001  0.90821468E+000  0.17004550E+001
 -0.64452814E-001  0.46684528E-001  0.90819704E+000  0.17004443E+001
 -0.64454893E-001  0.46682982E-001  0.90818006E+000  0.17004337E+001
 -0.64456793E-001  0.46681587E-001  0.90816375E+000  0.17004231E+001
 -0.64458527E-001  0.46680333E-001  0.90814810E+000  0.17004126E+001
 -0.64460107E-001  0.46679214E-001  0.90813311E+000  0.17004022E+001
 -0.64461546E-001  0.46678219E-001  0.90811875E+000  0.17003918E+001
 -0.64462856E-001  0.46677340E-001  0.90810503E+000  0.17003815E+001
 -0.64464050E-001  0.46676566E-001  0.90809191E+000  0.17003712E+001
 -0.64465138E-001  0.46675889E-001  0.90807938E+000  0.17003610E+001
 -0.64466132E-001  0.46675298E-001  0.90806744E+000  0.17003509E+001
 -0.64467031E-001  0.46674791E-001  0.90805607E+000  0.17003409E+001
 -0.64467843E-001  0.46674360E-001  0.90804529E+000  0.17003310E+001
 -0.64468576E-001  0.46673996E-001  0.90803506E+000  0.17003212E+001
 -0.64469231E-001  0.46673698E-001  0.90802540E+000  0.17003116E+001
 -0.64469812E-001  0.46673459E-001  0.90801630E+000  0.17003021E+001
 -0.64470328E-001  0.46673272E-001  0.90800773E+000  0.17002929E+001
 -0.64470787E-001  0.46673128E-001  0.90799967E+000  0.17002838E+001
 -0.64471195E-001  0.46673021E-001  0.90799211E+000  0.17002749E+001
 -0.64471556E-001  0.46672947E-001  0.90798502E+000  0.17002662E+001
 -0.64471877E-001  0.46672899E-001  0.90797838E+000  0.17002578E+001
 -0.64472161E-001  0.46672873E-001  0.90797219E+000  0.17002495E+001
 -0.64472411E-001  0.46672864E-001  0.90796641E+000  0.17002415E+001
 -0.64472632E-001  0.46672871E-001  0.90796104E+000  0.17002337E+001
 -0.64472826E-001  0.46672888E-001  0.90795604E+000  0.17002262E+001
 -0.64472997E-001  0.46672914E-001  0.90795141E+000  0.17002189E+001
 -0.64473147E-001  0.46672946E-001  0.90794713E+000  0.17002119E+001
 -0.64473278E-001  0.46672983E-001  0.90794317E+000  0.17002052E+001
 -0.64473393E-001  0.46673022E-001  0.90793952E+000  0.17001987E+001
 -0.64473493E-001  0.46673063E-001  0.90793615E+000  0.17001925E+001
 -0.64473580E-001  0.46673104E-001  0.90793305E+000  0.17001867E+001
 -0.64473655E-001  0.46673145E-001  0.90793019E+000  0.17001810E+001
 -0.64473721E-001  0.46673185E-001  0.90792757E+000  0.17001757E+001
 -0.64473778E-001  0.46673224E-001  0.90792516E+000  0.17001707E+001
 -0.64473827E-001  0.46673261E-001  0.90792293E+000  0.17001660E+001
 -0.64473870E-001  0.46673295E-001  0.90792089E+000  0.17001616E+001
 -0.64473907E-001  0.46673328E-001  0.90791900E+000  0.17001574E+001
 -0.64473939E-001  0.46673359E-001  0.90791726E+000  0.17001536E+001
 -0.64473967E-001  0.46673387E-001  0.90791565E+000  0.17001500E+001
 -0.64473992E-001  0.46673413E-001  0.90791415E+000  0.17001467E+001
 -0.64474014E-001  0.46673437E-001  0.90791276E+000  0.17001437E+001
 -0.64474033E-001  0.46673459E-001  0.90791147E+000  0.17001410E+001
 -0.64474050E-001  0.46673479E-001  0.90791027E+000  0.17001384E+001
 -0.64474066E-001  0.46673498E-001  0.90790914E+000  0.17001362E+001
 -0.64474080E-001  0.46673514E-001  0.90790808E+000  0.17001341E+001
 -0.64474092E-001  0.46673530E-001  0.90790709E+000  0.17001323E+001
 -0.64474104E-001  0.46673543E-001  0.90790615E+000  0.17001306E+001
 -0.64474116E-001  0.46673556E-001  0.90790527E+000  0.17001292E+001
 -0.64474126E-001  0.46673567E-001  0.90790444E+000  0.17001279E+001
 -0.64474136E-001  0.46673577E-001  0.90790365E+000  0.17001268E+001
 -0.64474146E-001  0.46673586E-001  0.90790291E+000  0.17001258E+001
 -0.64474155E-001  0.46673595E-001  0.90790221E+000  0.17001250E+001
 -0.64474164E-001  0.46673602E-001  0.90790154E+000  0.17001243E+001
 -0.64474173E-001  0.46673609E-001  0.90790091E+000  0.17001237E+001
 -0.64474181E-001  0.46673615E-001  0.90790031E+000  0.17001232E+001
 -0.64474189E-001  0.46673621E-001  0.90789974E+000  0.17001228E+001
 -0.64474197E-001  0.46673626E-001  0.90789920E+000  0.17001225E+001
 -0.64474205E-001  0.46673631E-001  0.90789869E+000  0.17001223E+001
 -0.64474212E-001  0.46673635E-001  0.90789820E+000  0.17001222E+001
 -0.64474220E-001  0.46673639E-001  0.90789774E+000  0.17001221E+001
 -0.64474227E-001  0.46673643E-001  0.90789730E+000  0.17001221E+001
 -0.64474234E-001  0.46673646E-001  0.90789688E+000  0.17001221E+001
 -0.64474240E-001  0.46673649E-001  0.90789648E+000  0.17001222E+001
 -0.64474247E-001  0.46673652E-001  0.90789611E+000  0.17001223E+001
 -0.64474253E-001  0.46673655E-001  0.90789575E+000  0.17001224E+001
 -0.64474259E-001  0.46673658E-001  0.90789540E+000  0.17001226E+001
 -0.64474265E-001  0.46673660E-001  0.90789508E+000  0.17001228E+001
 -0.64474271E-001  0.46673663E-001  0.90789476E+000  0.17001230E+001
 -0.64474276E-001  0.46673665E-001  0.90789447E+000  0.17001232E+001
 -0.64474281E-001  0.46673667E-001  0.90789418E+000  0.17001235E+001
 -0.64474286E-001  0.46673670E-001  0.90789391E+000  0.17001237E+001
 -0.64474291E-001  0.46673672E-001  0.90789365E+000  0.17001240E+001
 -0.64474296E-001  0.46673674E-001  0.90789340E+000  0.17001243E+001
 -0.64474300E-001  0.46673676E-001  0.90789316E+000  0.17001246E+001
 -0.64474305E-001  0.46673678E-001  0.90789293E+000  0.17001248E+001
 -0.64474309E-001  0.46673680E-001  0.90789271E+000  0.17001251E+001
 -0.64474313E-001  0.46673681E-001  0.90789250E+000  0.17001254E+001
 -0.64474317E-001  0.46673683E-001  0.90789230E+000  0.17001257E+001
 -0.64474320E-001  0.46673685E-001  0.90789211E+000  0.17001260E+001
 -0.64474324E-001  0.46673687E-001  0.90789192E+000  0.17001263E+001
 -0.64474327E-001  0.46673688E-001  0.90789174E+000  0.17001266E+001
 -0.64474330E-001  0.46673690E-001  0.90789157E+000  0.17001268E+001
 -0.64474334E-001  0.46673691E-001  0.90789141E+000  0.17001271E+001
 -0.64474337E-001  0.46673693E-001  0.90789125E+000  0.17001274E+001
 -0.64474340E-001  0.46673694E-001  0.90789110E+000  0.17001276E+001
 -0.64474342E-001  0.46673696E-001  0.90789095E+000  0.17001279E+001
 -0.64474345E-001  0.46673697E-001  0.90789081E+000  0.17001282E+001
 -0.64474348E-001  0.46673699E-001  0.90789067E+000  0.17001284E+001
 -0.64474350E-001  0.46673700E-001  0.90789055E+000  0.17001286E+001
 -0.64474352E-001  0.46673701E-001  0.90789042E+000  0.17001289E+001
 -0.64474355E-001  0.46673702E-001  0.90789030E+000  0.17001291E+001
 -0.64474357E-001  0.46673704E-001  0.90789019E+000  0.17001293E+001
 -0.64474359E-001  0.46673705E-001  0.90789008E+000  0.17001295E+001
 -0.64474361E-001  0.46673706E-001  0.90788997E+000  0.17001297E+001
 -0.64474363E-001  0.46673707E-001  0.90788987E+000  0.17001299E+001
 -0.64474365E-001  0.46673708E-001  0.90788977E+000  0.17001301E+001
 -0.64474367E-001  0.46673709E-001  0.90788968E+000  0.17001303E+001
 -0.64474368E-001  0.46673710E-001  0.90788958E+000  0.17001305E+001
 -0.64474370E-001  0.46673711E-001  0.90788950E+000  0.17001306E+001
 -0.64474371E-001  0.46673712E-001  0.90788942E+000  0.17001308E+001
 -0.64474373E-001  0.46673713E-001  0.90788934E+000  0.17001309E+001
 -0.64474374E-001  0.46673714E-001  0.90788926E+000  0.17001311E+001
 -0.64474376E-001  0.46673715E-001  0.90788919E+000  0.17001312E+001
 -0.64474377E-001  0.46673716E-001  0.90788911E+000  0.17001314E+001
 -0.64474379E-001  0.46673716E-001  0.90788905E+000  0.17001315E+001
 -0.64474380E-001  0.46673717E-001  0.90788898E+000  0.17001316E+001
 -0.64474381E-001  0.46673718E-001  0.90788892E+000  0.17001317E+001
 -0.64474382E-001  0.46673719E-001  0.90788886E+000  0.17001318E+001
 -0.64474383E-001  0.46673719E-001  0.90788880E+000  0.17001319E+001
 -0.64474384E-001  0.46673720E-001  0.90788875E+000  0.17001320E+001
 -0.64474385E-001  0.46673721E-001  0.90788870E+000  0.17001321E+001
 -0.64474386E-001  0.46673721E-001  0.90788865E+000  0.17001322E+001
 -0.64474387E-001  0.46673722E-001  0.90788860E+000  0.17001322E+001
 -0.64474388E-001  0.46673722E-001  0.90788855E+000  0.17001323E+001
 -0.64474389E-001  0.46673723E-001  0.90788851E+000  0.17001324E+001
 -0.64474390E-001  0.46673723E-001  0.90788847E+000  0.17001324E+001
 -0.64474391E-001  0.46673724E-001  0.90788843E+000  0.17001325E+001
 -0.64474392E-001  0.46673724E-001  0.90788839E+000  0.17001325E+001
 -0.64474392E-001  0.46673725E-001  0.90788835E+000  0.17001326E+001
 -0.64474393E-001  0.46673725E-001  0.90788831E+000  0.17001326E+001
 -0.64474394E-001  0.46673725E-001  0.90788828E+000  0.17001326E+001
 -0.64474394E-001  0.46673726E-001  0.90788825E+000  0.17001326E+001
 -0.64474395E-001  0.46673726E-001  0.90788822E+000  0.17001327E+001
 -0.64474396E-001  0.46673727E-001  0.90788819E+000  0.17001327E+001
 -0.64474396E-001  0.46673727E-001  0.90788816E+000  0.17001327E+001
 -0.64474397E-001  0.46673727E-001  0.90788813E+000  0.17001327E+001
 -0.64474398E-001  0.46673727E-001  0.90788810E+000  0.17001327E+001
 -0.64474398E-001  0.46673728E-001  0.90788808E+000  0.17001327E+001
 -0.64474399E-001  0.46673728E-001  0.90788805E+000  0.17001327E+001
 -0.64474399E-001  0.46673728E-001  0.90788803E+000  0.17001327E+001
 -0.64474400E-001  0.46673728E-001  0.90788801E+000  0.17001327E+001
 -0.64474400E-001  0.46673729E-001  0.90788799E+000  0.17001327E+001
 -0.64474401E-001  0.46673729E-001  0.90788797E+000  0.17001327E+001
 -0.64474401E-001  0.46673729E-001  0.90788795E+000  0.17001327E+001
 -0.64474401E-001  0.46673729E-001  0.90788793E+000  0.17001326E+001
 -0.64474402E-001  0.46673729E-001  0.90788791E+000  0.17001326E+001
 -0.64474402E-001  0.46673730E-001  0.90788790E+000  0.17001326E+001
 -0.64474403E-001  0.46673730E-001  0.90788788E+000  0.17001326E+001
 -0.64474403E-001  0.46673730E-001  0.90788786E+000  0.17001326E+001
 -0.64474403E-001  0.46673730E-001  0.90788785E+000  0.17001325E+001
 -0.64474404E-001  0.46673730E-001  0.90788783E+000  0.17001325E+001
 -0.64474404E-001  0.46673730E-001  0.90788782E+000  0.17001325E+001
 -0.64474404E-001  0.46673730E-001  0.90788781E+000  0.17001324E+001
 -0.64474404E-001  0.46673731E-001  0.90788779E+000  0.17001324E+001
 -0.64474405E-001  0.46673731E-001  0.90788778E+000  0.17001324E+001
 -0.64474405E-001  0.46673731E-001  0.90788777E+000  0.17001323E+001
 -0.64474405E-001  0.46673731E-001  0.90788775E+000  0.17001323E+001
 -0.64474405E-001  0.46673731E-001  0.90788774E+000  0.17001323E+001
 -0.64474406E-001  0.46673731E-001  0.90788773E+000  0.17001322E+001
 -0.64474406E-001  0.46673731E-001  0.90788771E+000  0.17001322E+001
 -0.64474406E-001  0.46673731E-001  0.90788770E+000  0.17001321E+001
 -0.64474407E-001  0.46673731E-001  0.90788768E+000  0.17001321E+001
 -0.64474407E-001  0.46673731E-001  0.90788766E+000  0.17001320E+001
 -0.64474408E-001  0.46673731E-001  0.90788763E+000  0.17001320E+001
 -0.64474409E-001  0.46673730E-001  0.90788759E+000  0.17001319E+001
 -0.64474411E-001  0.46673728E-001  0.90788754E+000  0.17001318E+001
 -0.64474416E-001  0.46673722E-001  0.90788746E+000  0.17001317E+001
 -0.64474424E-001  0.46673714E-001  0.90788735E+000  0.17001316E+001
