  0.39047757E+000
  0.39051332E+000
  0.39053904E+000
  0.39055811E+000
  0.39057215E+000
  0.39058221E+000
  0.39058910E+000
  0.39059344E+000
  0.39059575E+000
  0.39059644E+000
  0.39059584E+000
  0.39059422E+000
  0.39059182E+000
  0.39058881E+000
  0.39058533E+000
  0.39058151E+000
  0.39057744E+000
  0.39057320E+000
  0.39056886E+000
  0.39056446E+000
  0.39056005E+000
  0.39055566E+000
  0.39055132E+000
  0.39054705E+000
  0.39054286E+000
  0.39053878E+000
  0.39053480E+000
  0.39053095E+000
  0.39052722E+000
  0.39052362E+000
  0.39052016E+000
  0.39051683E+000
  0.39051365E+000
  0.39051061E+000
  0.39050771E+000
  0.39050495E+000
  0.39050234E+000
  0.39049987E+000
  0.39049754E+000
  0.39049535E+000
  0.39049330E+000
  0.39049138E+000
  0.39048960E+000
  0.39048795E+000
  0.39048642E+000
  0.39048501E+000
  0.39048372E+000
  0.39048254E+000
  0.39048148E+000
  0.39048051E+000
  0.39047964E+000
  0.39047886E+000
  0.39047817E+000
  0.39047756E+000
  0.39047702E+000
  0.39047654E+000
  0.39047613E+000
  0.39047578E+000
  0.39047547E+000
  0.39047521E+000
  0.39047499E+000
  0.39047481E+000
  0.39047466E+000
  0.39047454E+000
  0.39047444E+000
  0.39047436E+000
  0.39047430E+000
  0.39047425E+000
  0.39047422E+000
  0.39047421E+000
  0.39047420E+000
  0.39047420E+000
  0.39047421E+000
  0.39047423E+000
  0.39047425E+000
  0.39047428E+000
  0.39047431E+000
  0.39047435E+000
  0.39047439E+000
  0.39047443E+000
  0.39047447E+000
  0.39047452E+000
  0.39047457E+000
  0.39047463E+000
  0.39047468E+000
  0.39047473E+000
  0.39047479E+000
  0.39047485E+000
  0.39047490E+000
  0.39047496E+000
  0.39047502E+000
  0.39047508E+000
  0.39047514E+000
  0.39047520E+000
  0.39047526E+000
  0.39047532E+000
  0.39047537E+000
  0.39047543E+000
  0.39047549E+000
  0.39047555E+000
  0.39047560E+000
  0.39047566E+000
  0.39047571E+000
  0.39047577E+000
  0.39047582E+000
  0.39047588E+000
  0.39047593E+000
  0.39047598E+000
  0.39047603E+000
  0.39047608E+000
  0.39047612E+000
  0.39047617E+000
  0.39047622E+000
  0.39047626E+000
  0.39047631E+000
  0.39047635E+000
  0.39047639E+000
  0.39047643E+000
  0.39047647E+000
  0.39047651E+000
  0.39047655E+000
  0.39047659E+000
  0.39047662E+000
  0.39047666E+000
  0.39047669E+000
  0.39047673E+000
  0.39047676E+000
  0.39047679E+000
  0.39047682E+000
  0.39047685E+000
  0.39047688E+000
  0.39047691E+000
  0.39047694E+000
  0.39047696E+000
  0.39047699E+000
  0.39047701E+000
  0.39047704E+000
  0.39047706E+000
  0.39047708E+000
  0.39047710E+000
  0.39047713E+000
  0.39047715E+000
  0.39047717E+000
  0.39047718E+000
  0.39047720E+000
  0.39047722E+000
  0.39047724E+000
  0.39047726E+000
  0.39047727E+000
  0.39047729E+000
  0.39047730E+000
  0.39047732E+000
  0.39047733E+000
  0.39047734E+000
  0.39047736E+000
  0.39047737E+000
  0.39047738E+000
  0.39047739E+000
  0.39047741E+000
  0.39047742E+000
  0.39047743E+000
  0.39047744E+000
  0.39047745E+000
  0.39047746E+000
  0.39047746E+000
  0.39047747E+000
  0.39047748E+000
  0.39047749E+000
  0.39047750E+000
  0.39047751E+000
  0.39047751E+000
  0.39047752E+000
  0.39047753E+000
  0.39047753E+000
  0.39047754E+000
  0.39047754E+000
  0.39047755E+000
  0.39047756E+000
  0.39047756E+000
  0.39047757E+000
  0.39047757E+000
  0.39047758E+000
  0.39047758E+000
  0.39047758E+000
  0.39047759E+000
  0.39047759E+000
  0.39047759E+000
  0.39047760E+000
  0.39047760E+000
  0.39047760E+000
  0.39047761E+000
  0.39047761E+000
  0.39047761E+000
  0.39047761E+000
  0.39047761E+000
  0.39047762E+000
  0.39047762E+000
  0.39047762E+000
  0.39047762E+000
  0.39047762E+000
