  0.71961032E+000
  0.71964463E+000
  0.71968585E+000
  0.71972297E+000
  0.71975226E+000
  0.71977411E+000
  0.71978778E+000
  0.71979451E+000
  0.71979561E+000
  0.71979229E+000
  0.71978560E+000
  0.71977642E+000
  0.71976547E+000
  0.71975332E+000
  0.71974042E+000
  0.71972713E+000
  0.71971374E+000
  0.71970044E+000
  0.71968740E+000
  0.71967475E+000
  0.71966262E+000
  0.71965101E+000
  0.71963996E+000
  0.71962951E+000
  0.71961966E+000
  0.71961042E+000
  0.71960178E+000
  0.71959372E+000
  0.71958624E+000
  0.71957931E+000
  0.71957290E+000
  0.71956700E+000
  0.71956157E+000
  0.71955659E+000
  0.71955203E+000
  0.71954786E+000
  0.71954405E+000
  0.71954057E+000
  0.71953740E+000
  0.71953451E+000
  0.71953187E+000
  0.71952946E+000
  0.71952727E+000
  0.71952526E+000
  0.71952342E+000
  0.71952173E+000
  0.71952019E+000
  0.71951876E+000
  0.71951744E+000
  0.71951623E+000
  0.71951511E+000
  0.71951406E+000
  0.71951310E+000
  0.71951220E+000
  0.71951136E+000
  0.71951059E+000
  0.71950987E+000
  0.71950920E+000
  0.71950858E+000
  0.71950801E+000
  0.71950748E+000
  0.71950699E+000
  0.71950654E+000
  0.71950612E+000
  0.71950574E+000
  0.71950540E+000
  0.71950508E+000
  0.71950479E+000
  0.71950453E+000
  0.71950430E+000
  0.71950409E+000
  0.71950390E+000
  0.71950373E+000
  0.71950358E+000
  0.71950344E+000
  0.71950332E+000
  0.71950322E+000
  0.71950312E+000
  0.71950304E+000
  0.71950297E+000
  0.71950291E+000
  0.71950285E+000
  0.71950280E+000
  0.71950276E+000
  0.71950273E+000
  0.71950270E+000
  0.71950267E+000
  0.71950265E+000
  0.71950263E+000
  0.71950262E+000
  0.71950260E+000
  0.71950259E+000
  0.71950258E+000
  0.71950257E+000
  0.71950257E+000
  0.71950256E+000
  0.71950256E+000
  0.71950255E+000
  0.71950255E+000
  0.71950255E+000
  0.71950255E+000
  0.71950255E+000
  0.71950254E+000
  0.71950255E+000
  0.71950255E+000
  0.71950255E+000
  0.71950255E+000
  0.71950255E+000
  0.71950255E+000
  0.71950255E+000
  0.71950255E+000
  0.71950256E+000
  0.71950256E+000
  0.71950256E+000
  0.71950256E+000
  0.71950256E+000
  0.71950256E+000
  0.71950256E+000
  0.71950256E+000
  0.71950256E+000
  0.71950255E+000
  0.71950255E+000
  0.71950255E+000
  0.71950254E+000
  0.71950254E+000
  0.71950254E+000
  0.71950253E+000
  0.71950253E+000
  0.71950253E+000
  0.71950253E+000
  0.71950252E+000
  0.71950252E+000
  0.71950252E+000
  0.71950252E+000
  0.71950252E+000
  0.71950252E+000
  0.71950252E+000
  0.71950252E+000
  0.71950253E+000
  0.71950253E+000
  0.71950253E+000
  0.71950253E+000
  0.71950254E+000
  0.71950254E+000
  0.71950254E+000
  0.71950255E+000
  0.71950255E+000
  0.71950255E+000
  0.71950256E+000
  0.71950256E+000
  0.71950256E+000
  0.71950256E+000
  0.71950257E+000
  0.71950257E+000
  0.71950257E+000
  0.71950257E+000
  0.71950257E+000
  0.71950257E+000
  0.71950257E+000
  0.71950257E+000
  0.71950257E+000
  0.71950257E+000
  0.71950257E+000
  0.71950257E+000
  0.71950256E+000
  0.71950256E+000
  0.71950256E+000
  0.71950256E+000
  0.71950255E+000
  0.71950255E+000
  0.71950255E+000
  0.71950254E+000
  0.71950254E+000
  0.71950253E+000
  0.71950253E+000
  0.71950253E+000
  0.71950252E+000
  0.71950252E+000
  0.71950251E+000
  0.71950251E+000
  0.71950250E+000
  0.71950250E+000
  0.71950250E+000
  0.71950249E+000
  0.71950249E+000
  0.71950248E+000
  0.71950248E+000
  0.71950248E+000
  0.71950248E+000
  0.71950247E+000
  0.71950247E+000
  0.71950247E+000
  0.71950246E+000
  0.71950246E+000
  0.71950246E+000
  0.71950245E+000
  0.71950243E+000
  0.71950241E+000
  0.71950235E+000
  0.71950236E+000
