  0.60144173E+000  0.83964374E+000  0.10159167E+001  0.16358267E+001
  0.60141785E+000  0.83961101E+000  0.10158842E+001  0.16358152E+001
  0.60139706E+000  0.83958285E+000  0.10158567E+001  0.16358027E+001
  0.60137898E+000  0.83955867E+000  0.10158328E+001  0.16357913E+001
  0.60136337E+000  0.83953793E+000  0.10158123E+001  0.16357808E+001
  0.60135054E+000  0.83952013E+000  0.10157947E+001  0.16357714E+001
  0.60133935E+000  0.83950485E+000  0.10157795E+001  0.16357630E+001
  0.60132956E+000  0.83949173E+000  0.10157666E+001  0.16357556E+001
  0.60132100E+000  0.83948046E+000  0.10157554E+001  0.16357490E+001
  0.60131351E+000  0.83947075E+000  0.10157458E+001  0.16357432E+001
  0.60130695E+000  0.83946239E+000  0.10157375E+001  0.16357380E+001
  0.60130119E+000  0.83945527E+000  0.10157303E+001  0.16357334E+001
  0.60129612E+000  0.83944904E+000  0.10157241E+001  0.16357293E+001
  0.60129167E+000  0.83944364E+000  0.10157188E+001  0.16357256E+001
  0.60128774E+000  0.83943897E+000  0.10157142E+001  0.16357224E+001
  0.60128427E+000  0.83943492E+000  0.10157102E+001  0.16357195E+001
  0.60128119E+000  0.83943140E+000  0.10157067E+001  0.16357169E+001
  0.60127847E+000  0.83942834E+000  0.10157037E+001  0.16357145E+001
  0.60127605E+000  0.83942568E+000  0.10157011E+001  0.16357124E+001
  0.60127389E+000  0.83942336E+000  0.10156988E+001  0.16357105E+001
  0.60127199E+000  0.83942133E+000  0.10156968E+001  0.16357088E+001
  0.60127029E+000  0.83941956E+000  0.10156951E+001  0.16357072E+001
  0.60126876E+000  0.83941802E+000  0.10156936E+001  0.16357058E+001
  0.60126739E+000  0.83941666E+000  0.10156919E+001  0.16357049E+001
  0.60126614E+000  0.83941547E+000  0.10156907E+001  0.16357037E+001
  0.60126502E+000  0.83941443E+000  0.10156897E+001  0.16357026E+001
  0.60126400E+000  0.83941351E+000  0.10156889E+001  0.16357016E+001
  0.60126308E+000  0.83941270E+000  0.10156881E+001  0.16357007E+001
  0.60126224E+000  0.83941199E+000  0.10156875E+001  0.16356998E+001
  0.60126147E+000  0.83941136E+000  0.10156869E+001  0.16356990E+001
  0.60126076E+000  0.83941080E+000  0.10156864E+001  0.16356983E+001
  0.60126011E+000  0.83941031E+000  0.10156859E+001  0.16356976E+001
  0.60125952E+000  0.83940987E+000  0.10156855E+001  0.16356970E+001
  0.60125897E+000  0.83940948E+000  0.10156852E+001  0.16356964E+001
  0.60125846E+000  0.83940913E+000  0.10156849E+001  0.16356959E+001
  0.60125800E+000  0.83940882E+000  0.10156846E+001  0.16356954E+001
  0.60125756E+000  0.83940854E+000  0.10156844E+001  0.16356949E+001
  0.60125716E+000  0.83940829E+000  0.10156841E+001  0.16356945E+001
  0.60125678E+000  0.83940807E+000  0.10156840E+001  0.16356941E+001
  0.60125643E+000  0.83940787E+000  0.10156838E+001  0.16356937E+001
  0.60125611E+000  0.83940769E+000  0.10156836E+001  0.16356934E+001
  0.60125581E+000  0.83940753E+000  0.10156835E+001  0.16356930E+001
  0.60125552E+000  0.83940738E+000  0.10156834E+001  0.16356927E+001
  0.60125526E+000  0.83940725E+000  0.10156833E+001  0.16356924E+001
  0.60125501E+000  0.83940713E+000  0.10156832E+001  0.16356921E+001
  0.60125478E+000  0.83940703E+000  0.10156831E+001  0.16356919E+001
  0.60125457E+000  0.83940693E+000  0.10156831E+001  0.16356916E+001
  0.60125437E+000  0.83940685E+000  0.10156830E+001  0.16356914E+001
  0.60125418E+000  0.83940677E+000  0.10156829E+001  0.16356912E+001
  0.60125401E+000  0.83940670E+000  0.10156829E+001  0.16356910E+001
  0.60125385E+000  0.83940664E+000  0.10156829E+001  0.16356908E+001
  0.60125369E+000  0.83940659E+000  0.10156828E+001  0.16356906E+001
  0.60125355E+000  0.83940654E+000  0.10156828E+001  0.16356904E+001
  0.60125342E+000  0.83940649E+000  0.10156827E+001  0.16356903E+001
  0.60125330E+000  0.83940645E+000  0.10156827E+001  0.16356901E+001
  0.60125319E+000  0.83940642E+000  0.10156827E+001  0.16356900E+001
  0.60125308E+000  0.83940639E+000  0.10156827E+001  0.16356898E+001
  0.60125298E+000  0.83940636E+000  0.10156826E+001  0.16356897E+001
  0.60125289E+000  0.83940633E+000  0.10156826E+001  0.16356896E+001
  0.60125281E+000  0.83940631E+000  0.10156826E+001  0.16356895E+001
  0.60125273E+000  0.83940628E+000  0.10156826E+001  0.16356894E+001
  0.60125266E+000  0.83940626E+000  0.10156826E+001  0.16356893E+001
  0.60125259E+000  0.83940625E+000  0.10156826E+001  0.16356892E+001
  0.60125253E+000  0.83940623E+000  0.10156825E+001  0.16356892E+001
  0.60125247E+000  0.83940621E+000  0.10156825E+001  0.16356891E+001
  0.60125242E+000  0.83940620E+000  0.10156825E+001  0.16356890E+001
  0.60125237E+000  0.83940619E+000  0.10156825E+001  0.16356890E+001
  0.60125233E+000  0.83940618E+000  0.10156825E+001  0.16356889E+001
  0.60125229E+000  0.83940617E+000  0.10156825E+001  0.16356889E+001
  0.60125225E+000  0.83940616E+000  0.10156825E+001  0.16356888E+001
  0.60125222E+000  0.83940615E+000  0.10156825E+001  0.16356888E+001
  0.60125219E+000  0.83940614E+000  0.10156825E+001  0.16356888E+001
  0.60125216E+000  0.83940614E+000  0.10156825E+001  0.16356887E+001
  0.60125214E+000  0.83940613E+000  0.10156825E+001  0.16356887E+001
  0.60125212E+000  0.83940612E+000  0.10156825E+001  0.16356887E+001
  0.60125210E+000  0.83940612E+000  0.10156825E+001  0.16356886E+001
  0.60125208E+000  0.83940612E+000  0.10156825E+001  0.16356886E+001
  0.60125207E+000  0.83940611E+000  0.10156825E+001  0.16356886E+001
  0.60125205E+000  0.83940611E+000  0.10156825E+001  0.16356886E+001
  0.60125204E+000  0.83940610E+000  0.10156825E+001  0.16356886E+001
  0.60125203E+000  0.83940610E+000  0.10156825E+001  0.16356886E+001
  0.60125202E+000  0.83940610E+000  0.10156825E+001  0.16356885E+001
  0.60125201E+000  0.83940610E+000  0.10156825E+001  0.16356885E+001
  0.60125200E+000  0.83940610E+000  0.10156825E+001  0.16356885E+001
  0.60125200E+000  0.83940609E+000  0.10156825E+001  0.16356885E+001
  0.60125199E+000  0.83940609E+000  0.10156825E+001  0.16356885E+001
  0.60125198E+000  0.83940609E+000  0.10156825E+001  0.16356885E+001
  0.60125198E+000  0.83940609E+000  0.10156825E+001  0.16356885E+001
  0.60125198E+000  0.83940609E+000  0.10156825E+001  0.16356885E+001
  0.60125197E+000  0.83940609E+000  0.10156825E+001  0.16356885E+001
  0.60125197E+000  0.83940609E+000  0.10156825E+001  0.16356885E+001
  0.60125197E+000  0.83940609E+000  0.10156825E+001  0.16356885E+001
  0.60125197E+000  0.83940609E+000  0.10156825E+001  0.16356885E+001
  0.60125196E+000  0.83940609E+000  0.10156825E+001  0.16356885E+001
  0.60125196E+000  0.83940609E+000  0.10156825E+001  0.16356885E+001
  0.60125196E+000  0.83940609E+000  0.10156825E+001  0.16356885E+001
  0.60125196E+000  0.83940609E+000  0.10156825E+001  0.16356885E+001
  0.60125196E+000  0.83940609E+000  0.10156825E+001  0.16356885E+001
  0.60125196E+000  0.83940609E+000  0.10156825E+001  0.16356885E+001
  0.60125196E+000  0.83940609E+000  0.10156825E+001  0.16356885E+001
  0.60125196E+000  0.83940609E+000  0.10156825E+001  0.16356885E+001
  0.60125196E+000  0.83940609E+000  0.10156825E+001  0.16356885E+001
  0.60125196E+000  0.83940609E+000  0.10156825E+001  0.16356885E+001
  0.60125196E+000  0.83940609E+000  0.10156825E+001  0.16356885E+001
  0.60125196E+000  0.83940609E+000  0.10156825E+001  0.16356885E+001
  0.60125196E+000  0.83940609E+000  0.10156825E+001  0.16356885E+001
  0.60125196E+000  0.83940609E+000  0.10156825E+001  0.16356885E+001
  0.60125196E+000  0.83940609E+000  0.10156825E+001  0.16356885E+001
  0.60125196E+000  0.83940609E+000  0.10156825E+001  0.16356885E+001
  0.60125196E+000  0.83940609E+000  0.10156825E+001  0.16356885E+001
  0.60125195E+000  0.83940609E+000  0.10156825E+001  0.16356885E+001
  0.60125195E+000  0.83940609E+000  0.10156825E+001  0.16356885E+001
  0.60125195E+000  0.83940609E+000  0.10156825E+001  0.16356885E+001
  0.60125195E+000  0.83940609E+000  0.10156825E+001  0.16356885E+001
  0.60125195E+000  0.83940608E+000  0.10156825E+001  0.16356885E+001
  0.60125195E+000  0.83940608E+000  0.10156825E+001  0.16356885E+001
  0.60125195E+000  0.83940608E+000  0.10156825E+001  0.16356885E+001
  0.60125194E+000  0.83940608E+000  0.10156825E+001  0.16356885E+001
  0.60125194E+000  0.83940608E+000  0.10156825E+001  0.16356885E+001
  0.60125194E+000  0.83940608E+000  0.10156825E+001  0.16356885E+001
  0.60125194E+000  0.83940608E+000  0.10156825E+001  0.16356885E+001
  0.60125194E+000  0.83940607E+000  0.10156824E+001  0.16356885E+001
  0.60125194E+000  0.83940607E+000  0.10156824E+001  0.16356885E+001
  0.60125194E+000  0.83940607E+000  0.10156824E+001  0.16356886E+001
  0.60125194E+000  0.83940607E+000  0.10156824E+001  0.16356886E+001
  0.60125193E+000  0.83940607E+000  0.10156824E+001  0.16356886E+001
  0.60125193E+000  0.83940607E+000  0.10156824E+001  0.16356886E+001
  0.60125194E+000  0.83940607E+000  0.10156824E+001  0.16356886E+001
  0.60125194E+000  0.83940607E+000  0.10156824E+001  0.16356887E+001
  0.60125194E+000  0.83940607E+000  0.10156824E+001  0.16356887E+001
  0.60125194E+000  0.83940607E+000  0.10156824E+001  0.16356887E+001
  0.60125194E+000  0.83940608E+000  0.10156825E+001  0.16356887E+001
  0.60125194E+000  0.83940608E+000  0.10156825E+001  0.16356888E+001
  0.60125194E+000  0.83940608E+000  0.10156825E+001  0.16356888E+001
  0.60125195E+000  0.83940608E+000  0.10156825E+001  0.16356888E+001
  0.60125195E+000  0.83940609E+000  0.10156825E+001  0.16356888E+001
  0.60125195E+000  0.83940609E+000  0.10156825E+001  0.16356889E+001
  0.60125195E+000  0.83940609E+000  0.10156825E+001  0.16356889E+001
  0.60125196E+000  0.83940609E+000  0.10156825E+001  0.16356889E+001
  0.60125196E+000  0.83940610E+000  0.10156825E+001  0.16356889E+001
  0.60125196E+000  0.83940610E+000  0.10156825E+001  0.16356890E+001
  0.60125197E+000  0.83940610E+000  0.10156825E+001  0.16356890E+001
  0.60125197E+000  0.83940610E+000  0.10156825E+001  0.16356890E+001
  0.60125197E+000  0.83940611E+000  0.10156825E+001  0.16356890E+001
  0.60125197E+000  0.83940611E+000  0.10156825E+001  0.16356890E+001
  0.60125198E+000  0.83940611E+000  0.10156825E+001  0.16356890E+001
  0.60125198E+000  0.83940611E+000  0.10156825E+001  0.16356890E+001
  0.60125198E+000  0.83940611E+000  0.10156825E+001  0.16356891E+001
  0.60125198E+000  0.83940611E+000  0.10156825E+001  0.16356891E+001
  0.60125198E+000  0.83940612E+000  0.10156825E+001  0.16356891E+001
  0.60125198E+000  0.83940612E+000  0.10156825E+001  0.16356891E+001
  0.60125198E+000  0.83940612E+000  0.10156825E+001  0.16356891E+001
  0.60125198E+000  0.83940612E+000  0.10156825E+001  0.16356891E+001
  0.60125198E+000  0.83940612E+000  0.10156825E+001  0.16356891E+001
  0.60125198E+000  0.83940611E+000  0.10156825E+001  0.16356891E+001
  0.60125198E+000  0.83940611E+000  0.10156825E+001  0.16356890E+001
  0.60125198E+000  0.83940611E+000  0.10156825E+001  0.16356890E+001
  0.60125198E+000  0.83940611E+000  0.10156825E+001  0.16356890E+001
  0.60125198E+000  0.83940611E+000  0.10156825E+001  0.16356890E+001
  0.60125198E+000  0.83940611E+000  0.10156825E+001  0.16356890E+001
  0.60125197E+000  0.83940611E+000  0.10156825E+001  0.16356890E+001
  0.60125197E+000  0.83940610E+000  0.10156825E+001  0.16356890E+001
  0.60125197E+000  0.83940610E+000  0.10156825E+001  0.16356890E+001
  0.60125197E+000  0.83940610E+000  0.10156825E+001  0.16356889E+001
  0.60125196E+000  0.83940610E+000  0.10156825E+001  0.16356889E+001
  0.60125196E+000  0.83940609E+000  0.10156825E+001  0.16356889E+001
  0.60125196E+000  0.83940609E+000  0.10156825E+001  0.16356889E+001
  0.60125196E+000  0.83940609E+000  0.10156824E+001  0.16356889E+001
  0.60125195E+000  0.83940609E+000  0.10156824E+001  0.16356888E+001
  0.60125195E+000  0.83940608E+000  0.10156824E+001  0.16356888E+001
  0.60125195E+000  0.83940608E+000  0.10156824E+001  0.16356888E+001
  0.60125194E+000  0.83940608E+000  0.10156824E+001  0.16356888E+001
  0.60125194E+000  0.83940607E+000  0.10156824E+001  0.16356888E+001
  0.60125194E+000  0.83940607E+000  0.10156824E+001  0.16356888E+001
  0.60125193E+000  0.83940607E+000  0.10156824E+001  0.16356887E+001
  0.60125193E+000  0.83940606E+000  0.10156824E+001  0.16356887E+001
  0.60125193E+000  0.83940606E+000  0.10156824E+001  0.16356887E+001
  0.60125193E+000  0.83940606E+000  0.10156824E+001  0.16356887E+001
  0.60125192E+000  0.83940606E+000  0.10156824E+001  0.16356887E+001
  0.60125192E+000  0.83940605E+000  0.10156824E+001  0.16356887E+001
  0.60125192E+000  0.83940605E+000  0.10156824E+001  0.16356886E+001
  0.60125192E+000  0.83940605E+000  0.10156824E+001  0.16356886E+001
  0.60125191E+000  0.83940605E+000  0.10156824E+001  0.16356886E+001
  0.60125191E+000  0.83940604E+000  0.10156824E+001  0.16356886E+001
  0.60125191E+000  0.83940604E+000  0.10156824E+001  0.16356886E+001
  0.60125191E+000  0.83940604E+000  0.10156824E+001  0.16356886E+001
  0.60125191E+000  0.83940604E+000  0.10156824E+001  0.16356886E+001
  0.60125191E+000  0.83940604E+000  0.10156824E+001  0.16356886E+001
  0.60125191E+000  0.83940604E+000  0.10156824E+001  0.16356885E+001
  0.60125191E+000  0.83940604E+000  0.10156824E+001  0.16356885E+001
  0.60125191E+000  0.83940604E+000  0.10156824E+001  0.16356885E+001
  0.60125191E+000  0.83940604E+000  0.10156824E+001  0.16356885E+001
  0.60125191E+000  0.83940604E+000  0.10156824E+001  0.16356885E+001
  0.60125191E+000  0.83940604E+000  0.10156824E+001  0.16356885E+001
  0.60125191E+000  0.83940604E+000  0.10156824E+001  0.16356885E+001
  0.60125192E+000  0.83940605E+000  0.10156824E+001  0.16356885E+001
  0.60125193E+000  0.83940605E+000  0.10156824E+001  0.16356885E+001
  0.60125194E+000  0.83940606E+000  0.10156824E+001  0.16356885E+001
  0.60125197E+000  0.83940611E+000  0.10156825E+001  0.16356885E+001
  0.60125197E+000  0.83940614E+000  0.10156825E+001  0.16356885E+001
