  0.67736567E+000  0.85047173E+000  0.11115142E+001  0.23119404E+001
  0.67732029E+000  0.85046918E+000  0.11115202E+001  0.23119451E+001
  0.67728730E+000  0.85045542E+000  0.11115186E+001  0.23119402E+001
  0.67726389E+000  0.85043565E+000  0.11115148E+001  0.23119345E+001
  0.67724741E+000  0.85041295E+000  0.11115102E+001  0.23119293E+001
  0.67723583E+000  0.85038932E+000  0.11115053E+001  0.23119249E+001
  0.67722731E+000  0.85036608E+000  0.11115003E+001  0.23119210E+001
  0.67722138E+000  0.85034372E+000  0.11114954E+001  0.23119176E+001
  0.67721744E+000  0.85032268E+000  0.11114905E+001  0.23119147E+001
  0.67721485E+000  0.85030330E+000  0.11114859E+001  0.23119122E+001
  0.67721312E+000  0.85028574E+000  0.11114814E+001  0.23119101E+001
  0.67721191E+000  0.85027006E+000  0.11114771E+001  0.23119082E+001
  0.67721100E+000  0.85025620E+000  0.11114731E+001  0.23119066E+001
  0.67721021E+000  0.85024410E+000  0.11114692E+001  0.23119052E+001
  0.67720944E+000  0.85023362E+000  0.11114656E+001  0.23119040E+001
  0.67720861E+000  0.85022464E+000  0.11114622E+001  0.23119029E+001
  0.67720769E+000  0.85021701E+000  0.11114590E+001  0.23119020E+001
  0.67720663E+000  0.85021059E+000  0.11114560E+001  0.23119012E+001
  0.67720544E+000  0.85020525E+000  0.11114531E+001  0.23119005E+001
  0.67720411E+000  0.85020086E+000  0.11114505E+001  0.23118999E+001
  0.67720265E+000  0.85019730E+000  0.11114481E+001  0.23118994E+001
  0.67720107E+000  0.85019446E+000  0.11114458E+001  0.23118989E+001
  0.67719929E+000  0.85019215E+000  0.11114437E+001  0.23118985E+001
  0.67719727E+000  0.85019051E+000  0.11114417E+001  0.23118982E+001
  0.67719505E+000  0.85018953E+000  0.11114399E+001  0.23118978E+001
  0.67719271E+000  0.85018906E+000  0.11114382E+001  0.23118976E+001
  0.67719030E+000  0.85018896E+000  0.11114366E+001  0.23118973E+001
  0.67718787E+000  0.85018915E+000  0.11114352E+001  0.23118971E+001
  0.67718543E+000  0.85018954E+000  0.11114339E+001  0.23118969E+001
  0.67718302E+000  0.85019008E+000  0.11114327E+001  0.23118967E+001
  0.67718063E+000  0.85019072E+000  0.11114316E+001  0.23118965E+001
  0.67717830E+000  0.85019142E+000  0.11114306E+001  0.23118963E+001
  0.67717602E+000  0.85019216E+000  0.11114297E+001  0.23118962E+001
  0.67717379E+000  0.85019292E+000  0.11114290E+001  0.23118961E+001
  0.67717163E+000  0.85019369E+000  0.11114282E+001  0.23118959E+001
  0.67716954E+000  0.85019445E+000  0.11114276E+001  0.23118958E+001
  0.67716752E+000  0.85019519E+000  0.11114271E+001  0.23118957E+001
  0.67716556E+000  0.85019591E+000  0.11114266E+001  0.23118956E+001
  0.67716368E+000  0.85019660E+000  0.11114261E+001  0.23118955E+001
  0.67716186E+000  0.85019727E+000  0.11114258E+001  0.23118954E+001
  0.67716012E+000  0.85019790E+000  0.11114255E+001  0.23118953E+001
  0.67715845E+000  0.85019850E+000  0.11114252E+001  0.23118953E+001
  0.67715686E+000  0.85019907E+000  0.11114250E+001  0.23118952E+001
  0.67715533E+000  0.85019960E+000  0.11114248E+001  0.23118951E+001
  0.67715388E+000  0.85020011E+000  0.11114247E+001  0.23118950E+001
  0.67715249E+000  0.85020058E+000  0.11114246E+001  0.23118950E+001
  0.67715118E+000  0.85020103E+000  0.11114245E+001  0.23118949E+001
  0.67714993E+000  0.85020145E+000  0.11114244E+001  0.23118949E+001
  0.67714876E+000  0.85020185E+000  0.11114244E+001  0.23118948E+001
  0.67714764E+000  0.85020222E+000  0.11114243E+001  0.23118947E+001
  0.67714659E+000  0.85020256E+000  0.11114243E+001  0.23118947E+001
  0.67714561E+000  0.85020289E+000  0.11114243E+001  0.23118946E+001
  0.67714468E+000  0.85020320E+000  0.11114243E+001  0.23118946E+001
  0.67714381E+000  0.85020348E+000  0.11114243E+001  0.23118945E+001
  0.67714299E+000  0.85020375E+000  0.11114242E+001  0.23118945E+001
  0.67714223E+000  0.85020400E+000  0.11114242E+001  0.23118945E+001
  0.67714152E+000  0.85020424E+000  0.11114242E+001  0.23118944E+001
  0.67714086E+000  0.85020446E+000  0.11114242E+001  0.23118944E+001
  0.67714024E+000  0.85020466E+000  0.11114242E+001  0.23118943E+001
  0.67713967E+000  0.85020485E+000  0.11114241E+001  0.23118943E+001
  0.67713915E+000  0.85020502E+000  0.11114241E+001  0.23118943E+001
  0.67713866E+000  0.85020518E+000  0.11114241E+001  0.23118942E+001
  0.67713821E+000  0.85020533E+000  0.11114240E+001  0.23118942E+001
  0.67713779E+000  0.85020546E+000  0.11114239E+001  0.23118941E+001
  0.67713741E+000  0.85020558E+000  0.11114239E+001  0.23118941E+001
  0.67713706E+000  0.85020569E+000  0.11114238E+001  0.23118941E+001
  0.67713674E+000  0.85020578E+000  0.11114237E+001  0.23118940E+001
  0.67713645E+000  0.85020587E+000  0.11114236E+001  0.23118940E+001
  0.67713618E+000  0.85020594E+000  0.11114235E+001  0.23118939E+001
  0.67713594E+000  0.85020600E+000  0.11114234E+001  0.23118939E+001
  0.67713572E+000  0.85020605E+000  0.11114233E+001  0.23118939E+001
  0.67713552E+000  0.85020609E+000  0.11114232E+001  0.23118938E+001
  0.67713535E+000  0.85020612E+000  0.11114231E+001  0.23118938E+001
  0.67713519E+000  0.85020614E+000  0.11114230E+001  0.23118937E+001
  0.67713504E+000  0.85020616E+000  0.11114229E+001  0.23118936E+001
  0.67713492E+000  0.85020616E+000  0.11114228E+001  0.23118936E+001
  0.67713480E+000  0.85020616E+000  0.11114226E+001  0.23118935E+001
  0.67713470E+000  0.85020615E+000  0.11114225E+001  0.23118935E+001
  0.67713461E+000  0.85020614E+000  0.11114224E+001  0.23118934E+001
  0.67713453E+000  0.85020612E+000  0.11114223E+001  0.23118933E+001
  0.67713446E+000  0.85020609E+000  0.11114221E+001  0.23118932E+001
  0.67713440E+000  0.85020606E+000  0.11114220E+001  0.23118932E+001
  0.67713435E+000  0.85020602E+000  0.11114219E+001  0.23118931E+001
  0.67713430E+000  0.85020598E+000  0.11114217E+001  0.23118930E+001
  0.67713426E+000  0.85020594E+000  0.11114216E+001  0.23118929E+001
  0.67713422E+000  0.85020589E+000  0.11114215E+001  0.23118928E+001
  0.67713419E+000  0.85020584E+000  0.11114214E+001  0.23118927E+001
  0.67713416E+000  0.85020579E+000  0.11114212E+001  0.23118926E+001
  0.67713413E+000  0.85020574E+000  0.11114211E+001  0.23118925E+001
  0.67713411E+000  0.85020568E+000  0.11114210E+001  0.23118924E+001
  0.67713409E+000  0.85020562E+000  0.11114209E+001  0.23118923E+001
  0.67713407E+000  0.85020557E+000  0.11114207E+001  0.23118922E+001
  0.67713405E+000  0.85020551E+000  0.11114206E+001  0.23118921E+001
  0.67713403E+000  0.85020545E+000  0.11114205E+001  0.23118920E+001
  0.67713402E+000  0.85020538E+000  0.11114204E+001  0.23118919E+001
  0.67713401E+000  0.85020532E+000  0.11114203E+001  0.23118918E+001
  0.67713399E+000  0.85020526E+000  0.11114201E+001  0.23118916E+001
  0.67713398E+000  0.85020520E+000  0.11114200E+001  0.23118915E+001
  0.67713397E+000  0.85020514E+000  0.11114199E+001  0.23118914E+001
  0.67713396E+000  0.85020507E+000  0.11114198E+001  0.23118912E+001
  0.67713395E+000  0.85020501E+000  0.11114197E+001  0.23118911E+001
  0.67713394E+000  0.85020495E+000  0.11114196E+001  0.23118910E+001
  0.67713393E+000  0.85020489E+000  0.11114195E+001  0.23118908E+001
  0.67713392E+000  0.85020483E+000  0.11114194E+001  0.23118907E+001
  0.67713392E+000  0.85020477E+000  0.11114193E+001  0.23118905E+001
  0.67713391E+000  0.85020471E+000  0.11114192E+001  0.23118904E+001
  0.67713390E+000  0.85020465E+000  0.11114191E+001  0.23118902E+001
  0.67713389E+000  0.85020459E+000  0.11114190E+001  0.23118901E+001
  0.67713388E+000  0.85020453E+000  0.11114189E+001  0.23118899E+001
  0.67713388E+000  0.85020447E+000  0.11114188E+001  0.23118898E+001
  0.67713387E+000  0.85020442E+000  0.11114187E+001  0.23118896E+001
  0.67713386E+000  0.85020436E+000  0.11114187E+001  0.23118895E+001
  0.67713386E+000  0.85020431E+000  0.11114186E+001  0.23118893E+001
  0.67713385E+000  0.85020426E+000  0.11114185E+001  0.23118891E+001
  0.67713384E+000  0.85020420E+000  0.11114184E+001  0.23118890E+001
  0.67713384E+000  0.85020415E+000  0.11114183E+001  0.23118888E+001
  0.67713383E+000  0.85020410E+000  0.11114183E+001  0.23118886E+001
  0.67713383E+000  0.85020405E+000  0.11114182E+001  0.23118885E+001
  0.67713382E+000  0.85020401E+000  0.11114181E+001  0.23118883E+001
  0.67713382E+000  0.85020396E+000  0.11114181E+001  0.23118881E+001
  0.67713381E+000  0.85020391E+000  0.11114180E+001  0.23118879E+001
  0.67713381E+000  0.85020387E+000  0.11114179E+001  0.23118878E+001
  0.67713380E+000  0.85020383E+000  0.11114179E+001  0.23118876E+001
  0.67713380E+000  0.85020378E+000  0.11114178E+001  0.23118874E+001
  0.67713379E+000  0.85020374E+000  0.11114177E+001  0.23118872E+001
  0.67713379E+000  0.85020370E+000  0.11114177E+001  0.23118871E+001
  0.67713378E+000  0.85020366E+000  0.11114176E+001  0.23118869E+001
  0.67713378E+000  0.85020363E+000  0.11114176E+001  0.23118867E+001
  0.67713377E+000  0.85020359E+000  0.11114175E+001  0.23118865E+001
  0.67713377E+000  0.85020355E+000  0.11114174E+001  0.23118864E+001
  0.67713376E+000  0.85020352E+000  0.11114174E+001  0.23118862E+001
  0.67713376E+000  0.85020348E+000  0.11114173E+001  0.23118860E+001
  0.67713376E+000  0.85020345E+000  0.11114173E+001  0.23118858E+001
  0.67713375E+000  0.85020342E+000  0.11114172E+001  0.23118856E+001
  0.67713375E+000  0.85020339E+000  0.11114172E+001  0.23118855E+001
  0.67713375E+000  0.85020336E+000  0.11114171E+001  0.23118853E+001
  0.67713374E+000  0.85020333E+000  0.11114171E+001  0.23118851E+001
  0.67713374E+000  0.85020330E+000  0.11114171E+001  0.23118849E+001
  0.67713374E+000  0.85020328E+000  0.11114170E+001  0.23118848E+001
  0.67713373E+000  0.85020325E+000  0.11114170E+001  0.23118846E+001
  0.67713373E+000  0.85020322E+000  0.11114169E+001  0.23118844E+001
  0.67713373E+000  0.85020320E+000  0.11114169E+001  0.23118842E+001
  0.67713373E+000  0.85020318E+000  0.11114169E+001  0.23118841E+001
  0.67713372E+000  0.85020315E+000  0.11114168E+001  0.23118839E+001
  0.67713372E+000  0.85020313E+000  0.11114168E+001  0.23118837E+001
  0.67713372E+000  0.85020311E+000  0.11114167E+001  0.23118835E+001
  0.67713371E+000  0.85020309E+000  0.11114167E+001  0.23118834E+001
  0.67713371E+000  0.85020307E+000  0.11114167E+001  0.23118832E+001
  0.67713371E+000  0.85020305E+000  0.11114167E+001  0.23118830E+001
  0.67713371E+000  0.85020303E+000  0.11114166E+001  0.23118829E+001
  0.67713371E+000  0.85020301E+000  0.11114166E+001  0.23118827E+001
  0.67713370E+000  0.85020300E+000  0.11114166E+001  0.23118826E+001
  0.67713370E+000  0.85020298E+000  0.11114165E+001  0.23118824E+001
  0.67713370E+000  0.85020297E+000  0.11114165E+001  0.23118822E+001
  0.67713370E+000  0.85020295E+000  0.11114165E+001  0.23118821E+001
  0.67713370E+000  0.85020294E+000  0.11114165E+001  0.23118819E+001
  0.67713369E+000  0.85020292E+000  0.11114164E+001  0.23118818E+001
  0.67713369E+000  0.85020291E+000  0.11114164E+001  0.23118816E+001
  0.67713369E+000  0.85020289E+000  0.11114164E+001  0.23118815E+001
  0.67713369E+000  0.85020288E+000  0.11114164E+001  0.23118813E+001
  0.67713369E+000  0.85020287E+000  0.11114163E+001  0.23118812E+001
  0.67713369E+000  0.85020286E+000  0.11114163E+001  0.23118810E+001
  0.67713369E+000  0.85020285E+000  0.11114163E+001  0.23118809E+001
  0.67713368E+000  0.85020284E+000  0.11114163E+001  0.23118807E+001
  0.67713368E+000  0.85020283E+000  0.11114163E+001  0.23118806E+001
  0.67713368E+000  0.85020282E+000  0.11114162E+001  0.23118805E+001
  0.67713368E+000  0.85020281E+000  0.11114162E+001  0.23118803E+001
  0.67713368E+000  0.85020280E+000  0.11114162E+001  0.23118802E+001
  0.67713368E+000  0.85020279E+000  0.11114162E+001  0.23118801E+001
  0.67713368E+000  0.85020278E+000  0.11114162E+001  0.23118799E+001
  0.67713368E+000  0.85020277E+000  0.11114162E+001  0.23118798E+001
  0.67713367E+000  0.85020276E+000  0.11114161E+001  0.23118797E+001
  0.67713367E+000  0.85020276E+000  0.11114161E+001  0.23118796E+001
  0.67713367E+000  0.85020275E+000  0.11114161E+001  0.23118794E+001
  0.67713367E+000  0.85020274E+000  0.11114161E+001  0.23118793E+001
  0.67713367E+000  0.85020274E+000  0.11114161E+001  0.23118792E+001
  0.67713367E+000  0.85020273E+000  0.11114161E+001  0.23118791E+001
  0.67713367E+000  0.85020272E+000  0.11114161E+001  0.23118790E+001
  0.67713367E+000  0.85020272E+000  0.11114160E+001  0.23118789E+001
  0.67713367E+000  0.85020271E+000  0.11114160E+001  0.23118787E+001
  0.67713367E+000  0.85020271E+000  0.11114160E+001  0.23118786E+001
  0.67713367E+000  0.85020270E+000  0.11114160E+001  0.23118785E+001
  0.67713366E+000  0.85020270E+000  0.11114160E+001  0.23118784E+001
  0.67713366E+000  0.85020269E+000  0.11114160E+001  0.23118783E+001
  0.67713366E+000  0.85020269E+000  0.11114160E+001  0.23118782E+001
  0.67713366E+000  0.85020268E+000  0.11114160E+001  0.23118781E+001
  0.67713366E+000  0.85020268E+000  0.11114160E+001  0.23118780E+001
  0.67713366E+000  0.85020268E+000  0.11114160E+001  0.23118779E+001
  0.67713366E+000  0.85020267E+000  0.11114159E+001  0.23118778E+001
  0.67713366E+000  0.85020267E+000  0.11114159E+001  0.23118778E+001
  0.67713366E+000  0.85020266E+000  0.11114159E+001  0.23118777E+001
  0.67713366E+000  0.85020266E+000  0.11114159E+001  0.23118776E+001
  0.67713366E+000  0.85020266E+000  0.11114159E+001  0.23118775E+001
  0.67713366E+000  0.85020265E+000  0.11114159E+001  0.23118774E+001
  0.67713366E+000  0.85020265E+000  0.11114159E+001  0.23118773E+001
  0.67713366E+000  0.85020265E+000  0.11114159E+001  0.23118773E+001
  0.67713366E+000  0.85020265E+000  0.11114159E+001  0.23118772E+001
  0.67713366E+000  0.85020265E+000  0.11114159E+001  0.23118771E+001
  0.67713366E+000  0.85020265E+000  0.11114159E+001  0.23118770E+001
  0.67713366E+000  0.85020265E+000  0.11114159E+001  0.23118770E+001
