 -0.34571141E+000
 -0.34568657E+000
 -0.34569960E+000
 -0.34571725E+000
 -0.34573385E+000
 -0.34574851E+000
 -0.34576125E+000
 -0.34577225E+000
 -0.34578174E+000
 -0.34578989E+000
 -0.34579690E+000
 -0.34580293E+000
 -0.34580810E+000
 -0.34581254E+000
 -0.34581635E+000
 -0.34581963E+000
 -0.34582244E+000
 -0.34582485E+000
 -0.34582693E+000
 -0.34582872E+000
 -0.34583026E+000
 -0.34583159E+000
 -0.34583273E+000
 -0.34583372E+000
 -0.34583458E+000
 -0.34583533E+000
 -0.34583598E+000
 -0.34583655E+000
 -0.34583704E+000
 -0.34583748E+000
 -0.34583787E+000
 -0.34583821E+000
 -0.34583851E+000
 -0.34583878E+000
 -0.34583902E+000
 -0.34583924E+000
 -0.34583943E+000
 -0.34583961E+000
 -0.34583976E+000
 -0.34583991E+000
 -0.34584003E+000
 -0.34584015E+000
 -0.34584025E+000
 -0.34584034E+000
 -0.34584042E+000
 -0.34584049E+000
 -0.34584055E+000
 -0.34584060E+000
 -0.34584065E+000
 -0.34584068E+000
 -0.34584071E+000
 -0.34584073E+000
 -0.34584075E+000
 -0.34584076E+000
 -0.34584076E+000
 -0.34584076E+000
 -0.34584075E+000
 -0.34584074E+000
 -0.34584072E+000
 -0.34584070E+000
 -0.34584067E+000
 -0.34584064E+000
 -0.34584060E+000
 -0.34584056E+000
 -0.34584052E+000
 -0.34584047E+000
 -0.34584042E+000
 -0.34584036E+000
 -0.34584029E+000
 -0.34584023E+000
 -0.34584016E+000
 -0.34584008E+000
 -0.34584000E+000
 -0.34583992E+000
 -0.34583983E+000
 -0.34583974E+000
 -0.34583965E+000
 -0.34583955E+000
 -0.34583945E+000
 -0.34583935E+000
 -0.34583924E+000
 -0.34583913E+000
 -0.34583902E+000
 -0.34583891E+000
 -0.34583879E+000
 -0.34583867E+000
 -0.34583855E+000
 -0.34583843E+000
 -0.34583830E+000
 -0.34583818E+000
 -0.34583805E+000
 -0.34583792E+000
 -0.34583779E+000
 -0.34583766E+000
 -0.34583753E+000
 -0.34583740E+000
 -0.34583726E+000
 -0.34583713E+000
 -0.34583700E+000
 -0.34583686E+000
 -0.34583673E+000
 -0.34583660E+000
 -0.34583646E+000
 -0.34583633E+000
 -0.34583620E+000
 -0.34583606E+000
 -0.34583593E+000
 -0.34583580E+000
 -0.34583567E+000
 -0.34583554E+000
 -0.34583541E+000
 -0.34583529E+000
 -0.34583516E+000
 -0.34583504E+000
 -0.34583491E+000
 -0.34583479E+000
 -0.34583467E+000
 -0.34583455E+000
 -0.34583443E+000
 -0.34583431E+000
 -0.34583419E+000
 -0.34583408E+000
 -0.34583396E+000
 -0.34583385E+000
 -0.34583374E+000
 -0.34583363E+000
 -0.34583352E+000
 -0.34583342E+000
 -0.34583331E+000
 -0.34583321E+000
 -0.34583311E+000
 -0.34583301E+000
 -0.34583291E+000
 -0.34583281E+000
 -0.34583271E+000
 -0.34583262E+000
 -0.34583253E+000
 -0.34583244E+000
 -0.34583235E+000
 -0.34583226E+000
 -0.34583217E+000
 -0.34583209E+000
 -0.34583200E+000
 -0.34583192E+000
 -0.34583184E+000
 -0.34583176E+000
 -0.34583168E+000
 -0.34583161E+000
 -0.34583153E+000
 -0.34583146E+000
 -0.34583139E+000
 -0.34583132E+000
 -0.34583125E+000
 -0.34583118E+000
 -0.34583112E+000
 -0.34583105E+000
 -0.34583099E+000
 -0.34583092E+000
 -0.34583086E+000
 -0.34583080E+000
 -0.34583075E+000
 -0.34583069E+000
 -0.34583063E+000
 -0.34583058E+000
 -0.34583052E+000
 -0.34583047E+000
 -0.34583042E+000
 -0.34583037E+000
 -0.34583032E+000
 -0.34583027E+000
 -0.34583023E+000
 -0.34583018E+000
 -0.34583014E+000
 -0.34583009E+000
 -0.34583005E+000
 -0.34583001E+000
 -0.34582997E+000
 -0.34582993E+000
 -0.34582989E+000
 -0.34582985E+000
 -0.34582982E+000
 -0.34582978E+000
 -0.34582975E+000
 -0.34582971E+000
 -0.34582968E+000
 -0.34582965E+000
 -0.34582962E+000
 -0.34582959E+000
 -0.34582956E+000
 -0.34582953E+000
 -0.34582950E+000
 -0.34582947E+000
 -0.34582944E+000
 -0.34582942E+000
 -0.34582939E+000
 -0.34582937E+000
 -0.34582934E+000
 -0.34582932E+000
 -0.34582929E+000
 -0.34582927E+000
