  0.15606019E+001
  0.15606392E+001
  0.15606780E+001
  0.15607147E+001
  0.15607479E+001
  0.15607774E+001
  0.15608033E+001
  0.15608260E+001
  0.15608457E+001
  0.15608629E+001
  0.15608778E+001
  0.15608908E+001
  0.15609021E+001
  0.15609119E+001
  0.15609204E+001
  0.15609279E+001
  0.15609345E+001
  0.15609402E+001
  0.15609452E+001
  0.15609496E+001
  0.15609534E+001
  0.15609568E+001
  0.15609598E+001
  0.15609625E+001
  0.15609648E+001
  0.15609669E+001
  0.15609687E+001
  0.15609703E+001
  0.15609718E+001
  0.15609731E+001
  0.15609742E+001
  0.15609753E+001
  0.15609762E+001
  0.15609770E+001
  0.15609778E+001
  0.15609785E+001
  0.15609791E+001
  0.15609796E+001
  0.15609802E+001
  0.15609806E+001
  0.15609810E+001
  0.15609814E+001
  0.15609818E+001
  0.15609821E+001
  0.15609824E+001
  0.15609827E+001
  0.15609829E+001
  0.15609832E+001
  0.15609834E+001
  0.15609836E+001
  0.15609838E+001
  0.15609840E+001
  0.15609841E+001
  0.15609843E+001
  0.15609844E+001
  0.15609845E+001
  0.15609846E+001
  0.15609848E+001
  0.15609849E+001
  0.15609850E+001
  0.15609851E+001
  0.15609851E+001
  0.15609852E+001
  0.15609853E+001
  0.15609854E+001
  0.15609854E+001
  0.15609855E+001
  0.15609856E+001
  0.15609856E+001
  0.15609857E+001
  0.15609858E+001
  0.15609858E+001
  0.15609859E+001
  0.15609859E+001
  0.15609860E+001
  0.15609860E+001
  0.15609861E+001
  0.15609861E+001
  0.15609862E+001
  0.15609863E+001
  0.15609863E+001
  0.15609864E+001
  0.15609864E+001
  0.15609865E+001
  0.15609865E+001
  0.15609866E+001
  0.15609866E+001
  0.15609867E+001
  0.15609867E+001
  0.15609868E+001
  0.15609868E+001
  0.15609869E+001
  0.15609869E+001
  0.15609870E+001
  0.15609870E+001
  0.15609871E+001
  0.15609871E+001
  0.15609872E+001
  0.15609872E+001
  0.15609872E+001
  0.15609873E+001
  0.15609873E+001
  0.15609874E+001
  0.15609874E+001
  0.15609875E+001
  0.15609875E+001
  0.15609875E+001
  0.15609876E+001
  0.15609876E+001
  0.15609876E+001
  0.15609877E+001
  0.15609877E+001
  0.15609877E+001
  0.15609878E+001
  0.15609878E+001
  0.15609878E+001
  0.15609878E+001
  0.15609878E+001
  0.15609878E+001
  0.15609878E+001
  0.15609878E+001
  0.15609878E+001
  0.15609878E+001
  0.15609878E+001
  0.15609878E+001
  0.15609878E+001
  0.15609878E+001
  0.15609878E+001
  0.15609878E+001
  0.15609877E+001
  0.15609877E+001
  0.15609877E+001
  0.15609876E+001
  0.15609876E+001
  0.15609875E+001
  0.15609875E+001
  0.15609874E+001
  0.15609874E+001
  0.15609873E+001
  0.15609873E+001
  0.15609872E+001
  0.15609871E+001
  0.15609870E+001
  0.15609869E+001
  0.15609869E+001
  0.15609868E+001
  0.15609867E+001
  0.15609866E+001
  0.15609865E+001
  0.15609864E+001
  0.15609863E+001
  0.15609862E+001
  0.15609861E+001
  0.15609860E+001
  0.15609859E+001
  0.15609857E+001
  0.15609856E+001
  0.15609855E+001
  0.15609854E+001
  0.15609853E+001
  0.15609852E+001
  0.15609851E+001
  0.15609850E+001
  0.15609849E+001
  0.15609848E+001
  0.15609847E+001
  0.15609846E+001
  0.15609846E+001
  0.15609845E+001
  0.15609844E+001
  0.15609843E+001
  0.15609842E+001
  0.15609842E+001
  0.15609841E+001
  0.15609841E+001
  0.15609840E+001
  0.15609839E+001
  0.15609839E+001
  0.15609838E+001
  0.15609838E+001
  0.15609837E+001
  0.15609837E+001
  0.15609837E+001
  0.15609836E+001
  0.15609836E+001
  0.15609836E+001
  0.15609835E+001
  0.15609835E+001
  0.15609835E+001
  0.15609835E+001
  0.15609835E+001
  0.15609834E+001
  0.15609834E+001
  0.15609834E+001
  0.15609834E+001
  0.15609834E+001
  0.15609834E+001
  0.15609834E+001
  0.15609834E+001
  0.15609833E+001
