 -0.12522044E+000  0.61544631E-001  0.43477016E+001  0.46165801E+002
 -0.12516943E+000  0.61598513E-001  0.43478267E+001  0.46165963E+002
 -0.12512756E+000  0.61639887E-001  0.43479315E+001  0.46166100E+002
 -0.12509412E+000  0.61670635E-001  0.43480180E+001  0.46166217E+002
 -0.12506791E+000  0.61692892E-001  0.43480891E+001  0.46166315E+002
 -0.12504779E+000  0.61708452E-001  0.43481471E+001  0.46166399E+002
 -0.12503279E+000  0.61718759E-001  0.43481940E+001  0.46166469E+002
 -0.12502202E+000  0.61724969E-001  0.43482316E+001  0.46166528E+002
 -0.12501477E+000  0.61727999E-001  0.43482614E+001  0.46166578E+002
 -0.12501041E+000  0.61728579E-001  0.43482847E+001  0.46166620E+002
 -0.12500842E+000  0.61727288E-001  0.43483024E+001  0.46166655E+002
 -0.12500836E+000  0.61724589E-001  0.43483155E+001  0.46166685E+002
 -0.12500986E+000  0.61720846E-001  0.43483248E+001  0.46166710E+002
 -0.12501261E+000  0.61716346E-001  0.43483310E+001  0.46166732E+002
 -0.12501635E+000  0.61711315E-001  0.43483345E+001  0.46166749E+002
 -0.12502084E+000  0.61705930E-001  0.43483359E+001  0.46166765E+002
 -0.12502589E+000  0.61700330E-001  0.43483355E+001  0.46166777E+002
 -0.12503134E+000  0.61694621E-001  0.43483336E+001  0.46166788E+002
 -0.12503709E+000  0.61688886E-001  0.43483305E+001  0.46166797E+002
 -0.12504304E+000  0.61683187E-001  0.43483265E+001  0.46166805E+002
 -0.12504912E+000  0.61677571E-001  0.43483218E+001  0.46166811E+002
 -0.12505526E+000  0.61672073E-001  0.43483164E+001  0.46166817E+002
 -0.12506141E+000  0.61666720E-001  0.43483106E+001  0.46166822E+002
 -0.12506754E+000  0.61661527E-001  0.43483044E+001  0.46166826E+002
 -0.12507361E+000  0.61656508E-001  0.43482979E+001  0.46166829E+002
 -0.12507959E+000  0.61651669E-001  0.43482913E+001  0.46166832E+002
 -0.12508547E+000  0.61647016E-001  0.43482845E+001  0.46166835E+002
 -0.12509122E+000  0.61642548E-001  0.43482777E+001  0.46166837E+002
 -0.12509685E+000  0.61638266E-001  0.43482709E+001  0.46166839E+002
 -0.12510233E+000  0.61634167E-001  0.43482641E+001  0.46166841E+002
 -0.12510766E+000  0.61630248E-001  0.43482574E+001  0.46166842E+002
 -0.12511285E+000  0.61626505E-001  0.43482507E+001  0.46166844E+002
 -0.12511788E+000  0.61622935E-001  0.43482441E+001  0.46166845E+002
 -0.12512275E+000  0.61619532E-001  0.43482377E+001  0.46166846E+002
 -0.12512747E+000  0.61616292E-001  0.43482314E+001  0.46166847E+002
 -0.12513204E+000  0.61613210E-001  0.43482252E+001  0.46166848E+002
 -0.12513646E+000  0.61610281E-001  0.43482191E+001  0.46166849E+002
 -0.12514073E+000  0.61607500E-001  0.43482133E+001  0.46166850E+002
 -0.12514486E+000  0.61604863E-001  0.43482076E+001  0.46166850E+002
 -0.12514884E+000  0.61602365E-001  0.43482020E+001  0.46166851E+002
 -0.12515268E+000  0.61600002E-001  0.43481966E+001  0.46166851E+002
 -0.12515639E+000  0.61597770E-001  0.43481914E+001  0.46166852E+002
 -0.12515995E+000  0.61595662E-001  0.43481863E+001  0.46166852E+002
 -0.12516339E+000  0.61593676E-001  0.43481814E+001  0.46166852E+002
 -0.12516669E+000  0.61591807E-001  0.43481766E+001  0.46166852E+002
 -0.12516986E+000  0.61590050E-001  0.43481720E+001  0.46166852E+002
 -0.12517290E+000  0.61588399E-001  0.43481675E+001  0.46166852E+002
 -0.12517582E+000  0.61586852E-001  0.43481631E+001  0.46166852E+002
 -0.12517861E+000  0.61585401E-001  0.43481589E+001  0.46166851E+002
 -0.12518128E+000  0.61584043E-001  0.43481547E+001  0.46166851E+002
 -0.12518383E+000  0.61582772E-001  0.43481506E+001  0.46166850E+002
 -0.12518625E+000  0.61581582E-001  0.43481466E+001  0.46166849E+002
 -0.12518856E+000  0.61580469E-001  0.43481427E+001  0.46166848E+002
 -0.12519075E+000  0.61579426E-001  0.43481388E+001  0.46166847E+002
 -0.12519283E+000  0.61578448E-001  0.43481350E+001  0.46166846E+002
 -0.12519480E+000  0.61577531E-001  0.43481312E+001  0.46166845E+002
 -0.12519665E+000  0.61576667E-001  0.43481274E+001  0.46166843E+002
 -0.12519840E+000  0.61575853E-001  0.43481236E+001  0.46166842E+002
 -0.12520005E+000  0.61575084E-001  0.43481197E+001  0.46166840E+002
 -0.12520159E+000  0.61574354E-001  0.43481159E+001  0.46166838E+002
 -0.12520304E+000  0.61573660E-001  0.43481119E+001  0.46166835E+002
 -0.12520440E+000  0.61572996E-001  0.43481080E+001  0.46166833E+002
 -0.12520566E+000  0.61572361E-001  0.43481039E+001  0.46166830E+002
 -0.12520684E+000  0.61571749E-001  0.43480998E+001  0.46166827E+002
 -0.12520793E+000  0.61571159E-001  0.43480956E+001  0.46166824E+002
 -0.12520895E+000  0.61570587E-001  0.43480913E+001  0.46166821E+002
 -0.12520988E+000  0.61570031E-001  0.43480869E+001  0.46166817E+002
 -0.12521075E+000  0.61569489E-001  0.43480824E+001  0.46166813E+002
 -0.12521155E+000  0.61568960E-001  0.43480778E+001  0.46166809E+002
 -0.12521228E+000  0.61568441E-001  0.43480731E+001  0.46166805E+002
 -0.12521296E+000  0.61567932E-001  0.43480682E+001  0.46166801E+002
 -0.12521357E+000  0.61567431E-001  0.43480633E+001  0.46166796E+002
 -0.12521414E+000  0.61566938E-001  0.43480582E+001  0.46166791E+002
 -0.12521465E+000  0.61566452E-001  0.43480531E+001  0.46166786E+002
 -0.12521512E+000  0.61565972E-001  0.43480478E+001  0.46166781E+002
 -0.12521554E+000  0.61565497E-001  0.43480424E+001  0.46166775E+002
 -0.12521593E+000  0.61565029E-001  0.43480370E+001  0.46166769E+002
 -0.12521628E+000  0.61564566E-001  0.43480314E+001  0.46166763E+002
 -0.12521659E+000  0.61564108E-001  0.43480258E+001  0.46166757E+002
 -0.12521688E+000  0.61563654E-001  0.43480200E+001  0.46166750E+002
 -0.12521714E+000  0.61563206E-001  0.43480142E+001  0.46166744E+002
 -0.12521737E+000  0.61562762E-001  0.43480084E+001  0.46166737E+002
 -0.12521758E+000  0.61562323E-001  0.43480024E+001  0.46166730E+002
 -0.12521777E+000  0.61561889E-001  0.43479964E+001  0.46166723E+002
 -0.12521794E+000  0.61561460E-001  0.43479904E+001  0.46166715E+002
 -0.12521809E+000  0.61561036E-001  0.43479843E+001  0.46166708E+002
 -0.12521823E+000  0.61560616E-001  0.43479782E+001  0.46166700E+002
 -0.12521836E+000  0.61560202E-001  0.43479721E+001  0.46166692E+002
 -0.12521847E+000  0.61559792E-001  0.43479660E+001  0.46166684E+002
 -0.12521858E+000  0.61559388E-001  0.43479598E+001  0.46166676E+002
 -0.12521867E+000  0.61558989E-001  0.43479537E+001  0.46166667E+002
 -0.12521876E+000  0.61558595E-001  0.43479475E+001  0.46166659E+002
 -0.12521884E+000  0.61558207E-001  0.43479414E+001  0.46166650E+002
 -0.12521891E+000  0.61557825E-001  0.43479353E+001  0.46166641E+002
 -0.12521898E+000  0.61557449E-001  0.43479293E+001  0.46166632E+002
 -0.12521904E+000  0.61557078E-001  0.43479233E+001  0.46166623E+002
 -0.12521910E+000  0.61556713E-001  0.43479173E+001  0.46166614E+002
 -0.12521916E+000  0.61556355E-001  0.43479115E+001  0.46166604E+002
 -0.12521921E+000  0.61556002E-001  0.43479056E+001  0.46166595E+002
 -0.12521926E+000  0.61555657E-001  0.43478999E+001  0.46166585E+002
 -0.12521930E+000  0.61555317E-001  0.43478942E+001  0.46166576E+002
 -0.12521935E+000  0.61554984E-001  0.43478886E+001  0.46166566E+002
 -0.12521939E+000  0.61554658E-001  0.43478831E+001  0.46166556E+002
 -0.12521943E+000  0.61554339E-001  0.43478776E+001  0.46166546E+002
 -0.12521947E+000  0.61554026E-001  0.43478723E+001  0.46166536E+002
 -0.12521950E+000  0.61553720E-001  0.43478670E+001  0.46166526E+002
 -0.12521954E+000  0.61553421E-001  0.43478619E+001  0.46166516E+002
 -0.12521957E+000  0.61553129E-001  0.43478569E+001  0.46166506E+002
 -0.12521960E+000  0.61552843E-001  0.43478519E+001  0.46166496E+002
 -0.12521963E+000  0.61552565E-001  0.43478471E+001  0.46166486E+002
 -0.12521966E+000  0.61552293E-001  0.43478424E+001  0.46166476E+002
 -0.12521969E+000  0.61552029E-001  0.43478378E+001  0.46166466E+002
 -0.12521971E+000  0.61551771E-001  0.43478333E+001  0.46166456E+002
 -0.12521974E+000  0.61551520E-001  0.43478289E+001  0.46166445E+002
 -0.12521977E+000  0.61551276E-001  0.43478246E+001  0.46166435E+002
 -0.12521979E+000  0.61551038E-001  0.43478204E+001  0.46166425E+002
 -0.12521981E+000  0.61550807E-001  0.43478164E+001  0.46166415E+002
 -0.12521984E+000  0.61550583E-001  0.43478124E+001  0.46166405E+002
 -0.12521986E+000  0.61550365E-001  0.43478086E+001  0.46166395E+002
 -0.12521988E+000  0.61550153E-001  0.43478049E+001  0.46166385E+002
 -0.12521990E+000  0.61549948E-001  0.43478012E+001  0.46166375E+002
 -0.12521992E+000  0.61549749E-001  0.43477977E+001  0.46166365E+002
 -0.12521994E+000  0.61549557E-001  0.43477943E+001  0.46166355E+002
 -0.12521996E+000  0.61549370E-001  0.43477910E+001  0.46166345E+002
 -0.12521998E+000  0.61549189E-001  0.43477877E+001  0.46166335E+002
 -0.12522000E+000  0.61549014E-001  0.43477846E+001  0.46166325E+002
 -0.12522001E+000  0.61548845E-001  0.43477816E+001  0.46166316E+002
 -0.12522003E+000  0.61548681E-001  0.43477787E+001  0.46166306E+002
 -0.12522004E+000  0.61548523E-001  0.43477758E+001  0.46166296E+002
 -0.12522006E+000  0.61548370E-001  0.43477731E+001  0.46166287E+002
 -0.12522008E+000  0.61548223E-001  0.43477704E+001  0.46166278E+002
 -0.12522009E+000  0.61548080E-001  0.43477679E+001  0.46166268E+002
 -0.12522010E+000  0.61547943E-001  0.43477654E+001  0.46166259E+002
 -0.12522012E+000  0.61547810E-001  0.43477630E+001  0.46166250E+002
 -0.12522013E+000  0.61547682E-001  0.43477607E+001  0.46166241E+002
 -0.12522014E+000  0.61547559E-001  0.43477584E+001  0.46166232E+002
 -0.12522015E+000  0.61547440E-001  0.43477563E+001  0.46166223E+002
 -0.12522017E+000  0.61547326E-001  0.43477542E+001  0.46166215E+002
 -0.12522018E+000  0.61547216E-001  0.43477522E+001  0.46166206E+002
 -0.12522019E+000  0.61547110E-001  0.43477502E+001  0.46166197E+002
 -0.12522020E+000  0.61547008E-001  0.43477483E+001  0.46166189E+002
 -0.12522021E+000  0.61546910E-001  0.43477465E+001  0.46166181E+002
 -0.12522022E+000  0.61546816E-001  0.43477448E+001  0.46166173E+002
 -0.12522023E+000  0.61546725E-001  0.43477431E+001  0.46166165E+002
 -0.12522024E+000  0.61546638E-001  0.43477415E+001  0.46166157E+002
 -0.12522024E+000  0.61546555E-001  0.43477399E+001  0.46166149E+002
 -0.12522025E+000  0.61546474E-001  0.43477384E+001  0.46166141E+002
 -0.12522026E+000  0.61546397E-001  0.43477370E+001  0.46166134E+002
 -0.12522027E+000  0.61546323E-001  0.43477356E+001  0.46166126E+002
 -0.12522027E+000  0.61546252E-001  0.43477342E+001  0.46166119E+002
 -0.12522028E+000  0.61546184E-001  0.43477329E+001  0.46166111E+002
 -0.12522029E+000  0.61546119E-001  0.43477317E+001  0.46166104E+002
 -0.12522029E+000  0.61546056E-001  0.43477305E+001  0.46166097E+002
 -0.12522030E+000  0.61545996E-001  0.43477294E+001  0.46166090E+002
 -0.12522031E+000  0.61545938E-001  0.43477283E+001  0.46166084E+002
 -0.12522031E+000  0.61545883E-001  0.43477272E+001  0.46166077E+002
 -0.12522032E+000  0.61545830E-001  0.43477262E+001  0.46166071E+002
 -0.12522032E+000  0.61545780E-001  0.43477252E+001  0.46166064E+002
 -0.12522033E+000  0.61545731E-001  0.43477243E+001  0.46166058E+002
 -0.12522033E+000  0.61545685E-001  0.43477233E+001  0.46166052E+002
 -0.12522034E+000  0.61545640E-001  0.43477225E+001  0.46166046E+002
 -0.12522034E+000  0.61545598E-001  0.43477216E+001  0.46166040E+002
 -0.12522035E+000  0.61545557E-001  0.43477208E+001  0.46166034E+002
 -0.12522035E+000  0.61545518E-001  0.43477201E+001  0.46166028E+002
 -0.12522035E+000  0.61545481E-001  0.43477193E+001  0.46166022E+002
 -0.12522036E+000  0.61545445E-001  0.43477186E+001  0.46166017E+002
 -0.12522036E+000  0.61545411E-001  0.43477180E+001  0.46166012E+002
 -0.12522036E+000  0.61545379E-001  0.43477173E+001  0.46166006E+002
 -0.12522037E+000  0.61545348E-001  0.43477167E+001  0.46166001E+002
 -0.12522037E+000  0.61545318E-001  0.43477161E+001  0.46165996E+002
 -0.12522037E+000  0.61545290E-001  0.43477155E+001  0.46165991E+002
 -0.12522038E+000  0.61545262E-001  0.43477150E+001  0.46165986E+002
 -0.12522038E+000  0.61545237E-001  0.43477144E+001  0.46165981E+002
 -0.12522038E+000  0.61545212E-001  0.43477139E+001  0.46165977E+002
 -0.12522038E+000  0.61545188E-001  0.43477134E+001  0.46165972E+002
 -0.12522039E+000  0.61545166E-001  0.43477130E+001  0.46165968E+002
 -0.12522039E+000  0.61545144E-001  0.43477125E+001  0.46165963E+002
 -0.12522039E+000  0.61545123E-001  0.43477121E+001  0.46165959E+002
 -0.12522039E+000  0.61545104E-001  0.43477117E+001  0.46165955E+002
 -0.12522039E+000  0.61545085E-001  0.43477113E+001  0.46165951E+002
 -0.12522040E+000  0.61545067E-001  0.43477109E+001  0.46165947E+002
 -0.12522040E+000  0.61545050E-001  0.43477106E+001  0.46165943E+002
 -0.12522040E+000  0.61545034E-001  0.43477102E+001  0.46165939E+002
 -0.12522040E+000  0.61545018E-001  0.43477099E+001  0.46165936E+002
 -0.12522040E+000  0.61545004E-001  0.43477096E+001  0.46165932E+002
 -0.12522040E+000  0.61544990E-001  0.43477093E+001  0.46165928E+002
 -0.12522041E+000  0.61544976E-001  0.43477090E+001  0.46165925E+002
 -0.12522041E+000  0.61544964E-001  0.43477087E+001  0.46165922E+002
 -0.12522041E+000  0.61544952E-001  0.43477085E+001  0.46165918E+002
 -0.12522041E+000  0.61544940E-001  0.43477082E+001  0.46165915E+002
 -0.12522041E+000  0.61544929E-001  0.43477080E+001  0.46165912E+002
 -0.12522041E+000  0.61544919E-001  0.43477077E+001  0.46165909E+002
 -0.12522041E+000  0.61544909E-001  0.43477075E+001  0.46165906E+002
 -0.12522041E+000  0.61544900E-001  0.43477073E+001  0.46165903E+002
 -0.12522041E+000  0.61544891E-001  0.43477071E+001  0.46165901E+002
 -0.12522042E+000  0.61544882E-001  0.43477069E+001  0.46165898E+002
 -0.12522042E+000  0.61544875E-001  0.43477068E+001  0.46165895E+002
 -0.12522042E+000  0.61544868E-001  0.43477066E+001  0.46165893E+002
 -0.12522041E+000  0.61544863E-001  0.43477064E+001  0.46165890E+002
 -0.12522041E+000  0.61544860E-001  0.43477063E+001  0.46165888E+002
