  0.14068901E+002
  0.14069037E+002
  0.14069144E+002
  0.14069227E+002
  0.14069291E+002
  0.14069341E+002
  0.14069379E+002
  0.14069407E+002
  0.14069427E+002
  0.14069441E+002
  0.14069449E+002
  0.14069453E+002
  0.14069454E+002
  0.14069451E+002
  0.14069446E+002
  0.14069440E+002
  0.14069431E+002
  0.14069422E+002
  0.14069412E+002
  0.14069400E+002
  0.14069389E+002
  0.14069377E+002
  0.14069365E+002
  0.14069352E+002
  0.14069340E+002
  0.14069327E+002
  0.14069315E+002
  0.14069302E+002
  0.14069290E+002
  0.14069278E+002
  0.14069266E+002
  0.14069255E+002
  0.14069243E+002
  0.14069232E+002
  0.14069221E+002
  0.14069211E+002
  0.14069200E+002
  0.14069191E+002
  0.14069181E+002
  0.14069172E+002
  0.14069163E+002
  0.14069154E+002
  0.14069146E+002
  0.14069137E+002
  0.14069130E+002
  0.14069122E+002
  0.14069115E+002
  0.14069108E+002
  0.14069102E+002
  0.14069096E+002
  0.14069090E+002
  0.14069084E+002
  0.14069079E+002
  0.14069074E+002
  0.14069069E+002
  0.14069064E+002
  0.14069060E+002
  0.14069056E+002
  0.14069052E+002
  0.14069048E+002
  0.14069045E+002
  0.14069042E+002
  0.14069039E+002
  0.14069036E+002
  0.14069034E+002
  0.14069032E+002
  0.14069030E+002
  0.14069028E+002
  0.14069026E+002
  0.14069025E+002
  0.14069023E+002
  0.14069022E+002
  0.14069021E+002
  0.14069020E+002
  0.14069020E+002
  0.14069019E+002
  0.14069019E+002
  0.14069019E+002
  0.14069018E+002
  0.14069018E+002
  0.14069019E+002
  0.14069019E+002
  0.14069019E+002
  0.14069020E+002
  0.14069020E+002
  0.14069021E+002
  0.14069021E+002
  0.14069022E+002
  0.14069023E+002
  0.14069024E+002
  0.14069025E+002
  0.14069026E+002
  0.14069027E+002
  0.14069028E+002
  0.14069029E+002
  0.14069030E+002
  0.14069031E+002
  0.14069033E+002
  0.14069034E+002
  0.14069035E+002
  0.14069036E+002
  0.14069037E+002
  0.14069039E+002
  0.14069040E+002
  0.14069041E+002
  0.14069042E+002
  0.14069043E+002
  0.14069044E+002
  0.14069045E+002
  0.14069046E+002
  0.14069047E+002
  0.14069048E+002
  0.14069048E+002
  0.14069049E+002
  0.14069049E+002
  0.14069050E+002
  0.14069050E+002
  0.14069051E+002
  0.14069051E+002
  0.14069051E+002
  0.14069051E+002
  0.14069051E+002
  0.14069050E+002
  0.14069050E+002
  0.14069050E+002
  0.14069049E+002
  0.14069048E+002
  0.14069048E+002
  0.14069047E+002
  0.14069046E+002
  0.14069044E+002
  0.14069043E+002
  0.14069042E+002
  0.14069040E+002
  0.14069038E+002
  0.14069037E+002
  0.14069035E+002
  0.14069033E+002
  0.14069030E+002
  0.14069028E+002
  0.14069026E+002
  0.14069023E+002
  0.14069020E+002
  0.14069017E+002
  0.14069015E+002
  0.14069011E+002
  0.14069008E+002
  0.14069005E+002
  0.14069002E+002
  0.14068998E+002
  0.14068995E+002
  0.14068992E+002
  0.14068988E+002
  0.14068984E+002
  0.14068981E+002
  0.14068977E+002
  0.14068974E+002
  0.14068970E+002
  0.14068967E+002
  0.14068963E+002
  0.14068960E+002
  0.14068957E+002
  0.14068954E+002
  0.14068950E+002
  0.14068947E+002
  0.14068944E+002
  0.14068942E+002
  0.14068939E+002
  0.14068936E+002
  0.14068934E+002
  0.14068931E+002
  0.14068929E+002
  0.14068927E+002
  0.14068925E+002
  0.14068923E+002
  0.14068921E+002
  0.14068919E+002
  0.14068917E+002
  0.14068916E+002
  0.14068914E+002
  0.14068913E+002
  0.14068912E+002
  0.14068910E+002
  0.14068909E+002
  0.14068908E+002
  0.14068907E+002
  0.14068906E+002
  0.14068906E+002
  0.14068905E+002
  0.14068904E+002
  0.14068904E+002
  0.14068903E+002
  0.14068902E+002
  0.14068902E+002
  0.14068901E+002
  0.14068901E+002
  0.14068901E+002
  0.14068900E+002
  0.14068900E+002
  0.14068900E+002
