  0.14930206E+000
  0.14889250E+000
  0.14887094E+000
  0.14891714E+000
  0.14897043E+000
  0.14901915E+000
  0.14906155E+000
  0.14909795E+000
  0.14912905E+000
  0.14915559E+000
  0.14917819E+000
  0.14919746E+000
  0.14921386E+000
  0.14922782E+000
  0.14923969E+000
  0.14924978E+000
  0.14925834E+000
  0.14926560E+000
  0.14927175E+000
  0.14927696E+000
  0.14928136E+000
  0.14928509E+000
  0.14928824E+000
  0.14929089E+000
  0.14929313E+000
  0.14929503E+000
  0.14929665E+000
  0.14929801E+000
  0.14929915E+000
  0.14930009E+000
  0.14930089E+000
  0.14930157E+000
  0.14930215E+000
  0.14930264E+000
  0.14930306E+000
  0.14930342E+000
  0.14930373E+000
  0.14930400E+000
  0.14930422E+000
  0.14930442E+000
  0.14930459E+000
  0.14930474E+000
  0.14930487E+000
  0.14930498E+000
  0.14930508E+000
  0.14930516E+000
  0.14930523E+000
  0.14930528E+000
  0.14930533E+000
  0.14930537E+000
  0.14930539E+000
  0.14930541E+000
  0.14930543E+000
  0.14930543E+000
  0.14930543E+000
  0.14930543E+000
  0.14930542E+000
  0.14930540E+000
  0.14930538E+000
  0.14930536E+000
  0.14930534E+000
  0.14930531E+000
  0.14930529E+000
  0.14930526E+000
  0.14930522E+000
  0.14930519E+000
  0.14930516E+000
  0.14930512E+000
  0.14930509E+000
  0.14930505E+000
  0.14930501E+000
  0.14930497E+000
  0.14930493E+000
  0.14930489E+000
  0.14930485E+000
  0.14930480E+000
  0.14930476E+000
  0.14930471E+000
  0.14930467E+000
  0.14930462E+000
  0.14930457E+000
  0.14930452E+000
  0.14930448E+000
  0.14930443E+000
  0.14930438E+000
  0.14930433E+000
  0.14930428E+000
  0.14930423E+000
  0.14930418E+000
  0.14930413E+000
  0.14930408E+000
  0.14930403E+000
  0.14930398E+000
  0.14930393E+000
  0.14930388E+000
  0.14930383E+000
  0.14930378E+000
  0.14930373E+000
  0.14930368E+000
  0.14930364E+000
  0.14930359E+000
  0.14930354E+000
  0.14930350E+000
  0.14930345E+000
  0.14930341E+000
  0.14930337E+000
  0.14930332E+000
  0.14930328E+000
  0.14930324E+000
  0.14930320E+000
  0.14930316E+000
  0.14930312E+000
  0.14930308E+000
  0.14930305E+000
  0.14930301E+000
  0.14930298E+000
  0.14930294E+000
  0.14930291E+000
  0.14930287E+000
  0.14930284E+000
  0.14930281E+000
  0.14930278E+000
  0.14930275E+000
  0.14930272E+000
  0.14930270E+000
  0.14930267E+000
  0.14930264E+000
  0.14930262E+000
  0.14930259E+000
  0.14930257E+000
  0.14930255E+000
  0.14930253E+000
  0.14930250E+000
  0.14930248E+000
  0.14930246E+000
  0.14930244E+000
  0.14930243E+000
  0.14930241E+000
  0.14930239E+000
  0.14930237E+000
  0.14930236E+000
  0.14930234E+000
  0.14930233E+000
  0.14930231E+000
  0.14930230E+000
  0.14930229E+000
  0.14930227E+000
  0.14930226E+000
  0.14930225E+000
  0.14930224E+000
  0.14930223E+000
  0.14930222E+000
  0.14930221E+000
  0.14930220E+000
  0.14930219E+000
  0.14930218E+000
  0.14930218E+000
  0.14930217E+000
  0.14930216E+000
  0.14930215E+000
  0.14930215E+000
  0.14930214E+000
  0.14930214E+000
  0.14930213E+000
  0.14930213E+000
  0.14930212E+000
  0.14930212E+000
  0.14930211E+000
  0.14930211E+000
  0.14930210E+000
  0.14930210E+000
  0.14930210E+000
  0.14930209E+000
  0.14930209E+000
  0.14930209E+000
  0.14930208E+000
  0.14930208E+000
  0.14930208E+000
  0.14930208E+000
  0.14930207E+000
  0.14930207E+000
  0.14930207E+000
  0.14930207E+000
  0.14930207E+000
  0.14930206E+000
  0.14930206E+000
  0.14930206E+000
  0.14930206E+000
  0.14930206E+000
  0.14930206E+000
  0.14930206E+000
  0.14930206E+000
  0.14930206E+000
  0.14930205E+000
  0.14930205E+000
  0.14930205E+000
  0.14930205E+000
  0.14930205E+000
  0.14930205E+000
  0.14930206E+000
