  0.31902509E+000
  0.31911619E+000
  0.31917808E+000
  0.31921704E+000
  0.31923882E+000
  0.31924802E+000
  0.31924823E+000
  0.31924268E+000
  0.31923352E+000
  0.31922215E+000
  0.31920960E+000
  0.31919657E+000
  0.31918356E+000
  0.31917091E+000
  0.31915883E+000
  0.31914744E+000
  0.31913681E+000
  0.31912696E+000
  0.31911788E+000
  0.31910955E+000
  0.31910192E+000
  0.31909495E+000
  0.31908860E+000
  0.31908306E+000
  0.31907832E+000
  0.31907419E+000
  0.31907055E+000
  0.31906728E+000
  0.31906432E+000
  0.31906161E+000
  0.31905911E+000
  0.31905677E+000
  0.31905459E+000
  0.31905255E+000
  0.31905062E+000
  0.31904880E+000
  0.31904709E+000
  0.31904547E+000
  0.31904394E+000
  0.31904249E+000
  0.31904113E+000
  0.31903984E+000
  0.31903863E+000
  0.31903749E+000
  0.31903642E+000
  0.31903540E+000
  0.31903445E+000
  0.31903355E+000
  0.31903271E+000
  0.31903192E+000
  0.31903118E+000
  0.31903048E+000
  0.31902983E+000
  0.31902922E+000
  0.31902865E+000
  0.31902811E+000
  0.31902761E+000
  0.31902715E+000
  0.31902672E+000
  0.31902632E+000
  0.31902595E+000
  0.31902561E+000
  0.31902530E+000
  0.31902501E+000
  0.31902475E+000
  0.31902451E+000
  0.31902430E+000
  0.31902410E+000
  0.31902393E+000
  0.31902378E+000
  0.31902364E+000
  0.31902352E+000
  0.31902342E+000
  0.31902333E+000
  0.31902326E+000
  0.31902320E+000
  0.31902315E+000
  0.31902311E+000
  0.31902308E+000
  0.31902306E+000
  0.31902305E+000
  0.31902305E+000
  0.31902305E+000
  0.31902306E+000
  0.31902307E+000
  0.31902309E+000
  0.31902311E+000
  0.31902313E+000
  0.31902316E+000
  0.31902319E+000
  0.31902322E+000
  0.31902326E+000
  0.31902329E+000
  0.31902333E+000
  0.31902336E+000
  0.31902340E+000
  0.31902344E+000
  0.31902348E+000
  0.31902351E+000
  0.31902355E+000
  0.31902359E+000
  0.31902363E+000
  0.31902367E+000
  0.31902371E+000
  0.31902374E+000
  0.31902378E+000
  0.31902382E+000
  0.31902386E+000
  0.31902389E+000
  0.31902393E+000
  0.31902396E+000
  0.31902400E+000
  0.31902403E+000
  0.31902406E+000
  0.31902409E+000
  0.31902413E+000
  0.31902416E+000
  0.31902419E+000
  0.31902422E+000
  0.31902425E+000
  0.31902428E+000
  0.31902430E+000
  0.31902433E+000
  0.31902436E+000
  0.31902438E+000
  0.31902441E+000
  0.31902443E+000
  0.31902445E+000
  0.31902448E+000
  0.31902450E+000
  0.31902452E+000
  0.31902454E+000
  0.31902456E+000
  0.31902458E+000
  0.31902460E+000
  0.31902462E+000
  0.31902464E+000
  0.31902465E+000
  0.31902467E+000
  0.31902469E+000
  0.31902470E+000
  0.31902472E+000
  0.31902473E+000
  0.31902475E+000
  0.31902476E+000
  0.31902477E+000
  0.31902479E+000
  0.31902480E+000
  0.31902481E+000
  0.31902482E+000
  0.31902483E+000
  0.31902484E+000
  0.31902485E+000
  0.31902486E+000
  0.31902487E+000
  0.31902488E+000
  0.31902489E+000
  0.31902490E+000
  0.31902491E+000
  0.31902491E+000
  0.31902492E+000
  0.31902493E+000
  0.31902493E+000
  0.31902494E+000
  0.31902495E+000
  0.31902495E+000
  0.31902496E+000
  0.31902496E+000
  0.31902497E+000
  0.31902497E+000
  0.31902498E+000
  0.31902498E+000
  0.31902499E+000
  0.31902499E+000
  0.31902500E+000
  0.31902500E+000
  0.31902500E+000
  0.31902501E+000
  0.31902501E+000
  0.31902501E+000
  0.31902502E+000
  0.31902502E+000
  0.31902502E+000
  0.31902503E+000
  0.31902503E+000
  0.31902503E+000
  0.31902503E+000
  0.31902504E+000
  0.31902504E+000
  0.31902504E+000
  0.31902504E+000
  0.31902505E+000
  0.31902505E+000
  0.31902505E+000
  0.31902505E+000
  0.31902505E+000
  0.31902505E+000
  0.31902506E+000
  0.31902506E+000
  0.31902506E+000
