  0.29112395E+000
  0.29113051E+000
  0.29112353E+000
  0.29111271E+000
  0.29110214E+000
  0.29109335E+000
  0.29108670E+000
  0.29108209E+000
  0.29107922E+000
  0.29107774E+000
  0.29107734E+000
  0.29107774E+000
  0.29107871E+000
  0.29108009E+000
  0.29108173E+000
  0.29108351E+000
  0.29108537E+000
  0.29108724E+000
  0.29108907E+000
  0.29109084E+000
  0.29109253E+000
  0.29109412E+000
  0.29109561E+000
  0.29109700E+000
  0.29109830E+000
  0.29109949E+000
  0.29110060E+000
  0.29110163E+000
  0.29110258E+000
  0.29110347E+000
  0.29110430E+000
  0.29110508E+000
  0.29110582E+000
  0.29110652E+000
  0.29110719E+000
  0.29110783E+000
  0.29110845E+000
  0.29110905E+000
  0.29110963E+000
  0.29111019E+000
  0.29111074E+000
  0.29111127E+000
  0.29111178E+000
  0.29111228E+000
  0.29111276E+000
  0.29111322E+000
  0.29111367E+000
  0.29111409E+000
  0.29111450E+000
  0.29111489E+000
  0.29111525E+000
  0.29111560E+000
  0.29111594E+000
  0.29111625E+000
  0.29111655E+000
  0.29111683E+000
  0.29111709E+000
  0.29111734E+000
  0.29111758E+000
  0.29111781E+000
  0.29111802E+000
  0.29111823E+000
  0.29111842E+000
  0.29111861E+000
  0.29111879E+000
  0.29111896E+000
  0.29111913E+000
  0.29111930E+000
  0.29111945E+000
  0.29111961E+000
  0.29111975E+000
  0.29111990E+000
  0.29112004E+000
  0.29112018E+000
  0.29112031E+000
  0.29112044E+000
  0.29112057E+000
  0.29112069E+000
  0.29112081E+000
  0.29112093E+000
  0.29112105E+000
  0.29112116E+000
  0.29112127E+000
  0.29112138E+000
  0.29112148E+000
  0.29112158E+000
  0.29112168E+000
  0.29112178E+000
  0.29112187E+000
  0.29112196E+000
  0.29112205E+000
  0.29112214E+000
  0.29112222E+000
  0.29112230E+000
  0.29112238E+000
  0.29112245E+000
  0.29112253E+000
  0.29112260E+000
  0.29112266E+000
  0.29112273E+000
  0.29112279E+000
  0.29112285E+000
  0.29112291E+000
  0.29112297E+000
  0.29112302E+000
  0.29112307E+000
  0.29112312E+000
  0.29112317E+000
  0.29112321E+000
  0.29112326E+000
  0.29112330E+000
  0.29112334E+000
  0.29112338E+000
  0.29112341E+000
  0.29112345E+000
  0.29112348E+000
  0.29112351E+000
  0.29112354E+000
  0.29112357E+000
  0.29112359E+000
  0.29112362E+000
  0.29112364E+000
  0.29112367E+000
  0.29112369E+000
  0.29112371E+000
  0.29112373E+000
  0.29112375E+000
  0.29112376E+000
  0.29112378E+000
  0.29112379E+000
  0.29112381E+000
  0.29112382E+000
  0.29112384E+000
  0.29112385E+000
  0.29112386E+000
  0.29112387E+000
  0.29112388E+000
  0.29112389E+000
  0.29112390E+000
  0.29112391E+000
  0.29112392E+000
  0.29112393E+000
  0.29112393E+000
  0.29112394E+000
  0.29112394E+000
  0.29112395E+000
  0.29112396E+000
  0.29112396E+000
  0.29112397E+000
  0.29112397E+000
  0.29112397E+000
  0.29112398E+000
  0.29112398E+000
  0.29112398E+000
  0.29112399E+000
  0.29112399E+000
  0.29112399E+000
  0.29112399E+000
  0.29112400E+000
  0.29112400E+000
  0.29112400E+000
  0.29112400E+000
  0.29112400E+000
  0.29112400E+000
  0.29112401E+000
  0.29112401E+000
  0.29112401E+000
  0.29112401E+000
  0.29112401E+000
  0.29112401E+000
  0.29112401E+000
  0.29112401E+000
  0.29112401E+000
  0.29112401E+000
  0.29112401E+000
  0.29112401E+000
  0.29112401E+000
  0.29112401E+000
  0.29112401E+000
  0.29112401E+000
  0.29112401E+000
  0.29112401E+000
  0.29112401E+000
  0.29112401E+000
  0.29112401E+000
  0.29112400E+000
  0.29112400E+000
  0.29112400E+000
  0.29112400E+000
  0.29112400E+000
  0.29112400E+000
  0.29112400E+000
  0.29112399E+000
  0.29112399E+000
  0.29112399E+000
  0.29112399E+000
  0.29112399E+000
  0.29112398E+000
  0.29112398E+000
  0.29112398E+000
