  0.56916454E+000
  0.56919848E+000
  0.56923944E+000
  0.56927438E+000
  0.56930063E+000
  0.56931878E+000
  0.56933019E+000
  0.56933628E+000
  0.56933826E+000
  0.56933714E+000
  0.56933370E+000
  0.56932858E+000
  0.56932225E+000
  0.56931512E+000
  0.56930747E+000
  0.56929953E+000
  0.56929148E+000
  0.56928345E+000
  0.56927555E+000
  0.56926785E+000
  0.56926040E+000
  0.56925326E+000
  0.56924644E+000
  0.56923998E+000
  0.56923387E+000
  0.56922812E+000
  0.56922274E+000
  0.56921772E+000
  0.56921305E+000
  0.56920873E+000
  0.56920473E+000
  0.56920106E+000
  0.56919769E+000
  0.56919462E+000
  0.56919181E+000
  0.56918926E+000
  0.56918695E+000
  0.56918486E+000
  0.56918298E+000
  0.56918128E+000
  0.56917975E+000
  0.56917838E+000
  0.56917714E+000
  0.56917603E+000
  0.56917503E+000
  0.56917412E+000
  0.56917330E+000
  0.56917255E+000
  0.56917187E+000
  0.56917125E+000
  0.56917068E+000
  0.56917016E+000
  0.56916967E+000
  0.56916922E+000
  0.56916881E+000
  0.56916843E+000
  0.56916807E+000
  0.56916774E+000
  0.56916743E+000
  0.56916715E+000
  0.56916689E+000
  0.56916665E+000
  0.56916642E+000
  0.56916622E+000
  0.56916603E+000
  0.56916586E+000
  0.56916571E+000
  0.56916557E+000
  0.56916544E+000
  0.56916533E+000
  0.56916522E+000
  0.56916513E+000
  0.56916505E+000
  0.56916498E+000
  0.56916492E+000
  0.56916486E+000
  0.56916481E+000
  0.56916477E+000
  0.56916473E+000
  0.56916469E+000
  0.56916467E+000
  0.56916464E+000
  0.56916462E+000
  0.56916460E+000
  0.56916459E+000
  0.56916457E+000
  0.56916456E+000
  0.56916455E+000
  0.56916455E+000
  0.56916454E+000
  0.56916453E+000
  0.56916453E+000
  0.56916452E+000
  0.56916452E+000
  0.56916452E+000
  0.56916452E+000
  0.56916451E+000
  0.56916451E+000
  0.56916451E+000
  0.56916451E+000
  0.56916451E+000
  0.56916451E+000
  0.56916451E+000
  0.56916451E+000
  0.56916451E+000
  0.56916451E+000
  0.56916451E+000
  0.56916451E+000
  0.56916451E+000
  0.56916451E+000
  0.56916451E+000
  0.56916451E+000
  0.56916451E+000
  0.56916451E+000
  0.56916451E+000
  0.56916451E+000
  0.56916451E+000
  0.56916451E+000
  0.56916451E+000
  0.56916451E+000
  0.56916451E+000
  0.56916451E+000
  0.56916451E+000
  0.56916450E+000
  0.56916450E+000
  0.56916450E+000
  0.56916450E+000
  0.56916450E+000
  0.56916449E+000
  0.56916449E+000
  0.56916449E+000
  0.56916449E+000
  0.56916449E+000
  0.56916449E+000
  0.56916449E+000
  0.56916449E+000
  0.56916449E+000
  0.56916449E+000
  0.56916449E+000
  0.56916449E+000
  0.56916449E+000
  0.56916450E+000
  0.56916450E+000
  0.56916450E+000
  0.56916450E+000
  0.56916451E+000
  0.56916451E+000
  0.56916451E+000
  0.56916452E+000
  0.56916452E+000
  0.56916452E+000
  0.56916452E+000
  0.56916453E+000
  0.56916453E+000
  0.56916453E+000
  0.56916453E+000
  0.56916453E+000
  0.56916454E+000
  0.56916454E+000
  0.56916454E+000
  0.56916454E+000
  0.56916454E+000
  0.56916454E+000
  0.56916454E+000
  0.56916454E+000
  0.56916454E+000
  0.56916454E+000
  0.56916455E+000
  0.56916455E+000
  0.56916455E+000
  0.56916454E+000
  0.56916454E+000
  0.56916454E+000
  0.56916454E+000
  0.56916454E+000
  0.56916454E+000
  0.56916454E+000
  0.56916454E+000
  0.56916454E+000
  0.56916454E+000
  0.56916453E+000
  0.56916453E+000
  0.56916453E+000
  0.56916453E+000
  0.56916453E+000
  0.56916453E+000
  0.56916452E+000
  0.56916452E+000
  0.56916452E+000
  0.56916452E+000
  0.56916452E+000
  0.56916452E+000
  0.56916451E+000
  0.56916451E+000
  0.56916450E+000
  0.56916449E+000
  0.56916448E+000
  0.56916445E+000
  0.56916439E+000
  0.56916444E+000
