  0.95628204E+000
  0.95628200E+000
  0.95628197E+000
  0.95628194E+000
  0.95628191E+000
  0.95628189E+000
  0.95628187E+000
  0.95628185E+000
  0.95628184E+000
  0.95628182E+000
  0.95628181E+000
  0.95628180E+000
  0.95628179E+000
  0.95628178E+000
  0.95628177E+000
  0.95628177E+000
  0.95628176E+000
  0.95628175E+000
  0.95628175E+000
  0.95628174E+000
  0.95628174E+000
  0.95628174E+000
  0.95628173E+000
  0.95628173E+000
  0.95628173E+000
  0.95628172E+000
  0.95628172E+000
  0.95628172E+000
  0.95628172E+000
  0.95628172E+000
  0.95628171E+000
  0.95628171E+000
  0.95628171E+000
  0.95628171E+000
  0.95628171E+000
  0.95628171E+000
  0.95628171E+000
  0.95628171E+000
  0.95628171E+000
  0.95628171E+000
  0.95628171E+000
  0.95628171E+000
  0.95628171E+000
  0.95628171E+000
  0.95628171E+000
  0.95628171E+000
  0.95628171E+000
  0.95628171E+000
  0.95628171E+000
  0.95628171E+000
  0.95628171E+000
  0.95628171E+000
  0.95628172E+000
  0.95628172E+000
  0.95628172E+000
  0.95628172E+000
  0.95628172E+000
  0.95628172E+000
  0.95628173E+000
  0.95628173E+000
  0.95628173E+000
  0.95628173E+000
  0.95628174E+000
  0.95628174E+000
  0.95628174E+000
  0.95628174E+000
  0.95628175E+000
  0.95628175E+000
  0.95628175E+000
  0.95628176E+000
  0.95628176E+000
  0.95628176E+000
  0.95628176E+000
  0.95628177E+000
  0.95628177E+000
  0.95628177E+000
  0.95628178E+000
  0.95628178E+000
  0.95628179E+000
  0.95628179E+000
  0.95628179E+000
  0.95628180E+000
  0.95628180E+000
  0.95628180E+000
  0.95628181E+000
  0.95628181E+000
  0.95628182E+000
  0.95628182E+000
  0.95628182E+000
  0.95628183E+000
  0.95628183E+000
  0.95628184E+000
  0.95628184E+000
  0.95628184E+000
  0.95628185E+000
  0.95628185E+000
  0.95628186E+000
  0.95628186E+000
  0.95628187E+000
  0.95628187E+000
  0.95628187E+000
  0.95628188E+000
  0.95628188E+000
  0.95628189E+000
  0.95628189E+000
  0.95628189E+000
  0.95628190E+000
  0.95628190E+000
  0.95628190E+000
  0.95628191E+000
  0.95628191E+000
  0.95628192E+000
  0.95628192E+000
  0.95628192E+000
  0.95628193E+000
  0.95628193E+000
  0.95628193E+000
  0.95628194E+000
  0.95628194E+000
  0.95628195E+000
  0.95628195E+000
  0.95628195E+000
  0.95628196E+000
  0.95628196E+000
  0.95628196E+000
  0.95628197E+000
  0.95628197E+000
  0.95628197E+000
  0.95628197E+000
  0.95628198E+000
  0.95628198E+000
  0.95628198E+000
  0.95628199E+000
  0.95628199E+000
  0.95628199E+000
  0.95628199E+000
  0.95628200E+000
  0.95628200E+000
  0.95628200E+000
  0.95628200E+000
  0.95628201E+000
  0.95628201E+000
  0.95628201E+000
  0.95628201E+000
  0.95628201E+000
  0.95628202E+000
  0.95628202E+000
  0.95628202E+000
  0.95628202E+000
  0.95628202E+000
  0.95628202E+000
  0.95628203E+000
  0.95628203E+000
  0.95628203E+000
  0.95628203E+000
  0.95628203E+000
  0.95628203E+000
  0.95628203E+000
  0.95628204E+000
  0.95628204E+000
  0.95628204E+000
  0.95628204E+000
  0.95628204E+000
  0.95628204E+000
  0.95628204E+000
  0.95628204E+000
  0.95628204E+000
  0.95628205E+000
  0.95628205E+000
  0.95628205E+000
  0.95628205E+000
  0.95628205E+000
  0.95628205E+000
  0.95628205E+000
  0.95628205E+000
  0.95628205E+000
  0.95628205E+000
  0.95628205E+000
  0.95628205E+000
  0.95628205E+000
  0.95628205E+000
  0.95628205E+000
  0.95628206E+000
  0.95628206E+000
  0.95628206E+000
  0.95628206E+000
  0.95628206E+000
  0.95628206E+000
  0.95628206E+000
  0.95628206E+000
  0.95628206E+000
  0.95628206E+000
  0.95628206E+000
  0.95628206E+000
  0.95628206E+000
  0.95628206E+000
  0.95628205E+000
  0.95628205E+000
  0.95628205E+000
  0.95628205E+000
