  0.44183802E+000
  0.44116510E+000
  0.44097663E+000
  0.44094027E+000
  0.44096618E+000
  0.44102225E+000
  0.44109322E+000
  0.44117035E+000
  0.44124822E+000
  0.44132348E+000
  0.44139408E+000
  0.44145892E+000
  0.44151766E+000
  0.44157028E+000
  0.44161689E+000
  0.44165780E+000
  0.44169338E+000
  0.44172409E+000
  0.44175039E+000
  0.44177272E+000
  0.44179154E+000
  0.44180725E+000
  0.44182024E+000
  0.44183087E+000
  0.44183946E+000
  0.44184630E+000
  0.44185164E+000
  0.44185572E+000
  0.44185874E+000
  0.44186088E+000
  0.44186229E+000
  0.44186311E+000
  0.44186344E+000
  0.44186340E+000
  0.44186305E+000
  0.44186248E+000
  0.44186174E+000
  0.44186088E+000
  0.44185992E+000
  0.44185892E+000
  0.44185788E+000
  0.44185684E+000
  0.44185579E+000
  0.44185476E+000
  0.44185375E+000
  0.44185276E+000
  0.44185180E+000
  0.44185088E+000
  0.44184999E+000
  0.44184913E+000
  0.44184831E+000
  0.44184753E+000
  0.44184678E+000
  0.44184608E+000
  0.44184541E+000
  0.44184477E+000
  0.44184418E+000
  0.44184362E+000
  0.44184310E+000
  0.44184261E+000
  0.44184216E+000
  0.44184175E+000
  0.44184136E+000
  0.44184101E+000
  0.44184070E+000
  0.44184041E+000
  0.44184014E+000
  0.44183991E+000
  0.44183970E+000
  0.44183951E+000
  0.44183934E+000
  0.44183919E+000
  0.44183905E+000
  0.44183894E+000
  0.44183883E+000
  0.44183874E+000
  0.44183867E+000
  0.44183860E+000
  0.44183854E+000
  0.44183849E+000
  0.44183845E+000
  0.44183841E+000
  0.44183837E+000
  0.44183835E+000
  0.44183832E+000
  0.44183830E+000
  0.44183828E+000
  0.44183827E+000
  0.44183826E+000
  0.44183824E+000
  0.44183823E+000
  0.44183822E+000
  0.44183822E+000
  0.44183821E+000
  0.44183820E+000
  0.44183820E+000
  0.44183819E+000
  0.44183818E+000
  0.44183818E+000
  0.44183817E+000
  0.44183817E+000
  0.44183816E+000
  0.44183816E+000
  0.44183816E+000
  0.44183815E+000
  0.44183815E+000
  0.44183814E+000
  0.44183814E+000
  0.44183814E+000
  0.44183813E+000
  0.44183813E+000
  0.44183813E+000
  0.44183812E+000
  0.44183812E+000
  0.44183812E+000
  0.44183812E+000
  0.44183811E+000
  0.44183811E+000
  0.44183811E+000
  0.44183811E+000
  0.44183810E+000
  0.44183810E+000
  0.44183810E+000
  0.44183810E+000
  0.44183810E+000
  0.44183809E+000
  0.44183809E+000
  0.44183809E+000
  0.44183809E+000
  0.44183809E+000
  0.44183809E+000
  0.44183809E+000
  0.44183808E+000
  0.44183808E+000
  0.44183808E+000
  0.44183808E+000
  0.44183808E+000
  0.44183808E+000
  0.44183808E+000
  0.44183808E+000
  0.44183808E+000
  0.44183808E+000
  0.44183808E+000
  0.44183808E+000
  0.44183808E+000
  0.44183808E+000
  0.44183807E+000
  0.44183807E+000
  0.44183807E+000
  0.44183807E+000
  0.44183807E+000
  0.44183807E+000
  0.44183807E+000
  0.44183807E+000
  0.44183807E+000
  0.44183807E+000
  0.44183807E+000
  0.44183807E+000
  0.44183807E+000
  0.44183808E+000
  0.44183808E+000
  0.44183808E+000
  0.44183808E+000
  0.44183808E+000
  0.44183808E+000
  0.44183808E+000
  0.44183808E+000
  0.44183808E+000
  0.44183808E+000
  0.44183808E+000
  0.44183808E+000
  0.44183808E+000
  0.44183808E+000
  0.44183808E+000
  0.44183808E+000
  0.44183808E+000
  0.44183808E+000
  0.44183808E+000
  0.44183808E+000
  0.44183808E+000
  0.44183808E+000
  0.44183808E+000
  0.44183808E+000
  0.44183807E+000
  0.44183807E+000
  0.44183807E+000
  0.44183807E+000
  0.44183806E+000
  0.44183806E+000
  0.44183805E+000
  0.44183805E+000
  0.44183804E+000
  0.44183803E+000
  0.44183802E+000
  0.44183801E+000
  0.44183800E+000
  0.44183799E+000
  0.44183797E+000
  0.44183796E+000
  0.44183794E+000
