  0.86036612E+000
  0.86029459E+000
  0.86024096E+000
  0.86020086E+000
  0.86017148E+000
  0.86015083E+000
  0.86013720E+000
  0.86012916E+000
  0.86012557E+000
  0.86012550E+000
  0.86012816E+000
  0.86013295E+000
  0.86013934E+000
  0.86014692E+000
  0.86015536E+000
  0.86016439E+000
  0.86017380E+000
  0.86018340E+000
  0.86019307E+000
  0.86020269E+000
  0.86021218E+000
  0.86022147E+000
  0.86023051E+000
  0.86023926E+000
  0.86024769E+000
  0.86025578E+000
  0.86026351E+000
  0.86027089E+000
  0.86027789E+000
  0.86028453E+000
  0.86029081E+000
  0.86029672E+000
  0.86030229E+000
  0.86030751E+000
  0.86031239E+000
  0.86031696E+000
  0.86032121E+000
  0.86032517E+000
  0.86032884E+000
  0.86033225E+000
  0.86033539E+000
  0.86033830E+000
  0.86034097E+000
  0.86034343E+000
  0.86034569E+000
  0.86034775E+000
  0.86034964E+000
  0.86035137E+000
  0.86035293E+000
  0.86035436E+000
  0.86035565E+000
  0.86035683E+000
  0.86035788E+000
  0.86035884E+000
  0.86035970E+000
  0.86036047E+000
  0.86036116E+000
  0.86036178E+000
  0.86036234E+000
  0.86036284E+000
  0.86036328E+000
  0.86036368E+000
  0.86036403E+000
  0.86036435E+000
  0.86036463E+000
  0.86036488E+000
  0.86036510E+000
  0.86036530E+000
  0.86036548E+000
  0.86036564E+000
  0.86036578E+000
  0.86036591E+000
  0.86036602E+000
  0.86036612E+000
  0.86036620E+000
  0.86036628E+000
  0.86036635E+000
  0.86036641E+000
  0.86036646E+000
  0.86036650E+000
  0.86036653E+000
  0.86036656E+000
  0.86036659E+000
  0.86036661E+000
  0.86036662E+000
  0.86036664E+000
  0.86036665E+000
  0.86036665E+000
  0.86036666E+000
  0.86036666E+000
  0.86036666E+000
  0.86036666E+000
  0.86036666E+000
  0.86036666E+000
  0.86036665E+000
  0.86036665E+000
  0.86036664E+000
  0.86036664E+000
  0.86036663E+000
  0.86036663E+000
  0.86036662E+000
  0.86036662E+000
  0.86036661E+000
  0.86036660E+000
  0.86036660E+000
  0.86036659E+000
  0.86036658E+000
  0.86036658E+000
  0.86036657E+000
  0.86036656E+000
  0.86036656E+000
  0.86036655E+000
  0.86036654E+000
  0.86036653E+000
  0.86036652E+000
  0.86036652E+000
  0.86036651E+000
  0.86036650E+000
  0.86036649E+000
  0.86036648E+000
  0.86036648E+000
  0.86036647E+000
  0.86036646E+000
  0.86036645E+000
  0.86036644E+000
  0.86036644E+000
  0.86036643E+000
  0.86036642E+000
  0.86036641E+000
  0.86036641E+000
  0.86036640E+000
  0.86036639E+000
  0.86036639E+000
  0.86036638E+000
  0.86036637E+000
  0.86036636E+000
  0.86036636E+000
  0.86036635E+000
  0.86036635E+000
  0.86036634E+000
  0.86036633E+000
  0.86036633E+000
  0.86036632E+000
  0.86036632E+000
  0.86036631E+000
  0.86036630E+000
  0.86036630E+000
  0.86036629E+000
  0.86036629E+000
  0.86036628E+000
  0.86036628E+000
  0.86036627E+000
  0.86036627E+000
  0.86036626E+000
  0.86036626E+000
  0.86036626E+000
  0.86036625E+000
  0.86036625E+000
  0.86036624E+000
  0.86036624E+000
  0.86036624E+000
  0.86036623E+000
  0.86036623E+000
  0.86036622E+000
  0.86036622E+000
  0.86036622E+000
  0.86036621E+000
  0.86036621E+000
  0.86036621E+000
  0.86036621E+000
  0.86036620E+000
  0.86036620E+000
  0.86036620E+000
  0.86036620E+000
  0.86036619E+000
  0.86036619E+000
  0.86036619E+000
  0.86036619E+000
  0.86036618E+000
  0.86036618E+000
  0.86036618E+000
  0.86036618E+000
  0.86036618E+000
  0.86036617E+000
  0.86036617E+000
  0.86036617E+000
  0.86036617E+000
  0.86036617E+000
  0.86036617E+000
  0.86036616E+000
  0.86036616E+000
  0.86036616E+000
  0.86036616E+000
  0.86036616E+000
  0.86036616E+000
  0.86036616E+000
  0.86036616E+000
  0.86036616E+000
  0.86036616E+000
  0.86036616E+000
