  0.39159769E+000
  0.39159134E+000
  0.39158593E+000
  0.39157956E+000
  0.39157123E+000
  0.39156733E+000
  0.39156368E+000
  0.39156118E+000
  0.39155847E+000
  0.39155685E+000
  0.39155515E+000
  0.39155380E+000
  0.39155219E+000
  0.39155110E+000
  0.39155009E+000
  0.39154886E+000
  0.39154809E+000
  0.39154780E+000
  0.39154723E+000
  0.39154674E+000
  0.39154627E+000
  0.39154588E+000
  0.39154553E+000
  0.39154520E+000
  0.39154423E+000
  0.39154401E+000
  0.39154390E+000
  0.39154353E+000
  0.39154334E+000
  0.39154316E+000
  0.39154299E+000
  0.39154283E+000
  0.39154269E+000
  0.39154250E+000
  0.39154237E+000
  0.39154225E+000
  0.39154214E+000
  0.39154204E+000
  0.39154187E+000
  0.39154178E+000
  0.39154176E+000
  0.39154167E+000
  0.39154160E+000
  0.39154153E+000
  0.39154146E+000
  0.39154140E+000
  0.39154135E+000
  0.39154129E+000
  0.39154124E+000
  0.39154120E+000
  0.39154115E+000
  0.39154112E+000
  0.39154106E+000
  0.39154103E+000
  0.39154097E+000
  0.39154094E+000
  0.39154092E+000
  0.39154089E+000
  0.39154087E+000
  0.39154085E+000
  0.39154083E+000
  0.39154081E+000
  0.39154079E+000
  0.39154077E+000
  0.39154076E+000
  0.39154074E+000
  0.39154073E+000
  0.39154072E+000
  0.39154071E+000
  0.39154070E+000
  0.39154069E+000
  0.39154069E+000
  0.39154068E+000
  0.39154067E+000
  0.39154067E+000
  0.39154066E+000
  0.39154066E+000
  0.39154066E+000
  0.39154065E+000
  0.39154065E+000
  0.39154065E+000
  0.39154065E+000
  0.39154065E+000
  0.39154065E+000
  0.39154065E+000
  0.39154065E+000
  0.39154065E+000
  0.39154065E+000
  0.39154065E+000
  0.39154065E+000
  0.39154065E+000
  0.39154065E+000
  0.39154066E+000
  0.39154066E+000
  0.39154066E+000
  0.39154066E+000
  0.39154066E+000
  0.39154067E+000
  0.39154067E+000
  0.39154067E+000
  0.39154067E+000
  0.39154067E+000
  0.39154067E+000
  0.39154068E+000
  0.39154068E+000
  0.39154068E+000
  0.39154068E+000
  0.39154068E+000
  0.39154068E+000
  0.39154068E+000
  0.39154068E+000
  0.39154068E+000
  0.39154068E+000
  0.39154069E+000
  0.39154069E+000
  0.39154068E+000
  0.39154068E+000
  0.39154068E+000
  0.39154068E+000
  0.39154068E+000
  0.39154068E+000
  0.39154068E+000
  0.39154068E+000
  0.39154068E+000
  0.39154067E+000
  0.39154067E+000
  0.39154067E+000
  0.39154067E+000
  0.39154067E+000
  0.39154066E+000
  0.39154066E+000
  0.39154066E+000
  0.39154065E+000
  0.39154065E+000
  0.39154065E+000
  0.39154064E+000
  0.39154064E+000
  0.39154064E+000
  0.39154063E+000
  0.39154063E+000
  0.39154062E+000
  0.39154062E+000
  0.39154061E+000
  0.39154061E+000
  0.39154061E+000
  0.39154060E+000
  0.39154060E+000
  0.39154059E+000
  0.39154059E+000
  0.39154058E+000
  0.39154058E+000
  0.39154057E+000
  0.39154057E+000
  0.39154056E+000
  0.39154055E+000
  0.39154055E+000
  0.39154054E+000
  0.39154054E+000
  0.39154053E+000
  0.39154053E+000
  0.39154052E+000
  0.39154052E+000
  0.39154051E+000
  0.39154051E+000
  0.39154050E+000
  0.39154050E+000
  0.39154049E+000
  0.39154048E+000
  0.39154048E+000
  0.39154047E+000
  0.39154047E+000
  0.39154046E+000
  0.39154046E+000
  0.39154045E+000
  0.39154045E+000
  0.39154044E+000
  0.39154044E+000
  0.39154043E+000
  0.39154043E+000
  0.39154042E+000
  0.39154042E+000
  0.39154041E+000
  0.39154041E+000
  0.39154040E+000
  0.39154040E+000
  0.39154039E+000
  0.39154039E+000
  0.39154038E+000
  0.39154038E+000
  0.39154038E+000
  0.39154037E+000
  0.39154037E+000
  0.39154036E+000
  0.39154036E+000
  0.39154035E+000
  0.39154035E+000
  0.39154035E+000
  0.39154034E+000
  0.39154034E+000
  0.39154033E+000
