  0.48680846E-001
  0.48581031E-001
  0.48492463E-001
  0.48416671E-001
  0.48352196E-001
  0.48297460E-001
  0.48251040E-001
  0.48211700E-001
  0.48178384E-001
  0.48150191E-001
  0.48126346E-001
  0.48106195E-001
  0.48089182E-001
  0.48074836E-001
  0.48062755E-001
  0.48052595E-001
  0.48044062E-001
  0.48036904E-001
  0.48030908E-001
  0.48025893E-001
  0.48021706E-001
  0.48018217E-001
  0.48015314E-001
  0.48012904E-001
  0.48010906E-001
  0.48009252E-001
  0.48007885E-001
  0.48006756E-001
  0.48005822E-001
  0.48005042E-001
  0.48004388E-001
  0.48003839E-001
  0.48003376E-001
  0.48002985E-001
  0.48002653E-001
  0.48002369E-001
  0.48002126E-001
  0.48001915E-001
  0.48001732E-001
  0.48001571E-001
  0.48001430E-001
  0.48001304E-001
  0.48001192E-001
  0.48001092E-001
  0.48001001E-001
  0.48000920E-001
  0.48000846E-001
  0.48000778E-001
  0.48000716E-001
  0.48000659E-001
  0.48000606E-001
  0.48000557E-001
  0.48000510E-001
  0.48000466E-001
  0.48000424E-001
  0.48000384E-001
  0.48000345E-001
  0.48000307E-001
  0.48000270E-001
  0.48000234E-001
  0.48000200E-001
  0.48000167E-001
  0.48000134E-001
  0.48000104E-001
  0.48000074E-001
  0.48000046E-001
  0.48000020E-001
  0.47999995E-001
  0.47999972E-001
  0.47999951E-001
  0.47999932E-001
  0.47999914E-001
  0.47999898E-001
  0.47999884E-001
  0.47999871E-001
  0.47999860E-001
  0.47999850E-001
  0.47999842E-001
  0.47999835E-001
  0.47999829E-001
  0.47999824E-001
  0.47999821E-001
  0.47999818E-001
  0.47999815E-001
  0.47999814E-001
  0.47999813E-001
  0.47999813E-001
  0.47999813E-001
  0.47999814E-001
  0.47999815E-001
  0.47999817E-001
  0.47999818E-001
  0.47999820E-001
  0.47999823E-001
  0.47999825E-001
  0.47999828E-001
  0.47999831E-001
  0.47999834E-001
  0.47999838E-001
  0.47999841E-001
  0.47999845E-001
  0.47999848E-001
  0.47999852E-001
  0.47999856E-001
  0.47999860E-001
  0.47999864E-001
  0.47999868E-001
  0.47999872E-001
  0.47999876E-001
  0.47999880E-001
  0.47999884E-001
  0.47999888E-001
  0.47999892E-001
  0.47999896E-001
  0.47999900E-001
  0.47999904E-001
  0.47999908E-001
  0.47999912E-001
  0.47999915E-001
  0.47999919E-001
  0.47999922E-001
  0.47999925E-001
  0.47999929E-001
  0.47999932E-001
  0.47999935E-001
  0.47999938E-001
  0.47999941E-001
  0.47999944E-001
  0.47999946E-001
  0.47999949E-001
  0.47999952E-001
  0.47999954E-001
  0.47999956E-001
  0.47999959E-001
  0.47999961E-001
  0.47999963E-001
  0.47999965E-001
  0.47999967E-001
  0.47999969E-001
  0.47999970E-001
  0.47999972E-001
  0.47999974E-001
  0.47999975E-001
  0.47999977E-001
  0.47999978E-001
  0.47999980E-001
  0.47999981E-001
  0.47999982E-001
  0.47999983E-001
  0.47999984E-001
  0.47999986E-001
  0.47999987E-001
  0.47999988E-001
  0.47999989E-001
  0.47999989E-001
  0.47999990E-001
  0.47999991E-001
  0.47999992E-001
  0.47999993E-001
  0.47999993E-001
  0.47999994E-001
  0.47999994E-001
  0.47999995E-001
  0.47999996E-001
  0.47999996E-001
  0.47999997E-001
  0.47999997E-001
  0.47999997E-001
  0.47999998E-001
  0.47999998E-001
  0.47999998E-001
  0.47999999E-001
  0.47999999E-001
  0.47999999E-001
  0.48000000E-001
  0.48000000E-001
  0.48000000E-001
  0.48000000E-001
  0.48000000E-001
  0.48000001E-001
  0.48000001E-001
  0.48000001E-001
  0.48000001E-001
  0.48000001E-001
  0.48000001E-001
  0.48000001E-001
  0.48000001E-001
  0.48000001E-001
  0.48000001E-001
  0.48000001E-001
  0.48000001E-001
  0.48000001E-001
  0.48000001E-001
  0.48000001E-001
  0.48000001E-001
  0.48000001E-001
  0.48000001E-001
  0.48000001E-001
  0.48000002E-001
  0.48000003E-001
