 -0.73593315E+000 -0.57338805E+000 -0.33057788E+000 -0.14034309E+000 -0.71058858E-001 -0.17677370E-001  0.73921509E-002  0.10062105E+001  0.23339154E+001  0.44474438E+001  0.62508614E+001
 -0.73580682E+000 -0.57327492E+000 -0.33043210E+000 -0.14009539E+000 -0.71014242E-001 -0.17599350E-001  0.73968461E-002  0.10063290E+001  0.23340467E+001  0.44475804E+001  0.62510091E+001
 -0.73570489E+000 -0.57318301E+000 -0.33031350E+000 -0.13991963E+000 -0.70998505E-001 -0.17588128E-001  0.73994053E-002  0.10064241E+001  0.23341543E+001  0.44476946E+001  0.62511337E+001
 -0.73562571E+000 -0.57311076E+000 -0.33021919E+000 -0.13980058E+000 -0.70991778E-001 -0.17590720E-001  0.74008567E-002  0.10064986E+001  0.23342403E+001  0.44477881E+001  0.62512368E+001
 -0.73556640E+000 -0.57305555E+000 -0.33014546E+000 -0.13972450E+000 -0.70989182E-001 -0.17596298E-001  0.74016179E-002  0.10065560E+001  0.23343074E+001  0.44478632E+001  0.62513206E+001
 -0.73552400E+000 -0.57301476E+000 -0.33008894E+000 -0.13968056E+000 -0.70989028E-001 -0.17602421E-001  0.74019190E-002  0.10065990E+001  0.23343586E+001  0.44479221E+001  0.62513874E+001
 -0.73549564E+000 -0.57298595E+000 -0.33004672E+000 -0.13966036E+000 -0.70990462E-001 -0.17608441E-001  0.74019094E-002  0.10066302E+001  0.23343962E+001  0.44479670E+001  0.62514392E+001
 -0.73547874E+000 -0.57296697E+000 -0.33001633E+000 -0.13965669E+000 -0.70992870E-001 -0.17614138E-001  0.74016922E-002  0.10066518E+001  0.23344226E+001  0.44479999E+001  0.62514780E+001
 -0.73547100E+000 -0.57295598E+000 -0.32999571E+000 -0.13966451E+000 -0.70995859E-001 -0.17619440E-001  0.74013398E-002  0.10066653E+001  0.23344397E+001  0.44480225E+001  0.62515055E+001
 -0.73547046E+000 -0.57295140E+000 -0.32998310E+000 -0.13968034E+000 -0.70999179E-001 -0.17624331E-001  0.74009037E-002  0.10066724E+001  0.23344492E+001  0.44480364E+001  0.62515233E+001
 -0.73547548E+000 -0.57295189E+000 -0.32997703E+000 -0.13970158E+000 -0.71002652E-001 -0.17628817E-001  0.74004203E-002  0.10066741E+001  0.23344523E+001  0.44480431E+001  0.62515329E+001
 -0.73548468E+000 -0.57295637E+000 -0.32997630E+000 -0.13972631E+000 -0.71006153E-001 -0.17632917E-001  0.73999152E-002  0.10066715E+001  0.23344504E+001  0.44480437E+001  0.62515354E+001
 -0.73549695E+000 -0.57296391E+000 -0.32997988E+000 -0.13975312E+000 -0.71009598E-001 -0.17636655E-001  0.73994063E-002  0.10066655E+001  0.23344442E+001  0.44480394E+001  0.62515321E+001
 -0.73551140E+000 -0.57297377E+000 -0.32998692E+000 -0.13978098E+000 -0.71012932E-001 -0.17640058E-001  0.73989056E-002  0.10066566E+001  0.23344348E+001  0.44480309E+001  0.62515240E+001
 -0.73552729E+000 -0.57298533E+000 -0.32999670E+000 -0.13980915E+000 -0.71016119E-001 -0.17643153E-001  0.73984215E-002  0.10066456E+001  0.23344227E+001  0.44480192E+001  0.62515118E+001
 -0.73554405E+000 -0.57299810E+000 -0.33000864E+000 -0.13983712E+000 -0.71019138E-001 -0.17645966E-001  0.73979590E-002  0.10066328E+001  0.23344084E+001  0.44480047E+001  0.62514964E+001
 -0.73556125E+000 -0.57301166E+000 -0.33002225E+000 -0.13986452E+000 -0.71021979E-001 -0.17648522E-001  0.73975213E-002  0.10066187E+001  0.23343926E+001  0.44479882E+001  0.62514784E+001
 -0.73557854E+000 -0.57302570E+000 -0.33003711E+000 -0.13989110E+000 -0.71024639E-001 -0.17650844E-001  0.73971099E-002  0.10066036E+001  0.23343755E+001  0.44479700E+001  0.62514582E+001
 -0.73559565E+000 -0.57303994E+000 -0.33005290E+000 -0.13991673E+000 -0.71027122E-001 -0.17652957E-001  0.73967251E-002  0.10065878E+001  0.23343574E+001  0.44479505E+001  0.62514365E+001
 -0.73561240E+000 -0.57305420E+000 -0.33006933E+000 -0.13994130E+000 -0.71029435E-001 -0.17654882E-001  0.73963668E-002  0.10065715E+001  0.23343388E+001  0.44479301E+001  0.62514135E+001
 -0.73562864E+000 -0.57306831E+000 -0.33008618E+000 -0.13996478E+000 -0.71031585E-001 -0.17656638E-001  0.73960339E-002  0.10065550E+001  0.23343197E+001  0.44479090E+001  0.62513896E+001
 -0.73564428E+000 -0.57308215E+000 -0.33010327E+000 -0.13998716E+000 -0.71033582E-001 -0.17658242E-001  0.73957254E-002  0.10065383E+001  0.23343003E+001  0.44478874E+001  0.62513652E+001
 -0.73565927E+000 -0.57309564E+000 -0.33012045E+000 -0.14000845E+000 -0.71035437E-001 -0.17659711E-001  0.73954399E-002  0.10065215E+001  0.23342809E+001  0.44478656E+001  0.62513403E+001
 -0.73567355E+000 -0.57310870E+000 -0.33013759E+000 -0.14002822E+000 -0.71037118E-001 -0.17661047E-001  0.73951759E-002  0.10065049E+001  0.23342616E+001  0.44478437E+001  0.62513153E+001
 -0.73568713E+000 -0.57312131E+000 -0.33015460E+000 -0.14004650E+000 -0.71038635E-001 -0.17662263E-001  0.73949320E-002  0.10064884E+001  0.23342423E+001  0.44478219E+001  0.62512903E+001
 -0.73569999E+000 -0.57313342E+000 -0.33017139E+000 -0.14006354E+000 -0.71040016E-001 -0.17663379E-001  0.73947073E-002  0.10064723E+001  0.23342234E+001  0.44478002E+001  0.62512654E+001
 -0.73571215E+000 -0.57314503E+000 -0.33018791E+000 -0.14007952E+000 -0.71041284E-001 -0.17664404E-001  0.73945004E-002  0.10064564E+001  0.23342048E+001  0.44477788E+001  0.62512408E+001
 -0.73572363E+000 -0.57315612E+000 -0.33020411E+000 -0.14009461E+000 -0.71042455E-001 -0.17665348E-001  0.73943096E-002  0.10064409E+001  0.23341865E+001  0.44477578E+001  0.62512166E+001
 -0.73573446E+000 -0.57316671E+000 -0.33021996E+000 -0.14010889E+000 -0.71043541E-001 -0.17666218E-001  0.73941334E-002  0.10064258E+001  0.23341687E+001  0.44477371E+001  0.62511929E+001
 -0.73574467E+000 -0.57317681E+000 -0.33023544E+000 -0.14012247E+000 -0.71044553E-001 -0.17667022E-001  0.73939707E-002  0.10064112E+001  0.23341514E+001  0.44477170E+001  0.62511697E+001
 -0.73575430E+000 -0.57318644E+000 -0.33025053E+000 -0.14013540E+000 -0.71045501E-001 -0.17667769E-001  0.73938201E-002  0.10063971E+001  0.23341347E+001  0.44476974E+001  0.62511472E+001
 -0.73576338E+000 -0.57319563E+000 -0.33026524E+000 -0.14014773E+000 -0.71046392E-001 -0.17668465E-001  0.73936804E-002  0.10063834E+001  0.23341185E+001  0.44476785E+001  0.62511253E+001
 -0.73577197E+000 -0.57320439E+000 -0.33027955E+000 -0.14015950E+000 -0.71047230E-001 -0.17669116E-001  0.73935508E-002  0.10063703E+001  0.23341028E+001  0.44476601E+001  0.62511042E+001
 -0.73578010E+000 -0.57321276E+000 -0.33029349E+000 -0.14017073E+000 -0.71048019E-001 -0.17669724E-001  0.73934303E-002  0.10063577E+001  0.23340878E+001  0.44476424E+001  0.62510839E+001
 -0.73578780E+000 -0.57322076E+000 -0.33030704E+000 -0.14018146E+000 -0.71048764E-001 -0.17670294E-001  0.73933182E-002  0.10063457E+001  0.23340734E+001  0.44476254E+001  0.62510643E+001
 -0.73579511E+000 -0.57322842E+000 -0.33032021E+000 -0.14019169E+000 -0.71049465E-001 -0.17670827E-001  0.73932139E-002  0.10063342E+001  0.23340597E+001  0.44476091E+001  0.62510456E+001
 -0.73580205E+000 -0.57323576E+000 -0.33033302E+000 -0.14020144E+000 -0.71050127E-001 -0.17671326E-001  0.73931168E-002  0.10063232E+001  0.23340465E+001  0.44475936E+001  0.62510278E+001
 -0.73580867E+000 -0.57324280E+000 -0.33034547E+000 -0.14021073E+000 -0.71050750E-001 -0.17671793E-001  0.73930265E-002  0.10063128E+001  0.23340341E+001  0.44475788E+001  0.62510109E+001
 -0.73581498E+000 -0.57324957E+000 -0.33035756E+000 -0.14021957E+000 -0.71051337E-001 -0.17672230E-001  0.73929425E-002  0.10063030E+001  0.23340223E+001  0.44475648E+001  0.62509948E+001
 -0.73582101E+000 -0.57325609E+000 -0.33036930E+000 -0.14022797E+000 -0.71051889E-001 -0.17672639E-001  0.73928644E-002  0.10062937E+001  0.23340111E+001  0.44475515E+001  0.62509797E+001
 -0.73582677E+000 -0.57326237E+000 -0.33038069E+000 -0.14023595E+000 -0.71052407E-001 -0.17673021E-001  0.73927918E-002  0.10062850E+001  0.23340006E+001  0.44475391E+001  0.62509654E+001
 -0.73583230E+000 -0.57326843E+000 -0.33039174E+000 -0.14024350E+000 -0.71052893E-001 -0.17673377E-001  0.73927245E-002  0.10062769E+001  0.23339908E+001  0.44475274E+001  0.62509521E+001
 -0.73583759E+000 -0.57327428E+000 -0.33040244E+000 -0.14025065E+000 -0.71053349E-001 -0.17673708E-001  0.73926621E-002  0.10062692E+001  0.23339816E+001  0.44475165E+001  0.62509396E+001
 -0.73584267E+000 -0.57327994E+000 -0.33041281E+000 -0.14025741E+000 -0.71053775E-001 -0.17674017E-001  0.73926045E-002  0.10062621E+001  0.23339730E+001  0.44475063E+001  0.62509280E+001
 -0.73584755E+000 -0.57328541E+000 -0.33042282E+000 -0.14026378E+000 -0.71054174E-001 -0.17674303E-001  0.73925513E-002  0.10062556E+001  0.23339651E+001  0.44474969E+001  0.62509173E+001
 -0.73585224E+000 -0.57329072E+000 -0.33043250E+000 -0.14026978E+000 -0.71054545E-001 -0.17674568E-001  0.73925024E-002  0.10062495E+001  0.23339578E+001  0.44474883E+001  0.62509075E+001
 -0.73585675E+000 -0.57329585E+000 -0.33044182E+000 -0.14027543E+000 -0.71054891E-001 -0.17674813E-001  0.73924574E-002  0.10062439E+001  0.23339510E+001  0.44474803E+001  0.62508985E+001
 -0.73586108E+000 -0.57330082E+000 -0.33045079E+000 -0.14028072E+000 -0.71055212E-001 -0.17675039E-001  0.73924163E-002  0.10062387E+001  0.23339449E+001  0.44474731E+001  0.62508903E+001
 -0.73586524E+000 -0.57330564E+000 -0.33045941E+000 -0.14028568E+000 -0.71055511E-001 -0.17675246E-001  0.73923788E-002  0.10062341E+001  0.23339392E+001  0.44474665E+001  0.62508828E+001
 -0.73586925E+000 -0.57331031E+000 -0.33046766E+000 -0.14029032E+000 -0.71055787E-001 -0.17675436E-001  0.73923448E-002  0.10062298E+001  0.23339342E+001  0.44474606E+001  0.62508761E+001
 -0.73587309E+000 -0.57331482E+000 -0.33047556E+000 -0.14029465E+000 -0.71056043E-001 -0.17675611E-001  0.73923139E-002  0.10062260E+001  0.23339296E+001  0.44474553E+001  0.62508702E+001
 -0.73587679E+000 -0.57331919E+000 -0.33048309E+000 -0.14029868E+000 -0.71056279E-001 -0.17675769E-001  0.73922860E-002  0.10062225E+001  0.23339255E+001  0.44474506E+001  0.62508648E+001
 -0.73588033E+000 -0.57332341E+000 -0.33049025E+000 -0.14030242E+000 -0.71056497E-001 -0.17675914E-001  0.73922610E-002  0.10062194E+001  0.23339218E+001  0.44474464E+001  0.62508601E+001
 -0.73588373E+000 -0.57332748E+000 -0.33049705E+000 -0.14030589E+000 -0.71056697E-001 -0.17676045E-001  0.73922386E-002  0.10062166E+001  0.23339185E+001  0.44474427E+001  0.62508560E+001
 -0.73588698E+000 -0.57333140E+000 -0.33050348E+000 -0.14030911E+000 -0.71056882E-001 -0.17676164E-001  0.73922187E-002  0.10062142E+001  0.23339157E+001  0.44474395E+001  0.62508524E+001
 -0.73589009E+000 -0.57333518E+000 -0.33050955E+000 -0.14031208E+000 -0.71057051E-001 -0.17676272E-001  0.73922010E-002  0.10062120E+001  0.23339132E+001  0.44474367E+001  0.62508493E+001
 -0.73589307E+000 -0.57333880E+000 -0.33051527E+000 -0.14031482E+000 -0.71057206E-001 -0.17676369E-001  0.73921853E-002  0.10062102E+001  0.23339110E+001  0.44474343E+001  0.62508467E+001
 -0.73589590E+000 -0.57334228E+000 -0.33052063E+000 -0.14031734E+000 -0.71057348E-001 -0.17676456E-001  0.73921715E-002  0.10062085E+001  0.23339091E+001  0.44474323E+001  0.62508445E+001
 -0.73589860E+000 -0.57334560E+000 -0.33052564E+000 -0.14031966E+000 -0.71057478E-001 -0.17676535E-001  0.73921595E-002  0.10062071E+001  0.23339075E+001  0.44474305E+001  0.62508426E+001
 -0.73590116E+000 -0.57334877E+000 -0.33053031E+000 -0.14032178E+000 -0.71057597E-001 -0.17676605E-001  0.73921489E-002  0.10062058E+001  0.23339061E+001  0.44474291E+001  0.62508411E+001
 -0.73590359E+000 -0.57335179E+000 -0.33053466E+000 -0.14032372E+000 -0.71057705E-001 -0.17676669E-001  0.73921398E-002  0.10062048E+001  0.23339050E+001  0.44474279E+001  0.62508399E+001
 -0.73590589E+000 -0.57335466E+000 -0.33053868E+000 -0.14032550E+000 -0.71057804E-001 -0.17676726E-001  0.73921319E-002  0.10062039E+001  0.23339040E+001  0.44474270E+001  0.62508389E+001
 -0.73590807E+000 -0.57335737E+000 -0.33054240E+000 -0.14032712E+000 -0.71057894E-001 -0.17676777E-001  0.73921250E-002  0.10062032E+001  0.23339033E+001  0.44474263E+001  0.62508382E+001
 -0.73591011E+000 -0.57335992E+000 -0.33054582E+000 -0.14032860E+000 -0.71057976E-001 -0.17676823E-001  0.73921192E-002  0.10062025E+001  0.23339026E+001  0.44474257E+001  0.62508376E+001
 -0.73591203E+000 -0.57336233E+000 -0.33054897E+000 -0.14032994E+000 -0.71058051E-001 -0.17676864E-001  0.73921142E-002  0.10062020E+001  0.23339021E+001  0.44474253E+001  0.62508373E+001
 -0.73591383E+000 -0.57336458E+000 -0.33055184E+000 -0.14033115E+000 -0.71058119E-001 -0.17676901E-001  0.73921100E-002  0.10062016E+001  0.23339017E+001  0.44474250E+001  0.62508371E+001
 -0.73591551E+000 -0.57336669E+000 -0.33055447E+000 -0.14033226E+000 -0.71058180E-001 -0.17676935E-001  0.73921065E-002  0.10062012E+001  0.23339015E+001  0.44474248E+001  0.62508370E+001
 -0.73591707E+000 -0.57336865E+000 -0.33055686E+000 -0.14033325E+000 -0.71058236E-001 -0.17676964E-001  0.73921035E-002  0.10062010E+001  0.23339012E+001  0.44474247E+001  0.62508370E+001
 -0.73591853E+000 -0.57337047E+000 -0.33055902E+000 -0.14033416E+000 -0.71058287E-001 -0.17676991E-001  0.73921010E-002  0.10062008E+001  0.23339011E+001  0.44474247E+001  0.62508371E+001
 -0.73591987E+000 -0.57337215E+000 -0.33056098E+000 -0.14033497E+000 -0.71058333E-001 -0.17677015E-001  0.73920990E-002  0.10062006E+001  0.23339010E+001  0.44474247E+001  0.62508372E+001
 -0.73592110E+000 -0.57337369E+000 -0.33056274E+000 -0.14033570E+000 -0.71058374E-001 -0.17677037E-001  0.73920975E-002  0.10062005E+001  0.23339010E+001  0.44474248E+001  0.62508375E+001
 -0.73592224E+000 -0.57337511E+000 -0.33056432E+000 -0.14033636E+000 -0.71058412E-001 -0.17677057E-001  0.73920962E-002  0.10062005E+001  0.23339010E+001  0.44474250E+001  0.62508377E+001
 -0.73592328E+000 -0.57337640E+000 -0.33056574E+000 -0.14033694E+000 -0.71058445E-001 -0.17677074E-001  0.73920953E-002  0.10062004E+001  0.23339011E+001  0.44474252E+001  0.62508381E+001
 -0.73592423E+000 -0.57337758E+000 -0.33056701E+000 -0.14033747E+000 -0.71058476E-001 -0.17677090E-001  0.73920946E-002  0.10062004E+001  0.23339012E+001  0.44474254E+001  0.62508384E+001
 -0.73592509E+000 -0.57337865E+000 -0.33056814E+000 -0.14033794E+000 -0.71058503E-001 -0.17677104E-001  0.73920941E-002  0.10062005E+001  0.23339013E+001  0.44474256E+001  0.62508388E+001
 -0.73592587E+000 -0.57337961E+000 -0.33056914E+000 -0.14033836E+000 -0.71058527E-001 -0.17677117E-001  0.73920939E-002  0.10062005E+001  0.23339015E+001  0.44474259E+001  0.62508391E+001
 -0.73592658E+000 -0.57338048E+000 -0.33057003E+000 -0.14033874E+000 -0.71058549E-001 -0.17677129E-001  0.73920939E-002  0.10062006E+001  0.23339016E+001  0.44474261E+001  0.62508396E+001
 -0.73592721E+000 -0.57338126E+000 -0.33057082E+000 -0.14033907E+000 -0.71058569E-001 -0.17677139E-001  0.73920940E-002  0.10062007E+001  0.23339018E+001  0.44474264E+001  0.62508400E+001
 -0.73592778E+000 -0.57338195E+000 -0.33057151E+000 -0.14033937E+000 -0.71058587E-001 -0.17677149E-001  0.73920942E-002  0.10062008E+001  0.23339020E+001  0.44474267E+001  0.62508404E+001
 -0.73592829E+000 -0.57338257E+000 -0.33057212E+000 -0.14033964E+000 -0.71058602E-001 -0.17677157E-001  0.73920946E-002  0.10062009E+001  0.23339022E+001  0.44474270E+001  0.62508408E+001
 -0.73592874E+000 -0.57338312E+000 -0.33057266E+000 -0.14033987E+000 -0.71058616E-001 -0.17677165E-001  0.73920951E-002  0.10062010E+001  0.23339024E+001  0.44474274E+001  0.62508412E+001
 -0.73592915E+000 -0.57338360E+000 -0.33057313E+000 -0.14034008E+000 -0.71058629E-001 -0.17677172E-001  0.73920957E-002  0.10062011E+001  0.23339026E+001  0.44474277E+001  0.62508417E+001
 -0.73592950E+000 -0.57338403E+000 -0.33057354E+000 -0.14034027E+000 -0.71058640E-001 -0.17677178E-001  0.73920963E-002  0.10062013E+001  0.23339028E+001  0.44474280E+001  0.62508421E+001
 -0.73592982E+000 -0.57338441E+000 -0.33057391E+000 -0.14034043E+000 -0.71058650E-001 -0.17677184E-001  0.73920970E-002  0.10062014E+001  0.23339030E+001  0.44474283E+001  0.62508425E+001
 -0.73593010E+000 -0.57338474E+000 -0.33057422E+000 -0.14034058E+000 -0.71058660E-001 -0.17677189E-001  0.73920978E-002  0.10062016E+001  0.23339033E+001  0.44474286E+001  0.62508430E+001
 -0.73593034E+000 -0.57338502E+000 -0.33057450E+000 -0.14034071E+000 -0.71058668E-001 -0.17677194E-001  0.73920987E-002  0.10062017E+001  0.23339035E+001  0.44474290E+001  0.62508434E+001
 -0.73593056E+000 -0.57338528E+000 -0.33057474E+000 -0.14034083E+000 -0.71058675E-001 -0.17677198E-001  0.73920995E-002  0.10062019E+001  0.23339037E+001  0.44474293E+001  0.62508438E+001
 -0.73593075E+000 -0.57338550E+000 -0.33057496E+000 -0.14034094E+000 -0.71058682E-001 -0.17677202E-001  0.73921004E-002  0.10062021E+001  0.23339040E+001  0.44474296E+001  0.62508443E+001
 -0.73593092E+000 -0.57338569E+000 -0.33057514E+000 -0.14034103E+000 -0.71058688E-001 -0.17677206E-001  0.73921014E-002  0.10062022E+001  0.23339042E+001  0.44474299E+001  0.62508447E+001
 -0.73593107E+000 -0.57338586E+000 -0.33057531E+000 -0.14034112E+000 -0.71058694E-001 -0.17677210E-001  0.73921023E-002  0.10062024E+001  0.23339044E+001  0.44474303E+001  0.62508451E+001
 -0.73593120E+000 -0.57338601E+000 -0.33057546E+000 -0.14034120E+000 -0.71058699E-001 -0.17677213E-001  0.73921033E-002  0.10062025E+001  0.23339047E+001  0.44474306E+001  0.62508455E+001
 -0.73593131E+000 -0.57338614E+000 -0.33057559E+000 -0.14034127E+000 -0.71058704E-001 -0.17677217E-001  0.73921043E-002  0.10062027E+001  0.23339049E+001  0.44474309E+001  0.62508459E+001
 -0.73593141E+000 -0.57338626E+000 -0.33057571E+000 -0.14034134E+000 -0.71058709E-001 -0.17677220E-001  0.73921053E-002  0.10062029E+001  0.23339052E+001  0.44474312E+001  0.62508463E+001
 -0.73593151E+000 -0.57338636E+000 -0.33057581E+000 -0.14034140E+000 -0.71058713E-001 -0.17677223E-001  0.73921063E-002  0.10062031E+001  0.23339054E+001  0.44474315E+001  0.62508467E+001
 -0.73593159E+000 -0.57338645E+000 -0.33057590E+000 -0.14034146E+000 -0.71058717E-001 -0.17677226E-001  0.73921073E-002  0.10062032E+001  0.23339056E+001  0.44474318E+001  0.62508471E+001
 -0.73593166E+000 -0.57338653E+000 -0.33057599E+000 -0.14034151E+000 -0.71058721E-001 -0.17677229E-001  0.73921083E-002  0.10062034E+001  0.23339059E+001  0.44474321E+001  0.62508475E+001
 -0.73593173E+000 -0.57338660E+000 -0.33057607E+000 -0.14034157E+000 -0.71058725E-001 -0.17677232E-001  0.73921092E-002  0.10062036E+001  0.23339061E+001  0.44474324E+001  0.62508478E+001
 -0.73593179E+000 -0.57338667E+000 -0.33057614E+000 -0.14034161E+000 -0.71058728E-001 -0.17677234E-001  0.73921102E-002  0.10062037E+001  0.23339063E+001  0.44474327E+001  0.62508482E+001
 -0.73593185E+000 -0.57338673E+000 -0.33057621E+000 -0.14034166E+000 -0.71058732E-001 -0.17677237E-001  0.73921112E-002  0.10062039E+001  0.23339065E+001  0.44474330E+001  0.62508486E+001
 -0.73593190E+000 -0.57338678E+000 -0.33057627E+000 -0.14034171E+000 -0.71058735E-001 -0.17677240E-001  0.73921122E-002  0.10062040E+001  0.23339068E+001  0.44474333E+001  0.62508489E+001
 -0.73593194E+000 -0.57338683E+000 -0.33057633E+000 -0.14034175E+000 -0.71058738E-001 -0.17677243E-001  0.73921131E-002  0.10062042E+001  0.23339070E+001  0.44474336E+001  0.62508493E+001
 -0.73593199E+000 -0.57338688E+000 -0.33057639E+000 -0.14034179E+000 -0.71058742E-001 -0.17677245E-001  0.73921141E-002  0.10062044E+001  0.23339072E+001  0.44474338E+001  0.62508496E+001
 -0.73593203E+000 -0.57338692E+000 -0.33057644E+000 -0.14034183E+000 -0.71058745E-001 -0.17677248E-001  0.73921150E-002  0.10062045E+001  0.23339074E+001  0.44474341E+001  0.62508499E+001
 -0.73593207E+000 -0.57338697E+000 -0.33057649E+000 -0.14034187E+000 -0.71058748E-001 -0.17677250E-001  0.73921159E-002  0.10062047E+001  0.23339076E+001  0.44474344E+001  0.62508502E+001
 -0.73593211E+000 -0.57338700E+000 -0.33057654E+000 -0.14034191E+000 -0.71058751E-001 -0.17677253E-001  0.73921168E-002  0.10062048E+001  0.23339078E+001  0.44474346E+001  0.62508506E+001
 -0.73593215E+000 -0.57338704E+000 -0.33057658E+000 -0.14034194E+000 -0.71058753E-001 -0.17677255E-001  0.73921177E-002  0.10062050E+001  0.23339080E+001  0.44474349E+001  0.62508509E+001
 -0.73593218E+000 -0.57338708E+000 -0.33057663E+000 -0.14034198E+000 -0.71058756E-001 -0.17677258E-001  0.73921186E-002  0.10062051E+001  0.23339082E+001  0.44474351E+001  0.62508512E+001
 -0.73593221E+000 -0.57338711E+000 -0.33057667E+000 -0.14034201E+000 -0.71058759E-001 -0.17677260E-001  0.73921195E-002  0.10062053E+001  0.23339084E+001  0.44474354E+001  0.62508515E+001
 -0.73593224E+000 -0.57338714E+000 -0.33057671E+000 -0.14034205E+000 -0.71058762E-001 -0.17677263E-001  0.73921203E-002  0.10062054E+001  0.23339086E+001  0.44474356E+001  0.62508518E+001
 -0.73593227E+000 -0.57338717E+000 -0.33057675E+000 -0.14034208E+000 -0.71058764E-001 -0.17677265E-001  0.73921212E-002  0.10062055E+001  0.23339088E+001  0.44474359E+001  0.62508520E+001
 -0.73593230E+000 -0.57338720E+000 -0.33057679E+000 -0.14034211E+000 -0.71058767E-001 -0.17677267E-001  0.73921220E-002  0.10062057E+001  0.23339090E+001  0.44474361E+001  0.62508523E+001
 -0.73593233E+000 -0.57338723E+000 -0.33057682E+000 -0.14034214E+000 -0.71058769E-001 -0.17677270E-001  0.73921228E-002  0.10062058E+001  0.23339092E+001  0.44474363E+001  0.62508526E+001
 -0.73593236E+000 -0.57338726E+000 -0.33057686E+000 -0.14034217E+000 -0.71058772E-001 -0.17677272E-001  0.73921236E-002  0.10062060E+001  0.23339094E+001  0.44474365E+001  0.62508528E+001
 -0.73593239E+000 -0.57338729E+000 -0.33057689E+000 -0.14034220E+000 -0.71058774E-001 -0.17677274E-001  0.73921244E-002  0.10062061E+001  0.23339095E+001  0.44474368E+001  0.62508531E+001
 -0.73593241E+000 -0.57338731E+000 -0.33057693E+000 -0.14034223E+000 -0.71058777E-001 -0.17677276E-001  0.73921251E-002  0.10062062E+001  0.23339097E+001  0.44474370E+001  0.62508533E+001
 -0.73593244E+000 -0.57338734E+000 -0.33057696E+000 -0.14034226E+000 -0.71058779E-001 -0.17677278E-001  0.73921259E-002  0.10062063E+001  0.23339099E+001  0.44474372E+001  0.62508536E+001
 -0.73593246E+000 -0.57338736E+000 -0.33057699E+000 -0.14034228E+000 -0.71058781E-001 -0.17677280E-001  0.73921266E-002  0.10062065E+001  0.23339100E+001  0.44474374E+001  0.62508538E+001
 -0.73593248E+000 -0.57338738E+000 -0.33057702E+000 -0.14034231E+000 -0.71058783E-001 -0.17677283E-001  0.73921273E-002  0.10062066E+001  0.23339102E+001  0.44474376E+001  0.62508541E+001
 -0.73593251E+000 -0.57338741E+000 -0.33057705E+000 -0.14034233E+000 -0.71058785E-001 -0.17677285E-001  0.73921280E-002  0.10062067E+001  0.23339104E+001  0.44474378E+001  0.62508543E+001
 -0.73593253E+000 -0.57338743E+000 -0.33057708E+000 -0.14034236E+000 -0.71058787E-001 -0.17677287E-001  0.73921287E-002  0.10062068E+001  0.23339105E+001  0.44474379E+001  0.62508545E+001
 -0.73593255E+000 -0.57338745E+000 -0.33057711E+000 -0.14034238E+000 -0.71058789E-001 -0.17677289E-001  0.73921294E-002  0.10062069E+001  0.23339107E+001  0.44474381E+001  0.62508547E+001
 -0.73593257E+000 -0.57338747E+000 -0.33057713E+000 -0.14034241E+000 -0.71058791E-001 -0.17677290E-001  0.73921301E-002  0.10062070E+001  0.23339108E+001  0.44474383E+001  0.62508549E+001
 -0.73593259E+000 -0.57338749E+000 -0.33057716E+000 -0.14034243E+000 -0.71058793E-001 -0.17677292E-001  0.73921307E-002  0.10062071E+001  0.23339109E+001  0.44474385E+001  0.62508551E+001
 -0.73593261E+000 -0.57338751E+000 -0.33057718E+000 -0.14034245E+000 -0.71058795E-001 -0.17677294E-001  0.73921313E-002  0.10062072E+001  0.23339111E+001  0.44474386E+001  0.62508553E+001
 -0.73593263E+000 -0.57338753E+000 -0.33057721E+000 -0.14034247E+000 -0.71058797E-001 -0.17677296E-001  0.73921319E-002  0.10062073E+001  0.23339112E+001  0.44474388E+001  0.62508555E+001
 -0.73593265E+000 -0.57338755E+000 -0.33057723E+000 -0.14034249E+000 -0.71058799E-001 -0.17677298E-001  0.73921325E-002  0.10062074E+001  0.23339114E+001  0.44474390E+001  0.62508557E+001
 -0.73593266E+000 -0.57338756E+000 -0.33057725E+000 -0.14034251E+000 -0.71058801E-001 -0.17677299E-001  0.73921331E-002  0.10062075E+001  0.23339115E+001  0.44474391E+001  0.62508559E+001
 -0.73593268E+000 -0.57338758E+000 -0.33057727E+000 -0.14034253E+000 -0.71058802E-001 -0.17677301E-001  0.73921337E-002  0.10062076E+001  0.23339116E+001  0.44474393E+001  0.62508561E+001
 -0.73593270E+000 -0.57338760E+000 -0.33057730E+000 -0.14034255E+000 -0.71058804E-001 -0.17677303E-001  0.73921342E-002  0.10062077E+001  0.23339117E+001  0.44474394E+001  0.62508562E+001
 -0.73593271E+000 -0.57338761E+000 -0.33057732E+000 -0.14034257E+000 -0.71058806E-001 -0.17677304E-001  0.73921348E-002  0.10062078E+001  0.23339118E+001  0.44474396E+001  0.62508564E+001
 -0.73593273E+000 -0.57338763E+000 -0.33057734E+000 -0.14034259E+000 -0.71058807E-001 -0.17677306E-001  0.73921353E-002  0.10062079E+001  0.23339120E+001  0.44474397E+001  0.62508566E+001
 -0.73593274E+000 -0.57338764E+000 -0.33057736E+000 -0.14034260E+000 -0.71058809E-001 -0.17677307E-001  0.73921358E-002  0.10062080E+001  0.23339121E+001  0.44474398E+001  0.62508567E+001
 -0.73593276E+000 -0.57338766E+000 -0.33057737E+000 -0.14034262E+000 -0.71058810E-001 -0.17677309E-001  0.73921363E-002  0.10062081E+001  0.23339122E+001  0.44474400E+001  0.62508569E+001
 -0.73593277E+000 -0.57338767E+000 -0.33057739E+000 -0.14034264E+000 -0.71058812E-001 -0.17677310E-001  0.73921368E-002  0.10062081E+001  0.23339123E+001  0.44474401E+001  0.62508570E+001
 -0.73593279E+000 -0.57338768E+000 -0.33057741E+000 -0.14034265E+000 -0.71058813E-001 -0.17677312E-001  0.73921372E-002  0.10062082E+001  0.23339124E+001  0.44474402E+001  0.62508572E+001
 -0.73593280E+000 -0.57338770E+000 -0.33057743E+000 -0.14034267E+000 -0.71058814E-001 -0.17677313E-001  0.73921377E-002  0.10062083E+001  0.23339125E+001  0.44474403E+001  0.62508573E+001
 -0.73593281E+000 -0.57338771E+000 -0.33057744E+000 -0.14034268E+000 -0.71058816E-001 -0.17677315E-001  0.73921381E-002  0.10062084E+001  0.23339126E+001  0.44474405E+001  0.62508574E+001
 -0.73593283E+000 -0.57338772E+000 -0.33057746E+000 -0.14034270E+000 -0.71058817E-001 -0.17677316E-001  0.73921386E-002  0.10062084E+001  0.23339127E+001  0.44474406E+001  0.62508576E+001
 -0.73593284E+000 -0.57338773E+000 -0.33057747E+000 -0.14034271E+000 -0.71058818E-001 -0.17677317E-001  0.73921390E-002  0.10062085E+001  0.23339128E+001  0.44474407E+001  0.62508577E+001
 -0.73593285E+000 -0.57338775E+000 -0.33057749E+000 -0.14034273E+000 -0.71058819E-001 -0.17677319E-001  0.73921394E-002  0.10062086E+001  0.23339129E+001  0.44474408E+001  0.62508578E+001
 -0.73593286E+000 -0.57338776E+000 -0.33057750E+000 -0.14034274E+000 -0.71058821E-001 -0.17677320E-001  0.73921398E-002  0.10062086E+001  0.23339130E+001  0.44474409E+001  0.62508579E+001
 -0.73593287E+000 -0.57338777E+000 -0.33057752E+000 -0.14034275E+000 -0.71058822E-001 -0.17677321E-001  0.73921402E-002  0.10062087E+001  0.23339130E+001  0.44474410E+001  0.62508581E+001
 -0.73593288E+000 -0.57338778E+000 -0.33057753E+000 -0.14034276E+000 -0.71058823E-001 -0.17677322E-001  0.73921405E-002  0.10062088E+001  0.23339131E+001  0.44474411E+001  0.62508582E+001
 -0.73593289E+000 -0.57338779E+000 -0.33057754E+000 -0.14034278E+000 -0.71058824E-001 -0.17677323E-001  0.73921409E-002  0.10062088E+001  0.23339132E+001  0.44474412E+001  0.62508583E+001
 -0.73593290E+000 -0.57338780E+000 -0.33057756E+000 -0.14034279E+000 -0.71058825E-001 -0.17677325E-001  0.73921412E-002  0.10062089E+001  0.23339133E+001  0.44474413E+001  0.62508584E+001
 -0.73593291E+000 -0.57338781E+000 -0.33057757E+000 -0.14034280E+000 -0.71058826E-001 -0.17677326E-001  0.73921416E-002  0.10062089E+001  0.23339133E+001  0.44474414E+001  0.62508585E+001
 -0.73593292E+000 -0.57338782E+000 -0.33057758E+000 -0.14034281E+000 -0.71058827E-001 -0.17677327E-001  0.73921419E-002  0.10062090E+001  0.23339134E+001  0.44474415E+001  0.62508586E+001
 -0.73593293E+000 -0.57338782E+000 -0.33057759E+000 -0.14034282E+000 -0.71058828E-001 -0.17677328E-001  0.73921422E-002  0.10062090E+001  0.23339135E+001  0.44474415E+001  0.62508587E+001
 -0.73593294E+000 -0.57338783E+000 -0.33057760E+000 -0.14034283E+000 -0.71058829E-001 -0.17677329E-001  0.73921425E-002  0.10062091E+001  0.23339136E+001  0.44474416E+001  0.62508588E+001
 -0.73593295E+000 -0.57338784E+000 -0.33057761E+000 -0.14034284E+000 -0.71058830E-001 -0.17677330E-001  0.73921428E-002  0.10062091E+001  0.23339136E+001  0.44474417E+001  0.62508589E+001
 -0.73593295E+000 -0.57338785E+000 -0.33057762E+000 -0.14034285E+000 -0.71058831E-001 -0.17677331E-001  0.73921431E-002  0.10062092E+001  0.23339137E+001  0.44474418E+001  0.62508590E+001
 -0.73593296E+000 -0.57338786E+000 -0.33057763E+000 -0.14034286E+000 -0.71058832E-001 -0.17677332E-001  0.73921434E-002  0.10062092E+001  0.23339137E+001  0.44474418E+001  0.62508590E+001
 -0.73593297E+000 -0.57338786E+000 -0.33057764E+000 -0.14034287E+000 -0.71058832E-001 -0.17677333E-001  0.73921437E-002  0.10062093E+001  0.23339138E+001  0.44474419E+001  0.62508591E+001
 -0.73593298E+000 -0.57338787E+000 -0.33057765E+000 -0.14034287E+000 -0.71058833E-001 -0.17677334E-001  0.73921439E-002  0.10062093E+001  0.23339139E+001  0.44474420E+001  0.62508592E+001
 -0.73593298E+000 -0.57338788E+000 -0.33057766E+000 -0.14034288E+000 -0.71058834E-001 -0.17677335E-001  0.73921442E-002  0.10062094E+001  0.23339139E+001  0.44474420E+001  0.62508593E+001
 -0.73593299E+000 -0.57338788E+000 -0.33057767E+000 -0.14034289E+000 -0.71058835E-001 -0.17677336E-001  0.73921444E-002  0.10062094E+001  0.23339140E+001  0.44474421E+001  0.62508593E+001
 -0.73593299E+000 -0.57338789E+000 -0.33057768E+000 -0.14034290E+000 -0.71058835E-001 -0.17677336E-001  0.73921447E-002  0.10062095E+001  0.23339140E+001  0.44474422E+001  0.62508594E+001
 -0.73593300E+000 -0.57338790E+000 -0.33057768E+000 -0.14034291E+000 -0.71058836E-001 -0.17677337E-001  0.73921449E-002  0.10062095E+001  0.23339141E+001  0.44474422E+001  0.62508595E+001
 -0.73593301E+000 -0.57338790E+000 -0.33057769E+000 -0.14034291E+000 -0.71058837E-001 -0.17677338E-001  0.73921451E-002  0.10062095E+001  0.23339141E+001  0.44474423E+001  0.62508596E+001
 -0.73593301E+000 -0.57338791E+000 -0.33057770E+000 -0.14034292E+000 -0.71058838E-001 -0.17677339E-001  0.73921453E-002  0.10062096E+001  0.23339142E+001  0.44474423E+001  0.62508596E+001
 -0.73593302E+000 -0.57338791E+000 -0.33057771E+000 -0.14034293E+000 -0.71058838E-001 -0.17677340E-001  0.73921455E-002  0.10062096E+001  0.23339142E+001  0.44474424E+001  0.62508597E+001
 -0.73593302E+000 -0.57338792E+000 -0.33057771E+000 -0.14034293E+000 -0.71058839E-001 -0.17677341E-001  0.73921457E-002  0.10062096E+001  0.23339143E+001  0.44474424E+001  0.62508597E+001
 -0.73593303E+000 -0.57338792E+000 -0.33057772E+000 -0.14034294E+000 -0.71058839E-001 -0.17677341E-001  0.73921459E-002  0.10062097E+001  0.23339143E+001  0.44474425E+001  0.62508598E+001
 -0.73593303E+000 -0.57338793E+000 -0.33057773E+000 -0.14034294E+000 -0.71058840E-001 -0.17677342E-001  0.73921461E-002  0.10062097E+001  0.23339143E+001  0.44474425E+001  0.62508599E+001
 -0.73593304E+000 -0.57338793E+000 -0.33057773E+000 -0.14034295E+000 -0.71058841E-001 -0.17677343E-001  0.73921463E-002  0.10062097E+001  0.23339144E+001  0.44474426E+001  0.62508599E+001
 -0.73593304E+000 -0.57338794E+000 -0.33057774E+000 -0.14034295E+000 -0.71058841E-001 -0.17677343E-001  0.73921465E-002  0.10062097E+001  0.23339144E+001  0.44474426E+001  0.62508600E+001
 -0.73593305E+000 -0.57338794E+000 -0.33057774E+000 -0.14034296E+000 -0.71058842E-001 -0.17677344E-001  0.73921466E-002  0.10062098E+001  0.23339144E+001  0.44474427E+001  0.62508600E+001
 -0.73593305E+000 -0.57338794E+000 -0.33057775E+000 -0.14034296E+000 -0.71058842E-001 -0.17677345E-001  0.73921468E-002  0.10062098E+001  0.23339145E+001  0.44474427E+001  0.62508601E+001
 -0.73593305E+000 -0.57338795E+000 -0.33057775E+000 -0.14034297E+000 -0.71058843E-001 -0.17677345E-001  0.73921469E-002  0.10062098E+001  0.23339145E+001  0.44474428E+001  0.62508601E+001
 -0.73593306E+000 -0.57338795E+000 -0.33057776E+000 -0.14034297E+000 -0.71058843E-001 -0.17677346E-001  0.73921471E-002  0.10062099E+001  0.23339145E+001  0.44474428E+001  0.62508601E+001
 -0.73593306E+000 -0.57338796E+000 -0.33057776E+000 -0.14034298E+000 -0.71058844E-001 -0.17677347E-001  0.73921472E-002  0.10062099E+001  0.23339146E+001  0.44474428E+001  0.62508602E+001
 -0.73593306E+000 -0.57338796E+000 -0.33057777E+000 -0.14034298E+000 -0.71058844E-001 -0.17677347E-001  0.73921474E-002  0.10062099E+001  0.23339146E+001  0.44474429E+001  0.62508602E+001
 -0.73593307E+000 -0.57338796E+000 -0.33057777E+000 -0.14034299E+000 -0.71058845E-001 -0.17677348E-001  0.73921475E-002  0.10062099E+001  0.23339146E+001  0.44474429E+001  0.62508603E+001
 -0.73593307E+000 -0.57338797E+000 -0.33057778E+000 -0.14034299E+000 -0.71058845E-001 -0.17677349E-001  0.73921476E-002  0.10062099E+001  0.23339147E+001  0.44474429E+001  0.62508603E+001
 -0.73593307E+000 -0.57338797E+000 -0.33057778E+000 -0.14034300E+000 -0.71058845E-001 -0.17677349E-001  0.73921478E-002  0.10062100E+001  0.23339147E+001  0.44474430E+001  0.62508603E+001
 -0.73593308E+000 -0.57338797E+000 -0.33057778E+000 -0.14034300E+000 -0.71058846E-001 -0.17677350E-001  0.73921479E-002  0.10062100E+001  0.23339147E+001  0.44474430E+001  0.62508604E+001
 -0.73593308E+000 -0.57338797E+000 -0.33057779E+000 -0.14034300E+000 -0.71058846E-001 -0.17677350E-001  0.73921480E-002  0.10062100E+001  0.23339147E+001  0.44474430E+001  0.62508604E+001
 -0.73593308E+000 -0.57338798E+000 -0.33057779E+000 -0.14034301E+000 -0.71058847E-001 -0.17677351E-001  0.73921481E-002  0.10062100E+001  0.23339148E+001  0.44474431E+001  0.62508604E+001
 -0.73593309E+000 -0.57338798E+000 -0.33057780E+000 -0.14034301E+000 -0.71058847E-001 -0.17677351E-001  0.73921482E-002  0.10062100E+001  0.23339148E+001  0.44474431E+001  0.62508605E+001
 -0.73593309E+000 -0.57338798E+000 -0.33057780E+000 -0.14034301E+000 -0.71058847E-001 -0.17677352E-001  0.73921483E-002  0.10062101E+001  0.23339148E+001  0.44474431E+001  0.62508605E+001
 -0.73593309E+000 -0.57338799E+000 -0.33057780E+000 -0.14034302E+000 -0.71058848E-001 -0.17677352E-001  0.73921484E-002  0.10062101E+001  0.23339148E+001  0.44474431E+001  0.62508605E+001
 -0.73593309E+000 -0.57338799E+000 -0.33057780E+000 -0.14034302E+000 -0.71058848E-001 -0.17677353E-001  0.73921485E-002  0.10062101E+001  0.23339149E+001  0.44474432E+001  0.62508606E+001
 -0.73593309E+000 -0.57338799E+000 -0.33057781E+000 -0.14034302E+000 -0.71058848E-001 -0.17677353E-001  0.73921486E-002  0.10062101E+001  0.23339149E+001  0.44474432E+001  0.62508606E+001
 -0.73593310E+000 -0.57338799E+000 -0.33057781E+000 -0.14034302E+000 -0.71058849E-001 -0.17677354E-001  0.73921487E-002  0.10062101E+001  0.23339149E+001  0.44474432E+001  0.62508606E+001
 -0.73593310E+000 -0.57338799E+000 -0.33057781E+000 -0.14034303E+000 -0.71058849E-001 -0.17677354E-001  0.73921488E-002  0.10062101E+001  0.23339149E+001  0.44474432E+001  0.62508607E+001
 -0.73593310E+000 -0.57338800E+000 -0.33057782E+000 -0.14034303E+000 -0.71058849E-001 -0.17677355E-001  0.73921489E-002  0.10062101E+001  0.23339149E+001  0.44474432E+001  0.62508607E+001
 -0.73593310E+000 -0.57338800E+000 -0.33057782E+000 -0.14034303E+000 -0.71058850E-001 -0.17677355E-001  0.73921489E-002  0.10062102E+001  0.23339149E+001  0.44474433E+001  0.62508607E+001
 -0.73593310E+000 -0.57338800E+000 -0.33057782E+000 -0.14034303E+000 -0.71058850E-001 -0.17677355E-001  0.73921490E-002  0.10062102E+001  0.23339150E+001  0.44474433E+001  0.62508607E+001
 -0.73593311E+000 -0.57338800E+000 -0.33057782E+000 -0.14034304E+000 -0.71058850E-001 -0.17677356E-001  0.73921491E-002  0.10062102E+001  0.23339150E+001  0.44474433E+001  0.62508607E+001
 -0.73593311E+000 -0.57338800E+000 -0.33057783E+000 -0.14034304E+000 -0.71058850E-001 -0.17677356E-001  0.73921492E-002  0.10062102E+001  0.23339150E+001  0.44474433E+001  0.62508608E+001
 -0.73593311E+000 -0.57338800E+000 -0.33057783E+000 -0.14034304E+000 -0.71058851E-001 -0.17677357E-001  0.73921492E-002  0.10062102E+001  0.23339150E+001  0.44474433E+001  0.62508608E+001
 -0.73593311E+000 -0.57338801E+000 -0.33057783E+000 -0.14034304E+000 -0.71058851E-001 -0.17677357E-001  0.73921493E-002  0.10062102E+001  0.23339150E+001  0.44474434E+001  0.62508608E+001
 -0.73593311E+000 -0.57338801E+000 -0.33057783E+000 -0.14034304E+000 -0.71058851E-001 -0.17677357E-001  0.73921493E-002  0.10062102E+001  0.23339150E+001  0.44474434E+001  0.62508608E+001
 -0.73593311E+000 -0.57338801E+000 -0.33057784E+000 -0.14034305E+000 -0.71058851E-001 -0.17677358E-001  0.73921494E-002  0.10062102E+001  0.23339151E+001  0.44474434E+001  0.62508609E+001
 -0.73593312E+000 -0.57338801E+000 -0.33057784E+000 -0.14034305E+000 -0.71058852E-001 -0.17677358E-001  0.73921495E-002  0.10062103E+001  0.23339151E+001  0.44474434E+001  0.62508609E+001
 -0.73593312E+000 -0.57338801E+000 -0.33057784E+000 -0.14034305E+000 -0.71058852E-001 -0.17677358E-001  0.73921495E-002  0.10062103E+001  0.23339151E+001  0.44474434E+001  0.62508609E+001
 -0.73593312E+000 -0.57338802E+000 -0.33057785E+000 -0.14034305E+000 -0.71058852E-001 -0.17677359E-001  0.73921496E-002  0.10062103E+001  0.23339151E+001  0.44474434E+001  0.62508609E+001
 -0.73593313E+000 -0.57338802E+000 -0.33057785E+000 -0.14034306E+000 -0.71058853E-001 -0.17677359E-001  0.73921496E-002  0.10062103E+001  0.23339151E+001  0.44474434E+001  0.62508609E+001
 -0.73593313E+000 -0.57338803E+000 -0.33057787E+000 -0.14034307E+000 -0.71058853E-001 -0.17677361E-001  0.73921494E-002  0.10062103E+001  0.23339151E+001  0.44474434E+001  0.62508609E+001
 -0.73593314E+000 -0.57338804E+000 -0.33057788E+000 -0.14034308E+000 -0.71058854E-001 -0.17677362E-001  0.73921493E-002  0.10062103E+001  0.23339151E+001  0.44474434E+001  0.62508609E+001
