 -0.71431713E+000 -0.54962861E+000 -0.29638051E+000 -0.10021244E+000 -0.51961741E-001  0.42124886E+000  0.10698619E+002  0.39666931E+002  0.68329002E+002  0.11287910E+003  0.13946459E+003
 -0.71420360E+000 -0.54952359E+000 -0.29628026E+000 -0.10009751E+000 -0.51946269E-001  0.42127168E+000  0.10698719E+002  0.39666956E+002  0.68329091E+002  0.11287911E+003  0.13946459E+003
 -0.71410996E+000 -0.54943647E+000 -0.29619720E+000 -0.10000294E+000 -0.51933552E-001  0.42129032E+000  0.10698808E+002  0.39666957E+002  0.68329095E+002  0.11287912E+003  0.13946459E+003
 -0.71403638E+000 -0.54936715E+000 -0.29613035E+000 -0.99992873E-001 -0.51923176E-001  0.42130513E+000  0.10698885E+002  0.39666955E+002  0.68329089E+002  0.11287912E+003  0.13946459E+003
 -0.71398085E+000 -0.54931358E+000 -0.29607737E+000 -0.99986973E-001 -0.51915697E-001  0.42131667E+000  0.10698950E+002  0.39666953E+002  0.68329082E+002  0.11287912E+003  0.13946459E+003
 -0.71394088E+000 -0.54927343E+000 -0.29603605E+000 -0.99982365E-001 -0.51910556E-001  0.42132549E+000  0.10699003E+002  0.39666951E+002  0.68329075E+002  0.11287912E+003  0.13946459E+003
 -0.71391391E+000 -0.54924446E+000 -0.29600450E+000 -0.99978852E-001 -0.51907263E-001  0.42133203E+000  0.10699048E+002  0.39666950E+002  0.68329069E+002  0.11287912E+003  0.13946459E+003
 -0.71389753E+000 -0.54922470E+000 -0.29598111E+000 -0.99976263E-001 -0.51905422E-001  0.42133669E+000  0.10699085E+002  0.39666948E+002  0.68329064E+002  0.11287913E+003  0.13946459E+003
 -0.71388961E+000 -0.54921244E+000 -0.29596451E+000 -0.99974451E-001 -0.51904711E-001  0.42133980E+000  0.10699116E+002  0.39666947E+002  0.68329060E+002  0.11287913E+003  0.13946459E+003
 -0.71388831E+000 -0.54920622E+000 -0.29595354E+000 -0.99973286E-001 -0.51904868E-001  0.42134165E+000  0.10699141E+002  0.39666946E+002  0.68329056E+002  0.11287913E+003  0.13946459E+003
 -0.71389206E+000 -0.54920482E+000 -0.29594722E+000 -0.99972659E-001 -0.51905683E-001  0.42134246E+000  0.10699162E+002  0.39666945E+002  0.68329053E+002  0.11287913E+003  0.13946459E+003
 -0.71389962E+000 -0.54920722E+000 -0.29594473E+000 -0.99972475E-001 -0.51906984E-001  0.42134243E+000  0.10699178E+002  0.39666944E+002  0.68329050E+002  0.11287913E+003  0.13946459E+003
 -0.71390993E+000 -0.54921256E+000 -0.29594535E+000 -0.99972653E-001 -0.51908635E-001  0.42134174E+000  0.10699191E+002  0.39666943E+002  0.68329048E+002  0.11287913E+003  0.13946459E+003
 -0.71392219E+000 -0.54922014E+000 -0.29594850E+000 -0.99973127E-001 -0.51910529E-001  0.42134053E+000  0.10699202E+002  0.39666942E+002  0.68329046E+002  0.11287913E+003  0.13946459E+003
 -0.71393572E+000 -0.54922940E+000 -0.29595367E+000 -0.99973838E-001 -0.51912580E-001  0.42133890E+000  0.10699210E+002  0.39666942E+002  0.68329044E+002  0.11287913E+003  0.13946459E+003
 -0.71395001E+000 -0.54923986E+000 -0.29596046E+000 -0.99974738E-001 -0.51914722E-001  0.42133696E+000  0.10699216E+002  0.39666942E+002  0.68329043E+002  0.11287913E+003  0.13946459E+003
 -0.71396467E+000 -0.54925113E+000 -0.29596850E+000 -0.99975787E-001 -0.51916902E-001  0.42133478E+000  0.10699221E+002  0.39666941E+002  0.68329042E+002  0.11287913E+003  0.13946459E+003
 -0.71397939E+000 -0.54926292E+000 -0.29597753E+000 -0.99976951E-001 -0.51919082E-001  0.42133243E+000  0.10699225E+002  0.39666941E+002  0.68329041E+002  0.11287913E+003  0.13946459E+003
 -0.71399395E+000 -0.54927500E+000 -0.29598729E+000 -0.99978203E-001 -0.51921233E-001  0.42132995E+000  0.10699227E+002  0.39666941E+002  0.68329040E+002  0.11287913E+003  0.13946459E+003
 -0.71400821E+000 -0.54928717E+000 -0.29599762E+000 -0.99979521E-001 -0.51923337E-001  0.42132739E+000  0.10699228E+002  0.39666941E+002  0.68329040E+002  0.11287913E+003  0.13946459E+003
 -0.71402204E+000 -0.54929931E+000 -0.29600835E+000 -0.99980885E-001 -0.51925377E-001  0.42132479E+000  0.10699228E+002  0.39666940E+002  0.68329039E+002  0.11287913E+003  0.13946459E+003
 -0.71403537E+000 -0.54931129E+000 -0.29601936E+000 -0.99982280E-001 -0.51927345E-001  0.42132216E+000  0.10699228E+002  0.39666940E+002  0.68329039E+002  0.11287913E+003  0.13946459E+003
 -0.71404816E+000 -0.54932305E+000 -0.29603053E+000 -0.99983694E-001 -0.51929232E-001  0.42131953E+000  0.10699227E+002  0.39666940E+002  0.68329038E+002  0.11287913E+003  0.13946459E+003
 -0.71406038E+000 -0.54933452E+000 -0.29604178E+000 -0.99985114E-001 -0.51931036E-001  0.42131692E+000  0.10699226E+002  0.39666940E+002  0.68329038E+002  0.11287913E+003  0.13946459E+003
 -0.71407202E+000 -0.54934565E+000 -0.29605306E+000 -0.99986533E-001 -0.51932754E-001  0.42131434E+000  0.10699224E+002  0.39666940E+002  0.68329038E+002  0.11287913E+003  0.13946459E+003
 -0.71408309E+000 -0.54935643E+000 -0.29606429E+000 -0.99987941E-001 -0.51934386E-001  0.42131181E+000  0.10699222E+002  0.39666940E+002  0.68329038E+002  0.11287913E+003  0.13946459E+003
 -0.71409360E+000 -0.54936685E+000 -0.29607543E+000 -0.99989335E-001 -0.51935933E-001  0.42130933E+000  0.10699220E+002  0.39666940E+002  0.68329038E+002  0.11287913E+003  0.13946459E+003
 -0.71410358E+000 -0.54937688E+000 -0.29608646E+000 -0.99990707E-001 -0.51937397E-001  0.42130691E+000  0.10699217E+002  0.39666940E+002  0.68329038E+002  0.11287913E+003  0.13946459E+003
 -0.71411304E+000 -0.54938655E+000 -0.29609734E+000 -0.99992054E-001 -0.51938782E-001  0.42130456E+000  0.10699215E+002  0.39666940E+002  0.68329038E+002  0.11287913E+003  0.13946459E+003
 -0.71412201E+000 -0.54939586E+000 -0.29610806E+000 -0.99993372E-001 -0.51940089E-001  0.42130227E+000  0.10699211E+002  0.39666940E+002  0.68329038E+002  0.11287913E+003  0.13946459E+003
 -0.71413054E+000 -0.54940481E+000 -0.29611861E+000 -0.99994659E-001 -0.51941323E-001  0.42130006E+000  0.10699208E+002  0.39666940E+002  0.68329038E+002  0.11287913E+003  0.13946459E+003
 -0.71413864E+000 -0.54941344E+000 -0.29612896E+000 -0.99995913E-001 -0.51942488E-001  0.42129793E+000  0.10699205E+002  0.39666940E+002  0.68329038E+002  0.11287913E+003  0.13946459E+003
 -0.71414635E+000 -0.54942175E+000 -0.29613913E+000 -0.99997131E-001 -0.51943587E-001  0.42129588E+000  0.10699201E+002  0.39666940E+002  0.68329038E+002  0.11287913E+003  0.13946459E+003
 -0.71415370E+000 -0.54942976E+000 -0.29614910E+000 -0.99998313E-001 -0.51944624E-001  0.42129390E+000  0.10699197E+002  0.39666940E+002  0.68329038E+002  0.11287913E+003  0.13946459E+003
 -0.71416073E+000 -0.54943750E+000 -0.29615887E+000 -0.99999457E-001 -0.51945604E-001  0.42129201E+000  0.10699194E+002  0.39666940E+002  0.68329038E+002  0.11287913E+003  0.13946459E+003
 -0.71416744E+000 -0.54944498E+000 -0.29616844E+000 -0.10000581E+000 -0.51946528E-001  0.42129019E+000  0.10699190E+002  0.39666940E+002  0.68329038E+002  0.11287913E+003  0.13946459E+003
 -0.71417388E+000 -0.54945222E+000 -0.29617782E+000 -0.10001683E+000 -0.51947402E-001  0.42128846E+000  0.10699185E+002  0.39666940E+002  0.68329038E+002  0.11287913E+003  0.13946459E+003
 -0.71418007E+000 -0.54945925E+000 -0.29618700E+000 -0.10002747E+000 -0.51948228E-001  0.42128680E+000  0.10699181E+002  0.39666940E+002  0.68329038E+002  0.11287913E+003  0.13946459E+003
 -0.71418602E+000 -0.54946608E+000 -0.29619598E+000 -0.10003770E+000 -0.51949010E-001  0.42128522E+000  0.10699177E+002  0.39666940E+002  0.68329038E+002  0.11287913E+003  0.13946459E+003
 -0.71419176E+000 -0.54947271E+000 -0.29620476E+000 -0.10004755E+000 -0.51949749E-001  0.42128372E+000  0.10699172E+002  0.39666940E+002  0.68329038E+002  0.11287913E+003  0.13946459E+003
 -0.71419729E+000 -0.54947918E+000 -0.29621335E+000 -0.10005700E+000 -0.51950450E-001  0.42128229E+000  0.10699168E+002  0.39666940E+002  0.68329039E+002  0.11287914E+003  0.13946459E+003
 -0.71420265E+000 -0.54948548E+000 -0.29622173E+000 -0.10006607E+000 -0.51951113E-001  0.42128094E+000  0.10699163E+002  0.39666940E+002  0.68329039E+002  0.11287914E+003  0.13946459E+003
 -0.71420783E+000 -0.54949163E+000 -0.29622991E+000 -0.10007477E+000 -0.51951740E-001  0.42127966E+000  0.10699158E+002  0.39666940E+002  0.68329039E+002  0.11287914E+003  0.13946459E+003
 -0.71421285E+000 -0.54949764E+000 -0.29623788E+000 -0.10008309E+000 -0.51952335E-001  0.42127845E+000  0.10699153E+002  0.39666940E+002  0.68329039E+002  0.11287914E+003  0.13946459E+003
 -0.71421771E+000 -0.54950351E+000 -0.29624564E+000 -0.10009104E+000 -0.51952898E-001  0.42127732E+000  0.10699148E+002  0.39666940E+002  0.68329039E+002  0.11287914E+003  0.13946459E+003
 -0.71422243E+000 -0.54950925E+000 -0.29625318E+000 -0.10009863E+000 -0.51953430E-001  0.42127624E+000  0.10699143E+002  0.39666940E+002  0.68329039E+002  0.11287914E+003  0.13946459E+003
 -0.71422700E+000 -0.54951486E+000 -0.29626050E+000 -0.10010586E+000 -0.51953934E-001  0.42127524E+000  0.10699138E+002  0.39666940E+002  0.68329039E+002  0.11287914E+003  0.13946459E+003
 -0.71423144E+000 -0.54952034E+000 -0.29626758E+000 -0.10011275E+000 -0.51954410E-001  0.42127429E+000  0.10699132E+002  0.39666940E+002  0.68329039E+002  0.11287914E+003  0.13946459E+003
 -0.71423575E+000 -0.54952570E+000 -0.29627443E+000 -0.10011931E+000 -0.51954859E-001  0.42127340E+000  0.10699127E+002  0.39666940E+002  0.68329039E+002  0.11287914E+003  0.13946459E+003
 -0.71423993E+000 -0.54953093E+000 -0.29628104E+000 -0.10012552E+000 -0.51955283E-001  0.42127257E+000  0.10699122E+002  0.39666940E+002  0.68329039E+002  0.11287914E+003  0.13946459E+003
 -0.71424398E+000 -0.54953603E+000 -0.29628740E+000 -0.10013142E+000 -0.51955683E-001  0.42127180E+000  0.10699116E+002  0.39666940E+002  0.68329039E+002  0.11287914E+003  0.13946459E+003
 -0.71424790E+000 -0.54954101E+000 -0.29629351E+000 -0.10013700E+000 -0.51956059E-001  0.42127107E+000  0.10699111E+002  0.39666940E+002  0.68329039E+002  0.11287914E+003  0.13946459E+003
 -0.71425169E+000 -0.54954585E+000 -0.29629936E+000 -0.10014227E+000 -0.51956413E-001  0.42127040E+000  0.10699105E+002  0.39666940E+002  0.68329039E+002  0.11287914E+003  0.13946459E+003
 -0.71425537E+000 -0.54955055E+000 -0.29630496E+000 -0.10014724E+000 -0.51956746E-001  0.42126976E+000  0.10699099E+002  0.39666940E+002  0.68329039E+002  0.11287914E+003  0.13946459E+003
 -0.71425891E+000 -0.54955512E+000 -0.29631029E+000 -0.10015193E+000 -0.51957058E-001  0.42126917E+000  0.10699094E+002  0.39666940E+002  0.68329039E+002  0.11287914E+003  0.13946459E+003
 -0.71426234E+000 -0.54955954E+000 -0.29631536E+000 -0.10015634E+000 -0.51957351E-001  0.42126861E+000  0.10699088E+002  0.39666940E+002  0.68329039E+002  0.11287914E+003  0.13946459E+003
 -0.71426564E+000 -0.54956382E+000 -0.29632017E+000 -0.10016048E+000 -0.51957625E-001  0.42126809E+000  0.10699082E+002  0.39666940E+002  0.68329039E+002  0.11287914E+003  0.13946459E+003
 -0.71426881E+000 -0.54956794E+000 -0.29632472E+000 -0.10016437E+000 -0.51957882E-001  0.42126760E+000  0.10699076E+002  0.39666940E+002  0.68329039E+002  0.11287914E+003  0.13946459E+003
 -0.71427187E+000 -0.54957191E+000 -0.29632901E+000 -0.10016800E+000 -0.51958122E-001  0.42126714E+000  0.10699071E+002  0.39666940E+002  0.68329040E+002  0.11287914E+003  0.13946459E+003
 -0.71427479E+000 -0.54957573E+000 -0.29633305E+000 -0.10017140E+000 -0.51958347E-001  0.42126671E+000  0.10699065E+002  0.39666940E+002  0.68329040E+002  0.11287914E+003  0.13946459E+003
 -0.71427759E+000 -0.54957938E+000 -0.29633683E+000 -0.10017457E+000 -0.51958556E-001  0.42126629E+000  0.10699059E+002  0.39666940E+002  0.68329040E+002  0.11287914E+003  0.13946459E+003
 -0.71428027E+000 -0.54958287E+000 -0.29634038E+000 -0.10017753E+000 -0.51958752E-001  0.42126590E+000  0.10699053E+002  0.39666940E+002  0.68329040E+002  0.11287914E+003  0.13946459E+003
 -0.71428282E+000 -0.54958620E+000 -0.29634368E+000 -0.10018028E+000 -0.51958935E-001  0.42126552E+000  0.10699047E+002  0.39666940E+002  0.68329040E+002  0.11287914E+003  0.13946459E+003
 -0.71428525E+000 -0.54958936E+000 -0.29634676E+000 -0.10018283E+000 -0.51959105E-001  0.42126516E+000  0.10699041E+002  0.39666940E+002  0.68329040E+002  0.11287914E+003  0.13946459E+003
 -0.71428756E+000 -0.54959235E+000 -0.29634962E+000 -0.10018520E+000 -0.51959264E-001  0.42126482E+000  0.10699034E+002  0.39666940E+002  0.68329040E+002  0.11287914E+003  0.13946459E+003
 -0.71428975E+000 -0.54959518E+000 -0.29635227E+000 -0.10018740E+000 -0.51959412E-001  0.42126448E+000  0.10699028E+002  0.39666940E+002  0.68329040E+002  0.11287914E+003  0.13946459E+003
 -0.71429182E+000 -0.54959785E+000 -0.29635473E+000 -0.10018943E+000 -0.51959550E-001  0.42126415E+000  0.10699022E+002  0.39666940E+002  0.68329040E+002  0.11287914E+003  0.13946459E+003
 -0.71429376E+000 -0.54960036E+000 -0.29635699E+000 -0.10019131E+000 -0.51959679E-001  0.42126384E+000  0.10699016E+002  0.39666940E+002  0.68329040E+002  0.11287914E+003  0.13946459E+003
 -0.71429560E+000 -0.54960270E+000 -0.29635907E+000 -0.10019304E+000 -0.51959799E-001  0.42126353E+000  0.10699009E+002  0.39666940E+002  0.68329040E+002  0.11287914E+003  0.13946459E+003
 -0.71429731E+000 -0.54960489E+000 -0.29636098E+000 -0.10019464E+000 -0.51959910E-001  0.42126322E+000  0.10699003E+002  0.39666940E+002  0.68329039E+002  0.11287914E+003  0.13946459E+003
 -0.71429892E+000 -0.54960693E+000 -0.29636273E+000 -0.10019610E+000 -0.51960014E-001  0.42126292E+000  0.10698997E+002  0.39666940E+002  0.68329039E+002  0.11287914E+003  0.13946459E+003
 -0.71430041E+000 -0.54960881E+000 -0.29636433E+000 -0.10019744E+000 -0.51960110E-001  0.42126263E+000  0.10698990E+002  0.39666940E+002  0.68329039E+002  0.11287914E+003  0.13946459E+003
 -0.71430180E+000 -0.54961056E+000 -0.29636579E+000 -0.10019867E+000 -0.51960199E-001  0.42126234E+000  0.10698984E+002  0.39666940E+002  0.68329039E+002  0.11287914E+003  0.13946459E+003
 -0.71430309E+000 -0.54961217E+000 -0.29636712E+000 -0.10019980E+000 -0.51960282E-001  0.42126206E+000  0.10698977E+002  0.39666940E+002  0.68329039E+002  0.11287914E+003  0.13946459E+003
 -0.71430428E+000 -0.54961364E+000 -0.29636832E+000 -0.10020082E+000 -0.51960359E-001  0.42126178E+000  0.10698971E+002  0.39666940E+002  0.68329039E+002  0.11287914E+003  0.13946459E+003
 -0.71430537E+000 -0.54961500E+000 -0.29636942E+000 -0.10020175E+000 -0.51960430E-001  0.42126150E+000  0.10698964E+002  0.39666940E+002  0.68329039E+002  0.11287914E+003  0.13946459E+003
 -0.71430638E+000 -0.54961623E+000 -0.29637041E+000 -0.10020260E+000 -0.51960496E-001  0.42126123E+000  0.10698958E+002  0.39666939E+002  0.68329039E+002  0.11287914E+003  0.13946459E+003
 -0.71430730E+000 -0.54961736E+000 -0.29637131E+000 -0.10020338E+000 -0.51960558E-001  0.42126095E+000  0.10698951E+002  0.39666939E+002  0.68329039E+002  0.11287914E+003  0.13946459E+003
 -0.71430814E+000 -0.54961838E+000 -0.29637211E+000 -0.10020408E+000 -0.51960615E-001  0.42126068E+000  0.10698945E+002  0.39666939E+002  0.68329039E+002  0.11287914E+003  0.13946459E+003
 -0.71430891E+000 -0.54961931E+000 -0.29637284E+000 -0.10020471E+000 -0.51960668E-001  0.42126042E+000  0.10698938E+002  0.39666939E+002  0.68329039E+002  0.11287914E+003  0.13946459E+003
 -0.71430961E+000 -0.54962015E+000 -0.29637350E+000 -0.10020529E+000 -0.51960717E-001  0.42126015E+000  0.10698932E+002  0.39666939E+002  0.68329039E+002  0.11287914E+003  0.13946459E+003
 -0.71431024E+000 -0.54962090E+000 -0.29637409E+000 -0.10020581E+000 -0.51960763E-001  0.42125989E+000  0.10698925E+002  0.39666939E+002  0.68329038E+002  0.11287914E+003  0.13946459E+003
 -0.71431081E+000 -0.54962159E+000 -0.29637462E+000 -0.10020628E+000 -0.51960806E-001  0.42125963E+000  0.10698919E+002  0.39666939E+002  0.68329038E+002  0.11287914E+003  0.13946459E+003
 -0.71431133E+000 -0.54962220E+000 -0.29637510E+000 -0.10020670E+000 -0.51960846E-001  0.42125937E+000  0.10698912E+002  0.39666939E+002  0.68329038E+002  0.11287914E+003  0.13946459E+003
 -0.71431180E+000 -0.54962275E+000 -0.29637553E+000 -0.10020709E+000 -0.51960883E-001  0.42125912E+000  0.10698906E+002  0.39666939E+002  0.68329038E+002  0.11287914E+003  0.13946459E+003
 -0.71431222E+000 -0.54962324E+000 -0.29637592E+000 -0.10020744E+000 -0.51960918E-001  0.42125887E+000  0.10698899E+002  0.39666939E+002  0.68329038E+002  0.11287914E+003  0.13946459E+003
 -0.71431260E+000 -0.54962369E+000 -0.29637627E+000 -0.10020776E+000 -0.51960951E-001  0.42125862E+000  0.10698893E+002  0.39666939E+002  0.68329038E+002  0.11287914E+003  0.13946459E+003
 -0.71431295E+000 -0.54962408E+000 -0.29637658E+000 -0.10020805E+000 -0.51960982E-001  0.42125837E+000  0.10698887E+002  0.39666939E+002  0.68329037E+002  0.11287914E+003  0.13946459E+003
 -0.71431326E+000 -0.54962444E+000 -0.29637686E+000 -0.10020831E+000 -0.51961012E-001  0.42125812E+000  0.10698880E+002  0.39666939E+002  0.68329037E+002  0.11287914E+003  0.13946459E+003
 -0.71431353E+000 -0.54962476E+000 -0.29637712E+000 -0.10020855E+000 -0.51961039E-001  0.42125788E+000  0.10698874E+002  0.39666939E+002  0.68329037E+002  0.11287914E+003  0.13946459E+003
 -0.71431378E+000 -0.54962504E+000 -0.29637734E+000 -0.10020876E+000 -0.51961066E-001  0.42125764E+000  0.10698868E+002  0.39666939E+002  0.68329037E+002  0.11287914E+003  0.13946459E+003
 -0.71431401E+000 -0.54962530E+000 -0.29637755E+000 -0.10020896E+000 -0.51961091E-001  0.42125740E+000  0.10698862E+002  0.39666938E+002  0.68329037E+002  0.11287914E+003  0.13946459E+003
 -0.71431421E+000 -0.54962553E+000 -0.29637774E+000 -0.10020915E+000 -0.51961115E-001  0.42125717E+000  0.10698856E+002  0.39666938E+002  0.68329036E+002  0.11287914E+003  0.13946459E+003
 -0.71431440E+000 -0.54962574E+000 -0.29637791E+000 -0.10020931E+000 -0.51961138E-001  0.42125694E+000  0.10698850E+002  0.39666938E+002  0.68329036E+002  0.11287914E+003  0.13946459E+003
 -0.71431457E+000 -0.54962592E+000 -0.29637806E+000 -0.10020947E+000 -0.51961159E-001  0.42125671E+000  0.10698844E+002  0.39666938E+002  0.68329036E+002  0.11287914E+003  0.13946459E+003
 -0.71431472E+000 -0.54962609E+000 -0.29637820E+000 -0.10020961E+000 -0.51961180E-001  0.42125649E+000  0.10698838E+002  0.39666938E+002  0.68329036E+002  0.11287914E+003  0.13946459E+003
 -0.71431486E+000 -0.54962625E+000 -0.29637833E+000 -0.10020975E+000 -0.51961200E-001  0.42125626E+000  0.10698832E+002  0.39666938E+002  0.68329035E+002  0.11287914E+003  0.13946459E+003
 -0.71431498E+000 -0.54962638E+000 -0.29637845E+000 -0.10020987E+000 -0.51961220E-001  0.42125604E+000  0.10698826E+002  0.39666938E+002  0.68329035E+002  0.11287914E+003  0.13946459E+003
 -0.71431510E+000 -0.54962651E+000 -0.29637856E+000 -0.10020999E+000 -0.51961238E-001  0.42125583E+000  0.10698821E+002  0.39666938E+002  0.68329035E+002  0.11287914E+003  0.13946459E+003
 -0.71431520E+000 -0.54962662E+000 -0.29637866E+000 -0.10021009E+000 -0.51961256E-001  0.42125562E+000  0.10698815E+002  0.39666938E+002  0.68329034E+002  0.11287913E+003  0.13946459E+003
 -0.71431530E+000 -0.54962673E+000 -0.29637875E+000 -0.10021019E+000 -0.51961274E-001  0.42125541E+000  0.10698810E+002  0.39666938E+002  0.68329034E+002  0.11287913E+003  0.13946459E+003
 -0.71431539E+000 -0.54962683E+000 -0.29637884E+000 -0.10021029E+000 -0.51961290E-001  0.42125520E+000  0.10698804E+002  0.39666938E+002  0.68329034E+002  0.11287913E+003  0.13946459E+003
 -0.71431548E+000 -0.54962692E+000 -0.29637892E+000 -0.10021038E+000 -0.51961307E-001  0.42125500E+000  0.10698799E+002  0.39666937E+002  0.68329033E+002  0.11287913E+003  0.13946459E+003
 -0.71431555E+000 -0.54962700E+000 -0.29637899E+000 -0.10021046E+000 -0.51961322E-001  0.42125480E+000  0.10698794E+002  0.39666937E+002  0.68329033E+002  0.11287913E+003  0.13946459E+003
 -0.71431563E+000 -0.54962708E+000 -0.29637906E+000 -0.10021054E+000 -0.51961337E-001  0.42125461E+000  0.10698789E+002  0.39666937E+002  0.68329033E+002  0.11287913E+003  0.13946459E+003
 -0.71431569E+000 -0.54962715E+000 -0.29637912E+000 -0.10021062E+000 -0.51961352E-001  0.42125442E+000  0.10698784E+002  0.39666937E+002  0.68329032E+002  0.11287913E+003  0.13946459E+003
 -0.71431576E+000 -0.54962721E+000 -0.29637918E+000 -0.10021069E+000 -0.51961366E-001  0.42125423E+000  0.10698779E+002  0.39666937E+002  0.68329032E+002  0.11287913E+003  0.13946459E+003
 -0.71431582E+000 -0.54962728E+000 -0.29637924E+000 -0.10021076E+000 -0.51961380E-001  0.42125405E+000  0.10698774E+002  0.39666937E+002  0.68329032E+002  0.11287913E+003  0.13946459E+003
 -0.71431587E+000 -0.54962734E+000 -0.29637930E+000 -0.10021083E+000 -0.51961394E-001  0.42125387E+000  0.10698769E+002  0.39666937E+002  0.68329031E+002  0.11287913E+003  0.13946459E+003
 -0.71431593E+000 -0.54962739E+000 -0.29637935E+000 -0.10021089E+000 -0.51961407E-001  0.42125370E+000  0.10698764E+002  0.39666937E+002  0.68329031E+002  0.11287913E+003  0.13946459E+003
 -0.71431598E+000 -0.54962744E+000 -0.29637940E+000 -0.10021095E+000 -0.51961420E-001  0.42125353E+000  0.10698760E+002  0.39666937E+002  0.68329031E+002  0.11287913E+003  0.13946459E+003
 -0.71431603E+000 -0.54962749E+000 -0.29637944E+000 -0.10021101E+000 -0.51961432E-001  0.42125336E+000  0.10698755E+002  0.39666937E+002  0.68329030E+002  0.11287913E+003  0.13946459E+003
 -0.71431607E+000 -0.54962754E+000 -0.29637948E+000 -0.10021106E+000 -0.51961444E-001  0.42125320E+000  0.10698751E+002  0.39666936E+002  0.68329030E+002  0.11287913E+003  0.13946459E+003
 -0.71431612E+000 -0.54962759E+000 -0.29637953E+000 -0.10021112E+000 -0.51961455E-001  0.42125304E+000  0.10698747E+002  0.39666936E+002  0.68329030E+002  0.11287913E+003  0.13946459E+003
 -0.71431616E+000 -0.54962763E+000 -0.29637957E+000 -0.10021117E+000 -0.51961467E-001  0.42125289E+000  0.10698742E+002  0.39666936E+002  0.68329029E+002  0.11287913E+003  0.13946459E+003
 -0.71431620E+000 -0.54962767E+000 -0.29637960E+000 -0.10021122E+000 -0.51961478E-001  0.42125274E+000  0.10698738E+002  0.39666936E+002  0.68329029E+002  0.11287913E+003  0.13946459E+003
 -0.71431624E+000 -0.54962771E+000 -0.29637964E+000 -0.10021126E+000 -0.51961488E-001  0.42125259E+000  0.10698734E+002  0.39666936E+002  0.68329028E+002  0.11287913E+003  0.13946459E+003
 -0.71431627E+000 -0.54962774E+000 -0.29637968E+000 -0.10021131E+000 -0.51961499E-001  0.42125245E+000  0.10698730E+002  0.39666936E+002  0.68329028E+002  0.11287913E+003  0.13946459E+003
 -0.71431631E+000 -0.54962778E+000 -0.29637971E+000 -0.10021135E+000 -0.51961509E-001  0.42125231E+000  0.10698727E+002  0.39666936E+002  0.68329028E+002  0.11287913E+003  0.13946459E+003
 -0.71431634E+000 -0.54962781E+000 -0.29637974E+000 -0.10021140E+000 -0.51961518E-001  0.42125218E+000  0.10698723E+002  0.39666936E+002  0.68329027E+002  0.11287913E+003  0.13946459E+003
 -0.71431638E+000 -0.54962785E+000 -0.29637977E+000 -0.10021144E+000 -0.51961528E-001  0.42125205E+000  0.10698719E+002  0.39666936E+002  0.68329027E+002  0.11287913E+003  0.13946459E+003
 -0.71431641E+000 -0.54962788E+000 -0.29637980E+000 -0.10021148E+000 -0.51961537E-001  0.42125192E+000  0.10698716E+002  0.39666935E+002  0.68329026E+002  0.11287913E+003  0.13946459E+003
 -0.71431644E+000 -0.54962791E+000 -0.29637983E+000 -0.10021152E+000 -0.51961546E-001  0.42125180E+000  0.10698712E+002  0.39666935E+002  0.68329026E+002  0.11287913E+003  0.13946459E+003
 -0.71431647E+000 -0.54962794E+000 -0.29637986E+000 -0.10021155E+000 -0.51961554E-001  0.42125168E+000  0.10698709E+002  0.39666935E+002  0.68329026E+002  0.11287913E+003  0.13946459E+003
 -0.71431649E+000 -0.54962797E+000 -0.29637989E+000 -0.10021159E+000 -0.51961563E-001  0.42125156E+000  0.10698706E+002  0.39666935E+002  0.68329025E+002  0.11287913E+003  0.13946459E+003
 -0.71431652E+000 -0.54962800E+000 -0.29637991E+000 -0.10021162E+000 -0.51961571E-001  0.42125145E+000  0.10698703E+002  0.39666935E+002  0.68329025E+002  0.11287913E+003  0.13946459E+003
 -0.71431655E+000 -0.54962802E+000 -0.29637994E+000 -0.10021166E+000 -0.51961578E-001  0.42125134E+000  0.10698700E+002  0.39666935E+002  0.68329024E+002  0.11287913E+003  0.13946459E+003
 -0.71431657E+000 -0.54962805E+000 -0.29637996E+000 -0.10021169E+000 -0.51961586E-001  0.42125123E+000  0.10698697E+002  0.39666935E+002  0.68329024E+002  0.11287913E+003  0.13946459E+003
 -0.71431660E+000 -0.54962807E+000 -0.29637999E+000 -0.10021172E+000 -0.51961593E-001  0.42125113E+000  0.10698694E+002  0.39666935E+002  0.68329024E+002  0.11287913E+003  0.13946459E+003
 -0.71431662E+000 -0.54962810E+000 -0.29638001E+000 -0.10021175E+000 -0.51961600E-001  0.42125103E+000  0.10698691E+002  0.39666935E+002  0.68329023E+002  0.11287913E+003  0.13946459E+003
 -0.71431665E+000 -0.54962812E+000 -0.29638003E+000 -0.10021178E+000 -0.51961607E-001  0.42125094E+000  0.10698688E+002  0.39666935E+002  0.68329023E+002  0.11287913E+003  0.13946459E+003
 -0.71431667E+000 -0.54962814E+000 -0.29638005E+000 -0.10021181E+000 -0.51961614E-001  0.42125085E+000  0.10698685E+002  0.39666935E+002  0.68329022E+002  0.11287913E+003  0.13946459E+003
 -0.71431669E+000 -0.54962816E+000 -0.29638007E+000 -0.10021184E+000 -0.51961620E-001  0.42125076E+000  0.10698683E+002  0.39666934E+002  0.68329022E+002  0.11287913E+003  0.13946459E+003
 -0.71431671E+000 -0.54962818E+000 -0.29638009E+000 -0.10021186E+000 -0.51961626E-001  0.42125067E+000  0.10698680E+002  0.39666934E+002  0.68329021E+002  0.11287913E+003  0.13946459E+003
 -0.71431673E+000 -0.54962820E+000 -0.29638011E+000 -0.10021189E+000 -0.51961632E-001  0.42125059E+000  0.10698678E+002  0.39666934E+002  0.68329021E+002  0.11287912E+003  0.13946459E+003
 -0.71431675E+000 -0.54962822E+000 -0.29638013E+000 -0.10021191E+000 -0.51961638E-001  0.42125051E+000  0.10698676E+002  0.39666934E+002  0.68329021E+002  0.11287912E+003  0.13946459E+003
 -0.71431677E+000 -0.54962824E+000 -0.29638015E+000 -0.10021194E+000 -0.51961643E-001  0.42125043E+000  0.10698673E+002  0.39666934E+002  0.68329020E+002  0.11287912E+003  0.13946459E+003
 -0.71431678E+000 -0.54962826E+000 -0.29638016E+000 -0.10021196E+000 -0.51961649E-001  0.42125035E+000  0.10698671E+002  0.39666934E+002  0.68329020E+002  0.11287912E+003  0.13946459E+003
 -0.71431680E+000 -0.54962828E+000 -0.29638018E+000 -0.10021198E+000 -0.51961654E-001  0.42125028E+000  0.10698669E+002  0.39666934E+002  0.68329019E+002  0.11287912E+003  0.13946459E+003
 -0.71431682E+000 -0.54962829E+000 -0.29638019E+000 -0.10021200E+000 -0.51961659E-001  0.42125021E+000  0.10698667E+002  0.39666934E+002  0.68329019E+002  0.11287912E+003  0.13946459E+003
 -0.71431683E+000 -0.54962831E+000 -0.29638021E+000 -0.10021202E+000 -0.51961664E-001  0.42125015E+000  0.10698665E+002  0.39666934E+002  0.68329019E+002  0.11287912E+003  0.13946459E+003
 -0.71431685E+000 -0.54962832E+000 -0.29638022E+000 -0.10021204E+000 -0.51961668E-001  0.42125008E+000  0.10698663E+002  0.39666934E+002  0.68329018E+002  0.11287912E+003  0.13946459E+003
 -0.71431686E+000 -0.54962834E+000 -0.29638024E+000 -0.10021206E+000 -0.51961673E-001  0.42125002E+000  0.10698661E+002  0.39666934E+002  0.68329018E+002  0.11287912E+003  0.13946459E+003
 -0.71431688E+000 -0.54962835E+000 -0.29638025E+000 -0.10021208E+000 -0.51961677E-001  0.42124996E+000  0.10698659E+002  0.39666934E+002  0.68329018E+002  0.11287912E+003  0.13946459E+003
 -0.71431689E+000 -0.54962837E+000 -0.29638027E+000 -0.10021210E+000 -0.51961681E-001  0.42124990E+000  0.10698657E+002  0.39666934E+002  0.68329017E+002  0.11287912E+003  0.13946459E+003
 -0.71431690E+000 -0.54962838E+000 -0.29638028E+000 -0.10021211E+000 -0.51961685E-001  0.42124985E+000  0.10698656E+002  0.39666933E+002  0.68329017E+002  0.11287912E+003  0.13946459E+003
 -0.71431692E+000 -0.54962839E+000 -0.29638029E+000 -0.10021213E+000 -0.51961689E-001  0.42124979E+000  0.10698654E+002  0.39666933E+002  0.68329016E+002  0.11287912E+003  0.13946459E+003
 -0.71431693E+000 -0.54962840E+000 -0.29638030E+000 -0.10021215E+000 -0.51961692E-001  0.42124974E+000  0.10698652E+002  0.39666933E+002  0.68329016E+002  0.11287912E+003  0.13946459E+003
 -0.71431694E+000 -0.54962842E+000 -0.29638031E+000 -0.10021216E+000 -0.51961696E-001  0.42124969E+000  0.10698651E+002  0.39666933E+002  0.68329016E+002  0.11287912E+003  0.13946459E+003
 -0.71431695E+000 -0.54962843E+000 -0.29638032E+000 -0.10021218E+000 -0.51961699E-001  0.42124965E+000  0.10698649E+002  0.39666933E+002  0.68329015E+002  0.11287912E+003  0.13946459E+003
 -0.71431696E+000 -0.54962844E+000 -0.29638033E+000 -0.10021219E+000 -0.51961702E-001  0.42124960E+000  0.10698648E+002  0.39666933E+002  0.68329015E+002  0.11287912E+003  0.13946459E+003
 -0.71431697E+000 -0.54962845E+000 -0.29638034E+000 -0.10021220E+000 -0.51961705E-001  0.42124956E+000  0.10698647E+002  0.39666933E+002  0.68329015E+002  0.11287912E+003  0.13946459E+003
 -0.71431698E+000 -0.54962846E+000 -0.29638035E+000 -0.10021221E+000 -0.51961708E-001  0.42124952E+000  0.10698645E+002  0.39666933E+002  0.68329014E+002  0.11287912E+003  0.13946459E+003
 -0.71431699E+000 -0.54962847E+000 -0.29638036E+000 -0.10021223E+000 -0.51961711E-001  0.42124948E+000  0.10698644E+002  0.39666933E+002  0.68329014E+002  0.11287912E+003  0.13946459E+003
 -0.71431700E+000 -0.54962848E+000 -0.29638037E+000 -0.10021224E+000 -0.51961714E-001  0.42124944E+000  0.10698643E+002  0.39666933E+002  0.68329014E+002  0.11287912E+003  0.13946459E+003
 -0.71431701E+000 -0.54962848E+000 -0.29638038E+000 -0.10021225E+000 -0.51961717E-001  0.42124940E+000  0.10698642E+002  0.39666933E+002  0.68329013E+002  0.11287912E+003  0.13946459E+003
 -0.71431702E+000 -0.54962849E+000 -0.29638039E+000 -0.10021226E+000 -0.51961719E-001  0.42124937E+000  0.10698640E+002  0.39666933E+002  0.68329013E+002  0.11287912E+003  0.13946459E+003
 -0.71431703E+000 -0.54962850E+000 -0.29638039E+000 -0.10021227E+000 -0.51961722E-001  0.42124933E+000  0.10698639E+002  0.39666933E+002  0.68329013E+002  0.11287912E+003  0.13946459E+003
 -0.71431703E+000 -0.54962851E+000 -0.29638040E+000 -0.10021228E+000 -0.51961724E-001  0.42124930E+000  0.10698638E+002  0.39666933E+002  0.68329012E+002  0.11287911E+003  0.13946459E+003
 -0.71431704E+000 -0.54962852E+000 -0.29638041E+000 -0.10021229E+000 -0.51961726E-001  0.42124927E+000  0.10698637E+002  0.39666933E+002  0.68329012E+002  0.11287911E+003  0.13946459E+003
 -0.71431705E+000 -0.54962852E+000 -0.29638042E+000 -0.10021230E+000 -0.51961728E-001  0.42124924E+000  0.10698636E+002  0.39666933E+002  0.68329012E+002  0.11287911E+003  0.13946459E+003
 -0.71431706E+000 -0.54962853E+000 -0.29638042E+000 -0.10021231E+000 -0.51961730E-001  0.42124921E+000  0.10698635E+002  0.39666933E+002  0.68329011E+002  0.11287911E+003  0.13946459E+003
 -0.71431706E+000 -0.54962854E+000 -0.29638043E+000 -0.10021232E+000 -0.51961732E-001  0.42124918E+000  0.10698634E+002  0.39666932E+002  0.68329011E+002  0.11287911E+003  0.13946459E+003
 -0.71431707E+000 -0.54962854E+000 -0.29638043E+000 -0.10021233E+000 -0.51961734E-001  0.42124916E+000  0.10698633E+002  0.39666932E+002  0.68329011E+002  0.11287911E+003  0.13946459E+003
 -0.71431707E+000 -0.54962855E+000 -0.29638044E+000 -0.10021233E+000 -0.51961736E-001  0.42124913E+000  0.10698632E+002  0.39666932E+002  0.68329010E+002  0.11287911E+003  0.13946459E+003
 -0.71431708E+000 -0.54962855E+000 -0.29638045E+000 -0.10021234E+000 -0.51961738E-001  0.42124911E+000  0.10698632E+002  0.39666932E+002  0.68329010E+002  0.11287911E+003  0.13946459E+003
 -0.71431709E+000 -0.54962856E+000 -0.29638045E+000 -0.10021235E+000 -0.51961739E-001  0.42124908E+000  0.10698631E+002  0.39666932E+002  0.68329010E+002  0.11287911E+003  0.13946459E+003
 -0.71431709E+000 -0.54962857E+000 -0.29638046E+000 -0.10021236E+000 -0.51961741E-001  0.42124906E+000  0.10698630E+002  0.39666932E+002  0.68329010E+002  0.11287911E+003  0.13946459E+003
 -0.71431710E+000 -0.54962857E+000 -0.29638046E+000 -0.10021236E+000 -0.51961742E-001  0.42124904E+000  0.10698629E+002  0.39666932E+002  0.68329009E+002  0.11287911E+003  0.13946459E+003
 -0.71431710E+000 -0.54962858E+000 -0.29638046E+000 -0.10021237E+000 -0.51961744E-001  0.42124902E+000  0.10698629E+002  0.39666932E+002  0.68329009E+002  0.11287911E+003  0.13946459E+003
 -0.71431710E+000 -0.54962858E+000 -0.29638047E+000 -0.10021237E+000 -0.51961745E-001  0.42124900E+000  0.10698628E+002  0.39666932E+002  0.68329009E+002  0.11287911E+003  0.13946459E+003
 -0.71431711E+000 -0.54962858E+000 -0.29638047E+000 -0.10021238E+000 -0.51961746E-001  0.42124898E+000  0.10698627E+002  0.39666932E+002  0.68329009E+002  0.11287911E+003  0.13946459E+003
 -0.71431711E+000 -0.54962859E+000 -0.29638048E+000 -0.10021239E+000 -0.51961748E-001  0.42124896E+000  0.10698627E+002  0.39666932E+002  0.68329008E+002  0.11287911E+003  0.13946459E+003
 -0.71431712E+000 -0.54962859E+000 -0.29638048E+000 -0.10021239E+000 -0.51961749E-001  0.42124895E+000  0.10698626E+002  0.39666932E+002  0.68329008E+002  0.11287911E+003  0.13946459E+003
 -0.71431712E+000 -0.54962860E+000 -0.29638048E+000 -0.10021240E+000 -0.51961750E-001  0.42124893E+000  0.10698625E+002  0.39666932E+002  0.68329008E+002  0.11287911E+003  0.13946459E+003
 -0.71431712E+000 -0.54962860E+000 -0.29638049E+000 -0.10021240E+000 -0.51961751E-001  0.42124892E+000  0.10698625E+002  0.39666932E+002  0.68329008E+002  0.11287911E+003  0.13946459E+003
 -0.71431713E+000 -0.54962860E+000 -0.29638049E+000 -0.10021240E+000 -0.51961752E-001  0.42124890E+000  0.10698624E+002  0.39666932E+002  0.68329007E+002  0.11287911E+003  0.13946459E+003
 -0.71431713E+000 -0.54962861E+000 -0.29638050E+000 -0.10021241E+000 -0.51961753E-001  0.42124889E+000  0.10698624E+002  0.39666932E+002  0.68329007E+002  0.11287911E+003  0.13946459E+003
 -0.71431713E+000 -0.54962861E+000 -0.29638050E+000 -0.10021241E+000 -0.51961753E-001  0.42124888E+000  0.10698623E+002  0.39666932E+002  0.68329007E+002  0.11287911E+003  0.13946459E+003
 -0.71431714E+000 -0.54962861E+000 -0.29638050E+000 -0.10021242E+000 -0.51961754E-001  0.42124886E+000  0.10698623E+002  0.39666932E+002  0.68329007E+002  0.11287911E+003  0.13946459E+003
 -0.71431714E+000 -0.54962862E+000 -0.29638050E+000 -0.10021242E+000 -0.51961755E-001  0.42124885E+000  0.10698622E+002  0.39666932E+002  0.68329007E+002  0.11287911E+003  0.13946459E+003
 -0.71431714E+000 -0.54962862E+000 -0.29638051E+000 -0.10021242E+000 -0.51961755E-001  0.42124884E+000  0.10698622E+002  0.39666932E+002  0.68329006E+002  0.11287911E+003  0.13946459E+003
 -0.71431715E+000 -0.54962862E+000 -0.29638051E+000 -0.10021243E+000 -0.51961756E-001  0.42124883E+000  0.10698621E+002  0.39666932E+002  0.68329006E+002  0.11287911E+003  0.13946459E+003
 -0.71431715E+000 -0.54962862E+000 -0.29638051E+000 -0.10021243E+000 -0.51961756E-001  0.42124882E+000  0.10698621E+002  0.39666932E+002  0.68329006E+002  0.11287911E+003  0.13946459E+003
 -0.71431715E+000 -0.54962863E+000 -0.29638051E+000 -0.10021243E+000 -0.51961756E-001  0.42124881E+000  0.10698621E+002  0.39666932E+002  0.68329006E+002  0.11287911E+003  0.13946459E+003
 -0.71431715E+000 -0.54962863E+000 -0.29638052E+000 -0.10021244E+000 -0.51961756E-001  0.42124880E+000  0.10698620E+002  0.39666932E+002  0.68329006E+002  0.11287911E+003  0.13946459E+003
 -0.71431715E+000 -0.54962863E+000 -0.29638052E+000 -0.10021244E+000 -0.51961756E-001  0.42124880E+000  0.10698620E+002  0.39666932E+002  0.68329006E+002  0.11287910E+003  0.13946459E+003
 -0.71431716E+000 -0.54962863E+000 -0.29638052E+000 -0.10021244E+000 -0.51961756E-001  0.42124879E+000  0.10698620E+002  0.39666932E+002  0.68329005E+002  0.11287910E+003  0.13946459E+003
 -0.71431716E+000 -0.54962863E+000 -0.29638052E+000 -0.10021244E+000 -0.51961756E-001  0.42124879E+000  0.10698619E+002  0.39666932E+002  0.68329005E+002  0.11287910E+003  0.13946459E+003
 -0.71431716E+000 -0.54962863E+000 -0.29638052E+000 -0.10021245E+000 -0.51961756E-001  0.42124878E+000  0.10698619E+002  0.39666932E+002  0.68329005E+002  0.11287910E+003  0.13946459E+003
 -0.71431716E+000 -0.54962863E+000 -0.29638052E+000 -0.10021245E+000 -0.51961755E-001  0.42124878E+000  0.10698619E+002  0.39666932E+002  0.68329005E+002  0.11287910E+003  0.13946459E+003
 -0.71431716E+000 -0.54962864E+000 -0.29638052E+000 -0.10021245E+000 -0.51961754E-001  0.42124878E+000  0.10698619E+002  0.39666932E+002  0.68329005E+002  0.11287910E+003  0.13946459E+003
 -0.71431716E+000 -0.54962864E+000 -0.29638052E+000 -0.10021245E+000 -0.51961753E-001  0.42124878E+000  0.10698618E+002  0.39666932E+002  0.68329005E+002  0.11287910E+003  0.13946459E+003
 -0.71431716E+000 -0.54962863E+000 -0.29638052E+000 -0.10021245E+000 -0.51961752E-001  0.42124878E+000  0.10698618E+002  0.39666932E+002  0.68329005E+002  0.11287910E+003  0.13946459E+003
 -0.71431716E+000 -0.54962863E+000 -0.29638052E+000 -0.10021245E+000 -0.51961750E-001  0.42124878E+000  0.10698618E+002  0.39666932E+002  0.68329004E+002  0.11287910E+003  0.13946459E+003
 -0.71431715E+000 -0.54962863E+000 -0.29638051E+000 -0.10021244E+000 -0.51961748E-001  0.42124878E+000  0.10698618E+002  0.39666932E+002  0.68329004E+002  0.11287910E+003  0.13946459E+003
 -0.71431715E+000 -0.54962862E+000 -0.29638051E+000 -0.10021243E+000 -0.51961745E-001  0.42124879E+000  0.10698618E+002  0.39666932E+002  0.68329004E+002  0.11287910E+003  0.13946459E+003
 -0.71431714E+000 -0.54962861E+000 -0.29638050E+000 -0.10021242E+000 -0.51961742E-001  0.42124880E+000  0.10698618E+002  0.39666932E+002  0.68329004E+002  0.11287910E+003  0.13946459E+003
 -0.71431712E+000 -0.54962859E+000 -0.29638047E+000 -0.10021239E+000 -0.51961737E-001  0.42124881E+000  0.10698618E+002  0.39666931E+002  0.68329004E+002  0.11287910E+003  0.13946459E+003
 -0.71431709E+000 -0.54962856E+000 -0.29638044E+000 -0.10021235E+000 -0.51961731E-001  0.42124883E+000  0.10698618E+002  0.39666931E+002  0.68329004E+002  0.11287910E+003  0.13946459E+003
