  0.13345637E+002
  0.13346034E+002
  0.13346377E+002
  0.13346679E+002
  0.13346947E+002
  0.13347186E+002
  0.13347399E+002
  0.13347591E+002
  0.13347765E+002
  0.13347922E+002
  0.13348064E+002
  0.13348194E+002
  0.13348313E+002
  0.13348422E+002
  0.13348522E+002
  0.13348613E+002
  0.13348697E+002
  0.13348775E+002
  0.13348846E+002
  0.13348912E+002
  0.13348972E+002
  0.13349029E+002
  0.13349082E+002
  0.13349131E+002
  0.13349176E+002
  0.13349219E+002
  0.13349258E+002
  0.13349295E+002
  0.13349330E+002
  0.13349362E+002
  0.13349392E+002
  0.13349420E+002
  0.13349445E+002
  0.13349469E+002
  0.13349491E+002
  0.13349511E+002
  0.13349529E+002
  0.13349545E+002
  0.13349560E+002
  0.13349573E+002
  0.13349584E+002
  0.13349593E+002
  0.13349601E+002
  0.13349607E+002
  0.13349611E+002
  0.13349613E+002
  0.13349614E+002
  0.13349613E+002
  0.13349610E+002
  0.13349606E+002
  0.13349599E+002
  0.13349591E+002
  0.13349581E+002
  0.13349569E+002
  0.13349555E+002
  0.13349539E+002
  0.13349522E+002
  0.13349503E+002
  0.13349482E+002
  0.13349459E+002
  0.13349434E+002
  0.13349408E+002
  0.13349380E+002
  0.13349350E+002
  0.13349318E+002
  0.13349286E+002
  0.13349251E+002
  0.13349216E+002
  0.13349179E+002
  0.13349140E+002
  0.13349101E+002
  0.13349061E+002
  0.13349020E+002
  0.13348977E+002
  0.13348934E+002
  0.13348891E+002
  0.13348846E+002
  0.13348802E+002
  0.13348756E+002
  0.13348711E+002
  0.13348665E+002
  0.13348619E+002
  0.13348573E+002
  0.13348528E+002
  0.13348482E+002
  0.13348437E+002
  0.13348391E+002
  0.13348347E+002
  0.13348302E+002
  0.13348258E+002
  0.13348215E+002
  0.13348172E+002
  0.13348130E+002
  0.13348088E+002
  0.13348047E+002
  0.13348007E+002
  0.13347967E+002
  0.13347928E+002
  0.13347889E+002
  0.13347851E+002
  0.13347814E+002
  0.13347778E+002
  0.13347742E+002
  0.13347706E+002
  0.13347672E+002
  0.13347637E+002
  0.13347604E+002
  0.13347571E+002
  0.13347538E+002
  0.13347506E+002
  0.13347474E+002
  0.13347443E+002
  0.13347413E+002
  0.13347382E+002
  0.13347352E+002
  0.13347323E+002
  0.13347294E+002
  0.13347265E+002
  0.13347236E+002
  0.13347208E+002
  0.13347180E+002
  0.13347152E+002
  0.13347125E+002
  0.13347098E+002
  0.13347072E+002
  0.13347045E+002
  0.13347019E+002
  0.13346993E+002
  0.13346968E+002
  0.13346942E+002
  0.13346917E+002
  0.13346893E+002
  0.13346868E+002
  0.13346844E+002
  0.13346820E+002
  0.13346796E+002
  0.13346773E+002
  0.13346750E+002
  0.13346727E+002
  0.13346705E+002
  0.13346683E+002
  0.13346661E+002
  0.13346639E+002
  0.13346618E+002
  0.13346597E+002
  0.13346576E+002
  0.13346556E+002
  0.13346535E+002
  0.13346516E+002
  0.13346496E+002
  0.13346477E+002
  0.13346458E+002
  0.13346439E+002
  0.13346421E+002
  0.13346402E+002
  0.13346385E+002
  0.13346367E+002
  0.13346350E+002
  0.13346333E+002
  0.13346316E+002
  0.13346300E+002
  0.13346284E+002
  0.13346268E+002
  0.13346253E+002
  0.13346237E+002
  0.13346222E+002
  0.13346208E+002
  0.13346193E+002
  0.13346179E+002
  0.13346165E+002
  0.13346152E+002
  0.13346138E+002
  0.13346125E+002
  0.13346113E+002
  0.13346100E+002
  0.13346088E+002
  0.13346076E+002
  0.13346064E+002
  0.13346052E+002
  0.13346041E+002
  0.13346030E+002
  0.13346019E+002
  0.13346009E+002
  0.13345998E+002
  0.13345988E+002
  0.13345978E+002
  0.13345969E+002
  0.13345959E+002
  0.13345950E+002
  0.13345941E+002
  0.13345932E+002
  0.13345924E+002
  0.13345915E+002
  0.13345907E+002
  0.13345899E+002
  0.13345891E+002
  0.13345884E+002
  0.13345876E+002
  0.13345869E+002
  0.13345862E+002
