  0.84011029E+000  0.11994412E+001  0.71322663E+001  0.43156821E+002
  0.83814315E+000  0.11994730E+001  0.71298999E+001  0.43163123E+002
  0.83813133E+000  0.11991087E+001  0.71295580E+001  0.43165622E+002
  0.83812755E+000  0.11989388E+001  0.71288563E+001  0.43168063E+002
  0.83817289E+000  0.11987223E+001  0.71313417E+001  0.43151484E+002
  0.83721118E+000  0.11981636E+001  0.71314001E+001  0.43169834E+002
  0.83723334E+000  0.11967042E+001  0.71331949E+001  0.43170585E+002
  0.83726308E+000  0.11966570E+001  0.71334838E+001  0.43171312E+002
  0.83728549E+000  0.11966443E+001  0.71337737E+001  0.43171915E+002
  0.83727616E+000  0.11967541E+001  0.71314012E+001  0.43175008E+002
  0.83729250E+000  0.11968527E+001  0.71315454E+001  0.43175498E+002
  0.83730827E+000  0.11969399E+001  0.71315975E+001  0.43176029E+002
  0.83732343E+000  0.11969805E+001  0.71309280E+001  0.43177273E+002
  0.83733677E+000  0.11937272E+001  0.71413148E+001  0.43113160E+002
  0.83734853E+000  0.11938511E+001  0.71343937E+001  0.43178034E+002
  0.83735892E+000  0.11939605E+001  0.71343978E+001  0.43178412E+002
  0.83736812E+000  0.11939167E+001  0.71345514E+001  0.43178760E+002
  0.83737626E+000  0.11940397E+001  0.71345556E+001  0.43179062E+002
  0.83738348E+000  0.11804179E+001  0.70978798E+001  0.43179348E+002
  0.83738987E+000  0.11804689E+001  0.70976409E+001  0.43179677E+002
  0.83739554E+000  0.11943515E+001  0.71345014E+001  0.43179944E+002
  0.83632995E+000  0.11955279E+001  0.71392114E+001  0.43102852E+002
  0.83633433E+000  0.11956283E+001  0.71377353E+001  0.43102349E+002
  0.83633819E+000  0.11957223E+001  0.71378171E+001  0.43101677E+002
  0.83634157E+000  0.11958110E+001  0.71286586E+001  0.43186648E+002
  0.83634450E+000  0.11958837E+001  0.71286404E+001  0.43186869E+002
  0.83634704E+000  0.11959608E+001  0.71286263E+001  0.43187068E+002
  0.83634920E+000  0.11960322E+001  0.71286134E+001  0.43187259E+002
  0.83635101E+000  0.11960981E+001  0.71286020E+001  0.43187443E+002
  0.83635250E+000  0.11961587E+001  0.71285920E+001  0.43187621E+002
  0.83635369E+000  0.11962144E+001  0.71285836E+001  0.43187791E+002
  0.83635459E+000  0.11962653E+001  0.71285766E+001  0.43187956E+002
  0.83635523E+000  0.11963117E+001  0.71285711E+001  0.43188115E+002
  0.83635561E+000  0.11963539E+001  0.71285670E+001  0.43188268E+002
  0.83635575E+000  0.11963898E+001  0.71285666E+001  0.43188415E+002
  0.83635567E+000  0.11964245E+001  0.71285647E+001  0.43188556E+002
  0.83635536E+000  0.11964560E+001  0.71285620E+001  0.43188694E+002
  0.83635485E+000  0.11964844E+001  0.71285546E+001  0.43188832E+002
  0.83635414E+000  0.11965101E+001  0.71285548E+001  0.43188958E+002
  0.83635324E+000  0.11965333E+001  0.71285552E+001  0.43189079E+002
  0.83635215E+000  0.11965541E+001  0.71285557E+001  0.43189194E+002
  0.83635088E+000  0.11965730E+001  0.71285560E+001  0.43189305E+002
  0.83634943E+000  0.11965899E+001  0.71285560E+001  0.43189410E+002
  0.83634781E+000  0.11966052E+001  0.71285553E+001  0.43189511E+002
  0.83634602E+000  0.11966190E+001  0.71285539E+001  0.43189607E+002
  0.83634406E+000  0.11966314E+001  0.71285514E+001  0.43189698E+002
  0.83634193E+000  0.11966426E+001  0.71285477E+001  0.43189784E+002
  0.83633963E+000  0.11966526E+001  0.71285426E+001  0.43189866E+002
  0.83633714E+000  0.11966615E+001  0.71285360E+001  0.43189942E+002
  0.83633448E+000  0.11966695E+001  0.71285277E+001  0.43190014E+002
  0.83633163E+000  0.11966765E+001  0.71285175E+001  0.43190081E+002
  0.83632858E+000  0.11966826E+001  0.71285054E+001  0.43190144E+002
  0.83632533E+000  0.11966879E+001  0.71284913E+001  0.43190201E+002
  0.83632186E+000  0.11966923E+001  0.71284750E+001  0.43190253E+002
  0.83631818E+000  0.11966959E+001  0.71276089E+001  0.43191148E+002
  0.83631367E+000  0.11966993E+001  0.71275881E+001  0.43191190E+002
  0.83630952E+000  0.11967012E+001  0.71275649E+001  0.43191227E+002
  0.83630512E+000  0.11967024E+001  0.71275393E+001  0.43191259E+002
  0.83630046E+000  0.11967027E+001  0.71275113E+001  0.43191286E+002
  0.83629555E+000  0.11967021E+001  0.71274810E+001  0.43191307E+002
  0.83629037E+000  0.11967008E+001  0.71274480E+001  0.43191323E+002
  0.83628493E+000  0.11966986E+001  0.71274126E+001  0.43191333E+002
  0.83627922E+000  0.11966957E+001  0.71273746E+001  0.43191337E+002
  0.83627324E+000  0.11966919E+001  0.71273340E+001  0.43191336E+002
  0.83626699E+000  0.11966873E+001  0.71272909E+001  0.43191330E+002
  0.83626048E+000  0.11966819E+001  0.71272452E+001  0.43191318E+002
  0.83625371E+000  0.11966757E+001  0.71271969E+001  0.43191300E+002
  0.83624669E+000  0.11966687E+001  0.71271460E+001  0.43191277E+002
  0.83623943E+000  0.11966609E+001  0.71270926E+001  0.43191248E+002
  0.83623193E+000  0.11966523E+001  0.71270366E+001  0.43191214E+002
  0.83622420E+000  0.11966430E+001  0.71269781E+001  0.43191174E+002
  0.83621626E+000  0.11966329E+001  0.71192020E+001  0.43198845E+002
  0.83620812E+000  0.11966220E+001  0.71191386E+001  0.43198795E+002
  0.83619979E+000  0.11966104E+001  0.71190728E+001  0.43198740E+002
  0.83619128E+000  0.11965980E+001  0.71190047E+001  0.43198681E+002
  0.83618261E+000  0.11965849E+001  0.71189343E+001  0.43198616E+002
  0.83617380E+000  0.11965712E+001  0.71188619E+001  0.43198547E+002
  0.83616485E+000  0.11965568E+001  0.71187874E+001  0.43198474E+002
  0.83615579E+000  0.11965417E+001  0.71187110E+001  0.43198396E+002
  0.83614662E+000  0.11965260E+001  0.71186328E+001  0.43198315E+002
  0.83613737E+000  0.11965097E+001  0.71185529E+001  0.43198229E+002
  0.83612805E+000  0.11964929E+001  0.71184715E+001  0.43198139E+002
  0.83611867E+000  0.11964755E+001  0.71183888E+001  0.43198046E+002
  0.83610926E+000  0.11964576E+001  0.71183047E+001  0.43197949E+002
  0.83609982E+000  0.11964392E+001  0.71182196E+001  0.43197848E+002
  0.83609038E+000  0.11964204E+001  0.71181336E+001  0.43197745E+002
  0.83608095E+000  0.11964012E+001  0.71180467E+001  0.43197638E+002
  0.83607154E+000  0.11963816E+001  0.71179593E+001  0.43197528E+002
  0.83606217E+000  0.11963617E+001  0.71178715E+001  0.43197416E+002
  0.83605285E+000  0.11963416E+001  0.71177834E+001  0.43197301E+002
  0.83604360E+000  0.11963212E+001  0.71176952E+001  0.43197182E+002
  0.83603443E+000  0.11963006E+001  0.71176071E+001  0.43197062E+002
  0.83602536E+000  0.11962798E+001  0.71175192E+001  0.43196939E+002
  0.83601640E+000  0.11962589E+001  0.71174317E+001  0.43196813E+002
  0.83600756E+000  0.11962379E+001  0.71173447E+001  0.43196686E+002
  0.83599885E+000  0.11962169E+001  0.71172583E+001  0.43196556E+002
  0.83599028E+000  0.11961958E+001  0.71171728E+001  0.43196424E+002
  0.83598187E+000  0.11961748E+001  0.71170883E+001  0.43196290E+002
  0.83597363E+000  0.11961538E+001  0.71170048E+001  0.43196154E+002
  0.83596556E+000  0.11961329E+001  0.71169224E+001  0.43196017E+002
  0.83595767E+000  0.11961121E+001  0.71168414E+001  0.43195877E+002
  0.83594997E+000  0.11960914E+001  0.71167617E+001  0.43195736E+002
  0.83594246E+000  0.11960709E+001  0.71166835E+001  0.43195593E+002
  0.83593516E+000  0.11960507E+001  0.71166068E+001  0.43195449E+002
  0.83592806E+000  0.11960306E+001  0.71165317E+001  0.43195303E+002
  0.83592117E+000  0.11960108E+001  0.71164582E+001  0.43195156E+002
  0.83591450E+000  0.11959912E+001  0.71163865E+001  0.43195008E+002
  0.83590805E+000  0.11959720E+001  0.71163165E+001  0.43194859E+002
  0.83590181E+000  0.11959530E+001  0.71162482E+001  0.43194708E+002
  0.83589579E+000  0.11959344E+001  0.71161818E+001  0.43194557E+002
  0.83588999E+000  0.11959161E+001  0.71161172E+001  0.43194404E+002
  0.83588441E+000  0.11958981E+001  0.71160544E+001  0.43194251E+002
  0.83587905E+000  0.11958805E+001  0.71159935E+001  0.43194097E+002
  0.83587391E+000  0.11958633E+001  0.71159344E+001  0.43193942E+002
  0.83586898E+000  0.11958465E+001  0.71158772E+001  0.43193787E+002
  0.83586426E+000  0.11958300E+001  0.71158217E+001  0.43193632E+002
  0.83585975E+000  0.11958140E+001  0.71157681E+001  0.43193476E+002
  0.83585544E+000  0.11957983E+001  0.71157164E+001  0.43193319E+002
  0.83585134E+000  0.11957830E+001  0.71156663E+001  0.43193163E+002
  0.83584743E+000  0.11957682E+001  0.71156181E+001  0.43193006E+002
  0.83584371E+000  0.11957537E+001  0.71155715E+001  0.43192849E+002
  0.83584019E+000  0.11957397E+001  0.71155267E+001  0.43192692E+002
  0.83583684E+000  0.11957260E+001  0.71154836E+001  0.43192536E+002
  0.83583367E+000  0.11957128E+001  0.71154421E+001  0.43192379E+002
  0.83583067E+000  0.11956999E+001  0.71154022E+001  0.43192223E+002
  0.83582784E+000  0.11956875E+001  0.71153639E+001  0.43192067E+002
  0.83582516E+000  0.11956754E+001  0.71153271E+001  0.43191912E+002
  0.83582265E+000  0.11956638E+001  0.71152918E+001  0.43191757E+002
  0.83582028E+000  0.11956525E+001  0.71152580E+001  0.43191603E+002
  0.83581805E+000  0.11956416E+001  0.71152256E+001  0.43191449E+002
  0.83581596E+000  0.11956311E+001  0.71151946E+001  0.43191297E+002
  0.83581401E+000  0.11956210E+001  0.71151649E+001  0.43191145E+002
  0.83581218E+000  0.11956112E+001  0.71151366E+001  0.43190993E+002
  0.83581047E+000  0.11956017E+001  0.71151095E+001  0.43190843E+002
  0.83580887E+000  0.11955926E+001  0.71150837E+001  0.43190694E+002
  0.83580739E+000  0.11955839E+001  0.71150590E+001  0.43190545E+002
  0.83580601E+000  0.11955755E+001  0.71150355E+001  0.43190398E+002
  0.83580473E+000  0.11955673E+001  0.71150132E+001  0.43190252E+002
  0.83580355E+000  0.11955595E+001  0.71149919E+001  0.43190107E+002
  0.83580246E+000  0.11955521E+001  0.71149716E+001  0.43189963E+002
  0.83580145E+000  0.11955449E+001  0.71149524E+001  0.43189821E+002
  0.83580052E+000  0.11955380E+001  0.71149341E+001  0.43189680E+002
  0.83579967E+000  0.11955313E+001  0.71149168E+001  0.43189540E+002
  0.83579890E+000  0.11955250E+001  0.71149004E+001  0.43189402E+002
  0.83579819E+000  0.11955189E+001  0.71148848E+001  0.43189265E+002
  0.83579755E+000  0.11955130E+001  0.71148701E+001  0.43189130E+002
  0.83579697E+000  0.11955074E+001  0.71148562E+001  0.43188996E+002
  0.83579645E+000  0.11955021E+001  0.71148430E+001  0.43188864E+002
  0.83579598E+000  0.11954969E+001  0.71148306E+001  0.43188733E+002
  0.83579556E+000  0.11954920E+001  0.71148189E+001  0.43188604E+002
  0.83579519E+000  0.11954873E+001  0.71148079E+001  0.43188477E+002
  0.83579487E+000  0.11954828E+001  0.71147975E+001  0.43188351E+002
  0.83579458E+000  0.11954785E+001  0.71147877E+001  0.43188227E+002
  0.83579434E+000  0.11954744E+001  0.71147785E+001  0.43188104E+002
  0.83579413E+000  0.11954705E+001  0.71147699E+001  0.43187984E+002
  0.83579396E+000  0.11954667E+001  0.71147619E+001  0.43187865E+002
  0.83579382E+000  0.11954631E+001  0.71147543E+001  0.43187747E+002
  0.83579371E+000  0.11954597E+001  0.71147472E+001  0.43187632E+002
  0.83579362E+000  0.11954564E+001  0.71147407E+001  0.43187518E+002
  0.83579357E+000  0.11954533E+001  0.71147345E+001  0.43187406E+002
  0.83579353E+000  0.11954503E+001  0.71147288E+001  0.43187296E+002
  0.83579352E+000  0.11954475E+001  0.71147235E+001  0.43187187E+002
  0.83579352E+000  0.11954448E+001  0.71147185E+001  0.43187081E+002
  0.83579355E+000  0.11954422E+001  0.71147139E+001  0.43186976E+002
  0.83579359E+000  0.11954398E+001  0.71147097E+001  0.43186873E+002
  0.83579365E+000  0.11954374E+001  0.71147058E+001  0.43186771E+002
  0.83579372E+000  0.11954352E+001  0.71147022E+001  0.43186672E+002
  0.83579380E+000  0.11954331E+001  0.71146989E+001  0.43186574E+002
  0.83579390E+000  0.11954311E+001  0.71146958E+001  0.43186478E+002
  0.83579401E+000  0.11954291E+001  0.71146930E+001  0.43186384E+002
  0.83579412E+000  0.11954273E+001  0.71146905E+001  0.43186291E+002
  0.83579425E+000  0.11954256E+001  0.71146882E+001  0.43186201E+002
  0.83579438E+000  0.11954239E+001  0.71146861E+001  0.43186112E+002
  0.83579452E+000  0.11954223E+001  0.71146842E+001  0.43186024E+002
  0.83579466E+000  0.11954208E+001  0.71146825E+001  0.43185939E+002
  0.83579481E+000  0.11954194E+001  0.71146810E+001  0.43185855E+002
  0.83579496E+000  0.11954181E+001  0.71146797E+001  0.43185773E+002
  0.83579512E+000  0.11954168E+001  0.71146785E+001  0.43185692E+002
  0.83579528E+000  0.11954155E+001  0.71146774E+001  0.43185614E+002
  0.83579544E+000  0.11954144E+001  0.71146765E+001  0.43185537E+002
  0.83579560E+000  0.11954133E+001  0.71146757E+001  0.43185461E+002
  0.83579577E+000  0.11954122E+001  0.71146751E+001  0.43185387E+002
  0.83579593E+000  0.11954112E+001  0.71146745E+001  0.43185315E+002
  0.83579610E+000  0.11954103E+001  0.71146741E+001  0.43185244E+002
  0.83579627E+000  0.11954094E+001  0.71146737E+001  0.43185175E+002
  0.83579643E+000  0.11954085E+001  0.71146734E+001  0.43185107E+002
  0.83579660E+000  0.11954077E+001  0.71146732E+001  0.43185041E+002
  0.83579676E+000  0.11954069E+001  0.71146731E+001  0.43184977E+002
  0.83579692E+000  0.11954062E+001  0.71146731E+001  0.43184914E+002
  0.83579709E+000  0.11954055E+001  0.71146731E+001  0.43184852E+002
  0.83579724E+000  0.11954048E+001  0.71146732E+001  0.43184792E+002
  0.83579740E+000  0.11954042E+001  0.71146733E+001  0.43184733E+002
  0.83579756E+000  0.11954036E+001  0.71146735E+001  0.43184676E+002
  0.83579771E+000  0.11954030E+001  0.71146737E+001  0.43184619E+002
  0.83579786E+000  0.11954025E+001  0.71146739E+001  0.43184565E+002
  0.83579801E+000  0.11954020E+001  0.71146742E+001  0.43184511E+002
  0.83579815E+000  0.11954015E+001  0.71146745E+001  0.43184459E+002
  0.83579829E+000  0.11954010E+001  0.71146748E+001  0.43184409E+002
  0.83579843E+000  0.11954006E+001  0.71146752E+001  0.43184359E+002
  0.83579857E+000  0.11954002E+001  0.71146756E+001  0.43184311E+002
