  0.37828861E+000
  0.37955922E+000
  0.38036003E+000
  0.38094296E+000
  0.38137179E+000
  0.38168214E+000
  0.38189883E+000
  0.38204267E+000
  0.38212796E+000
  0.38216609E+000
  0.38216631E+000
  0.38213630E+000
  0.38208218E+000
  0.38200888E+000
  0.38192046E+000
  0.38182019E+000
  0.38171055E+000
  0.38159356E+000
  0.38147093E+000
  0.38134416E+000
  0.38121466E+000
  0.38108356E+000
  0.38095180E+000
  0.38082014E+000
  0.38068927E+000
  0.38055972E+000
  0.38043200E+000
  0.38030652E+000
  0.38018364E+000
  0.38006332E+000
  0.37994600E+000
  0.37983206E+000
  0.37972181E+000
  0.37961552E+000
  0.37951339E+000
  0.37941557E+000
  0.37932221E+000
  0.37923337E+000
  0.37914912E+000
  0.37906947E+000
  0.37899442E+000
  0.37892395E+000
  0.37885798E+000
  0.37879644E+000
  0.37873922E+000
  0.37868621E+000
  0.37863727E+000
  0.37859225E+000
  0.37855098E+000
  0.37851328E+000
  0.37847898E+000
  0.37844789E+000
  0.37841981E+000
  0.37839455E+000
  0.37837190E+000
  0.37835169E+000
  0.37833372E+000
  0.37831779E+000
  0.37830374E+000
  0.37829139E+000
  0.37828058E+000
  0.37827116E+000
  0.37826298E+000
  0.37825591E+000
  0.37824983E+000
  0.37824463E+000
  0.37824021E+000
  0.37823648E+000
  0.37823336E+000
  0.37823077E+000
  0.37822865E+000
  0.37822694E+000
  0.37822560E+000
  0.37822458E+000
  0.37822387E+000
  0.37822343E+000
  0.37822322E+000
  0.37822321E+000
  0.37822337E+000
  0.37822368E+000
  0.37822412E+000
  0.37822468E+000
  0.37822534E+000
  0.37822609E+000
  0.37822692E+000
  0.37822782E+000
  0.37822877E+000
  0.37822978E+000
  0.37823083E+000
  0.37823192E+000
  0.37823304E+000
  0.37823418E+000
  0.37823534E+000
  0.37823651E+000
  0.37823770E+000
  0.37823889E+000
  0.37824008E+000
  0.37824127E+000
  0.37824246E+000
  0.37824364E+000
  0.37824482E+000
  0.37824598E+000
  0.37824713E+000
  0.37824827E+000
  0.37824938E+000
  0.37825049E+000
  0.37825157E+000
  0.37825264E+000
  0.37825369E+000
  0.37825471E+000
  0.37825572E+000
  0.37825670E+000
  0.37825767E+000
  0.37825861E+000
  0.37825953E+000
  0.37826043E+000
  0.37826131E+000
  0.37826217E+000
  0.37826301E+000
  0.37826382E+000
  0.37826462E+000
  0.37826539E+000
  0.37826614E+000
  0.37826688E+000
  0.37826759E+000
  0.37826829E+000
  0.37826896E+000
  0.37826962E+000
  0.37827026E+000
  0.37827088E+000
  0.37827148E+000
  0.37827206E+000
  0.37827263E+000
  0.37827318E+000
  0.37827371E+000
  0.37827423E+000
  0.37827473E+000
  0.37827522E+000
  0.37827569E+000
  0.37827615E+000
  0.37827659E+000
  0.37827702E+000
  0.37827744E+000
  0.37827784E+000
  0.37827823E+000
  0.37827860E+000
  0.37827897E+000
  0.37827932E+000
  0.37827966E+000
  0.37827999E+000
  0.37828031E+000
  0.37828061E+000
  0.37828091E+000
  0.37828120E+000
  0.37828148E+000
  0.37828174E+000
  0.37828200E+000
  0.37828225E+000
  0.37828249E+000
  0.37828272E+000
  0.37828295E+000
  0.37828316E+000
  0.37828337E+000
  0.37828357E+000
  0.37828376E+000
  0.37828395E+000
  0.37828413E+000
  0.37828430E+000
  0.37828447E+000
  0.37828463E+000
  0.37828479E+000
  0.37828494E+000
  0.37828508E+000
  0.37828522E+000
  0.37828535E+000
  0.37828548E+000
  0.37828560E+000
  0.37828572E+000
  0.37828583E+000
  0.37828594E+000
  0.37828605E+000
  0.37828615E+000
  0.37828625E+000
  0.37828634E+000
  0.37828643E+000
  0.37828652E+000
  0.37828660E+000
  0.37828668E+000
  0.37828676E+000
  0.37828683E+000
  0.37828690E+000
  0.37828697E+000
  0.37828703E+000
  0.37828710E+000
  0.37828716E+000
  0.37828721E+000
  0.37828727E+000
  0.37828733E+000
  0.37828739E+000
  0.37828746E+000
