  0.14627094E+000  0.14311787E+000  0.40541448E+000  0.18451639E+001
  0.14651477E+000  0.14337985E+000  0.40614576E+000  0.18481460E+001
  0.14677280E+000  0.14349021E+000  0.40677107E+000  0.18504996E+001
  0.14688057E+000  0.14380294E+000  0.40731602E+000  0.18521806E+001
  0.14706766E+000  0.14391413E+000  0.40756654E+000  0.18537290E+001
  0.14722397E+000  0.14443734E+000  0.40754263E+000  0.18547382E+001
  0.14731674E+000  0.14461103E+000  0.40717038E+000  0.18561536E+001
  0.14735270E+000  0.14495737E+000  0.40687089E+000  0.18570829E+001
  0.14739054E+000  0.14506652E+000  0.40705136E+000  0.18575193E+001
  0.14745483E+000  0.14511748E+000  0.40717282E+000  0.18578397E+001
  0.14749126E+000  0.14516098E+000  0.40726987E+000  0.18580480E+001
  0.14732096E+000  0.14537634E+000  0.40710192E+000  0.18584136E+001
  0.14733571E+000  0.14539014E+000  0.40680306E+000  0.18588080E+001
  0.14734140E+000  0.14538324E+000  0.40660035E+000  0.18590378E+001
  0.14733734E+000  0.14536672E+000  0.40652488E+000  0.18590783E+001
  0.14732364E+000  0.14534453E+000  0.40647394E+000  0.18590423E+001
  0.14726310E+000  0.14535624E+000  0.40640891E+000  0.18589779E+001
  0.14723621E+000  0.14532377E+000  0.40667989E+000  0.18585424E+001
  0.14720483E+000  0.14526131E+000  0.40661560E+000  0.18584390E+001
  0.14717164E+000  0.14521989E+000  0.40646135E+000  0.18583757E+001
  0.14713594E+000  0.14517575E+000  0.40634807E+000  0.18582517E+001
  0.14709809E+000  0.14512976E+000  0.40623477E+000  0.18581114E+001
  0.14705873E+000  0.14508244E+000  0.40611878E+000  0.18579604E+001
  0.14701831E+000  0.14503420E+000  0.40547883E+000  0.18583225E+001
  0.14697689E+000  0.14498580E+000  0.40535715E+000  0.18581575E+001
  0.14693545E+000  0.14493683E+000  0.40523264E+000  0.18579884E+001
  0.14689296E+000  0.14488906E+000  0.40510814E+000  0.18578135E+001
  0.14685165E+000  0.14484066E+000  0.40498304E+000  0.18576349E+001
  0.14681073E+000  0.14479284E+000  0.40485762E+000  0.18574532E+001
  0.14677037E+000  0.14474580E+000  0.40473255E+000  0.18572688E+001
  0.14673074E+000  0.14469964E+000  0.40460801E+000  0.18570823E+001
  0.14669182E+000  0.14465466E+000  0.40448426E+000  0.18568940E+001
  0.14665398E+000  0.14461070E+000  0.40436158E+000  0.18567043E+001
  0.14661716E+000  0.14456798E+000  0.40364317E+000  0.18571106E+001
  0.14658145E+000  0.14452658E+000  0.40352212E+000  0.18569202E+001
  0.14654688E+000  0.14448656E+000  0.40340476E+000  0.18567273E+001
  0.14651350E+000  0.14444797E+000  0.40328920E+000  0.18565342E+001
  0.14648133E+000  0.14441084E+000  0.40317559E+000  0.18563410E+001
  0.14645037E+000  0.14437521E+000  0.40306407E+000  0.18561481E+001
  0.14642063E+000  0.14434108E+000  0.40295477E+000  0.18559557E+001
  0.14639209E+000  0.14430847E+000  0.40284781E+000  0.18557639E+001
  0.14636472E+000  0.14427736E+000  0.40274330E+000  0.18555729E+001
  0.14633851E+000  0.14424774E+000  0.40264135E+000  0.18553831E+001
  0.14631339E+000  0.14421960E+000  0.40254204E+000  0.18551945E+001
  0.14628934E+000  0.14419291E+000  0.40244547E+000  0.18550074E+001
  0.14626630E+000  0.14416763E+000  0.40235170E+000  0.18548221E+001
  0.14624420E+000  0.14414372E+000  0.40226082E+000  0.18546387E+001
  0.14622300E+000  0.14412113E+000  0.40217286E+000  0.18544574E+001
  0.14620263E+000  0.14409982E+000  0.40208788E+000  0.18542785E+001
  0.14618302E+000  0.14407973E+000  0.40200591E+000  0.18541021E+001
  0.14616412E+000  0.14406080E+000  0.40192697E+000  0.18539286E+001
  0.14614586E+000  0.14404296E+000  0.40185107E+000  0.18537580E+001
  0.14612819E+000  0.14402616E+000  0.40177820E+000  0.18535907E+001
  0.14611105E+000  0.14401033E+000  0.40170834E+000  0.18534267E+001
  0.14609439E+000  0.14399540E+000  0.40164147E+000  0.18532664E+001
  0.14607817E+000  0.14398130E+000  0.40157754E+000  0.18531098E+001
  0.14606234E+000  0.14396798E+000  0.40151650E+000  0.18529571E+001
  0.14604687E+000  0.14395536E+000  0.40145829E+000  0.18528085E+001
  0.14603173E+000  0.14394340E+000  0.40140283E+000  0.18526641E+001
  0.14601688E+000  0.14393202E+000  0.40135006E+000  0.18525240E+001
  0.14600233E+000  0.14392118E+000  0.40129988E+000  0.18523884E+001
  0.14598804E+000  0.14391083E+000  0.40125221E+000  0.18522572E+001
  0.14597401E+000  0.14390092E+000  0.40120696E+000  0.18521305E+001
  0.14596024E+000  0.14389143E+000  0.40116404E+000  0.18520085E+001
  0.14594673E+000  0.14388230E+000  0.40112337E+000  0.18518911E+001
  0.14593349E+000  0.14387352E+000  0.40108485E+000  0.18517784E+001
  0.14592052E+000  0.14386490E+000  0.40104855E+000  0.18516703E+001
  0.14590783E+000  0.14385674E+000  0.40101406E+000  0.18515669E+001
  0.14589545E+000  0.14384886E+000  0.40098146E+000  0.18514680E+001
  0.14588337E+000  0.14384126E+000  0.40095065E+000  0.18513738E+001
  0.14587162E+000  0.14383391E+000  0.40092156E+000  0.18512840E+001
  0.14586021E+000  0.14382681E+000  0.40089412E+000  0.18511987E+001
  0.14584917E+000  0.14381997E+000  0.40086825E+000  0.18511177E+001
  0.14583849E+000  0.14381336E+000  0.40084388E+000  0.18510410E+001
  0.14582820E+000  0.14380700E+000  0.40082094E+000  0.18509684E+001
  0.14581831E+000  0.14380089E+000  0.40079937E+000  0.18508998E+001
  0.14580883E+000  0.14379502E+000  0.40077911E+000  0.18508352E+001
  0.14579977E+000  0.14378939E+000  0.40076010E+000  0.18507744E+001
  0.14579113E+000  0.14378401E+000  0.40074229E+000  0.18507173E+001
  0.14578293E+000  0.14377887E+000  0.40072562E+000  0.18506637E+001
  0.14577516E+000  0.14377398E+000  0.40071005E+000  0.18506136E+001
  0.14576782E+000  0.14376933E+000  0.40069552E+000  0.18505667E+001
  0.14576092E+000  0.14376493E+000  0.40068199E+000  0.18505229E+001
  0.14575444E+000  0.14376078E+000  0.40066940E+000  0.18504822E+001
  0.14574838E+000  0.14375686E+000  0.40065772E+000  0.18504443E+001
  0.14574273E+000  0.14375318E+000  0.40064689E+000  0.18504091E+001
  0.14573748E+000  0.14374973E+000  0.40063689E+000  0.18503765E+001
  0.14573261E+000  0.14374651E+000  0.40062765E+000  0.18503463E+001
  0.14572812E+000  0.14374351E+000  0.40061914E+000  0.18503185E+001
  0.14572399E+000  0.14374073E+000  0.40061131E+000  0.18502928E+001
  0.14572020E+000  0.14373815E+000  0.40060414E+000  0.18502691E+001
  0.14571673E+000  0.14373577E+000  0.40059757E+000  0.18502474E+001
  0.14571357E+000  0.14373358E+000  0.40059156E+000  0.18502275E+001
  0.14571070E+000  0.14373156E+000  0.40058608E+000  0.18502093E+001
  0.14570810E+000  0.14372972E+000  0.40058110E+000  0.18501926E+001
  0.14570575E+000  0.14372804E+000  0.40057656E+000  0.18501774E+001
  0.14570363E+000  0.14372651E+000  0.40057245E+000  0.18501635E+001
  0.14570173E+000  0.14372512E+000  0.40056872E+000  0.18501508E+001
  0.14570003E+000  0.14372386E+000  0.40056534E+000  0.18501393E+001
  0.14569851E+000  0.14372272E+000  0.40056228E+000  0.18501288E+001
  0.14569715E+000  0.14372169E+000  0.40055951E+000  0.18501193E+001
  0.14569594E+000  0.14372077E+000  0.40055701E+000  0.18501107E+001
  0.14569486E+000  0.14371993E+000  0.40055474E+000  0.18501028E+001
  0.14569391E+000  0.14371918E+000  0.40055268E+000  0.18500957E+001
  0.14569306E+000  0.14371851E+000  0.40055081E+000  0.18500892E+001
  0.14569230E+000  0.14371790E+000  0.40054910E+000  0.18500833E+001
  0.14569163E+000  0.14371736E+000  0.40054755E+000  0.18500779E+001
  0.14569104E+000  0.14371687E+000  0.40054612E+000  0.18500730E+001
  0.14569050E+000  0.14371643E+000  0.40054480E+000  0.18500685E+001
  0.14569002E+000  0.14371603E+000  0.40054357E+000  0.18500644E+001
  0.14568959E+000  0.14371566E+000  0.40054243E+000  0.18500606E+001
  0.14568921E+000  0.14371533E+000  0.40054136E+000  0.18500571E+001
  0.14568885E+000  0.14371503E+000  0.40054035E+000  0.18500538E+001
  0.14568853E+000  0.14371475E+000  0.40053938E+000  0.18500508E+001
  0.14568823E+000  0.14371449E+000  0.40053846E+000  0.18500480E+001
  0.14568795E+000  0.14371425E+000  0.40053758E+000  0.18500453E+001
  0.14568769E+000  0.14371403E+000  0.40053672E+000  0.18500429E+001
  0.14568744E+000  0.14371382E+000  0.40053590E+000  0.18500405E+001
  0.14568721E+000  0.14371362E+000  0.40053510E+000  0.18500384E+001
  0.14568699E+000  0.14371343E+000  0.40053432E+000  0.18500363E+001
  0.14568678E+000  0.14371326E+000  0.40053356E+000  0.18500344E+001
  0.14568658E+000  0.14371309E+000  0.40053283E+000  0.18500327E+001
  0.14568639E+000  0.14371294E+000  0.40053212E+000  0.18500310E+001
  0.14568621E+000  0.14371279E+000  0.40053144E+000  0.18500295E+001
  0.14568603E+000  0.14371265E+000  0.40053079E+000  0.18500282E+001
  0.14568587E+000  0.14371253E+000  0.40053017E+000  0.18500269E+001
  0.14568572E+000  0.14371241E+000  0.40052958E+000  0.18500258E+001
  0.14568558E+000  0.14371231E+000  0.40052904E+000  0.18500249E+001
  0.14568545E+000  0.14371222E+000  0.40052853E+000  0.18500241E+001
  0.14568534E+000  0.14371214E+000  0.40052807E+000  0.18500235E+001
  0.14568524E+000  0.14371208E+000  0.40052765E+000  0.18500230E+001
  0.14568515E+000  0.14371203E+000  0.40052729E+000  0.18500227E+001
  0.14568508E+000  0.14371199E+000  0.40052697E+000  0.18500226E+001
  0.14568503E+000  0.14371197E+000  0.40052670E+000  0.18500226E+001
  0.14568499E+000  0.14371196E+000  0.40052647E+000  0.18500227E+001
  0.14568497E+000  0.14371196E+000  0.40052630E+000  0.18500230E+001
  0.14568497E+000  0.14371198E+000  0.40052617E+000  0.18500234E+001
  0.14568497E+000  0.14371201E+000  0.40052609E+000  0.18500239E+001
  0.14568500E+000  0.14371204E+000  0.40052604E+000  0.18500246E+001
  0.14568503E+000  0.14371209E+000  0.40052603E+000  0.18500253E+001
  0.14568507E+000  0.14371215E+000  0.40052605E+000  0.18500260E+001
  0.14568513E+000  0.14371221E+000  0.40052609E+000  0.18500269E+001
  0.14568519E+000  0.14371227E+000  0.40052616E+000  0.18500277E+001
  0.14568526E+000  0.14371235E+000  0.40052625E+000  0.18500286E+001
  0.14568533E+000  0.14371242E+000  0.40052635E+000  0.18500295E+001
  0.14568541E+000  0.14371250E+000  0.40052646E+000  0.18500304E+001
  0.14568549E+000  0.14371257E+000  0.40052657E+000  0.18500313E+001
  0.14568557E+000  0.14371265E+000  0.40052669E+000  0.18500321E+001
  0.14568564E+000  0.14371272E+000  0.40052680E+000  0.18500329E+001
  0.14568572E+000  0.14371279E+000  0.40052691E+000  0.18500337E+001
  0.14568580E+000  0.14371286E+000  0.40052702E+000  0.18500344E+001
  0.14568587E+000  0.14371293E+000  0.40052712E+000  0.18500351E+001
  0.14568594E+000  0.14371299E+000  0.40052722E+000  0.18500357E+001
  0.14568600E+000  0.14371305E+000  0.40052731E+000  0.18500363E+001
  0.14568606E+000  0.14371310E+000  0.40052739E+000  0.18500368E+001
  0.14568612E+000  0.14371315E+000  0.40052747E+000  0.18500372E+001
  0.14568618E+000  0.14371320E+000  0.40052755E+000  0.18500377E+001
  0.14568623E+000  0.14371325E+000  0.40052762E+000  0.18500381E+001
  0.14568628E+000  0.14371330E+000  0.40052769E+000  0.18500384E+001
  0.14568633E+000  0.14371334E+000  0.40052776E+000  0.18500387E+001
  0.14568637E+000  0.14371338E+000  0.40052784E+000  0.18500390E+001
  0.14568642E+000  0.14371343E+000  0.40052791E+000  0.18500393E+001
  0.14568646E+000  0.14371347E+000  0.40052799E+000  0.18500396E+001
  0.14568651E+000  0.14371351E+000  0.40052807E+000  0.18500398E+001
  0.14568655E+000  0.14371355E+000  0.40052816E+000  0.18500400E+001
  0.14568660E+000  0.14371359E+000  0.40052825E+000  0.18500403E+001
  0.14568665E+000  0.14371363E+000  0.40052835E+000  0.18500405E+001
  0.14568669E+000  0.14371367E+000  0.40052845E+000  0.18500407E+001
  0.14568674E+000  0.14371372E+000  0.40052855E+000  0.18500409E+001
  0.14568679E+000  0.14371376E+000  0.40052866E+000  0.18500411E+001
  0.14568684E+000  0.14371380E+000  0.40052877E+000  0.18500413E+001
  0.14568688E+000  0.14371384E+000  0.40052888E+000  0.18500414E+001
  0.14568693E+000  0.14371388E+000  0.40052899E+000  0.18500416E+001
  0.14568698E+000  0.14371392E+000  0.40052909E+000  0.18500418E+001
  0.14568702E+000  0.14371395E+000  0.40052920E+000  0.18500419E+001
  0.14568706E+000  0.14371399E+000  0.40052930E+000  0.18500420E+001
  0.14568710E+000  0.14371402E+000  0.40052939E+000  0.18500421E+001
  0.14568714E+000  0.14371405E+000  0.40052947E+000  0.18500421E+001
  0.14568718E+000  0.14371408E+000  0.40052955E+000  0.18500422E+001
  0.14568721E+000  0.14371410E+000  0.40052962E+000  0.18500422E+001
  0.14568723E+000  0.14371412E+000  0.40052967E+000  0.18500422E+001
  0.14568726E+000  0.14371414E+000  0.40052972E+000  0.18500421E+001
  0.14568728E+000  0.14371415E+000  0.40052976E+000  0.18500420E+001
  0.14568729E+000  0.14371416E+000  0.40052978E+000  0.18500419E+001
  0.14568730E+000  0.14371417E+000  0.40052979E+000  0.18500418E+001
  0.14568731E+000  0.14371417E+000  0.40052979E+000  0.18500416E+001
  0.14568731E+000  0.14371417E+000  0.40052978E+000  0.18500415E+001
  0.14568731E+000  0.14371417E+000  0.40052976E+000  0.18500412E+001
  0.14568731E+000  0.14371416E+000  0.40052973E+000  0.18500410E+001
  0.14568730E+000  0.14371415E+000  0.40052969E+000  0.18500407E+001
  0.14568728E+000  0.14371414E+000  0.40052964E+000  0.18500405E+001
  0.14568727E+000  0.14371412E+000  0.40052959E+000  0.18500402E+001
  0.14568725E+000  0.14371411E+000  0.40052952E+000  0.18500398E+001
  0.14568723E+000  0.14371409E+000  0.40052944E+000  0.18500395E+001
  0.14568720E+000  0.14371406E+000  0.40052935E+000  0.18500391E+001
  0.14568717E+000  0.14371403E+000  0.40052924E+000  0.18500387E+001
  0.14568713E+000  0.14371400E+000  0.40052910E+000  0.18500382E+001
  0.14568708E+000  0.14371395E+000  0.40052892E+000  0.18500376E+001
  0.14568700E+000  0.14371388E+000  0.40052866E+000  0.18500370E+001
  0.14568690E+000  0.14371380E+000  0.40052837E+000  0.18500363E+001
