 -0.12433774E+000  0.72170536E-001  0.10410073E+001  0.43370693E+000
 -0.12368743E+000  0.73302561E-001  0.10425271E+001  0.43463349E+000
 -0.12326081E+000  0.73951647E-001  0.10434577E+001  0.43526862E+000
 -0.12295117E+000  0.74373482E-001  0.10441337E+001  0.43578254E+000
 -0.12272433E+000  0.74649692E-001  0.10446348E+001  0.43620178E+000
 -0.12256095E+000  0.74823492E-001  0.10450008E+001  0.43653776E+000
 -0.12244761E+000  0.74923193E-001  0.10452591E+001  0.43680047E+000
 -0.12237391E+000  0.74968977E-001  0.10454312E+001  0.43699932E+000
 -0.12233165E+000  0.74975513E-001  0.10455346E+001  0.43714305E+000
 -0.12231431E+000  0.74953608E-001  0.10455828E+001  0.43723949E+000
 -0.12231674E+000  0.74911122E-001  0.10455865E+001  0.43729548E+000
 -0.12233484E+000  0.74853836E-001  0.10455542E+001  0.43731704E+000
 -0.12236515E+000  0.74786348E-001  0.10454929E+001  0.43730965E+000
 -0.12240491E+000  0.74712065E-001  0.10454083E+001  0.43727804E+000
 -0.12245187E+000  0.74635066E-001  0.10453050E+001  0.43722627E+000
 -0.12250423E+000  0.74556616E-001  0.10451866E+001  0.43715783E+000
 -0.12256052E+000  0.74477658E-001  0.10450560E+001  0.43707573E+000
 -0.12261955E+000  0.74398930E-001  0.10449157E+001  0.43698254E+000
 -0.12268039E+000  0.74320962E-001  0.10447677E+001  0.43688044E+000
 -0.12274229E+000  0.74244152E-001  0.10446135E+001  0.43677128E+000
 -0.12280462E+000  0.74168794E-001  0.10444544E+001  0.43665668E+000
 -0.12286690E+000  0.74095052E-001  0.10442918E+001  0.43653803E+000
 -0.12292874E+000  0.74023003E-001  0.10441265E+001  0.43641652E+000
 -0.12298982E+000  0.73952766E-001  0.10439593E+001  0.43629318E+000
 -0.12304988E+000  0.73884456E-001  0.10437911E+001  0.43616894E+000
 -0.12310872E+000  0.73818169E-001  0.10436226E+001  0.43604461E+000
 -0.12316616E+000  0.73753981E-001  0.10434543E+001  0.43592094E+000
 -0.12322205E+000  0.73691947E-001  0.10432870E+001  0.43579858E+000
 -0.12327628E+000  0.73632108E-001  0.10431211E+001  0.43567813E+000
 -0.12332877E+000  0.73574490E-001  0.10429573E+001  0.43556014E+000
 -0.12337936E+000  0.73519108E-001  0.10427960E+001  0.43544510E+000
 -0.12342804E+000  0.73465962E-001  0.10426377E+001  0.43533343E+000
 -0.12347476E+000  0.73415041E-001  0.10424830E+001  0.43522554E+000
 -0.12351953E+000  0.73366320E-001  0.10423322E+001  0.43512174E+000
 -0.12356235E+000  0.73319765E-001  0.10421857E+001  0.43502234E+000
 -0.12360325E+000  0.73275331E-001  0.10420440E+001  0.43492756E+000
 -0.12364226E+000  0.73232965E-001  0.10419074E+001  0.43483757E+000
 -0.12367943E+000  0.73192608E-001  0.10417762E+001  0.43475251E+000
 -0.12371481E+000  0.73154194E-001  0.10416507E+001  0.43467243E+000
 -0.12374847E+000  0.73117653E-001  0.10415312E+001  0.43459735E+000
 -0.12378046E+000  0.73082915E-001  0.10414179E+001  0.43452723E+000
 -0.12381088E+000  0.73049906E-001  0.10413109E+001  0.43446200E+000
 -0.12383978E+000  0.73018555E-001  0.10412103E+001  0.43440151E+000
 -0.12386725E+000  0.72988793E-001  0.10411162E+001  0.43434561E+000
 -0.12389335E+000  0.72960551E-001  0.10410286E+001  0.43429411E+000
 -0.12391818E+000  0.72933763E-001  0.10409475E+001  0.43424678E+000
 -0.12394179E+000  0.72908368E-001  0.10408727E+001  0.43420338E+000
 -0.12396425E+000  0.72884305E-001  0.10408043E+001  0.43416367E+000
 -0.12398562E+000  0.72861515E-001  0.10407419E+001  0.43412738E+000
 -0.12400597E+000  0.72839942E-001  0.10406853E+001  0.43409426E+000
 -0.12402533E+000  0.72819528E-001  0.10406344E+001  0.43406405E+000
 -0.12404376E+000  0.72800216E-001  0.10405888E+001  0.43403649E+000
 -0.12406130E+000  0.72781950E-001  0.10405484E+001  0.43401135E+000
 -0.12407798E+000  0.72764669E-001  0.10405126E+001  0.43398840E+000
 -0.12409383E+000  0.72748315E-001  0.10404813E+001  0.43396742E+000
 -0.12410889E+000  0.72732826E-001  0.10404541E+001  0.43394821E+000
 -0.12412317E+000  0.72718138E-001  0.10404308E+001  0.43393058E+000
 -0.12413671E+000  0.72704191E-001  0.10404109E+001  0.43391436E+000
 -0.12414952E+000  0.72690921E-001  0.10403942E+001  0.43389941E+000
 -0.12416162E+000  0.72678266E-001  0.10403804E+001  0.43388558E+000
 -0.12417304E+000  0.72666167E-001  0.10403693E+001  0.43387274E+000
 -0.12418381E+000  0.72654566E-001  0.10403606E+001  0.43386080E+000
 -0.12419393E+000  0.72643410E-001  0.10403540E+001  0.43384965E+000
 -0.12420343E+000  0.72632647E-001  0.10403494E+001  0.43383922E+000
 -0.12421234E+000  0.72622232E-001  0.10403466E+001  0.43382944E+000
 -0.12422067E+000  0.72612123E-001  0.10403453E+001  0.43382024E+000
 -0.12422846E+000  0.72602282E-001  0.10403455E+001  0.43381157E+000
 -0.12423572E+000  0.72592677E-001  0.10403470E+001  0.43380339E+000
 -0.12424248E+000  0.72583281E-001  0.10403496E+001  0.43379567E+000
 -0.12424876E+000  0.72574069E-001  0.10403533E+001  0.43378838E+000
 -0.12425460E+000  0.72565021E-001  0.10403579E+001  0.43378149E+000
 -0.12426000E+000  0.72556122E-001  0.10403635E+001  0.43377499E+000
 -0.12426501E+000  0.72547357E-001  0.10403698E+001  0.43376885E+000
 -0.12426964E+000  0.72538718E-001  0.10403768E+001  0.43376306E+000
 -0.12427391E+000  0.72530196E-001  0.10403844E+001  0.43375761E+000
 -0.12427786E+000  0.72521785E-001  0.10403927E+001  0.43375250E+000
 -0.12428150E+000  0.72513482E-001  0.10404015E+001  0.43374770E+000
 -0.12428485E+000  0.72505284E-001  0.10404107E+001  0.43374321E+000
 -0.12428793E+000  0.72497189E-001  0.10404204E+001  0.43373901E+000
 -0.12429077E+000  0.72489198E-001  0.10404305E+001  0.43373511E+000
 -0.12429338E+000  0.72481309E-001  0.10404409E+001  0.43373148E+000
 -0.12429579E+000  0.72473525E-001  0.10404516E+001  0.43372811E+000
 -0.12429801E+000  0.72465845E-001  0.10404626E+001  0.43372501E+000
 -0.12430005E+000  0.72458271E-001  0.10404738E+001  0.43372214E+000
 -0.12430193E+000  0.72450805E-001  0.10404851E+001  0.43371950E+000
 -0.12430366E+000  0.72443447E-001  0.10404967E+001  0.43371709E+000
 -0.12430527E+000  0.72436200E-001  0.10405083E+001  0.43371488E+000
 -0.12430675E+000  0.72429064E-001  0.10405201E+001  0.43371286E+000
 -0.12430812E+000  0.72422041E-001  0.10405319E+001  0.43371102E+000
 -0.12430940E+000  0.72415131E-001  0.10405437E+001  0.43370936E+000
 -0.12431059E+000  0.72408337E-001  0.10405555E+001  0.43370785E+000
 -0.12431170E+000  0.72401658E-001  0.10405674E+001  0.43370648E+000
 -0.12431273E+000  0.72395095E-001  0.10405791E+001  0.43370526E+000
 -0.12431370E+000  0.72388649E-001  0.10405908E+001  0.43370415E+000
 -0.12431461E+000  0.72382321E-001  0.10406025E+001  0.43370316E+000
 -0.12431547E+000  0.72376110E-001  0.10406140E+001  0.43370227E+000
 -0.12431628E+000  0.72370018E-001  0.10406254E+001  0.43370147E+000
 -0.12431705E+000  0.72364044E-001  0.10406366E+001  0.43370077E+000
 -0.12431778E+000  0.72358188E-001  0.10406477E+001  0.43370014E+000
 -0.12431848E+000  0.72352450E-001  0.10406586E+001  0.43369958E+000
 -0.12431914E+000  0.72346831E-001  0.10406694E+001  0.43369909E+000
 -0.12431978E+000  0.72341331E-001  0.10406800E+001  0.43369865E+000
 -0.12432039E+000  0.72335948E-001  0.10406904E+001  0.43369827E+000
 -0.12432097E+000  0.72330683E-001  0.10407005E+001  0.43369794E+000
 -0.12432154E+000  0.72325535E-001  0.10407105E+001  0.43369765E+000
 -0.12432208E+000  0.72320504E-001  0.10407203E+001  0.43369740E+000
 -0.12432261E+000  0.72315590E-001  0.10407298E+001  0.43369719E+000
 -0.12432311E+000  0.72310791E-001  0.10407391E+001  0.43369701E+000
 -0.12432360E+000  0.72306108E-001  0.10407482E+001  0.43369686E+000
 -0.12432408E+000  0.72301540E-001  0.10407571E+001  0.43369673E+000
 -0.12432454E+000  0.72297085E-001  0.10407657E+001  0.43369663E+000
 -0.12432499E+000  0.72292743E-001  0.10407742E+001  0.43369655E+000
 -0.12432542E+000  0.72288513E-001  0.10407824E+001  0.43369650E+000
 -0.12432585E+000  0.72284394E-001  0.10407904E+001  0.43369646E+000
 -0.12432626E+000  0.72280386E-001  0.10407981E+001  0.43369644E+000
 -0.12432665E+000  0.72276486E-001  0.10408057E+001  0.43369643E+000
 -0.12432704E+000  0.72272694E-001  0.10408130E+001  0.43369644E+000
 -0.12432742E+000  0.72269008E-001  0.10408201E+001  0.43369647E+000
 -0.12432778E+000  0.72265427E-001  0.10408270E+001  0.43369650E+000
 -0.12432814E+000  0.72261949E-001  0.10408337E+001  0.43369655E+000
 -0.12432848E+000  0.72258574E-001  0.10408401E+001  0.43369661E+000
 -0.12432882E+000  0.72255300E-001  0.10408464E+001  0.43369667E+000
 -0.12432914E+000  0.72252124E-001  0.10408525E+001  0.43369675E+000
 -0.12432946E+000  0.72249046E-001  0.10408584E+001  0.43369683E+000
 -0.12432976E+000  0.72246064E-001  0.10408641E+001  0.43369693E+000
 -0.12433006E+000  0.72243175E-001  0.10408696E+001  0.43369703E+000
 -0.12433035E+000  0.72240379E-001  0.10408749E+001  0.43369713E+000
 -0.12433063E+000  0.72237673E-001  0.10408801E+001  0.43369724E+000
 -0.12433090E+000  0.72235055E-001  0.10408851E+001  0.43369736E+000
 -0.12433116E+000  0.72232525E-001  0.10408899E+001  0.43369748E+000
 -0.12433141E+000  0.72230079E-001  0.10408945E+001  0.43369761E+000
 -0.12433166E+000  0.72227716E-001  0.10408990E+001  0.43369774E+000
 -0.12433189E+000  0.72225434E-001  0.10409033E+001  0.43369787E+000
 -0.12433212E+000  0.72223230E-001  0.10409075E+001  0.43369801E+000
 -0.12433234E+000  0.72221104E-001  0.10409115E+001  0.43369815E+000
 -0.12433256E+000  0.72219053E-001  0.10409154E+001  0.43369829E+000
 -0.12433276E+000  0.72217075E-001  0.10409192E+001  0.43369844E+000
 -0.12433296E+000  0.72215169E-001  0.10409228E+001  0.43369858E+000
 -0.12433315E+000  0.72213331E-001  0.10409262E+001  0.43369873E+000
 -0.12433334E+000  0.72211561E-001  0.10409296E+001  0.43369888E+000
 -0.12433352E+000  0.72209857E-001  0.10409328E+001  0.43369903E+000
 -0.12433369E+000  0.72208216E-001  0.10409359E+001  0.43369918E+000
 -0.12433386E+000  0.72206636E-001  0.10409389E+001  0.43369934E+000
 -0.12433402E+000  0.72205117E-001  0.10409418E+001  0.43369949E+000
 -0.12433417E+000  0.72203655E-001  0.10409445E+001  0.43369964E+000
 -0.12433432E+000  0.72202250E-001  0.10409472E+001  0.43369980E+000
 -0.12433446E+000  0.72200899E-001  0.10409497E+001  0.43369995E+000
 -0.12433460E+000  0.72199600E-001  0.10409522E+001  0.43370010E+000
 -0.12433473E+000  0.72198353E-001  0.10409545E+001  0.43370025E+000
 -0.12433486E+000  0.72197154E-001  0.10409568E+001  0.43370040E+000
 -0.12433498E+000  0.72196004E-001  0.10409590E+001  0.43370055E+000
 -0.12433510E+000  0.72194899E-001  0.10409610E+001  0.43370070E+000
 -0.12433521E+000  0.72193838E-001  0.10409630E+001  0.43370085E+000
 -0.12433532E+000  0.72192821E-001  0.10409650E+001  0.43370100E+000
 -0.12433542E+000  0.72191844E-001  0.10409668E+001  0.43370114E+000
 -0.12433552E+000  0.72190908E-001  0.10409686E+001  0.43370129E+000
 -0.12433562E+000  0.72190010E-001  0.10409703E+001  0.43370143E+000
 -0.12433571E+000  0.72189148E-001  0.10409719E+001  0.43370157E+000
 -0.12433580E+000  0.72188323E-001  0.10409735E+001  0.43370171E+000
 -0.12433588E+000  0.72187532E-001  0.10409750E+001  0.43370184E+000
 -0.12433596E+000  0.72186773E-001  0.10409764E+001  0.43370198E+000
 -0.12433604E+000  0.72186047E-001  0.10409778E+001  0.43370211E+000
 -0.12433611E+000  0.72185351E-001  0.10409791E+001  0.43370224E+000
 -0.12433619E+000  0.72184684E-001  0.10409804E+001  0.43370237E+000
 -0.12433625E+000  0.72184046E-001  0.10409816E+001  0.43370249E+000
 -0.12433632E+000  0.72183435E-001  0.10409827E+001  0.43370262E+000
 -0.12433638E+000  0.72182850E-001  0.10409838E+001  0.43370274E+000
 -0.12433644E+000  0.72182290E-001  0.10409849E+001  0.43370286E+000
 -0.12433650E+000  0.72181754E-001  0.10409859E+001  0.43370298E+000
 -0.12433656E+000  0.72181241E-001  0.10409869E+001  0.43370309E+000
 -0.12433661E+000  0.72180750E-001  0.10409878E+001  0.43370320E+000
 -0.12433666E+000  0.72180281E-001  0.10409887E+001  0.43370331E+000
 -0.12433671E+000  0.72179832E-001  0.10409896E+001  0.43370342E+000
 -0.12433675E+000  0.72179402E-001  0.10409904E+001  0.43370353E+000
 -0.12433680E+000  0.72178991E-001  0.10409912E+001  0.43370363E+000
 -0.12433684E+000  0.72178598E-001  0.10409919E+001  0.43370373E+000
 -0.12433688E+000  0.72178223E-001  0.10409926E+001  0.43370383E+000
 -0.12433692E+000  0.72177864E-001  0.10409933E+001  0.43370393E+000
 -0.12433696E+000  0.72177521E-001  0.10409940E+001  0.43370402E+000
 -0.12433699E+000  0.72177193E-001  0.10409946E+001  0.43370411E+000
 -0.12433703E+000  0.72176880E-001  0.10409952E+001  0.43370420E+000
 -0.12433706E+000  0.72176580E-001  0.10409958E+001  0.43370429E+000
 -0.12433709E+000  0.72176294E-001  0.10409963E+001  0.43370438E+000
 -0.12433712E+000  0.72176021E-001  0.10409968E+001  0.43370446E+000
 -0.12433715E+000  0.72175761E-001  0.10409973E+001  0.43370454E+000
 -0.12433718E+000  0.72175512E-001  0.10409978E+001  0.43370462E+000
 -0.12433720E+000  0.72175275E-001  0.10409982E+001  0.43370470E+000
 -0.12433723E+000  0.72175048E-001  0.10409987E+001  0.43370477E+000
 -0.12433725E+000  0.72174833E-001  0.10409991E+001  0.43370484E+000
 -0.12433727E+000  0.72174627E-001  0.10409995E+001  0.43370492E+000
 -0.12433730E+000  0.72174432E-001  0.10409999E+001  0.43370498E+000
 -0.12433732E+000  0.72174246E-001  0.10410002E+001  0.43370505E+000
 -0.12433734E+000  0.72174070E-001  0.10410005E+001  0.43370512E+000
 -0.12433736E+000  0.72173902E-001  0.10410009E+001  0.43370518E+000
 -0.12433737E+000  0.72173744E-001  0.10410012E+001  0.43370524E+000
 -0.12433739E+000  0.72173594E-001  0.10410015E+001  0.43370530E+000
 -0.12433741E+000  0.72173453E-001  0.10410017E+001  0.43370536E+000
 -0.12433742E+000  0.72173322E-001  0.10410020E+001  0.43370542E+000
 -0.12433743E+000  0.72173204E-001  0.10410022E+001  0.43370548E+000
 -0.12433743E+000  0.72173098E-001  0.10410025E+001  0.43370554E+000
