  0.11497448E+001
  0.11494259E+001
  0.11491654E+001
  0.11489368E+001
  0.11487483E+001
  0.11485890E+001
  0.11484532E+001
  0.11483367E+001
  0.11482363E+001
  0.11481491E+001
  0.11480731E+001
  0.11480066E+001
  0.11479481E+001
  0.11478965E+001
  0.11478507E+001
  0.11478100E+001
  0.11477735E+001
  0.11477408E+001
  0.11477113E+001
  0.11476846E+001
  0.11476604E+001
  0.11476383E+001
  0.11476180E+001
  0.11475994E+001
  0.11475822E+001
  0.11475663E+001
  0.11475515E+001
  0.11475377E+001
  0.11475248E+001
  0.11475127E+001
  0.11475013E+001
  0.11474906E+001
  0.11474804E+001
  0.11474708E+001
  0.11474617E+001
  0.11474531E+001
  0.11474449E+001
  0.11474371E+001
  0.11474297E+001
  0.11474227E+001
  0.11474159E+001
  0.11474096E+001
  0.11474035E+001
  0.11473978E+001
  0.11473923E+001
  0.11473871E+001
  0.11473822E+001
  0.11473776E+001
  0.11473732E+001
  0.11473691E+001
  0.11473652E+001
  0.11473615E+001
  0.11473580E+001
  0.11473548E+001
  0.11473517E+001
  0.11473489E+001
  0.11473462E+001
  0.11473437E+001
  0.11473414E+001
  0.11473393E+001
  0.11473373E+001
  0.11473354E+001
  0.11473337E+001
  0.11473321E+001
  0.11473307E+001
  0.11473293E+001
  0.11473281E+001
  0.11473270E+001
  0.11473260E+001
  0.11473251E+001
  0.11473243E+001
  0.11473236E+001
  0.11473229E+001
  0.11473223E+001
  0.11473219E+001
  0.11473214E+001
  0.11473211E+001
  0.11473208E+001
  0.11473205E+001
  0.11473203E+001
  0.11473202E+001
  0.11473201E+001
  0.11473200E+001
  0.11473200E+001
  0.11473200E+001
  0.11473200E+001
  0.11473201E+001
  0.11473202E+001
  0.11473203E+001
  0.11473205E+001
  0.11473207E+001
  0.11473209E+001
  0.11473211E+001
  0.11473213E+001
  0.11473216E+001
  0.11473218E+001
  0.11473221E+001
  0.11473224E+001
  0.11473227E+001
  0.11473230E+001
  0.11473234E+001
  0.11473237E+001
  0.11473241E+001
  0.11473244E+001
  0.11473248E+001
  0.11473252E+001
  0.11473256E+001
  0.11473260E+001
  0.11473264E+001
  0.11473268E+001
  0.11473272E+001
  0.11473277E+001
  0.11473281E+001
  0.11473286E+001
  0.11473291E+001
  0.11473295E+001
  0.11473300E+001
  0.11473305E+001
  0.11473310E+001
  0.11473315E+001
  0.11473320E+001
  0.11473325E+001
  0.11473331E+001
  0.11473336E+001
  0.11473341E+001
  0.11473347E+001
  0.11473352E+001
  0.11473358E+001
  0.11473364E+001
  0.11473369E+001
  0.11473375E+001
  0.11473381E+001
  0.11473386E+001
  0.11473392E+001
  0.11473398E+001
  0.11473404E+001
  0.11473409E+001
  0.11473415E+001
  0.11473421E+001
  0.11473426E+001
  0.11473432E+001
  0.11473437E+001
  0.11473442E+001
  0.11473447E+001
  0.11473452E+001
  0.11473457E+001
  0.11473462E+001
  0.11473466E+001
  0.11473470E+001
  0.11473474E+001
  0.11473478E+001
  0.11473482E+001
  0.11473485E+001
  0.11473488E+001
  0.11473491E+001
  0.11473493E+001
  0.11473495E+001
  0.11473497E+001
  0.11473498E+001
  0.11473499E+001
  0.11473500E+001
  0.11473501E+001
  0.11473501E+001
  0.11473501E+001
  0.11473500E+001
  0.11473499E+001
  0.11473498E+001
  0.11473497E+001
  0.11473495E+001
  0.11473493E+001
  0.11473491E+001
  0.11473488E+001
  0.11473486E+001
  0.11473483E+001
  0.11473480E+001
  0.11473476E+001
  0.11473473E+001
  0.11473469E+001
  0.11473465E+001
  0.11473461E+001
  0.11473457E+001
  0.11473453E+001
  0.11473449E+001
  0.11473444E+001
  0.11473440E+001
  0.11473435E+001
  0.11473431E+001
  0.11473427E+001
  0.11473422E+001
  0.11473418E+001
  0.11473414E+001
  0.11473410E+001
  0.11473406E+001
  0.11473402E+001
  0.11473398E+001
  0.11473394E+001
  0.11473391E+001
  0.11473389E+001
  0.11473387E+001
  0.11473389E+001
