 -0.37084109E+000
 -0.37053666E+000
 -0.37065695E+000
 -0.37078504E+000
 -0.37089609E+000
 -0.37099303E+000
 -0.37107853E+000
 -0.37115426E+000
 -0.37122155E+000
 -0.37128127E+000
 -0.37133441E+000
 -0.37138179E+000
 -0.37142422E+000
 -0.37146242E+000
 -0.37149700E+000
 -0.37152845E+000
 -0.37155722E+000
 -0.37158373E+000
 -0.37160815E+000
 -0.37163044E+000
 -0.37165084E+000
 -0.37166953E+000
 -0.37168672E+000
 -0.37170254E+000
 -0.37171715E+000
 -0.37173067E+000
 -0.37174322E+000
 -0.37175488E+000
 -0.37176564E+000
 -0.37177579E+000
 -0.37178521E+000
 -0.37179395E+000
 -0.37180207E+000
 -0.37180962E+000
 -0.37181667E+000
 -0.37182325E+000
 -0.37182941E+000
 -0.37183518E+000
 -0.37184059E+000
 -0.37184567E+000
 -0.37185045E+000
 -0.37185494E+000
 -0.37185917E+000
 -0.37186315E+000
 -0.37186691E+000
 -0.37187045E+000
 -0.37187379E+000
 -0.37187695E+000
 -0.37187993E+000
 -0.37188275E+000
 -0.37188541E+000
 -0.37188792E+000
 -0.37189029E+000
 -0.37189252E+000
 -0.37189463E+000
 -0.37189660E+000
 -0.37189846E+000
 -0.37190020E+000
 -0.37190183E+000
 -0.37190335E+000
 -0.37190475E+000
 -0.37190605E+000
 -0.37190724E+000
 -0.37190833E+000
 -0.37190932E+000
 -0.37191021E+000
 -0.37191099E+000
 -0.37191168E+000
 -0.37191227E+000
 -0.37191276E+000
 -0.37191316E+000
 -0.37191346E+000
 -0.37191367E+000
 -0.37191378E+000
 -0.37191381E+000
 -0.37191374E+000
 -0.37191359E+000
 -0.37191334E+000
 -0.37191301E+000
 -0.37191260E+000
 -0.37191210E+000
 -0.37191153E+000
 -0.37191088E+000
 -0.37191015E+000
 -0.37190935E+000
 -0.37190848E+000
 -0.37190754E+000
 -0.37190654E+000
 -0.37190547E+000
 -0.37190435E+000
 -0.37190317E+000
 -0.37190194E+000
 -0.37190066E+000
 -0.37189933E+000
 -0.37189796E+000
 -0.37189655E+000
 -0.37189510E+000
 -0.37189362E+000
 -0.37189210E+000
 -0.37189056E+000
 -0.37188899E+000
 -0.37188740E+000
 -0.37188578E+000
 -0.37188415E+000
 -0.37188250E+000
 -0.37188084E+000
 -0.37187916E+000
 -0.37187748E+000
 -0.37187578E+000
 -0.37187409E+000
 -0.37187238E+000
 -0.37187068E+000
 -0.37186898E+000
 -0.37186727E+000
 -0.37186557E+000
 -0.37186387E+000
 -0.37186218E+000
 -0.37186049E+000
 -0.37185881E+000
 -0.37185714E+000
 -0.37185547E+000
 -0.37185382E+000
 -0.37185217E+000
 -0.37185054E+000
 -0.37184892E+000
 -0.37184731E+000
 -0.37184572E+000
 -0.37184414E+000
 -0.37184257E+000
 -0.37184102E+000
 -0.37183948E+000
 -0.37183796E+000
 -0.37183645E+000
 -0.37183496E+000
 -0.37183348E+000
 -0.37183203E+000
 -0.37183058E+000
 -0.37182916E+000
 -0.37182775E+000
 -0.37182636E+000
 -0.37182499E+000
 -0.37182363E+000
 -0.37182230E+000
 -0.37182098E+000
 -0.37181967E+000
 -0.37181839E+000
 -0.37181712E+000
 -0.37181587E+000
 -0.37181464E+000
 -0.37181343E+000
 -0.37181223E+000
 -0.37181106E+000
 -0.37180990E+000
 -0.37180875E+000
 -0.37180763E+000
 -0.37180652E+000
 -0.37180543E+000
 -0.37180436E+000
 -0.37180331E+000
 -0.37180227E+000
 -0.37180125E+000
 -0.37180025E+000
 -0.37179926E+000
 -0.37179830E+000
 -0.37179735E+000
 -0.37179641E+000
 -0.37179549E+000
 -0.37179459E+000
 -0.37179371E+000
 -0.37179284E+000
 -0.37179199E+000
 -0.37179115E+000
 -0.37179033E+000
 -0.37178953E+000
 -0.37178874E+000
 -0.37178797E+000
 -0.37178721E+000
 -0.37178647E+000
 -0.37178574E+000
 -0.37178503E+000
 -0.37178433E+000
 -0.37178364E+000
 -0.37178298E+000
 -0.37178232E+000
 -0.37178168E+000
 -0.37178105E+000
 -0.37178044E+000
 -0.37177984E+000
 -0.37177926E+000
 -0.37177868E+000
 -0.37177812E+000
 -0.37177758E+000
 -0.37177704E+000
 -0.37177652E+000
 -0.37177601E+000
 -0.37177551E+000
 -0.37177502E+000
 -0.37177455E+000
 -0.37177409E+000
 -0.37177365E+000
