  0.99953673E+000
  0.99401130E+000
  0.99016198E+000
  0.98706229E+000
  0.98451513E+000
  0.98241961E+000
  0.98085702E+000
  0.97946642E+000
  0.97837558E+000
  0.97744501E+000
  0.97659977E+000
  0.97595603E+000
  0.97541221E+000
  0.97481063E+000
  0.97451126E+000
  0.97420014E+000
  0.97395510E+000
  0.97374465E+000
  0.97355837E+000
  0.97340927E+000
  0.97327782E+000
  0.97318231E+000
  0.97310579E+000
  0.97304248E+000
  0.97299098E+000
  0.97295015E+000
  0.97291823E+000
  0.97289378E+000
  0.97287548E+000
  0.97286222E+000
  0.97285299E+000
  0.97284690E+000
  0.97283992E+000
  0.97283876E+000
  0.97283877E+000
  0.97283674E+000
  0.97283909E+000
  0.97284177E+000
  0.97284451E+000
  0.97284713E+000
  0.97284951E+000
  0.97285159E+000
  0.97285336E+000
  0.97285484E+000
  0.97285606E+000
  0.97285708E+000
  0.97285800E+000
  0.97285888E+000
  0.97285985E+000
  0.97286101E+000
  0.97286246E+000
  0.97286633E+000
  0.97286821E+000
  0.97286942E+000
  0.97287261E+000
  0.97287366E+000
  0.97287400E+000
  0.97287428E+000
  0.97287457E+000
  0.97287488E+000
  0.97287518E+000
  0.97287546E+000
  0.97287569E+000
  0.97287588E+000
  0.97287602E+000
  0.97287611E+000
  0.97287616E+000
  0.97287615E+000
  0.97287611E+000
  0.97287602E+000
  0.97287588E+000
  0.97287570E+000
  0.97287549E+000
  0.97287525E+000
  0.97287498E+000
  0.97287468E+000
  0.97287436E+000
  0.97287401E+000
  0.97287365E+000
  0.97287328E+000
  0.97287289E+000
  0.97287249E+000
  0.97287209E+000
  0.97287168E+000
  0.97287128E+000
  0.97287088E+000
  0.97287048E+000
  0.97287009E+000
  0.97286971E+000
  0.97286935E+000
  0.97286899E+000
  0.97286866E+000
  0.97286833E+000
  0.97286803E+000
  0.97286774E+000
  0.97286747E+000
  0.97286722E+000
  0.97286698E+000
  0.97286677E+000
  0.97286658E+000
  0.97286640E+000
  0.97286625E+000
  0.97286611E+000
  0.97286600E+000
  0.97286590E+000
  0.97286582E+000
  0.97286576E+000
  0.97286571E+000
  0.97286568E+000
  0.97286567E+000
  0.97286567E+000
  0.97286569E+000
  0.97286571E+000
  0.97286576E+000
  0.97286581E+000
  0.97286587E+000
  0.97286595E+000
  0.97286604E+000
  0.97286613E+000
  0.97286623E+000
  0.97286635E+000
  0.97286646E+000
  0.97286659E+000
  0.97286672E+000
  0.97286686E+000
  0.97286700E+000
  0.97286714E+000
  0.97286729E+000
  0.97286744E+000
  0.97286760E+000
  0.97286776E+000
  0.97286792E+000
  0.97286808E+000
  0.97286825E+000
  0.97286841E+000
  0.97286858E+000
  0.97286875E+000
  0.97286891E+000
  0.97286908E+000
  0.97286925E+000
  0.97286942E+000
  0.97286959E+000
  0.97286976E+000
  0.97286993E+000
  0.97287009E+000
  0.97287026E+000
  0.97287043E+000
  0.97287059E+000
  0.97287076E+000
  0.97287092E+000
  0.97287109E+000
  0.97287125E+000
  0.97287141E+000
  0.97287157E+000
  0.97287173E+000
  0.97287188E+000
  0.97287204E+000
  0.97287219E+000
  0.97287235E+000
  0.97287250E+000
  0.97287265E+000
  0.97287280E+000
  0.97287294E+000
  0.97287309E+000
  0.97287323E+000
  0.97287337E+000
  0.97287350E+000
  0.97287364E+000
  0.97287377E+000
  0.97287390E+000
  0.97287403E+000
  0.97287416E+000
  0.97287428E+000
  0.97287440E+000
  0.97287452E+000
  0.97287463E+000
  0.97287474E+000
  0.97287485E+000
  0.97287495E+000
  0.97287505E+000
  0.97287515E+000
  0.97287525E+000
  0.97287534E+000
  0.97287543E+000
  0.97287551E+000
  0.97287559E+000
  0.97287567E+000
  0.97287574E+000
  0.97287581E+000
  0.97287588E+000
  0.97287595E+000
  0.97287601E+000
  0.97287606E+000
  0.97287612E+000
  0.97287617E+000
  0.97287622E+000
  0.97287627E+000
  0.97287631E+000
  0.97287636E+000
  0.97287640E+000
