  0.50212243E+000
  0.50048558E+000
  0.49962059E+000
  0.49898714E+000
  0.49848329E+000
  0.49807258E+000
  0.49773495E+000
  0.49745572E+000
  0.49722359E+000
  0.49702921E+000
  0.49686557E+000
  0.49672817E+000
  0.49661241E+000
  0.49651492E+000
  0.49643224E+000
  0.49636202E+000
  0.49630237E+000
  0.49625159E+000
  0.49620835E+000
  0.49617156E+000
  0.49614033E+000
  0.49611389E+000
  0.49609155E+000
  0.49607285E+000
  0.49605733E+000
  0.49604460E+000
  0.49603430E+000
  0.49602613E+000
  0.49601979E+000
  0.49601507E+000
  0.49601170E+000
  0.49600947E+000
  0.49600821E+000
  0.49600773E+000
  0.49600790E+000
  0.49600857E+000
  0.49600963E+000
  0.49601097E+000
  0.49601251E+000
  0.49601417E+000
  0.49601588E+000
  0.49601760E+000
  0.49601929E+000
  0.49602090E+000
  0.49602243E+000
  0.49602385E+000
  0.49602516E+000
  0.49602635E+000
  0.49602742E+000
  0.49602837E+000
  0.49602921E+000
  0.49602995E+000
  0.49603059E+000
  0.49603115E+000
  0.49603163E+000
  0.49603204E+000
  0.49603239E+000
  0.49603270E+000
  0.49603296E+000
  0.49603319E+000
  0.49603339E+000
  0.49603357E+000
  0.49603373E+000
  0.49603388E+000
  0.49603403E+000
  0.49603417E+000
  0.49603431E+000
  0.49603446E+000
  0.49603461E+000
  0.49603476E+000
  0.49603493E+000
  0.49603511E+000
  0.49603531E+000
  0.49603551E+000
  0.49603573E+000
  0.49603597E+000
  0.49603622E+000
  0.49603649E+000
  0.49603678E+000
  0.49603708E+000
  0.49603739E+000
  0.49603772E+000
  0.49603807E+000
  0.49603843E+000
  0.49603881E+000
  0.49603919E+000
  0.49603959E+000
  0.49604000E+000
  0.49604043E+000
  0.49604086E+000
  0.49604130E+000
  0.49604175E+000
  0.49604221E+000
  0.49604267E+000
  0.49604314E+000
  0.49604361E+000
  0.49604409E+000
  0.49604457E+000
  0.49604505E+000
  0.49604553E+000
  0.49604602E+000
  0.49604650E+000
  0.49604698E+000
  0.49604746E+000
  0.49604794E+000
  0.49604842E+000
  0.49604890E+000
  0.49604937E+000
  0.49604983E+000
  0.49605030E+000
  0.49605075E+000
  0.49605121E+000
  0.49605165E+000
  0.49605210E+000
  0.49605253E+000
  0.49605296E+000
  0.49605338E+000
  0.49605380E+000
  0.49605421E+000
  0.49605461E+000
  0.49605501E+000
  0.49605540E+000
  0.49605578E+000
  0.49605615E+000
  0.49605652E+000
  0.49605688E+000
  0.49605723E+000
  0.49605758E+000
  0.49605791E+000
  0.49605824E+000
  0.49605857E+000
  0.49605888E+000
  0.49605919E+000
  0.49605949E+000
  0.49605978E+000
  0.49606007E+000
  0.49606035E+000
  0.49606062E+000
  0.49606089E+000
  0.49606115E+000
  0.49606140E+000
  0.49606165E+000
  0.49606189E+000
  0.49606212E+000
  0.49606235E+000
  0.49606257E+000
  0.49606279E+000
  0.49606300E+000
  0.49606320E+000
  0.49606340E+000
  0.49606359E+000
  0.49606378E+000
  0.49606396E+000
  0.49606414E+000
  0.49606431E+000
  0.49606448E+000
  0.49606464E+000
  0.49606480E+000
  0.49606495E+000
  0.49606510E+000
  0.49606525E+000
  0.49606538E+000
  0.49606552E+000
  0.49606565E+000
  0.49606578E+000
  0.49606590E+000
  0.49606602E+000
  0.49606614E+000
  0.49606625E+000
  0.49606636E+000
  0.49606647E+000
  0.49606657E+000
  0.49606667E+000
  0.49606676E+000
  0.49606686E+000
  0.49606695E+000
  0.49606703E+000
  0.49606712E+000
  0.49606720E+000
  0.49606728E+000
  0.49606736E+000
  0.49606743E+000
  0.49606750E+000
  0.49606757E+000
  0.49606764E+000
  0.49606770E+000
  0.49606776E+000
  0.49606783E+000
  0.49606788E+000
  0.49606794E+000
  0.49606800E+000
  0.49606805E+000
  0.49606810E+000
  0.49606815E+000
  0.49606820E+000
  0.49606824E+000
  0.49606829E+000
  0.49606833E+000
  0.49606837E+000
  0.49606842E+000
