  0.15099244E+001
  0.15081125E+001
  0.15068561E+001
  0.15058416E+001
  0.15050037E+001
  0.15043107E+001
  0.15037943E+001
  0.15033303E+001
  0.15029642E+001
  0.15026507E+001
  0.15023635E+001
  0.15021413E+001
  0.15019546E+001
  0.15017467E+001
  0.15016454E+001
  0.15015384E+001
  0.15014536E+001
  0.15013801E+001
  0.15013151E+001
  0.15012633E+001
  0.15012175E+001
  0.15011843E+001
  0.15011576E+001
  0.15011353E+001
  0.15011170E+001
  0.15011024E+001
  0.15010909E+001
  0.15010818E+001
  0.15010749E+001
  0.15010697E+001
  0.15010658E+001
  0.15010630E+001
  0.15010597E+001
  0.15010585E+001
  0.15010576E+001
  0.15010558E+001
  0.15010556E+001
  0.15010553E+001
  0.15010550E+001
  0.15010546E+001
  0.15010541E+001
  0.15010534E+001
  0.15010525E+001
  0.15010515E+001
  0.15010504E+001
  0.15010492E+001
  0.15010479E+001
  0.15010466E+001
  0.15010454E+001
  0.15010443E+001
  0.15010433E+001
  0.15010432E+001
  0.15010424E+001
  0.15010415E+001
  0.15010414E+001
  0.15010405E+001
  0.15010395E+001
  0.15010384E+001
  0.15010374E+001
  0.15010364E+001
  0.15010354E+001
  0.15010344E+001
  0.15010335E+001
  0.15010326E+001
  0.15010317E+001
  0.15010308E+001
  0.15010299E+001
  0.15010291E+001
  0.15010282E+001
  0.15010274E+001
  0.15010265E+001
  0.15010257E+001
  0.15010249E+001
  0.15010241E+001
  0.15010233E+001
  0.15010225E+001
  0.15010217E+001
  0.15010210E+001
  0.15010202E+001
  0.15010195E+001
  0.15010187E+001
  0.15010180E+001
  0.15010173E+001
  0.15010166E+001
  0.15010159E+001
  0.15010153E+001
  0.15010147E+001
  0.15010141E+001
  0.15010135E+001
  0.15010129E+001
  0.15010124E+001
  0.15010119E+001
  0.15010114E+001
  0.15010109E+001
  0.15010105E+001
  0.15010101E+001
  0.15010097E+001
  0.15010094E+001
  0.15010091E+001
  0.15010088E+001
  0.15010085E+001
  0.15010082E+001
  0.15010080E+001
  0.15010078E+001
  0.15010076E+001
  0.15010074E+001
  0.15010072E+001
  0.15010071E+001
  0.15010069E+001
  0.15010068E+001
  0.15010067E+001
  0.15010065E+001
  0.15010064E+001
  0.15010063E+001
  0.15010062E+001
  0.15010061E+001
  0.15010060E+001
  0.15010059E+001
  0.15010058E+001
  0.15010056E+001
  0.15010055E+001
  0.15010054E+001
  0.15010052E+001
  0.15010051E+001
  0.15010049E+001
  0.15010047E+001
  0.15010045E+001
  0.15010043E+001
  0.15010040E+001
  0.15010038E+001
  0.15010035E+001
  0.15010032E+001
  0.15010029E+001
  0.15010026E+001
  0.15010022E+001
  0.15010018E+001
  0.15010015E+001
  0.15010010E+001
  0.15010006E+001
  0.15010002E+001
  0.15009997E+001
  0.15009992E+001
  0.15009987E+001
  0.15009981E+001
  0.15009976E+001
  0.15009970E+001
  0.15009964E+001
  0.15009958E+001
  0.15009952E+001
  0.15009946E+001
  0.15009939E+001
  0.15009932E+001
  0.15009926E+001
  0.15009919E+001
  0.15009912E+001
  0.15009905E+001
  0.15009898E+001
  0.15009891E+001
  0.15009883E+001
  0.15009876E+001
  0.15009869E+001
  0.15009862E+001
  0.15009854E+001
  0.15009847E+001
  0.15009840E+001
  0.15009833E+001
  0.15009826E+001
  0.15009818E+001
  0.15009811E+001
  0.15009805E+001
  0.15009798E+001
  0.15009791E+001
  0.15009784E+001
  0.15009778E+001
  0.15009771E+001
  0.15009765E+001
  0.15009759E+001
  0.15009753E+001
  0.15009747E+001
  0.15009741E+001
  0.15009735E+001
  0.15009730E+001
  0.15009724E+001
  0.15009719E+001
  0.15009714E+001
  0.15009709E+001
  0.15009704E+001
  0.15009700E+001
  0.15009695E+001
  0.15009691E+001
  0.15009687E+001
  0.15009683E+001
  0.15009679E+001
  0.15009676E+001
  0.15009672E+001
  0.15009669E+001
  0.15009665E+001
  0.15009662E+001
  0.15009659E+001
  0.15009657E+001
