  0.65309810E+000  0.99028053E+000  0.13188508E+001  0.32864986E+001
  0.65255846E+000  0.98943016E+000  0.13172697E+001  0.32847649E+001
  0.65210051E+000  0.98871703E+000  0.13160497E+001  0.32832981E+001
  0.65170904E+000  0.98811142E+000  0.13150584E+001  0.32820473E+001
  0.65137776E+000  0.98760039E+000  0.13142417E+001  0.32809924E+001
  0.65110018E+000  0.98717263E+000  0.13135729E+001  0.32801103E+001
  0.65086801E+000  0.98681481E+000  0.13130507E+001  0.32793740E+001
  0.65067315E+000  0.98651437E+000  0.13126272E+001  0.32787528E+001
  0.65050930E+000  0.98626150E+000  0.13122678E+001  0.32782287E+001
  0.65037138E+000  0.98604835E+000  0.13119611E+001  0.32777858E+001
  0.65025515E+000  0.98586841E+000  0.13117018E+001  0.32774104E+001
  0.65015724E+000  0.98571649E+000  0.13114837E+001  0.32770923E+001
  0.65007483E+000  0.98558826E+000  0.13113007E+001  0.32768229E+001
  0.65000550E+000  0.98548002E+000  0.13111473E+001  0.32765945E+001
  0.64994738E+000  0.98538888E+000  0.13110191E+001  0.32764015E+001
  0.64989863E+000  0.98531211E+000  0.13109120E+001  0.32762382E+001
  0.64985779E+000  0.98524752E+000  0.13108225E+001  0.32761000E+001
  0.64982378E+000  0.98519342E+000  0.13107480E+001  0.32759835E+001
  0.64979548E+000  0.98514809E+000  0.13106861E+001  0.32758852E+001
  0.64977204E+000  0.98511021E+000  0.13106348E+001  0.32758026E+001
  0.64975273E+000  0.98507868E+000  0.13105924E+001  0.32757333E+001
  0.64973694E+000  0.98505253E+000  0.13105575E+001  0.32756754E+001
  0.64972412E+000  0.98503096E+000  0.13105290E+001  0.32756273E+001
  0.64971382E+000  0.98501326E+000  0.13105059E+001  0.32755874E+001
  0.64970565E+000  0.98499884E+000  0.13104873E+001  0.32755546E+001
  0.64969927E+000  0.98498719E+000  0.13104724E+001  0.32755278E+001
  0.64969440E+000  0.98497787E+000  0.13104607E+001  0.32755061E+001
  0.64969078E+000  0.98497049E+000  0.13104518E+001  0.32754886E+001
  0.64968821E+000  0.98496474E+000  0.13104452E+001  0.32754747E+001
  0.64968649E+000  0.98496033E+000  0.13104404E+001  0.32754637E+001
  0.64968548E+000  0.98495704E+000  0.13104371E+001  0.32754553E+001
  0.64968502E+000  0.98495465E+000  0.13104350E+001  0.32754490E+001
  0.64968501E+000  0.98495299E+000  0.13104339E+001  0.32754445E+001
  0.64968535E+000  0.98495191E+000  0.13104335E+001  0.32754414E+001
  0.64968595E+000  0.98495129E+000  0.13104338E+001  0.32754394E+001
  0.64968674E+000  0.98495102E+000  0.13104345E+001  0.32754383E+001
  0.64968766E+000  0.98495101E+000  0.13104356E+001  0.32754380E+001
  0.64968865E+000  0.98495119E+000  0.13104369E+001  0.32754382E+001
  0.64968969E+000  0.98495150E+000  0.13104383E+001  0.32754389E+001
  0.64969073E+000  0.98495189E+000  0.13104399E+001  0.32754399E+001
  0.64969175E+000  0.98495232E+000  0.13104415E+001  0.32754411E+001
  0.64969272E+000  0.98495275E+000  0.13104431E+001  0.32754424E+001
  0.64969364E+000  0.98495317E+000  0.13104446E+001  0.32754438E+001
  0.64969448E+000  0.98495354E+000  0.13104461E+001  0.32754452E+001
  0.64969524E+000  0.98495386E+000  0.13104475E+001  0.32754466E+001
  0.64969592E+000  0.98495412E+000  0.13104488E+001  0.32754480E+001
  0.64969651E+000  0.98495430E+000  0.13104500E+001  0.32754493E+001
  0.64969701E+000  0.98495441E+000  0.13104511E+001  0.32754506E+001
  0.64969742E+000  0.98495443E+000  0.13104520E+001  0.32754517E+001
  0.64969775E+000  0.98495438E+000  0.13104529E+001  0.32754528E+001
  0.64969799E+000  0.98495424E+000  0.13104536E+001  0.32754537E+001
  0.64969815E+000  0.98495402E+000  0.13104542E+001  0.32754546E+001
  0.64969823E+000  0.98495371E+000  0.13104546E+001  0.32754553E+001
  0.64969823E+000  0.98495333E+000  0.13104549E+001  0.32754559E+001
  0.64969816E+000  0.98495286E+000  0.13104551E+001  0.32754564E+001
  0.64969801E+000  0.98495231E+000  0.13104552E+001  0.32754568E+001
  0.64969781E+000  0.98495169E+000  0.13104551E+001  0.32754570E+001
  0.64969754E+000  0.98495100E+000  0.13104550E+001  0.32754571E+001
  0.64969722E+000  0.98495024E+000  0.13104547E+001  0.32754572E+001
  0.64969684E+000  0.98494942E+000  0.13104543E+001  0.32754571E+001
  0.64969641E+000  0.98494854E+000  0.13104538E+001  0.32754570E+001
  0.64969594E+000  0.98494760E+000  0.13104532E+001  0.32754567E+001
  0.64969543E+000  0.98494662E+000  0.13104525E+001  0.32754564E+001
  0.64969488E+000  0.98494559E+000  0.13104517E+001  0.32754560E+001
  0.64969430E+000  0.98494451E+000  0.13104508E+001  0.32754555E+001
  0.64969369E+000  0.98494341E+000  0.13104499E+001  0.32754550E+001
  0.64969305E+000  0.98494227E+000  0.13104489E+001  0.32754545E+001
  0.64969240E+000  0.98494111E+000  0.13104478E+001  0.32754539E+001
  0.64969172E+000  0.98493993E+000  0.13104467E+001  0.32754533E+001
  0.64969102E+000  0.98493873E+000  0.13104456E+001  0.32754528E+001
  0.64969031E+000  0.98493751E+000  0.13104444E+001  0.32754522E+001
  0.64968959E+000  0.98493628E+000  0.13104432E+001  0.32754516E+001
  0.64968886E+000  0.98493505E+000  0.13104419E+001  0.32754510E+001
  0.64968812E+000  0.98493380E+000  0.13104406E+001  0.32754504E+001
  0.64968737E+000  0.98493256E+000  0.13104393E+001  0.32754499E+001
  0.64968662E+000  0.98493132E+000  0.13104380E+001  0.32754494E+001
  0.64968587E+000  0.98493007E+000  0.13104367E+001  0.32754490E+001
  0.64968512E+000  0.98492884E+000  0.13104353E+001  0.32754486E+001
  0.64968437E+000  0.98492761E+000  0.13104340E+001  0.32754483E+001
  0.64968363E+000  0.98492639E+000  0.13104327E+001  0.32754480E+001
  0.64968289E+000  0.98492518E+000  0.13104313E+001  0.32754479E+001
  0.64968215E+000  0.98492398E+000  0.13104300E+001  0.32754477E+001
  0.64968142E+000  0.98492279E+000  0.13104287E+001  0.32754477E+001
  0.64968069E+000  0.98492162E+000  0.13104274E+001  0.32754477E+001
  0.64967998E+000  0.98492047E+000  0.13104261E+001  0.32754479E+001
  0.64967927E+000  0.98491933E+000  0.13104248E+001  0.32754481E+001
  0.64967857E+000  0.98491820E+000  0.13104236E+001  0.32754484E+001
  0.64967788E+000  0.98491710E+000  0.13104223E+001  0.32754487E+001
  0.64967720E+000  0.98491601E+000  0.13104211E+001  0.32754492E+001
  0.64967653E+000  0.98491495E+000  0.13104199E+001  0.32754497E+001
  0.64967588E+000  0.98491390E+000  0.13104187E+001  0.32754503E+001
  0.64967523E+000  0.98491288E+000  0.13104175E+001  0.32754510E+001
  0.64967460E+000  0.98491187E+000  0.13104164E+001  0.32754518E+001
  0.64967397E+000  0.98491089E+000  0.13104153E+001  0.32754526E+001
  0.64967336E+000  0.98490993E+000  0.13104141E+001  0.32754535E+001
  0.64967276E+000  0.98490898E+000  0.13104131E+001  0.32754545E+001
  0.64967218E+000  0.98490806E+000  0.13104120E+001  0.32754556E+001
  0.64967160E+000  0.98490717E+000  0.13104110E+001  0.32754567E+001
  0.64967104E+000  0.98490629E+000  0.13104100E+001  0.32754578E+001
  0.64967049E+000  0.98490544E+000  0.13104090E+001  0.32754590E+001
  0.64966995E+000  0.98490461E+000  0.13104080E+001  0.32754603E+001
  0.64966942E+000  0.98490380E+000  0.13104070E+001  0.32754616E+001
  0.64966891E+000  0.98490301E+000  0.13104061E+001  0.32754629E+001
  0.64966840E+000  0.98490225E+000  0.13104052E+001  0.32754643E+001
  0.64966791E+000  0.98490151E+000  0.13104043E+001  0.32754657E+001
  0.64966744E+000  0.98490079E+000  0.13104035E+001  0.32754671E+001
  0.64966697E+000  0.98490009E+000  0.13104026E+001  0.32754685E+001
  0.64966652E+000  0.98489942E+000  0.13104018E+001  0.32754700E+001
  0.64966608E+000  0.98489877E+000  0.13104010E+001  0.32754715E+001
  0.64966565E+000  0.98489814E+000  0.13104002E+001  0.32754729E+001
  0.64966524E+000  0.98489754E+000  0.13103994E+001  0.32754744E+001
  0.64966484E+000  0.98489696E+000  0.13103987E+001  0.32754759E+001
  0.64966446E+000  0.98489641E+000  0.13103979E+001  0.32754773E+001
  0.64966409E+000  0.98489588E+000  0.13103972E+001  0.32754788E+001
  0.64966373E+000  0.98489538E+000  0.13103965E+001  0.32754802E+001
  0.64966339E+000  0.98489490E+000  0.13103958E+001  0.32754816E+001
  0.64966307E+000  0.98489445E+000  0.13103952E+001  0.32754830E+001
  0.64966276E+000  0.98489402E+000  0.13103945E+001  0.32754844E+001
  0.64966247E+000  0.98489363E+000  0.13103939E+001  0.32754857E+001
  0.64966219E+000  0.98489325E+000  0.13103933E+001  0.32754870E+001
  0.64966194E+000  0.98489291E+000  0.13103927E+001  0.32754883E+001
  0.64966170E+000  0.98489259E+000  0.13103921E+001  0.32754895E+001
  0.64966147E+000  0.98489230E+000  0.13103915E+001  0.32754906E+001
  0.64966127E+000  0.98489203E+000  0.13103910E+001  0.32754918E+001
  0.64966108E+000  0.98489180E+000  0.13103904E+001  0.32754928E+001
  0.64966091E+000  0.98489158E+000  0.13103899E+001  0.32754938E+001
  0.64966075E+000  0.98489139E+000  0.13103894E+001  0.32754947E+001
  0.64966061E+000  0.98489123E+000  0.13103889E+001  0.32754955E+001
  0.64966049E+000  0.98489109E+000  0.13103884E+001  0.32754962E+001
  0.64966039E+000  0.98489097E+000  0.13103879E+001  0.32754969E+001
  0.64966030E+000  0.98489088E+000  0.13103875E+001  0.32754974E+001
  0.64966022E+000  0.98489080E+000  0.13103870E+001  0.32754977E+001
  0.64966015E+000  0.98489074E+000  0.13103866E+001  0.32754980E+001
  0.64966010E+000  0.98489070E+000  0.13103862E+001  0.32754981E+001
  0.64966006E+000  0.98489067E+000  0.13103858E+001  0.32754980E+001
  0.64966003E+000  0.98489066E+000  0.13103854E+001  0.32754977E+001
  0.64966001E+000  0.98489067E+000  0.13103850E+001  0.32754973E+001
  0.64966000E+000  0.98489068E+000  0.13103847E+001  0.32754967E+001
  0.64966000E+000  0.98489071E+000  0.13103843E+001  0.32754959E+001
  0.64966001E+000  0.98489074E+000  0.13103840E+001  0.32754949E+001
  0.64966002E+000  0.98489079E+000  0.13103836E+001  0.32754937E+001
  0.64966004E+000  0.98489084E+000  0.13103833E+001  0.32754922E+001
  0.64966006E+000  0.98489090E+000  0.13103830E+001  0.32754906E+001
  0.64966009E+000  0.98489097E+000  0.13103827E+001  0.32754887E+001
  0.64966013E+000  0.98489104E+000  0.13103825E+001  0.32754867E+001
  0.64966017E+000  0.98489112E+000  0.13103822E+001  0.32754844E+001
  0.64966021E+000  0.98489120E+000  0.13103819E+001  0.32754819E+001
  0.64966026E+000  0.98489129E+000  0.13103817E+001  0.32754792E+001
  0.64966031E+000  0.98489138E+000  0.13103815E+001  0.32754763E+001
  0.64966036E+000  0.98489147E+000  0.13103813E+001  0.32754733E+001
  0.64966042E+000  0.98489156E+000  0.13103811E+001  0.32754700E+001
  0.64966047E+000  0.98489166E+000  0.13103809E+001  0.32754666E+001
  0.64966053E+000  0.98489175E+000  0.13103807E+001  0.32754631E+001
  0.64966058E+000  0.98489184E+000  0.13103806E+001  0.32754595E+001
  0.64966064E+000  0.98489193E+000  0.13103804E+001  0.32754557E+001
  0.64966069E+000  0.98489202E+000  0.13103803E+001  0.32754518E+001
  0.64966074E+000  0.98489211E+000  0.13103801E+001  0.32754479E+001
  0.64966079E+000  0.98489219E+000  0.13103800E+001  0.32754438E+001
  0.64966084E+000  0.98489226E+000  0.13103799E+001  0.32754398E+001
  0.64966088E+000  0.98489232E+000  0.13103797E+001  0.32754356E+001
  0.64966091E+000  0.98489238E+000  0.13103796E+001  0.32754315E+001
  0.64966094E+000  0.98489243E+000  0.13103795E+001  0.32754274E+001
  0.64966096E+000  0.98489246E+000  0.13103794E+001  0.32754232E+001
  0.64966098E+000  0.98489249E+000  0.13103792E+001  0.32754191E+001
  0.64966099E+000  0.98489250E+000  0.13103791E+001  0.32754150E+001
  0.64966099E+000  0.98489251E+000  0.13103790E+001  0.32754110E+001
  0.64966098E+000  0.98489250E+000  0.13103788E+001  0.32754070E+001
  0.64966096E+000  0.98489248E+000  0.13103787E+001  0.32754031E+001
  0.64966094E+000  0.98489244E+000  0.13103785E+001  0.32753992E+001
  0.64966091E+000  0.98489240E+000  0.13103784E+001  0.32753955E+001
  0.64966087E+000  0.98489234E+000  0.13103782E+001  0.32753918E+001
  0.64966083E+000  0.98489227E+000  0.13103780E+001  0.32753882E+001
  0.64966077E+000  0.98489219E+000  0.13103779E+001  0.32753848E+001
  0.64966071E+000  0.98489210E+000  0.13103777E+001  0.32753814E+001
  0.64966065E+000  0.98489200E+000  0.13103775E+001  0.32753782E+001
  0.64966058E+000  0.98489190E+000  0.13103773E+001  0.32753751E+001
  0.64966050E+000  0.98489179E+000  0.13103771E+001  0.32753721E+001
  0.64966043E+000  0.98489167E+000  0.13103769E+001  0.32753693E+001
  0.64966035E+000  0.98489155E+000  0.13103767E+001  0.32753666E+001
  0.64966027E+000  0.98489143E+000  0.13103765E+001  0.32753640E+001
  0.64966019E+000  0.98489130E+000  0.13103763E+001  0.32753615E+001
  0.64966010E+000  0.98489118E+000  0.13103762E+001  0.32753592E+001
  0.64966002E+000  0.98489105E+000  0.13103760E+001  0.32753570E+001
  0.64965994E+000  0.98489093E+000  0.13103758E+001  0.32753549E+001
  0.64965987E+000  0.98489082E+000  0.13103756E+001  0.32753530E+001
  0.64965979E+000  0.98489071E+000  0.13103755E+001  0.32753512E+001
  0.64965972E+000  0.98489060E+000  0.13103753E+001  0.32753495E+001
  0.64965966E+000  0.98489050E+000  0.13103752E+001  0.32753479E+001
  0.64965960E+000  0.98489041E+000  0.13103750E+001  0.32753465E+001
  0.64965954E+000  0.98489033E+000  0.13103749E+001  0.32753452E+001
  0.64965950E+000  0.98489025E+000  0.13103748E+001  0.32753439E+001
  0.64965945E+000  0.98489018E+000  0.13103747E+001  0.32753428E+001
  0.64965941E+000  0.98489013E+000  0.13103746E+001  0.32753418E+001
  0.64965938E+000  0.98489008E+000  0.13103746E+001  0.32753408E+001
  0.64965935E+000  0.98489003E+000  0.13103745E+001  0.32753400E+001
  0.64965933E+000  0.98489000E+000  0.13103744E+001  0.32753392E+001
  0.64965931E+000  0.98488997E+000  0.13103744E+001  0.32753385E+001
  0.64965929E+000  0.98488994E+000  0.13103743E+001  0.32753378E+001
  0.64965928E+000  0.98488995E+000  0.13103743E+001  0.32753372E+001
  0.64965925E+000  0.98488993E+000  0.13103742E+001  0.32753367E+001
