 -0.12998776E+000  0.29515447E-001  0.40477498E+001  0.50948426E+002
 -0.12936696E+000  0.30408902E-001  0.40502591E+001  0.50950062E+002
 -0.12898159E+000  0.30834143E-001  0.40519710E+001  0.50951253E+002
 -0.12869523E+000  0.31089332E-001  0.40533530E+001  0.50952258E+002
 -0.12848395E+000  0.31233650E-001  0.40544714E+001  0.50953113E+002
 -0.12833067E+000  0.31309353E-001  0.40553759E+001  0.50953843E+002
 -0.12822296E+000  0.31338289E-001  0.40561038E+001  0.50954468E+002
 -0.12815131E+000  0.31333068E-001  0.40566848E+001  0.50955004E+002
 -0.12810818E+000  0.31303415E-001  0.40571445E+001  0.50955465E+002
 -0.12808768E+000  0.31256131E-001  0.40575034E+001  0.50955862E+002
 -0.12808513E+000  0.31196147E-001  0.40577776E+001  0.50956205E+002
 -0.12809681E+000  0.31127088E-001  0.40579805E+001  0.50956501E+002
 -0.12811970E+000  0.31051662E-001  0.40581231E+001  0.50956757E+002
 -0.12815142E+000  0.30971887E-001  0.40582145E+001  0.50956979E+002
 -0.12819002E+000  0.30889267E-001  0.40582620E+001  0.50957171E+002
 -0.12823446E+000  0.30804030E-001  0.40582700E+001  0.50957337E+002
 -0.12828595E+000  0.30720397E-001  0.40582445E+001  0.50957480E+002
 -0.12834586E+000  0.30642791E-001  0.40581911E+001  0.50957603E+002
 -0.12841134E+000  0.30570821E-001  0.40581141E+001  0.50957710E+002
 -0.12848034E+000  0.30504087E-001  0.40580174E+001  0.50957802E+002
 -0.12855124E+000  0.30442198E-001  0.40579040E+001  0.50957882E+002
 -0.12862281E+000  0.30384778E-001  0.40577768E+001  0.50957950E+002
 -0.12869407E+000  0.30331474E-001  0.40576380E+001  0.50958010E+002
 -0.12876428E+000  0.30281960E-001  0.40574897E+001  0.50958062E+002
 -0.12883288E+000  0.30235935E-001  0.40573336E+001  0.50958106E+002
 -0.12889944E+000  0.30193125E-001  0.40571712E+001  0.50958145E+002
 -0.12896367E+000  0.30153279E-001  0.40570041E+001  0.50958179E+002
 -0.12902534E+000  0.30116170E-001  0.40568333E+001  0.50958208E+002
 -0.12908432E+000  0.30081590E-001  0.40566600E+001  0.50958234E+002
 -0.12914053E+000  0.30049351E-001  0.40564853E+001  0.50958256E+002
 -0.12919392E+000  0.30019280E-001  0.40563101E+001  0.50958276E+002
 -0.12924451E+000  0.29991219E-001  0.40561352E+001  0.50958294E+002
 -0.12929188E+000  0.29965020E-001  0.40559614E+001  0.50958310E+002
 -0.12933588E+000  0.29940550E-001  0.40557894E+001  0.50958324E+002
 -0.12937690E+000  0.29917684E-001  0.40556199E+001  0.50958338E+002
 -0.12941527E+000  0.29896306E-001  0.40554534E+001  0.50958350E+002
 -0.12945124E+000  0.29876303E-001  0.40552905E+001  0.50958361E+002
 -0.12948502E+000  0.29857575E-001  0.40551315E+001  0.50958371E+002
 -0.12951679E+000  0.29840024E-001  0.40549769E+001  0.50958381E+002
 -0.12954670E+000  0.29823560E-001  0.40548269E+001  0.50958390E+002
 -0.12957488E+000  0.29808102E-001  0.40546818E+001  0.50958398E+002
 -0.12960145E+000  0.29793572E-001  0.40545418E+001  0.50958405E+002
 -0.12962652E+000  0.29779902E-001  0.40544069E+001  0.50958411E+002
 -0.12965020E+000  0.29767028E-001  0.40542772E+001  0.50958416E+002
 -0.12967257E+000  0.29754895E-001  0.40541528E+001  0.50958420E+002
 -0.12969372E+000  0.29743454E-001  0.40540334E+001  0.50958423E+002
 -0.12971373E+000  0.29732659E-001  0.40539191E+001  0.50958423E+002
 -0.12973267E+000  0.29722473E-001  0.40538095E+001  0.50958422E+002
 -0.12975060E+000  0.29712861E-001  0.40537047E+001  0.50958419E+002
 -0.12976757E+000  0.29703794E-001  0.40536042E+001  0.50958414E+002
 -0.12978364E+000  0.29695245E-001  0.40535078E+001  0.50958407E+002
 -0.12979885E+000  0.29687188E-001  0.40534152E+001  0.50958396E+002
 -0.12981323E+000  0.29679601E-001  0.40533260E+001  0.50958383E+002
 -0.12982683E+000  0.29672462E-001  0.40532400E+001  0.50958367E+002
 -0.12983966E+000  0.29665747E-001  0.40531568E+001  0.50958347E+002
 -0.12985177E+000  0.29659435E-001  0.40530760E+001  0.50958325E+002
 -0.12986317E+000  0.29653503E-001  0.40529973E+001  0.50958298E+002
 -0.12987388E+000  0.29647926E-001  0.40529204E+001  0.50958269E+002
 -0.12988394E+000  0.29642681E-001  0.40528448E+001  0.50958235E+002
 -0.12989337E+000  0.29637743E-001  0.40527703E+001  0.50958198E+002
 -0.12990218E+000  0.29633087E-001  0.40526966E+001  0.50958157E+002
 -0.12991040E+000  0.29628691E-001  0.40526234E+001  0.50958112E+002
 -0.12991806E+000  0.29624531E-001  0.40525506E+001  0.50958063E+002
 -0.12992516E+000  0.29620590E-001  0.40524778E+001  0.50958011E+002
 -0.12993173E+000  0.29616851E-001  0.40524049E+001  0.50957955E+002
 -0.12993778E+000  0.29613302E-001  0.40523319E+001  0.50957895E+002
 -0.12994333E+000  0.29609931E-001  0.40522586E+001  0.50957832E+002
 -0.12994839E+000  0.29606730E-001  0.40521850E+001  0.50957765E+002
 -0.12995298E+000  0.29603688E-001  0.40521110E+001  0.50957696E+002
 -0.12995712E+000  0.29600797E-001  0.40520366E+001  0.50957624E+002
 -0.12996085E+000  0.29598043E-001  0.40519618E+001  0.50957549E+002
 -0.12996418E+000  0.29595415E-001  0.40518864E+001  0.50957472E+002
 -0.12996715E+000  0.29592899E-001  0.40518105E+001  0.50957392E+002
 -0.12996979E+000  0.29590479E-001  0.40517340E+001  0.50957310E+002
 -0.12997214E+000  0.29588144E-001  0.40516570E+001  0.50957226E+002
 -0.12997422E+000  0.29585884E-001  0.40515794E+001  0.50957141E+002
 -0.12997606E+000  0.29583694E-001  0.40515013E+001  0.50957053E+002
 -0.12997766E+000  0.29581573E-001  0.40514228E+001  0.50956965E+002
 -0.12997905E+000  0.29579531E-001  0.40513441E+001  0.50956876E+002
 -0.12998022E+000  0.29577572E-001  0.40512652E+001  0.50956785E+002
 -0.12998120E+000  0.29575686E-001  0.40511864E+001  0.50956695E+002
 -0.12998201E+000  0.29573869E-001  0.40511077E+001  0.50956603E+002
 -0.12998267E+000  0.29572119E-001  0.40510291E+001  0.50956512E+002
 -0.12998320E+000  0.29570432E-001  0.40509509E+001  0.50956421E+002
 -0.12998360E+000  0.29568806E-001  0.40508731E+001  0.50956329E+002
 -0.12998391E+000  0.29567238E-001  0.40507957E+001  0.50956238E+002
 -0.12998411E+000  0.29565726E-001  0.40507190E+001  0.50956147E+002
 -0.12998424E+000  0.29564268E-001  0.40506430E+001  0.50956057E+002
 -0.12998430E+000  0.29562861E-001  0.40505678E+001  0.50955968E+002
 -0.12998431E+000  0.29561503E-001  0.40504935E+001  0.50955879E+002
 -0.12998426E+000  0.29560190E-001  0.40504202E+001  0.50955791E+002
 -0.12998418E+000  0.29558922E-001  0.40503479E+001  0.50955703E+002
 -0.12998406E+000  0.29557695E-001  0.40502766E+001  0.50955617E+002
 -0.12998392E+000  0.29556507E-001  0.40502066E+001  0.50955532E+002
 -0.12998377E+000  0.29555356E-001  0.40501377E+001  0.50955447E+002
 -0.12998360E+000  0.29554239E-001  0.40500702E+001  0.50955363E+002
 -0.12998343E+000  0.29553155E-001  0.40500038E+001  0.50955281E+002
 -0.12998326E+000  0.29552102E-001  0.40499388E+001  0.50955199E+002
 -0.12998309E+000  0.29551076E-001  0.40498752E+001  0.50955118E+002
 -0.12998292E+000  0.29550078E-001  0.40498128E+001  0.50955038E+002
 -0.12998277E+000  0.29549105E-001  0.40497519E+001  0.50954959E+002
 -0.12998263E+000  0.29548155E-001  0.40496922E+001  0.50954880E+002
 -0.12998250E+000  0.29547227E-001  0.40496340E+001  0.50954803E+002
 -0.12998239E+000  0.29546320E-001  0.40495770E+001  0.50954726E+002
 -0.12998229E+000  0.29545433E-001  0.40495214E+001  0.50954649E+002
 -0.12998221E+000  0.29544565E-001  0.40494672E+001  0.50954574E+002
 -0.12998214E+000  0.29543714E-001  0.40494142E+001  0.50954498E+002
 -0.12998209E+000  0.29542881E-001  0.40493625E+001  0.50954424E+002
 -0.12998206E+000  0.29542064E-001  0.40493121E+001  0.50954349E+002
 -0.12998205E+000  0.29541263E-001  0.40492629E+001  0.50954276E+002
 -0.12998205E+000  0.29540478E-001  0.40492150E+001  0.50954202E+002
 -0.12998207E+000  0.29539709E-001  0.40491683E+001  0.50954129E+002
 -0.12998211E+000  0.29538954E-001  0.40491227E+001  0.50954056E+002
 -0.12998215E+000  0.29538215E-001  0.40490783E+001  0.50953983E+002
 -0.12998221E+000  0.29537490E-001  0.40490351E+001  0.50953911E+002
 -0.12998228E+000  0.29536780E-001  0.40489930E+001  0.50953838E+002
 -0.12998236E+000  0.29536085E-001  0.40489519E+001  0.50953766E+002
 -0.12998245E+000  0.29535405E-001  0.40489120E+001  0.50953694E+002
 -0.12998255E+000  0.29534740E-001  0.40488731E+001  0.50953622E+002
 -0.12998266E+000  0.29534089E-001  0.40488352E+001  0.50953550E+002
 -0.12998277E+000  0.29533453E-001  0.40487984E+001  0.50953478E+002
 -0.12998289E+000  0.29532833E-001  0.40487625E+001  0.50953407E+002
 -0.12998301E+000  0.29532227E-001  0.40487277E+001  0.50953335E+002
 -0.12998314E+000  0.29531637E-001  0.40486938E+001  0.50953264E+002
 -0.12998326E+000  0.29531061E-001  0.40486609E+001  0.50953192E+002
 -0.12998339E+000  0.29530501E-001  0.40486289E+001  0.50953121E+002
 -0.12998352E+000  0.29529956E-001  0.40485978E+001  0.50953050E+002
 -0.12998365E+000  0.29529426E-001  0.40485677E+001  0.50952979E+002
 -0.12998378E+000  0.29528910E-001  0.40485384E+001  0.50952908E+002
 -0.12998391E+000  0.29528410E-001  0.40485100E+001  0.50952837E+002
 -0.12998404E+000  0.29527924E-001  0.40484824E+001  0.50952766E+002
 -0.12998417E+000  0.29527453E-001  0.40484557E+001  0.50952696E+002
 -0.12998429E+000  0.29526996E-001  0.40484298E+001  0.50952626E+002
 -0.12998442E+000  0.29526554E-001  0.40484047E+001  0.50952556E+002
 -0.12998454E+000  0.29526126E-001  0.40483804E+001  0.50952486E+002
 -0.12998465E+000  0.29525711E-001  0.40483568E+001  0.50952417E+002
 -0.12998477E+000  0.29525310E-001  0.40483340E+001  0.50952348E+002
 -0.12998488E+000  0.29524923E-001  0.40483120E+001  0.50952279E+002
 -0.12998499E+000  0.29524548E-001  0.40482907E+001  0.50952211E+002
 -0.12998510E+000  0.29524187E-001  0.40482701E+001  0.50952143E+002
 -0.12998520E+000  0.29523838E-001  0.40482502E+001  0.50952075E+002
 -0.12998530E+000  0.29523501E-001  0.40482309E+001  0.50952008E+002
 -0.12998539E+000  0.29523176E-001  0.40482123E+001  0.50951941E+002
 -0.12998549E+000  0.29522863E-001  0.40481944E+001  0.50951875E+002
 -0.12998558E+000  0.29522561E-001  0.40481770E+001  0.50951809E+002
 -0.12998566E+000  0.29522270E-001  0.40481603E+001  0.50951744E+002
 -0.12998575E+000  0.29521990E-001  0.40481442E+001  0.50951680E+002
 -0.12998583E+000  0.29521720E-001  0.40481286E+001  0.50951616E+002
 -0.12998591E+000  0.29521461E-001  0.40481136E+001  0.50951552E+002
 -0.12998598E+000  0.29521211E-001  0.40480992E+001  0.50951489E+002
 -0.12998606E+000  0.29520971E-001  0.40480852E+001  0.50951427E+002
 -0.12998613E+000  0.29520740E-001  0.40480718E+001  0.50951365E+002
 -0.12998619E+000  0.29520518E-001  0.40480589E+001  0.50951304E+002
 -0.12998626E+000  0.29520305E-001  0.40480464E+001  0.50951244E+002
 -0.12998632E+000  0.29520100E-001  0.40480345E+001  0.50951184E+002
 -0.12998638E+000  0.29519903E-001  0.40480229E+001  0.50951126E+002
 -0.12998644E+000  0.29519714E-001  0.40480118E+001  0.50951067E+002
 -0.12998649E+000  0.29519532E-001  0.40480011E+001  0.50951010E+002
 -0.12998655E+000  0.29519358E-001  0.40479909E+001  0.50950953E+002
 -0.12998660E+000  0.29519191E-001  0.40479810E+001  0.50950897E+002
 -0.12998665E+000  0.29519030E-001  0.40479715E+001  0.50950842E+002
 -0.12998669E+000  0.29518876E-001  0.40479624E+001  0.50950787E+002
 -0.12998674E+000  0.29518729E-001  0.40479536E+001  0.50950733E+002
 -0.12998678E+000  0.29518587E-001  0.40479452E+001  0.50950680E+002
 -0.12998682E+000  0.29518451E-001  0.40479371E+001  0.50950628E+002
 -0.12998686E+000  0.29518321E-001  0.40479293E+001  0.50950576E+002
 -0.12998690E+000  0.29518197E-001  0.40479218E+001  0.50950526E+002
 -0.12998694E+000  0.29518077E-001  0.40479147E+001  0.50950476E+002
 -0.12998697E+000  0.29517962E-001  0.40479078E+001  0.50950426E+002
 -0.12998701E+000  0.29517853E-001  0.40479012E+001  0.50950378E+002
 -0.12998704E+000  0.29517748E-001  0.40478948E+001  0.50950330E+002
 -0.12998707E+000  0.29517647E-001  0.40478887E+001  0.50950284E+002
 -0.12998710E+000  0.29517551E-001  0.40478829E+001  0.50950238E+002
 -0.12998713E+000  0.29517458E-001  0.40478773E+001  0.50950192E+002
 -0.12998716E+000  0.29517370E-001  0.40478719E+001  0.50950148E+002
 -0.12998718E+000  0.29517286E-001  0.40478667E+001  0.50950104E+002
 -0.12998721E+000  0.29517205E-001  0.40478618E+001  0.50950062E+002
 -0.12998723E+000  0.29517127E-001  0.40478570E+001  0.50950019E+002
 -0.12998725E+000  0.29517053E-001  0.40478525E+001  0.50949978E+002
 -0.12998728E+000  0.29516982E-001  0.40478481E+001  0.50949938E+002
 -0.12998730E+000  0.29516914E-001  0.40478439E+001  0.50949898E+002
 -0.12998732E+000  0.29516849E-001  0.40478399E+001  0.50949859E+002
 -0.12998734E+000  0.29516787E-001  0.40478361E+001  0.50949821E+002
 -0.12998736E+000  0.29516728E-001  0.40478324E+001  0.50949783E+002
 -0.12998737E+000  0.29516671E-001  0.40478289E+001  0.50949747E+002
 -0.12998739E+000  0.29516616E-001  0.40478255E+001  0.50949711E+002
 -0.12998741E+000  0.29516564E-001  0.40478223E+001  0.50949676E+002
 -0.12998742E+000  0.29516515E-001  0.40478191E+001  0.50949641E+002
 -0.12998744E+000  0.29516467E-001  0.40478162E+001  0.50949608E+002
 -0.12998745E+000  0.29516422E-001  0.40478133E+001  0.50949575E+002
 -0.12998747E+000  0.29516378E-001  0.40478106E+001  0.50949542E+002
 -0.12998748E+000  0.29516336E-001  0.40478080E+001  0.50949511E+002
 -0.12998749E+000  0.29516297E-001  0.40478055E+001  0.50949480E+002
 -0.12998750E+000  0.29516259E-001  0.40478031E+001  0.50949450E+002
 -0.12998752E+000  0.29516222E-001  0.40478008E+001  0.50949420E+002
 -0.12998753E+000  0.29516188E-001  0.40477986E+001  0.50949392E+002
 -0.12998754E+000  0.29516155E-001  0.40477965E+001  0.50949364E+002
 -0.12998755E+000  0.29516123E-001  0.40477945E+001  0.50949336E+002
 -0.12998755E+000  0.29516096E-001  0.40477926E+001  0.50949309E+002
 -0.12998755E+000  0.29516073E-001  0.40477909E+001  0.50949283E+002
