  0.63936184E+000
  0.63792468E+000
  0.63716322E+000
  0.63660019E+000
  0.63615111E+000
  0.63578731E+000
  0.63548852E+000
  0.63524118E+000
  0.63503596E+000
  0.63486458E+000
  0.63472157E+000
  0.63460178E+000
  0.63450123E+000
  0.63441661E+000
  0.63434521E+000
  0.63428438E+000
  0.63423235E+000
  0.63418786E+000
  0.63414975E+000
  0.63411762E+000
  0.63409059E+000
  0.63406795E+000
  0.63404910E+000
  0.63403354E+000
  0.63402082E+000
  0.63401056E+000
  0.63400242E+000
  0.63399593E+000
  0.63399037E+000
  0.63398661E+000
  0.63398434E+000
  0.63398325E+000
  0.63398313E+000
  0.63398375E+000
  0.63398494E+000
  0.63398656E+000
  0.63398849E+000
  0.63399063E+000
  0.63399289E+000
  0.63399519E+000
  0.63399748E+000
  0.63399972E+000
  0.63400187E+000
  0.63400391E+000
  0.63400581E+000
  0.63400758E+000
  0.63400919E+000
  0.63401066E+000
  0.63401199E+000
  0.63401317E+000
  0.63401423E+000
  0.63401516E+000
  0.63401598E+000
  0.63401669E+000
  0.63401732E+000
  0.63401786E+000
  0.63401834E+000
  0.63401875E+000
  0.63401911E+000
  0.63401943E+000
  0.63401971E+000
  0.63401996E+000
  0.63402019E+000
  0.63402040E+000
  0.63402060E+000
  0.63402079E+000
  0.63402098E+000
  0.63402117E+000
  0.63402136E+000
  0.63402155E+000
  0.63402176E+000
  0.63402198E+000
  0.63402220E+000
  0.63402244E+000
  0.63402272E+000
  0.63402299E+000
  0.63402328E+000
  0.63402358E+000
  0.63402389E+000
  0.63402422E+000
  0.63402457E+000
  0.63402493E+000
  0.63402530E+000
  0.63402570E+000
  0.63402610E+000
  0.63402652E+000
  0.63402695E+000
  0.63402739E+000
  0.63402785E+000
  0.63402831E+000
  0.63402878E+000
  0.63402926E+000
  0.63402975E+000
  0.63403025E+000
  0.63403075E+000
  0.63403125E+000
  0.63403176E+000
  0.63403227E+000
  0.63403278E+000
  0.63403330E+000
  0.63403381E+000
  0.63403432E+000
  0.63403484E+000
  0.63403535E+000
  0.63403586E+000
  0.63403636E+000
  0.63403687E+000
  0.63403736E+000
  0.63403786E+000
  0.63403835E+000
  0.63403884E+000
  0.63403932E+000
  0.63403979E+000
  0.63404026E+000
  0.63404072E+000
  0.63404118E+000
  0.63404163E+000
  0.63404207E+000
  0.63404251E+000
  0.63404294E+000
  0.63404336E+000
  0.63404377E+000
  0.63404418E+000
  0.63404458E+000
  0.63404497E+000
  0.63404536E+000
  0.63404574E+000
  0.63404611E+000
  0.63404647E+000
  0.63404683E+000
  0.63404717E+000
  0.63404752E+000
  0.63404785E+000
  0.63404818E+000
  0.63404850E+000
  0.63404881E+000
  0.63404911E+000
  0.63404941E+000
  0.63404970E+000
  0.63404999E+000
  0.63405027E+000
  0.63405054E+000
  0.63405081E+000
  0.63405107E+000
  0.63405132E+000
  0.63405156E+000
  0.63405180E+000
  0.63405204E+000
  0.63405227E+000
  0.63405249E+000
  0.63405271E+000
  0.63405292E+000
  0.63405313E+000
  0.63405333E+000
  0.63405352E+000
  0.63405371E+000
  0.63405390E+000
  0.63405408E+000
  0.63405425E+000
  0.63405442E+000
  0.63405459E+000
  0.63405475E+000
  0.63405491E+000
  0.63405506E+000
  0.63405521E+000
  0.63405535E+000
  0.63405549E+000
  0.63405563E+000
  0.63405576E+000
  0.63405589E+000
  0.63405602E+000
  0.63405614E+000
  0.63405625E+000
  0.63405637E+000
  0.63405648E+000
  0.63405659E+000
  0.63405669E+000
  0.63405679E+000
  0.63405689E+000
  0.63405699E+000
  0.63405708E+000
  0.63405717E+000
  0.63405726E+000
  0.63405734E+000
  0.63405742E+000
  0.63405750E+000
  0.63405758E+000
  0.63405765E+000
  0.63405772E+000
  0.63405779E+000
  0.63405786E+000
  0.63405793E+000
  0.63405799E+000
  0.63405805E+000
  0.63405811E+000
  0.63405817E+000
  0.63405823E+000
  0.63405828E+000
  0.63405833E+000
  0.63405839E+000
