  0.84762938E+000
  0.84320903E+000
  0.84012958E+000
  0.83764983E+000
  0.83561210E+000
  0.83393569E+000
  0.83268561E+000
  0.83157313E+000
  0.83070046E+000
  0.82995600E+000
  0.82927982E+000
  0.82876482E+000
  0.82832976E+000
  0.82784850E+000
  0.82760900E+000
  0.82736011E+000
  0.82716408E+000
  0.82699572E+000
  0.82684669E+000
  0.82672742E+000
  0.82662225E+000
  0.82654584E+000
  0.82648463E+000
  0.82643398E+000
  0.82639278E+000
  0.82636012E+000
  0.82633458E+000
  0.82631502E+000
  0.82630038E+000
  0.82628977E+000
  0.82628239E+000
  0.82627752E+000
  0.82627193E+000
  0.82627101E+000
  0.82627101E+000
  0.82626939E+000
  0.82627127E+000
  0.82627341E+000
  0.82627560E+000
  0.82627770E+000
  0.82627960E+000
  0.82628127E+000
  0.82628269E+000
  0.82628387E+000
  0.82628484E+000
  0.82628566E+000
  0.82628639E+000
  0.82628710E+000
  0.82628788E+000
  0.82628881E+000
  0.82628996E+000
  0.82629306E+000
  0.82629457E+000
  0.82629553E+000
  0.82629809E+000
  0.82629892E+000
  0.82629920E+000
  0.82629942E+000
  0.82629965E+000
  0.82629990E+000
  0.82630014E+000
  0.82630036E+000
  0.82630055E+000
  0.82630070E+000
  0.82630081E+000
  0.82630089E+000
  0.82630092E+000
  0.82630092E+000
  0.82630088E+000
  0.82630081E+000
  0.82630070E+000
  0.82630056E+000
  0.82630039E+000
  0.82630020E+000
  0.82629998E+000
  0.82629974E+000
  0.82629948E+000
  0.82629921E+000
  0.82629892E+000
  0.82629862E+000
  0.82629831E+000
  0.82629799E+000
  0.82629767E+000
  0.82629734E+000
  0.82629702E+000
  0.82629670E+000
  0.82629638E+000
  0.82629607E+000
  0.82629577E+000
  0.82629547E+000
  0.82629519E+000
  0.82629492E+000
  0.82629466E+000
  0.82629442E+000
  0.82629419E+000
  0.82629397E+000
  0.82629377E+000
  0.82629358E+000
  0.82629341E+000
  0.82629326E+000
  0.82629312E+000
  0.82629300E+000
  0.82629289E+000
  0.82629279E+000
  0.82629272E+000
  0.82629265E+000
  0.82629260E+000
  0.82629257E+000
  0.82629254E+000
  0.82629253E+000
  0.82629253E+000
  0.82629254E+000
  0.82629257E+000
  0.82629260E+000
  0.82629264E+000
  0.82629270E+000
  0.82629276E+000
  0.82629283E+000
  0.82629290E+000
  0.82629298E+000
  0.82629307E+000
  0.82629317E+000
  0.82629327E+000
  0.82629337E+000
  0.82629348E+000
  0.82629359E+000
  0.82629371E+000
  0.82629383E+000
  0.82629395E+000
  0.82629408E+000
  0.82629420E+000
  0.82629433E+000
  0.82629446E+000
  0.82629459E+000
  0.82629473E+000
  0.82629486E+000
  0.82629499E+000
  0.82629513E+000
  0.82629526E+000
  0.82629540E+000
  0.82629553E+000
  0.82629567E+000
  0.82629580E+000
  0.82629594E+000
  0.82629607E+000
  0.82629621E+000
  0.82629634E+000
  0.82629647E+000
  0.82629660E+000
  0.82629674E+000
  0.82629687E+000
  0.82629700E+000
  0.82629712E+000
  0.82629725E+000
  0.82629738E+000
  0.82629750E+000
  0.82629763E+000
  0.82629775E+000
  0.82629787E+000
  0.82629800E+000
  0.82629811E+000
  0.82629823E+000
  0.82629835E+000
  0.82629846E+000
  0.82629858E+000
  0.82629869E+000
  0.82629880E+000
  0.82629891E+000
  0.82629901E+000
  0.82629912E+000
  0.82629922E+000
  0.82629932E+000
  0.82629942E+000
  0.82629952E+000
  0.82629961E+000
  0.82629970E+000
  0.82629979E+000
  0.82629987E+000
  0.82629996E+000
  0.82630004E+000
  0.82630012E+000
  0.82630019E+000
  0.82630027E+000
  0.82630034E+000
  0.82630040E+000
  0.82630047E+000
  0.82630053E+000
  0.82630059E+000
  0.82630065E+000
  0.82630070E+000
  0.82630075E+000
  0.82630080E+000
  0.82630085E+000
  0.82630089E+000
  0.82630093E+000
  0.82630097E+000
  0.82630101E+000
  0.82630104E+000
  0.82630108E+000
  0.82630112E+000
