  0.13723925E+002
  0.13725340E+002
  0.13726269E+002
  0.13727001E+002
  0.13727583E+002
  0.13728049E+002
  0.13728421E+002
  0.13728717E+002
  0.13728951E+002
  0.13729133E+002
  0.13729273E+002
  0.13729377E+002
  0.13729452E+002
  0.13729503E+002
  0.13729533E+002
  0.13729544E+002
  0.13729539E+002
  0.13729522E+002
  0.13729495E+002
  0.13729460E+002
  0.13729419E+002
  0.13729372E+002
  0.13729321E+002
  0.13729267E+002
  0.13729210E+002
  0.13729152E+002
  0.13729093E+002
  0.13729033E+002
  0.13728972E+002
  0.13728912E+002
  0.13728852E+002
  0.13728793E+002
  0.13728736E+002
  0.13728679E+002
  0.13728624E+002
  0.13728571E+002
  0.13728519E+002
  0.13728468E+002
  0.13728420E+002
  0.13728373E+002
  0.13728328E+002
  0.13728284E+002
  0.13728242E+002
  0.13728202E+002
  0.13728163E+002
  0.13728126E+002
  0.13728090E+002
  0.13728055E+002
  0.13728021E+002
  0.13727988E+002
  0.13727956E+002
  0.13727924E+002
  0.13727893E+002
  0.13727863E+002
  0.13727832E+002
  0.13727802E+002
  0.13727771E+002
  0.13727740E+002
  0.13727709E+002
  0.13727678E+002
  0.13727646E+002
  0.13727613E+002
  0.13727580E+002
  0.13727545E+002
  0.13727511E+002
  0.13727475E+002
  0.13727439E+002
  0.13727402E+002
  0.13727364E+002
  0.13727326E+002
  0.13727286E+002
  0.13727247E+002
  0.13727206E+002
  0.13727166E+002
  0.13727124E+002
  0.13727082E+002
  0.13727040E+002
  0.13726997E+002
  0.13726955E+002
  0.13726911E+002
  0.13726868E+002
  0.13726825E+002
  0.13726782E+002
  0.13726739E+002
  0.13726696E+002
  0.13726654E+002
  0.13726612E+002
  0.13726570E+002
  0.13726528E+002
  0.13726487E+002
  0.13726446E+002
  0.13726406E+002
  0.13726366E+002
  0.13726327E+002
  0.13726289E+002
  0.13726251E+002
  0.13726213E+002
  0.13726176E+002
  0.13726140E+002
  0.13726104E+002
  0.13726069E+002
  0.13726034E+002
  0.13726000E+002
  0.13725966E+002
  0.13725933E+002
  0.13725900E+002
  0.13725868E+002
  0.13725836E+002
  0.13725805E+002
  0.13725774E+002
  0.13725743E+002
  0.13725713E+002
  0.13725683E+002
  0.13725654E+002
  0.13725625E+002
  0.13725596E+002
  0.13725567E+002
  0.13725539E+002
  0.13725511E+002
  0.13725484E+002
  0.13725456E+002
  0.13725429E+002
  0.13725402E+002
  0.13725376E+002
  0.13725350E+002
  0.13725324E+002
  0.13725298E+002
  0.13725272E+002
  0.13725247E+002
  0.13725222E+002
  0.13725198E+002
  0.13725173E+002
  0.13725149E+002
  0.13725125E+002
  0.13725101E+002
  0.13725078E+002
  0.13725055E+002
  0.13725032E+002
  0.13725010E+002
  0.13724987E+002
  0.13724965E+002
  0.13724944E+002
  0.13724922E+002
  0.13724901E+002
  0.13724880E+002
  0.13724860E+002
  0.13724840E+002
  0.13724820E+002
  0.13724800E+002
  0.13724780E+002
  0.13724761E+002
  0.13724742E+002
  0.13724724E+002
  0.13724706E+002
  0.13724688E+002
  0.13724670E+002
  0.13724653E+002
  0.13724635E+002
  0.13724619E+002
  0.13724602E+002
  0.13724586E+002
  0.13724570E+002
  0.13724554E+002
  0.13724539E+002
  0.13724524E+002
  0.13724509E+002
  0.13724494E+002
  0.13724480E+002
  0.13724466E+002
  0.13724452E+002
  0.13724438E+002
  0.13724425E+002
  0.13724412E+002
  0.13724399E+002
  0.13724387E+002
  0.13724375E+002
  0.13724363E+002
  0.13724351E+002
  0.13724340E+002
  0.13724328E+002
  0.13724317E+002
  0.13724307E+002
  0.13724296E+002
  0.13724286E+002
  0.13724276E+002
  0.13724266E+002
  0.13724256E+002
  0.13724247E+002
  0.13724238E+002
  0.13724229E+002
  0.13724220E+002
  0.13724211E+002
  0.13724203E+002
  0.13724195E+002
  0.13724187E+002
  0.13724179E+002
  0.13724172E+002
  0.13724164E+002
  0.13724157E+002
  0.13724150E+002
