  0.18366826E+001
  0.18313684E+001
  0.18276067E+001
  0.18245404E+001
  0.18219971E+001
  0.18198893E+001
  0.18183024E+001
  0.18168875E+001
  0.18157717E+001
  0.18148156E+001
  0.18139469E+001
  0.18132840E+001
  0.18127184E+001
  0.18120980E+001
  0.18117753E+001
  0.18114436E+001
  0.18111787E+001
  0.18109498E+001
  0.18107457E+001
  0.18105789E+001
  0.18104306E+001
  0.18103186E+001
  0.18102265E+001
  0.18101485E+001
  0.18100830E+001
  0.18100289E+001
  0.18099844E+001
  0.18099479E+001
  0.18099181E+001
  0.18098938E+001
  0.18098740E+001
  0.18098578E+001
  0.18098412E+001
  0.18098307E+001
  0.18098217E+001
  0.18098111E+001
  0.18098051E+001
  0.18097997E+001
  0.18097947E+001
  0.18097898E+001
  0.18097849E+001
  0.18097800E+001
  0.18097750E+001
  0.18097700E+001
  0.18097649E+001
  0.18097598E+001
  0.18097549E+001
  0.18097501E+001
  0.18097456E+001
  0.18097415E+001
  0.18097380E+001
  0.18097369E+001
  0.18097342E+001
  0.18097310E+001
  0.18097298E+001
  0.18097268E+001
  0.18097232E+001
  0.18097197E+001
  0.18097164E+001
  0.18097132E+001
  0.18097101E+001
  0.18097072E+001
  0.18097043E+001
  0.18097016E+001
  0.18096989E+001
  0.18096962E+001
  0.18096937E+001
  0.18096912E+001
  0.18096887E+001
  0.18096863E+001
  0.18096840E+001
  0.18096817E+001
  0.18096794E+001
  0.18096772E+001
  0.18096750E+001
  0.18096729E+001
  0.18096709E+001
  0.18096688E+001
  0.18096669E+001
  0.18096649E+001
  0.18096631E+001
  0.18096612E+001
  0.18096595E+001
  0.18096577E+001
  0.18096561E+001
  0.18096545E+001
  0.18096529E+001
  0.18096514E+001
  0.18096499E+001
  0.18096485E+001
  0.18096472E+001
  0.18096459E+001
  0.18096447E+001
  0.18096435E+001
  0.18096424E+001
  0.18096413E+001
  0.18096403E+001
  0.18096394E+001
  0.18096385E+001
  0.18096376E+001
  0.18096368E+001
  0.18096360E+001
  0.18096353E+001
  0.18096346E+001
  0.18096340E+001
  0.18096334E+001
  0.18096329E+001
  0.18096323E+001
  0.18096319E+001
  0.18096314E+001
  0.18096310E+001
  0.18096306E+001
  0.18096303E+001
  0.18096299E+001
  0.18096296E+001
  0.18096293E+001
  0.18096291E+001
  0.18096288E+001
  0.18096286E+001
  0.18096284E+001
  0.18096282E+001
  0.18096280E+001
  0.18096279E+001
  0.18096277E+001
  0.18096276E+001
  0.18096274E+001
  0.18096273E+001
  0.18096272E+001
  0.18096271E+001
  0.18096270E+001
  0.18096269E+001
  0.18096268E+001
  0.18096268E+001
  0.18096267E+001
  0.18096266E+001
  0.18096266E+001
  0.18096265E+001
  0.18096265E+001
  0.18096264E+001
  0.18096264E+001
  0.18096264E+001
  0.18096263E+001
  0.18096263E+001
  0.18096263E+001
  0.18096263E+001
  0.18096262E+001
  0.18096262E+001
  0.18096262E+001
  0.18096262E+001
  0.18096262E+001
  0.18096262E+001
  0.18096262E+001
  0.18096262E+001
  0.18096262E+001
  0.18096262E+001
  0.18096262E+001
  0.18096263E+001
  0.18096263E+001
  0.18096263E+001
  0.18096263E+001
  0.18096264E+001
  0.18096264E+001
  0.18096264E+001
  0.18096265E+001
  0.18096265E+001
  0.18096266E+001
  0.18096266E+001
  0.18096267E+001
  0.18096267E+001
  0.18096268E+001
  0.18096268E+001
  0.18096269E+001
  0.18096269E+001
  0.18096270E+001
  0.18096270E+001
  0.18096271E+001
  0.18096271E+001
  0.18096272E+001
  0.18096272E+001
  0.18096273E+001
  0.18096273E+001
  0.18096274E+001
  0.18096274E+001
  0.18096275E+001
  0.18096275E+001
  0.18096276E+001
  0.18096276E+001
  0.18096277E+001
  0.18096277E+001
  0.18096278E+001
  0.18096278E+001
  0.18096278E+001
  0.18096279E+001
  0.18096279E+001
  0.18096279E+001
  0.18096280E+001
  0.18096280E+001
  0.18096280E+001
  0.18096280E+001
  0.18096281E+001
