  0.62965627E+000
  0.62965467E+000
  0.62965316E+000
  0.62965176E+000
  0.62965045E+000
  0.62964924E+000
  0.62964812E+000
  0.62964707E+000
  0.62964610E+000
  0.62964519E+000
  0.62964435E+000
  0.62964356E+000
  0.62964283E+000
  0.62964214E+000
  0.62964150E+000
  0.62964091E+000
  0.62964035E+000
  0.62963982E+000
  0.62963933E+000
  0.62963886E+000
  0.62963843E+000
  0.62963802E+000
  0.62963763E+000
  0.62963727E+000
  0.62963692E+000
  0.62963660E+000
  0.62963629E+000
  0.62963600E+000
  0.62963572E+000
  0.62963546E+000
  0.62963521E+000
  0.62963498E+000
  0.62963475E+000
  0.62963455E+000
  0.62963435E+000
  0.62963416E+000
  0.62963399E+000
  0.62963382E+000
  0.62963367E+000
  0.62963353E+000
  0.62963340E+000
  0.62963328E+000
  0.62963317E+000
  0.62963306E+000
  0.62963297E+000
  0.62963289E+000
  0.62963283E+000
  0.62963277E+000
  0.62963272E+000
  0.62963268E+000
  0.62963265E+000
  0.62963263E+000
  0.62963262E+000
  0.62963262E+000
  0.62963263E+000
  0.62963265E+000
  0.62963268E+000
  0.62963272E+000
  0.62963278E+000
  0.62963284E+000
  0.62963291E+000
  0.62963299E+000
  0.62963308E+000
  0.62963319E+000
  0.62963330E+000
  0.62963342E+000
  0.62963356E+000
  0.62963370E+000
  0.62963386E+000
  0.62963402E+000
  0.62963420E+000
  0.62963438E+000
  0.62963457E+000
  0.62963478E+000
  0.62963499E+000
  0.62963521E+000
  0.62963545E+000
  0.62963569E+000
  0.62963594E+000
  0.62963619E+000
  0.62963646E+000
  0.62963673E+000
  0.62963701E+000
  0.62963730E+000
  0.62963759E+000
  0.62963790E+000
  0.62963820E+000
  0.62963851E+000
  0.62963883E+000
  0.62963915E+000
  0.62963948E+000
  0.62963981E+000
  0.62964014E+000
  0.62964048E+000
  0.62964082E+000
  0.62964116E+000
  0.62964150E+000
  0.62964184E+000
  0.62964218E+000
  0.62964252E+000
  0.62964286E+000
  0.62964320E+000
  0.62964354E+000
  0.62964388E+000
  0.62964422E+000
  0.62964455E+000
  0.62964488E+000
  0.62964521E+000
  0.62964553E+000
  0.62964585E+000
  0.62964616E+000
  0.62964647E+000
  0.62964678E+000
  0.62964708E+000
  0.62964737E+000
  0.62964767E+000
  0.62964795E+000
  0.62964823E+000
  0.62964850E+000
  0.62964877E+000
  0.62964903E+000
  0.62964929E+000
  0.62964954E+000
  0.62964978E+000
  0.62965002E+000
  0.62965025E+000
  0.62965048E+000
  0.62965070E+000
  0.62965091E+000
  0.62965112E+000
  0.62965132E+000
  0.62965151E+000
  0.62965170E+000
  0.62965189E+000
  0.62965207E+000
  0.62965224E+000
  0.62965241E+000
  0.62965257E+000
  0.62965272E+000
  0.62965288E+000
  0.62965302E+000
  0.62965316E+000
  0.62965330E+000
  0.62965343E+000
  0.62965356E+000
  0.62965368E+000
  0.62965380E+000
  0.62965391E+000
  0.62965402E+000
  0.62965413E+000
  0.62965423E+000
  0.62965433E+000
  0.62965442E+000
  0.62965451E+000
  0.62965460E+000
  0.62965468E+000
  0.62965476E+000
  0.62965484E+000
  0.62965491E+000
  0.62965498E+000
  0.62965505E+000
  0.62965511E+000
  0.62965518E+000
  0.62965524E+000
  0.62965529E+000
  0.62965535E+000
  0.62965540E+000
  0.62965545E+000
  0.62965549E+000
  0.62965554E+000
  0.62965558E+000
  0.62965562E+000
  0.62965566E+000
  0.62965570E+000
  0.62965573E+000
  0.62965576E+000
  0.62965579E+000
  0.62965582E+000
  0.62965585E+000
  0.62965588E+000
  0.62965590E+000
  0.62965593E+000
  0.62965595E+000
  0.62965597E+000
  0.62965599E+000
  0.62965601E+000
  0.62965602E+000
  0.62965604E+000
  0.62965605E+000
  0.62965607E+000
  0.62965608E+000
  0.62965609E+000
  0.62965610E+000
  0.62965611E+000
  0.62965612E+000
  0.62965613E+000
  0.62965614E+000
  0.62965615E+000
  0.62965616E+000
  0.62965616E+000
