  0.55670908E+000
  0.55676454E+000
  0.55683931E+000
  0.55691657E+000
  0.55698896E+000
  0.55705156E+000
  0.55710137E+000
  0.55713717E+000
  0.55715913E+000
  0.55716834E+000
  0.55716645E+000
  0.55715528E+000
  0.55713669E+000
  0.55711236E+000
  0.55708386E+000
  0.55705254E+000
  0.55701953E+000
  0.55698577E+000
  0.55695202E+000
  0.55691891E+000
  0.55688692E+000
  0.55685642E+000
  0.55682769E+000
  0.55680093E+000
  0.55677629E+000
  0.55675385E+000
  0.55673366E+000
  0.55671572E+000
  0.55670000E+000
  0.55668644E+000
  0.55667497E+000
  0.55666549E+000
  0.55665788E+000
  0.55665201E+000
  0.55664775E+000
  0.55664494E+000
  0.55664343E+000
  0.55664306E+000
  0.55664368E+000
  0.55664513E+000
  0.55664727E+000
  0.55664994E+000
  0.55665301E+000
  0.55665637E+000
  0.55665990E+000
  0.55666351E+000
  0.55666711E+000
  0.55667064E+000
  0.55667403E+000
  0.55667725E+000
  0.55668027E+000
  0.55668307E+000
  0.55668563E+000
  0.55668796E+000
  0.55669006E+000
  0.55669194E+000
  0.55669361E+000
  0.55669509E+000
  0.55669639E+000
  0.55669754E+000
  0.55669854E+000
  0.55669943E+000
  0.55670020E+000
  0.55670088E+000
  0.55670148E+000
  0.55670201E+000
  0.55670248E+000
  0.55670290E+000
  0.55670327E+000
  0.55670361E+000
  0.55670391E+000
  0.55670419E+000
  0.55670444E+000
  0.55670467E+000
  0.55670488E+000
  0.55670507E+000
  0.55670525E+000
  0.55670541E+000
  0.55670557E+000
  0.55670571E+000
  0.55670584E+000
  0.55670596E+000
  0.55670607E+000
  0.55670618E+000
  0.55670628E+000
  0.55670637E+000
  0.55670645E+000
  0.55670653E+000
  0.55670661E+000
  0.55670668E+000
  0.55670675E+000
  0.55670681E+000
  0.55670687E+000
  0.55670693E+000
  0.55670698E+000
  0.55670704E+000
  0.55670709E+000
  0.55670713E+000
  0.55670718E+000
  0.55670722E+000
  0.55670726E+000
  0.55670730E+000
  0.55670734E+000
  0.55670737E+000
  0.55670740E+000
  0.55670743E+000
  0.55670745E+000
  0.55670747E+000
  0.55670749E+000
  0.55670750E+000
  0.55670751E+000
  0.55670752E+000
  0.55670752E+000
  0.55670752E+000
  0.55670752E+000
  0.55670752E+000
  0.55670751E+000
  0.55670751E+000
  0.55670750E+000
  0.55670750E+000
  0.55670749E+000
  0.55670749E+000
  0.55670749E+000
  0.55670750E+000
  0.55670751E+000
  0.55670752E+000
  0.55670754E+000
  0.55670756E+000
  0.55670759E+000
  0.55670762E+000
  0.55670765E+000
  0.55670769E+000
  0.55670773E+000
  0.55670778E+000
  0.55670783E+000
  0.55670788E+000
  0.55670793E+000
  0.55670798E+000
  0.55670803E+000
  0.55670808E+000
  0.55670813E+000
  0.55670818E+000
  0.55670823E+000
  0.55670828E+000
  0.55670833E+000
  0.55670838E+000
  0.55670842E+000
  0.55670847E+000
  0.55670851E+000
  0.55670855E+000
  0.55670859E+000
  0.55670863E+000
  0.55670867E+000
  0.55670870E+000
  0.55670874E+000
  0.55670877E+000
  0.55670880E+000
  0.55670883E+000
  0.55670886E+000
  0.55670888E+000
  0.55670890E+000
  0.55670893E+000
  0.55670895E+000
  0.55670896E+000
  0.55670898E+000
  0.55670899E+000
  0.55670900E+000
  0.55670901E+000
  0.55670901E+000
  0.55670901E+000
  0.55670901E+000
  0.55670901E+000
  0.55670900E+000
  0.55670899E+000
  0.55670898E+000
  0.55670897E+000
  0.55670895E+000
  0.55670893E+000
  0.55670891E+000
  0.55670888E+000
  0.55670886E+000
  0.55670883E+000
  0.55670881E+000
  0.55670878E+000
  0.55670875E+000
  0.55670872E+000
  0.55670870E+000
  0.55670867E+000
  0.55670865E+000
  0.55670863E+000
  0.55670861E+000
  0.55670860E+000
  0.55670861E+000
  0.55670863E+000
  0.55670868E+000
  0.55670878E+000
  0.55670897E+000
  0.55670927E+000
  0.55670984E+000
  0.55671047E+000
