  0.46832715E+000
  0.45076218E+000
  0.44610684E+000
  0.44379010E+000
  0.44291813E+000
  0.44296685E+000
  0.44362469E+000
  0.44469226E+000
  0.44601258E+000
  0.44749038E+000
  0.44907422E+000
  0.45072782E+000
  0.45242445E+000
  0.45414423E+000
  0.45587137E+000
  0.45761697E+000
  0.45925637E+000
  0.46066107E+000
  0.46186443E+000
  0.46289451E+000
  0.46377534E+000
  0.46452755E+000
  0.46516881E+000
  0.46571434E+000
  0.46617725E+000
  0.46656887E+000
  0.46689901E+000
  0.46717618E+000
  0.46740778E+000
  0.46760028E+000
  0.46775931E+000
  0.46788977E+000
  0.46799710E+000
  0.46808559E+000
  0.46815769E+000
  0.46821567E+000
  0.46826163E+000
  0.46829755E+000
  0.46832511E+000
  0.46834573E+000
  0.46836074E+000
  0.46837124E+000
  0.46837820E+000
  0.46838240E+000
  0.46838451E+000
  0.46838505E+000
  0.46838445E+000
  0.46838304E+000
  0.46838106E+000
  0.46837871E+000
  0.46837612E+000
  0.46837341E+000
  0.46837064E+000
  0.46836786E+000
  0.46836511E+000
  0.46836241E+000
  0.46835979E+000
  0.46835725E+000
  0.46835481E+000
  0.46835248E+000
  0.46835027E+000
  0.46834820E+000
  0.46834627E+000
  0.46834448E+000
  0.46834283E+000
  0.46834130E+000
  0.46833989E+000
  0.46833858E+000
  0.46833737E+000
  0.46833624E+000
  0.46833520E+000
  0.46833425E+000
  0.46833340E+000
  0.46833265E+000
  0.46833201E+000
  0.46833148E+000
  0.46833105E+000
  0.46833071E+000
  0.46833039E+000
  0.46833007E+000
  0.46832980E+000
  0.46832956E+000
  0.46832935E+000
  0.46832916E+000
  0.46832899E+000
  0.46832884E+000
  0.46832870E+000
  0.46832857E+000
  0.46832845E+000
  0.46832833E+000
  0.46832821E+000
  0.46832810E+000
  0.46832800E+000
  0.46832789E+000
  0.46832779E+000
  0.46832769E+000
  0.46832760E+000
  0.46832750E+000
  0.46832741E+000
  0.46832733E+000
  0.46832725E+000
  0.46832717E+000
  0.46832709E+000
  0.46832703E+000
  0.46832696E+000
  0.46832690E+000
  0.46832684E+000
  0.46832679E+000
  0.46832675E+000
  0.46832671E+000
  0.46832667E+000
  0.46832663E+000
  0.46832661E+000
  0.46832658E+000
  0.46832656E+000
  0.46832654E+000
  0.46832652E+000
  0.46832651E+000
  0.46832649E+000
  0.46832648E+000
  0.46832648E+000
  0.46832647E+000
  0.46832646E+000
  0.46832646E+000
  0.46832646E+000
  0.46832645E+000
  0.46832645E+000
  0.46832645E+000
  0.46832645E+000
  0.46832645E+000
  0.46832645E+000
  0.46832645E+000
  0.46832645E+000
  0.46832645E+000
  0.46832645E+000
  0.46832645E+000
  0.46832645E+000
  0.46832645E+000
  0.46832645E+000
  0.46832645E+000
  0.46832645E+000
  0.46832645E+000
  0.46832645E+000
  0.46832645E+000
  0.46832645E+000
  0.46832645E+000
  0.46832645E+000
  0.46832645E+000
  0.46832645E+000
  0.46832645E+000
  0.46832646E+000
  0.46832646E+000
  0.46832646E+000
  0.46832646E+000
  0.46832647E+000
  0.46832647E+000
  0.46832647E+000
  0.46832648E+000
  0.46832648E+000
  0.46832648E+000
  0.46832649E+000
  0.46832649E+000
  0.46832650E+000
  0.46832650E+000
  0.46832651E+000
  0.46832651E+000
  0.46832652E+000
  0.46832653E+000
  0.46832653E+000
  0.46832654E+000
  0.46832655E+000
  0.46832655E+000
  0.46832656E+000
  0.46832657E+000
  0.46832657E+000
  0.46832658E+000
  0.46832659E+000
  0.46832660E+000
  0.46832661E+000
  0.46832661E+000
  0.46832662E+000
  0.46832663E+000
  0.46832664E+000
  0.46832665E+000
  0.46832666E+000
  0.46832666E+000
  0.46832667E+000
  0.46832668E+000
  0.46832669E+000
  0.46832670E+000
  0.46832671E+000
  0.46832672E+000
  0.46832673E+000
  0.46832673E+000
  0.46832674E+000
  0.46832675E+000
  0.46832676E+000
  0.46832677E+000
  0.46832678E+000
  0.46832678E+000
