  0.16070320E+000
  0.15494253E+000
  0.15546724E+000
  0.15631160E+000
  0.15700606E+000
  0.15757109E+000
  0.15804034E+000
  0.15843339E+000
  0.15876373E+000
  0.15904173E+000
  0.15927778E+000
  0.15948061E+000
  0.15965368E+000
  0.15980147E+000
  0.15992810E+000
  0.16003708E+000
  0.16013106E+000
  0.16021210E+000
  0.16028240E+000
  0.16034367E+000
  0.16039726E+000
  0.16044430E+000
  0.16048563E+000
  0.16052230E+000
  0.16055481E+000
  0.16058360E+000
  0.16060908E+000
  0.16063161E+000
  0.16065153E+000
  0.16066909E+000
  0.16068454E+000
  0.16069809E+000
  0.16070996E+000
  0.16072032E+000
  0.16072934E+000
  0.16073717E+000
  0.16074396E+000
  0.16074982E+000
  0.16075488E+000
  0.16075923E+000
  0.16076298E+000
  0.16076621E+000
  0.16076898E+000
  0.16077137E+000
  0.16077342E+000
  0.16077518E+000
  0.16077670E+000
  0.16077800E+000
  0.16077912E+000
  0.16078006E+000
  0.16078086E+000
  0.16078153E+000
  0.16078207E+000
  0.16078251E+000
  0.16078284E+000
  0.16078308E+000
  0.16078324E+000
  0.16078331E+000
  0.16078331E+000
  0.16078324E+000
  0.16078311E+000
  0.16078292E+000
  0.16078267E+000
  0.16078237E+000
  0.16078201E+000
  0.16078161E+000
  0.16078115E+000
  0.16078065E+000
  0.16078009E+000
  0.16077949E+000
  0.16077884E+000
  0.16077813E+000
  0.16077738E+000
  0.16077657E+000
  0.16077572E+000
  0.16077481E+000
  0.16077386E+000
  0.16077286E+000
  0.16077182E+000
  0.16077074E+000
  0.16076961E+000
  0.16076845E+000
  0.16076726E+000
  0.16076603E+000
  0.16076478E+000
  0.16076351E+000
  0.16076221E+000
  0.16076089E+000
  0.16075957E+000
  0.16075823E+000
  0.16075688E+000
  0.16075553E+000
  0.16075418E+000
  0.16075283E+000
  0.16075148E+000
  0.16075014E+000
  0.16074881E+000
  0.16074749E+000
  0.16074619E+000
  0.16074489E+000
  0.16074362E+000
  0.16074236E+000
  0.16074112E+000
  0.16073991E+000
  0.16073871E+000
  0.16073754E+000
  0.16073638E+000
  0.16073526E+000
  0.16073415E+000
  0.16073307E+000
  0.16073202E+000
  0.16073099E+000
  0.16072998E+000
  0.16072900E+000
  0.16072805E+000
  0.16072712E+000
  0.16072622E+000
  0.16072534E+000
  0.16072448E+000
  0.16072365E+000
  0.16072285E+000
  0.16072206E+000
  0.16072131E+000
  0.16072057E+000
  0.16071986E+000
  0.16071917E+000
  0.16071850E+000
  0.16071786E+000
  0.16071723E+000
  0.16071663E+000
  0.16071605E+000
  0.16071549E+000
  0.16071495E+000
  0.16071442E+000
  0.16071392E+000
  0.16071343E+000
  0.16071296E+000
  0.16071251E+000
  0.16071208E+000
  0.16071166E+000
  0.16071126E+000
  0.16071087E+000
  0.16071050E+000
  0.16071014E+000
  0.16070980E+000
  0.16070947E+000
  0.16070916E+000
  0.16070886E+000
  0.16070857E+000
  0.16070829E+000
  0.16070802E+000
  0.16070777E+000
  0.16070752E+000
  0.16070729E+000
  0.16070707E+000
  0.16070685E+000
  0.16070665E+000
  0.16070646E+000
  0.16070627E+000
  0.16070609E+000
  0.16070592E+000
  0.16070576E+000
  0.16070561E+000
  0.16070546E+000
  0.16070532E+000
  0.16070519E+000
  0.16070506E+000
  0.16070494E+000
  0.16070482E+000
  0.16070471E+000
  0.16070461E+000
  0.16070451E+000
  0.16070442E+000
  0.16070433E+000
  0.16070425E+000
  0.16070417E+000
  0.16070409E+000
  0.16070402E+000
  0.16070395E+000
  0.16070389E+000
  0.16070383E+000
  0.16070377E+000
  0.16070372E+000
  0.16070367E+000
  0.16070362E+000
  0.16070357E+000
  0.16070353E+000
  0.16070349E+000
  0.16070345E+000
  0.16070342E+000
  0.16070339E+000
  0.16070336E+000
  0.16070333E+000
  0.16070330E+000
  0.16070328E+000
  0.16070326E+000
  0.16070324E+000
  0.16070322E+000
  0.16070321E+000
  0.16070319E+000
