  0.78674693E+000
  0.78673554E+000
  0.78672535E+000
  0.78671627E+000
  0.78670813E+000
  0.78670080E+000
  0.78669417E+000
  0.78668815E+000
  0.78668266E+000
  0.78667763E+000
  0.78667301E+000
  0.78666874E+000
  0.78666480E+000
  0.78666114E+000
  0.78665774E+000
  0.78665458E+000
  0.78665163E+000
  0.78664890E+000
  0.78664635E+000
  0.78664398E+000
  0.78664175E+000
  0.78663966E+000
  0.78663770E+000
  0.78663584E+000
  0.78663408E+000
  0.78663241E+000
  0.78663083E+000
  0.78662932E+000
  0.78662788E+000
  0.78662651E+000
  0.78662520E+000
  0.78662395E+000
  0.78662275E+000
  0.78662161E+000
  0.78662051E+000
  0.78661947E+000
  0.78661848E+000
  0.78661754E+000
  0.78661664E+000
  0.78661580E+000
  0.78661501E+000
  0.78661427E+000
  0.78661359E+000
  0.78661296E+000
  0.78661238E+000
  0.78661187E+000
  0.78661142E+000
  0.78661103E+000
  0.78661071E+000
  0.78661046E+000
  0.78661027E+000
  0.78661016E+000
  0.78661011E+000
  0.78661015E+000
  0.78661026E+000
  0.78661045E+000
  0.78661071E+000
  0.78661106E+000
  0.78661149E+000
  0.78661200E+000
  0.78661259E+000
  0.78661327E+000
  0.78661402E+000
  0.78661487E+000
  0.78661579E+000
  0.78661679E+000
  0.78661787E+000
  0.78661904E+000
  0.78662028E+000
  0.78662159E+000
  0.78662298E+000
  0.78662444E+000
  0.78662597E+000
  0.78662756E+000
  0.78662922E+000
  0.78663094E+000
  0.78663271E+000
  0.78663454E+000
  0.78663642E+000
  0.78663834E+000
  0.78664030E+000
  0.78664231E+000
  0.78664434E+000
  0.78664641E+000
  0.78664850E+000
  0.78665062E+000
  0.78665276E+000
  0.78665491E+000
  0.78665707E+000
  0.78665924E+000
  0.78666141E+000
  0.78666359E+000
  0.78666576E+000
  0.78666792E+000
  0.78667008E+000
  0.78667223E+000
  0.78667436E+000
  0.78667647E+000
  0.78667857E+000
  0.78668064E+000
  0.78668270E+000
  0.78668472E+000
  0.78668672E+000
  0.78668869E+000
  0.78669063E+000
  0.78669253E+000
  0.78669441E+000
  0.78669625E+000
  0.78669806E+000
  0.78669983E+000
  0.78670156E+000
  0.78670325E+000
  0.78670491E+000
  0.78670653E+000
  0.78670812E+000
  0.78670966E+000
  0.78671117E+000
  0.78671263E+000
  0.78671406E+000
  0.78671545E+000
  0.78671680E+000
  0.78671811E+000
  0.78671939E+000
  0.78672063E+000
  0.78672183E+000
  0.78672299E+000
  0.78672412E+000
  0.78672521E+000
  0.78672626E+000
  0.78672728E+000
  0.78672827E+000
  0.78672922E+000
  0.78673014E+000
  0.78673103E+000
  0.78673188E+000
  0.78673271E+000
  0.78673350E+000
  0.78673426E+000
  0.78673500E+000
  0.78673570E+000
  0.78673638E+000
  0.78673703E+000
  0.78673766E+000
  0.78673826E+000
  0.78673883E+000
  0.78673938E+000
  0.78673991E+000
  0.78674041E+000
  0.78674089E+000
  0.78674135E+000
  0.78674179E+000
  0.78674221E+000
  0.78674261E+000
  0.78674299E+000
  0.78674335E+000
  0.78674369E+000
  0.78674402E+000
  0.78674433E+000
  0.78674462E+000
  0.78674490E+000
  0.78674516E+000
  0.78674541E+000
  0.78674565E+000
  0.78674587E+000
  0.78674608E+000
  0.78674628E+000
  0.78674647E+000
  0.78674664E+000
  0.78674681E+000
  0.78674696E+000
  0.78674711E+000
  0.78674724E+000
  0.78674737E+000
  0.78674748E+000
  0.78674759E+000
  0.78674769E+000
  0.78674779E+000
  0.78674787E+000
  0.78674795E+000
  0.78674802E+000
  0.78674809E+000
  0.78674815E+000
  0.78674821E+000
  0.78674825E+000
  0.78674830E+000
  0.78674834E+000
  0.78674837E+000
  0.78674840E+000
  0.78674843E+000
  0.78674845E+000
  0.78674847E+000
  0.78674849E+000
  0.78674850E+000
  0.78674851E+000
  0.78674851E+000
  0.78674851E+000
  0.78674851E+000
  0.78674851E+000
  0.78674850E+000
  0.78674849E+000
