  0.99188154E+000
  0.99185276E+000
  0.99183071E+000
  0.99181401E+000
  0.99180155E+000
  0.99179249E+000
  0.99178616E+000
  0.99178201E+000
  0.99177960E+000
  0.99177859E+000
  0.99177868E+000
  0.99177964E+000
  0.99178128E+000
  0.99178344E+000
  0.99178600E+000
  0.99178887E+000
  0.99179197E+000
  0.99179523E+000
  0.99179860E+000
  0.99180202E+000
  0.99180547E+000
  0.99180891E+000
  0.99181232E+000
  0.99181568E+000
  0.99181898E+000
  0.99182220E+000
  0.99182534E+000
  0.99182838E+000
  0.99183133E+000
  0.99183417E+000
  0.99183691E+000
  0.99183954E+000
  0.99184206E+000
  0.99184447E+000
  0.99184678E+000
  0.99184898E+000
  0.99185107E+000
  0.99185306E+000
  0.99185495E+000
  0.99185674E+000
  0.99185844E+000
  0.99186004E+000
  0.99186156E+000
  0.99186298E+000
  0.99186433E+000
  0.99186559E+000
  0.99186678E+000
  0.99186789E+000
  0.99186894E+000
  0.99186991E+000
  0.99187082E+000
  0.99187168E+000
  0.99187247E+000
  0.99187321E+000
  0.99187390E+000
  0.99187453E+000
  0.99187512E+000
  0.99187567E+000
  0.99187618E+000
  0.99187664E+000
  0.99187707E+000
  0.99187747E+000
  0.99187783E+000
  0.99187816E+000
  0.99187847E+000
  0.99187875E+000
  0.99187900E+000
  0.99187923E+000
  0.99187944E+000
  0.99187963E+000
  0.99187981E+000
  0.99187996E+000
  0.99188011E+000
  0.99188023E+000
  0.99188035E+000
  0.99188045E+000
  0.99188054E+000
  0.99188062E+000
  0.99188070E+000
  0.99188076E+000
  0.99188082E+000
  0.99188087E+000
  0.99188091E+000
  0.99188095E+000
  0.99188099E+000
  0.99188102E+000
  0.99188104E+000
  0.99188107E+000
  0.99188109E+000
  0.99188110E+000
  0.99188112E+000
  0.99188113E+000
  0.99188114E+000
  0.99188115E+000
  0.99188115E+000
  0.99188116E+000
  0.99188116E+000
  0.99188117E+000
  0.99188117E+000
  0.99188117E+000
  0.99188117E+000
  0.99188117E+000
  0.99188117E+000
  0.99188117E+000
  0.99188117E+000
  0.99188117E+000
  0.99188117E+000
  0.99188117E+000
  0.99188118E+000
  0.99188118E+000
  0.99188118E+000
  0.99188118E+000
  0.99188119E+000
  0.99188119E+000
  0.99188120E+000
  0.99188120E+000
  0.99188121E+000
  0.99188121E+000
  0.99188122E+000
  0.99188122E+000
  0.99188122E+000
  0.99188122E+000
  0.99188121E+000
  0.99188121E+000
  0.99188119E+000
  0.99188118E+000
  0.99188116E+000
  0.99188114E+000
  0.99188111E+000
  0.99188108E+000
  0.99188105E+000
  0.99188101E+000
  0.99188097E+000
  0.99188093E+000
  0.99188088E+000
  0.99188084E+000
  0.99188079E+000
  0.99188074E+000
  0.99188069E+000
  0.99188065E+000
  0.99188060E+000
  0.99188056E+000
  0.99188052E+000
  0.99188048E+000
  0.99188045E+000
  0.99188042E+000
  0.99188039E+000
  0.99188037E+000
  0.99188035E+000
  0.99188034E+000
  0.99188033E+000
  0.99188032E+000
  0.99188032E+000
  0.99188033E+000
  0.99188034E+000
  0.99188035E+000
  0.99188036E+000
  0.99188038E+000
  0.99188041E+000
  0.99188043E+000
  0.99188046E+000
  0.99188049E+000
  0.99188053E+000
  0.99188056E+000
  0.99188060E+000
  0.99188064E+000
  0.99188068E+000
  0.99188073E+000
  0.99188077E+000
  0.99188082E+000
  0.99188086E+000
  0.99188091E+000
  0.99188096E+000
  0.99188101E+000
  0.99188105E+000
  0.99188110E+000
  0.99188115E+000
  0.99188119E+000
  0.99188124E+000
  0.99188128E+000
  0.99188132E+000
  0.99188136E+000
  0.99188139E+000
  0.99188143E+000
  0.99188146E+000
  0.99188149E+000
  0.99188151E+000
  0.99188153E+000
  0.99188155E+000
  0.99188156E+000
  0.99188157E+000
  0.99188158E+000
  0.99188158E+000
  0.99188157E+000
  0.99188155E+000
  0.99188151E+000
  0.99188145E+000
  0.99188135E+000
  0.99188116E+000
  0.99188091E+000
