  0.40059080E+000
  0.40079693E+000
  0.40088223E+000
  0.40095538E+000
  0.40100891E+000
  0.40106065E+000
  0.40109608E+000
  0.40113209E+000
  0.40115670E+000
  0.40118122E+000
  0.40119728E+000
  0.40121322E+000
  0.40123162E+000
  0.40124053E+000
  0.40125071E+000
  0.40125721E+000
  0.40126855E+000
  0.40127459E+000
  0.40127916E+000
  0.40128253E+000
  0.40128598E+000
  0.40128774E+000
  0.40129345E+000
  0.40129379E+000
  0.40129711E+000
  0.40129784E+000
  0.40129895E+000
  0.40129964E+000
  0.40129855E+000
  0.40129911E+000
  0.40129889E+000
  0.40129891E+000
  0.40129859E+000
  0.40129841E+000
  0.40129797E+000
  0.40129761E+000
  0.40129736E+000
  0.40129694E+000
  0.40129662E+000
  0.40129613E+000
  0.40129567E+000
  0.40129522E+000
  0.40129470E+000
  0.40129420E+000
  0.40129376E+000
  0.40129327E+000
  0.40129267E+000
  0.40129227E+000
  0.40129191E+000
  0.40129153E+000
  0.40129116E+000
  0.40129082E+000
  0.40129049E+000
  0.40129015E+000
  0.40128982E+000
  0.40128951E+000
  0.40128923E+000
  0.40128895E+000
  0.40128869E+000
  0.40128849E+000
  0.40128824E+000
  0.40128796E+000
  0.40128753E+000
  0.40128718E+000
  0.40128683E+000
  0.40128650E+000
  0.40128614E+000
  0.40128587E+000
  0.40128561E+000
  0.40128555E+000
  0.40128518E+000
  0.40128491E+000
  0.40128474E+000
  0.40128434E+000
  0.40128417E+000
  0.40128398E+000
  0.40128385E+000
  0.40128357E+000
  0.40128344E+000
  0.40128320E+000
  0.40128310E+000
  0.40128302E+000
  0.40128293E+000
  0.40128279E+000
  0.40128256E+000
  0.40128246E+000
  0.40128232E+000
  0.40128213E+000
  0.40128211E+000
  0.40128216E+000
  0.40128214E+000
  0.40128210E+000
  0.40128215E+000
  0.40128227E+000
  0.40128223E+000
  0.40128226E+000
  0.40128347E+000
  0.40128360E+000
  0.40128366E+000
  0.40128359E+000
  0.40128368E+000
  0.40128366E+000
  0.40128373E+000
  0.40128372E+000
  0.40128374E+000
  0.40128380E+000
  0.40128387E+000
  0.40128389E+000
  0.40128392E+000
  0.40128395E+000
  0.40128400E+000
  0.40128403E+000
  0.40128407E+000
  0.40128411E+000
  0.40128422E+000
  0.40128427E+000
  0.40128432E+000
  0.40128436E+000
  0.40128442E+000
  0.40128446E+000
  0.40128451E+000
  0.40128456E+000
  0.40128460E+000
  0.40128465E+000
  0.40128467E+000
  0.40128471E+000
  0.40128475E+000
  0.40128479E+000
  0.40128482E+000
  0.40128485E+000
  0.40128488E+000
  0.40128490E+000
  0.40128492E+000
  0.40128494E+000
  0.40128496E+000
  0.40128497E+000
  0.40128499E+000
  0.40128499E+000
  0.40128500E+000
  0.40128500E+000
  0.40128501E+000
  0.40128501E+000
  0.40128500E+000
  0.40128500E+000
  0.40128499E+000
  0.40128498E+000
  0.40128497E+000
  0.40128496E+000
  0.40128494E+000
  0.40128492E+000
  0.40128490E+000
  0.40128488E+000
  0.40128486E+000
  0.40128484E+000
  0.40128481E+000
  0.40128479E+000
  0.40128476E+000
  0.40128473E+000
  0.40128470E+000
  0.40128467E+000
  0.40128464E+000
  0.40128460E+000
  0.40128457E+000
  0.40128453E+000
  0.40128449E+000
  0.40128446E+000
  0.40128442E+000
  0.40128438E+000
  0.40128434E+000
  0.40128430E+000
  0.40128426E+000
  0.40128422E+000
  0.40128418E+000
  0.40128414E+000
  0.40128410E+000
  0.40128406E+000
  0.40128402E+000
  0.40128398E+000
  0.40128393E+000
  0.40128389E+000
  0.40128385E+000
  0.40128381E+000
  0.40128377E+000
  0.40128373E+000
  0.40128369E+000
  0.40128365E+000
  0.40128360E+000
  0.40128356E+000
  0.40128352E+000
  0.40128348E+000
  0.40128344E+000
  0.40128340E+000
  0.40128337E+000
  0.40128333E+000
  0.40128329E+000
  0.40128325E+000
  0.40128321E+000
  0.40128318E+000
  0.40128314E+000
  0.40128310E+000
