  0.83135156E+000
  0.83071916E+000
  0.83028787E+000
  0.82999096E+000
  0.82978670E+000
  0.82964970E+000
  0.82956468E+000
  0.82951980E+000
  0.82950655E+000
  0.82952073E+000
  0.82955367E+000
  0.82959920E+000
  0.82965225E+000
  0.82970889E+000
  0.82976941E+000
  0.82983283E+000
  0.82989807E+000
  0.82996416E+000
  0.83003006E+000
  0.83009538E+000
  0.83015976E+000
  0.83022288E+000
  0.83028445E+000
  0.83034427E+000
  0.83040219E+000
  0.83045809E+000
  0.83051190E+000
  0.83056360E+000
  0.83061316E+000
  0.83066059E+000
  0.83070589E+000
  0.83074910E+000
  0.83079026E+000
  0.83082940E+000
  0.83086657E+000
  0.83090182E+000
  0.83093521E+000
  0.83096679E+000
  0.83099661E+000
  0.83102473E+000
  0.83105121E+000
  0.83107608E+000
  0.83109942E+000
  0.83112128E+000
  0.83114169E+000
  0.83116073E+000
  0.83117844E+000
  0.83119487E+000
  0.83121008E+000
  0.83122412E+000
  0.83123704E+000
  0.83124891E+000
  0.83125977E+000
  0.83126968E+000
  0.83127868E+000
  0.83128685E+000
  0.83129421E+000
  0.83130083E+000
  0.83130677E+000
  0.83131206E+000
  0.83131676E+000
  0.83132092E+000
  0.83132458E+000
  0.83132778E+000
  0.83133058E+000
  0.83133300E+000
  0.83133509E+000
  0.83133689E+000
  0.83133842E+000
  0.83133971E+000
  0.83134080E+000
  0.83134172E+000
  0.83134248E+000
  0.83134310E+000
  0.83134362E+000
  0.83134404E+000
  0.83134438E+000
  0.83134466E+000
  0.83134488E+000
  0.83134507E+000
  0.83134522E+000
  0.83134535E+000
  0.83134546E+000
  0.83134557E+000
  0.83134566E+000
  0.83134576E+000
  0.83134585E+000
  0.83134595E+000
  0.83134606E+000
  0.83134617E+000
  0.83134629E+000
  0.83134641E+000
  0.83134655E+000
  0.83134669E+000
  0.83134683E+000
  0.83134699E+000
  0.83134714E+000
  0.83134730E+000
  0.83134747E+000
  0.83134763E+000
  0.83134780E+000
  0.83134797E+000
  0.83134814E+000
  0.83134831E+000
  0.83134847E+000
  0.83134864E+000
  0.83134880E+000
  0.83134896E+000
  0.83134911E+000
  0.83134927E+000
  0.83134941E+000
  0.83134956E+000
  0.83134970E+000
  0.83134984E+000
  0.83134998E+000
  0.83135011E+000
  0.83135024E+000
  0.83135036E+000
  0.83135048E+000
  0.83135060E+000
  0.83135071E+000
  0.83135082E+000
  0.83135092E+000
  0.83135101E+000
  0.83135110E+000
  0.83135118E+000
  0.83135125E+000
  0.83135131E+000
  0.83135136E+000
  0.83135141E+000
  0.83135144E+000
  0.83135147E+000
  0.83135148E+000
  0.83135149E+000
  0.83135148E+000
  0.83135147E+000
  0.83135145E+000
  0.83135142E+000
  0.83135139E+000
  0.83135135E+000
  0.83135131E+000
  0.83135126E+000
  0.83135121E+000
  0.83135116E+000
  0.83135111E+000
  0.83135106E+000
  0.83135101E+000
  0.83135097E+000
  0.83135092E+000
  0.83135088E+000
  0.83135084E+000
  0.83135080E+000
  0.83135076E+000
  0.83135073E+000
  0.83135070E+000
  0.83135067E+000
  0.83135064E+000
  0.83135062E+000
  0.83135060E+000
  0.83135057E+000
  0.83135055E+000
  0.83135053E+000
  0.83135051E+000
  0.83135050E+000
  0.83135048E+000
  0.83135047E+000
  0.83135045E+000
  0.83135044E+000
  0.83135043E+000
  0.83135043E+000
  0.83135042E+000
  0.83135042E+000
  0.83135042E+000
  0.83135043E+000
  0.83135044E+000
  0.83135045E+000
  0.83135047E+000
  0.83135049E+000
  0.83135051E+000
  0.83135054E+000
  0.83135057E+000
  0.83135061E+000
  0.83135065E+000
  0.83135070E+000
  0.83135074E+000
  0.83135079E+000
  0.83135084E+000
  0.83135089E+000
  0.83135095E+000
  0.83135100E+000
  0.83135105E+000
  0.83135111E+000
  0.83135116E+000
  0.83135122E+000
  0.83135127E+000
  0.83135134E+000
  0.83135142E+000
  0.83135153E+000
  0.83135171E+000
  0.83135196E+000
