 -0.73593315E+000 -0.57338805E+000 -0.33057788E+000 -0.14034309E+000 -0.71058858E-001 -0.17677370E-001  0.73921509E-002  0.10062105E+001  0.23339154E+001  0.44474438E+001  0.62508614E+001
 -0.73466366E+000 -0.57227205E+000 -0.32925214E+000 -0.13900684E+000 -0.69803214E-001 -0.14341595E-001  0.75242016E-002  0.10081948E+001  0.23364330E+001  0.44507044E+001  0.62550739E+001
 -0.73399107E+000 -0.57162967E+000 -0.32843555E+000 -0.13814596E+000 -0.69405136E-001 -0.13364748E-001  0.75641430E-002  0.10094672E+001  0.23381950E+001  0.44531870E+001  0.62584021E+001
 -0.73356161E+000 -0.57117974E+000 -0.32782153E+000 -0.13749182E+000 -0.69182652E-001 -0.12849713E-001  0.75809985E-002  0.10107293E+001  0.23395928E+001  0.44552840E+001  0.62613020E+001
 -0.73329608E+000 -0.57086884E+000 -0.32736533E+000 -0.13700023E+000 -0.69075015E-001 -0.12631174E-001  0.75845576E-002  0.10116882E+001  0.23406848E+001  0.44570150E+001  0.62637493E+001
 -0.73314237E+000 -0.57066190E+000 -0.32703456E+000 -0.13663688E+000 -0.69043817E-001 -0.12606184E-001  0.75817867E-002  0.10124020E+001  0.23415250E+001  0.44584116E+001  0.62657593E+001
 -0.73306689E+000 -0.57053477E+000 -0.32680450E+000 -0.13637557E+000 -0.69064873E-001 -0.12710931E-001  0.75756198E-002  0.10129232E+001  0.23421587E+001  0.44595092E+001  0.62673610E+001
 -0.73304707E+000 -0.57046929E+000 -0.32665522E+000 -0.13619581E+000 -0.69122009E-001 -0.12903355E-001  0.75674030E-002  0.10132902E+001  0.23426234E+001  0.44603446E+001  0.62685927E+001
 -0.73306682E+000 -0.57045092E+000 -0.32657028E+000 -0.13608106E+000 -0.69202382E-001 -0.13150150E-001  0.75580825E-002  0.10135334E+001  0.23429502E+001  0.44609555E+001  0.62694973E+001
 -0.73311474E+000 -0.57046830E+000 -0.32653649E+000 -0.13601830E+000 -0.69297886E-001 -0.13430762E-001  0.75482334E-002  0.10136761E+001  0.23431635E+001  0.44613755E+001  0.62701172E+001
 -0.73318245E+000 -0.57051242E+000 -0.32654317E+000 -0.13599712E+000 -0.69403795E-001 -0.13733708E-001  0.75382072E-002  0.10137371E+001  0.23432829E+001  0.44616341E+001  0.62704920E+001
 -0.73326375E+000 -0.57057619E+000 -0.32658170E+000 -0.13600915E+000 -0.69516703E-001 -0.14050855E-001  0.75282262E-002  0.10137313E+001  0.23433240E+001  0.44617564E+001  0.62706580E+001
 -0.73335407E+000 -0.57065407E+000 -0.32664510E+000 -0.13604767E+000 -0.69634074E-001 -0.14376228E-001  0.75184313E-002  0.10136705E+001  0.23432996E+001  0.44617638E+001  0.62706473E+001
 -0.73345003E+000 -0.57074180E+000 -0.32672777E+000 -0.13610722E+000 -0.69754009E-001 -0.14705417E-001  0.75089078E-002  0.10135646E+001  0.23432202E+001  0.44616740E+001  0.62704878E+001
 -0.73354920E+000 -0.57083614E+000 -0.32682525E+000 -0.13618346E+000 -0.69875030E-001 -0.15034998E-001  0.74996826E-002  0.10134214E+001  0.23430943E+001  0.44615020E+001  0.62702033E+001
 -0.73365089E+000 -0.57093555E+000 -0.32693503E+000 -0.13627399E+000 -0.69997632E-001 -0.15366790E-001  0.74905941E-002  0.10132454E+001  0.23429272E+001  0.44612581E+001  0.62698115E+001
 -0.73375334E+000 -0.57103774E+000 -0.32705379E+000 -0.13638764E+000 -0.70114835E-001 -0.15679008E-001  0.74818848E-002  0.10130426E+001  0.23427253E+001  0.44609536E+001  0.62693305E+001
 -0.73385517E+000 -0.57114091E+000 -0.32717870E+000 -0.13653323E+000 -0.70219634E-001 -0.15949798E-001  0.74738182E-002  0.10128182E+001  0.23424946E+001  0.44605984E+001  0.62687764E+001
 -0.73395544E+000 -0.57124375E+000 -0.32730757E+000 -0.13669968E+000 -0.70313215E-001 -0.16184777E-001  0.74663858E-002  0.10125764E+001  0.23422396E+001  0.44602007E+001  0.62681627E+001
 -0.73405354E+000 -0.57134528E+000 -0.32743862E+000 -0.13687927E+000 -0.70396737E-001 -0.16388751E-001  0.74595633E-002  0.10123205E+001  0.23419645E+001  0.44597678E+001  0.62675012E+001
 -0.73414898E+000 -0.57144479E+000 -0.32757041E+000 -0.13706607E+000 -0.70471241E-001 -0.16565830E-001  0.74533177E-002  0.10120535E+001  0.23416727E+001  0.44593060E+001  0.62668019E+001
 -0.73424145E+000 -0.57154173E+000 -0.32770180E+000 -0.13725551E+000 -0.70537655E-001 -0.16719532E-001  0.74476113E-002  0.10117777E+001  0.23413679E+001  0.44588206E+001  0.62660735E+001
 -0.73433071E+000 -0.57163570E+000 -0.32783187E+000 -0.13744415E+000 -0.70596813E-001 -0.16852882E-001  0.74424046E-002  0.10114952E+001  0.23410527E+001  0.44583166E+001  0.62653239E+001
 -0.73441658E+000 -0.57172642E+000 -0.32795987E+000 -0.13762944E+000 -0.70649461E-001 -0.16968485E-001  0.74376585E-002  0.10112079E+001  0.23407296E+001  0.44577981E+001  0.62645598E+001
 -0.73449897E+000 -0.57181370E+000 -0.32808523E+000 -0.13780950E+000 -0.70696269E-001 -0.17068598E-001  0.74333355E-002  0.10109172E+001  0.23404005E+001  0.44572692E+001  0.62637871E+001
 -0.73457779E+000 -0.57189740E+000 -0.32820749E+000 -0.13798299E+000 -0.70737840E-001 -0.17155181E-001  0.74293997E-002  0.10106247E+001  0.23400675E+001  0.44567333E+001  0.62630114E+001
 -0.73465301E+000 -0.57197746E+000 -0.32832629E+000 -0.13814899E+000 -0.70774716E-001 -0.17229945E-001  0.74258180E-002  0.10103316E+001  0.23397323E+001  0.44561938E+001  0.62622373E+001
 -0.73472464E+000 -0.57205384E+000 -0.32844136E+000 -0.13830693E+000 -0.70807387E-001 -0.17294383E-001  0.74225597E-002  0.10100391E+001  0.23393966E+001  0.44556537E+001  0.62614692E+001
 -0.73479270E+000 -0.57212657E+000 -0.32855251E+000 -0.13845646E+000 -0.70836295E-001 -0.17349808E-001  0.74195965E-002  0.10097483E+001  0.23390619E+001  0.44551160E+001  0.62607112E+001
 -0.73485724E+000 -0.57219566E+000 -0.32865959E+000 -0.13859746E+000 -0.70861843E-001 -0.17397375E-001  0.74169023E-002  0.10094746E+001  0.23387298E+001  0.44545831E+001  0.62599667E+001
 -0.73491833E+000 -0.57226120E+000 -0.32876253E+000 -0.13872994E+000 -0.70884392E-001 -0.17438100E-001  0.74144533E-002  0.10092624E+001  0.23384016E+001  0.44540577E+001  0.62592391E+001
 -0.73497606E+000 -0.57232326E+000 -0.32886129E+000 -0.13885403E+000 -0.70904272E-001 -0.17472883E-001  0.74122276E-002  0.10090538E+001  0.23380786E+001  0.44535421E+001  0.62585311E+001
 -0.73503054E+000 -0.57238195E+000 -0.32895586E+000 -0.13896803E+000 -0.70921610E-001 -0.17502476E-001  0.74102050E-002  0.10088493E+001  0.23377620E+001  0.44530385E+001  0.62578454E+001
 -0.73508189E+000 -0.57243739E+000 -0.32904629E+000 -0.13907128E+000 -0.70936594E-001 -0.17527558E-001  0.74083670E-002  0.10086497E+001  0.23374531E+001  0.44525488E+001  0.62571843E+001
 -0.73513022E+000 -0.57248971E+000 -0.32913261E+000 -0.13916556E+000 -0.70949592E-001 -0.17548781E-001  0.74066965E-002  0.10084555E+001  0.23371528E+001  0.44520748E+001  0.62565497E+001
 -0.73517568E+000 -0.57253903E+000 -0.32921494E+000 -0.13925217E+000 -0.70960910E-001 -0.17566711E-001  0.74051776E-002  0.10082673E+001  0.23368622E+001  0.44516182E+001  0.62559432E+001
 -0.73521840E+000 -0.57258552E+000 -0.32929337E+000 -0.13933213E+000 -0.70970802E-001 -0.17581844E-001  0.74037958E-002  0.10080855E+001  0.23365820E+001  0.44511803E+001  0.62553663E+001
 -0.73525854E+000 -0.57262934E+000 -0.32936806E+000 -0.13940621E+000 -0.70979485E-001 -0.17594623E-001  0.74025398E-002  0.10079106E+001  0.23363132E+001  0.44507625E+001  0.62548199E+001
 -0.73529627E+000 -0.57267068E+000 -0.32943917E+000 -0.13947502E+000 -0.70987135E-001 -0.17605413E-001  0.74013969E-002  0.10077429E+001  0.23360563E+001  0.44503657E+001  0.62543048E+001
 -0.73533177E+000 -0.57270970E+000 -0.32950686E+000 -0.13953905E+000 -0.70993898E-001 -0.17614527E-001  0.74003547E-002  0.10075828E+001  0.23358119E+001  0.44499905E+001  0.62538214E+001
 -0.73536522E+000 -0.57274660E+000 -0.32957132E+000 -0.13959871E+000 -0.70999901E-001 -0.17622240E-001  0.73994020E-002  0.10074305E+001  0.23355803E+001  0.44496377E+001  0.62533698E+001
 -0.73539679E+000 -0.57278154E+000 -0.32963272E+000 -0.13965434E+000 -0.71005251E-001 -0.17628788E-001  0.73985294E-002  0.10072862E+001  0.23353619E+001  0.44493074E+001  0.62529499E+001
 -0.73542663E+000 -0.57281469E+000 -0.32969124E+000 -0.13970625E+000 -0.71010040E-001 -0.17634370E-001  0.73977285E-002  0.10071501E+001  0.23351568E+001  0.44489999E+001  0.62525613E+001
 -0.73545489E+000 -0.57284621E+000 -0.32974703E+000 -0.13975470E+000 -0.71014346E-001 -0.17639155E-001  0.73969921E-002  0.10070222E+001  0.23349652E+001  0.44487149E+001  0.62522034E+001
 -0.73548171E+000 -0.57287624E+000 -0.32980025E+000 -0.13979995E+000 -0.71018233E-001 -0.17643282E-001  0.73963140E-002  0.10069025E+001  0.23347869E+001  0.44484522E+001  0.62518753E+001
 -0.73550721E+000 -0.57290490E+000 -0.32985104E+000 -0.13984220E+000 -0.71021758E-001 -0.17646869E-001  0.73956890E-002  0.10067911E+001  0.23346219E+001  0.44482112E+001  0.62515762E+001
 -0.73553150E+000 -0.57293231E+000 -0.32989953E+000 -0.13988168E+000 -0.71024966E-001 -0.17650008E-001  0.73951125E-002  0.10066877E+001  0.23344698E+001  0.44479915E+001  0.62513047E+001
 -0.73555466E+000 -0.57295856E+000 -0.32994582E+000 -0.13991855E+000 -0.71027896E-001 -0.17652777E-001  0.73945808E-002  0.10065923E+001  0.23343305E+001  0.44477922E+001  0.62510597E+001
 -0.73557679E+000 -0.57298374E+000 -0.32999001E+000 -0.13995301E+000 -0.71030581E-001 -0.17655236E-001  0.73940907E-002  0.10065048E+001  0.23342035E+001  0.44476124E+001  0.62508398E+001
 -0.73559794E+000 -0.57300791E+000 -0.33003217E+000 -0.13998519E+000 -0.71033048E-001 -0.17657435E-001  0.73936396E-002  0.10064247E+001  0.23340882E+001  0.44474512E+001  0.62506436E+001
 -0.73561818E+000 -0.57303113E+000 -0.33007238E+000 -0.14001525E+000 -0.71035319E-001 -0.17659412E-001  0.73932251E-002  0.10063520E+001  0.23339843E+001  0.44473075E+001  0.62504695E+001
 -0.73563755E+000 -0.57305345E+000 -0.33011068E+000 -0.14004331E+000 -0.71037413E-001 -0.17661197E-001  0.73928455E-002  0.10062863E+001  0.23338912E+001  0.44471802E+001  0.62503162E+001
 -0.73565609E+000 -0.57307491E+000 -0.33014712E+000 -0.14006949E+000 -0.71039346E-001 -0.17662814E-001  0.73924990E-002  0.10062272E+001  0.23338082E+001  0.44470683E+001  0.62501821E+001
 -0.73567383E+000 -0.57309551E+000 -0.33018174E+000 -0.14009389E+000 -0.71041131E-001 -0.17664282E-001  0.73921840E-002  0.10061744E+001  0.23337347E+001  0.44469707E+001  0.62500657E+001
 -0.73569080E+000 -0.57311530E+000 -0.33021458E+000 -0.14011661E+000 -0.71042778E-001 -0.17665617E-001  0.73918991E-002  0.10061275E+001  0.23336701E+001  0.44468861E+001  0.62499657E+001
 -0.73570703E+000 -0.57313428E+000 -0.33024566E+000 -0.14013774E+000 -0.71044299E-001 -0.17666830E-001  0.73916427E-002  0.10060862E+001  0.23336137E+001  0.44468135E+001  0.62498807E+001
 -0.73572252E+000 -0.57315246E+000 -0.33027501E+000 -0.14015737E+000 -0.71045701E-001 -0.17667933E-001  0.73914133E-002  0.10060500E+001  0.23335649E+001  0.44467519E+001  0.62498092E+001
 -0.73573731E+000 -0.57316985E+000 -0.33030266E+000 -0.14017557E+000 -0.71046994E-001 -0.17668936E-001  0.73912092E-002  0.10060185E+001  0.23335231E+001  0.44467002E+001  0.62497502E+001
 -0.73575140E+000 -0.57318646E+000 -0.33032866E+000 -0.14019241E+000 -0.71048184E-001 -0.17669847E-001  0.73910287E-002  0.10059914E+001  0.23334876E+001  0.44466575E+001  0.62497022E+001
 -0.73576481E+000 -0.57320230E+000 -0.33035303E+000 -0.14020798E+000 -0.71049278E-001 -0.17670677E-001  0.73908699E-002  0.10059683E+001  0.23334579E+001  0.44466228E+001  0.62496644E+001
 -0.73577756E+000 -0.57321737E+000 -0.33037583E+000 -0.14022235E+000 -0.71050284E-001 -0.17671431E-001  0.73907311E-002  0.10059487E+001  0.23334333E+001  0.44465954E+001  0.62496355E+001
 -0.73578965E+000 -0.57323168E+000 -0.33039708E+000 -0.14023557E+000 -0.71051208E-001 -0.17672119E-001  0.73906105E-002  0.10059324E+001  0.23334135E+001  0.44465745E+001  0.62496147E+001
 -0.73580111E+000 -0.57324524E+000 -0.33041683E+000 -0.14024771E+000 -0.71052055E-001 -0.17672746E-001  0.73905065E-002  0.10059190E+001  0.23333979E+001  0.44465594E+001  0.62496012E+001
 -0.73581192E+000 -0.57325803E+000 -0.33043513E+000 -0.14025884E+000 -0.71052829E-001 -0.17673317E-001  0.73904179E-002  0.10059083E+001  0.23333861E+001  0.44465494E+001  0.62495941E+001
 -0.73582211E+000 -0.57327006E+000 -0.33045201E+000 -0.14026899E+000 -0.71053536E-001 -0.17673834E-001  0.73903436E-002  0.10058999E+001  0.23333776E+001  0.44465441E+001  0.62495928E+001
 -0.73583166E+000 -0.57328134E+000 -0.33046750E+000 -0.14027821E+000 -0.71054176E-001 -0.17674301E-001  0.73902828E-002  0.10058937E+001  0.23333723E+001  0.44465430E+001  0.62495967E+001
 -0.73584059E+000 -0.57329185E+000 -0.33048165E+000 -0.14028654E+000 -0.71054754E-001 -0.17674718E-001  0.73902351E-002  0.10058894E+001  0.23333697E+001  0.44465456E+001  0.62496053E+001
 -0.73584890E+000 -0.57330160E+000 -0.33049450E+000 -0.14029402E+000 -0.71055272E-001 -0.17675086E-001  0.73901999E-002  0.10058869E+001  0.23333696E+001  0.44465515E+001  0.62496181E+001
 -0.73585659E+000 -0.57331060E+000 -0.33050610E+000 -0.14030070E+000 -0.71055731E-001 -0.17675407E-001  0.73901766E-002  0.10058860E+001  0.23333718E+001  0.44465605E+001  0.62496347E+001
 -0.73586368E+000 -0.57331887E+000 -0.33051651E+000 -0.14030661E+000 -0.71056135E-001 -0.17675683E-001  0.73901643E-002  0.10058865E+001  0.23333759E+001  0.44465722E+001  0.62496547E+001
 -0.73587020E+000 -0.57332644E+000 -0.33052579E+000 -0.14031182E+000 -0.71056490E-001 -0.17675919E-001  0.73901619E-002  0.10058883E+001  0.23333819E+001  0.44465863E+001  0.62496775E+001
 -0.73587618E+000 -0.57333334E+000 -0.33053403E+000 -0.14031638E+000 -0.71056798E-001 -0.17676119E-001  0.73901681E-002  0.10058911E+001  0.23333894E+001  0.44466024E+001  0.62497029E+001
 -0.73588165E+000 -0.57333960E+000 -0.33054131E+000 -0.14032036E+000 -0.71057067E-001 -0.17676291E-001  0.73901812E-002  0.10058949E+001  0.23333981E+001  0.44466202E+001  0.62497304E+001
 -0.73588664E+000 -0.57334528E+000 -0.33054773E+000 -0.14032382E+000 -0.71057301E-001 -0.17676439E-001  0.73901998E-002  0.10058995E+001  0.23334080E+001  0.44466394E+001  0.62497596E+001
 -0.73589121E+000 -0.57335042E+000 -0.33055336E+000 -0.14032683E+000 -0.71057506E-001 -0.17676571E-001  0.73902224E-002  0.10059048E+001  0.23334187E+001  0.44466598E+001  0.62497901E+001
 -0.73589536E+000 -0.57335504E+000 -0.33055829E+000 -0.14032943E+000 -0.71057686E-001 -0.17676691E-001  0.73902478E-002  0.10059105E+001  0.23334302E+001  0.44466810E+001  0.62498216E+001
 -0.73589914E+000 -0.57335920E+000 -0.33056257E+000 -0.14033168E+000 -0.71057845E-001 -0.17676801E-001  0.73902756E-002  0.10059167E+001  0.23334423E+001  0.44467030E+001  0.62498540E+001
 -0.73590255E+000 -0.57336290E+000 -0.33056625E+000 -0.14033360E+000 -0.71057983E-001 -0.17676900E-001  0.73903058E-002  0.10059233E+001  0.23334549E+001  0.44467256E+001  0.62498870E+001
 -0.73590560E+000 -0.57336615E+000 -0.33056934E+000 -0.14033519E+000 -0.71058097E-001 -0.17676978E-001  0.73903399E-002  0.10059303E+001  0.23334679E+001  0.44467487E+001  0.62499206E+001
 -0.73590829E+000 -0.57336898E+000 -0.33057188E+000 -0.14033647E+000 -0.71058186E-001 -0.17677030E-001  0.73903792E-002  0.10059376E+001  0.23334814E+001  0.44467723E+001  0.62499547E+001
 -0.73591066E+000 -0.57337142E+000 -0.33057394E+000 -0.14033747E+000 -0.71058256E-001 -0.17677070E-001  0.73904210E-002  0.10059452E+001  0.23334952E+001  0.44467963E+001  0.62499892E+001
 -0.73591274E+000 -0.57337351E+000 -0.33057557E+000 -0.14033823E+000 -0.71058310E-001 -0.17677096E-001  0.73904653E-002  0.10059531E+001  0.23335092E+001  0.44468205E+001  0.62500238E+001
 -0.73591456E+000 -0.57337528E+000 -0.33057681E+000 -0.14033879E+000 -0.71058349E-001 -0.17677111E-001  0.73905116E-002  0.10059611E+001  0.23335234E+001  0.44468448E+001  0.62500585E+001
 -0.73591612E+000 -0.57337676E+000 -0.33057771E+000 -0.14033916E+000 -0.71058375E-001 -0.17677115E-001  0.73905594E-002  0.10059692E+001  0.23335377E+001  0.44468690E+001  0.62500929E+001
 -0.73591747E+000 -0.57337798E+000 -0.33057831E+000 -0.14033937E+000 -0.71058389E-001 -0.17677111E-001  0.73906086E-002  0.10059774E+001  0.23335520E+001  0.44468932E+001  0.62501272E+001
 -0.73591861E+000 -0.57337897E+000 -0.33057865E+000 -0.14033944E+000 -0.71058394E-001 -0.17677098E-001  0.73906587E-002  0.10059856E+001  0.23335662E+001  0.44469172E+001  0.62501610E+001
 -0.73591957E+000 -0.57337975E+000 -0.33057876E+000 -0.14033939E+000 -0.71058391E-001 -0.17677079E-001  0.73907096E-002  0.10059938E+001  0.23335804E+001  0.44469408E+001  0.62501942E+001
 -0.73592037E+000 -0.57338034E+000 -0.33057868E+000 -0.14033925E+000 -0.71058380E-001 -0.17677053E-001  0.73907609E-002  0.10060020E+001  0.23335944E+001  0.44469641E+001  0.62502269E+001
 -0.73592102E+000 -0.57338078E+000 -0.33057843E+000 -0.14033903E+000 -0.71058363E-001 -0.17677022E-001  0.73908124E-002  0.10060101E+001  0.23336082E+001  0.44469869E+001  0.62502588E+001
 -0.73592155E+000 -0.57338108E+000 -0.33057805E+000 -0.14033874E+000 -0.71058342E-001 -0.17676987E-001  0.73908638E-002  0.10060181E+001  0.23336217E+001  0.44470093E+001  0.62502900E+001
 -0.73592196E+000 -0.57338125E+000 -0.33057755E+000 -0.14033839E+000 -0.71058316E-001 -0.17676949E-001  0.73909150E-002  0.10060260E+001  0.23336350E+001  0.44470310E+001  0.62503202E+001
 -0.73592228E+000 -0.57338133E+000 -0.33057697E+000 -0.14033801E+000 -0.71058288E-001 -0.17676909E-001  0.73909658E-002  0.10060337E+001  0.23336479E+001  0.44470521E+001  0.62503495E+001
 -0.73592252E+000 -0.57338133E+000 -0.33057632E+000 -0.14033761E+000 -0.71058258E-001 -0.17676866E-001  0.73910158E-002  0.10060412E+001  0.23336605E+001  0.44470726E+001  0.62503777E+001
 -0.73592269E+000 -0.57338125E+000 -0.33057563E+000 -0.14033718E+000 -0.71058227E-001 -0.17676823E-001  0.73910650E-002  0.10060486E+001  0.23336727E+001  0.44470923E+001  0.62504049E+001
 -0.73592280E+000 -0.57338113E+000 -0.33057490E+000 -0.14033675E+000 -0.71058195E-001 -0.17676779E-001  0.73911132E-002  0.10060558E+001  0.23336845E+001  0.44471113E+001  0.62504310E+001
 -0.73592287E+000 -0.57338096E+000 -0.33057416E+000 -0.14033632E+000 -0.71058163E-001 -0.17676736E-001  0.73911602E-002  0.10060627E+001  0.23336959E+001  0.44471295E+001  0.62504560E+001
 -0.73592290E+000 -0.57338076E+000 -0.33057342E+000 -0.14033589E+000 -0.71058131E-001 -0.17676694E-001  0.73912059E-002  0.10060694E+001  0.23337069E+001  0.44471470E+001  0.62504798E+001
 -0.73592290E+000 -0.57338055E+000 -0.33057268E+000 -0.14033549E+000 -0.71058101E-001 -0.17676653E-001  0.73912503E-002  0.10060759E+001  0.23337174E+001  0.44471636E+001  0.62505025E+001
 -0.73592288E+000 -0.57338032E+000 -0.33057197E+000 -0.14033509E+000 -0.71058072E-001 -0.17676614E-001  0.73912931E-002  0.10060821E+001  0.23337274E+001  0.44471795E+001  0.62505240E+001
 -0.73592285E+000 -0.57338009E+000 -0.33057128E+000 -0.14033473E+000 -0.71058045E-001 -0.17676577E-001  0.73913344E-002  0.10060881E+001  0.23337370E+001  0.44471945E+001  0.62505443E+001
 -0.73592281E+000 -0.57337986E+000 -0.33057063E+000 -0.14033439E+000 -0.71058020E-001 -0.17676543E-001  0.73913741E-002  0.10060938E+001  0.23337461E+001  0.44472087E+001  0.62505635E+001
 -0.73592278E+000 -0.57337965E+000 -0.33057002E+000 -0.14033408E+000 -0.71057998E-001 -0.17676511E-001  0.73914122E-002  0.10060992E+001  0.23337548E+001  0.44472222E+001  0.62505816E+001
 -0.73592274E+000 -0.57337944E+000 -0.33056946E+000 -0.14033380E+000 -0.71057978E-001 -0.17676483E-001  0.73914486E-002  0.10061044E+001  0.23337630E+001  0.44472349E+001  0.62505985E+001
 -0.73592271E+000 -0.57337926E+000 -0.33056894E+000 -0.14033355E+000 -0.71057960E-001 -0.17676458E-001  0.73914832E-002  0.10061094E+001  0.23337708E+001  0.44472468E+001  0.62506144E+001
 -0.73592270E+000 -0.57337909E+000 -0.33056847E+000 -0.14033334E+000 -0.71057946E-001 -0.17676435E-001  0.73915162E-002  0.10061141E+001  0.23337781E+001  0.44472580E+001  0.62506293E+001
 -0.73592269E+000 -0.57337895E+000 -0.33056806E+000 -0.14033317E+000 -0.71057934E-001 -0.17676417E-001  0.73915476E-002  0.10061186E+001  0.23337851E+001  0.44472685E+001  0.62506432E+001
 -0.73592270E+000 -0.57337883E+000 -0.33056770E+000 -0.14033303E+000 -0.71057925E-001 -0.17676401E-001  0.73915773E-002  0.10061228E+001  0.23337916E+001  0.44472783E+001  0.62506562E+001
 -0.73592273E+000 -0.57337874E+000 -0.33056740E+000 -0.14033292E+000 -0.71057918E-001 -0.17676389E-001  0.73916053E-002  0.10061268E+001  0.23337977E+001  0.44472875E+001  0.62506682E+001
 -0.73592277E+000 -0.57337868E+000 -0.33056714E+000 -0.14033285E+000 -0.71057914E-001 -0.17676380E-001  0.73916319E-002  0.10061306E+001  0.23338035E+001  0.44472960E+001  0.62506794E+001
 -0.73592283E+000 -0.57337864E+000 -0.33056694E+000 -0.14033280E+000 -0.71057913E-001 -0.17676374E-001  0.73916569E-002  0.10061341E+001  0.23338089E+001  0.44473040E+001  0.62506898E+001
 -0.73592290E+000 -0.57337862E+000 -0.33056678E+000 -0.14033279E+000 -0.71057914E-001 -0.17676371E-001  0.73916805E-002  0.10061375E+001  0.23338140E+001  0.44473114E+001  0.62506995E+001
 -0.73592300E+000 -0.57337863E+000 -0.33056668E+000 -0.14033281E+000 -0.71057918E-001 -0.17676370E-001  0.73917027E-002  0.10061407E+001  0.23338188E+001  0.44473183E+001  0.62507084E+001
 -0.73592310E+000 -0.57337867E+000 -0.33056661E+000 -0.14033286E+000 -0.71057923E-001 -0.17676373E-001  0.73917235E-002  0.10061437E+001  0.23338233E+001  0.44473248E+001  0.62507167E+001
 -0.73592323E+000 -0.57337873E+000 -0.33056659E+000 -0.14033293E+000 -0.71057931E-001 -0.17676377E-001  0.73917431E-002  0.10061465E+001  0.23338274E+001  0.44473307E+001  0.62507243E+001
 -0.73592337E+000 -0.57337881E+000 -0.33056661E+000 -0.14033302E+000 -0.71057941E-001 -0.17676384E-001  0.73917616E-002  0.10061492E+001  0.23338314E+001  0.44473363E+001  0.62507314E+001
 -0.73592353E+000 -0.57337891E+000 -0.33056666E+000 -0.14033314E+000 -0.71057952E-001 -0.17676393E-001  0.73917789E-002  0.10061517E+001  0.23338351E+001  0.44473415E+001  0.62507380E+001
 -0.73592369E+000 -0.57337903E+000 -0.33056674E+000 -0.14033327E+000 -0.71057965E-001 -0.17676404E-001  0.73917951E-002  0.10061541E+001  0.23338385E+001  0.44473463E+001  0.62507441E+001
 -0.73592387E+000 -0.57337916E+000 -0.33056686E+000 -0.14033342E+000 -0.71057979E-001 -0.17676417E-001  0.73918104E-002  0.10061563E+001  0.23338418E+001  0.44473508E+001  0.62507497E+001
 -0.73592406E+000 -0.57337931E+000 -0.33056700E+000 -0.14033359E+000 -0.71057994E-001 -0.17676431E-001  0.73918248E-002  0.10061585E+001  0.23338448E+001  0.44473550E+001  0.62507550E+001
 -0.73592426E+000 -0.57337948E+000 -0.33056716E+000 -0.14033377E+000 -0.71058010E-001 -0.17676446E-001  0.73918384E-002  0.10061605E+001  0.23338477E+001  0.44473589E+001  0.62507599E+001
 -0.73592447E+000 -0.57337965E+000 -0.33056735E+000 -0.14033396E+000 -0.71058027E-001 -0.17676462E-001  0.73918512E-002  0.10061624E+001  0.23338504E+001  0.44473626E+001  0.62507644E+001
 -0.73592468E+000 -0.57337984E+000 -0.33056755E+000 -0.14033416E+000 -0.71058045E-001 -0.17676479E-001  0.73918632E-002  0.10061642E+001  0.23338530E+001  0.44473660E+001  0.62507687E+001
 -0.73592490E+000 -0.57338003E+000 -0.33056777E+000 -0.14033437E+000 -0.71058064E-001 -0.17676497E-001  0.73918746E-002  0.10061659E+001  0.23338554E+001  0.44473692E+001  0.62507726E+001
 -0.73592512E+000 -0.57338023E+000 -0.33056800E+000 -0.14033458E+000 -0.71058083E-001 -0.17676515E-001  0.73918854E-002  0.10061676E+001  0.23338577E+001  0.44473723E+001  0.62507764E+001
 -0.73592535E+000 -0.57338044E+000 -0.33056824E+000 -0.14033480E+000 -0.71058102E-001 -0.17676534E-001  0.73918956E-002  0.10061691E+001  0.23338599E+001  0.44473751E+001  0.62507799E+001
 -0.73592558E+000 -0.57338064E+000 -0.33056848E+000 -0.14033503E+000 -0.71058121E-001 -0.17676554E-001  0.73919053E-002  0.10061706E+001  0.23338620E+001  0.44473778E+001  0.62507832E+001
 -0.73592581E+000 -0.57338086E+000 -0.33056874E+000 -0.14033525E+000 -0.71058141E-001 -0.17676573E-001  0.73919146E-002  0.10061721E+001  0.23338639E+001  0.44473804E+001  0.62507863E+001
 -0.73592603E+000 -0.57338107E+000 -0.33056899E+000 -0.14033548E+000 -0.71058160E-001 -0.17676592E-001  0.73919234E-002  0.10061734E+001  0.23338658E+001  0.44473828E+001  0.62507892E+001
 -0.73592626E+000 -0.57338128E+000 -0.33056926E+000 -0.14033570E+000 -0.71058180E-001 -0.17676612E-001  0.73919318E-002  0.10061747E+001  0.23338676E+001  0.44473851E+001  0.62507920E+001
 -0.73592649E+000 -0.57338150E+000 -0.33056952E+000 -0.14033593E+000 -0.71058199E-001 -0.17676631E-001  0.73919398E-002  0.10061760E+001  0.23338694E+001  0.44473873E+001  0.62507947E+001
 -0.73592671E+000 -0.57338171E+000 -0.33056978E+000 -0.14033615E+000 -0.71058219E-001 -0.17676650E-001  0.73919475E-002  0.10061772E+001  0.23338710E+001  0.44473895E+001  0.62507972E+001
 -0.73592693E+000 -0.57338192E+000 -0.33057004E+000 -0.14033637E+000 -0.71058238E-001 -0.17676669E-001  0.73919548E-002  0.10061784E+001  0.23338726E+001  0.44473915E+001  0.62507997E+001
 -0.73592715E+000 -0.57338213E+000 -0.33057030E+000 -0.14033659E+000 -0.71058257E-001 -0.17676688E-001  0.73919619E-002  0.10061795E+001  0.23338741E+001  0.44473934E+001  0.62508020E+001
 -0.73592736E+000 -0.57338233E+000 -0.33057055E+000 -0.14033681E+000 -0.71058275E-001 -0.17676707E-001  0.73919687E-002  0.10061806E+001  0.23338756E+001  0.44473953E+001  0.62508042E+001
 -0.73592757E+000 -0.57338253E+000 -0.33057080E+000 -0.14033702E+000 -0.71058293E-001 -0.17676725E-001  0.73919752E-002  0.10061816E+001  0.23338770E+001  0.44473970E+001  0.62508063E+001
 -0.73592777E+000 -0.57338273E+000 -0.33057105E+000 -0.14033723E+000 -0.71058311E-001 -0.17676742E-001  0.73919815E-002  0.10061827E+001  0.23338784E+001  0.44473988E+001  0.62508084E+001
 -0.73592797E+000 -0.57338293E+000 -0.33057129E+000 -0.14033743E+000 -0.71058328E-001 -0.17676760E-001  0.73919876E-002  0.10061836E+001  0.23338797E+001  0.44474004E+001  0.62508104E+001
 -0.73592816E+000 -0.57338311E+000 -0.33057153E+000 -0.14033763E+000 -0.71058345E-001 -0.17676777E-001  0.73919934E-002  0.10061846E+001  0.23338810E+001  0.44474020E+001  0.62508123E+001
 -0.73592835E+000 -0.57338330E+000 -0.33057176E+000 -0.14033782E+000 -0.71058362E-001 -0.17676793E-001  0.73919991E-002  0.10061855E+001  0.23338822E+001  0.44474035E+001  0.62508141E+001
 -0.73592854E+000 -0.57338348E+000 -0.33057198E+000 -0.14033801E+000 -0.71058378E-001 -0.17676809E-001  0.73920045E-002  0.10061864E+001  0.23338834E+001  0.44474050E+001  0.62508158E+001
 -0.73592871E+000 -0.57338365E+000 -0.33057220E+000 -0.14033819E+000 -0.71058393E-001 -0.17676825E-001  0.73920098E-002  0.10061872E+001  0.23338845E+001  0.44474064E+001  0.62508175E+001
 -0.73592889E+000 -0.57338382E+000 -0.33057241E+000 -0.14033837E+000 -0.71058409E-001 -0.17676840E-001  0.73920149E-002  0.10061881E+001  0.23338857E+001  0.44474078E+001  0.62508192E+001
 -0.73592905E+000 -0.57338398E+000 -0.33057262E+000 -0.14033854E+000 -0.71058423E-001 -0.17676855E-001  0.73920198E-002  0.10061889E+001  0.23338867E+001  0.44474092E+001  0.62508208E+001
 -0.73592921E+000 -0.57338414E+000 -0.33057282E+000 -0.14033871E+000 -0.71058438E-001 -0.17676869E-001  0.73920246E-002  0.10061896E+001  0.23338878E+001  0.44474105E+001  0.62508223E+001
 -0.73592937E+000 -0.57338429E+000 -0.33057301E+000 -0.14033887E+000 -0.71058452E-001 -0.17676883E-001  0.73920292E-002  0.10061904E+001  0.23338888E+001  0.44474117E+001  0.62508238E+001
 -0.73592952E+000 -0.57338444E+000 -0.33057320E+000 -0.14033903E+000 -0.71058465E-001 -0.17676897E-001  0.73920337E-002  0.10061911E+001  0.23338898E+001  0.44474129E+001  0.62508252E+001
 -0.73592967E+000 -0.57338458E+000 -0.33057338E+000 -0.14033918E+000 -0.71058478E-001 -0.17676910E-001  0.73920380E-002  0.10061918E+001  0.23338907E+001  0.44474141E+001  0.62508266E+001
 -0.73592981E+000 -0.57338472E+000 -0.33057356E+000 -0.14033933E+000 -0.71058491E-001 -0.17676923E-001  0.73920421E-002  0.10061925E+001  0.23338916E+001  0.44474152E+001  0.62508279E+001
 -0.73592994E+000 -0.57338485E+000 -0.33057373E+000 -0.14033947E+000 -0.71058503E-001 -0.17676935E-001  0.73920461E-002  0.10061932E+001  0.23338925E+001  0.44474163E+001  0.62508292E+001
 -0.73593007E+000 -0.57338498E+000 -0.33057389E+000 -0.14033961E+000 -0.71058515E-001 -0.17676947E-001  0.73920500E-002  0.10061938E+001  0.23338934E+001  0.44474173E+001  0.62508304E+001
 -0.73593020E+000 -0.57338511E+000 -0.33057405E+000 -0.14033974E+000 -0.71058526E-001 -0.17676959E-001  0.73920538E-002  0.10061944E+001  0.23338942E+001  0.44474183E+001  0.62508316E+001
 -0.73593032E+000 -0.57338523E+000 -0.33057420E+000 -0.14033987E+000 -0.71058537E-001 -0.17676970E-001  0.73920574E-002  0.10061950E+001  0.23338950E+001  0.44474193E+001  0.62508328E+001
 -0.73593044E+000 -0.57338534E+000 -0.33057435E+000 -0.14033999E+000 -0.71058548E-001 -0.17676981E-001  0.73920610E-002  0.10061956E+001  0.23338957E+001  0.44474203E+001  0.62508339E+001
 -0.73593055E+000 -0.57338545E+000 -0.33057449E+000 -0.14034011E+000 -0.71058559E-001 -0.17676992E-001  0.73920643E-002  0.10061961E+001  0.23338965E+001  0.44474212E+001  0.62508350E+001
 -0.73593066E+000 -0.57338556E+000 -0.33057462E+000 -0.14034023E+000 -0.71058569E-001 -0.17677002E-001  0.73920676E-002  0.10061967E+001  0.23338972E+001  0.44474221E+001  0.62508360E+001
 -0.73593076E+000 -0.57338566E+000 -0.33057475E+000 -0.14034034E+000 -0.71058578E-001 -0.17677012E-001  0.73920708E-002  0.10061972E+001  0.23338979E+001  0.44474229E+001  0.62508370E+001
 -0.73593086E+000 -0.57338576E+000 -0.33057488E+000 -0.14034045E+000 -0.71058588E-001 -0.17677022E-001  0.73920738E-002  0.10061977E+001  0.23338986E+001  0.44474237E+001  0.62508380E+001
 -0.73593096E+000 -0.57338585E+000 -0.33057500E+000 -0.14034055E+000 -0.71058597E-001 -0.17677032E-001  0.73920768E-002  0.10061982E+001  0.23338992E+001  0.44474245E+001  0.62508389E+001
 -0.73593105E+000 -0.57338594E+000 -0.33057512E+000 -0.14034065E+000 -0.71058606E-001 -0.17677041E-001  0.73920796E-002  0.10061986E+001  0.23338998E+001  0.44474253E+001  0.62508398E+001
 -0.73593114E+000 -0.57338603E+000 -0.33057523E+000 -0.14034075E+000 -0.71058614E-001 -0.17677050E-001  0.73920824E-002  0.10061991E+001  0.23339004E+001  0.44474260E+001  0.62508407E+001
 -0.73593122E+000 -0.57338612E+000 -0.33057534E+000 -0.14034084E+000 -0.71058622E-001 -0.17677058E-001  0.73920850E-002  0.10061995E+001  0.23339010E+001  0.44474267E+001  0.62508415E+001
 -0.73593130E+000 -0.57338620E+000 -0.33057544E+000 -0.14034093E+000 -0.71058630E-001 -0.17677067E-001  0.73920876E-002  0.10062000E+001  0.23339016E+001  0.44474274E+001  0.62508423E+001
 -0.73593138E+000 -0.57338627E+000 -0.33057554E+000 -0.14034101E+000 -0.71058638E-001 -0.17677075E-001  0.73920901E-002  0.10062004E+001  0.23339021E+001  0.44474280E+001  0.62508431E+001
 -0.73593146E+000 -0.57338635E+000 -0.33057564E+000 -0.14034110E+000 -0.71058645E-001 -0.17677083E-001  0.73920924E-002  0.10062008E+001  0.23339026E+001  0.44474287E+001  0.62508438E+001
 -0.73593153E+000 -0.57338642E+000 -0.33057573E+000 -0.14034118E+000 -0.71058653E-001 -0.17677091E-001  0.73920947E-002  0.10062011E+001  0.23339031E+001  0.44474293E+001  0.62508445E+001
 -0.73593160E+000 -0.57338649E+000 -0.33057582E+000 -0.14034125E+000 -0.71058659E-001 -0.17677098E-001  0.73920969E-002  0.10062015E+001  0.23339036E+001  0.44474299E+001  0.62508452E+001
 -0.73593166E+000 -0.57338655E+000 -0.33057590E+000 -0.14034133E+000 -0.71058666E-001 -0.17677106E-001  0.73920991E-002  0.10062018E+001  0.23339041E+001  0.44474304E+001  0.62508459E+001
 -0.73593173E+000 -0.57338662E+000 -0.33057599E+000 -0.14034140E+000 -0.71058673E-001 -0.17677113E-001  0.73921011E-002  0.10062022E+001  0.23339045E+001  0.44474310E+001  0.62508465E+001
 -0.73593179E+000 -0.57338668E+000 -0.33057606E+000 -0.14034146E+000 -0.71058679E-001 -0.17677120E-001  0.73921031E-002  0.10062025E+001  0.23339050E+001  0.44474315E+001  0.62508471E+001
 -0.73593185E+000 -0.57338673E+000 -0.33057614E+000 -0.14034153E+000 -0.71058685E-001 -0.17677127E-001  0.73921050E-002  0.10062028E+001  0.23339054E+001  0.44474320E+001  0.62508477E+001
 -0.73593190E+000 -0.57338679E+000 -0.33057621E+000 -0.14034159E+000 -0.71058691E-001 -0.17677133E-001  0.73921068E-002  0.10062031E+001  0.23339058E+001  0.44474325E+001  0.62508482E+001
 -0.73593196E+000 -0.57338684E+000 -0.33057628E+000 -0.14034165E+000 -0.71058696E-001 -0.17677140E-001  0.73921086E-002  0.10062034E+001  0.23339062E+001  0.44474329E+001  0.62508488E+001
 -0.73593201E+000 -0.57338689E+000 -0.33057635E+000 -0.14034171E+000 -0.71058702E-001 -0.17677146E-001  0.73921102E-002  0.10062037E+001  0.23339065E+001  0.44474334E+001  0.62508493E+001
 -0.73593206E+000 -0.57338694E+000 -0.33057641E+000 -0.14034177E+000 -0.71058707E-001 -0.17677152E-001  0.73921119E-002  0.10062040E+001  0.23339069E+001  0.44474338E+001  0.62508498E+001
 -0.73593210E+000 -0.57338699E+000 -0.33057647E+000 -0.14034182E+000 -0.71058712E-001 -0.17677158E-001  0.73921134E-002  0.10062042E+001  0.23339072E+001  0.44474342E+001  0.62508503E+001
 -0.73593215E+000 -0.57338703E+000 -0.33057653E+000 -0.14034187E+000 -0.71058717E-001 -0.17677164E-001  0.73921149E-002  0.10062045E+001  0.23339075E+001  0.44474346E+001  0.62508507E+001
 -0.73593219E+000 -0.57338708E+000 -0.33057659E+000 -0.14034192E+000 -0.71058722E-001 -0.17677170E-001  0.73921164E-002  0.10062047E+001  0.23339079E+001  0.44474350E+001  0.62508511E+001
 -0.73593223E+000 -0.57338712E+000 -0.33057664E+000 -0.14034197E+000 -0.71058726E-001 -0.17677175E-001  0.73921178E-002  0.10062049E+001  0.23339082E+001  0.44474353E+001  0.62508516E+001
 -0.73593227E+000 -0.57338716E+000 -0.33057669E+000 -0.14034202E+000 -0.71058731E-001 -0.17677180E-001  0.73921191E-002  0.10062052E+001  0.23339085E+001  0.44474357E+001  0.62508520E+001
 -0.73593231E+000 -0.57338720E+000 -0.33057674E+000 -0.14034206E+000 -0.71058735E-001 -0.17677186E-001  0.73921204E-002  0.10062054E+001  0.23339087E+001  0.44474360E+001  0.62508524E+001
 -0.73593235E+000 -0.57338723E+000 -0.33057679E+000 -0.14034210E+000 -0.71058739E-001 -0.17677191E-001  0.73921217E-002  0.10062056E+001  0.23339090E+001  0.44474363E+001  0.62508527E+001
 -0.73593238E+000 -0.57338727E+000 -0.33057684E+000 -0.14034214E+000 -0.71058743E-001 -0.17677196E-001  0.73921228E-002  0.10062058E+001  0.23339093E+001  0.44474366E+001  0.62508531E+001
 -0.73593242E+000 -0.57338730E+000 -0.33057688E+000 -0.14034218E+000 -0.71058747E-001 -0.17677201E-001  0.73921240E-002  0.10062060E+001  0.23339095E+001  0.44474369E+001  0.62508534E+001
 -0.73593245E+000 -0.57338733E+000 -0.33057692E+000 -0.14034222E+000 -0.71058751E-001 -0.17677205E-001  0.73921251E-002  0.10062061E+001  0.23339098E+001  0.44474372E+001  0.62508538E+001
 -0.73593248E+000 -0.57338736E+000 -0.33057697E+000 -0.14034225E+000 -0.71058755E-001 -0.17677210E-001  0.73921261E-002  0.10062063E+001  0.23339100E+001  0.44474375E+001  0.62508541E+001
 -0.73593251E+000 -0.57338739E+000 -0.33057700E+000 -0.14034229E+000 -0.71058758E-001 -0.17677214E-001  0.73921271E-002  0.10062065E+001  0.23339102E+001  0.44474377E+001  0.62508544E+001
 -0.73593254E+000 -0.57338742E+000 -0.33057704E+000 -0.14034232E+000 -0.71058762E-001 -0.17677219E-001  0.73921281E-002  0.10062066E+001  0.23339104E+001  0.44474380E+001  0.62508547E+001
 -0.73593256E+000 -0.57338745E+000 -0.33057708E+000 -0.14034235E+000 -0.71058765E-001 -0.17677223E-001  0.73921290E-002  0.10062068E+001  0.23339106E+001  0.44474382E+001  0.62508549E+001
 -0.73593259E+000 -0.57338748E+000 -0.33057711E+000 -0.14034239E+000 -0.71058768E-001 -0.17677227E-001  0.73921299E-002  0.10062070E+001  0.23339108E+001  0.44474385E+001  0.62508552E+001
 -0.73593261E+000 -0.57338750E+000 -0.33057715E+000 -0.14034241E+000 -0.71058771E-001 -0.17677231E-001  0.73921308E-002  0.10062071E+001  0.23339110E+001  0.44474387E+001  0.62508555E+001
 -0.73593264E+000 -0.57338752E+000 -0.33057718E+000 -0.14034244E+000 -0.71058774E-001 -0.17677235E-001  0.73921316E-002  0.10062072E+001  0.23339112E+001  0.44474389E+001  0.62508557E+001
 -0.73593266E+000 -0.57338755E+000 -0.33057721E+000 -0.14034247E+000 -0.71058777E-001 -0.17677239E-001  0.73921324E-002  0.10062074E+001  0.23339113E+001  0.44474391E+001  0.62508559E+001
 -0.73593268E+000 -0.57338757E+000 -0.33057724E+000 -0.14034250E+000 -0.71058780E-001 -0.17677243E-001  0.73921331E-002  0.10062075E+001  0.23339115E+001  0.44474393E+001  0.62508561E+001
 -0.73593270E+000 -0.57338759E+000 -0.33057727E+000 -0.14034252E+000 -0.71058783E-001 -0.17677247E-001  0.73921338E-002  0.10062076E+001  0.23339117E+001  0.44474395E+001  0.62508564E+001
 -0.73593272E+000 -0.57338761E+000 -0.33057729E+000 -0.14034255E+000 -0.71058786E-001 -0.17677251E-001  0.73921345E-002  0.10062077E+001  0.23339118E+001  0.44474396E+001  0.62508566E+001
 -0.73593274E+000 -0.57338763E+000 -0.33057732E+000 -0.14034257E+000 -0.71058788E-001 -0.17677254E-001  0.73921351E-002  0.10062078E+001  0.23339120E+001  0.44474398E+001  0.62508568E+001
 -0.73593276E+000 -0.57338765E+000 -0.33057734E+000 -0.14034259E+000 -0.71058791E-001 -0.17677258E-001  0.73921357E-002  0.10062079E+001  0.23339121E+001  0.44474400E+001  0.62508570E+001
 -0.73593278E+000 -0.57338766E+000 -0.33057736E+000 -0.14034261E+000 -0.71058793E-001 -0.17677262E-001  0.73921363E-002  0.10062081E+001  0.23339122E+001  0.44474402E+001  0.62508572E+001
 -0.73593278E+000 -0.57338767E+000 -0.33057737E+000 -0.14034262E+000 -0.71058795E-001 -0.17677264E-001  0.73921371E-002  0.10062082E+001  0.23339124E+001  0.44474404E+001  0.62508574E+001
 -0.73593278E+000 -0.57338767E+000 -0.33057736E+000 -0.14034262E+000 -0.71058795E-001 -0.17677264E-001  0.73921384E-002  0.10062083E+001  0.23339126E+001  0.44474406E+001  0.62508576E+001
