  0.36027066E+000  0.41685057E+000  0.50390708E+000  0.58453828E+000  0.73954039E+000  0.89670073E+000  0.13044948E+001  0.17223559E+001  0.22707824E+001  0.44101229E+001  0.46048105E+001
  0.36070830E+000  0.41662203E+000  0.50358723E+000  0.58471564E+000  0.73904418E+000  0.89632564E+000  0.13042807E+001  0.17219565E+001  0.22711098E+001  0.44074116E+001  0.46043427E+001
  0.36070227E+000  0.41640109E+000  0.50330992E+000  0.58482180E+000  0.73861460E+000  0.89606631E+000  0.13040687E+001  0.17216135E+001  0.22713943E+001  0.44075545E+001  0.46031563E+001
  0.36083382E+000  0.41620950E+000  0.50306967E+000  0.58507307E+000  0.73824293E+000  0.89582360E+000  0.13039240E+001  0.17215814E+001  0.22716076E+001  0.44079558E+001  0.46000914E+001
  0.36082718E+000  0.41599939E+000  0.50286412E+000  0.58523486E+000  0.73792524E+000  0.89558804E+000  0.13037669E+001  0.17219210E+001  0.22717833E+001  0.44081383E+001  0.46002934E+001
  0.36078611E+000  0.41590654E+000  0.50269013E+000  0.58541246E+000  0.73765653E+000  0.89542990E+000  0.13037045E+001  0.17218261E+001  0.22719562E+001  0.44082874E+001  0.45881603E+001
  0.36077065E+000  0.41577691E+000  0.50254322E+000  0.58545076E+000  0.73742977E+000  0.89526965E+000  0.13035647E+001  0.17217393E+001  0.22720482E+001  0.44042025E+001  0.45882635E+001
  0.36169761E+000  0.41568977E+000  0.50241881E+000  0.58544528E+000  0.73723786E+000  0.89513672E+000  0.13035221E+001  0.17216822E+001  0.22721780E+001  0.44042617E+001  0.45881809E+001
  0.36169837E+000  0.41557830E+000  0.50231326E+000  0.58542739E+000  0.73706343E+000  0.89503629E+000  0.13034202E+001  0.17216251E+001  0.22722634E+001  0.44029541E+001  0.45885790E+001
  0.36169368E+000  0.41552388E+000  0.50222360E+000  0.58540937E+000  0.73690889E+000  0.89493801E+000  0.13034177E+001  0.17217635E+001  0.22723360E+001  0.44033960E+001  0.45887567E+001
  0.36168256E+000  0.41547267E+000  0.50214730E+000  0.58535543E+000  0.73681938E+000  0.89485568E+000  0.13033329E+001  0.17219154E+001  0.22723776E+001  0.44045580E+001  0.45888687E+001
  0.36166491E+000  0.41533622E+000  0.50205117E+000  0.58534250E+000  0.73671929E+000  0.89476482E+000  0.13033089E+001  0.17219019E+001  0.22724294E+001  0.44082237E+001  0.45889627E+001
  0.36164119E+000  0.41531952E+000  0.50202692E+000  0.58533491E+000  0.73660476E+000  0.89471704E+000  0.13032878E+001  0.17218933E+001  0.22724751E+001  0.44088393E+001  0.45890416E+001
  0.36161210E+000  0.41533852E+000  0.50197969E+000  0.58521049E+000  0.73656134E+000  0.89467716E+000  0.13032330E+001  0.17218602E+001  0.22725066E+001  0.44088796E+001  0.45889581E+001
  0.36157848E+000  0.41530631E+000  0.50193947E+000  0.58512432E+000  0.73649948E+000  0.89463376E+000  0.13032167E+001  0.17218426E+001  0.22725264E+001  0.44089754E+001  0.45919254E+001
  0.36154120E+000  0.41527883E+000  0.50190515E+000  0.58497228E+000  0.73644671E+000  0.89458358E+000  0.13032028E+001  0.17218591E+001  0.22725517E+001  0.44089822E+001  0.46017303E+001
  0.36072670E+000  0.41523394E+000  0.50187584E+000  0.58489815E+000  0.73640166E+000  0.89456583E+000  0.13031941E+001  0.17218267E+001  0.22725787E+001  0.44089906E+001  0.46017318E+001
  0.36071262E+000  0.41522299E+000  0.50185087E+000  0.58484841E+000  0.73636330E+000  0.89450971E+000  0.13031877E+001  0.17218004E+001  0.22725786E+001  0.44090002E+001  0.46017329E+001
  0.36053048E+000  0.41521826E+000  0.50176413E+000  0.58484026E+000  0.73633059E+000  0.89449404E+000  0.13031724E+001  0.17217898E+001  0.22726081E+001  0.44090147E+001  0.46017335E+001
  0.36052416E+000  0.41520369E+000  0.50181141E+000  0.58483332E+000  0.73630270E+000  0.89448098E+000  0.13031651E+001  0.17217811E+001  0.22726148E+001  0.44090323E+001  0.46017225E+001
  0.36051936E+000  0.41519127E+000  0.50179593E+000  0.58481320E+000  0.73627896E+000  0.89447011E+000  0.13030998E+001  0.17217732E+001  0.22726104E+001  0.44090478E+001  0.46017231E+001
  0.36051583E+000  0.41509993E+000  0.50178275E+000  0.58479382E+000  0.73625876E+000  0.89446107E+000  0.13030951E+001  0.17217666E+001  0.22725822E+001  0.44090614E+001  0.46047142E+001
  0.36051334E+000  0.41509244E+000  0.50173718E+000  0.58479060E+000  0.73624158E+000  0.89445358E+000  0.13030910E+001  0.17217552E+001  0.22725768E+001  0.44090734E+001  0.46047137E+001
  0.36051121E+000  0.41516404E+000  0.50176202E+000  0.58478979E+000  0.73622700E+000  0.89442907E+000  0.13030875E+001  0.17217478E+001  0.22725731E+001  0.44090839E+001  0.46047130E+001
  0.36050912E+000  0.41508067E+000  0.50173396E+000  0.58478891E+000  0.73621464E+000  0.89442456E+000  0.13030844E+001  0.17217412E+001  0.22725698E+001  0.44090932E+001  0.46047123E+001
  0.36050710E+000  0.41507609E+000  0.50174709E+000  0.58478801E+000  0.73620416E+000  0.89442082E+000  0.13030816E+001  0.17217354E+001  0.22725668E+001  0.44091013E+001  0.46047115E+001
  0.36050515E+000  0.41507220E+000  0.50174129E+000  0.58456985E+000  0.73619530E+000  0.89441775E+000  0.13030792E+001  0.17217303E+001  0.22725641E+001  0.44091085E+001  0.46050939E+001
  0.36050329E+000  0.41506890E+000  0.50173638E+000  0.58449247E+000  0.73618781E+000  0.89441530E+000  0.13030771E+001  0.17217259E+001  0.22725617E+001  0.44091149E+001  0.46056004E+001
  0.36050153E+000  0.41514007E+000  0.50173223E+000  0.58439531E+000  0.73618149E+000  0.89439977E+000  0.13030751E+001  0.17216365E+001  0.22725594E+001  0.44091205E+001  0.46056227E+001
  0.36049986E+000  0.41513724E+000  0.50172872E+000  0.58437124E+000  0.73617614E+000  0.89439790E+000  0.13030734E+001  0.17216201E+001  0.22725573E+001  0.44091255E+001  0.46056436E+001
  0.36049732E+000  0.41506170E+000  0.50172574E+000  0.58434665E+000  0.73617163E+000  0.89439629E+000  0.13030718E+001  0.17216042E+001  0.22725554E+001  0.44091299E+001  0.46056633E+001
  0.36049258E+000  0.41505998E+000  0.50172323E+000  0.58432741E+000  0.73616780E+000  0.89439490E+000  0.13030703E+001  0.17215848E+001  0.22725535E+001  0.44091338E+001  0.46056818E+001
  0.36048807E+000  0.41505850E+000  0.50172109E+000  0.58430104E+000  0.73616456E+000  0.89439369E+000  0.13030690E+001  0.17215808E+001  0.22725518E+001  0.44091373E+001  0.46056992E+001
  0.36048377E+000  0.41505740E+000  0.50171926E+000  0.58427026E+000  0.73616180E+000  0.89439263E+000  0.13030677E+001  0.17215773E+001  0.22725501E+001  0.44091404E+001  0.46057156E+001
  0.36047968E+000  0.41505670E+000  0.50171769E+000  0.58424223E+000  0.73615944E+000  0.89439168E+000  0.13030665E+001  0.17215522E+001  0.22725485E+001  0.44091431E+001  0.46057310E+001
  0.36047579E+000  0.41505606E+000  0.50171634E+000  0.58421676E+000  0.73615740E+000  0.89439083E+000  0.13030654E+001  0.17215305E+001  0.22725469E+001  0.44104879E+001  0.46057454E+001
  0.36047209E+000  0.41505548E+000  0.50171516E+000  0.58419369E+000  0.73615563E+000  0.89439006E+000  0.13030643E+001  0.17215117E+001  0.22725454E+001  0.44104869E+001  0.46066163E+001
  0.36046857E+000  0.41505495E+000  0.50171413E+000  0.58417283E+000  0.73615407E+000  0.89438935E+000  0.13030632E+001  0.17215049E+001  0.22725439E+001  0.44104859E+001  0.46066209E+001
  0.36046521E+000  0.41505445E+000  0.50171320E+000  0.58414838E+000  0.73615268E+000  0.89435434E+000  0.13030622E+001  0.17214990E+001  0.22725424E+001  0.44114803E+001  0.46066250E+001
  0.36046026E+000  0.41512398E+000  0.50170475E+000  0.58412540E+000  0.73615144E+000  0.89435328E+000  0.13030611E+001  0.17214939E+001  0.22725410E+001  0.44126183E+001  0.46066289E+001
  0.36045219E+000  0.41512335E+000  0.50170416E+000  0.58412197E+000  0.73615029E+000  0.89435226E+000  0.13030601E+001  0.17213977E+001  0.22725395E+001  0.44126172E+001  0.46066324E+001
  0.36044452E+000  0.41512277E+000  0.50170359E+000  0.58411891E+000  0.73614923E+000  0.89435127E+000  0.13030591E+001  0.17213547E+001  0.22725381E+001  0.44126161E+001  0.46066356E+001
  0.36043723E+000  0.41512223E+000  0.50170302E+000  0.58411617E+000  0.73614824E+000  0.89435031E+000  0.13030581E+001  0.17213519E+001  0.22725367E+001  0.44126150E+001  0.46066385E+001
  0.36043030E+000  0.41512171E+000  0.50170247E+000  0.58411373E+000  0.73614729E+000  0.89434938E+000  0.13030571E+001  0.17213502E+001  0.22725353E+001  0.44126138E+001  0.46066411E+001
  0.36042371E+000  0.41512121E+000  0.50170192E+000  0.58410844E+000  0.73614638E+000  0.89434845E+000  0.13030561E+001  0.17213488E+001  0.22725339E+001  0.44126127E+001  0.46066435E+001
  0.36041746E+000  0.41512073E+000  0.50170137E+000  0.58410625E+000  0.73614549E+000  0.89434754E+000  0.13030550E+001  0.17213473E+001  0.22725325E+001  0.44126116E+001  0.46066456E+001
  0.36041151E+000  0.41512025E+000  0.50170082E+000  0.58410421E+000  0.73614462E+000  0.89434664E+000  0.13030540E+001  0.17213458E+001  0.22725312E+001  0.44126104E+001  0.46066475E+001
  0.36040585E+000  0.41511978E+000  0.50170026E+000  0.58410231E+000  0.73614376E+000  0.89434575E+000  0.13030530E+001  0.17213444E+001  0.22725298E+001  0.44126092E+001  0.46066492E+001
  0.36040048E+000  0.41511932E+000  0.50169970E+000  0.58410053E+000  0.73614291E+000  0.89434486E+000  0.13030519E+001  0.17213430E+001  0.22725284E+001  0.44126080E+001  0.46066507E+001
  0.36039537E+000  0.41511886E+000  0.50169913E+000  0.58409884E+000  0.73614207E+000  0.89434397E+000  0.13030508E+001  0.17213444E+001  0.22725270E+001  0.44126068E+001  0.46066520E+001
  0.36039050E+000  0.41511839E+000  0.50169856E+000  0.58409724E+000  0.73614122E+000  0.89434308E+000  0.13030498E+001  0.17213433E+001  0.22725256E+001  0.44126055E+001  0.46066531E+001
  0.36037062E+000  0.41511793E+000  0.50169798E+000  0.58409571E+000  0.73614038E+000  0.89434219E+000  0.13030486E+001  0.17213421E+001  0.22725242E+001  0.44126042E+001  0.46066541E+001
  0.36030126E+000  0.41511747E+000  0.50169739E+000  0.58409423E+000  0.73613952E+000  0.89434130E+000  0.13030475E+001  0.17213410E+001  0.22725227E+001  0.44126029E+001  0.46066549E+001
  0.36027474E+000  0.41511700E+000  0.50169680E+000  0.58409281E+000  0.73613866E+000  0.89434040E+000  0.13030464E+001  0.17213397E+001  0.22725213E+001  0.44126016E+001  0.46066556E+001
  0.36024970E+000  0.41511652E+000  0.50169619E+000  0.58409143E+000  0.73613779E+000  0.89433950E+000  0.13030452E+001  0.17213393E+001  0.22725198E+001  0.44126003E+001  0.46066561E+001
  0.36022606E+000  0.41511604E+000  0.50169558E+000  0.58409009E+000  0.73613691E+000  0.89433859E+000  0.13030441E+001  0.17213381E+001  0.22725184E+001  0.44125989E+001  0.46066566E+001
  0.36020376E+000  0.41511555E+000  0.50169495E+000  0.58408878E+000  0.73613602E+000  0.89433767E+000  0.13030429E+001  0.17213369E+001  0.22725169E+001  0.44125975E+001  0.46066569E+001
  0.36018274E+000  0.41511506E+000  0.50169432E+000  0.58408749E+000  0.73613511E+000  0.89433675E+000  0.13030417E+001  0.17213356E+001  0.22725154E+001  0.44125961E+001  0.46066571E+001
  0.36016293E+000  0.41511456E+000  0.50169368E+000  0.58408623E+000  0.73613420E+000  0.89433582E+000  0.13030404E+001  0.17213343E+001  0.22725139E+001  0.44125946E+001  0.46066573E+001
  0.36014426E+000  0.41511406E+000  0.50169304E+000  0.58408498E+000  0.73613327E+000  0.89433489E+000  0.13030392E+001  0.17213330E+001  0.22725124E+001  0.44125932E+001  0.46066574E+001
  0.36012670E+000  0.41511354E+000  0.50169238E+000  0.58408375E+000  0.73613233E+000  0.89433395E+000  0.13030379E+001  0.17213316E+001  0.22725108E+001  0.44125917E+001  0.46066574E+001
  0.36011016E+000  0.41511302E+000  0.50169172E+000  0.58408254E+000  0.73613138E+000  0.89433300E+000  0.13030367E+001  0.17213302E+001  0.22725093E+001  0.44125902E+001  0.46066574E+001
  0.36009461E+000  0.41511250E+000  0.50169105E+000  0.58408134E+000  0.73613042E+000  0.89433205E+000  0.13030354E+001  0.17213288E+001  0.22725077E+001  0.44125887E+001  0.46066573E+001
  0.36007998E+000  0.41511197E+000  0.50169038E+000  0.58408015E+000  0.73612945E+000  0.89433113E+000  0.13030341E+001  0.17213273E+001  0.22725062E+001  0.44125871E+001  0.46066572E+001
  0.36006622E+000  0.41511143E+000  0.50168971E+000  0.58407897E+000  0.73612847E+000  0.89433051E+000  0.13030328E+001  0.17213258E+001  0.22725046E+001  0.44125856E+001  0.46066570E+001
  0.36005328E+000  0.41511089E+000  0.50168903E+000  0.58407781E+000  0.73612748E+000  0.89432989E+000  0.13030315E+001  0.17213243E+001  0.22725030E+001  0.44127362E+001  0.46066568E+001
  0.36004112E+000  0.41511035E+000  0.50168841E+000  0.58407666E+000  0.73612649E+000  0.89432927E+000  0.13030302E+001  0.17213228E+001  0.22725014E+001  0.44127357E+001  0.46066566E+001
  0.36002969E+000  0.41510980E+000  0.50168783E+000  0.58407552E+000  0.73612549E+000  0.89432865E+000  0.13030289E+001  0.17213212E+001  0.22724861E+001  0.44127351E+001  0.46066563E+001
  0.36001848E+000  0.41510926E+000  0.50168724E+000  0.58407439E+000  0.73612449E+000  0.89432802E+000  0.13030276E+001  0.17213197E+001  0.22724850E+001  0.44127346E+001  0.46066561E+001
  0.36000432E+000  0.41510871E+000  0.50168665E+000  0.58407328E+000  0.73612349E+000  0.89432740E+000  0.13030262E+001  0.17213181E+001  0.22724839E+001  0.44127340E+001  0.46066558E+001
  0.35999102E+000  0.41510816E+000  0.50168607E+000  0.58407218E+000  0.73612248E+000  0.89432678E+000  0.13030249E+001  0.17213165E+001  0.22724828E+001  0.44127334E+001  0.46066555E+001
  0.35997854E+000  0.41510761E+000  0.50168548E+000  0.58407110E+000  0.73612148E+000  0.89432616E+000  0.13030236E+001  0.17213149E+001  0.22724818E+001  0.44127329E+001  0.46066552E+001
  0.35996683E+000  0.41510706E+000  0.50168490E+000  0.58407004E+000  0.73612048E+000  0.89432554E+000  0.13030223E+001  0.17213133E+001  0.22724807E+001  0.44127323E+001  0.46066549E+001
  0.35987534E+000  0.41510652E+000  0.50168432E+000  0.58406899E+000  0.73611948E+000  0.89432493E+000  0.13030210E+001  0.17213117E+001  0.22724797E+001  0.44127317E+001  0.46066546E+001
  0.35987490E+000  0.41510597E+000  0.50168375E+000  0.58406796E+000  0.73611848E+000  0.89432431E+000  0.13030197E+001  0.17213101E+001  0.22724787E+001  0.44127312E+001  0.46066542E+001
  0.35987447E+000  0.41510543E+000  0.50168317E+000  0.58406695E+000  0.73611749E+000  0.89432371E+000  0.13030184E+001  0.17213086E+001  0.22724776E+001  0.44127306E+001  0.46066539E+001
  0.35987405E+000  0.41510490E+000  0.50168261E+000  0.58406596E+000  0.73611651E+000  0.89432311E+000  0.13030171E+001  0.17213070E+001  0.22724766E+001  0.44127300E+001  0.46066536E+001
  0.35987363E+000  0.41510436E+000  0.50168205E+000  0.58406498E+000  0.73611554E+000  0.89432251E+000  0.13030158E+001  0.17213054E+001  0.22724756E+001  0.44127295E+001  0.46066533E+001
  0.35987321E+000  0.41510384E+000  0.50168149E+000  0.58406403E+000  0.73611457E+000  0.89432192E+000  0.13030146E+001  0.17213039E+001  0.22724746E+001  0.44127289E+001  0.46066530E+001
  0.35987280E+000  0.41510332E+000  0.50168094E+000  0.58406311E+000  0.73611362E+000  0.89432134E+000  0.13030133E+001  0.17213023E+001  0.22724737E+001  0.44127284E+001  0.46066527E+001
  0.35987240E+000  0.41510280E+000  0.50168040E+000  0.58406220E+000  0.73611268E+000  0.89432076E+000  0.13030121E+001  0.17213008E+001  0.22724427E+001  0.44127278E+001  0.46066524E+001
  0.35987201E+000  0.41510229E+000  0.50167987E+000  0.58406132E+000  0.73611174E+000  0.89432020E+000  0.13030109E+001  0.17212993E+001  0.22724407E+001  0.44127273E+001  0.46066521E+001
  0.35987162E+000  0.41510179E+000  0.50167934E+000  0.58406046E+000  0.73611083E+000  0.89431964E+000  0.13030097E+001  0.17212978E+001  0.22724387E+001  0.44127268E+001  0.46066518E+001
  0.35987124E+000  0.41510129E+000  0.50167882E+000  0.58405962E+000  0.73610992E+000  0.89431909E+000  0.13030085E+001  0.17212964E+001  0.22724368E+001  0.44127263E+001  0.46066515E+001
  0.35987086E+000  0.41510081E+000  0.50167831E+000  0.58405880E+000  0.73610903E+000  0.89431855E+000  0.13030074E+001  0.17212949E+001  0.22724348E+001  0.44127258E+001  0.46066512E+001
  0.35987049E+000  0.41510033E+000  0.50167781E+000  0.58405801E+000  0.73610815E+000  0.89431802E+000  0.13030062E+001  0.17212935E+001  0.22724329E+001  0.44127253E+001  0.46066509E+001
  0.35987013E+000  0.41509986E+000  0.50167732E+000  0.58405724E+000  0.73610729E+000  0.89431749E+000  0.13030051E+001  0.17212925E+001  0.22724311E+001  0.44127248E+001  0.46066506E+001
  0.35986978E+000  0.41509939E+000  0.50167684E+000  0.58405650E+000  0.73610645E+000  0.89431698E+000  0.13030040E+001  0.17212916E+001  0.22724293E+001  0.44127243E+001  0.46066504E+001
  0.35986944E+000  0.41509894E+000  0.50167637E+000  0.58405578E+000  0.73610562E+000  0.89431648E+000  0.13030029E+001  0.17212907E+001  0.22724275E+001  0.44127238E+001  0.46066501E+001
  0.35986910E+000  0.41509850E+000  0.50167591E+000  0.58405508E+000  0.73610481E+000  0.89431599E+000  0.13030018E+001  0.17212899E+001  0.22724257E+001  0.44127233E+001  0.46066499E+001
  0.35986877E+000  0.41509806E+000  0.50167545E+000  0.58405441E+000  0.73610401E+000  0.89431551E+000  0.13030008E+001  0.17212890E+001  0.22724241E+001  0.44127229E+001  0.46066496E+001
  0.35986845E+000  0.41509764E+000  0.50167501E+000  0.58405375E+000  0.73610323E+000  0.89431504E+000  0.13029998E+001  0.17212882E+001  0.22724224E+001  0.44127224E+001  0.46066494E+001
  0.35986814E+000  0.41509722E+000  0.50167458E+000  0.58405312E+000  0.73610247E+000  0.89431458E+000  0.13029988E+001  0.17212875E+001  0.22724210E+001  0.44127220E+001  0.46066492E+001
  0.35986783E+000  0.41509681E+000  0.50167416E+000  0.58405252E+000  0.73610173E+000  0.89431413E+000  0.13029978E+001  0.17212867E+001  0.22724202E+001  0.44127216E+001  0.46066490E+001
  0.35986753E+000  0.41509642E+000  0.50167375E+000  0.58405193E+000  0.73610100E+000  0.89431370E+000  0.13029969E+001  0.17212860E+001  0.22724194E+001  0.44127212E+001  0.46066488E+001
  0.35986724E+000  0.41509603E+000  0.50167335E+000  0.58405137E+000  0.73610029E+000  0.89431327E+000  0.13029960E+001  0.17212853E+001  0.22724186E+001  0.44127208E+001  0.46066486E+001
  0.35986696E+000  0.41509565E+000  0.50167296E+000  0.58405083E+000  0.73609960E+000  0.89431286E+000  0.13029951E+001  0.17212846E+001  0.22724178E+001  0.44127204E+001  0.46066485E+001
  0.35986669E+000  0.41509528E+000  0.50167259E+000  0.58405030E+000  0.73609893E+000  0.89431246E+000  0.13029942E+001  0.17212840E+001  0.22724171E+001  0.44127200E+001  0.46066483E+001
  0.35986642E+000  0.41509493E+000  0.50167222E+000  0.58404980E+000  0.73609828E+000  0.89431207E+000  0.13029934E+001  0.17212833E+001  0.22724164E+001  0.44127197E+001  0.46066481E+001
  0.35986617E+000  0.41509458E+000  0.50167187E+000  0.58404932E+000  0.73609765E+000  0.89431169E+000  0.13029926E+001  0.17212827E+001  0.22724157E+001  0.44127193E+001  0.46066480E+001
  0.35986592E+000  0.41509425E+000  0.50167153E+000  0.58404886E+000  0.73609704E+000  0.89431133E+000  0.13029918E+001  0.17212822E+001  0.22724151E+001  0.44127190E+001  0.46066479E+001
  0.35986568E+000  0.41509392E+000  0.50167120E+000  0.58404842E+000  0.73609644E+000  0.89431098E+000  0.13029910E+001  0.17212816E+001  0.22724145E+001  0.44127187E+001  0.46066477E+001
  0.35986545E+000  0.41509361E+000  0.50167088E+000  0.58404800E+000  0.73609587E+000  0.89431064E+000  0.13029903E+001  0.17212811E+001  0.22724139E+001  0.44127183E+001  0.46066476E+001
  0.35986522E+000  0.41509331E+000  0.50167057E+000  0.58404760E+000  0.73609532E+000  0.89431031E+000  0.13029896E+001  0.17212806E+001  0.22724133E+001  0.44127180E+001  0.46066475E+001
  0.35986501E+000  0.41509301E+000  0.50167447E+000  0.58404721E+000  0.73609478E+000  0.89430999E+000  0.13029889E+001  0.17212801E+001  0.22724128E+001  0.44127178E+001  0.46066474E+001
  0.35986480E+000  0.41509273E+000  0.50167412E+000  0.58404685E+000  0.73609427E+000  0.89430969E+000  0.13029883E+001  0.17212797E+001  0.22724123E+001  0.44127175E+001  0.46066474E+001
  0.35986461E+000  0.41509246E+000  0.50167379E+000  0.58404650E+000  0.73609378E+000  0.89430940E+000  0.13029877E+001  0.17212792E+001  0.22724118E+001  0.44127173E+001  0.46066473E+001
  0.35986442E+000  0.41509221E+000  0.50167348E+000  0.58404617E+000  0.73609331E+000  0.89430913E+000  0.13029871E+001  0.17212788E+001  0.22724114E+001  0.44127170E+001  0.46066472E+001
  0.35986424E+000  0.41509196E+000  0.50167318E+000  0.58404585E+000  0.73609286E+000  0.89430887E+000  0.13029866E+001  0.17212785E+001  0.22724110E+001  0.44127168E+001  0.46066472E+001
  0.35986407E+000  0.41509173E+000  0.50167289E+000  0.58404555E+000  0.73609243E+000  0.89430862E+000  0.13029861E+001  0.17212781E+001  0.22724106E+001  0.44127166E+001  0.46066471E+001
  0.35986391E+000  0.41509151E+000  0.50167262E+000  0.58404527E+000  0.73609203E+000  0.89430839E+000  0.13029856E+001  0.17212778E+001  0.22724102E+001  0.44127164E+001  0.46066471E+001
  0.35986376E+000  0.41509130E+000  0.50167237E+000  0.58404500E+000  0.73609164E+000  0.89430817E+000  0.13029852E+001  0.17212775E+001  0.22724099E+001  0.44127162E+001  0.46066471E+001
  0.35986362E+000  0.41509110E+000  0.50167213E+000  0.58404475E+000  0.73609128E+000  0.89430797E+000  0.13029848E+001  0.17212773E+001  0.22724096E+001  0.44127161E+001  0.46066471E+001
  0.35986349E+000  0.41509092E+000  0.50167190E+000  0.58404452E+000  0.73609095E+000  0.89430778E+000  0.13029844E+001  0.17212771E+001  0.22724094E+001  0.44127159E+001  0.46066471E+001
  0.35986337E+000  0.41509074E+000  0.50167169E+000  0.58404429E+000  0.73609063E+000  0.89430760E+000  0.13029840E+001  0.17212769E+001  0.22724091E+001  0.44127158E+001  0.46066471E+001
  0.35986325E+000  0.41509059E+000  0.50167150E+000  0.58404409E+000  0.73609035E+000  0.89430744E+000  0.13029837E+001  0.17212767E+001  0.22724089E+001  0.44127157E+001  0.46066471E+001
  0.35986315E+000  0.41509044E+000  0.50167132E+000  0.58404389E+000  0.73609008E+000  0.89430730E+000  0.13029835E+001  0.17212765E+001  0.22724088E+001  0.44127156E+001  0.46066471E+001
  0.35986306E+000  0.41509031E+000  0.50167116E+000  0.58404371E+000  0.73608984E+000  0.89430717E+000  0.13029832E+001  0.17212764E+001  0.22724086E+001  0.44127155E+001  0.46066471E+001
  0.35986298E+000  0.41509019E+000  0.50167101E+000  0.58404355E+000  0.73608962E+000  0.89430705E+000  0.13029830E+001  0.17212763E+001  0.22724085E+001  0.44127154E+001  0.46066471E+001
  0.35986291E+000  0.41509008E+000  0.50167088E+000  0.58404339E+000  0.73608943E+000  0.89430695E+000  0.13029829E+001  0.17212762E+001  0.22724084E+001  0.44127154E+001  0.46066472E+001
  0.35986284E+000  0.41508999E+000  0.50167077E+000  0.58404325E+000  0.73608926E+000  0.89430687E+000  0.13029827E+001  0.17212762E+001  0.22724084E+001  0.44127154E+001  0.46066472E+001
  0.35986279E+000  0.41508991E+000  0.50167067E+000  0.58404312E+000  0.73608911E+000  0.89430679E+000  0.13029826E+001  0.17212762E+001  0.22724083E+001  0.44127153E+001  0.46066473E+001
  0.35986275E+000  0.41508984E+000  0.50167059E+000  0.58404301E+000  0.73608899E+000  0.89430674E+000  0.13029826E+001  0.17212762E+001  0.22724083E+001  0.44127153E+001  0.46066473E+001
  0.35986271E+000  0.41508979E+000  0.50167052E+000  0.58404290E+000  0.73608889E+000  0.89430669E+000  0.13029825E+001  0.17212762E+001  0.22724084E+001  0.44127153E+001  0.46066474E+001
  0.35986269E+000  0.41508975E+000  0.50167047E+000  0.58404281E+000  0.73608881E+000  0.89430666E+000  0.13029825E+001  0.17212762E+001  0.22724084E+001  0.44127153E+001  0.46066475E+001
  0.35986267E+000  0.41508971E+000  0.50167043E+000  0.58404272E+000  0.73608875E+000  0.89430664E+000  0.13029825E+001  0.17212763E+001  0.22724085E+001  0.44127154E+001  0.46066475E+001
  0.35986266E+000  0.41508969E+000  0.50167041E+000  0.58404264E+000  0.73608872E+000  0.89430664E+000  0.13029826E+001  0.17212763E+001  0.22724086E+001  0.44127154E+001  0.46066476E+001
  0.35986266E+000  0.41508969E+000  0.50167040E+000  0.58404258E+000  0.73608870E+000  0.89430664E+000  0.13029826E+001  0.17212764E+001  0.22724087E+001  0.44127154E+001  0.46066477E+001
  0.35986267E+000  0.41508969E+000  0.50167040E+000  0.58404252E+000  0.73608870E+000  0.89430666E+000  0.13029827E+001  0.17212765E+001  0.22724088E+001  0.44127155E+001  0.46066478E+001
  0.35986268E+000  0.41508970E+000  0.50167041E+000  0.58404247E+000  0.73608872E+000  0.89430668E+000  0.13029828E+001  0.17212766E+001  0.22724089E+001  0.44127155E+001  0.46066479E+001
  0.35986270E+000  0.41508972E+000  0.50167044E+000  0.58404243E+000  0.73608876E+000  0.89430672E+000  0.13029829E+001  0.17212768E+001  0.22724091E+001  0.44127156E+001  0.46066480E+001
  0.35986273E+000  0.41508975E+000  0.50167047E+000  0.58404240E+000  0.73608881E+000  0.89430676E+000  0.13029831E+001  0.17212769E+001  0.22724093E+001  0.44127157E+001  0.46066481E+001
  0.35986276E+000  0.41508978E+000  0.50167052E+000  0.58404237E+000  0.73608888E+000  0.89430681E+000  0.13029832E+001  0.17212771E+001  0.22724094E+001  0.44127158E+001  0.46066482E+001
  0.35986279E+000  0.41508983E+000  0.50167057E+000  0.58404234E+000  0.73608896E+000  0.89430687E+000  0.13029834E+001  0.17212772E+001  0.22724096E+001  0.44127159E+001  0.46066483E+001
  0.35986283E+000  0.41508988E+000  0.50167063E+000  0.58404233E+000  0.73608905E+000  0.89430693E+000  0.13029836E+001  0.17212774E+001  0.22724098E+001  0.44127159E+001  0.46066484E+001
  0.35986288E+000  0.41508993E+000  0.50167070E+000  0.58404232E+000  0.73608915E+000  0.89430700E+000  0.13029838E+001  0.17212775E+001  0.22724100E+001  0.44127160E+001  0.46066485E+001
  0.35986292E+000  0.41508999E+000  0.50167077E+000  0.58404231E+000  0.73608926E+000  0.89430707E+000  0.13029839E+001  0.17212777E+001  0.22724102E+001  0.44127161E+001  0.46066486E+001
  0.35986297E+000  0.41509005E+000  0.50167085E+000  0.58404230E+000  0.73608938E+000  0.89430715E+000  0.13029841E+001  0.17212779E+001  0.22724104E+001  0.44127162E+001  0.46066487E+001
  0.35986302E+000  0.41509012E+000  0.50167093E+000  0.58404230E+000  0.73608950E+000  0.89430723E+000  0.13029844E+001  0.17212781E+001  0.22724106E+001  0.44127163E+001  0.46066488E+001
  0.35986308E+000  0.41509019E+000  0.50167101E+000  0.58404231E+000  0.73608963E+000  0.89430731E+000  0.13029846E+001  0.17212782E+001  0.22724108E+001  0.44127164E+001  0.46066489E+001
  0.35986313E+000  0.41509026E+000  0.50167110E+000  0.58404231E+000  0.73608976E+000  0.89430739E+000  0.13029848E+001  0.17212784E+001  0.22724110E+001  0.44127165E+001  0.46066489E+001
  0.35986319E+000  0.41509034E+000  0.50167120E+000  0.58404232E+000  0.73608990E+000  0.89430748E+000  0.13029850E+001  0.17212786E+001  0.22724112E+001  0.44127166E+001  0.46066490E+001
  0.35986324E+000  0.41509042E+000  0.50167129E+000  0.58404234E+000  0.73609004E+000  0.89430757E+000  0.13029852E+001  0.17212788E+001  0.22724114E+001  0.44127167E+001  0.46066491E+001
  0.35986330E+000  0.41509049E+000  0.50167138E+000  0.58404235E+000  0.73609018E+000  0.89430766E+000  0.13029854E+001  0.17212789E+001  0.22724116E+001  0.44127168E+001  0.46066492E+001
  0.35986336E+000  0.41509057E+000  0.50167148E+000  0.58404237E+000  0.73609032E+000  0.89430774E+000  0.13029857E+001  0.17212791E+001  0.22724118E+001  0.44127169E+001  0.46066493E+001
  0.35986342E+000  0.41509065E+000  0.50167157E+000  0.58404239E+000  0.73609046E+000  0.89430783E+000  0.13029859E+001  0.17212793E+001  0.22724120E+001  0.44127170E+001  0.46066493E+001
  0.35986348E+000  0.41509073E+000  0.50167167E+000  0.58404241E+000  0.73609061E+000  0.89430792E+000  0.13029861E+001  0.17212794E+001  0.22724122E+001  0.44127171E+001  0.46066494E+001
  0.35986353E+000  0.41509081E+000  0.50167177E+000  0.58404243E+000  0.73609075E+000  0.89430801E+000  0.13029863E+001  0.17212796E+001  0.22724124E+001  0.44127172E+001  0.46066495E+001
  0.35986359E+000  0.41509088E+000  0.50167186E+000  0.58404245E+000  0.73609089E+000  0.89430809E+000  0.13029865E+001  0.17212797E+001  0.22724125E+001  0.44127173E+001  0.46066495E+001
  0.35986365E+000  0.41509096E+000  0.50167196E+000  0.58404247E+000  0.73609104E+000  0.89430818E+000  0.13029867E+001  0.17212798E+001  0.22724127E+001  0.44127174E+001  0.46066495E+001
  0.35986370E+000  0.41509104E+000  0.50167205E+000  0.58404250E+000  0.73609117E+000  0.89430826E+000  0.13029869E+001  0.17212800E+001  0.22724128E+001  0.44127175E+001  0.46066496E+001
  0.35986375E+000  0.41509111E+000  0.50167214E+000  0.58404252E+000  0.73609131E+000  0.89430834E+000  0.13029871E+001  0.17212801E+001  0.22724129E+001  0.44127176E+001  0.46066496E+001
  0.35986381E+000  0.41509118E+000  0.50167223E+000  0.58404254E+000  0.73609144E+000  0.89430842E+000  0.13029873E+001  0.17212802E+001  0.22724130E+001  0.44127176E+001  0.46066496E+001
  0.35986386E+000  0.41509125E+000  0.50167231E+000  0.58404257E+000  0.73609157E+000  0.89430849E+000  0.13029874E+001  0.17212803E+001  0.22724132E+001  0.44127177E+001  0.46066496E+001
  0.35986390E+000  0.41509132E+000  0.50167240E+000  0.58404259E+000  0.73609169E+000  0.89430856E+000  0.13029876E+001  0.17212804E+001  0.22724132E+001  0.44127178E+001  0.46066496E+001
  0.35986395E+000  0.41509139E+000  0.50167248E+000  0.58404261E+000  0.73609181E+000  0.89430863E+000  0.13029877E+001  0.17212805E+001  0.22724133E+001  0.44127178E+001  0.46066495E+001
  0.35986399E+000  0.41509145E+000  0.50167255E+000  0.58404263E+000  0.73609192E+000  0.89430869E+000  0.13029879E+001  0.17212805E+001  0.22724134E+001  0.44127179E+001  0.46066495E+001
  0.35986403E+000  0.41509150E+000  0.50167262E+000  0.58404264E+000  0.73609203E+000  0.89430875E+000  0.13029880E+001  0.17212806E+001  0.22724134E+001  0.44127179E+001  0.46066495E+001
  0.35986406E+000  0.41509156E+000  0.50167269E+000  0.58404266E+000  0.73609213E+000  0.89430880E+000  0.13029881E+001  0.17212806E+001  0.22724135E+001  0.44127180E+001  0.46066494E+001
  0.35986409E+000  0.41509161E+000  0.50167275E+000  0.58404267E+000  0.73609221E+000  0.89430885E+000  0.13029882E+001  0.17212807E+001  0.22724135E+001  0.44127180E+001  0.46066493E+001
  0.35986412E+000  0.41509165E+000  0.50167280E+000  0.58404267E+000  0.73609229E+000  0.89430889E+000  0.13029882E+001  0.17212807E+001  0.22724135E+001  0.44127180E+001  0.46066493E+001
  0.35986414E+000  0.41509169E+000  0.50167285E+000  0.58404267E+000  0.73609236E+000  0.89430892E+000  0.13029883E+001  0.17212807E+001  0.22724135E+001  0.44127180E+001  0.46066492E+001
  0.35986416E+000  0.41509172E+000  0.50167289E+000  0.58404267E+000  0.73609243E+000  0.89430895E+000  0.13029883E+001  0.17212807E+001  0.22724134E+001  0.44127180E+001  0.46066491E+001
  0.35986417E+000  0.41509175E+000  0.50167292E+000  0.58404266E+000  0.73609248E+000  0.89430897E+000  0.13029884E+001  0.17212806E+001  0.22724134E+001  0.44127180E+001  0.46066490E+001
  0.35986418E+000  0.41509177E+000  0.50167295E+000  0.58404265E+000  0.73609251E+000  0.89430899E+000  0.13029884E+001  0.17212806E+001  0.22724133E+001  0.44127180E+001  0.46066489E+001
  0.35986418E+000  0.41509179E+000  0.50167297E+000  0.58404263E+000  0.73609254E+000  0.89430900E+000  0.13029884E+001  0.17212806E+001  0.22724133E+001  0.44127180E+001  0.46066487E+001
  0.35986418E+000  0.41509180E+000  0.50167298E+000  0.58404261E+000  0.73609256E+000  0.89430900E+000  0.13029884E+001  0.17212805E+001  0.22724132E+001  0.44127180E+001  0.46066486E+001
  0.35986418E+000  0.41509180E+000  0.50167298E+000  0.58404258E+000  0.73609257E+000  0.89430899E+000  0.13029883E+001  0.17212804E+001  0.22724131E+001  0.44127180E+001  0.46066485E+001
  0.35986417E+000  0.41509180E+000  0.50167298E+000  0.58404255E+000  0.73609256E+000  0.89430898E+000  0.13029883E+001  0.17212803E+001  0.22724130E+001  0.44127179E+001  0.46066483E+001
  0.35986416E+000  0.41509179E+000  0.50167297E+000  0.58404251E+000  0.73609255E+000  0.89430897E+000  0.13029882E+001  0.17212803E+001  0.22724129E+001  0.44127179E+001  0.46066482E+001
  0.35986414E+000  0.41509178E+000  0.50167295E+000  0.58404247E+000  0.73609253E+000  0.89430894E+000  0.13029881E+001  0.17212802E+001  0.22724128E+001  0.44127179E+001  0.46066480E+001
  0.35986412E+000  0.41509176E+000  0.50167293E+000  0.58404243E+000  0.73609249E+000  0.89430891E+000  0.13029880E+001  0.17212801E+001  0.22724126E+001  0.44127178E+001  0.46066479E+001
  0.35986409E+000  0.41509173E+000  0.50167290E+000  0.58404237E+000  0.73609245E+000  0.89430888E+000  0.13029879E+001  0.17212800E+001  0.22724125E+001  0.44127178E+001  0.46066477E+001
  0.35986407E+000  0.41509171E+000  0.50167287E+000  0.58404232E+000  0.73609240E+000  0.89430884E+000  0.13029878E+001  0.17212798E+001  0.22724124E+001  0.44127177E+001  0.46066476E+001
  0.35986404E+000  0.41509167E+000  0.50167283E+000  0.58404226E+000  0.73609234E+000  0.89430880E+000  0.13029877E+001  0.17212797E+001  0.22724122E+001  0.44127177E+001  0.46066474E+001
  0.35986401E+000  0.41509164E+000  0.50167279E+000  0.58404220E+000  0.73609227E+000  0.89430876E+000  0.13029876E+001  0.17212796E+001  0.22724121E+001  0.44127176E+001  0.46066473E+001
  0.35986397E+000  0.41509160E+000  0.50167274E+000  0.58404214E+000  0.73609220E+000  0.89430871E+000  0.13029875E+001  0.17212795E+001  0.22724120E+001  0.44127175E+001  0.46066471E+001
  0.35986394E+000  0.41509156E+000  0.50167269E+000  0.58404208E+000  0.73609213E+000  0.89430866E+000  0.13029874E+001  0.17212794E+001  0.22724118E+001  0.44127175E+001  0.46066470E+001
  0.35986390E+000  0.41509152E+000  0.50167263E+000  0.58404201E+000  0.73609205E+000  0.89430861E+000  0.13029872E+001  0.17212793E+001  0.22724117E+001  0.44127174E+001  0.46066468E+001
  0.35986387E+000  0.41509147E+000  0.50167258E+000  0.58404195E+000  0.73609196E+000  0.89430855E+000  0.13029871E+001  0.17212792E+001  0.22724116E+001  0.44127174E+001  0.46066467E+001
  0.35986383E+000  0.41509142E+000  0.50167252E+000  0.58404189E+000  0.73609188E+000  0.89430850E+000  0.13029870E+001  0.17212791E+001  0.22724114E+001  0.44127173E+001  0.46066465E+001
  0.35986379E+000  0.41509138E+000  0.50167247E+000  0.58404182E+000  0.73609180E+000  0.89430845E+000  0.13029869E+001  0.17212790E+001  0.22724113E+001  0.44127173E+001  0.46066464E+001
  0.35986376E+000  0.41509133E+000  0.50167241E+000  0.58404176E+000  0.73609171E+000  0.89430840E+000  0.13029867E+001  0.17212789E+001  0.22724112E+001  0.44127172E+001  0.46066462E+001
  0.35986372E+000  0.41509129E+000  0.50167236E+000  0.58404170E+000  0.73609163E+000  0.89430835E+000  0.13029866E+001  0.17212788E+001  0.22724111E+001  0.44127172E+001  0.46066461E+001
  0.35986369E+000  0.41509124E+000  0.50167230E+000  0.58404164E+000  0.73609155E+000  0.89430830E+000  0.13029865E+001  0.17212788E+001  0.22724110E+001  0.44127171E+001  0.46066460E+001
  0.35986366E+000  0.41509120E+000  0.50167225E+000  0.58404159E+000  0.73609147E+000  0.89430826E+000  0.13029864E+001  0.17212787E+001  0.22724109E+001  0.44127171E+001  0.46066459E+001
  0.35986363E+000  0.41509116E+000  0.50167220E+000  0.58404154E+000  0.73609140E+000  0.89430822E+000  0.13029863E+001  0.17212787E+001  0.22724109E+001  0.44127170E+001  0.46066458E+001
  0.35986361E+000  0.41509112E+000  0.50167215E+000  0.58404149E+000  0.73609133E+000  0.89430818E+000  0.13029863E+001  0.17212786E+001  0.22724108E+001  0.44127170E+001  0.46066457E+001
  0.35986358E+000  0.41509109E+000  0.50167211E+000  0.58404145E+000  0.73609127E+000  0.89430814E+000  0.13029862E+001  0.17212786E+001  0.22724108E+001  0.44127170E+001  0.46066456E+001
  0.35986356E+000  0.41509106E+000  0.50167207E+000  0.58404141E+000  0.73609121E+000  0.89430811E+000  0.13029861E+001  0.17212786E+001  0.22724107E+001  0.44127170E+001  0.46066455E+001
  0.35986354E+000  0.41509103E+000  0.50167204E+000  0.58404137E+000  0.73609116E+000  0.89430809E+000  0.13029861E+001  0.17212786E+001  0.22724107E+001  0.44127170E+001  0.46066454E+001
  0.35986353E+000  0.41509100E+000  0.50167201E+000  0.58404134E+000  0.73609111E+000  0.89430806E+000  0.13029860E+001  0.17212786E+001  0.22724107E+001  0.44127170E+001  0.46066453E+001
  0.35986351E+000  0.41509098E+000  0.50167198E+000  0.58404132E+000  0.73609107E+000  0.89430804E+000  0.13029860E+001  0.17212786E+001  0.22724107E+001  0.44127170E+001  0.46066453E+001
  0.35986351E+000  0.41509096E+000  0.50167196E+000  0.58404130E+000  0.73609103E+000  0.89430803E+000  0.13029860E+001  0.17212787E+001  0.22724108E+001  0.44127170E+001  0.46066452E+001
  0.35986350E+000  0.41509095E+000  0.50167194E+000  0.58404128E+000  0.73609101E+000  0.89430802E+000  0.13029860E+001  0.17212787E+001  0.22724108E+001  0.44127170E+001  0.46066452E+001
  0.35986350E+000  0.41509093E+000  0.50167192E+000  0.58404128E+000  0.73609098E+000  0.89430801E+000  0.13029861E+001  0.17212788E+001  0.22724108E+001  0.44127171E+001  0.46066451E+001
  0.35986351E+000  0.41509092E+000  0.50167191E+000  0.58404129E+000  0.73609097E+000  0.89430801E+000  0.13029862E+001  0.17212789E+001  0.22724109E+001  0.44127171E+001  0.46066451E+001
  0.35986353E+000  0.41509092E+000  0.50167191E+000  0.58404133E+000  0.73609096E+000  0.89430803E+000  0.13029863E+001  0.17212790E+001  0.22724110E+001  0.44127172E+001  0.46066451E+001
  0.35986357E+000  0.41509092E+000  0.50167191E+000  0.58404148E+000  0.73609097E+000  0.89430806E+000  0.13029864E+001  0.17212791E+001  0.22724111E+001  0.44127173E+001  0.46066451E+001
  0.35986372E+000  0.41509095E+000  0.50167194E+000  0.58404155E+000  0.73609102E+000  0.89430834E+000  0.13029868E+001  0.17212791E+001  0.22724113E+001  0.44127173E+001  0.46066452E+001
