  0.12995011E+000
  0.13698032E+000
  0.14084977E+000
  0.14371817E+000
  0.14601056E+000
  0.14788465E+000
  0.14943046E+000
  0.15071396E+000
  0.15178581E+000
  0.15268759E+000
  0.15345060E+000
  0.15409557E+000
  0.15464287E+000
  0.15510899E+000
  0.15550723E+000
  0.15584821E+000
  0.15614054E+000
  0.15639188E+000
  0.15660819E+000
  0.15679438E+000
  0.15695457E+000
  0.15709216E+000
  0.15721034E+000
  0.15731130E+000
  0.15739705E+000
  0.15746942E+000
  0.15753005E+000
  0.15758037E+000
  0.15762166E+000
  0.15765507E+000
  0.15768166E+000
  0.15770238E+000
  0.15771808E+000
  0.15772955E+000
  0.15773748E+000
  0.15774250E+000
  0.15774516E+000
  0.15774595E+000
  0.15774528E+000
  0.15774352E+000
  0.15774097E+000
  0.15773787E+000
  0.15773445E+000
  0.15773085E+000
  0.15772719E+000
  0.15772358E+000
  0.15772006E+000
  0.15771669E+000
  0.15771348E+000
  0.15771044E+000
  0.15770758E+000
  0.15770487E+000
  0.15770232E+000
  0.15769990E+000
  0.15769760E+000
  0.15769542E+000
  0.15769332E+000
  0.15769131E+000
  0.15768938E+000
  0.15768752E+000
  0.15768573E+000
  0.15768400E+000
  0.15768234E+000
  0.15768075E+000
  0.15767922E+000
  0.15767777E+000
  0.15767638E+000
  0.15767507E+000
  0.15767383E+000
  0.15767266E+000
  0.15767157E+000
  0.15767055E+000
  0.15766960E+000
  0.15766872E+000
  0.15766791E+000
  0.15766717E+000
  0.15766648E+000
  0.15766586E+000
  0.15766530E+000
  0.15766479E+000
  0.15766433E+000
  0.15766392E+000
  0.15766355E+000
  0.15766323E+000
  0.15766294E+000
  0.15766269E+000
  0.15766247E+000
  0.15766228E+000
  0.15766211E+000
  0.15766197E+000
  0.15766185E+000
  0.15766175E+000
  0.15766167E+000
  0.15766160E+000
  0.15766155E+000
  0.15766151E+000
  0.15766149E+000
  0.15766147E+000
  0.15766146E+000
  0.15766146E+000
  0.15766146E+000
  0.15766147E+000
  0.15766149E+000
  0.15766150E+000
  0.15766153E+000
  0.15766155E+000
  0.15766158E+000
  0.15766160E+000
  0.15766163E+000
  0.15766167E+000
  0.15766170E+000
  0.15766173E+000
  0.15766176E+000
  0.15766179E+000
  0.15766183E+000
  0.15766186E+000
  0.15766189E+000
  0.15766192E+000
  0.15766195E+000
  0.15766198E+000
  0.15766201E+000
  0.15766204E+000
  0.15766207E+000
  0.15766210E+000
  0.15766212E+000
  0.15766215E+000
  0.15766217E+000
  0.15766220E+000
  0.15766222E+000
  0.15766225E+000
  0.15766227E+000
  0.15766229E+000
  0.15766231E+000
  0.15766233E+000
  0.15766235E+000
  0.15766237E+000
  0.15766239E+000
  0.15766241E+000
  0.15766243E+000
  0.15766244E+000
  0.15766246E+000
  0.15766247E+000
  0.15766249E+000
  0.15766250E+000
  0.15766252E+000
  0.15766253E+000
  0.15766254E+000
  0.15766255E+000
  0.15766257E+000
  0.15766258E+000
  0.15766259E+000
  0.15766260E+000
  0.15766261E+000
  0.15766262E+000
  0.15766263E+000
  0.15766264E+000
  0.15766264E+000
  0.15766265E+000
  0.15766266E+000
  0.15766267E+000
  0.15766267E+000
  0.15766268E+000
  0.15766269E+000
  0.15766269E+000
  0.15766270E+000
  0.15766270E+000
  0.15766271E+000
  0.15766272E+000
  0.15766272E+000
  0.15766272E+000
  0.15766273E+000
  0.15766273E+000
  0.15766274E+000
  0.15766274E+000
  0.15766274E+000
  0.15766275E+000
  0.15766275E+000
  0.15766275E+000
  0.15766276E+000
  0.15766276E+000
  0.15766276E+000
  0.15766276E+000
  0.15766277E+000
  0.15766277E+000
  0.15766277E+000
  0.15766277E+000
  0.15766277E+000
  0.15766277E+000
  0.15766278E+000
  0.15766278E+000
  0.15766278E+000
  0.15766278E+000
  0.15766278E+000
  0.15766278E+000
  0.15766278E+000
  0.15766278E+000
  0.15766279E+000
  0.15766279E+000
  0.15766279E+000
  0.15766279E+000
