  0.15879102E+001
  0.15843747E+001
  0.15814397E+001
  0.15790022E+001
  0.15769637E+001
  0.15752306E+001
  0.15737690E+001
  0.15725360E+001
  0.15714896E+001
  0.15706108E+001
  0.15698746E+001
  0.15692545E+001
  0.15687313E+001
  0.15682887E+001
  0.15679139E+001
  0.15675977E+001
  0.15673309E+001
  0.15671052E+001
  0.15669146E+001
  0.15667538E+001
  0.15666185E+001
  0.15665048E+001
  0.15664096E+001
  0.15663299E+001
  0.15662636E+001
  0.15662086E+001
  0.15661630E+001
  0.15661256E+001
  0.15660949E+001
  0.15660698E+001
  0.15660495E+001
  0.15660330E+001
  0.15660198E+001
  0.15660091E+001
  0.15660005E+001
  0.15659936E+001
  0.15659880E+001
  0.15659834E+001
  0.15659796E+001
  0.15659765E+001
  0.15659738E+001
  0.15659714E+001
  0.15659692E+001
  0.15659672E+001
  0.15659653E+001
  0.15659634E+001
  0.15659616E+001
  0.15659597E+001
  0.15659578E+001
  0.15659559E+001
  0.15659539E+001
  0.15659520E+001
  0.15659499E+001
  0.15659479E+001
  0.15659458E+001
  0.15659438E+001
  0.15659416E+001
  0.15659395E+001
  0.15659373E+001
  0.15659352E+001
  0.15659330E+001
  0.15659307E+001
  0.15659285E+001
  0.15659263E+001
  0.15659240E+001
  0.15659218E+001
  0.15659195E+001
  0.15659172E+001
  0.15659150E+001
  0.15659127E+001
  0.15659104E+001
  0.15659082E+001
  0.15659059E+001
  0.15659037E+001
  0.15659014E+001
  0.15658992E+001
  0.15658970E+001
  0.15658949E+001
  0.15658927E+001
  0.15658906E+001
  0.15658885E+001
  0.15658865E+001
  0.15658844E+001
  0.15658824E+001
  0.15658805E+001
  0.15658785E+001
  0.15658766E+001
  0.15658748E+001
  0.15658730E+001
  0.15658712E+001
  0.15658694E+001
  0.15658677E+001
  0.15658660E+001
  0.15658644E+001
  0.15658628E+001
  0.15658612E+001
  0.15658597E+001
  0.15658583E+001
  0.15658568E+001
  0.15658554E+001
  0.15658541E+001
  0.15658528E+001
  0.15658515E+001
  0.15658503E+001
  0.15658492E+001
  0.15658481E+001
  0.15658470E+001
  0.15658459E+001
  0.15658450E+001
  0.15658440E+001
  0.15658432E+001
  0.15658423E+001
  0.15658415E+001
  0.15658408E+001
  0.15658401E+001
  0.15658395E+001
  0.15658389E+001
  0.15658384E+001
  0.15658380E+001
  0.15658376E+001
  0.15658372E+001
  0.15658369E+001
  0.15658366E+001
  0.15658364E+001
  0.15658363E+001
  0.15658362E+001
  0.15658361E+001
  0.15658361E+001
  0.15658362E+001
  0.15658362E+001
  0.15658364E+001
  0.15658365E+001
  0.15658367E+001
  0.15658369E+001
  0.15658371E+001
  0.15658373E+001
  0.15658376E+001
  0.15658379E+001
  0.15658381E+001
  0.15658384E+001
  0.15658387E+001
  0.15658390E+001
  0.15658393E+001
  0.15658397E+001
  0.15658400E+001
  0.15658403E+001
  0.15658406E+001
  0.15658409E+001
  0.15658412E+001
  0.15658414E+001
  0.15658417E+001
  0.15658420E+001
  0.15658422E+001
  0.15658425E+001
  0.15658427E+001
  0.15658430E+001
  0.15658432E+001
  0.15658434E+001
  0.15658435E+001
  0.15658437E+001
  0.15658439E+001
  0.15658440E+001
  0.15658441E+001
  0.15658442E+001
  0.15658442E+001
  0.15658443E+001
  0.15658443E+001
  0.15658443E+001
  0.15658443E+001
  0.15658443E+001
  0.15658442E+001
  0.15658441E+001
  0.15658440E+001
  0.15658439E+001
  0.15658438E+001
  0.15658437E+001
  0.15658435E+001
  0.15658434E+001
  0.15658432E+001
  0.15658430E+001
  0.15658429E+001
  0.15658427E+001
  0.15658425E+001
  0.15658424E+001
  0.15658422E+001
  0.15658421E+001
  0.15658419E+001
  0.15658418E+001
  0.15658417E+001
  0.15658416E+001
  0.15658415E+001
  0.15658414E+001
  0.15658413E+001
  0.15658412E+001
  0.15658412E+001
  0.15658411E+001
  0.15658411E+001
  0.15658411E+001
  0.15658412E+001
  0.15658413E+001
