  0.11410253E+002
  0.11410253E+002
  0.11410253E+002
  0.11410253E+002
  0.11410253E+002
  0.11410253E+002
  0.11410253E+002
  0.11410253E+002
  0.11410253E+002
  0.11410253E+002
  0.11410253E+002
  0.11410253E+002
  0.11410253E+002
  0.11410253E+002
  0.11410253E+002
  0.11410253E+002
  0.11410253E+002
  0.11410253E+002
  0.11410253E+002
  0.11410253E+002
  0.11410253E+002
  0.11410253E+002
  0.11410253E+002
  0.11410253E+002
  0.11410253E+002
  0.11410253E+002
  0.11410253E+002
  0.11410253E+002
  0.11410253E+002
  0.11410253E+002
  0.11410253E+002
  0.11410253E+002
  0.11410253E+002
  0.11410253E+002
  0.11410253E+002
  0.11410253E+002
  0.11410253E+002
  0.11410253E+002
  0.11410253E+002
  0.11410253E+002
  0.11410253E+002
  0.11410253E+002
  0.11410253E+002
  0.11410254E+002
  0.11410254E+002
  0.11410254E+002
  0.11410254E+002
  0.11410254E+002
  0.11410254E+002
  0.11410254E+002
  0.11410254E+002
  0.11410254E+002
  0.11410254E+002
  0.11410254E+002
  0.11410254E+002
  0.11410254E+002
  0.11410254E+002
  0.11410254E+002
  0.11410254E+002
  0.11410254E+002
  0.11410254E+002
  0.11410254E+002
  0.11410254E+002
  0.11410254E+002
  0.11410254E+002
  0.11410254E+002
  0.11410254E+002
  0.11410254E+002
  0.11410254E+002
  0.11410254E+002
  0.11410254E+002
  0.11410254E+002
  0.11410254E+002
  0.11410254E+002
  0.11410254E+002
  0.11410254E+002
  0.11410254E+002
  0.11410254E+002
  0.11410254E+002
  0.11410254E+002
  0.11410255E+002
  0.11410255E+002
  0.11410255E+002
  0.11410255E+002
  0.11410255E+002
  0.11410255E+002
  0.11410255E+002
  0.11410255E+002
  0.11410255E+002
  0.11410255E+002
  0.11410255E+002
  0.11410255E+002
  0.11410255E+002
  0.11410255E+002
  0.11410255E+002
  0.11410255E+002
  0.11410255E+002
  0.11410255E+002
  0.11410255E+002
  0.11410255E+002
  0.11410255E+002
  0.11410256E+002
  0.11410256E+002
  0.11410256E+002
  0.11410256E+002
  0.11410256E+002
  0.11410256E+002
  0.11410256E+002
  0.11410256E+002
  0.11410256E+002
  0.11410256E+002
  0.11410256E+002
  0.11410256E+002
  0.11410256E+002
  0.11410256E+002
  0.11410256E+002
  0.11410256E+002
  0.11410256E+002
  0.11410256E+002
  0.11410257E+002
  0.11410257E+002
  0.11410257E+002
  0.11410257E+002
  0.11410257E+002
  0.11410257E+002
  0.11410257E+002
  0.11410257E+002
  0.11410257E+002
  0.11410257E+002
  0.11410257E+002
  0.11410257E+002
  0.11410257E+002
  0.11410257E+002
  0.11410257E+002
  0.11410257E+002
  0.11410257E+002
  0.11410258E+002
  0.11410258E+002
  0.11410258E+002
  0.11410258E+002
  0.11410258E+002
  0.11410258E+002
  0.11410258E+002
  0.11410258E+002
  0.11410258E+002
  0.11410258E+002
  0.11410258E+002
  0.11410258E+002
  0.11410258E+002
  0.11410258E+002
  0.11410258E+002
  0.11410258E+002
  0.11410258E+002
  0.11410258E+002
  0.11410258E+002
  0.11410259E+002
  0.11410259E+002
  0.11410259E+002
  0.11410259E+002
  0.11410259E+002
  0.11410259E+002
  0.11410259E+002
  0.11410259E+002
  0.11410259E+002
  0.11410259E+002
  0.11410259E+002
  0.11410259E+002
  0.11410259E+002
  0.11410259E+002
  0.11410259E+002
  0.11410259E+002
  0.11410259E+002
  0.11410259E+002
  0.11410259E+002
  0.11410259E+002
  0.11410259E+002
  0.11410259E+002
  0.11410259E+002
  0.11410259E+002
  0.11410259E+002
  0.11410259E+002
  0.11410259E+002
  0.11410259E+002
  0.11410259E+002
  0.11410259E+002
  0.11410260E+002
  0.11410260E+002
  0.11410260E+002
  0.11410260E+002
  0.11410260E+002
  0.11410260E+002
  0.11410260E+002
  0.11410260E+002
  0.11410260E+002
  0.11410260E+002
  0.11410260E+002
  0.11410260E+002
  0.11410259E+002
  0.11410259E+002
  0.11410259E+002
