  0.35595597E+000
  0.35595597E+000
  0.35595597E+000
  0.35595597E+000
  0.35595597E+000
  0.35595598E+000
  0.35595598E+000
  0.35595598E+000
  0.35595598E+000
  0.35595598E+000
  0.35595598E+000
  0.35595599E+000
  0.35595599E+000
  0.35595599E+000
  0.35595599E+000
  0.35595599E+000
  0.35595599E+000
  0.35595599E+000
  0.35595600E+000
  0.35595600E+000
  0.35595600E+000
  0.35595600E+000
  0.35595600E+000
  0.35595600E+000
  0.35595600E+000
  0.35595600E+000
  0.35595601E+000
  0.35595601E+000
  0.35595601E+000
  0.35595601E+000
  0.35595601E+000
  0.35595601E+000
  0.35595601E+000
  0.35595601E+000
  0.35595602E+000
  0.35595602E+000
  0.35595602E+000
  0.35595602E+000
  0.35595602E+000
  0.35595602E+000
  0.35595602E+000
  0.35595602E+000
  0.35595602E+000
  0.35595602E+000
  0.35595603E+000
  0.35595603E+000
  0.35595603E+000
  0.35595603E+000
  0.35595603E+000
  0.35595603E+000
  0.35595603E+000
  0.35595603E+000
  0.35595603E+000
  0.35595603E+000
  0.35595603E+000
  0.35595603E+000
  0.35595604E+000
  0.35595604E+000
  0.35595604E+000
  0.35595604E+000
  0.35595604E+000
  0.35595604E+000
  0.35595604E+000
  0.35595604E+000
  0.35595604E+000
  0.35595604E+000
  0.35595604E+000
  0.35595604E+000
  0.35595604E+000
  0.35595604E+000
  0.35595605E+000
  0.35595605E+000
  0.35595605E+000
  0.35595605E+000
  0.35595605E+000
  0.35595605E+000
  0.35595605E+000
  0.35595605E+000
  0.35595605E+000
  0.35595605E+000
  0.35595605E+000
  0.35595605E+000
  0.35595605E+000
  0.35595606E+000
  0.35595606E+000
  0.35595606E+000
  0.35595606E+000
  0.35595606E+000
  0.35595606E+000
  0.35595606E+000
  0.35595606E+000
  0.35595606E+000
  0.35595606E+000
  0.35595606E+000
  0.35595606E+000
  0.35595606E+000
  0.35595606E+000
  0.35595606E+000
  0.35595607E+000
  0.35595607E+000
  0.35595607E+000
  0.35595607E+000
  0.35595607E+000
  0.35595607E+000
  0.35595607E+000
  0.35595607E+000
  0.35595607E+000
  0.35595607E+000
  0.35595607E+000
  0.35595607E+000
  0.35595607E+000
  0.35595607E+000
  0.35595607E+000
  0.35595607E+000
  0.35595607E+000
  0.35595608E+000
  0.35595608E+000
  0.35595608E+000
  0.35595608E+000
  0.35595608E+000
  0.35595608E+000
  0.35595608E+000
  0.35595608E+000
  0.35595608E+000
  0.35595608E+000
  0.35595608E+000
  0.35595608E+000
  0.35595608E+000
  0.35595608E+000
  0.35595608E+000
  0.35595608E+000
  0.35595608E+000
  0.35595608E+000
  0.35595608E+000
  0.35595608E+000
  0.35595608E+000
  0.35595608E+000
  0.35595608E+000
  0.35595608E+000
  0.35595608E+000
  0.35595608E+000
  0.35595608E+000
  0.35595608E+000
  0.35595609E+000
  0.35595609E+000
  0.35595609E+000
  0.35595609E+000
  0.35595609E+000
  0.35595609E+000
  0.35595609E+000
  0.35595609E+000
  0.35595609E+000
  0.35595609E+000
  0.35595609E+000
  0.35595609E+000
  0.35595609E+000
  0.35595609E+000
  0.35595609E+000
  0.35595609E+000
  0.35595609E+000
  0.35595609E+000
  0.35595609E+000
  0.35595609E+000
  0.35595609E+000
  0.35595609E+000
  0.35595609E+000
  0.35595609E+000
  0.35595609E+000
  0.35595609E+000
  0.35595609E+000
  0.35595609E+000
  0.35595609E+000
  0.35595609E+000
  0.35595609E+000
  0.35595609E+000
  0.35595609E+000
  0.35595609E+000
  0.35595609E+000
  0.35595609E+000
  0.35595609E+000
  0.35595609E+000
  0.35595609E+000
  0.35595609E+000
  0.35595609E+000
  0.35595609E+000
  0.35595609E+000
  0.35595609E+000
  0.35595609E+000
  0.35595609E+000
  0.35595609E+000
  0.35595608E+000
  0.35595608E+000
  0.35595608E+000
  0.35595608E+000
  0.35595608E+000
  0.35595608E+000
  0.35595608E+000
  0.35595608E+000
  0.35595609E+000
  0.35595610E+000
