 -0.12998776E+000  0.29515447E-001  0.11803231E+001  0.43330362E+000
 -0.12998776E+000  0.29515447E-001  0.11803231E+001  0.43330362E+000
 -0.12998776E+000  0.29515447E-001  0.11803231E+001  0.43330362E+000
 -0.12998776E+000  0.29515447E-001  0.11803231E+001  0.43330362E+000
 -0.12998776E+000  0.29515447E-001  0.11803231E+001  0.43330362E+000
 -0.12998776E+000  0.29515447E-001  0.11803231E+001  0.43330362E+000
 -0.12998776E+000  0.29515447E-001  0.11803231E+001  0.43330362E+000
 -0.12998776E+000  0.29515447E-001  0.11803231E+001  0.43330362E+000
 -0.12998776E+000  0.29515447E-001  0.11803231E+001  0.43330362E+000
 -0.12998776E+000  0.29515447E-001  0.11803231E+001  0.43330362E+000
 -0.12998776E+000  0.29515447E-001  0.11803231E+001  0.43330362E+000
 -0.12998776E+000  0.29515447E-001  0.11803231E+001  0.43330362E+000
 -0.12998776E+000  0.29515447E-001  0.11803231E+001  0.43330362E+000
 -0.12998776E+000  0.29515447E-001  0.11803231E+001  0.43330362E+000
 -0.12998776E+000  0.29515447E-001  0.11803231E+001  0.43330362E+000
 -0.12998776E+000  0.29515447E-001  0.11803231E+001  0.43330362E+000
 -0.12998776E+000  0.29515447E-001  0.11803231E+001  0.43330361E+000
 -0.12998776E+000  0.29515447E-001  0.11803231E+001  0.43330361E+000
 -0.12998776E+000  0.29515447E-001  0.11803231E+001  0.43330361E+000
 -0.12998776E+000  0.29515447E-001  0.11803231E+001  0.43330361E+000
 -0.12998776E+000  0.29515447E-001  0.11803231E+001  0.43330361E+000
 -0.12998776E+000  0.29515447E-001  0.11803231E+001  0.43330361E+000
 -0.12998776E+000  0.29515447E-001  0.11803231E+001  0.43330361E+000
 -0.12998776E+000  0.29515447E-001  0.11803231E+001  0.43330361E+000
 -0.12998776E+000  0.29515447E-001  0.11803231E+001  0.43330361E+000
 -0.12998776E+000  0.29515447E-001  0.11803231E+001  0.43330361E+000
 -0.12998776E+000  0.29515447E-001  0.11803231E+001  0.43330361E+000
 -0.12998776E+000  0.29515447E-001  0.11803231E+001  0.43330361E+000
 -0.12998776E+000  0.29515447E-001  0.11803231E+001  0.43330361E+000
 -0.12998776E+000  0.29515447E-001  0.11803231E+001  0.43330361E+000
 -0.12998776E+000  0.29515447E-001  0.11803231E+001  0.43330361E+000
 -0.12998776E+000  0.29515447E-001  0.11803231E+001  0.43330361E+000
 -0.12998776E+000  0.29515447E-001  0.11803231E+001  0.43330361E+000
 -0.12998776E+000  0.29515447E-001  0.11803231E+001  0.43330361E+000
 -0.12998776E+000  0.29515447E-001  0.11803231E+001  0.43330361E+000
 -0.12998776E+000  0.29515447E-001  0.11803231E+001  0.43330361E+000
 -0.12998776E+000  0.29515447E-001  0.11803231E+001  0.43330361E+000
 -0.12998776E+000  0.29515447E-001  0.11803231E+001  0.43330361E+000
 -0.12998776E+000  0.29515447E-001  0.11803231E+001  0.43330361E+000
 -0.12998776E+000  0.29515447E-001  0.11803231E+001  0.43330361E+000
 -0.12998776E+000  0.29515447E-001  0.11803231E+001  0.43330361E+000
 -0.12998776E+000  0.29515447E-001  0.11803231E+001  0.43330361E+000
 -0.12998776E+000  0.29515447E-001  0.11803231E+001  0.43330361E+000
 -0.12998776E+000  0.29515447E-001  0.11803231E+001  0.43330361E+000
 -0.12998776E+000  0.29515447E-001  0.11803231E+001  0.43330361E+000
 -0.12998776E+000  0.29515447E-001  0.11803231E+001  0.43330361E+000
 -0.12998776E+000  0.29515447E-001  0.11803231E+001  0.43330361E+000
 -0.12998776E+000  0.29515447E-001  0.11803231E+001  0.43330361E+000
 -0.12998776E+000  0.29515447E-001  0.11803231E+001  0.43330361E+000
 -0.12998776E+000  0.29515447E-001  0.11803231E+001  0.43330361E+000
 -0.12998776E+000  0.29515447E-001  0.11803231E+001  0.43330361E+000
 -0.12998776E+000  0.29515447E-001  0.11803231E+001  0.43330361E+000
 -0.12998776E+000  0.29515447E-001  0.11803231E+001  0.43330361E+000
 -0.12998776E+000  0.29515447E-001  0.11803231E+001  0.43330360E+000
 -0.12998776E+000  0.29515447E-001  0.11803231E+001  0.43330360E+000
 -0.12998776E+000  0.29515447E-001  0.11803231E+001  0.43330360E+000
 -0.12998776E+000  0.29515447E-001  0.11803231E+001  0.43330360E+000
 -0.12998776E+000  0.29515447E-001  0.11803231E+001  0.43330360E+000
 -0.12998776E+000  0.29515447E-001  0.11803231E+001  0.43330360E+000
 -0.12998776E+000  0.29515447E-001  0.11803231E+001  0.43330360E+000
 -0.12998776E+000  0.29515447E-001  0.11803231E+001  0.43330360E+000
 -0.12998776E+000  0.29515447E-001  0.11803231E+001  0.43330360E+000
 -0.12998776E+000  0.29515447E-001  0.11803231E+001  0.43330360E+000
 -0.12998776E+000  0.29515447E-001  0.11803231E+001  0.43330360E+000
 -0.12998776E+000  0.29515447E-001  0.11803231E+001  0.43330360E+000
 -0.12998776E+000  0.29515447E-001  0.11803231E+001  0.43330360E+000
 -0.12998776E+000  0.29515447E-001  0.11803231E+001  0.43330360E+000
 -0.12998776E+000  0.29515448E-001  0.11803231E+001  0.43330360E+000
 -0.12998776E+000  0.29515448E-001  0.11803231E+001  0.43330360E+000
 -0.12998776E+000  0.29515448E-001  0.11803231E+001  0.43330360E+000
 -0.12998776E+000  0.29515448E-001  0.11803231E+001  0.43330360E+000
 -0.12998776E+000  0.29515448E-001  0.11803231E+001  0.43330360E+000
 -0.12998776E+000  0.29515448E-001  0.11803231E+001  0.43330360E+000
 -0.12998776E+000  0.29515448E-001  0.11803231E+001  0.43330360E+000
 -0.12998776E+000  0.29515448E-001  0.11803231E+001  0.43330360E+000
 -0.12998776E+000  0.29515448E-001  0.11803231E+001  0.43330360E+000
 -0.12998776E+000  0.29515448E-001  0.11803231E+001  0.43330360E+000
 -0.12998776E+000  0.29515448E-001  0.11803231E+001  0.43330360E+000
 -0.12998776E+000  0.29515448E-001  0.11803231E+001  0.43330360E+000
 -0.12998776E+000  0.29515448E-001  0.11803231E+001  0.43330360E+000
 -0.12998776E+000  0.29515448E-001  0.11803231E+001  0.43330360E+000
 -0.12998776E+000  0.29515448E-001  0.11803231E+001  0.43330360E+000
 -0.12998776E+000  0.29515448E-001  0.11803231E+001  0.43330360E+000
 -0.12998776E+000  0.29515448E-001  0.11803231E+001  0.43330360E+000
 -0.12998776E+000  0.29515448E-001  0.11803231E+001  0.43330360E+000
 -0.12998776E+000  0.29515448E-001  0.11803231E+001  0.43330360E+000
 -0.12998776E+000  0.29515448E-001  0.11803231E+001  0.43330360E+000
 -0.12998776E+000  0.29515448E-001  0.11803231E+001  0.43330360E+000
 -0.12998776E+000  0.29515449E-001  0.11803231E+001  0.43330360E+000
 -0.12998776E+000  0.29515449E-001  0.11803231E+001  0.43330360E+000
 -0.12998776E+000  0.29515449E-001  0.11803231E+001  0.43330360E+000
 -0.12998776E+000  0.29515449E-001  0.11803231E+001  0.43330360E+000
 -0.12998776E+000  0.29515449E-001  0.11803231E+001  0.43330360E+000
 -0.12998776E+000  0.29515449E-001  0.11803231E+001  0.43330360E+000
 -0.12998776E+000  0.29515449E-001  0.11803231E+001  0.43330360E+000
 -0.12998776E+000  0.29515449E-001  0.11803231E+001  0.43330360E+000
 -0.12998776E+000  0.29515449E-001  0.11803231E+001  0.43330360E+000
 -0.12998776E+000  0.29515449E-001  0.11803231E+001  0.43330360E+000
 -0.12998776E+000  0.29515449E-001  0.11803231E+001  0.43330360E+000
 -0.12998776E+000  0.29515449E-001  0.11803231E+001  0.43330360E+000
 -0.12998776E+000  0.29515449E-001  0.11803231E+001  0.43330359E+000
 -0.12998776E+000  0.29515449E-001  0.11803231E+001  0.43330359E+000
 -0.12998776E+000  0.29515449E-001  0.11803231E+001  0.43330359E+000
 -0.12998776E+000  0.29515449E-001  0.11803231E+001  0.43330359E+000
 -0.12998776E+000  0.29515449E-001  0.11803231E+001  0.43330359E+000
 -0.12998776E+000  0.29515449E-001  0.11803231E+001  0.43330359E+000
 -0.12998776E+000  0.29515449E-001  0.11803231E+001  0.43330359E+000
 -0.12998776E+000  0.29515449E-001  0.11803231E+001  0.43330359E+000
 -0.12998776E+000  0.29515449E-001  0.11803231E+001  0.43330359E+000
 -0.12998776E+000  0.29515449E-001  0.11803231E+001  0.43330359E+000
 -0.12998776E+000  0.29515449E-001  0.11803231E+001  0.43330359E+000
 -0.12998776E+000  0.29515450E-001  0.11803231E+001  0.43330359E+000
 -0.12998776E+000  0.29515450E-001  0.11803231E+001  0.43330359E+000
 -0.12998776E+000  0.29515450E-001  0.11803231E+001  0.43330359E+000
 -0.12998776E+000  0.29515450E-001  0.11803231E+001  0.43330359E+000
 -0.12998776E+000  0.29515450E-001  0.11803231E+001  0.43330359E+000
 -0.12998776E+000  0.29515450E-001  0.11803231E+001  0.43330359E+000
 -0.12998776E+000  0.29515450E-001  0.11803231E+001  0.43330359E+000
 -0.12998776E+000  0.29515450E-001  0.11803231E+001  0.43330359E+000
 -0.12998776E+000  0.29515450E-001  0.11803231E+001  0.43330359E+000
 -0.12998776E+000  0.29515450E-001  0.11803231E+001  0.43330359E+000
 -0.12998776E+000  0.29515450E-001  0.11803231E+001  0.43330359E+000
 -0.12998776E+000  0.29515450E-001  0.11803231E+001  0.43330359E+000
 -0.12998776E+000  0.29515450E-001  0.11803231E+001  0.43330359E+000
 -0.12998776E+000  0.29515450E-001  0.11803231E+001  0.43330359E+000
 -0.12998776E+000  0.29515450E-001  0.11803231E+001  0.43330359E+000
 -0.12998776E+000  0.29515450E-001  0.11803231E+001  0.43330359E+000
 -0.12998776E+000  0.29515450E-001  0.11803231E+001  0.43330359E+000
 -0.12998776E+000  0.29515450E-001  0.11803231E+001  0.43330359E+000
 -0.12998776E+000  0.29515450E-001  0.11803231E+001  0.43330359E+000
 -0.12998776E+000  0.29515450E-001  0.11803231E+001  0.43330359E+000
 -0.12998776E+000  0.29515450E-001  0.11803231E+001  0.43330359E+000
 -0.12998776E+000  0.29515450E-001  0.11803231E+001  0.43330359E+000
 -0.12998776E+000  0.29515450E-001  0.11803231E+001  0.43330359E+000
 -0.12998776E+000  0.29515450E-001  0.11803231E+001  0.43330359E+000
 -0.12998776E+000  0.29515450E-001  0.11803231E+001  0.43330359E+000
 -0.12998776E+000  0.29515450E-001  0.11803231E+001  0.43330359E+000
 -0.12998776E+000  0.29515450E-001  0.11803231E+001  0.43330359E+000
 -0.12998776E+000  0.29515450E-001  0.11803231E+001  0.43330359E+000
 -0.12998776E+000  0.29515450E-001  0.11803231E+001  0.43330359E+000
 -0.12998776E+000  0.29515450E-001  0.11803231E+001  0.43330359E+000
 -0.12998776E+000  0.29515450E-001  0.11803231E+001  0.43330359E+000
 -0.12998776E+000  0.29515450E-001  0.11803231E+001  0.43330359E+000
 -0.12998776E+000  0.29515450E-001  0.11803231E+001  0.43330359E+000
 -0.12998776E+000  0.29515450E-001  0.11803231E+001  0.43330359E+000
 -0.12998776E+000  0.29515450E-001  0.11803231E+001  0.43330359E+000
 -0.12998776E+000  0.29515450E-001  0.11803231E+001  0.43330359E+000
 -0.12998776E+000  0.29515450E-001  0.11803231E+001  0.43330359E+000
 -0.12998776E+000  0.29515450E-001  0.11803231E+001  0.43330359E+000
 -0.12998776E+000  0.29515450E-001  0.11803231E+001  0.43330359E+000
 -0.12998776E+000  0.29515450E-001  0.11803231E+001  0.43330359E+000
 -0.12998776E+000  0.29515450E-001  0.11803231E+001  0.43330359E+000
 -0.12998776E+000  0.29515450E-001  0.11803231E+001  0.43330359E+000
 -0.12998776E+000  0.29515450E-001  0.11803231E+001  0.43330359E+000
 -0.12998776E+000  0.29515450E-001  0.11803231E+001  0.43330359E+000
 -0.12998776E+000  0.29515451E-001  0.11803231E+001  0.43330359E+000
 -0.12998776E+000  0.29515451E-001  0.11803231E+001  0.43330359E+000
 -0.12998776E+000  0.29515451E-001  0.11803231E+001  0.43330359E+000
 -0.12998776E+000  0.29515451E-001  0.11803231E+001  0.43330359E+000
 -0.12998776E+000  0.29515451E-001  0.11803231E+001  0.43330359E+000
 -0.12998776E+000  0.29515451E-001  0.11803231E+001  0.43330359E+000
 -0.12998776E+000  0.29515451E-001  0.11803231E+001  0.43330359E+000
 -0.12998776E+000  0.29515451E-001  0.11803231E+001  0.43330359E+000
 -0.12998776E+000  0.29515451E-001  0.11803231E+001  0.43330359E+000
 -0.12998776E+000  0.29515451E-001  0.11803231E+001  0.43330359E+000
 -0.12998776E+000  0.29515451E-001  0.11803231E+001  0.43330359E+000
 -0.12998776E+000  0.29515451E-001  0.11803231E+001  0.43330359E+000
 -0.12998776E+000  0.29515451E-001  0.11803231E+001  0.43330359E+000
 -0.12998776E+000  0.29515451E-001  0.11803231E+001  0.43330359E+000
 -0.12998776E+000  0.29515451E-001  0.11803231E+001  0.43330359E+000
 -0.12998776E+000  0.29515451E-001  0.11803231E+001  0.43330359E+000
 -0.12998776E+000  0.29515451E-001  0.11803231E+001  0.43330359E+000
 -0.12998776E+000  0.29515451E-001  0.11803231E+001  0.43330359E+000
 -0.12998776E+000  0.29515451E-001  0.11803231E+001  0.43330359E+000
 -0.12998776E+000  0.29515451E-001  0.11803231E+001  0.43330359E+000
 -0.12998776E+000  0.29515451E-001  0.11803231E+001  0.43330359E+000
 -0.12998776E+000  0.29515450E-001  0.11803231E+001  0.43330359E+000
 -0.12998776E+000  0.29515450E-001  0.11803231E+001  0.43330359E+000
 -0.12998776E+000  0.29515450E-001  0.11803231E+001  0.43330359E+000
 -0.12998776E+000  0.29515450E-001  0.11803231E+001  0.43330359E+000
 -0.12998776E+000  0.29515450E-001  0.11803231E+001  0.43330359E+000
 -0.12998776E+000  0.29515450E-001  0.11803231E+001  0.43330359E+000
 -0.12998776E+000  0.29515450E-001  0.11803231E+001  0.43330359E+000
 -0.12998776E+000  0.29515450E-001  0.11803231E+001  0.43330359E+000
 -0.12998776E+000  0.29515450E-001  0.11803231E+001  0.43330359E+000
 -0.12998776E+000  0.29515450E-001  0.11803231E+001  0.43330359E+000
 -0.12998776E+000  0.29515450E-001  0.11803231E+001  0.43330359E+000
 -0.12998776E+000  0.29515450E-001  0.11803231E+001  0.43330359E+000
 -0.12998776E+000  0.29515449E-001  0.11803231E+001  0.43330359E+000
 -0.12998776E+000  0.29515449E-001  0.11803231E+001  0.43330359E+000
 -0.12998776E+000  0.29515449E-001  0.11803231E+001  0.43330359E+000
 -0.12998776E+000  0.29515449E-001  0.11803231E+001  0.43330359E+000
 -0.12998776E+000  0.29515448E-001  0.11803231E+001  0.43330359E+000
 -0.12998776E+000  0.29515448E-001  0.11803231E+001  0.43330359E+000
 -0.12998776E+000  0.29515447E-001  0.11803231E+001  0.43330359E+000
 -0.12998776E+000  0.29515447E-001  0.11803231E+001  0.43330359E+000
 -0.12998777E+000  0.29515446E-001  0.11803231E+001  0.43330359E+000
 -0.12998777E+000  0.29515445E-001  0.11803231E+001  0.43330359E+000
 -0.12998777E+000  0.29515442E-001  0.11803231E+001  0.43330359E+000
 -0.12998778E+000  0.29515439E-001  0.11803231E+001  0.43330359E+000
