  0.25617748E+001
  0.25617748E+001
  0.25617749E+001
  0.25617751E+001
  0.25617752E+001
  0.25617752E+001
  0.25617753E+001
  0.25617753E+001
  0.25617754E+001
  0.25617754E+001
  0.25617754E+001
  0.25617754E+001
  0.25617754E+001
  0.25617754E+001
  0.25617754E+001
  0.25617754E+001
  0.25617754E+001
  0.25617754E+001
  0.25617754E+001
  0.25617754E+001
  0.25617754E+001
  0.25617754E+001
  0.25617754E+001
  0.25617754E+001
  0.25617754E+001
  0.25617754E+001
  0.25617754E+001
  0.25617754E+001
  0.25617754E+001
  0.25617754E+001
  0.25617754E+001
  0.25617754E+001
  0.25617754E+001
  0.25617754E+001
  0.25617754E+001
  0.25617754E+001
  0.25617754E+001
  0.25617754E+001
  0.25617754E+001
  0.25617754E+001
  0.25617754E+001
  0.25617754E+001
  0.25617754E+001
  0.25617754E+001
  0.25617754E+001
  0.25617754E+001
  0.25617754E+001
  0.25617754E+001
  0.25617754E+001
  0.25617754E+001
  0.25617754E+001
  0.25617754E+001
  0.25617753E+001
  0.25617753E+001
  0.25617753E+001
  0.25617753E+001
  0.25617753E+001
  0.25617753E+001
  0.25617753E+001
  0.25617753E+001
  0.25617753E+001
  0.25617753E+001
  0.25617753E+001
  0.25617753E+001
  0.25617753E+001
  0.25617753E+001
  0.25617753E+001
  0.25617753E+001
  0.25617753E+001
  0.25617753E+001
  0.25617753E+001
  0.25617753E+001
  0.25617753E+001
  0.25617753E+001
  0.25617753E+001
  0.25617753E+001
  0.25617753E+001
  0.25617753E+001
  0.25617752E+001
  0.25617752E+001
  0.25617752E+001
  0.25617752E+001
  0.25617752E+001
  0.25617752E+001
  0.25617752E+001
  0.25617752E+001
  0.25617752E+001
  0.25617752E+001
  0.25617752E+001
  0.25617752E+001
  0.25617752E+001
  0.25617752E+001
  0.25617752E+001
  0.25617752E+001
  0.25617752E+001
  0.25617752E+001
  0.25617752E+001
  0.25617752E+001
  0.25617752E+001
  0.25617752E+001
  0.25617752E+001
  0.25617751E+001
  0.25617751E+001
  0.25617751E+001
  0.25617751E+001
  0.25617751E+001
  0.25617751E+001
  0.25617751E+001
  0.25617751E+001
  0.25617751E+001
  0.25617751E+001
  0.25617751E+001
  0.25617751E+001
  0.25617751E+001
  0.25617751E+001
  0.25617751E+001
  0.25617751E+001
  0.25617751E+001
  0.25617751E+001
  0.25617751E+001
  0.25617751E+001
  0.25617751E+001
  0.25617751E+001
  0.25617750E+001
  0.25617750E+001
  0.25617750E+001
  0.25617750E+001
  0.25617750E+001
  0.25617750E+001
  0.25617750E+001
  0.25617750E+001
  0.25617750E+001
  0.25617750E+001
  0.25617750E+001
  0.25617750E+001
  0.25617750E+001
  0.25617750E+001
  0.25617750E+001
  0.25617750E+001
  0.25617750E+001
  0.25617750E+001
  0.25617750E+001
  0.25617750E+001
  0.25617750E+001
  0.25617750E+001
  0.25617750E+001
  0.25617750E+001
  0.25617750E+001
  0.25617750E+001
  0.25617750E+001
  0.25617750E+001
  0.25617750E+001
  0.25617750E+001
  0.25617749E+001
  0.25617749E+001
  0.25617749E+001
  0.25617749E+001
  0.25617749E+001
  0.25617749E+001
  0.25617749E+001
  0.25617749E+001
  0.25617749E+001
  0.25617749E+001
  0.25617749E+001
  0.25617749E+001
  0.25617749E+001
  0.25617749E+001
  0.25617749E+001
  0.25617749E+001
  0.25617749E+001
  0.25617749E+001
  0.25617749E+001
  0.25617749E+001
  0.25617749E+001
  0.25617749E+001
  0.25617749E+001
  0.25617749E+001
  0.25617749E+001
  0.25617749E+001
  0.25617749E+001
  0.25617748E+001
  0.25617748E+001
  0.25617748E+001
  0.25617748E+001
  0.25617748E+001
  0.25617748E+001
  0.25617748E+001
  0.25617747E+001
  0.25617747E+001
  0.25617747E+001
  0.25617746E+001
  0.25617746E+001
  0.25617745E+001
  0.25617745E+001
  0.25617744E+001
  0.25617743E+001
  0.25617742E+001
  0.25617742E+001
  0.25617740E+001
  0.25617739E+001
