  0.76760384E+000
  0.76760384E+000
  0.76760384E+000
  0.76760384E+000
  0.76760384E+000
  0.76760384E+000
  0.76760384E+000
  0.76760384E+000
  0.76760384E+000
  0.76760384E+000
  0.76760384E+000
  0.76760384E+000
  0.76760384E+000
  0.76760384E+000
  0.76760384E+000
  0.76760384E+000
  0.76760384E+000
  0.76760384E+000
  0.76760384E+000
  0.76760384E+000
  0.76760384E+000
  0.76760384E+000
  0.76760384E+000
  0.76760384E+000
  0.76760384E+000
  0.76760384E+000
  0.76760384E+000
  0.76760384E+000
  0.76760384E+000
  0.76760384E+000
  0.76760384E+000
  0.76760384E+000
  0.76760384E+000
  0.76760384E+000
  0.76760384E+000
  0.76760384E+000
  0.76760384E+000
  0.76760384E+000
  0.76760384E+000
  0.76760384E+000
  0.76760384E+000
  0.76760384E+000
  0.76760384E+000
  0.76760384E+000
  0.76760384E+000
  0.76760384E+000
  0.76760384E+000
  0.76760384E+000
  0.76760384E+000
  0.76760384E+000
  0.76760384E+000
  0.76760384E+000
  0.76760384E+000
  0.76760384E+000
  0.76760384E+000
  0.76760384E+000
  0.76760384E+000
  0.76760384E+000
  0.76760384E+000
  0.76760384E+000
  0.76760384E+000
  0.76760384E+000
  0.76760384E+000
  0.76760384E+000
  0.76760384E+000
  0.76760384E+000
  0.76760384E+000
  0.76760384E+000
  0.76760384E+000
  0.76760384E+000
  0.76760384E+000
  0.76760384E+000
  0.76760384E+000
  0.76760384E+000
  0.76760384E+000
  0.76760384E+000
  0.76760384E+000
  0.76760384E+000
  0.76760384E+000
  0.76760384E+000
  0.76760384E+000
  0.76760384E+000
  0.76760384E+000
  0.76760384E+000
  0.76760384E+000
  0.76760384E+000
  0.76760384E+000
  0.76760384E+000
  0.76760384E+000
  0.76760384E+000
  0.76760384E+000
  0.76760384E+000
  0.76760384E+000
  0.76760384E+000
  0.76760384E+000
  0.76760384E+000
  0.76760384E+000
  0.76760384E+000
  0.76760384E+000
  0.76760384E+000
  0.76760384E+000
  0.76760384E+000
  0.76760384E+000
  0.76760384E+000
  0.76760384E+000
  0.76760384E+000
  0.76760384E+000
  0.76760384E+000
  0.76760384E+000
  0.76760384E+000
  0.76760384E+000
  0.76760384E+000
  0.76760384E+000
  0.76760384E+000
  0.76760384E+000
  0.76760384E+000
  0.76760384E+000
  0.76760384E+000
  0.76760384E+000
  0.76760384E+000
  0.76760384E+000
  0.76760384E+000
  0.76760384E+000
  0.76760384E+000
  0.76760384E+000
  0.76760384E+000
  0.76760384E+000
  0.76760384E+000
  0.76760384E+000
  0.76760384E+000
  0.76760384E+000
  0.76760384E+000
  0.76760384E+000
  0.76760384E+000
  0.76760384E+000
  0.76760384E+000
  0.76760384E+000
  0.76760384E+000
  0.76760384E+000
  0.76760384E+000
  0.76760384E+000
  0.76760384E+000
  0.76760384E+000
  0.76760384E+000
  0.76760384E+000
  0.76760384E+000
  0.76760384E+000
  0.76760384E+000
  0.76760384E+000
  0.76760384E+000
  0.76760384E+000
  0.76760384E+000
  0.76760384E+000
  0.76760384E+000
  0.76760384E+000
  0.76760384E+000
  0.76760384E+000
  0.76760384E+000
  0.76760384E+000
  0.76760384E+000
  0.76760384E+000
  0.76760384E+000
  0.76760384E+000
  0.76760384E+000
  0.76760384E+000
  0.76760384E+000
  0.76760384E+000
  0.76760384E+000
  0.76760384E+000
  0.76760384E+000
  0.76760384E+000
  0.76760384E+000
  0.76760384E+000
  0.76760384E+000
  0.76760384E+000
  0.76760384E+000
  0.76760384E+000
  0.76760384E+000
  0.76760384E+000
  0.76760384E+000
  0.76760384E+000
  0.76760384E+000
  0.76760384E+000
  0.76760384E+000
  0.76760385E+000
  0.76760385E+000
  0.76760385E+000
  0.76760385E+000
  0.76760385E+000
  0.76760385E+000
  0.76760385E+000
  0.76760385E+000
  0.76760385E+000
  0.76760385E+000
  0.76760386E+000
  0.76760386E+000
  0.76760387E+000
  0.76760389E+000
  0.76760393E+000
  0.76760402E+000
