  0.56235132E+000  0.82164526E+000  0.11680835E+001  0.23089641E+001
  0.56235132E+000  0.82164526E+000  0.11680835E+001  0.23089641E+001
  0.56235132E+000  0.82164526E+000  0.11680835E+001  0.23089641E+001
  0.56235132E+000  0.82164526E+000  0.11680835E+001  0.23089641E+001
  0.56235132E+000  0.82164526E+000  0.11680835E+001  0.23089641E+001
  0.56235132E+000  0.82164526E+000  0.11680835E+001  0.23089641E+001
  0.56235132E+000  0.82164526E+000  0.11680835E+001  0.23089641E+001
  0.56235132E+000  0.82164526E+000  0.11680835E+001  0.23089641E+001
  0.56235132E+000  0.82164526E+000  0.11680835E+001  0.23089641E+001
  0.56235132E+000  0.82164526E+000  0.11680835E+001  0.23089641E+001
  0.56235132E+000  0.82164526E+000  0.11680835E+001  0.23089641E+001
  0.56235132E+000  0.82164526E+000  0.11680835E+001  0.23089641E+001
  0.56235132E+000  0.82164526E+000  0.11680835E+001  0.23089641E+001
  0.56235132E+000  0.82164526E+000  0.11680835E+001  0.23089641E+001
  0.56235132E+000  0.82164526E+000  0.11680835E+001  0.23089641E+001
  0.56235132E+000  0.82164526E+000  0.11680835E+001  0.23089641E+001
  0.56235132E+000  0.82164526E+000  0.11680835E+001  0.23089641E+001
  0.56235132E+000  0.82164526E+000  0.11680835E+001  0.23089641E+001
  0.56235132E+000  0.82164526E+000  0.11680835E+001  0.23089641E+001
  0.56235132E+000  0.82164526E+000  0.11680835E+001  0.23089641E+001
  0.56235132E+000  0.82164526E+000  0.11680835E+001  0.23089641E+001
  0.56235132E+000  0.82164526E+000  0.11680835E+001  0.23089641E+001
  0.56235132E+000  0.82164526E+000  0.11680835E+001  0.23089641E+001
  0.56235132E+000  0.82164526E+000  0.11680835E+001  0.23089641E+001
  0.56235132E+000  0.82164526E+000  0.11680835E+001  0.23089641E+001
  0.56235132E+000  0.82164526E+000  0.11680835E+001  0.23089641E+001
  0.56235132E+000  0.82164526E+000  0.11680835E+001  0.23089641E+001
  0.56235132E+000  0.82164526E+000  0.11680835E+001  0.23089641E+001
  0.56235132E+000  0.82164526E+000  0.11680835E+001  0.23089641E+001
  0.56235132E+000  0.82164526E+000  0.11680835E+001  0.23089641E+001
  0.56235132E+000  0.82164526E+000  0.11680835E+001  0.23089641E+001
  0.56235132E+000  0.82164526E+000  0.11680835E+001  0.23089641E+001
  0.56235132E+000  0.82164526E+000  0.11680835E+001  0.23089641E+001
  0.56235132E+000  0.82164526E+000  0.11680835E+001  0.23089641E+001
  0.56235132E+000  0.82164526E+000  0.11680835E+001  0.23089641E+001
  0.56235132E+000  0.82164526E+000  0.11680835E+001  0.23089640E+001
  0.56235132E+000  0.82164526E+000  0.11680835E+001  0.23089640E+001
  0.56235132E+000  0.82164526E+000  0.11680835E+001  0.23089640E+001
  0.56235132E+000  0.82164526E+000  0.11680835E+001  0.23089640E+001
  0.56235132E+000  0.82164526E+000  0.11680835E+001  0.23089640E+001
  0.56235132E+000  0.82164526E+000  0.11680835E+001  0.23089640E+001
  0.56235132E+000  0.82164526E+000  0.11680835E+001  0.23089640E+001
  0.56235132E+000  0.82164526E+000  0.11680835E+001  0.23089640E+001
  0.56235132E+000  0.82164526E+000  0.11680835E+001  0.23089640E+001
  0.56235132E+000  0.82164526E+000  0.11680835E+001  0.23089640E+001
  0.56235132E+000  0.82164526E+000  0.11680835E+001  0.23089640E+001
  0.56235132E+000  0.82164526E+000  0.11680835E+001  0.23089640E+001
  0.56235132E+000  0.82164526E+000  0.11680835E+001  0.23089640E+001
  0.56235132E+000  0.82164526E+000  0.11680835E+001  0.23089640E+001
  0.56235132E+000  0.82164526E+000  0.11680835E+001  0.23089640E+001
  0.56235132E+000  0.82164526E+000  0.11680835E+001  0.23089640E+001
  0.56235132E+000  0.82164526E+000  0.11680835E+001  0.23089640E+001
  0.56235132E+000  0.82164526E+000  0.11680835E+001  0.23089640E+001
  0.56235132E+000  0.82164526E+000  0.11680835E+001  0.23089640E+001
  0.56235132E+000  0.82164526E+000  0.11680835E+001  0.23089640E+001
  0.56235132E+000  0.82164526E+000  0.11680835E+001  0.23089640E+001
  0.56235132E+000  0.82164526E+000  0.11680835E+001  0.23089640E+001
  0.56235132E+000  0.82164526E+000  0.11680835E+001  0.23089640E+001
  0.56235132E+000  0.82164526E+000  0.11680835E+001  0.23089640E+001
  0.56235132E+000  0.82164526E+000  0.11680835E+001  0.23089640E+001
  0.56235132E+000  0.82164526E+000  0.11680834E+001  0.23089640E+001
  0.56235132E+000  0.82164526E+000  0.11680834E+001  0.23089640E+001
  0.56235132E+000  0.82164526E+000  0.11680834E+001  0.23089640E+001
  0.56235132E+000  0.82164526E+000  0.11680834E+001  0.23089640E+001
  0.56235132E+000  0.82164526E+000  0.11680834E+001  0.23089640E+001
  0.56235132E+000  0.82164526E+000  0.11680834E+001  0.23089640E+001
  0.56235132E+000  0.82164526E+000  0.11680834E+001  0.23089640E+001
  0.56235132E+000  0.82164525E+000  0.11680834E+001  0.23089640E+001
  0.56235132E+000  0.82164525E+000  0.11680834E+001  0.23089640E+001
  0.56235132E+000  0.82164525E+000  0.11680834E+001  0.23089640E+001
  0.56235132E+000  0.82164525E+000  0.11680834E+001  0.23089640E+001
  0.56235132E+000  0.82164525E+000  0.11680834E+001  0.23089639E+001
  0.56235132E+000  0.82164525E+000  0.11680834E+001  0.23089639E+001
  0.56235132E+000  0.82164525E+000  0.11680834E+001  0.23089639E+001
  0.56235132E+000  0.82164525E+000  0.11680834E+001  0.23089639E+001
  0.56235132E+000  0.82164525E+000  0.11680834E+001  0.23089639E+001
  0.56235132E+000  0.82164525E+000  0.11680834E+001  0.23089639E+001
  0.56235132E+000  0.82164525E+000  0.11680834E+001  0.23089639E+001
  0.56235132E+000  0.82164525E+000  0.11680834E+001  0.23089639E+001
  0.56235132E+000  0.82164525E+000  0.11680834E+001  0.23089639E+001
  0.56235132E+000  0.82164525E+000  0.11680834E+001  0.23089639E+001
  0.56235132E+000  0.82164525E+000  0.11680834E+001  0.23089639E+001
  0.56235132E+000  0.82164525E+000  0.11680834E+001  0.23089639E+001
  0.56235132E+000  0.82164525E+000  0.11680834E+001  0.23089639E+001
  0.56235132E+000  0.82164525E+000  0.11680834E+001  0.23089639E+001
  0.56235132E+000  0.82164525E+000  0.11680834E+001  0.23089639E+001
  0.56235132E+000  0.82164525E+000  0.11680834E+001  0.23089639E+001
  0.56235132E+000  0.82164525E+000  0.11680834E+001  0.23089639E+001
  0.56235132E+000  0.82164525E+000  0.11680834E+001  0.23089639E+001
  0.56235132E+000  0.82164525E+000  0.11680834E+001  0.23089638E+001
  0.56235132E+000  0.82164525E+000  0.11680834E+001  0.23089638E+001
  0.56235132E+000  0.82164525E+000  0.11680834E+001  0.23089638E+001
  0.56235132E+000  0.82164525E+000  0.11680834E+001  0.23089638E+001
  0.56235131E+000  0.82164525E+000  0.11680834E+001  0.23089638E+001
  0.56235131E+000  0.82164525E+000  0.11680834E+001  0.23089638E+001
  0.56235131E+000  0.82164525E+000  0.11680834E+001  0.23089638E+001
  0.56235131E+000  0.82164525E+000  0.11680834E+001  0.23089638E+001
  0.56235131E+000  0.82164525E+000  0.11680834E+001  0.23089638E+001
  0.56235131E+000  0.82164525E+000  0.11680834E+001  0.23089638E+001
  0.56235131E+000  0.82164525E+000  0.11680834E+001  0.23089638E+001
  0.56235131E+000  0.82164525E+000  0.11680834E+001  0.23089638E+001
  0.56235131E+000  0.82164525E+000  0.11680834E+001  0.23089638E+001
  0.56235131E+000  0.82164525E+000  0.11680834E+001  0.23089638E+001
  0.56235131E+000  0.82164525E+000  0.11680834E+001  0.23089638E+001
  0.56235131E+000  0.82164525E+000  0.11680834E+001  0.23089638E+001
  0.56235131E+000  0.82164524E+000  0.11680834E+001  0.23089637E+001
  0.56235131E+000  0.82164524E+000  0.11680834E+001  0.23089637E+001
  0.56235131E+000  0.82164524E+000  0.11680834E+001  0.23089637E+001
  0.56235131E+000  0.82164524E+000  0.11680833E+001  0.23089637E+001
  0.56235131E+000  0.82164524E+000  0.11680833E+001  0.23089637E+001
  0.56235131E+000  0.82164524E+000  0.11680833E+001  0.23089637E+001
  0.56235131E+000  0.82164524E+000  0.11680833E+001  0.23089637E+001
  0.56235131E+000  0.82164524E+000  0.11680833E+001  0.23089637E+001
  0.56235131E+000  0.82164524E+000  0.11680833E+001  0.23089637E+001
  0.56235131E+000  0.82164524E+000  0.11680833E+001  0.23089637E+001
  0.56235131E+000  0.82164524E+000  0.11680833E+001  0.23089637E+001
  0.56235131E+000  0.82164524E+000  0.11680833E+001  0.23089637E+001
  0.56235131E+000  0.82164524E+000  0.11680833E+001  0.23089637E+001
  0.56235131E+000  0.82164524E+000  0.11680833E+001  0.23089637E+001
  0.56235131E+000  0.82164524E+000  0.11680833E+001  0.23089637E+001
  0.56235131E+000  0.82164524E+000  0.11680833E+001  0.23089637E+001
  0.56235131E+000  0.82164524E+000  0.11680833E+001  0.23089636E+001
  0.56235131E+000  0.82164524E+000  0.11680833E+001  0.23089636E+001
  0.56235131E+000  0.82164524E+000  0.11680833E+001  0.23089636E+001
  0.56235131E+000  0.82164524E+000  0.11680833E+001  0.23089636E+001
  0.56235131E+000  0.82164524E+000  0.11680833E+001  0.23089636E+001
  0.56235131E+000  0.82164524E+000  0.11680833E+001  0.23089636E+001
  0.56235131E+000  0.82164524E+000  0.11680833E+001  0.23089636E+001
  0.56235131E+000  0.82164524E+000  0.11680833E+001  0.23089636E+001
  0.56235131E+000  0.82164524E+000  0.11680833E+001  0.23089636E+001
  0.56235131E+000  0.82164524E+000  0.11680833E+001  0.23089636E+001
  0.56235131E+000  0.82164524E+000  0.11680833E+001  0.23089636E+001
  0.56235131E+000  0.82164524E+000  0.11680833E+001  0.23089636E+001
  0.56235131E+000  0.82164524E+000  0.11680833E+001  0.23089636E+001
  0.56235131E+000  0.82164524E+000  0.11680833E+001  0.23089636E+001
  0.56235131E+000  0.82164524E+000  0.11680833E+001  0.23089636E+001
  0.56235131E+000  0.82164524E+000  0.11680833E+001  0.23089636E+001
  0.56235131E+000  0.82164524E+000  0.11680833E+001  0.23089636E+001
  0.56235131E+000  0.82164524E+000  0.11680833E+001  0.23089636E+001
  0.56235131E+000  0.82164524E+000  0.11680833E+001  0.23089635E+001
  0.56235131E+000  0.82164524E+000  0.11680833E+001  0.23089635E+001
  0.56235131E+000  0.82164524E+000  0.11680833E+001  0.23089635E+001
  0.56235131E+000  0.82164524E+000  0.11680833E+001  0.23089635E+001
  0.56235131E+000  0.82164524E+000  0.11680833E+001  0.23089635E+001
  0.56235131E+000  0.82164524E+000  0.11680833E+001  0.23089635E+001
  0.56235131E+000  0.82164524E+000  0.11680833E+001  0.23089635E+001
  0.56235131E+000  0.82164524E+000  0.11680833E+001  0.23089635E+001
  0.56235131E+000  0.82164524E+000  0.11680833E+001  0.23089635E+001
  0.56235131E+000  0.82164524E+000  0.11680833E+001  0.23089635E+001
  0.56235131E+000  0.82164524E+000  0.11680833E+001  0.23089635E+001
  0.56235131E+000  0.82164524E+000  0.11680833E+001  0.23089635E+001
  0.56235131E+000  0.82164524E+000  0.11680833E+001  0.23089635E+001
  0.56235131E+000  0.82164524E+000  0.11680833E+001  0.23089635E+001
  0.56235131E+000  0.82164524E+000  0.11680833E+001  0.23089635E+001
  0.56235131E+000  0.82164524E+000  0.11680833E+001  0.23089635E+001
  0.56235131E+000  0.82164524E+000  0.11680833E+001  0.23089635E+001
  0.56235131E+000  0.82164524E+000  0.11680833E+001  0.23089635E+001
  0.56235131E+000  0.82164524E+000  0.11680833E+001  0.23089635E+001
  0.56235131E+000  0.82164524E+000  0.11680833E+001  0.23089635E+001
  0.56235131E+000  0.82164524E+000  0.11680833E+001  0.23089635E+001
  0.56235131E+000  0.82164524E+000  0.11680833E+001  0.23089635E+001
  0.56235131E+000  0.82164524E+000  0.11680833E+001  0.23089635E+001
  0.56235131E+000  0.82164524E+000  0.11680833E+001  0.23089634E+001
  0.56235131E+000  0.82164524E+000  0.11680833E+001  0.23089634E+001
  0.56235131E+000  0.82164524E+000  0.11680833E+001  0.23089634E+001
  0.56235131E+000  0.82164524E+000  0.11680833E+001  0.23089634E+001
  0.56235131E+000  0.82164524E+000  0.11680833E+001  0.23089634E+001
  0.56235131E+000  0.82164524E+000  0.11680833E+001  0.23089634E+001
  0.56235131E+000  0.82164524E+000  0.11680833E+001  0.23089634E+001
  0.56235131E+000  0.82164524E+000  0.11680833E+001  0.23089634E+001
  0.56235131E+000  0.82164524E+000  0.11680833E+001  0.23089634E+001
  0.56235131E+000  0.82164524E+000  0.11680833E+001  0.23089634E+001
  0.56235131E+000  0.82164524E+000  0.11680833E+001  0.23089634E+001
  0.56235131E+000  0.82164524E+000  0.11680833E+001  0.23089634E+001
  0.56235131E+000  0.82164524E+000  0.11680833E+001  0.23089634E+001
  0.56235131E+000  0.82164524E+000  0.11680833E+001  0.23089634E+001
  0.56235131E+000  0.82164524E+000  0.11680833E+001  0.23089634E+001
  0.56235131E+000  0.82164524E+000  0.11680833E+001  0.23089634E+001
  0.56235131E+000  0.82164524E+000  0.11680833E+001  0.23089634E+001
  0.56235131E+000  0.82164524E+000  0.11680833E+001  0.23089634E+001
  0.56235131E+000  0.82164524E+000  0.11680833E+001  0.23089634E+001
  0.56235131E+000  0.82164523E+000  0.11680833E+001  0.23089634E+001
  0.56235131E+000  0.82164523E+000  0.11680833E+001  0.23089634E+001
  0.56235131E+000  0.82164523E+000  0.11680833E+001  0.23089634E+001
  0.56235131E+000  0.82164523E+000  0.11680833E+001  0.23089634E+001
  0.56235131E+000  0.82164523E+000  0.11680833E+001  0.23089634E+001
  0.56235131E+000  0.82164523E+000  0.11680833E+001  0.23089634E+001
  0.56235131E+000  0.82164523E+000  0.11680833E+001  0.23089634E+001
  0.56235131E+000  0.82164523E+000  0.11680833E+001  0.23089634E+001
  0.56235131E+000  0.82164523E+000  0.11680833E+001  0.23089634E+001
  0.56235131E+000  0.82164523E+000  0.11680833E+001  0.23089634E+001
  0.56235131E+000  0.82164523E+000  0.11680833E+001  0.23089634E+001
  0.56235131E+000  0.82164523E+000  0.11680833E+001  0.23089634E+001
  0.56235131E+000  0.82164523E+000  0.11680833E+001  0.23089634E+001
  0.56235131E+000  0.82164523E+000  0.11680833E+001  0.23089634E+001
  0.56235131E+000  0.82164523E+000  0.11680833E+001  0.23089634E+001
  0.56235131E+000  0.82164523E+000  0.11680833E+001  0.23089634E+001
  0.56235130E+000  0.82164523E+000  0.11680833E+001  0.23089633E+001
  0.56235130E+000  0.82164523E+000  0.11680833E+001  0.23089633E+001
  0.56235130E+000  0.82164523E+000  0.11680833E+001  0.23089633E+001
