  0.94052287E+000
  0.94052287E+000
  0.94052287E+000
  0.94052287E+000
  0.94052287E+000
  0.94052287E+000
  0.94052287E+000
  0.94052287E+000
  0.94052287E+000
  0.94052287E+000
  0.94052287E+000
  0.94052287E+000
  0.94052287E+000
  0.94052287E+000
  0.94052287E+000
  0.94052287E+000
  0.94052287E+000
  0.94052287E+000
  0.94052287E+000
  0.94052287E+000
  0.94052287E+000
  0.94052287E+000
  0.94052287E+000
  0.94052287E+000
  0.94052287E+000
  0.94052287E+000
  0.94052287E+000
  0.94052287E+000
  0.94052287E+000
  0.94052287E+000
  0.94052287E+000
  0.94052287E+000
  0.94052287E+000
  0.94052287E+000
  0.94052287E+000
  0.94052287E+000
  0.94052287E+000
  0.94052287E+000
  0.94052287E+000
  0.94052287E+000
  0.94052287E+000
  0.94052287E+000
  0.94052287E+000
  0.94052287E+000
  0.94052287E+000
  0.94052287E+000
  0.94052287E+000
  0.94052287E+000
  0.94052287E+000
  0.94052287E+000
  0.94052287E+000
  0.94052287E+000
  0.94052287E+000
  0.94052287E+000
  0.94052287E+000
  0.94052287E+000
  0.94052287E+000
  0.94052287E+000
  0.94052287E+000
  0.94052287E+000
  0.94052287E+000
  0.94052287E+000
  0.94052287E+000
  0.94052287E+000
  0.94052287E+000
  0.94052287E+000
  0.94052287E+000
  0.94052287E+000
  0.94052287E+000
  0.94052287E+000
  0.94052287E+000
  0.94052287E+000
  0.94052287E+000
  0.94052287E+000
  0.94052287E+000
  0.94052286E+000
  0.94052286E+000
  0.94052286E+000
  0.94052286E+000
  0.94052286E+000
  0.94052286E+000
  0.94052286E+000
  0.94052286E+000
  0.94052286E+000
  0.94052286E+000
  0.94052286E+000
  0.94052286E+000
  0.94052286E+000
  0.94052286E+000
  0.94052286E+000
  0.94052286E+000
  0.94052286E+000
  0.94052286E+000
  0.94052286E+000
  0.94052286E+000
  0.94052286E+000
  0.94052286E+000
  0.94052286E+000
  0.94052286E+000
  0.94052286E+000
  0.94052286E+000
  0.94052286E+000
  0.94052286E+000
  0.94052286E+000
  0.94052286E+000
  0.94052286E+000
  0.94052286E+000
  0.94052286E+000
  0.94052286E+000
  0.94052286E+000
  0.94052286E+000
  0.94052285E+000
  0.94052285E+000
  0.94052285E+000
  0.94052285E+000
  0.94052285E+000
  0.94052285E+000
  0.94052285E+000
  0.94052285E+000
  0.94052285E+000
  0.94052285E+000
  0.94052285E+000
  0.94052285E+000
  0.94052285E+000
  0.94052285E+000
  0.94052285E+000
  0.94052285E+000
  0.94052285E+000
  0.94052285E+000
  0.94052285E+000
  0.94052285E+000
  0.94052285E+000
  0.94052285E+000
  0.94052285E+000
  0.94052285E+000
  0.94052285E+000
  0.94052285E+000
  0.94052285E+000
  0.94052285E+000
  0.94052285E+000
  0.94052285E+000
  0.94052284E+000
  0.94052284E+000
  0.94052284E+000
  0.94052284E+000
  0.94052284E+000
  0.94052284E+000
  0.94052284E+000
  0.94052284E+000
  0.94052284E+000
  0.94052284E+000
  0.94052284E+000
  0.94052284E+000
  0.94052284E+000
  0.94052284E+000
  0.94052284E+000
  0.94052284E+000
  0.94052284E+000
  0.94052284E+000
  0.94052284E+000
  0.94052284E+000
  0.94052284E+000
  0.94052284E+000
  0.94052284E+000
  0.94052284E+000
  0.94052284E+000
  0.94052284E+000
  0.94052284E+000
  0.94052284E+000
  0.94052284E+000
  0.94052284E+000
  0.94052284E+000
  0.94052284E+000
  0.94052284E+000
  0.94052284E+000
  0.94052284E+000
  0.94052284E+000
  0.94052284E+000
  0.94052284E+000
  0.94052284E+000
  0.94052284E+000
  0.94052284E+000
  0.94052284E+000
  0.94052284E+000
  0.94052284E+000
  0.94052284E+000
  0.94052284E+000
  0.94052284E+000
  0.94052284E+000
  0.94052284E+000
  0.94052284E+000
  0.94052284E+000
  0.94052284E+000
  0.94052284E+000
  0.94052284E+000
  0.94052284E+000
  0.94052283E+000
  0.94052283E+000
  0.94052283E+000
  0.94052283E+000
