  0.49606943E+000
  0.49606943E+000
  0.49606943E+000
  0.49606943E+000
  0.49606943E+000
  0.49606943E+000
  0.49606943E+000
  0.49606943E+000
  0.49606943E+000
  0.49606943E+000
  0.49606943E+000
  0.49606943E+000
  0.49606943E+000
  0.49606943E+000
  0.49606943E+000
  0.49606943E+000
  0.49606943E+000
  0.49606943E+000
  0.49606943E+000
  0.49606943E+000
  0.49606943E+000
  0.49606943E+000
  0.49606943E+000
  0.49606943E+000
  0.49606943E+000
  0.49606943E+000
  0.49606943E+000
  0.49606943E+000
  0.49606943E+000
  0.49606943E+000
  0.49606943E+000
  0.49606943E+000
  0.49606943E+000
  0.49606943E+000
  0.49606943E+000
  0.49606943E+000
  0.49606943E+000
  0.49606943E+000
  0.49606943E+000
  0.49606943E+000
  0.49606943E+000
  0.49606943E+000
  0.49606943E+000
  0.49606943E+000
  0.49606943E+000
  0.49606943E+000
  0.49606943E+000
  0.49606943E+000
  0.49606943E+000
  0.49606943E+000
  0.49606943E+000
  0.49606943E+000
  0.49606943E+000
  0.49606943E+000
  0.49606943E+000
  0.49606943E+000
  0.49606943E+000
  0.49606943E+000
  0.49606943E+000
  0.49606944E+000
  0.49606944E+000
  0.49606944E+000
  0.49606944E+000
  0.49606944E+000
  0.49606944E+000
  0.49606944E+000
  0.49606944E+000
  0.49606944E+000
  0.49606944E+000
  0.49606944E+000
  0.49606944E+000
  0.49606944E+000
  0.49606944E+000
  0.49606944E+000
  0.49606944E+000
  0.49606944E+000
  0.49606944E+000
  0.49606944E+000
  0.49606944E+000
  0.49606944E+000
  0.49606944E+000
  0.49606944E+000
  0.49606944E+000
  0.49606944E+000
  0.49606944E+000
  0.49606945E+000
  0.49606945E+000
  0.49606945E+000
  0.49606945E+000
  0.49606945E+000
  0.49606945E+000
  0.49606945E+000
  0.49606945E+000
  0.49606945E+000
  0.49606945E+000
  0.49606945E+000
  0.49606945E+000
  0.49606945E+000
  0.49606945E+000
  0.49606945E+000
  0.49606945E+000
  0.49606945E+000
  0.49606945E+000
  0.49606945E+000
  0.49606945E+000
  0.49606945E+000
  0.49606946E+000
  0.49606946E+000
  0.49606946E+000
  0.49606946E+000
  0.49606946E+000
  0.49606946E+000
  0.49606946E+000
  0.49606946E+000
  0.49606946E+000
  0.49606946E+000
  0.49606946E+000
  0.49606946E+000
  0.49606946E+000
  0.49606946E+000
  0.49606946E+000
  0.49606946E+000
  0.49606946E+000
  0.49606946E+000
  0.49606946E+000
  0.49606946E+000
  0.49606946E+000
  0.49606946E+000
  0.49606946E+000
  0.49606946E+000
  0.49606946E+000
  0.49606946E+000
  0.49606946E+000
  0.49606946E+000
  0.49606947E+000
  0.49606947E+000
  0.49606947E+000
  0.49606947E+000
  0.49606947E+000
  0.49606947E+000
  0.49606947E+000
  0.49606947E+000
  0.49606947E+000
  0.49606947E+000
  0.49606947E+000
  0.49606947E+000
  0.49606947E+000
  0.49606947E+000
  0.49606947E+000
  0.49606947E+000
  0.49606947E+000
  0.49606947E+000
  0.49606947E+000
  0.49606947E+000
  0.49606947E+000
  0.49606947E+000
  0.49606947E+000
  0.49606947E+000
  0.49606947E+000
  0.49606947E+000
  0.49606947E+000
  0.49606947E+000
  0.49606947E+000
  0.49606947E+000
  0.49606947E+000
  0.49606947E+000
  0.49606947E+000
  0.49606947E+000
  0.49606947E+000
  0.49606947E+000
  0.49606947E+000
  0.49606947E+000
  0.49606947E+000
  0.49606947E+000
  0.49606947E+000
  0.49606947E+000
  0.49606947E+000
  0.49606947E+000
  0.49606947E+000
  0.49606947E+000
  0.49606947E+000
  0.49606947E+000
  0.49606947E+000
  0.49606947E+000
  0.49606947E+000
  0.49606947E+000
  0.49606947E+000
  0.49606947E+000
  0.49606947E+000
  0.49606947E+000
  0.49606947E+000
  0.49606947E+000
  0.49606947E+000
  0.49606947E+000
  0.49606947E+000
  0.49606947E+000
  0.49606947E+000
  0.49606947E+000
  0.49606947E+000
  0.49606948E+000
