  0.15515405E+001
  0.15515405E+001
  0.15515405E+001
  0.15515405E+001
  0.15515405E+001
  0.15515405E+001
  0.15515405E+001
  0.15515405E+001
  0.15515405E+001
  0.15515405E+001
  0.15515405E+001
  0.15515405E+001
  0.15515405E+001
  0.15515405E+001
  0.15515405E+001
  0.15515405E+001
  0.15515405E+001
  0.15515405E+001
  0.15515405E+001
  0.15515405E+001
  0.15515405E+001
  0.15515405E+001
  0.15515405E+001
  0.15515405E+001
  0.15515405E+001
  0.15515405E+001
  0.15515405E+001
  0.15515405E+001
  0.15515405E+001
  0.15515405E+001
  0.15515405E+001
  0.15515405E+001
  0.15515405E+001
  0.15515405E+001
  0.15515405E+001
  0.15515405E+001
  0.15515405E+001
  0.15515405E+001
  0.15515405E+001
  0.15515405E+001
  0.15515405E+001
  0.15515405E+001
  0.15515405E+001
  0.15515405E+001
  0.15515405E+001
  0.15515405E+001
  0.15515405E+001
  0.15515405E+001
  0.15515405E+001
  0.15515405E+001
  0.15515405E+001
  0.15515405E+001
  0.15515405E+001
  0.15515405E+001
  0.15515405E+001
  0.15515405E+001
  0.15515405E+001
  0.15515405E+001
  0.15515405E+001
  0.15515405E+001
  0.15515405E+001
  0.15515405E+001
  0.15515405E+001
  0.15515405E+001
  0.15515405E+001
  0.15515405E+001
  0.15515405E+001
  0.15515405E+001
  0.15515405E+001
  0.15515405E+001
  0.15515405E+001
  0.15515405E+001
  0.15515405E+001
  0.15515405E+001
  0.15515405E+001
  0.15515405E+001
  0.15515405E+001
  0.15515405E+001
  0.15515405E+001
  0.15515405E+001
  0.15515405E+001
  0.15515405E+001
  0.15515405E+001
  0.15515405E+001
  0.15515405E+001
  0.15515405E+001
  0.15515405E+001
  0.15515405E+001
  0.15515405E+001
  0.15515405E+001
  0.15515405E+001
  0.15515405E+001
  0.15515405E+001
  0.15515405E+001
  0.15515405E+001
  0.15515405E+001
  0.15515405E+001
  0.15515405E+001
  0.15515405E+001
  0.15515405E+001
  0.15515405E+001
  0.15515405E+001
  0.15515405E+001
  0.15515405E+001
  0.15515405E+001
  0.15515405E+001
  0.15515405E+001
  0.15515405E+001
  0.15515405E+001
  0.15515405E+001
  0.15515405E+001
  0.15515405E+001
  0.15515405E+001
  0.15515405E+001
  0.15515405E+001
  0.15515405E+001
  0.15515405E+001
  0.15515405E+001
  0.15515405E+001
  0.15515405E+001
  0.15515405E+001
  0.15515405E+001
  0.15515404E+001
  0.15515404E+001
  0.15515404E+001
  0.15515404E+001
  0.15515404E+001
  0.15515404E+001
  0.15515404E+001
  0.15515404E+001
  0.15515404E+001
  0.15515404E+001
  0.15515404E+001
  0.15515404E+001
  0.15515404E+001
  0.15515404E+001
  0.15515404E+001
  0.15515404E+001
  0.15515404E+001
  0.15515404E+001
  0.15515404E+001
  0.15515404E+001
  0.15515404E+001
  0.15515404E+001
  0.15515404E+001
  0.15515403E+001
  0.15515403E+001
  0.15515403E+001
  0.15515403E+001
  0.15515403E+001
  0.15515403E+001
  0.15515403E+001
  0.15515403E+001
  0.15515403E+001
  0.15515403E+001
  0.15515403E+001
  0.15515403E+001
  0.15515403E+001
  0.15515403E+001
  0.15515403E+001
  0.15515403E+001
  0.15515403E+001
  0.15515402E+001
  0.15515402E+001
  0.15515402E+001
  0.15515402E+001
  0.15515402E+001
  0.15515402E+001
  0.15515402E+001
  0.15515402E+001
  0.15515402E+001
  0.15515402E+001
  0.15515402E+001
  0.15515402E+001
  0.15515402E+001
  0.15515402E+001
  0.15515402E+001
  0.15515402E+001
  0.15515402E+001
  0.15515402E+001
  0.15515402E+001
  0.15515402E+001
  0.15515402E+001
  0.15515402E+001
  0.15515402E+001
  0.15515402E+001
  0.15515402E+001
  0.15515402E+001
  0.15515402E+001
  0.15515401E+001
  0.15515401E+001
  0.15515401E+001
  0.15515401E+001
  0.15515401E+001
  0.15515401E+001
  0.15515401E+001
  0.15515401E+001
  0.15515401E+001
  0.15515401E+001
  0.15515401E+001
