  0.62770124E+000
  0.62770124E+000
  0.62770124E+000
  0.62770124E+000
  0.62770124E+000
  0.62770124E+000
  0.62770124E+000
  0.62770124E+000
  0.62770124E+000
  0.62770124E+000
  0.62770124E+000
  0.62770124E+000
  0.62770124E+000
  0.62770124E+000
  0.62770124E+000
  0.62770124E+000
  0.62770124E+000
  0.62770124E+000
  0.62770124E+000
  0.62770124E+000
  0.62770124E+000
  0.62770124E+000
  0.62770124E+000
  0.62770124E+000
  0.62770124E+000
  0.62770124E+000
  0.62770124E+000
  0.62770124E+000
  0.62770124E+000
  0.62770123E+000
  0.62770123E+000
  0.62770123E+000
  0.62770123E+000
  0.62770123E+000
  0.62770123E+000
  0.62770123E+000
  0.62770123E+000
  0.62770123E+000
  0.62770123E+000
  0.62770123E+000
  0.62770123E+000
  0.62770123E+000
  0.62770123E+000
  0.62770123E+000
  0.62770123E+000
  0.62770123E+000
  0.62770123E+000
  0.62770123E+000
  0.62770123E+000
  0.62770123E+000
  0.62770123E+000
  0.62770123E+000
  0.62770123E+000
  0.62770123E+000
  0.62770123E+000
  0.62770123E+000
  0.62770123E+000
  0.62770123E+000
  0.62770123E+000
  0.62770123E+000
  0.62770123E+000
  0.62770123E+000
  0.62770123E+000
  0.62770123E+000
  0.62770123E+000
  0.62770123E+000
  0.62770123E+000
  0.62770123E+000
  0.62770123E+000
  0.62770123E+000
  0.62770123E+000
  0.62770123E+000
  0.62770123E+000
  0.62770123E+000
  0.62770123E+000
  0.62770122E+000
  0.62770122E+000
  0.62770122E+000
  0.62770122E+000
  0.62770122E+000
  0.62770122E+000
  0.62770122E+000
  0.62770122E+000
  0.62770122E+000
  0.62770122E+000
  0.62770122E+000
  0.62770122E+000
  0.62770122E+000
  0.62770122E+000
  0.62770122E+000
  0.62770122E+000
  0.62770122E+000
  0.62770122E+000
  0.62770122E+000
  0.62770122E+000
  0.62770122E+000
  0.62770122E+000
  0.62770122E+000
  0.62770122E+000
  0.62770122E+000
  0.62770122E+000
  0.62770122E+000
  0.62770121E+000
  0.62770121E+000
  0.62770121E+000
  0.62770121E+000
  0.62770121E+000
  0.62770121E+000
  0.62770121E+000
  0.62770121E+000
  0.62770121E+000
  0.62770121E+000
  0.62770121E+000
  0.62770121E+000
  0.62770121E+000
  0.62770121E+000
  0.62770121E+000
  0.62770121E+000
  0.62770121E+000
  0.62770121E+000
  0.62770121E+000
  0.62770121E+000
  0.62770121E+000
  0.62770121E+000
  0.62770121E+000
  0.62770121E+000
  0.62770121E+000
  0.62770121E+000
  0.62770121E+000
  0.62770121E+000
  0.62770121E+000
  0.62770121E+000
  0.62770121E+000
  0.62770121E+000
  0.62770121E+000
  0.62770121E+000
  0.62770121E+000
  0.62770121E+000
  0.62770120E+000
  0.62770120E+000
  0.62770120E+000
  0.62770120E+000
  0.62770120E+000
  0.62770120E+000
  0.62770120E+000
  0.62770120E+000
  0.62770120E+000
  0.62770120E+000
  0.62770120E+000
  0.62770120E+000
  0.62770120E+000
  0.62770120E+000
  0.62770120E+000
  0.62770120E+000
  0.62770120E+000
  0.62770120E+000
  0.62770120E+000
  0.62770120E+000
  0.62770120E+000
  0.62770120E+000
  0.62770120E+000
  0.62770120E+000
  0.62770120E+000
  0.62770120E+000
  0.62770120E+000
  0.62770120E+000
  0.62770120E+000
  0.62770120E+000
  0.62770120E+000
  0.62770120E+000
  0.62770120E+000
  0.62770120E+000
  0.62770120E+000
  0.62770120E+000
  0.62770120E+000
  0.62770120E+000
  0.62770120E+000
  0.62770120E+000
  0.62770120E+000
  0.62770120E+000
  0.62770120E+000
  0.62770120E+000
  0.62770120E+000
  0.62770120E+000
  0.62770120E+000
  0.62770120E+000
  0.62770120E+000
  0.62770120E+000
  0.62770120E+000
  0.62770120E+000
  0.62770120E+000
  0.62770120E+000
  0.62770120E+000
  0.62770120E+000
  0.62770120E+000
  0.62770120E+000
  0.62770120E+000
  0.62770120E+000
  0.62770120E+000
  0.62770119E+000
