  0.12956192E+002
  0.12956192E+002
  0.12956192E+002
  0.12956192E+002
  0.12956192E+002
  0.12956192E+002
  0.12956192E+002
  0.12956192E+002
  0.12956192E+002
  0.12956192E+002
  0.12956192E+002
  0.12956192E+002
  0.12956192E+002
  0.12956192E+002
  0.12956192E+002
  0.12956192E+002
  0.12956192E+002
  0.12956192E+002
  0.12956192E+002
  0.12956192E+002
  0.12956192E+002
  0.12956192E+002
  0.12956192E+002
  0.12956192E+002
  0.12956192E+002
  0.12956192E+002
  0.12956192E+002
  0.12956192E+002
  0.12956192E+002
  0.12956191E+002
  0.12956191E+002
  0.12956191E+002
  0.12956191E+002
  0.12956191E+002
  0.12956191E+002
  0.12956191E+002
  0.12956191E+002
  0.12956191E+002
  0.12956191E+002
  0.12956191E+002
  0.12956191E+002
  0.12956191E+002
  0.12956191E+002
  0.12956191E+002
  0.12956191E+002
  0.12956191E+002
  0.12956191E+002
  0.12956191E+002
  0.12956191E+002
  0.12956191E+002
  0.12956191E+002
  0.12956191E+002
  0.12956191E+002
  0.12956191E+002
  0.12956191E+002
  0.12956190E+002
  0.12956190E+002
  0.12956190E+002
  0.12956190E+002
  0.12956190E+002
  0.12956190E+002
  0.12956190E+002
  0.12956190E+002
  0.12956190E+002
  0.12956190E+002
  0.12956190E+002
  0.12956190E+002
  0.12956190E+002
  0.12956190E+002
  0.12956190E+002
  0.12956189E+002
  0.12956189E+002
  0.12956189E+002
  0.12956189E+002
  0.12956189E+002
  0.12956189E+002
  0.12956189E+002
  0.12956189E+002
  0.12956189E+002
  0.12956189E+002
  0.12956189E+002
  0.12956188E+002
  0.12956188E+002
  0.12956188E+002
  0.12956188E+002
  0.12956188E+002
  0.12956188E+002
  0.12956188E+002
  0.12956188E+002
  0.12956188E+002
  0.12956188E+002
  0.12956188E+002
  0.12956187E+002
  0.12956187E+002
  0.12956187E+002
  0.12956187E+002
  0.12956187E+002
  0.12956187E+002
  0.12956187E+002
  0.12956187E+002
  0.12956187E+002
  0.12956186E+002
  0.12956186E+002
  0.12956186E+002
  0.12956186E+002
  0.12956186E+002
  0.12956186E+002
  0.12956186E+002
  0.12956186E+002
  0.12956186E+002
  0.12956186E+002
  0.12956185E+002
  0.12956185E+002
  0.12956185E+002
  0.12956185E+002
  0.12956185E+002
  0.12956185E+002
  0.12956185E+002
  0.12956185E+002
  0.12956185E+002
  0.12956185E+002
  0.12956185E+002
  0.12956184E+002
  0.12956184E+002
  0.12956184E+002
  0.12956184E+002
  0.12956184E+002
  0.12956184E+002
  0.12956184E+002
  0.12956184E+002
  0.12956184E+002
  0.12956184E+002
  0.12956184E+002
  0.12956184E+002
  0.12956184E+002
  0.12956183E+002
  0.12956183E+002
  0.12956183E+002
  0.12956183E+002
  0.12956183E+002
  0.12956183E+002
  0.12956183E+002
  0.12956183E+002
  0.12956183E+002
  0.12956183E+002
  0.12956183E+002
  0.12956183E+002
  0.12956183E+002
  0.12956183E+002
  0.12956183E+002
  0.12956182E+002
  0.12956182E+002
  0.12956182E+002
  0.12956182E+002
  0.12956182E+002
  0.12956182E+002
  0.12956182E+002
  0.12956182E+002
  0.12956182E+002
  0.12956182E+002
  0.12956182E+002
  0.12956182E+002
  0.12956182E+002
  0.12956182E+002
  0.12956182E+002
  0.12956182E+002
  0.12956182E+002
  0.12956182E+002
  0.12956182E+002
  0.12956182E+002
  0.12956182E+002
  0.12956182E+002
  0.12956182E+002
  0.12956182E+002
  0.12956181E+002
  0.12956181E+002
  0.12956181E+002
  0.12956181E+002
  0.12956181E+002
  0.12956181E+002
  0.12956181E+002
  0.12956181E+002
  0.12956181E+002
  0.12956181E+002
  0.12956181E+002
  0.12956181E+002
  0.12956181E+002
  0.12956181E+002
  0.12956181E+002
  0.12956181E+002
  0.12956181E+002
  0.12956181E+002
  0.12956181E+002
  0.12956181E+002
  0.12956181E+002
  0.12956181E+002
  0.12956182E+002
  0.12956182E+002
  0.12956182E+002
  0.12956182E+002
