  0.46844200E+000
  0.46844200E+000
  0.46844200E+000
  0.46844200E+000
  0.46844200E+000
  0.46844200E+000
  0.46844200E+000
  0.46844200E+000
  0.46844200E+000
  0.46844200E+000
  0.46844200E+000
  0.46844199E+000
  0.46844199E+000
  0.46844199E+000
  0.46844199E+000
  0.46844199E+000
  0.46844199E+000
  0.46844199E+000
  0.46844199E+000
  0.46844199E+000
  0.46844199E+000
  0.46844199E+000
  0.46844199E+000
  0.46844199E+000
  0.46844199E+000
  0.46844199E+000
  0.46844199E+000
  0.46844198E+000
  0.46844198E+000
  0.46844198E+000
  0.46844198E+000
  0.46844198E+000
  0.46844198E+000
  0.46844198E+000
  0.46844198E+000
  0.46844198E+000
  0.46844198E+000
  0.46844198E+000
  0.46844198E+000
  0.46844198E+000
  0.46844198E+000
  0.46844197E+000
  0.46844197E+000
  0.46844197E+000
  0.46844197E+000
  0.46844197E+000
  0.46844197E+000
  0.46844197E+000
  0.46844197E+000
  0.46844197E+000
  0.46844197E+000
  0.46844197E+000
  0.46844196E+000
  0.46844196E+000
  0.46844196E+000
  0.46844196E+000
  0.46844196E+000
  0.46844196E+000
  0.46844196E+000
  0.46844196E+000
  0.46844196E+000
  0.46844196E+000
  0.46844195E+000
  0.46844195E+000
  0.46844195E+000
  0.46844195E+000
  0.46844195E+000
  0.46844195E+000
  0.46844195E+000
  0.46844195E+000
  0.46844195E+000
  0.46844194E+000
  0.46844194E+000
  0.46844194E+000
  0.46844194E+000
  0.46844194E+000
  0.46844194E+000
  0.46844194E+000
  0.46844194E+000
  0.46844193E+000
  0.46844193E+000
  0.46844193E+000
  0.46844193E+000
  0.46844193E+000
  0.46844193E+000
  0.46844193E+000
  0.46844193E+000
  0.46844193E+000
  0.46844192E+000
  0.46844192E+000
  0.46844192E+000
  0.46844192E+000
  0.46844192E+000
  0.46844192E+000
  0.46844192E+000
  0.46844192E+000
  0.46844192E+000
  0.46844192E+000
  0.46844191E+000
  0.46844191E+000
  0.46844191E+000
  0.46844191E+000
  0.46844191E+000
  0.46844191E+000
  0.46844191E+000
  0.46844191E+000
  0.46844191E+000
  0.46844191E+000
  0.46844191E+000
  0.46844190E+000
  0.46844190E+000
  0.46844190E+000
  0.46844190E+000
  0.46844190E+000
  0.46844190E+000
  0.46844190E+000
  0.46844190E+000
  0.46844190E+000
  0.46844190E+000
  0.46844190E+000
  0.46844190E+000
  0.46844190E+000
  0.46844190E+000
  0.46844190E+000
  0.46844190E+000
  0.46844189E+000
  0.46844189E+000
  0.46844189E+000
  0.46844189E+000
  0.46844189E+000
  0.46844189E+000
  0.46844189E+000
  0.46844189E+000
  0.46844189E+000
  0.46844189E+000
  0.46844189E+000
  0.46844189E+000
  0.46844189E+000
  0.46844189E+000
  0.46844189E+000
  0.46844189E+000
  0.46844189E+000
  0.46844189E+000
  0.46844189E+000
  0.46844189E+000
  0.46844189E+000
  0.46844189E+000
  0.46844189E+000
  0.46844189E+000
  0.46844189E+000
  0.46844189E+000
  0.46844189E+000
  0.46844189E+000
  0.46844189E+000
  0.46844189E+000
  0.46844189E+000
  0.46844189E+000
  0.46844189E+000
  0.46844189E+000
  0.46844189E+000
  0.46844189E+000
  0.46844189E+000
  0.46844189E+000
  0.46844189E+000
  0.46844189E+000
  0.46844189E+000
  0.46844189E+000
  0.46844189E+000
  0.46844189E+000
  0.46844189E+000
  0.46844189E+000
  0.46844189E+000
  0.46844189E+000
  0.46844189E+000
  0.46844189E+000
  0.46844189E+000
  0.46844189E+000
  0.46844189E+000
  0.46844189E+000
  0.46844190E+000
  0.46844190E+000
  0.46844190E+000
  0.46844190E+000
  0.46844190E+000
  0.46844190E+000
  0.46844191E+000
  0.46844191E+000
  0.46844191E+000
  0.46844191E+000
  0.46844192E+000
  0.46844192E+000
  0.46844192E+000
  0.46844193E+000
  0.46844193E+000
  0.46844193E+000
  0.46844194E+000
  0.46844194E+000
  0.46844195E+000
  0.46844195E+000
  0.46844195E+000
