  0.27425832E+000
  0.27425830E+000
  0.27425830E+000
  0.27425829E+000
  0.27425828E+000
  0.27425828E+000
  0.27425828E+000
  0.27425828E+000
  0.27425827E+000
  0.27425827E+000
  0.27425827E+000
  0.27425827E+000
  0.27425827E+000
  0.27425827E+000
  0.27425827E+000
  0.27425827E+000
  0.27425827E+000
  0.27425827E+000
  0.27425827E+000
  0.27425827E+000
  0.27425827E+000
  0.27425827E+000
  0.27425827E+000
  0.27425827E+000
  0.27425827E+000
  0.27425827E+000
  0.27425827E+000
  0.27425827E+000
  0.27425827E+000
  0.27425827E+000
  0.27425827E+000
  0.27425827E+000
  0.27425827E+000
  0.27425827E+000
  0.27425827E+000
  0.27425827E+000
  0.27425827E+000
  0.27425827E+000
  0.27425827E+000
  0.27425827E+000
  0.27425827E+000
  0.27425827E+000
  0.27425827E+000
  0.27425827E+000
  0.27425827E+000
  0.27425827E+000
  0.27425827E+000
  0.27425827E+000
  0.27425827E+000
  0.27425827E+000
  0.27425827E+000
  0.27425827E+000
  0.27425827E+000
  0.27425827E+000
  0.27425827E+000
  0.27425827E+000
  0.27425827E+000
  0.27425827E+000
  0.27425827E+000
  0.27425827E+000
  0.27425827E+000
  0.27425827E+000
  0.27425826E+000
  0.27425826E+000
  0.27425826E+000
  0.27425826E+000
  0.27425826E+000
  0.27425826E+000
  0.27425826E+000
  0.27425826E+000
  0.27425826E+000
  0.27425826E+000
  0.27425826E+000
  0.27425826E+000
  0.27425826E+000
  0.27425826E+000
  0.27425826E+000
  0.27425826E+000
  0.27425826E+000
  0.27425826E+000
  0.27425826E+000
  0.27425826E+000
  0.27425826E+000
  0.27425826E+000
  0.27425826E+000
  0.27425826E+000
  0.27425826E+000
  0.27425825E+000
  0.27425825E+000
  0.27425825E+000
  0.27425825E+000
  0.27425825E+000
  0.27425825E+000
  0.27425825E+000
  0.27425825E+000
  0.27425825E+000
  0.27425825E+000
  0.27425825E+000
  0.27425825E+000
  0.27425825E+000
  0.27425825E+000
  0.27425825E+000
  0.27425825E+000
  0.27425825E+000
  0.27425825E+000
  0.27425825E+000
  0.27425825E+000
  0.27425825E+000
  0.27425825E+000
  0.27425825E+000
  0.27425825E+000
  0.27425825E+000
  0.27425825E+000
  0.27425825E+000
  0.27425824E+000
  0.27425824E+000
  0.27425824E+000
  0.27425824E+000
  0.27425824E+000
  0.27425824E+000
  0.27425824E+000
  0.27425824E+000
  0.27425824E+000
  0.27425824E+000
  0.27425824E+000
  0.27425824E+000
  0.27425824E+000
  0.27425824E+000
  0.27425824E+000
  0.27425824E+000
  0.27425824E+000
  0.27425824E+000
  0.27425824E+000
  0.27425824E+000
  0.27425824E+000
  0.27425824E+000
  0.27425824E+000
  0.27425824E+000
  0.27425824E+000
  0.27425824E+000
  0.27425824E+000
  0.27425824E+000
  0.27425824E+000
  0.27425824E+000
  0.27425824E+000
  0.27425824E+000
  0.27425824E+000
  0.27425824E+000
  0.27425824E+000
  0.27425824E+000
  0.27425824E+000
  0.27425824E+000
  0.27425824E+000
  0.27425824E+000
  0.27425824E+000
  0.27425824E+000
  0.27425824E+000
  0.27425824E+000
  0.27425824E+000
  0.27425824E+000
  0.27425824E+000
  0.27425824E+000
  0.27425824E+000
  0.27425824E+000
  0.27425824E+000
  0.27425824E+000
  0.27425824E+000
  0.27425824E+000
  0.27425824E+000
  0.27425824E+000
  0.27425824E+000
  0.27425824E+000
  0.27425824E+000
  0.27425824E+000
  0.27425824E+000
  0.27425824E+000
  0.27425824E+000
  0.27425824E+000
  0.27425824E+000
  0.27425824E+000
  0.27425824E+000
  0.27425824E+000
  0.27425824E+000
  0.27425824E+000
  0.27425825E+000
  0.27425825E+000
  0.27425825E+000
  0.27425825E+000
  0.27425825E+000
  0.27425826E+000
  0.27425826E+000
  0.27425826E+000
  0.27425827E+000
  0.27425827E+000
  0.27425828E+000
  0.27425828E+000
  0.27425829E+000
  0.27425829E+000
  0.27425830E+000
  0.27425831E+000
