  0.43940133E+000
  0.43940134E+000
  0.43940134E+000
  0.43940133E+000
  0.43940133E+000
  0.43940132E+000
  0.43940132E+000
  0.43940132E+000
  0.43940132E+000
  0.43940132E+000
  0.43940132E+000
  0.43940132E+000
  0.43940132E+000
  0.43940132E+000
  0.43940132E+000
  0.43940132E+000
  0.43940132E+000
  0.43940132E+000
  0.43940132E+000
  0.43940132E+000
  0.43940132E+000
  0.43940132E+000
  0.43940132E+000
  0.43940132E+000
  0.43940132E+000
  0.43940132E+000
  0.43940132E+000
  0.43940132E+000
  0.43940132E+000
  0.43940132E+000
  0.43940132E+000
  0.43940132E+000
  0.43940132E+000
  0.43940132E+000
  0.43940132E+000
  0.43940132E+000
  0.43940132E+000
  0.43940132E+000
  0.43940132E+000
  0.43940132E+000
  0.43940132E+000
  0.43940132E+000
  0.43940132E+000
  0.43940132E+000
  0.43940132E+000
  0.43940132E+000
  0.43940132E+000
  0.43940132E+000
  0.43940132E+000
  0.43940132E+000
  0.43940132E+000
  0.43940132E+000
  0.43940132E+000
  0.43940132E+000
  0.43940132E+000
  0.43940132E+000
  0.43940132E+000
  0.43940132E+000
  0.43940132E+000
  0.43940132E+000
  0.43940132E+000
  0.43940132E+000
  0.43940132E+000
  0.43940132E+000
  0.43940132E+000
  0.43940132E+000
  0.43940132E+000
  0.43940132E+000
  0.43940132E+000
  0.43940132E+000
  0.43940132E+000
  0.43940132E+000
  0.43940132E+000
  0.43940132E+000
  0.43940132E+000
  0.43940132E+000
  0.43940132E+000
  0.43940132E+000
  0.43940132E+000
  0.43940132E+000
  0.43940132E+000
  0.43940132E+000
  0.43940132E+000
  0.43940132E+000
  0.43940132E+000
  0.43940132E+000
  0.43940132E+000
  0.43940132E+000
  0.43940132E+000
  0.43940132E+000
  0.43940132E+000
  0.43940132E+000
  0.43940132E+000
  0.43940132E+000
  0.43940132E+000
  0.43940132E+000
  0.43940132E+000
  0.43940132E+000
  0.43940132E+000
  0.43940132E+000
  0.43940132E+000
  0.43940132E+000
  0.43940132E+000
  0.43940132E+000
  0.43940132E+000
  0.43940132E+000
  0.43940132E+000
  0.43940132E+000
  0.43940132E+000
  0.43940132E+000
  0.43940132E+000
  0.43940132E+000
  0.43940132E+000
  0.43940132E+000
  0.43940132E+000
  0.43940132E+000
  0.43940132E+000
  0.43940132E+000
  0.43940132E+000
  0.43940132E+000
  0.43940132E+000
  0.43940132E+000
  0.43940132E+000
  0.43940132E+000
  0.43940132E+000
  0.43940132E+000
  0.43940132E+000
  0.43940132E+000
  0.43940132E+000
  0.43940132E+000
  0.43940132E+000
  0.43940132E+000
  0.43940132E+000
  0.43940132E+000
  0.43940132E+000
  0.43940132E+000
  0.43940132E+000
  0.43940132E+000
  0.43940132E+000
  0.43940132E+000
  0.43940132E+000
  0.43940132E+000
  0.43940132E+000
  0.43940132E+000
  0.43940132E+000
  0.43940132E+000
  0.43940132E+000
  0.43940132E+000
  0.43940132E+000
  0.43940132E+000
  0.43940132E+000
  0.43940132E+000
  0.43940132E+000
  0.43940132E+000
  0.43940132E+000
  0.43940132E+000
  0.43940132E+000
  0.43940132E+000
  0.43940132E+000
  0.43940132E+000
  0.43940132E+000
  0.43940132E+000
  0.43940132E+000
  0.43940132E+000
  0.43940132E+000
  0.43940132E+000
  0.43940132E+000
  0.43940132E+000
  0.43940132E+000
  0.43940132E+000
  0.43940132E+000
  0.43940132E+000
  0.43940132E+000
  0.43940132E+000
  0.43940132E+000
  0.43940132E+000
  0.43940132E+000
  0.43940132E+000
  0.43940132E+000
  0.43940132E+000
  0.43940132E+000
  0.43940132E+000
  0.43940132E+000
  0.43940133E+000
  0.43940133E+000
  0.43940133E+000
  0.43940133E+000
  0.43940133E+000
  0.43940133E+000
  0.43940133E+000
  0.43940134E+000
  0.43940134E+000
  0.43940134E+000
  0.43940135E+000
  0.43940135E+000
  0.43940135E+000
  0.43940136E+000
  0.43940136E+000
  0.43940137E+000
  0.43940138E+000
