  0.90430427E-001
  0.90430425E-001
  0.90430425E-001
  0.90430421E-001
  0.90430425E-001
  0.90430432E-001
  0.90430422E-001
  0.90430426E-001
  0.90430425E-001
  0.90430429E-001
  0.90430425E-001
  0.90430424E-001
  0.90430420E-001
  0.90430423E-001
  0.90430427E-001
  0.90430424E-001
  0.90430421E-001
  0.90430422E-001
  0.90430426E-001
  0.90430426E-001
  0.90430427E-001
  0.90430425E-001
  0.90430425E-001
  0.90430421E-001
  0.90430425E-001
  0.90430432E-001
  0.90430426E-001
  0.90430425E-001
  0.90430423E-001
  0.90430425E-001
  0.90430421E-001
  0.90430426E-001
  0.90430427E-001
  0.90430424E-001
  0.90430426E-001
  0.90430418E-001
  0.90430424E-001
  0.90430421E-001
  0.90430421E-001
  0.90430422E-001
  0.90430419E-001
  0.90430423E-001
  0.90430420E-001
  0.90430429E-001
  0.90430424E-001
  0.90430420E-001
  0.90430423E-001
  0.90430424E-001
  0.90430424E-001
  0.90430422E-001
  0.90430420E-001
  0.90430423E-001
  0.90430432E-001
  0.90430424E-001
  0.90430425E-001
  0.90430423E-001
  0.90430420E-001
  0.90430416E-001
  0.90430423E-001
  0.90430422E-001
  0.90430426E-001
  0.90430426E-001
  0.90430424E-001
  0.90430422E-001
  0.90430422E-001
  0.90430425E-001
  0.90430425E-001
  0.90430429E-001
  0.90430428E-001
  0.90430421E-001
  0.90430428E-001
  0.90430420E-001
  0.90430424E-001
  0.90430423E-001
  0.90430429E-001
  0.90430427E-001
  0.90430425E-001
  0.90430431E-001
  0.90430420E-001
  0.90430428E-001
  0.90430426E-001
  0.90430423E-001
  0.90430420E-001
  0.90430421E-001
  0.90430424E-001
  0.90430432E-001
  0.90430426E-001
  0.90430430E-001
  0.90430415E-001
  0.90430425E-001
  0.90430421E-001
  0.90430433E-001
  0.90430424E-001
  0.90430417E-001
  0.90430423E-001
  0.90430420E-001
  0.90430425E-001
  0.90430433E-001
  0.90430429E-001
  0.90430423E-001
  0.90430435E-001
  0.90430426E-001
  0.90430423E-001
  0.90430422E-001
  0.90430424E-001
  0.90430424E-001
  0.90430429E-001
  0.90430429E-001
  0.90430429E-001
  0.90430421E-001
  0.90430429E-001
  0.90430417E-001
  0.90430429E-001
  0.90430428E-001
  0.90430425E-001
  0.90430430E-001
  0.90430419E-001
  0.90430428E-001
  0.90430425E-001
  0.90430425E-001
  0.90430424E-001
  0.90430424E-001
  0.90430423E-001
  0.90430427E-001
  0.90430423E-001
  0.90430419E-001
  0.90430426E-001
  0.90430425E-001
  0.90430426E-001
  0.90430418E-001
  0.90430422E-001
  0.90430424E-001
  0.90430424E-001
  0.90430429E-001
  0.90430420E-001
  0.90430428E-001
  0.90430425E-001
  0.90430421E-001
  0.90430421E-001
  0.90430420E-001
  0.90430426E-001
  0.90430422E-001
  0.90430430E-001
  0.90430421E-001
  0.90430430E-001
  0.90430419E-001
  0.90430420E-001
  0.90430428E-001
  0.90430422E-001
  0.90430425E-001
  0.90430425E-001
  0.90430416E-001
  0.90430428E-001
  0.90430423E-001
  0.90430423E-001
  0.90430429E-001
  0.90430421E-001
  0.90430420E-001
  0.90430414E-001
  0.90430423E-001
  0.90430423E-001
  0.90430428E-001
  0.90430420E-001
  0.90430422E-001
  0.90430416E-001
  0.90430414E-001
  0.90430418E-001
  0.90430422E-001
  0.90430428E-001
  0.90430425E-001
  0.90430420E-001
  0.90430427E-001
  0.90430425E-001
  0.90430421E-001
  0.90430425E-001
  0.90430422E-001
  0.90430424E-001
  0.90430417E-001
  0.90430425E-001
  0.90430421E-001
  0.90430418E-001
  0.90430427E-001
  0.90430422E-001
  0.90430421E-001
  0.90430416E-001
  0.90430418E-001
  0.90430423E-001
  0.90430422E-001
  0.90430414E-001
  0.90430424E-001
  0.90430424E-001
  0.90430417E-001
  0.90430425E-001
  0.90430418E-001
  0.90430415E-001
  0.90430420E-001
  0.90430419E-001
  0.90430415E-001
  0.90430419E-001
  0.90430419E-001
