  0.51602526E+000
  0.51602526E+000
  0.51602526E+000
  0.51602526E+000
  0.51602526E+000
  0.51602526E+000
  0.51602526E+000
  0.51602526E+000
  0.51602526E+000
  0.51602526E+000
  0.51602526E+000
  0.51602526E+000
  0.51602526E+000
  0.51602526E+000
  0.51602526E+000
  0.51602526E+000
  0.51602526E+000
  0.51602526E+000
  0.51602526E+000
  0.51602526E+000
  0.51602526E+000
  0.51602527E+000
  0.51602527E+000
  0.51602527E+000
  0.51602527E+000
  0.51602527E+000
  0.51602527E+000
  0.51602527E+000
  0.51602527E+000
  0.51602527E+000
  0.51602527E+000
  0.51602527E+000
  0.51602527E+000
  0.51602527E+000
  0.51602527E+000
  0.51602527E+000
  0.51602527E+000
  0.51602527E+000
  0.51602527E+000
  0.51602527E+000
  0.51602527E+000
  0.51602527E+000
  0.51602527E+000
  0.51602527E+000
  0.51602527E+000
  0.51602527E+000
  0.51602527E+000
  0.51602527E+000
  0.51602527E+000
  0.51602527E+000
  0.51602527E+000
  0.51602527E+000
  0.51602527E+000
  0.51602527E+000
  0.51602527E+000
  0.51602527E+000
  0.51602527E+000
  0.51602527E+000
  0.51602527E+000
  0.51602528E+000
  0.51602528E+000
  0.51602528E+000
  0.51602528E+000
  0.51602528E+000
  0.51602528E+000
  0.51602528E+000
  0.51602528E+000
  0.51602528E+000
  0.51602528E+000
  0.51602528E+000
  0.51602528E+000
  0.51602528E+000
  0.51602528E+000
  0.51602528E+000
  0.51602528E+000
  0.51602528E+000
  0.51602528E+000
  0.51602528E+000
  0.51602528E+000
  0.51602528E+000
  0.51602528E+000
  0.51602528E+000
  0.51602528E+000
  0.51602528E+000
  0.51602528E+000
  0.51602528E+000
  0.51602529E+000
  0.51602529E+000
  0.51602529E+000
  0.51602529E+000
  0.51602529E+000
  0.51602529E+000
  0.51602529E+000
  0.51602529E+000
  0.51602529E+000
  0.51602529E+000
  0.51602529E+000
  0.51602529E+000
  0.51602529E+000
  0.51602529E+000
  0.51602529E+000
  0.51602529E+000
  0.51602529E+000
  0.51602529E+000
  0.51602529E+000
  0.51602529E+000
  0.51602529E+000
  0.51602529E+000
  0.51602529E+000
  0.51602529E+000
  0.51602529E+000
  0.51602529E+000
  0.51602529E+000
  0.51602529E+000
  0.51602529E+000
  0.51602529E+000
  0.51602529E+000
  0.51602529E+000
  0.51602529E+000
  0.51602529E+000
  0.51602529E+000
  0.51602529E+000
  0.51602529E+000
  0.51602529E+000
  0.51602529E+000
  0.51602529E+000
  0.51602529E+000
  0.51602529E+000
  0.51602529E+000
  0.51602529E+000
  0.51602529E+000
  0.51602529E+000
  0.51602529E+000
  0.51602529E+000
  0.51602529E+000
  0.51602529E+000
  0.51602529E+000
  0.51602529E+000
  0.51602529E+000
  0.51602529E+000
  0.51602529E+000
  0.51602529E+000
  0.51602529E+000
  0.51602529E+000
  0.51602529E+000
  0.51602529E+000
  0.51602529E+000
  0.51602529E+000
  0.51602529E+000
  0.51602529E+000
  0.51602529E+000
  0.51602529E+000
  0.51602529E+000
  0.51602529E+000
  0.51602529E+000
  0.51602529E+000
  0.51602529E+000
  0.51602529E+000
  0.51602529E+000
  0.51602529E+000
  0.51602529E+000
  0.51602529E+000
  0.51602529E+000
  0.51602529E+000
  0.51602529E+000
  0.51602529E+000
  0.51602529E+000
  0.51602529E+000
  0.51602529E+000
  0.51602529E+000
  0.51602529E+000
  0.51602529E+000
  0.51602529E+000
  0.51602530E+000
  0.51602530E+000
  0.51602530E+000
  0.51602530E+000
  0.51602530E+000
  0.51602530E+000
  0.51602530E+000
  0.51602530E+000
  0.51602530E+000
  0.51602530E+000
  0.51602530E+000
  0.51602530E+000
  0.51602530E+000
  0.51602530E+000
  0.51602530E+000
  0.51602530E+000
  0.51602530E+000
  0.51602530E+000
  0.51602530E+000
  0.51602530E+000
  0.51602529E+000
  0.51602529E+000
  0.51602529E+000
  0.51602529E+000
  0.51602529E+000
  0.51602529E+000
  0.51602529E+000
