  0.29048770E+000
  0.29048769E+000
  0.29048768E+000
  0.29048768E+000
  0.29048767E+000
  0.29048767E+000
  0.29048766E+000
  0.29048766E+000
  0.29048766E+000
  0.29048765E+000
  0.29048765E+000
  0.29048765E+000
  0.29048765E+000
  0.29048765E+000
  0.29048765E+000
  0.29048765E+000
  0.29048765E+000
  0.29048765E+000
  0.29048765E+000
  0.29048765E+000
  0.29048765E+000
  0.29048765E+000
  0.29048765E+000
  0.29048765E+000
  0.29048765E+000
  0.29048765E+000
  0.29048765E+000
  0.29048765E+000
  0.29048765E+000
  0.29048765E+000
  0.29048765E+000
  0.29048765E+000
  0.29048765E+000
  0.29048765E+000
  0.29048765E+000
  0.29048765E+000
  0.29048765E+000
  0.29048765E+000
  0.29048764E+000
  0.29048764E+000
  0.29048764E+000
  0.29048764E+000
  0.29048764E+000
  0.29048764E+000
  0.29048764E+000
  0.29048764E+000
  0.29048764E+000
  0.29048764E+000
  0.29048764E+000
  0.29048764E+000
  0.29048764E+000
  0.29048764E+000
  0.29048764E+000
  0.29048764E+000
  0.29048764E+000
  0.29048764E+000
  0.29048764E+000
  0.29048764E+000
  0.29048764E+000
  0.29048764E+000
  0.29048764E+000
  0.29048764E+000
  0.29048764E+000
  0.29048764E+000
  0.29048764E+000
  0.29048764E+000
  0.29048764E+000
  0.29048764E+000
  0.29048764E+000
  0.29048764E+000
  0.29048764E+000
  0.29048764E+000
  0.29048764E+000
  0.29048764E+000
  0.29048764E+000
  0.29048764E+000
  0.29048764E+000
  0.29048764E+000
  0.29048764E+000
  0.29048764E+000
  0.29048764E+000
  0.29048764E+000
  0.29048764E+000
  0.29048764E+000
  0.29048764E+000
  0.29048764E+000
  0.29048764E+000
  0.29048764E+000
  0.29048764E+000
  0.29048764E+000
  0.29048764E+000
  0.29048764E+000
  0.29048764E+000
  0.29048764E+000
  0.29048764E+000
  0.29048764E+000
  0.29048764E+000
  0.29048764E+000
  0.29048764E+000
  0.29048764E+000
  0.29048764E+000
  0.29048764E+000
  0.29048764E+000
  0.29048764E+000
  0.29048764E+000
  0.29048764E+000
  0.29048764E+000
  0.29048764E+000
  0.29048764E+000
  0.29048764E+000
  0.29048764E+000
  0.29048764E+000
  0.29048764E+000
  0.29048764E+000
  0.29048764E+000
  0.29048764E+000
  0.29048764E+000
  0.29048764E+000
  0.29048764E+000
  0.29048764E+000
  0.29048764E+000
  0.29048764E+000
  0.29048764E+000
  0.29048764E+000
  0.29048764E+000
  0.29048764E+000
  0.29048764E+000
  0.29048764E+000
  0.29048764E+000
  0.29048764E+000
  0.29048764E+000
  0.29048764E+000
  0.29048764E+000
  0.29048764E+000
  0.29048764E+000
  0.29048764E+000
  0.29048764E+000
  0.29048764E+000
  0.29048764E+000
  0.29048764E+000
  0.29048764E+000
  0.29048764E+000
  0.29048764E+000
  0.29048764E+000
  0.29048764E+000
  0.29048764E+000
  0.29048764E+000
  0.29048763E+000
  0.29048763E+000
  0.29048763E+000
  0.29048763E+000
  0.29048763E+000
  0.29048763E+000
  0.29048763E+000
  0.29048763E+000
  0.29048763E+000
  0.29048763E+000
  0.29048763E+000
  0.29048763E+000
  0.29048763E+000
  0.29048763E+000
  0.29048763E+000
  0.29048763E+000
  0.29048763E+000
  0.29048763E+000
  0.29048763E+000
  0.29048763E+000
  0.29048763E+000
  0.29048763E+000
  0.29048763E+000
  0.29048763E+000
  0.29048763E+000
  0.29048763E+000
  0.29048763E+000
  0.29048763E+000
  0.29048763E+000
  0.29048763E+000
  0.29048763E+000
  0.29048763E+000
  0.29048763E+000
  0.29048763E+000
  0.29048763E+000
  0.29048763E+000
  0.29048763E+000
  0.29048763E+000
  0.29048763E+000
  0.29048763E+000
  0.29048763E+000
  0.29048763E+000
  0.29048763E+000
  0.29048763E+000
  0.29048763E+000
  0.29048763E+000
  0.29048763E+000
  0.29048763E+000
  0.29048763E+000
  0.29048763E+000
  0.29048763E+000
  0.29048762E+000
  0.29048762E+000
