  0.17020010E+000
  0.17020010E+000
  0.17020010E+000
  0.17020010E+000
  0.17020010E+000
  0.17020010E+000
  0.17020010E+000
  0.17020010E+000
  0.17020010E+000
  0.17020010E+000
  0.17020010E+000
  0.17020010E+000
  0.17020010E+000
  0.17020010E+000
  0.17020010E+000
  0.17020010E+000
  0.17020010E+000
  0.17020010E+000
  0.17020010E+000
  0.17020010E+000
  0.17020010E+000
  0.17020010E+000
  0.17020010E+000
  0.17020010E+000
  0.17020009E+000
  0.17020009E+000
  0.17020009E+000
  0.17020009E+000
  0.17020009E+000
  0.17020009E+000
  0.17020009E+000
  0.17020009E+000
  0.17020009E+000
  0.17020009E+000
  0.17020009E+000
  0.17020009E+000
  0.17020009E+000
  0.17020009E+000
  0.17020009E+000
  0.17020009E+000
  0.17020009E+000
  0.17020009E+000
  0.17020009E+000
  0.17020009E+000
  0.17020009E+000
  0.17020009E+000
  0.17020009E+000
  0.17020008E+000
  0.17020008E+000
  0.17020008E+000
  0.17020008E+000
  0.17020008E+000
  0.17020008E+000
  0.17020008E+000
  0.17020008E+000
  0.17020008E+000
  0.17020008E+000
  0.17020008E+000
  0.17020008E+000
  0.17020008E+000
  0.17020008E+000
  0.17020008E+000
  0.17020008E+000
  0.17020008E+000
  0.17020007E+000
  0.17020007E+000
  0.17020007E+000
  0.17020007E+000
  0.17020007E+000
  0.17020007E+000
  0.17020007E+000
  0.17020007E+000
  0.17020007E+000
  0.17020007E+000
  0.17020007E+000
  0.17020007E+000
  0.17020007E+000
  0.17020007E+000
  0.17020007E+000
  0.17020006E+000
  0.17020006E+000
  0.17020006E+000
  0.17020006E+000
  0.17020006E+000
  0.17020006E+000
  0.17020006E+000
  0.17020006E+000
  0.17020006E+000
  0.17020006E+000
  0.17020006E+000
  0.17020006E+000
  0.17020006E+000
  0.17020006E+000
  0.17020006E+000
  0.17020006E+000
  0.17020006E+000
  0.17020006E+000
  0.17020006E+000
  0.17020006E+000
  0.17020006E+000
  0.17020006E+000
  0.17020006E+000
  0.17020006E+000
  0.17020006E+000
  0.17020005E+000
  0.17020005E+000
  0.17020005E+000
  0.17020005E+000
  0.17020005E+000
  0.17020005E+000
  0.17020005E+000
  0.17020005E+000
  0.17020005E+000
  0.17020005E+000
  0.17020005E+000
  0.17020005E+000
  0.17020005E+000
  0.17020005E+000
  0.17020005E+000
  0.17020005E+000
  0.17020005E+000
  0.17020005E+000
  0.17020005E+000
  0.17020005E+000
  0.17020005E+000
  0.17020005E+000
  0.17020005E+000
  0.17020005E+000
  0.17020005E+000
  0.17020005E+000
  0.17020005E+000
  0.17020005E+000
  0.17020005E+000
  0.17020005E+000
  0.17020005E+000
  0.17020005E+000
  0.17020005E+000
  0.17020005E+000
  0.17020005E+000
  0.17020005E+000
  0.17020005E+000
  0.17020005E+000
  0.17020005E+000
  0.17020005E+000
  0.17020005E+000
  0.17020005E+000
  0.17020005E+000
  0.17020005E+000
  0.17020005E+000
  0.17020005E+000
  0.17020005E+000
  0.17020005E+000
  0.17020005E+000
  0.17020005E+000
  0.17020005E+000
  0.17020005E+000
  0.17020005E+000
  0.17020005E+000
  0.17020005E+000
  0.17020005E+000
  0.17020005E+000
  0.17020005E+000
  0.17020005E+000
  0.17020005E+000
  0.17020005E+000
  0.17020006E+000
  0.17020006E+000
  0.17020006E+000
  0.17020006E+000
  0.17020006E+000
  0.17020006E+000
  0.17020006E+000
  0.17020006E+000
  0.17020006E+000
  0.17020006E+000
  0.17020006E+000
  0.17020006E+000
  0.17020006E+000
  0.17020006E+000
  0.17020006E+000
  0.17020006E+000
  0.17020006E+000
  0.17020006E+000
  0.17020006E+000
  0.17020006E+000
  0.17020006E+000
  0.17020006E+000
  0.17020007E+000
  0.17020007E+000
  0.17020007E+000
  0.17020007E+000
  0.17020007E+000
  0.17020007E+000
  0.17020007E+000
  0.17020007E+000
  0.17020008E+000
  0.17020008E+000
  0.17020008E+000
  0.17020008E+000
  0.17020008E+000
