  0.33432785E+000
  0.33432785E+000
  0.33432785E+000
  0.33432785E+000
  0.33432785E+000
  0.33432785E+000
  0.33432785E+000
  0.33432785E+000
  0.33432785E+000
  0.33432785E+000
  0.33432785E+000
  0.33432785E+000
  0.33432785E+000
  0.33432785E+000
  0.33432785E+000
  0.33432785E+000
  0.33432785E+000
  0.33432785E+000
  0.33432785E+000
  0.33432785E+000
  0.33432785E+000
  0.33432785E+000
  0.33432785E+000
  0.33432785E+000
  0.33432785E+000
  0.33432785E+000
  0.33432785E+000
  0.33432785E+000
  0.33432785E+000
  0.33432785E+000
  0.33432785E+000
  0.33432785E+000
  0.33432785E+000
  0.33432785E+000
  0.33432785E+000
  0.33432785E+000
  0.33432785E+000
  0.33432785E+000
  0.33432785E+000
  0.33432785E+000
  0.33432785E+000
  0.33432785E+000
  0.33432785E+000
  0.33432785E+000
  0.33432785E+000
  0.33432785E+000
  0.33432785E+000
  0.33432785E+000
  0.33432785E+000
  0.33432785E+000
  0.33432785E+000
  0.33432785E+000
  0.33432785E+000
  0.33432785E+000
  0.33432785E+000
  0.33432785E+000
  0.33432785E+000
  0.33432785E+000
  0.33432785E+000
  0.33432784E+000
  0.33432784E+000
  0.33432784E+000
  0.33432784E+000
  0.33432784E+000
  0.33432784E+000
  0.33432784E+000
  0.33432784E+000
  0.33432784E+000
  0.33432784E+000
  0.33432784E+000
  0.33432784E+000
  0.33432784E+000
  0.33432784E+000
  0.33432784E+000
  0.33432784E+000
  0.33432784E+000
  0.33432784E+000
  0.33432784E+000
  0.33432784E+000
  0.33432784E+000
  0.33432784E+000
  0.33432784E+000
  0.33432783E+000
  0.33432783E+000
  0.33432783E+000
  0.33432783E+000
  0.33432783E+000
  0.33432783E+000
  0.33432783E+000
  0.33432783E+000
  0.33432783E+000
  0.33432783E+000
  0.33432783E+000
  0.33432783E+000
  0.33432783E+000
  0.33432783E+000
  0.33432783E+000
  0.33432783E+000
  0.33432783E+000
  0.33432782E+000
  0.33432782E+000
  0.33432782E+000
  0.33432782E+000
  0.33432782E+000
  0.33432782E+000
  0.33432782E+000
  0.33432782E+000
  0.33432782E+000
  0.33432782E+000
  0.33432782E+000
  0.33432782E+000
  0.33432782E+000
  0.33432782E+000
  0.33432782E+000
  0.33432782E+000
  0.33432781E+000
  0.33432781E+000
  0.33432781E+000
  0.33432781E+000
  0.33432781E+000
  0.33432781E+000
  0.33432781E+000
  0.33432781E+000
  0.33432781E+000
  0.33432781E+000
  0.33432781E+000
  0.33432781E+000
  0.33432781E+000
  0.33432781E+000
  0.33432781E+000
  0.33432780E+000
  0.33432780E+000
  0.33432780E+000
  0.33432780E+000
  0.33432780E+000
  0.33432780E+000
  0.33432780E+000
  0.33432780E+000
  0.33432780E+000
  0.33432780E+000
  0.33432780E+000
  0.33432780E+000
  0.33432780E+000
  0.33432780E+000
  0.33432780E+000
  0.33432780E+000
  0.33432780E+000
  0.33432780E+000
  0.33432779E+000
  0.33432779E+000
  0.33432779E+000
  0.33432779E+000
  0.33432779E+000
  0.33432779E+000
  0.33432779E+000
  0.33432779E+000
  0.33432779E+000
  0.33432779E+000
  0.33432779E+000
  0.33432779E+000
  0.33432779E+000
  0.33432779E+000
  0.33432779E+000
  0.33432779E+000
  0.33432779E+000
  0.33432779E+000
  0.33432779E+000
  0.33432779E+000
  0.33432779E+000
  0.33432779E+000
  0.33432779E+000
  0.33432779E+000
  0.33432779E+000
  0.33432778E+000
  0.33432778E+000
  0.33432778E+000
  0.33432778E+000
  0.33432778E+000
  0.33432778E+000
  0.33432778E+000
  0.33432778E+000
  0.33432778E+000
  0.33432778E+000
  0.33432778E+000
  0.33432778E+000
  0.33432778E+000
  0.33432778E+000
  0.33432778E+000
  0.33432778E+000
  0.33432778E+000
  0.33432778E+000
  0.33432778E+000
  0.33432778E+000
  0.33432778E+000
  0.33432778E+000
  0.33432778E+000
  0.33432778E+000
  0.33432778E+000
  0.33432778E+000
  0.33432778E+000
