  0.81152519E+000
  0.81152519E+000
  0.81152519E+000
  0.81152519E+000
  0.81152519E+000
  0.81152519E+000
  0.81152519E+000
  0.81152519E+000
  0.81152519E+000
  0.81152519E+000
  0.81152519E+000
  0.81152519E+000
  0.81152519E+000
  0.81152519E+000
  0.81152519E+000
  0.81152519E+000
  0.81152519E+000
  0.81152519E+000
  0.81152519E+000
  0.81152519E+000
  0.81152519E+000
  0.81152519E+000
  0.81152519E+000
  0.81152519E+000
  0.81152519E+000
  0.81152519E+000
  0.81152519E+000
  0.81152519E+000
  0.81152519E+000
  0.81152519E+000
  0.81152519E+000
  0.81152519E+000
  0.81152518E+000
  0.81152518E+000
  0.81152518E+000
  0.81152518E+000
  0.81152518E+000
  0.81152518E+000
  0.81152518E+000
  0.81152518E+000
  0.81152518E+000
  0.81152518E+000
  0.81152518E+000
  0.81152518E+000
  0.81152518E+000
  0.81152518E+000
  0.81152518E+000
  0.81152518E+000
  0.81152518E+000
  0.81152518E+000
  0.81152518E+000
  0.81152518E+000
  0.81152518E+000
  0.81152518E+000
  0.81152518E+000
  0.81152518E+000
  0.81152518E+000
  0.81152518E+000
  0.81152518E+000
  0.81152518E+000
  0.81152518E+000
  0.81152518E+000
  0.81152518E+000
  0.81152518E+000
  0.81152518E+000
  0.81152518E+000
  0.81152518E+000
  0.81152518E+000
  0.81152518E+000
  0.81152518E+000
  0.81152517E+000
  0.81152517E+000
  0.81152517E+000
  0.81152517E+000
  0.81152517E+000
  0.81152517E+000
  0.81152517E+000
  0.81152517E+000
  0.81152517E+000
  0.81152517E+000
  0.81152517E+000
  0.81152517E+000
  0.81152517E+000
  0.81152517E+000
  0.81152517E+000
  0.81152517E+000
  0.81152517E+000
  0.81152517E+000
  0.81152517E+000
  0.81152517E+000
  0.81152517E+000
  0.81152517E+000
  0.81152517E+000
  0.81152517E+000
  0.81152517E+000
  0.81152517E+000
  0.81152517E+000
  0.81152517E+000
  0.81152517E+000
  0.81152516E+000
  0.81152516E+000
  0.81152516E+000
  0.81152516E+000
  0.81152516E+000
  0.81152516E+000
  0.81152516E+000
  0.81152516E+000
  0.81152516E+000
  0.81152516E+000
  0.81152516E+000
  0.81152516E+000
  0.81152516E+000
  0.81152516E+000
  0.81152516E+000
  0.81152516E+000
  0.81152516E+000
  0.81152516E+000
  0.81152516E+000
  0.81152516E+000
  0.81152516E+000
  0.81152516E+000
  0.81152516E+000
  0.81152516E+000
  0.81152516E+000
  0.81152516E+000
  0.81152516E+000
  0.81152516E+000
  0.81152516E+000
  0.81152516E+000
  0.81152516E+000
  0.81152516E+000
  0.81152516E+000
  0.81152516E+000
  0.81152516E+000
  0.81152516E+000
  0.81152516E+000
  0.81152516E+000
  0.81152516E+000
  0.81152516E+000
  0.81152516E+000
  0.81152516E+000
  0.81152516E+000
  0.81152516E+000
  0.81152516E+000
  0.81152516E+000
  0.81152516E+000
  0.81152516E+000
  0.81152516E+000
  0.81152516E+000
  0.81152516E+000
  0.81152516E+000
  0.81152516E+000
  0.81152516E+000
  0.81152516E+000
  0.81152516E+000
  0.81152516E+000
  0.81152516E+000
  0.81152516E+000
  0.81152516E+000
  0.81152516E+000
  0.81152516E+000
  0.81152516E+000
  0.81152516E+000
  0.81152516E+000
  0.81152516E+000
  0.81152516E+000
  0.81152516E+000
  0.81152516E+000
  0.81152516E+000
  0.81152516E+000
  0.81152516E+000
  0.81152516E+000
  0.81152516E+000
  0.81152516E+000
  0.81152516E+000
  0.81152516E+000
  0.81152516E+000
  0.81152516E+000
  0.81152516E+000
  0.81152516E+000
  0.81152516E+000
  0.81152516E+000
  0.81152516E+000
  0.81152516E+000
  0.81152516E+000
  0.81152516E+000
  0.81152517E+000
  0.81152517E+000
  0.81152517E+000
  0.81152517E+000
  0.81152517E+000
  0.81152517E+000
  0.81152517E+000
  0.81152517E+000
  0.81152517E+000
  0.81152517E+000
  0.81152517E+000
  0.81152518E+000
  0.81152518E+000
  0.81152518E+000
