  0.38814186E+000
  0.38814186E+000
  0.38814186E+000
  0.38814186E+000
  0.38814186E+000
  0.38814186E+000
  0.38814186E+000
  0.38814186E+000
  0.38814186E+000
  0.38814186E+000
  0.38814186E+000
  0.38814186E+000
  0.38814186E+000
  0.38814186E+000
  0.38814186E+000
  0.38814186E+000
  0.38814186E+000
  0.38814186E+000
  0.38814186E+000
  0.38814186E+000
  0.38814186E+000
  0.38814186E+000
  0.38814186E+000
  0.38814186E+000
  0.38814186E+000
  0.38814186E+000
  0.38814186E+000
  0.38814186E+000
  0.38814186E+000
  0.38814186E+000
  0.38814186E+000
  0.38814186E+000
  0.38814186E+000
  0.38814186E+000
  0.38814186E+000
  0.38814186E+000
  0.38814186E+000
  0.38814185E+000
  0.38814185E+000
  0.38814185E+000
  0.38814185E+000
  0.38814185E+000
  0.38814185E+000
  0.38814185E+000
  0.38814185E+000
  0.38814185E+000
  0.38814185E+000
  0.38814185E+000
  0.38814185E+000
  0.38814185E+000
  0.38814185E+000
  0.38814185E+000
  0.38814185E+000
  0.38814185E+000
  0.38814185E+000
  0.38814185E+000
  0.38814185E+000
  0.38814185E+000
  0.38814185E+000
  0.38814185E+000
  0.38814185E+000
  0.38814185E+000
  0.38814185E+000
  0.38814185E+000
  0.38814185E+000
  0.38814185E+000
  0.38814185E+000
  0.38814185E+000
  0.38814185E+000
  0.38814185E+000
  0.38814185E+000
  0.38814185E+000
  0.38814185E+000
  0.38814185E+000
  0.38814185E+000
  0.38814185E+000
  0.38814185E+000
  0.38814185E+000
  0.38814185E+000
  0.38814185E+000
  0.38814185E+000
  0.38814185E+000
  0.38814185E+000
  0.38814185E+000
  0.38814185E+000
  0.38814185E+000
  0.38814185E+000
  0.38814185E+000
  0.38814184E+000
  0.38814184E+000
  0.38814184E+000
  0.38814184E+000
  0.38814184E+000
  0.38814184E+000
  0.38814184E+000
  0.38814184E+000
  0.38814184E+000
  0.38814184E+000
  0.38814184E+000
  0.38814184E+000
  0.38814184E+000
  0.38814184E+000
  0.38814184E+000
  0.38814184E+000
  0.38814184E+000
  0.38814184E+000
  0.38814184E+000
  0.38814184E+000
  0.38814184E+000
  0.38814184E+000
  0.38814184E+000
  0.38814184E+000
  0.38814184E+000
  0.38814184E+000
  0.38814184E+000
  0.38814184E+000
  0.38814184E+000
  0.38814184E+000
  0.38814183E+000
  0.38814183E+000
  0.38814183E+000
  0.38814183E+000
  0.38814183E+000
  0.38814183E+000
  0.38814183E+000
  0.38814183E+000
  0.38814183E+000
  0.38814183E+000
  0.38814183E+000
  0.38814183E+000
  0.38814183E+000
  0.38814183E+000
  0.38814183E+000
  0.38814183E+000
  0.38814183E+000
  0.38814183E+000
  0.38814183E+000
  0.38814183E+000
  0.38814183E+000
  0.38814183E+000
  0.38814183E+000
  0.38814183E+000
  0.38814183E+000
  0.38814183E+000
  0.38814183E+000
  0.38814183E+000
  0.38814183E+000
  0.38814183E+000
  0.38814183E+000
  0.38814182E+000
  0.38814182E+000
  0.38814182E+000
  0.38814182E+000
  0.38814182E+000
  0.38814182E+000
  0.38814182E+000
  0.38814182E+000
  0.38814182E+000
  0.38814182E+000
  0.38814182E+000
  0.38814182E+000
  0.38814182E+000
  0.38814182E+000
  0.38814182E+000
  0.38814182E+000
  0.38814182E+000
  0.38814182E+000
  0.38814182E+000
  0.38814182E+000
  0.38814182E+000
  0.38814182E+000
  0.38814182E+000
  0.38814182E+000
  0.38814182E+000
  0.38814182E+000
  0.38814182E+000
  0.38814182E+000
  0.38814182E+000
  0.38814182E+000
  0.38814182E+000
  0.38814182E+000
  0.38814182E+000
  0.38814182E+000
  0.38814182E+000
  0.38814182E+000
  0.38814182E+000
  0.38814182E+000
  0.38814182E+000
  0.38814182E+000
  0.38814182E+000
  0.38814182E+000
  0.38814182E+000
  0.38814182E+000
  0.38814182E+000
  0.38814182E+000
  0.38814182E+000
  0.38814182E+000
  0.38814182E+000
  0.38814182E+000
  0.38814183E+000
