 -0.72600370E+000 -0.56547258E+000 -0.32240082E+000 -0.13368345E+000 -0.68542932E-001 -0.11647336E-001  0.71621930E-002  0.93510663E+000  0.22166531E+001  0.42466394E+001  0.59569701E+001
 -0.72600370E+000 -0.56547258E+000 -0.32240082E+000 -0.13368345E+000 -0.68542933E-001 -0.11647339E-001  0.71621930E-002  0.93510662E+000  0.22166531E+001  0.42466394E+001  0.59569701E+001
 -0.72600370E+000 -0.56547258E+000 -0.32240082E+000 -0.13368345E+000 -0.68542932E-001 -0.11647338E-001  0.71621930E-002  0.93510662E+000  0.22166531E+001  0.42466394E+001  0.59569700E+001
 -0.72600370E+000 -0.56547258E+000 -0.32240082E+000 -0.13368345E+000 -0.68542932E-001 -0.11647337E-001  0.71621930E-002  0.93510662E+000  0.22166531E+001  0.42466394E+001  0.59569700E+001
 -0.72600370E+000 -0.56547258E+000 -0.32240082E+000 -0.13368345E+000 -0.68542932E-001 -0.11647336E-001  0.71621930E-002  0.93510662E+000  0.22166531E+001  0.42466393E+001  0.59569700E+001
 -0.72600370E+000 -0.56547258E+000 -0.32240082E+000 -0.13368345E+000 -0.68542932E-001 -0.11647335E-001  0.71621931E-002  0.93510662E+000  0.22166531E+001  0.42466393E+001  0.59569700E+001
 -0.72600370E+000 -0.56547258E+000 -0.32240082E+000 -0.13368345E+000 -0.68542931E-001 -0.11647335E-001  0.71621931E-002  0.93510661E+000  0.22166531E+001  0.42466393E+001  0.59569700E+001
 -0.72600370E+000 -0.56547258E+000 -0.32240082E+000 -0.13368345E+000 -0.68542931E-001 -0.11647334E-001  0.71621931E-002  0.93510661E+000  0.22166531E+001  0.42466393E+001  0.59569699E+001
 -0.72600370E+000 -0.56547258E+000 -0.32240082E+000 -0.13368345E+000 -0.68542931E-001 -0.11647334E-001  0.71621931E-002  0.93510661E+000  0.22166531E+001  0.42466393E+001  0.59569699E+001
 -0.72600370E+000 -0.56547258E+000 -0.32240082E+000 -0.13368345E+000 -0.68542931E-001 -0.11647334E-001  0.71621931E-002  0.93510661E+000  0.22166531E+001  0.42466393E+001  0.59569699E+001
 -0.72600370E+000 -0.56547258E+000 -0.32240082E+000 -0.13368345E+000 -0.68542931E-001 -0.11647334E-001  0.71621931E-002  0.93510661E+000  0.22166531E+001  0.42466393E+001  0.59569699E+001
 -0.72600370E+000 -0.56547258E+000 -0.32240082E+000 -0.13368345E+000 -0.68542931E-001 -0.11647334E-001  0.71621931E-002  0.93510660E+000  0.22166531E+001  0.42466393E+001  0.59569699E+001
 -0.72600369E+000 -0.56547258E+000 -0.32240082E+000 -0.13368345E+000 -0.68542931E-001 -0.11647334E-001  0.71621931E-002  0.93510660E+000  0.22166531E+001  0.42466393E+001  0.59569698E+001
 -0.72600369E+000 -0.56547258E+000 -0.32240082E+000 -0.13368345E+000 -0.68542931E-001 -0.11647334E-001  0.71621931E-002  0.93510660E+000  0.22166531E+001  0.42466392E+001  0.59569698E+001
 -0.72600369E+000 -0.56547258E+000 -0.32240082E+000 -0.13368345E+000 -0.68542931E-001 -0.11647334E-001  0.71621931E-002  0.93510660E+000  0.22166531E+001  0.42466392E+001  0.59569698E+001
 -0.72600369E+000 -0.56547258E+000 -0.32240082E+000 -0.13368345E+000 -0.68542931E-001 -0.11647334E-001  0.71621930E-002  0.93510659E+000  0.22166530E+001  0.42466392E+001  0.59569698E+001
 -0.72600369E+000 -0.56547258E+000 -0.32240082E+000 -0.13368345E+000 -0.68542931E-001 -0.11647334E-001  0.71621930E-002  0.93510659E+000  0.22166530E+001  0.42466392E+001  0.59569698E+001
 -0.72600369E+000 -0.56547258E+000 -0.32240082E+000 -0.13368345E+000 -0.68542931E-001 -0.11647334E-001  0.71621930E-002  0.93510659E+000  0.22166530E+001  0.42466392E+001  0.59569698E+001
 -0.72600369E+000 -0.56547258E+000 -0.32240082E+000 -0.13368345E+000 -0.68542931E-001 -0.11647334E-001  0.71621930E-002  0.93510658E+000  0.22166530E+001  0.42466392E+001  0.59569698E+001
 -0.72600369E+000 -0.56547258E+000 -0.32240082E+000 -0.13368345E+000 -0.68542931E-001 -0.11647334E-001  0.71621930E-002  0.93510658E+000  0.22166530E+001  0.42466392E+001  0.59569697E+001
 -0.72600369E+000 -0.56547258E+000 -0.32240082E+000 -0.13368345E+000 -0.68542931E-001 -0.11647334E-001  0.71621930E-002  0.93510658E+000  0.22166530E+001  0.42466392E+001  0.59569697E+001
 -0.72600369E+000 -0.56547258E+000 -0.32240082E+000 -0.13368345E+000 -0.68542931E-001 -0.11647334E-001  0.71621930E-002  0.93510658E+000  0.22166530E+001  0.42466392E+001  0.59569697E+001
 -0.72600369E+000 -0.56547258E+000 -0.32240082E+000 -0.13368345E+000 -0.68542931E-001 -0.11647334E-001  0.71621930E-002  0.93510657E+000  0.22166530E+001  0.42466392E+001  0.59569697E+001
 -0.72600369E+000 -0.56547258E+000 -0.32240082E+000 -0.13368345E+000 -0.68542931E-001 -0.11647334E-001  0.71621930E-002  0.93510657E+000  0.22166530E+001  0.42466392E+001  0.59569697E+001
 -0.72600369E+000 -0.56547258E+000 -0.32240082E+000 -0.13368345E+000 -0.68542931E-001 -0.11647334E-001  0.71621930E-002  0.93510657E+000  0.22166530E+001  0.42466391E+001  0.59569697E+001
 -0.72600369E+000 -0.56547258E+000 -0.32240082E+000 -0.13368345E+000 -0.68542931E-001 -0.11647334E-001  0.71621930E-002  0.93510657E+000  0.22166530E+001  0.42466391E+001  0.59569697E+001
 -0.72600369E+000 -0.56547258E+000 -0.32240082E+000 -0.13368345E+000 -0.68542931E-001 -0.11647334E-001  0.71621930E-002  0.93510656E+000  0.22166530E+001  0.42466391E+001  0.59569697E+001
 -0.72600369E+000 -0.56547258E+000 -0.32240082E+000 -0.13368345E+000 -0.68542931E-001 -0.11647334E-001  0.71621930E-002  0.93510656E+000  0.22166530E+001  0.42466391E+001  0.59569697E+001
 -0.72600369E+000 -0.56547258E+000 -0.32240082E+000 -0.13368345E+000 -0.68542931E-001 -0.11647334E-001  0.71621929E-002  0.93510656E+000  0.22166530E+001  0.42466391E+001  0.59569697E+001
 -0.72600369E+000 -0.56547258E+000 -0.32240082E+000 -0.13368345E+000 -0.68542931E-001 -0.11647334E-001  0.71621929E-002  0.93510656E+000  0.22166530E+001  0.42466391E+001  0.59569696E+001
 -0.72600369E+000 -0.56547258E+000 -0.32240082E+000 -0.13368345E+000 -0.68542931E-001 -0.11647334E-001  0.71621929E-002  0.93510655E+000  0.22166530E+001  0.42466391E+001  0.59569696E+001
 -0.72600369E+000 -0.56547258E+000 -0.32240082E+000 -0.13368345E+000 -0.68542931E-001 -0.11647334E-001  0.71621929E-002  0.93510655E+000  0.22166530E+001  0.42466391E+001  0.59569696E+001
 -0.72600369E+000 -0.56547258E+000 -0.32240082E+000 -0.13368345E+000 -0.68542931E-001 -0.11647334E-001  0.71621929E-002  0.93510655E+000  0.22166530E+001  0.42466391E+001  0.59569696E+001
 -0.72600369E+000 -0.56547258E+000 -0.32240082E+000 -0.13368345E+000 -0.68542931E-001 -0.11647334E-001  0.71621929E-002  0.93510655E+000  0.22166530E+001  0.42466391E+001  0.59569696E+001
 -0.72600369E+000 -0.56547258E+000 -0.32240082E+000 -0.13368345E+000 -0.68542931E-001 -0.11647334E-001  0.71621929E-002  0.93510654E+000  0.22166530E+001  0.42466391E+001  0.59569696E+001
 -0.72600369E+000 -0.56547258E+000 -0.32240082E+000 -0.13368345E+000 -0.68542931E-001 -0.11647334E-001  0.71621929E-002  0.93510654E+000  0.22166530E+001  0.42466391E+001  0.59569696E+001
 -0.72600369E+000 -0.56547258E+000 -0.32240082E+000 -0.13368345E+000 -0.68542931E-001 -0.11647334E-001  0.71621929E-002  0.93510654E+000  0.22166530E+001  0.42466391E+001  0.59569696E+001
 -0.72600369E+000 -0.56547258E+000 -0.32240082E+000 -0.13368345E+000 -0.68542931E-001 -0.11647334E-001  0.71621929E-002  0.93510654E+000  0.22166530E+001  0.42466391E+001  0.59569696E+001
 -0.72600369E+000 -0.56547258E+000 -0.32240082E+000 -0.13368345E+000 -0.68542931E-001 -0.11647334E-001  0.71621928E-002  0.93510653E+000  0.22166529E+001  0.42466391E+001  0.59569696E+001
 -0.72600369E+000 -0.56547258E+000 -0.32240082E+000 -0.13368345E+000 -0.68542931E-001 -0.11647334E-001  0.71621928E-002  0.93510653E+000  0.22166529E+001  0.42466391E+001  0.59569696E+001
 -0.72600369E+000 -0.56547258E+000 -0.32240082E+000 -0.13368345E+000 -0.68542931E-001 -0.11647334E-001  0.71621928E-002  0.93510653E+000  0.22166529E+001  0.42466390E+001  0.59569696E+001
 -0.72600369E+000 -0.56547258E+000 -0.32240082E+000 -0.13368345E+000 -0.68542931E-001 -0.11647334E-001  0.71621928E-002  0.93510653E+000  0.22166529E+001  0.42466390E+001  0.59569696E+001
 -0.72600369E+000 -0.56547258E+000 -0.32240082E+000 -0.13368345E+000 -0.68542931E-001 -0.11647334E-001  0.71621928E-002  0.93510653E+000  0.22166529E+001  0.42466390E+001  0.59569695E+001
 -0.72600369E+000 -0.56547258E+000 -0.32240082E+000 -0.13368345E+000 -0.68542931E-001 -0.11647334E-001  0.71621928E-002  0.93510652E+000  0.22166529E+001  0.42466390E+001  0.59569695E+001
 -0.72600369E+000 -0.56547258E+000 -0.32240082E+000 -0.13368345E+000 -0.68542931E-001 -0.11647334E-001  0.71621928E-002  0.93510652E+000  0.22166529E+001  0.42466390E+001  0.59569695E+001
 -0.72600369E+000 -0.56547258E+000 -0.32240082E+000 -0.13368345E+000 -0.68542931E-001 -0.11647334E-001  0.71621928E-002  0.93510652E+000  0.22166529E+001  0.42466390E+001  0.59569695E+001
 -0.72600369E+000 -0.56547258E+000 -0.32240082E+000 -0.13368345E+000 -0.68542931E-001 -0.11647334E-001  0.71621928E-002  0.93510652E+000  0.22166529E+001  0.42466390E+001  0.59569695E+001
 -0.72600369E+000 -0.56547258E+000 -0.32240082E+000 -0.13368345E+000 -0.68542931E-001 -0.11647335E-001  0.71621928E-002  0.93510651E+000  0.22166529E+001  0.42466390E+001  0.59569695E+001
 -0.72600369E+000 -0.56547258E+000 -0.32240082E+000 -0.13368345E+000 -0.68542931E-001 -0.11647335E-001  0.71621927E-002  0.93510651E+000  0.22166529E+001  0.42466390E+001  0.59569695E+001
 -0.72600369E+000 -0.56547258E+000 -0.32240082E+000 -0.13368345E+000 -0.68542931E-001 -0.11647335E-001  0.71621927E-002  0.93510651E+000  0.22166529E+001  0.42466390E+001  0.59569695E+001
 -0.72600369E+000 -0.56547258E+000 -0.32240082E+000 -0.13368345E+000 -0.68542931E-001 -0.11647335E-001  0.71621927E-002  0.93510651E+000  0.22166529E+001  0.42466390E+001  0.59569695E+001
 -0.72600369E+000 -0.56547258E+000 -0.32240082E+000 -0.13368345E+000 -0.68542931E-001 -0.11647335E-001  0.71621927E-002  0.93510651E+000  0.22166529E+001  0.42466390E+001  0.59569695E+001
 -0.72600369E+000 -0.56547258E+000 -0.32240082E+000 -0.13368345E+000 -0.68542931E-001 -0.11647335E-001  0.71621927E-002  0.93510651E+000  0.22166529E+001  0.42466390E+001  0.59569695E+001
 -0.72600369E+000 -0.56547258E+000 -0.32240082E+000 -0.13368345E+000 -0.68542931E-001 -0.11647335E-001  0.71621927E-002  0.93510650E+000  0.22166529E+001  0.42466390E+001  0.59569695E+001
 -0.72600369E+000 -0.56547258E+000 -0.32240082E+000 -0.13368345E+000 -0.68542931E-001 -0.11647335E-001  0.71621927E-002  0.93510650E+000  0.22166529E+001  0.42466390E+001  0.59569695E+001
 -0.72600369E+000 -0.56547258E+000 -0.32240082E+000 -0.13368344E+000 -0.68542931E-001 -0.11647335E-001  0.71621927E-002  0.93510650E+000  0.22166529E+001  0.42466390E+001  0.59569695E+001
 -0.72600369E+000 -0.56547258E+000 -0.32240082E+000 -0.13368344E+000 -0.68542931E-001 -0.11647335E-001  0.71621927E-002  0.93510650E+000  0.22166529E+001  0.42466390E+001  0.59569695E+001
 -0.72600369E+000 -0.56547258E+000 -0.32240082E+000 -0.13368344E+000 -0.68542931E-001 -0.11647335E-001  0.71621927E-002  0.93510650E+000  0.22166529E+001  0.42466390E+001  0.59569695E+001
 -0.72600369E+000 -0.56547257E+000 -0.32240082E+000 -0.13368344E+000 -0.68542931E-001 -0.11647335E-001  0.71621926E-002  0.93510649E+000  0.22166529E+001  0.42466390E+001  0.59569695E+001
 -0.72600369E+000 -0.56547257E+000 -0.32240082E+000 -0.13368344E+000 -0.68542931E-001 -0.11647335E-001  0.71621926E-002  0.93510649E+000  0.22166529E+001  0.42466390E+001  0.59569695E+001
 -0.72600369E+000 -0.56547257E+000 -0.32240082E+000 -0.13368344E+000 -0.68542931E-001 -0.11647335E-001  0.71621926E-002  0.93510649E+000  0.22166529E+001  0.42466390E+001  0.59569695E+001
 -0.72600369E+000 -0.56547257E+000 -0.32240082E+000 -0.13368344E+000 -0.68542931E-001 -0.11647335E-001  0.71621926E-002  0.93510649E+000  0.22166529E+001  0.42466390E+001  0.59569694E+001
 -0.72600369E+000 -0.56547257E+000 -0.32240082E+000 -0.13368344E+000 -0.68542931E-001 -0.11647335E-001  0.71621926E-002  0.93510649E+000  0.22166529E+001  0.42466390E+001  0.59569694E+001
 -0.72600369E+000 -0.56547257E+000 -0.32240082E+000 -0.13368344E+000 -0.68542931E-001 -0.11647335E-001  0.71621926E-002  0.93510649E+000  0.22166529E+001  0.42466390E+001  0.59569694E+001
 -0.72600369E+000 -0.56547257E+000 -0.32240082E+000 -0.13368344E+000 -0.68542931E-001 -0.11647335E-001  0.71621926E-002  0.93510648E+000  0.22166529E+001  0.42466390E+001  0.59569694E+001
 -0.72600369E+000 -0.56547257E+000 -0.32240082E+000 -0.13368344E+000 -0.68542931E-001 -0.11647335E-001  0.71621926E-002  0.93510648E+000  0.22166529E+001  0.42466389E+001  0.59569694E+001
 -0.72600369E+000 -0.56547257E+000 -0.32240081E+000 -0.13368344E+000 -0.68542931E-001 -0.11647335E-001  0.71621926E-002  0.93510648E+000  0.22166529E+001  0.42466389E+001  0.59569694E+001
 -0.72600368E+000 -0.56547257E+000 -0.32240081E+000 -0.13368344E+000 -0.68542931E-001 -0.11647335E-001  0.71621926E-002  0.93510648E+000  0.22166529E+001  0.42466389E+001  0.59569694E+001
 -0.72600368E+000 -0.56547257E+000 -0.32240081E+000 -0.13368344E+000 -0.68542931E-001 -0.11647335E-001  0.71621926E-002  0.93510648E+000  0.22166529E+001  0.42466389E+001  0.59569694E+001
 -0.72600368E+000 -0.56547257E+000 -0.32240081E+000 -0.13368344E+000 -0.68542931E-001 -0.11647335E-001  0.71621925E-002  0.93510648E+000  0.22166529E+001  0.42466389E+001  0.59569694E+001
 -0.72600368E+000 -0.56547257E+000 -0.32240081E+000 -0.13368344E+000 -0.68542931E-001 -0.11647335E-001  0.71621925E-002  0.93510647E+000  0.22166529E+001  0.42466389E+001  0.59569694E+001
 -0.72600368E+000 -0.56547257E+000 -0.32240081E+000 -0.13368344E+000 -0.68542931E-001 -0.11647335E-001  0.71621925E-002  0.93510647E+000  0.22166529E+001  0.42466389E+001  0.59569694E+001
 -0.72600368E+000 -0.56547257E+000 -0.32240081E+000 -0.13368344E+000 -0.68542931E-001 -0.11647335E-001  0.71621925E-002  0.93510647E+000  0.22166529E+001  0.42466389E+001  0.59569694E+001
 -0.72600368E+000 -0.56547257E+000 -0.32240081E+000 -0.13368344E+000 -0.68542931E-001 -0.11647334E-001  0.71621925E-002  0.93510647E+000  0.22166529E+001  0.42466389E+001  0.59569694E+001
 -0.72600368E+000 -0.56547257E+000 -0.32240081E+000 -0.13368344E+000 -0.68542931E-001 -0.11647334E-001  0.71621925E-002  0.93510647E+000  0.22166529E+001  0.42466389E+001  0.59569694E+001
 -0.72600368E+000 -0.56547257E+000 -0.32240081E+000 -0.13368344E+000 -0.68542931E-001 -0.11647334E-001  0.71621925E-002  0.93510646E+000  0.22166528E+001  0.42466389E+001  0.59569694E+001
 -0.72600368E+000 -0.56547257E+000 -0.32240081E+000 -0.13368344E+000 -0.68542931E-001 -0.11647334E-001  0.71621925E-002  0.93510646E+000  0.22166528E+001  0.42466389E+001  0.59569694E+001
 -0.72600368E+000 -0.56547257E+000 -0.32240081E+000 -0.13368344E+000 -0.68542931E-001 -0.11647334E-001  0.71621925E-002  0.93510646E+000  0.22166528E+001  0.42466389E+001  0.59569694E+001
 -0.72600368E+000 -0.56547257E+000 -0.32240081E+000 -0.13368344E+000 -0.68542931E-001 -0.11647334E-001  0.71621925E-002  0.93510646E+000  0.22166528E+001  0.42466389E+001  0.59569694E+001
 -0.72600368E+000 -0.56547257E+000 -0.32240081E+000 -0.13368344E+000 -0.68542931E-001 -0.11647334E-001  0.71621925E-002  0.93510646E+000  0.22166528E+001  0.42466389E+001  0.59569694E+001
 -0.72600368E+000 -0.56547257E+000 -0.32240081E+000 -0.13368344E+000 -0.68542931E-001 -0.11647334E-001  0.71621924E-002  0.93510645E+000  0.22166528E+001  0.42466389E+001  0.59569694E+001
 -0.72600368E+000 -0.56547257E+000 -0.32240081E+000 -0.13368344E+000 -0.68542931E-001 -0.11647334E-001  0.71621924E-002  0.93510645E+000  0.22166528E+001  0.42466389E+001  0.59569693E+001
 -0.72600368E+000 -0.56547257E+000 -0.32240081E+000 -0.13368344E+000 -0.68542931E-001 -0.11647334E-001  0.71621924E-002  0.93510645E+000  0.22166528E+001  0.42466389E+001  0.59569693E+001
 -0.72600368E+000 -0.56547257E+000 -0.32240081E+000 -0.13368344E+000 -0.68542931E-001 -0.11647334E-001  0.71621924E-002  0.93510645E+000  0.22166528E+001  0.42466389E+001  0.59569693E+001
 -0.72600368E+000 -0.56547257E+000 -0.32240081E+000 -0.13368344E+000 -0.68542931E-001 -0.11647334E-001  0.71621924E-002  0.93510645E+000  0.22166528E+001  0.42466389E+001  0.59569693E+001
 -0.72600368E+000 -0.56547257E+000 -0.32240081E+000 -0.13368344E+000 -0.68542931E-001 -0.11647334E-001  0.71621924E-002  0.93510644E+000  0.22166528E+001  0.42466389E+001  0.59569693E+001
 -0.72600368E+000 -0.56547257E+000 -0.32240081E+000 -0.13368344E+000 -0.68542931E-001 -0.11647334E-001  0.71621924E-002  0.93510644E+000  0.22166528E+001  0.42466389E+001  0.59569693E+001
 -0.72600368E+000 -0.56547256E+000 -0.32240081E+000 -0.13368343E+000 -0.68542931E-001 -0.11647334E-001  0.71621924E-002  0.93510644E+000  0.22166528E+001  0.42466389E+001  0.59569693E+001
 -0.72600368E+000 -0.56547256E+000 -0.32240081E+000 -0.13368343E+000 -0.68542930E-001 -0.11647334E-001  0.71621924E-002  0.93510644E+000  0.22166528E+001  0.42466389E+001  0.59569693E+001
 -0.72600368E+000 -0.56547256E+000 -0.32240080E+000 -0.13368343E+000 -0.68542930E-001 -0.11647334E-001  0.71621924E-002  0.93510644E+000  0.22166528E+001  0.42466389E+001  0.59569693E+001
 -0.72600368E+000 -0.56547256E+000 -0.32240080E+000 -0.13368343E+000 -0.68542930E-001 -0.11647334E-001  0.71621924E-002  0.93510643E+000  0.22166528E+001  0.42466389E+001  0.59569693E+001
 -0.72600368E+000 -0.56547256E+000 -0.32240080E+000 -0.13368343E+000 -0.68542930E-001 -0.11647334E-001  0.71621924E-002  0.93510643E+000  0.22166528E+001  0.42466389E+001  0.59569693E+001
 -0.72600368E+000 -0.56547256E+000 -0.32240080E+000 -0.13368343E+000 -0.68542930E-001 -0.11647334E-001  0.71621923E-002  0.93510643E+000  0.22166528E+001  0.42466388E+001  0.59569693E+001
 -0.72600367E+000 -0.56547256E+000 -0.32240080E+000 -0.13368343E+000 -0.68542930E-001 -0.11647334E-001  0.71621923E-002  0.93510643E+000  0.22166528E+001  0.42466388E+001  0.59569693E+001
 -0.72600367E+000 -0.56547256E+000 -0.32240080E+000 -0.13368343E+000 -0.68542930E-001 -0.11647334E-001  0.71621923E-002  0.93510643E+000  0.22166528E+001  0.42466388E+001  0.59569693E+001
 -0.72600367E+000 -0.56547256E+000 -0.32240080E+000 -0.13368343E+000 -0.68542930E-001 -0.11647334E-001  0.71621923E-002  0.93510642E+000  0.22166528E+001  0.42466388E+001  0.59569693E+001
 -0.72600367E+000 -0.56547256E+000 -0.32240080E+000 -0.13368343E+000 -0.68542930E-001 -0.11647334E-001  0.71621923E-002  0.93510642E+000  0.22166528E+001  0.42466388E+001  0.59569693E+001
 -0.72600367E+000 -0.56547256E+000 -0.32240080E+000 -0.13368343E+000 -0.68542930E-001 -0.11647334E-001  0.71621923E-002  0.93510642E+000  0.22166528E+001  0.42466388E+001  0.59569693E+001
 -0.72600367E+000 -0.56547256E+000 -0.32240080E+000 -0.13368343E+000 -0.68542930E-001 -0.11647334E-001  0.71621923E-002  0.93510642E+000  0.22166528E+001  0.42466388E+001  0.59569693E+001
 -0.72600367E+000 -0.56547256E+000 -0.32240080E+000 -0.13368343E+000 -0.68542930E-001 -0.11647334E-001  0.71621923E-002  0.93510642E+000  0.22166528E+001  0.42466388E+001  0.59569693E+001
 -0.72600367E+000 -0.56547256E+000 -0.32240080E+000 -0.13368343E+000 -0.68542930E-001 -0.11647334E-001  0.71621923E-002  0.93510642E+000  0.22166528E+001  0.42466388E+001  0.59569693E+001
 -0.72600367E+000 -0.56547256E+000 -0.32240080E+000 -0.13368343E+000 -0.68542930E-001 -0.11647334E-001  0.71621923E-002  0.93510641E+000  0.22166528E+001  0.42466388E+001  0.59569693E+001
 -0.72600367E+000 -0.56547256E+000 -0.32240080E+000 -0.13368343E+000 -0.68542930E-001 -0.11647334E-001  0.71621923E-002  0.93510641E+000  0.22166528E+001  0.42466388E+001  0.59569693E+001
 -0.72600367E+000 -0.56547256E+000 -0.32240080E+000 -0.13368343E+000 -0.68542930E-001 -0.11647334E-001  0.71621923E-002  0.93510641E+000  0.22166528E+001  0.42466388E+001  0.59569693E+001
 -0.72600367E+000 -0.56547256E+000 -0.32240080E+000 -0.13368343E+000 -0.68542930E-001 -0.11647333E-001  0.71621922E-002  0.93510641E+000  0.22166528E+001  0.42466388E+001  0.59569692E+001
 -0.72600367E+000 -0.56547256E+000 -0.32240080E+000 -0.13368343E+000 -0.68542930E-001 -0.11647333E-001  0.71621922E-002  0.93510641E+000  0.22166528E+001  0.42466388E+001  0.59569692E+001
 -0.72600367E+000 -0.56547256E+000 -0.32240080E+000 -0.13368343E+000 -0.68542930E-001 -0.11647333E-001  0.71621922E-002  0.93510641E+000  0.22166528E+001  0.42466388E+001  0.59569692E+001
 -0.72600367E+000 -0.56547256E+000 -0.32240080E+000 -0.13368343E+000 -0.68542930E-001 -0.11647333E-001  0.71621922E-002  0.93510640E+000  0.22166528E+001  0.42466388E+001  0.59569692E+001
 -0.72600367E+000 -0.56547256E+000 -0.32240080E+000 -0.13368343E+000 -0.68542930E-001 -0.11647333E-001  0.71621922E-002  0.93510640E+000  0.22166528E+001  0.42466388E+001  0.59569692E+001
 -0.72600367E+000 -0.56547256E+000 -0.32240080E+000 -0.13368343E+000 -0.68542930E-001 -0.11647333E-001  0.71621922E-002  0.93510640E+000  0.22166528E+001  0.42466388E+001  0.59569692E+001
 -0.72600367E+000 -0.56547256E+000 -0.32240080E+000 -0.13368343E+000 -0.68542930E-001 -0.11647333E-001  0.71621922E-002  0.93510640E+000  0.22166528E+001  0.42466388E+001  0.59569692E+001
 -0.72600367E+000 -0.56547256E+000 -0.32240080E+000 -0.13368343E+000 -0.68542930E-001 -0.11647333E-001  0.71621922E-002  0.93510640E+000  0.22166528E+001  0.42466388E+001  0.59569692E+001
 -0.72600367E+000 -0.56547256E+000 -0.32240080E+000 -0.13368343E+000 -0.68542930E-001 -0.11647333E-001  0.71621922E-002  0.93510640E+000  0.22166528E+001  0.42466388E+001  0.59569692E+001
 -0.72600367E+000 -0.56547256E+000 -0.32240079E+000 -0.13368343E+000 -0.68542930E-001 -0.11647333E-001  0.71621922E-002  0.93510639E+000  0.22166528E+001  0.42466388E+001  0.59569692E+001
 -0.72600367E+000 -0.56547256E+000 -0.32240079E+000 -0.13368343E+000 -0.68542930E-001 -0.11647333E-001  0.71621922E-002  0.93510639E+000  0.22166528E+001  0.42466388E+001  0.59569692E+001
 -0.72600367E+000 -0.56547256E+000 -0.32240079E+000 -0.13368343E+000 -0.68542930E-001 -0.11647333E-001  0.71621922E-002  0.93510639E+000  0.22166527E+001  0.42466388E+001  0.59569692E+001
 -0.72600367E+000 -0.56547256E+000 -0.32240079E+000 -0.13368342E+000 -0.68542930E-001 -0.11647333E-001  0.71621922E-002  0.93510639E+000  0.22166527E+001  0.42466388E+001  0.59569692E+001
 -0.72600367E+000 -0.56547256E+000 -0.32240079E+000 -0.13368342E+000 -0.68542930E-001 -0.11647333E-001  0.71621922E-002  0.93510639E+000  0.22166527E+001  0.42466388E+001  0.59569692E+001
 -0.72600367E+000 -0.56547255E+000 -0.32240079E+000 -0.13368342E+000 -0.68542930E-001 -0.11647333E-001  0.71621922E-002  0.93510639E+000  0.22166527E+001  0.42466388E+001  0.59569692E+001
 -0.72600367E+000 -0.56547255E+000 -0.32240079E+000 -0.13368342E+000 -0.68542930E-001 -0.11647333E-001  0.71621922E-002  0.93510639E+000  0.22166527E+001  0.42466388E+001  0.59569692E+001
 -0.72600367E+000 -0.56547255E+000 -0.32240079E+000 -0.13368342E+000 -0.68542929E-001 -0.11647333E-001  0.71621921E-002  0.93510639E+000  0.22166527E+001  0.42466388E+001  0.59569692E+001
 -0.72600367E+000 -0.56547255E+000 -0.32240079E+000 -0.13368342E+000 -0.68542929E-001 -0.11647333E-001  0.71621921E-002  0.93510638E+000  0.22166527E+001  0.42466388E+001  0.59569692E+001
 -0.72600367E+000 -0.56547255E+000 -0.32240079E+000 -0.13368342E+000 -0.68542929E-001 -0.11647333E-001  0.71621921E-002  0.93510638E+000  0.22166527E+001  0.42466388E+001  0.59569692E+001
 -0.72600367E+000 -0.56547255E+000 -0.32240079E+000 -0.13368342E+000 -0.68542929E-001 -0.11647333E-001  0.71621921E-002  0.93510638E+000  0.22166527E+001  0.42466388E+001  0.59569692E+001
 -0.72600367E+000 -0.56547255E+000 -0.32240079E+000 -0.13368342E+000 -0.68542929E-001 -0.11647333E-001  0.71621921E-002  0.93510638E+000  0.22166527E+001  0.42466388E+001  0.59569692E+001
 -0.72600367E+000 -0.56547255E+000 -0.32240079E+000 -0.13368342E+000 -0.68542929E-001 -0.11647333E-001  0.71621921E-002  0.93510638E+000  0.22166527E+001  0.42466388E+001  0.59569692E+001
 -0.72600367E+000 -0.56547255E+000 -0.32240079E+000 -0.13368342E+000 -0.68542929E-001 -0.11647333E-001  0.71621921E-002  0.93510638E+000  0.22166527E+001  0.42466388E+001  0.59569692E+001
 -0.72600366E+000 -0.56547255E+000 -0.32240079E+000 -0.13368342E+000 -0.68542929E-001 -0.11647333E-001  0.71621921E-002  0.93510638E+000  0.22166527E+001  0.42466388E+001  0.59569692E+001
 -0.72600366E+000 -0.56547255E+000 -0.32240079E+000 -0.13368342E+000 -0.68542929E-001 -0.11647333E-001  0.71621921E-002  0.93510638E+000  0.22166527E+001  0.42466388E+001  0.59569692E+001
 -0.72600366E+000 -0.56547255E+000 -0.32240079E+000 -0.13368342E+000 -0.68542929E-001 -0.11647333E-001  0.71621921E-002  0.93510638E+000  0.22166527E+001  0.42466388E+001  0.59569692E+001
 -0.72600366E+000 -0.56547255E+000 -0.32240079E+000 -0.13368342E+000 -0.68542929E-001 -0.11647333E-001  0.71621921E-002  0.93510637E+000  0.22166527E+001  0.42466388E+001  0.59569692E+001
 -0.72600366E+000 -0.56547255E+000 -0.32240079E+000 -0.13368342E+000 -0.68542929E-001 -0.11647333E-001  0.71621921E-002  0.93510637E+000  0.22166527E+001  0.42466388E+001  0.59569692E+001
 -0.72600366E+000 -0.56547255E+000 -0.32240079E+000 -0.13368342E+000 -0.68542929E-001 -0.11647333E-001  0.71621921E-002  0.93510637E+000  0.22166527E+001  0.42466387E+001  0.59569692E+001
 -0.72600366E+000 -0.56547255E+000 -0.32240079E+000 -0.13368342E+000 -0.68542929E-001 -0.11647333E-001  0.71621921E-002  0.93510637E+000  0.22166527E+001  0.42466387E+001  0.59569692E+001
 -0.72600366E+000 -0.56547255E+000 -0.32240079E+000 -0.13368342E+000 -0.68542929E-001 -0.11647333E-001  0.71621921E-002  0.93510637E+000  0.22166527E+001  0.42466387E+001  0.59569692E+001
 -0.72600366E+000 -0.56547255E+000 -0.32240079E+000 -0.13368342E+000 -0.68542929E-001 -0.11647333E-001  0.71621921E-002  0.93510637E+000  0.22166527E+001  0.42466387E+001  0.59569692E+001
 -0.72600366E+000 -0.56547255E+000 -0.32240079E+000 -0.13368342E+000 -0.68542929E-001 -0.11647332E-001  0.71621921E-002  0.93510637E+000  0.22166527E+001  0.42466387E+001  0.59569692E+001
 -0.72600366E+000 -0.56547255E+000 -0.32240079E+000 -0.13368342E+000 -0.68542929E-001 -0.11647332E-001  0.71621921E-002  0.93510637E+000  0.22166527E+001  0.42466387E+001  0.59569692E+001
 -0.72600366E+000 -0.56547255E+000 -0.32240079E+000 -0.13368342E+000 -0.68542929E-001 -0.11647332E-001  0.71621921E-002  0.93510637E+000  0.22166527E+001  0.42466387E+001  0.59569692E+001
 -0.72600366E+000 -0.56547255E+000 -0.32240079E+000 -0.13368342E+000 -0.68542929E-001 -0.11647332E-001  0.71621921E-002  0.93510637E+000  0.22166527E+001  0.42466387E+001  0.59569692E+001
 -0.72600366E+000 -0.56547255E+000 -0.32240079E+000 -0.13368342E+000 -0.68542929E-001 -0.11647332E-001  0.71621921E-002  0.93510637E+000  0.22166527E+001  0.42466387E+001  0.59569692E+001
 -0.72600366E+000 -0.56547255E+000 -0.32240079E+000 -0.13368342E+000 -0.68542929E-001 -0.11647332E-001  0.71621921E-002  0.93510636E+000  0.22166527E+001  0.42466387E+001  0.59569692E+001
 -0.72600366E+000 -0.56547255E+000 -0.32240079E+000 -0.13368342E+000 -0.68542929E-001 -0.11647332E-001  0.71621921E-002  0.93510636E+000  0.22166527E+001  0.42466387E+001  0.59569692E+001
 -0.72600366E+000 -0.56547255E+000 -0.32240079E+000 -0.13368342E+000 -0.68542929E-001 -0.11647332E-001  0.71621921E-002  0.93510636E+000  0.22166527E+001  0.42466387E+001  0.59569692E+001
 -0.72600366E+000 -0.56547255E+000 -0.32240079E+000 -0.13368342E+000 -0.68542929E-001 -0.11647332E-001  0.71621920E-002  0.93510636E+000  0.22166527E+001  0.42466387E+001  0.59569692E+001
 -0.72600366E+000 -0.56547255E+000 -0.32240079E+000 -0.13368342E+000 -0.68542929E-001 -0.11647332E-001  0.71621920E-002  0.93510636E+000  0.22166527E+001  0.42466387E+001  0.59569692E+001
 -0.72600366E+000 -0.56547255E+000 -0.32240079E+000 -0.13368342E+000 -0.68542929E-001 -0.11647332E-001  0.71621920E-002  0.93510636E+000  0.22166527E+001  0.42466387E+001  0.59569692E+001
 -0.72600366E+000 -0.56547255E+000 -0.32240079E+000 -0.13368342E+000 -0.68542929E-001 -0.11647332E-001  0.71621920E-002  0.93510636E+000  0.22166527E+001  0.42466387E+001  0.59569692E+001
 -0.72600366E+000 -0.56547255E+000 -0.32240079E+000 -0.13368342E+000 -0.68542929E-001 -0.11647332E-001  0.71621920E-002  0.93510636E+000  0.22166527E+001  0.42466387E+001  0.59569692E+001
 -0.72600366E+000 -0.56547255E+000 -0.32240079E+000 -0.13368342E+000 -0.68542929E-001 -0.11647332E-001  0.71621920E-002  0.93510636E+000  0.22166527E+001  0.42466387E+001  0.59569692E+001
 -0.72600366E+000 -0.56547255E+000 -0.32240079E+000 -0.13368342E+000 -0.68542929E-001 -0.11647332E-001  0.71621920E-002  0.93510636E+000  0.22166527E+001  0.42466387E+001  0.59569691E+001
 -0.72600366E+000 -0.56547255E+000 -0.32240079E+000 -0.13368342E+000 -0.68542929E-001 -0.11647332E-001  0.71621920E-002  0.93510636E+000  0.22166527E+001  0.42466387E+001  0.59569691E+001
 -0.72600366E+000 -0.56547255E+000 -0.32240079E+000 -0.13368342E+000 -0.68542929E-001 -0.11647332E-001  0.71621920E-002  0.93510636E+000  0.22166527E+001  0.42466387E+001  0.59569691E+001
 -0.72600366E+000 -0.56547255E+000 -0.32240079E+000 -0.13368342E+000 -0.68542929E-001 -0.11647332E-001  0.71621920E-002  0.93510636E+000  0.22166527E+001  0.42466387E+001  0.59569691E+001
 -0.72600366E+000 -0.56547255E+000 -0.32240079E+000 -0.13368342E+000 -0.68542929E-001 -0.11647332E-001  0.71621920E-002  0.93510636E+000  0.22166527E+001  0.42466387E+001  0.59569691E+001
 -0.72600366E+000 -0.56547255E+000 -0.32240079E+000 -0.13368342E+000 -0.68542929E-001 -0.11647332E-001  0.71621920E-002  0.93510636E+000  0.22166527E+001  0.42466387E+001  0.59569691E+001
 -0.72600366E+000 -0.56547255E+000 -0.32240079E+000 -0.13368342E+000 -0.68542929E-001 -0.11647332E-001  0.71621920E-002  0.93510636E+000  0.22166527E+001  0.42466387E+001  0.59569691E+001
 -0.72600366E+000 -0.56547255E+000 -0.32240079E+000 -0.13368342E+000 -0.68542929E-001 -0.11647332E-001  0.71621920E-002  0.93510636E+000  0.22166527E+001  0.42466387E+001  0.59569691E+001
 -0.72600366E+000 -0.56547255E+000 -0.32240079E+000 -0.13368342E+000 -0.68542929E-001 -0.11647332E-001  0.71621920E-002  0.93510636E+000  0.22166527E+001  0.42466387E+001  0.59569691E+001
 -0.72600366E+000 -0.56547255E+000 -0.32240079E+000 -0.13368342E+000 -0.68542929E-001 -0.11647332E-001  0.71621920E-002  0.93510636E+000  0.22166527E+001  0.42466387E+001  0.59569691E+001
 -0.72600366E+000 -0.56547255E+000 -0.32240079E+000 -0.13368342E+000 -0.68542929E-001 -0.11647332E-001  0.71621920E-002  0.93510635E+000  0.22166527E+001  0.42466387E+001  0.59569691E+001
 -0.72600366E+000 -0.56547255E+000 -0.32240079E+000 -0.13368342E+000 -0.68542929E-001 -0.11647332E-001  0.71621920E-002  0.93510635E+000  0.22166527E+001  0.42466387E+001  0.59569691E+001
 -0.72600366E+000 -0.56547255E+000 -0.32240079E+000 -0.13368342E+000 -0.68542929E-001 -0.11647332E-001  0.71621920E-002  0.93510635E+000  0.22166527E+001  0.42466387E+001  0.59569691E+001
 -0.72600366E+000 -0.56547255E+000 -0.32240079E+000 -0.13368342E+000 -0.68542929E-001 -0.11647332E-001  0.71621920E-002  0.93510635E+000  0.22166527E+001  0.42466387E+001  0.59569691E+001
 -0.72600366E+000 -0.56547255E+000 -0.32240079E+000 -0.13368342E+000 -0.68542929E-001 -0.11647332E-001  0.71621920E-002  0.93510635E+000  0.22166527E+001  0.42466387E+001  0.59569691E+001
 -0.72600366E+000 -0.56547255E+000 -0.32240079E+000 -0.13368342E+000 -0.68542929E-001 -0.11647332E-001  0.71621920E-002  0.93510635E+000  0.22166527E+001  0.42466387E+001  0.59569691E+001
 -0.72600366E+000 -0.56547255E+000 -0.32240079E+000 -0.13368342E+000 -0.68542929E-001 -0.11647332E-001  0.71621920E-002  0.93510635E+000  0.22166527E+001  0.42466387E+001  0.59569691E+001
 -0.72600366E+000 -0.56547255E+000 -0.32240079E+000 -0.13368342E+000 -0.68542929E-001 -0.11647332E-001  0.71621920E-002  0.93510635E+000  0.22166527E+001  0.42466387E+001  0.59569691E+001
 -0.72600366E+000 -0.56547255E+000 -0.32240079E+000 -0.13368342E+000 -0.68542929E-001 -0.11647332E-001  0.71621920E-002  0.93510635E+000  0.22166527E+001  0.42466387E+001  0.59569691E+001
 -0.72600366E+000 -0.56547255E+000 -0.32240078E+000 -0.13368342E+000 -0.68542929E-001 -0.11647332E-001  0.71621920E-002  0.93510635E+000  0.22166527E+001  0.42466387E+001  0.59569691E+001
 -0.72600366E+000 -0.56547255E+000 -0.32240078E+000 -0.13368342E+000 -0.68542929E-001 -0.11647332E-001  0.71621920E-002  0.93510635E+000  0.22166527E+001  0.42466387E+001  0.59569691E+001
 -0.72600366E+000 -0.56547255E+000 -0.32240078E+000 -0.13368342E+000 -0.68542929E-001 -0.11647332E-001  0.71621920E-002  0.93510635E+000  0.22166527E+001  0.42466387E+001  0.59569691E+001
 -0.72600366E+000 -0.56547255E+000 -0.32240078E+000 -0.13368342E+000 -0.68542929E-001 -0.11647332E-001  0.71621920E-002  0.93510635E+000  0.22166527E+001  0.42466387E+001  0.59569691E+001
 -0.72600366E+000 -0.56547255E+000 -0.32240078E+000 -0.13368342E+000 -0.68542929E-001 -0.11647332E-001  0.71621920E-002  0.93510635E+000  0.22166527E+001  0.42466387E+001  0.59569691E+001
 -0.72600366E+000 -0.56547255E+000 -0.32240078E+000 -0.13368342E+000 -0.68542929E-001 -0.11647332E-001  0.71621920E-002  0.93510635E+000  0.22166527E+001  0.42466387E+001  0.59569691E+001
 -0.72600366E+000 -0.56547255E+000 -0.32240078E+000 -0.13368342E+000 -0.68542929E-001 -0.11647332E-001  0.71621920E-002  0.93510635E+000  0.22166527E+001  0.42466387E+001  0.59569691E+001
 -0.72600366E+000 -0.56547255E+000 -0.32240078E+000 -0.13368342E+000 -0.68542929E-001 -0.11647332E-001  0.71621920E-002  0.93510635E+000  0.22166527E+001  0.42466387E+001  0.59569691E+001
 -0.72600366E+000 -0.56547255E+000 -0.32240078E+000 -0.13368342E+000 -0.68542929E-001 -0.11647332E-001  0.71621920E-002  0.93510635E+000  0.22166527E+001  0.42466387E+001  0.59569691E+001
 -0.72600366E+000 -0.56547255E+000 -0.32240078E+000 -0.13368342E+000 -0.68542929E-001 -0.11647332E-001  0.71621920E-002  0.93510635E+000  0.22166527E+001  0.42466387E+001  0.59569691E+001
 -0.72600366E+000 -0.56547255E+000 -0.32240078E+000 -0.13368342E+000 -0.68542929E-001 -0.11647332E-001  0.71621920E-002  0.93510635E+000  0.22166527E+001  0.42466387E+001  0.59569691E+001
 -0.72600366E+000 -0.56547255E+000 -0.32240078E+000 -0.13368342E+000 -0.68542929E-001 -0.11647333E-001  0.71621920E-002  0.93510635E+000  0.22166527E+001  0.42466387E+001  0.59569691E+001
 -0.72600366E+000 -0.56547255E+000 -0.32240078E+000 -0.13368342E+000 -0.68542929E-001 -0.11647333E-001  0.71621920E-002  0.93510635E+000  0.22166527E+001  0.42466387E+001  0.59569691E+001
 -0.72600366E+000 -0.56547255E+000 -0.32240078E+000 -0.13368342E+000 -0.68542929E-001 -0.11647333E-001  0.71621920E-002  0.93510635E+000  0.22166527E+001  0.42466387E+001  0.59569691E+001
 -0.72600366E+000 -0.56547255E+000 -0.32240078E+000 -0.13368342E+000 -0.68542929E-001 -0.11647333E-001  0.71621920E-002  0.93510635E+000  0.22166527E+001  0.42466387E+001  0.59569691E+001
 -0.72600366E+000 -0.56547255E+000 -0.32240078E+000 -0.13368342E+000 -0.68542929E-001 -0.11647333E-001  0.71621920E-002  0.93510635E+000  0.22166527E+001  0.42466387E+001  0.59569691E+001
 -0.72600366E+000 -0.56547255E+000 -0.32240078E+000 -0.13368342E+000 -0.68542929E-001 -0.11647333E-001  0.71621920E-002  0.93510635E+000  0.22166527E+001  0.42466387E+001  0.59569692E+001
 -0.72600366E+000 -0.56547255E+000 -0.32240078E+000 -0.13368342E+000 -0.68542929E-001 -0.11647334E-001  0.71621920E-002  0.93510635E+000  0.22166527E+001  0.42466387E+001  0.59569692E+001
 -0.72600366E+000 -0.56547255E+000 -0.32240079E+000 -0.13368342E+000 -0.68542929E-001 -0.11647334E-001  0.71621920E-002  0.93510636E+000  0.22166527E+001  0.42466387E+001  0.59569692E+001
 -0.72600366E+000 -0.56547255E+000 -0.32240079E+000 -0.13368342E+000 -0.68542930E-001 -0.11647334E-001  0.71621920E-002  0.93510636E+000  0.22166527E+001  0.42466387E+001  0.59569692E+001
 -0.72600366E+000 -0.56547255E+000 -0.32240079E+000 -0.13368342E+000 -0.68542930E-001 -0.11647335E-001  0.71621920E-002  0.93510636E+000  0.22166527E+001  0.42466387E+001  0.59569692E+001
 -0.72600366E+000 -0.56547255E+000 -0.32240079E+000 -0.13368342E+000 -0.68542930E-001 -0.11647335E-001  0.71621920E-002  0.93510636E+000  0.22166527E+001  0.42466387E+001  0.59569692E+001
 -0.72600366E+000 -0.56547255E+000 -0.32240079E+000 -0.13368342E+000 -0.68542930E-001 -0.11647336E-001  0.71621920E-002  0.93510636E+000  0.22166527E+001  0.42466388E+001  0.59569692E+001
 -0.72600366E+000 -0.56547255E+000 -0.32240079E+000 -0.13368342E+000 -0.68542930E-001 -0.11647337E-001  0.71621920E-002  0.93510637E+000  0.22166527E+001  0.42466388E+001  0.59569692E+001
 -0.72600366E+000 -0.56547255E+000 -0.32240079E+000 -0.13368342E+000 -0.68542931E-001 -0.11647337E-001  0.71621920E-002  0.93510637E+000  0.22166527E+001  0.42466388E+001  0.59569692E+001
 -0.72600366E+000 -0.56547255E+000 -0.32240079E+000 -0.13368342E+000 -0.68542931E-001 -0.11647338E-001  0.71621920E-002  0.93510637E+000  0.22166527E+001  0.42466388E+001  0.59569692E+001
 -0.72600367E+000 -0.56547255E+000 -0.32240079E+000 -0.13368342E+000 -0.68542932E-001 -0.11647339E-001  0.71621920E-002  0.93510637E+000  0.22166527E+001  0.42466388E+001  0.59569692E+001
 -0.72600367E+000 -0.56547256E+000 -0.32240080E+000 -0.13368342E+000 -0.68542932E-001 -0.11647340E-001  0.71621919E-002  0.93510638E+000  0.22166527E+001  0.42466388E+001  0.59569693E+001
 -0.72600367E+000 -0.56547256E+000 -0.32240081E+000 -0.13368343E+000 -0.68542933E-001 -0.11647342E-001  0.71621919E-002  0.93510637E+000  0.22166527E+001  0.42466388E+001  0.59569693E+001
 -0.72600368E+000 -0.56547257E+000 -0.32240083E+000 -0.13368344E+000 -0.68542934E-001 -0.11647344E-001  0.71621918E-002  0.93510636E+000  0.22166527E+001  0.42466388E+001  0.59569693E+001
 -0.72600370E+000 -0.56547259E+000 -0.32240085E+000 -0.13368345E+000 -0.68542936E-001 -0.11647348E-001  0.71621915E-002  0.93510634E+000  0.22166527E+001  0.42466388E+001  0.59569692E+001
