 -0.71029513E+000 -0.54561375E+000 -0.29240243E+000 -0.99183791E-001 -0.45828608E-001  0.62017745E+000  0.11158804E+002  0.39851989E+002  0.74941143E+002  0.11297014E+003  0.14887899E+003
 -0.71029513E+000 -0.54561375E+000 -0.29240243E+000 -0.99183791E-001 -0.45828615E-001  0.62017745E+000  0.11158804E+002  0.39851989E+002  0.74941143E+002  0.11297014E+003  0.14887899E+003
 -0.71029513E+000 -0.54561375E+000 -0.29240243E+000 -0.99183792E-001 -0.45828621E-001  0.62017745E+000  0.11158804E+002  0.39851989E+002  0.74941143E+002  0.11297014E+003  0.14887899E+003
 -0.71029513E+000 -0.54561375E+000 -0.29240243E+000 -0.99183792E-001 -0.45828626E-001  0.62017745E+000  0.11158804E+002  0.39851989E+002  0.74941143E+002  0.11297014E+003  0.14887899E+003
 -0.71029513E+000 -0.54561375E+000 -0.29240243E+000 -0.99183792E-001 -0.45828629E-001  0.62017745E+000  0.11158804E+002  0.39851989E+002  0.74941143E+002  0.11297014E+003  0.14887899E+003
 -0.71029513E+000 -0.54561375E+000 -0.29240243E+000 -0.99183792E-001 -0.45828631E-001  0.62017745E+000  0.11158804E+002  0.39851988E+002  0.74941143E+002  0.11297014E+003  0.14887899E+003
 -0.71029513E+000 -0.54561375E+000 -0.29240243E+000 -0.99183792E-001 -0.45828633E-001  0.62017744E+000  0.11158804E+002  0.39851988E+002  0.74941143E+002  0.11297014E+003  0.14887899E+003
 -0.71029513E+000 -0.54561375E+000 -0.29240243E+000 -0.99183792E-001 -0.45828635E-001  0.62017744E+000  0.11158804E+002  0.39851988E+002  0.74941143E+002  0.11297014E+003  0.14887899E+003
 -0.71029513E+000 -0.54561375E+000 -0.29240243E+000 -0.99183792E-001 -0.45828636E-001  0.62017744E+000  0.11158804E+002  0.39851988E+002  0.74941143E+002  0.11297014E+003  0.14887899E+003
 -0.71029513E+000 -0.54561375E+000 -0.29240243E+000 -0.99183792E-001 -0.45828637E-001  0.62017744E+000  0.11158804E+002  0.39851988E+002  0.74941143E+002  0.11297014E+003  0.14887899E+003
 -0.71029513E+000 -0.54561375E+000 -0.29240243E+000 -0.99183792E-001 -0.45828637E-001  0.62017743E+000  0.11158804E+002  0.39851988E+002  0.74941143E+002  0.11297014E+003  0.14887899E+003
 -0.71029513E+000 -0.54561375E+000 -0.29240243E+000 -0.99183792E-001 -0.45828638E-001  0.62017743E+000  0.11158804E+002  0.39851988E+002  0.74941143E+002  0.11297014E+003  0.14887899E+003
 -0.71029513E+000 -0.54561375E+000 -0.29240243E+000 -0.99183792E-001 -0.45828638E-001  0.62017743E+000  0.11158804E+002  0.39851988E+002  0.74941143E+002  0.11297014E+003  0.14887899E+003
 -0.71029514E+000 -0.54561375E+000 -0.29240243E+000 -0.99183792E-001 -0.45828638E-001  0.62017743E+000  0.11158804E+002  0.39851987E+002  0.74941143E+002  0.11297014E+003  0.14887899E+003
 -0.71029514E+000 -0.54561375E+000 -0.29240243E+000 -0.99183792E-001 -0.45828639E-001  0.62017743E+000  0.11158804E+002  0.39851987E+002  0.74941143E+002  0.11297014E+003  0.14887899E+003
 -0.71029514E+000 -0.54561375E+000 -0.29240243E+000 -0.99183792E-001 -0.45828639E-001  0.62017742E+000  0.11158804E+002  0.39851987E+002  0.74941143E+002  0.11297014E+003  0.14887899E+003
 -0.71029514E+000 -0.54561375E+000 -0.29240243E+000 -0.99183792E-001 -0.45828639E-001  0.62017742E+000  0.11158804E+002  0.39851987E+002  0.74941143E+002  0.11297014E+003  0.14887899E+003
 -0.71029514E+000 -0.54561376E+000 -0.29240243E+000 -0.99183792E-001 -0.45828639E-001  0.62017742E+000  0.11158804E+002  0.39851987E+002  0.74941143E+002  0.11297014E+003  0.14887899E+003
 -0.71029514E+000 -0.54561376E+000 -0.29240243E+000 -0.99183792E-001 -0.45828639E-001  0.62017742E+000  0.11158804E+002  0.39851987E+002  0.74941143E+002  0.11297014E+003  0.14887899E+003
 -0.71029514E+000 -0.54561376E+000 -0.29240243E+000 -0.99183792E-001 -0.45828639E-001  0.62017741E+000  0.11158804E+002  0.39851987E+002  0.74941143E+002  0.11297014E+003  0.14887899E+003
 -0.71029514E+000 -0.54561376E+000 -0.29240243E+000 -0.99183792E-001 -0.45828639E-001  0.62017741E+000  0.11158804E+002  0.39851986E+002  0.74941143E+002  0.11297014E+003  0.14887899E+003
 -0.71029514E+000 -0.54561376E+000 -0.29240243E+000 -0.99183792E-001 -0.45828640E-001  0.62017741E+000  0.11158804E+002  0.39851986E+002  0.74941143E+002  0.11297014E+003  0.14887899E+003
 -0.71029514E+000 -0.54561376E+000 -0.29240243E+000 -0.99183792E-001 -0.45828640E-001  0.62017741E+000  0.11158804E+002  0.39851986E+002  0.74941143E+002  0.11297014E+003  0.14887899E+003
 -0.71029514E+000 -0.54561376E+000 -0.29240243E+000 -0.99183792E-001 -0.45828640E-001  0.62017741E+000  0.11158804E+002  0.39851986E+002  0.74941143E+002  0.11297014E+003  0.14887899E+003
 -0.71029514E+000 -0.54561376E+000 -0.29240243E+000 -0.99183792E-001 -0.45828640E-001  0.62017740E+000  0.11158804E+002  0.39851986E+002  0.74941143E+002  0.11297014E+003  0.14887899E+003
 -0.71029514E+000 -0.54561376E+000 -0.29240243E+000 -0.99183792E-001 -0.45828640E-001  0.62017740E+000  0.11158804E+002  0.39851986E+002  0.74941143E+002  0.11297014E+003  0.14887899E+003
 -0.71029514E+000 -0.54561376E+000 -0.29240243E+000 -0.99183792E-001 -0.45828640E-001  0.62017740E+000  0.11158804E+002  0.39851986E+002  0.74941143E+002  0.11297014E+003  0.14887899E+003
 -0.71029514E+000 -0.54561376E+000 -0.29240243E+000 -0.99183792E-001 -0.45828640E-001  0.62017739E+000  0.11158804E+002  0.39851985E+002  0.74941143E+002  0.11297014E+003  0.14887899E+003
 -0.71029514E+000 -0.54561376E+000 -0.29240243E+000 -0.99183792E-001 -0.45828640E-001  0.62017739E+000  0.11158804E+002  0.39851985E+002  0.74941143E+002  0.11297014E+003  0.14887899E+003
 -0.71029514E+000 -0.54561376E+000 -0.29240243E+000 -0.99183792E-001 -0.45828640E-001  0.62017739E+000  0.11158804E+002  0.39851985E+002  0.74941143E+002  0.11297014E+003  0.14887899E+003
 -0.71029514E+000 -0.54561376E+000 -0.29240243E+000 -0.99183792E-001 -0.45828640E-001  0.62017739E+000  0.11158804E+002  0.39851985E+002  0.74941143E+002  0.11297014E+003  0.14887899E+003
 -0.71029514E+000 -0.54561376E+000 -0.29240243E+000 -0.99183792E-001 -0.45828640E-001  0.62017738E+000  0.11158804E+002  0.39851985E+002  0.74941143E+002  0.11297014E+003  0.14887899E+003
 -0.71029514E+000 -0.54561376E+000 -0.29240243E+000 -0.99183792E-001 -0.45828640E-001  0.62017738E+000  0.11158804E+002  0.39851985E+002  0.74941143E+002  0.11297014E+003  0.14887899E+003
 -0.71029514E+000 -0.54561376E+000 -0.29240243E+000 -0.99183792E-001 -0.45828640E-001  0.62017738E+000  0.11158804E+002  0.39851984E+002  0.74941143E+002  0.11297014E+003  0.14887899E+003
 -0.71029514E+000 -0.54561376E+000 -0.29240243E+000 -0.99183792E-001 -0.45828640E-001  0.62017737E+000  0.11158804E+002  0.39851984E+002  0.74941143E+002  0.11297014E+003  0.14887899E+003
 -0.71029514E+000 -0.54561376E+000 -0.29240243E+000 -0.99183792E-001 -0.45828640E-001  0.62017737E+000  0.11158804E+002  0.39851984E+002  0.74941143E+002  0.11297014E+003  0.14887899E+003
 -0.71029514E+000 -0.54561376E+000 -0.29240244E+000 -0.99183793E-001 -0.45828640E-001  0.62017737E+000  0.11158804E+002  0.39851984E+002  0.74941143E+002  0.11297014E+003  0.14887899E+003
 -0.71029514E+000 -0.54561376E+000 -0.29240244E+000 -0.99183793E-001 -0.45828640E-001  0.62017736E+000  0.11158804E+002  0.39851984E+002  0.74941143E+002  0.11297014E+003  0.14887899E+003
 -0.71029514E+000 -0.54561376E+000 -0.29240244E+000 -0.99183793E-001 -0.45828641E-001  0.62017736E+000  0.11158804E+002  0.39851983E+002  0.74941143E+002  0.11297014E+003  0.14887899E+003
 -0.71029514E+000 -0.54561376E+000 -0.29240244E+000 -0.99183793E-001 -0.45828641E-001  0.62017735E+000  0.11158804E+002  0.39851983E+002  0.74941143E+002  0.11297014E+003  0.14887899E+003
 -0.71029514E+000 -0.54561376E+000 -0.29240244E+000 -0.99183793E-001 -0.45828641E-001  0.62017735E+000  0.11158804E+002  0.39851983E+002  0.74941143E+002  0.11297014E+003  0.14887899E+003
 -0.71029514E+000 -0.54561376E+000 -0.29240244E+000 -0.99183793E-001 -0.45828641E-001  0.62017735E+000  0.11158804E+002  0.39851983E+002  0.74941143E+002  0.11297014E+003  0.14887899E+003
 -0.71029514E+000 -0.54561376E+000 -0.29240244E+000 -0.99183793E-001 -0.45828641E-001  0.62017734E+000  0.11158804E+002  0.39851982E+002  0.74941143E+002  0.11297014E+003  0.14887899E+003
 -0.71029514E+000 -0.54561376E+000 -0.29240244E+000 -0.99183793E-001 -0.45828641E-001  0.62017734E+000  0.11158804E+002  0.39851982E+002  0.74941143E+002  0.11297014E+003  0.14887899E+003
 -0.71029514E+000 -0.54561376E+000 -0.29240244E+000 -0.99183793E-001 -0.45828641E-001  0.62017733E+000  0.11158804E+002  0.39851982E+002  0.74941143E+002  0.11297014E+003  0.14887899E+003
 -0.71029514E+000 -0.54561376E+000 -0.29240244E+000 -0.99183793E-001 -0.45828641E-001  0.62017733E+000  0.11158804E+002  0.39851982E+002  0.74941143E+002  0.11297014E+003  0.14887899E+003
 -0.71029514E+000 -0.54561376E+000 -0.29240244E+000 -0.99183793E-001 -0.45828641E-001  0.62017732E+000  0.11158804E+002  0.39851981E+002  0.74941143E+002  0.11297014E+003  0.14887899E+003
 -0.71029514E+000 -0.54561376E+000 -0.29240244E+000 -0.99183793E-001 -0.45828641E-001  0.62017732E+000  0.11158804E+002  0.39851981E+002  0.74941143E+002  0.11297014E+003  0.14887899E+003
 -0.71029515E+000 -0.54561376E+000 -0.29240244E+000 -0.99183793E-001 -0.45828641E-001  0.62017731E+000  0.11158804E+002  0.39851981E+002  0.74941143E+002  0.11297014E+003  0.14887899E+003
 -0.71029515E+000 -0.54561376E+000 -0.29240244E+000 -0.99183793E-001 -0.45828642E-001  0.62017731E+000  0.11158804E+002  0.39851980E+002  0.74941143E+002  0.11297014E+003  0.14887899E+003
 -0.71029515E+000 -0.54561376E+000 -0.29240244E+000 -0.99183793E-001 -0.45828642E-001  0.62017730E+000  0.11158804E+002  0.39851980E+002  0.74941143E+002  0.11297014E+003  0.14887899E+003
 -0.71029515E+000 -0.54561376E+000 -0.29240244E+000 -0.99183793E-001 -0.45828642E-001  0.62017729E+000  0.11158804E+002  0.39851980E+002  0.74941143E+002  0.11297014E+003  0.14887899E+003
 -0.71029515E+000 -0.54561376E+000 -0.29240244E+000 -0.99183793E-001 -0.45828642E-001  0.62017729E+000  0.11158804E+002  0.39851979E+002  0.74941142E+002  0.11297014E+003  0.14887899E+003
 -0.71029515E+000 -0.54561377E+000 -0.29240244E+000 -0.99183793E-001 -0.45828642E-001  0.62017728E+000  0.11158804E+002  0.39851979E+002  0.74941142E+002  0.11297014E+003  0.14887899E+003
 -0.71029515E+000 -0.54561377E+000 -0.29240244E+000 -0.99183793E-001 -0.45828642E-001  0.62017728E+000  0.11158804E+002  0.39851979E+002  0.74941142E+002  0.11297014E+003  0.14887899E+003
 -0.71029515E+000 -0.54561377E+000 -0.29240244E+000 -0.99183793E-001 -0.45828642E-001  0.62017727E+000  0.11158804E+002  0.39851978E+002  0.74941142E+002  0.11297014E+003  0.14887899E+003
 -0.71029515E+000 -0.54561377E+000 -0.29240244E+000 -0.99183793E-001 -0.45828643E-001  0.62017726E+000  0.11158804E+002  0.39851978E+002  0.74941142E+002  0.11297014E+003  0.14887899E+003
 -0.71029515E+000 -0.54561377E+000 -0.29240244E+000 -0.99183793E-001 -0.45828643E-001  0.62017726E+000  0.11158804E+002  0.39851977E+002  0.74941142E+002  0.11297014E+003  0.14887899E+003
 -0.71029515E+000 -0.54561377E+000 -0.29240244E+000 -0.99183793E-001 -0.45828643E-001  0.62017725E+000  0.11158804E+002  0.39851977E+002  0.74941142E+002  0.11297014E+003  0.14887899E+003
 -0.71029515E+000 -0.54561377E+000 -0.29240244E+000 -0.99183794E-001 -0.45828643E-001  0.62017724E+000  0.11158804E+002  0.39851977E+002  0.74941142E+002  0.11297014E+003  0.14887899E+003
 -0.71029515E+000 -0.54561377E+000 -0.29240244E+000 -0.99183794E-001 -0.45828643E-001  0.62017724E+000  0.11158804E+002  0.39851976E+002  0.74941142E+002  0.11297014E+003  0.14887899E+003
 -0.71029515E+000 -0.54561377E+000 -0.29240244E+000 -0.99183794E-001 -0.45828643E-001  0.62017723E+000  0.11158804E+002  0.39851976E+002  0.74941142E+002  0.11297014E+003  0.14887899E+003
 -0.71029515E+000 -0.54561377E+000 -0.29240244E+000 -0.99183794E-001 -0.45828644E-001  0.62017722E+000  0.11158804E+002  0.39851975E+002  0.74941142E+002  0.11297014E+003  0.14887899E+003
 -0.71029515E+000 -0.54561377E+000 -0.29240244E+000 -0.99183794E-001 -0.45828644E-001  0.62017722E+000  0.11158804E+002  0.39851975E+002  0.74941142E+002  0.11297014E+003  0.14887899E+003
 -0.71029515E+000 -0.54561377E+000 -0.29240245E+000 -0.99183794E-001 -0.45828644E-001  0.62017721E+000  0.11158804E+002  0.39851974E+002  0.74941142E+002  0.11297014E+003  0.14887899E+003
 -0.71029515E+000 -0.54561377E+000 -0.29240245E+000 -0.99183794E-001 -0.45828644E-001  0.62017720E+000  0.11158804E+002  0.39851974E+002  0.74941142E+002  0.11297014E+003  0.14887899E+003
 -0.71029515E+000 -0.54561377E+000 -0.29240245E+000 -0.99183794E-001 -0.45828644E-001  0.62017719E+000  0.11158804E+002  0.39851973E+002  0.74941142E+002  0.11297014E+003  0.14887899E+003
 -0.71029516E+000 -0.54561377E+000 -0.29240245E+000 -0.99183794E-001 -0.45828645E-001  0.62017719E+000  0.11158804E+002  0.39851973E+002  0.74941142E+002  0.11297014E+003  0.14887899E+003
 -0.71029516E+000 -0.54561377E+000 -0.29240245E+000 -0.99183794E-001 -0.45828645E-001  0.62017718E+000  0.11158804E+002  0.39851972E+002  0.74941142E+002  0.11297014E+003  0.14887899E+003
 -0.71029516E+000 -0.54561377E+000 -0.29240245E+000 -0.99183794E-001 -0.45828645E-001  0.62017717E+000  0.11158804E+002  0.39851972E+002  0.74941142E+002  0.11297014E+003  0.14887899E+003
 -0.71029516E+000 -0.54561377E+000 -0.29240245E+000 -0.99183794E-001 -0.45828645E-001  0.62017716E+000  0.11158804E+002  0.39851971E+002  0.74941142E+002  0.11297014E+003  0.14887899E+003
 -0.71029516E+000 -0.54561378E+000 -0.29240245E+000 -0.99183794E-001 -0.45828645E-001  0.62017716E+000  0.11158804E+002  0.39851970E+002  0.74941142E+002  0.11297014E+003  0.14887899E+003
 -0.71029516E+000 -0.54561378E+000 -0.29240245E+000 -0.99183795E-001 -0.45828646E-001  0.62017715E+000  0.11158804E+002  0.39851970E+002  0.74941142E+002  0.11297014E+003  0.14887899E+003
 -0.71029516E+000 -0.54561378E+000 -0.29240245E+000 -0.99183795E-001 -0.45828646E-001  0.62017714E+000  0.11158804E+002  0.39851969E+002  0.74941142E+002  0.11297014E+003  0.14887899E+003
 -0.71029516E+000 -0.54561378E+000 -0.29240245E+000 -0.99183795E-001 -0.45828646E-001  0.62017713E+000  0.11158804E+002  0.39851969E+002  0.74941142E+002  0.11297014E+003  0.14887899E+003
 -0.71029516E+000 -0.54561378E+000 -0.29240245E+000 -0.99183795E-001 -0.45828646E-001  0.62017712E+000  0.11158804E+002  0.39851968E+002  0.74941142E+002  0.11297014E+003  0.14887899E+003
 -0.71029516E+000 -0.54561378E+000 -0.29240245E+000 -0.99183795E-001 -0.45828646E-001  0.62017712E+000  0.11158804E+002  0.39851967E+002  0.74941142E+002  0.11297014E+003  0.14887899E+003
 -0.71029516E+000 -0.54561378E+000 -0.29240245E+000 -0.99183795E-001 -0.45828647E-001  0.62017711E+000  0.11158804E+002  0.39851967E+002  0.74941142E+002  0.11297014E+003  0.14887899E+003
 -0.71029516E+000 -0.54561378E+000 -0.29240245E+000 -0.99183795E-001 -0.45828647E-001  0.62017710E+000  0.11158804E+002  0.39851966E+002  0.74941142E+002  0.11297014E+003  0.14887899E+003
 -0.71029516E+000 -0.54561378E+000 -0.29240245E+000 -0.99183795E-001 -0.45828647E-001  0.62017709E+000  0.11158804E+002  0.39851965E+002  0.74941142E+002  0.11297014E+003  0.14887899E+003
 -0.71029516E+000 -0.54561378E+000 -0.29240245E+000 -0.99183795E-001 -0.45828647E-001  0.62017708E+000  0.11158804E+002  0.39851965E+002  0.74941142E+002  0.11297014E+003  0.14887899E+003
 -0.71029517E+000 -0.54561378E+000 -0.29240246E+000 -0.99183795E-001 -0.45828648E-001  0.62017708E+000  0.11158804E+002  0.39851964E+002  0.74941142E+002  0.11297014E+003  0.14887899E+003
 -0.71029517E+000 -0.54561378E+000 -0.29240246E+000 -0.99183795E-001 -0.45828648E-001  0.62017707E+000  0.11158804E+002  0.39851963E+002  0.74941142E+002  0.11297014E+003  0.14887899E+003
 -0.71029517E+000 -0.54561378E+000 -0.29240246E+000 -0.99183796E-001 -0.45828648E-001  0.62017706E+000  0.11158804E+002  0.39851963E+002  0.74941142E+002  0.11297014E+003  0.14887899E+003
 -0.71029517E+000 -0.54561378E+000 -0.29240246E+000 -0.99183796E-001 -0.45828648E-001  0.62017705E+000  0.11158804E+002  0.39851962E+002  0.74941142E+002  0.11297014E+003  0.14887899E+003
 -0.71029517E+000 -0.54561378E+000 -0.29240246E+000 -0.99183796E-001 -0.45828648E-001  0.62017704E+000  0.11158804E+002  0.39851961E+002  0.74941142E+002  0.11297014E+003  0.14887899E+003
 -0.71029517E+000 -0.54561379E+000 -0.29240246E+000 -0.99183796E-001 -0.45828649E-001  0.62017704E+000  0.11158804E+002  0.39851961E+002  0.74941142E+002  0.11297014E+003  0.14887899E+003
 -0.71029517E+000 -0.54561379E+000 -0.29240246E+000 -0.99183796E-001 -0.45828649E-001  0.62017703E+000  0.11158804E+002  0.39851960E+002  0.74941142E+002  0.11297014E+003  0.14887899E+003
 -0.71029517E+000 -0.54561379E+000 -0.29240246E+000 -0.99183796E-001 -0.45828649E-001  0.62017702E+000  0.11158804E+002  0.39851959E+002  0.74941142E+002  0.11297014E+003  0.14887899E+003
 -0.71029517E+000 -0.54561379E+000 -0.29240246E+000 -0.99183796E-001 -0.45828649E-001  0.62017701E+000  0.11158804E+002  0.39851958E+002  0.74941142E+002  0.11297014E+003  0.14887899E+003
 -0.71029517E+000 -0.54561379E+000 -0.29240246E+000 -0.99183796E-001 -0.45828650E-001  0.62017700E+000  0.11158804E+002  0.39851958E+002  0.74941142E+002  0.11297014E+003  0.14887899E+003
 -0.71029517E+000 -0.54561379E+000 -0.29240246E+000 -0.99183796E-001 -0.45828650E-001  0.62017700E+000  0.11158804E+002  0.39851957E+002  0.74941142E+002  0.11297014E+003  0.14887899E+003
 -0.71029517E+000 -0.54561379E+000 -0.29240246E+000 -0.99183796E-001 -0.45828650E-001  0.62017699E+000  0.11158804E+002  0.39851956E+002  0.74941142E+002  0.11297014E+003  0.14887899E+003
 -0.71029517E+000 -0.54561379E+000 -0.29240246E+000 -0.99183796E-001 -0.45828650E-001  0.62017698E+000  0.11158804E+002  0.39851955E+002  0.74941142E+002  0.11297014E+003  0.14887899E+003
 -0.71029517E+000 -0.54561379E+000 -0.29240246E+000 -0.99183797E-001 -0.45828651E-001  0.62017697E+000  0.11158804E+002  0.39851955E+002  0.74941142E+002  0.11297014E+003  0.14887899E+003
 -0.71029518E+000 -0.54561379E+000 -0.29240246E+000 -0.99183797E-001 -0.45828651E-001  0.62017697E+000  0.11158804E+002  0.39851954E+002  0.74941142E+002  0.11297014E+003  0.14887899E+003
 -0.71029518E+000 -0.54561379E+000 -0.29240247E+000 -0.99183797E-001 -0.45828651E-001  0.62017696E+000  0.11158804E+002  0.39851953E+002  0.74941142E+002  0.11297014E+003  0.14887899E+003
 -0.71029518E+000 -0.54561379E+000 -0.29240247E+000 -0.99183797E-001 -0.45828651E-001  0.62017695E+000  0.11158804E+002  0.39851952E+002  0.74941142E+002  0.11297014E+003  0.14887899E+003
 -0.71029518E+000 -0.54561379E+000 -0.29240247E+000 -0.99183797E-001 -0.45828651E-001  0.62017695E+000  0.11158804E+002  0.39851952E+002  0.74941142E+002  0.11297014E+003  0.14887899E+003
 -0.71029518E+000 -0.54561379E+000 -0.29240247E+000 -0.99183797E-001 -0.45828652E-001  0.62017694E+000  0.11158804E+002  0.39851951E+002  0.74941142E+002  0.11297014E+003  0.14887899E+003
 -0.71029518E+000 -0.54561379E+000 -0.29240247E+000 -0.99183797E-001 -0.45828652E-001  0.62017693E+000  0.11158804E+002  0.39851950E+002  0.74941142E+002  0.11297014E+003  0.14887899E+003
 -0.71029518E+000 -0.54561380E+000 -0.29240247E+000 -0.99183797E-001 -0.45828652E-001  0.62017693E+000  0.11158804E+002  0.39851949E+002  0.74941142E+002  0.11297014E+003  0.14887899E+003
 -0.71029518E+000 -0.54561380E+000 -0.29240247E+000 -0.99183797E-001 -0.45828652E-001  0.62017692E+000  0.11158804E+002  0.39851949E+002  0.74941142E+002  0.11297014E+003  0.14887899E+003
 -0.71029518E+000 -0.54561380E+000 -0.29240247E+000 -0.99183797E-001 -0.45828652E-001  0.62017691E+000  0.11158804E+002  0.39851948E+002  0.74941142E+002  0.11297014E+003  0.14887899E+003
 -0.71029518E+000 -0.54561380E+000 -0.29240247E+000 -0.99183797E-001 -0.45828653E-001  0.62017691E+000  0.11158804E+002  0.39851947E+002  0.74941142E+002  0.11297014E+003  0.14887899E+003
 -0.71029518E+000 -0.54561380E+000 -0.29240247E+000 -0.99183797E-001 -0.45828653E-001  0.62017690E+000  0.11158804E+002  0.39851946E+002  0.74941142E+002  0.11297014E+003  0.14887899E+003
 -0.71029518E+000 -0.54561380E+000 -0.29240247E+000 -0.99183798E-001 -0.45828653E-001  0.62017689E+000  0.11158804E+002  0.39851946E+002  0.74941142E+002  0.11297014E+003  0.14887899E+003
 -0.71029518E+000 -0.54561380E+000 -0.29240247E+000 -0.99183798E-001 -0.45828653E-001  0.62017689E+000  0.11158804E+002  0.39851945E+002  0.74941142E+002  0.11297014E+003  0.14887899E+003
 -0.71029518E+000 -0.54561380E+000 -0.29240247E+000 -0.99183798E-001 -0.45828653E-001  0.62017688E+000  0.11158804E+002  0.39851944E+002  0.74941142E+002  0.11297014E+003  0.14887899E+003
 -0.71029518E+000 -0.54561380E+000 -0.29240247E+000 -0.99183798E-001 -0.45828654E-001  0.62017688E+000  0.11158804E+002  0.39851944E+002  0.74941142E+002  0.11297014E+003  0.14887899E+003
 -0.71029518E+000 -0.54561380E+000 -0.29240247E+000 -0.99183798E-001 -0.45828654E-001  0.62017687E+000  0.11158804E+002  0.39851943E+002  0.74941142E+002  0.11297014E+003  0.14887899E+003
 -0.71029518E+000 -0.54561380E+000 -0.29240247E+000 -0.99183798E-001 -0.45828654E-001  0.62017687E+000  0.11158804E+002  0.39851942E+002  0.74941142E+002  0.11297014E+003  0.14887899E+003
 -0.71029519E+000 -0.54561380E+000 -0.29240247E+000 -0.99183798E-001 -0.45828654E-001  0.62017686E+000  0.11158804E+002  0.39851941E+002  0.74941142E+002  0.11297014E+003  0.14887899E+003
 -0.71029519E+000 -0.54561380E+000 -0.29240247E+000 -0.99183798E-001 -0.45828654E-001  0.62017686E+000  0.11158804E+002  0.39851941E+002  0.74941142E+002  0.11297014E+003  0.14887899E+003
 -0.71029519E+000 -0.54561380E+000 -0.29240248E+000 -0.99183798E-001 -0.45828654E-001  0.62017685E+000  0.11158804E+002  0.39851940E+002  0.74941142E+002  0.11297014E+003  0.14887899E+003
 -0.71029519E+000 -0.54561380E+000 -0.29240248E+000 -0.99183798E-001 -0.45828654E-001  0.62017685E+000  0.11158804E+002  0.39851939E+002  0.74941142E+002  0.11297014E+003  0.14887899E+003
 -0.71029519E+000 -0.54561380E+000 -0.29240248E+000 -0.99183798E-001 -0.45828655E-001  0.62017684E+000  0.11158804E+002  0.39851939E+002  0.74941142E+002  0.11297014E+003  0.14887899E+003
 -0.71029519E+000 -0.54561380E+000 -0.29240248E+000 -0.99183798E-001 -0.45828655E-001  0.62017684E+000  0.11158804E+002  0.39851938E+002  0.74941142E+002  0.11297014E+003  0.14887899E+003
 -0.71029519E+000 -0.54561380E+000 -0.29240248E+000 -0.99183798E-001 -0.45828655E-001  0.62017683E+000  0.11158804E+002  0.39851937E+002  0.74941142E+002  0.11297014E+003  0.14887899E+003
 -0.71029519E+000 -0.54561380E+000 -0.29240248E+000 -0.99183798E-001 -0.45828655E-001  0.62017683E+000  0.11158804E+002  0.39851937E+002  0.74941142E+002  0.11297014E+003  0.14887899E+003
 -0.71029519E+000 -0.54561381E+000 -0.29240248E+000 -0.99183798E-001 -0.45828655E-001  0.62017682E+000  0.11158804E+002  0.39851936E+002  0.74941142E+002  0.11297014E+003  0.14887899E+003
 -0.71029519E+000 -0.54561381E+000 -0.29240248E+000 -0.99183799E-001 -0.45828655E-001  0.62017682E+000  0.11158804E+002  0.39851935E+002  0.74941142E+002  0.11297014E+003  0.14887899E+003
 -0.71029519E+000 -0.54561381E+000 -0.29240248E+000 -0.99183799E-001 -0.45828655E-001  0.62017681E+000  0.11158804E+002  0.39851935E+002  0.74941142E+002  0.11297014E+003  0.14887899E+003
 -0.71029519E+000 -0.54561381E+000 -0.29240248E+000 -0.99183799E-001 -0.45828656E-001  0.62017681E+000  0.11158804E+002  0.39851934E+002  0.74941142E+002  0.11297014E+003  0.14887899E+003
 -0.71029519E+000 -0.54561381E+000 -0.29240248E+000 -0.99183799E-001 -0.45828656E-001  0.62017681E+000  0.11158804E+002  0.39851933E+002  0.74941142E+002  0.11297014E+003  0.14887899E+003
 -0.71029519E+000 -0.54561381E+000 -0.29240248E+000 -0.99183799E-001 -0.45828656E-001  0.62017680E+000  0.11158804E+002  0.39851933E+002  0.74941142E+002  0.11297014E+003  0.14887899E+003
 -0.71029519E+000 -0.54561381E+000 -0.29240248E+000 -0.99183799E-001 -0.45828656E-001  0.62017680E+000  0.11158804E+002  0.39851932E+002  0.74941142E+002  0.11297014E+003  0.14887899E+003
 -0.71029519E+000 -0.54561381E+000 -0.29240248E+000 -0.99183799E-001 -0.45828656E-001  0.62017680E+000  0.11158804E+002  0.39851932E+002  0.74941142E+002  0.11297014E+003  0.14887899E+003
 -0.71029519E+000 -0.54561381E+000 -0.29240248E+000 -0.99183799E-001 -0.45828656E-001  0.62017679E+000  0.11158804E+002  0.39851931E+002  0.74941142E+002  0.11297014E+003  0.14887899E+003
 -0.71029519E+000 -0.54561381E+000 -0.29240248E+000 -0.99183799E-001 -0.45828656E-001  0.62017679E+000  0.11158804E+002  0.39851930E+002  0.74941142E+002  0.11297014E+003  0.14887899E+003
 -0.71029519E+000 -0.54561381E+000 -0.29240248E+000 -0.99183799E-001 -0.45828656E-001  0.62017679E+000  0.11158804E+002  0.39851930E+002  0.74941142E+002  0.11297014E+003  0.14887899E+003
 -0.71029519E+000 -0.54561381E+000 -0.29240248E+000 -0.99183799E-001 -0.45828656E-001  0.62017678E+000  0.11158804E+002  0.39851929E+002  0.74941142E+002  0.11297014E+003  0.14887899E+003
 -0.71029519E+000 -0.54561381E+000 -0.29240248E+000 -0.99183799E-001 -0.45828657E-001  0.62017678E+000  0.11158804E+002  0.39851929E+002  0.74941142E+002  0.11297014E+003  0.14887899E+003
 -0.71029519E+000 -0.54561381E+000 -0.29240248E+000 -0.99183799E-001 -0.45828657E-001  0.62017678E+000  0.11158804E+002  0.39851928E+002  0.74941142E+002  0.11297014E+003  0.14887899E+003
 -0.71029519E+000 -0.54561381E+000 -0.29240248E+000 -0.99183799E-001 -0.45828657E-001  0.62017677E+000  0.11158804E+002  0.39851928E+002  0.74941142E+002  0.11297014E+003  0.14887899E+003
 -0.71029519E+000 -0.54561381E+000 -0.29240248E+000 -0.99183799E-001 -0.45828657E-001  0.62017677E+000  0.11158804E+002  0.39851927E+002  0.74941142E+002  0.11297014E+003  0.14887898E+003
 -0.71029519E+000 -0.54561381E+000 -0.29240248E+000 -0.99183799E-001 -0.45828657E-001  0.62017677E+000  0.11158804E+002  0.39851927E+002  0.74941142E+002  0.11297014E+003  0.14887898E+003
 -0.71029519E+000 -0.54561381E+000 -0.29240248E+000 -0.99183799E-001 -0.45828657E-001  0.62017677E+000  0.11158804E+002  0.39851926E+002  0.74941142E+002  0.11297014E+003  0.14887898E+003
 -0.71029519E+000 -0.54561381E+000 -0.29240248E+000 -0.99183799E-001 -0.45828657E-001  0.62017676E+000  0.11158804E+002  0.39851926E+002  0.74941142E+002  0.11297014E+003  0.14887898E+003
 -0.71029519E+000 -0.54561381E+000 -0.29240248E+000 -0.99183799E-001 -0.45828657E-001  0.62017676E+000  0.11158804E+002  0.39851925E+002  0.74941142E+002  0.11297014E+003  0.14887898E+003
 -0.71029520E+000 -0.54561381E+000 -0.29240248E+000 -0.99183799E-001 -0.45828657E-001  0.62017676E+000  0.11158804E+002  0.39851925E+002  0.74941142E+002  0.11297014E+003  0.14887898E+003
 -0.71029520E+000 -0.54561381E+000 -0.29240248E+000 -0.99183799E-001 -0.45828657E-001  0.62017676E+000  0.11158804E+002  0.39851924E+002  0.74941142E+002  0.11297014E+003  0.14887898E+003
 -0.71029520E+000 -0.54561381E+000 -0.29240248E+000 -0.99183799E-001 -0.45828657E-001  0.62017675E+000  0.11158804E+002  0.39851924E+002  0.74941142E+002  0.11297014E+003  0.14887898E+003
 -0.71029520E+000 -0.54561381E+000 -0.29240248E+000 -0.99183799E-001 -0.45828657E-001  0.62017675E+000  0.11158804E+002  0.39851923E+002  0.74941142E+002  0.11297014E+003  0.14887898E+003
 -0.71029520E+000 -0.54561381E+000 -0.29240248E+000 -0.99183799E-001 -0.45828657E-001  0.62017675E+000  0.11158804E+002  0.39851923E+002  0.74941142E+002  0.11297014E+003  0.14887898E+003
 -0.71029520E+000 -0.54561381E+000 -0.29240248E+000 -0.99183799E-001 -0.45828658E-001  0.62017675E+000  0.11158804E+002  0.39851923E+002  0.74941142E+002  0.11297014E+003  0.14887898E+003
 -0.71029520E+000 -0.54561381E+000 -0.29240248E+000 -0.99183799E-001 -0.45828658E-001  0.62017675E+000  0.11158804E+002  0.39851922E+002  0.74941142E+002  0.11297014E+003  0.14887898E+003
 -0.71029520E+000 -0.54561381E+000 -0.29240249E+000 -0.99183800E-001 -0.45828658E-001  0.62017674E+000  0.11158804E+002  0.39851922E+002  0.74941142E+002  0.11297014E+003  0.14887898E+003
 -0.71029520E+000 -0.54561381E+000 -0.29240249E+000 -0.99183800E-001 -0.45828658E-001  0.62017674E+000  0.11158804E+002  0.39851921E+002  0.74941142E+002  0.11297014E+003  0.14887898E+003
 -0.71029520E+000 -0.54561381E+000 -0.29240249E+000 -0.99183800E-001 -0.45828658E-001  0.62017674E+000  0.11158804E+002  0.39851921E+002  0.74941142E+002  0.11297014E+003  0.14887898E+003
 -0.71029520E+000 -0.54561381E+000 -0.29240249E+000 -0.99183800E-001 -0.45828658E-001  0.62017674E+000  0.11158804E+002  0.39851921E+002  0.74941142E+002  0.11297014E+003  0.14887898E+003
 -0.71029520E+000 -0.54561381E+000 -0.29240249E+000 -0.99183800E-001 -0.45828658E-001  0.62017674E+000  0.11158804E+002  0.39851920E+002  0.74941142E+002  0.11297014E+003  0.14887898E+003
 -0.71029520E+000 -0.54561381E+000 -0.29240249E+000 -0.99183800E-001 -0.45828658E-001  0.62017674E+000  0.11158804E+002  0.39851920E+002  0.74941142E+002  0.11297014E+003  0.14887898E+003
 -0.71029520E+000 -0.54561381E+000 -0.29240249E+000 -0.99183800E-001 -0.45828658E-001  0.62017674E+000  0.11158804E+002  0.39851920E+002  0.74941142E+002  0.11297014E+003  0.14887898E+003
 -0.71029520E+000 -0.54561381E+000 -0.29240249E+000 -0.99183800E-001 -0.45828658E-001  0.62017673E+000  0.11158804E+002  0.39851919E+002  0.74941142E+002  0.11297014E+003  0.14887898E+003
 -0.71029520E+000 -0.54561381E+000 -0.29240249E+000 -0.99183800E-001 -0.45828658E-001  0.62017673E+000  0.11158804E+002  0.39851919E+002  0.74941142E+002  0.11297014E+003  0.14887898E+003
 -0.71029520E+000 -0.54561381E+000 -0.29240249E+000 -0.99183800E-001 -0.45828658E-001  0.62017673E+000  0.11158804E+002  0.39851919E+002  0.74941142E+002  0.11297014E+003  0.14887898E+003
 -0.71029520E+000 -0.54561381E+000 -0.29240249E+000 -0.99183800E-001 -0.45828658E-001  0.62017673E+000  0.11158804E+002  0.39851918E+002  0.74941142E+002  0.11297014E+003  0.14887898E+003
 -0.71029520E+000 -0.54561381E+000 -0.29240249E+000 -0.99183800E-001 -0.45828658E-001  0.62017673E+000  0.11158804E+002  0.39851918E+002  0.74941142E+002  0.11297014E+003  0.14887898E+003
 -0.71029520E+000 -0.54561381E+000 -0.29240249E+000 -0.99183800E-001 -0.45828658E-001  0.62017673E+000  0.11158804E+002  0.39851918E+002  0.74941142E+002  0.11297014E+003  0.14887898E+003
 -0.71029520E+000 -0.54561381E+000 -0.29240249E+000 -0.99183800E-001 -0.45828658E-001  0.62017673E+000  0.11158804E+002  0.39851917E+002  0.74941142E+002  0.11297014E+003  0.14887898E+003
 -0.71029520E+000 -0.54561381E+000 -0.29240249E+000 -0.99183800E-001 -0.45828658E-001  0.62017673E+000  0.11158804E+002  0.39851917E+002  0.74941142E+002  0.11297014E+003  0.14887898E+003
 -0.71029520E+000 -0.54561381E+000 -0.29240249E+000 -0.99183800E-001 -0.45828658E-001  0.62017673E+000  0.11158804E+002  0.39851917E+002  0.74941142E+002  0.11297014E+003  0.14887898E+003
 -0.71029520E+000 -0.54561382E+000 -0.29240249E+000 -0.99183800E-001 -0.45828658E-001  0.62017672E+000  0.11158804E+002  0.39851917E+002  0.74941142E+002  0.11297014E+003  0.14887898E+003
 -0.71029520E+000 -0.54561382E+000 -0.29240249E+000 -0.99183800E-001 -0.45828658E-001  0.62017672E+000  0.11158804E+002  0.39851916E+002  0.74941142E+002  0.11297014E+003  0.14887898E+003
 -0.71029520E+000 -0.54561382E+000 -0.29240249E+000 -0.99183800E-001 -0.45828658E-001  0.62017672E+000  0.11158804E+002  0.39851916E+002  0.74941142E+002  0.11297014E+003  0.14887898E+003
 -0.71029520E+000 -0.54561382E+000 -0.29240249E+000 -0.99183800E-001 -0.45828658E-001  0.62017672E+000  0.11158804E+002  0.39851916E+002  0.74941142E+002  0.11297014E+003  0.14887898E+003
 -0.71029520E+000 -0.54561382E+000 -0.29240249E+000 -0.99183800E-001 -0.45828658E-001  0.62017672E+000  0.11158804E+002  0.39851916E+002  0.74941142E+002  0.11297014E+003  0.14887898E+003
 -0.71029520E+000 -0.54561382E+000 -0.29240249E+000 -0.99183800E-001 -0.45828658E-001  0.62017672E+000  0.11158804E+002  0.39851915E+002  0.74941142E+002  0.11297014E+003  0.14887898E+003
 -0.71029520E+000 -0.54561382E+000 -0.29240249E+000 -0.99183800E-001 -0.45828658E-001  0.62017672E+000  0.11158804E+002  0.39851915E+002  0.74941141E+002  0.11297014E+003  0.14887898E+003
 -0.71029520E+000 -0.54561382E+000 -0.29240249E+000 -0.99183800E-001 -0.45828658E-001  0.62017672E+000  0.11158804E+002  0.39851915E+002  0.74941141E+002  0.11297014E+003  0.14887898E+003
 -0.71029520E+000 -0.54561382E+000 -0.29240249E+000 -0.99183800E-001 -0.45828658E-001  0.62017672E+000  0.11158804E+002  0.39851915E+002  0.74941141E+002  0.11297014E+003  0.14887898E+003
 -0.71029520E+000 -0.54561382E+000 -0.29240249E+000 -0.99183800E-001 -0.45828658E-001  0.62017672E+000  0.11158804E+002  0.39851915E+002  0.74941141E+002  0.11297014E+003  0.14887898E+003
 -0.71029520E+000 -0.54561382E+000 -0.29240249E+000 -0.99183800E-001 -0.45828658E-001  0.62017672E+000  0.11158804E+002  0.39851914E+002  0.74941141E+002  0.11297014E+003  0.14887898E+003
 -0.71029520E+000 -0.54561382E+000 -0.29240249E+000 -0.99183800E-001 -0.45828658E-001  0.62017672E+000  0.11158804E+002  0.39851914E+002  0.74941141E+002  0.11297014E+003  0.14887898E+003
 -0.71029520E+000 -0.54561382E+000 -0.29240249E+000 -0.99183800E-001 -0.45828658E-001  0.62017672E+000  0.11158804E+002  0.39851914E+002  0.74941141E+002  0.11297014E+003  0.14887898E+003
 -0.71029520E+000 -0.54561382E+000 -0.29240249E+000 -0.99183800E-001 -0.45828658E-001  0.62017672E+000  0.11158804E+002  0.39851914E+002  0.74941141E+002  0.11297014E+003  0.14887898E+003
 -0.71029520E+000 -0.54561382E+000 -0.29240249E+000 -0.99183800E-001 -0.45828658E-001  0.62017672E+000  0.11158804E+002  0.39851914E+002  0.74941141E+002  0.11297014E+003  0.14887898E+003
 -0.71029520E+000 -0.54561382E+000 -0.29240249E+000 -0.99183800E-001 -0.45828657E-001  0.62017672E+000  0.11158804E+002  0.39851914E+002  0.74941141E+002  0.11297014E+003  0.14887898E+003
 -0.71029520E+000 -0.54561382E+000 -0.29240249E+000 -0.99183800E-001 -0.45828657E-001  0.62017672E+000  0.11158804E+002  0.39851913E+002  0.74941141E+002  0.11297014E+003  0.14887898E+003
 -0.71029520E+000 -0.54561382E+000 -0.29240249E+000 -0.99183800E-001 -0.45828657E-001  0.62017672E+000  0.11158804E+002  0.39851913E+002  0.74941141E+002  0.11297014E+003  0.14887898E+003
 -0.71029520E+000 -0.54561382E+000 -0.29240249E+000 -0.99183800E-001 -0.45828656E-001  0.62017672E+000  0.11158804E+002  0.39851913E+002  0.74941141E+002  0.11297014E+003  0.14887898E+003
 -0.71029520E+000 -0.54561382E+000 -0.29240249E+000 -0.99183800E-001 -0.45828656E-001  0.62017673E+000  0.11158804E+002  0.39851913E+002  0.74941141E+002  0.11297014E+003  0.14887898E+003
 -0.71029520E+000 -0.54561382E+000 -0.29240249E+000 -0.99183800E-001 -0.45828656E-001  0.62017673E+000  0.11158804E+002  0.39851913E+002  0.74941141E+002  0.11297014E+003  0.14887898E+003
 -0.71029520E+000 -0.54561382E+000 -0.29240249E+000 -0.99183800E-001 -0.45828655E-001  0.62017673E+000  0.11158804E+002  0.39851913E+002  0.74941141E+002  0.11297014E+003  0.14887898E+003
 -0.71029520E+000 -0.54561381E+000 -0.29240249E+000 -0.99183800E-001 -0.45828654E-001  0.62017673E+000  0.11158804E+002  0.39851913E+002  0.74941141E+002  0.11297014E+003  0.14887898E+003
 -0.71029520E+000 -0.54561381E+000 -0.29240249E+000 -0.99183800E-001 -0.45828653E-001  0.62017674E+000  0.11158804E+002  0.39851913E+002  0.74941141E+002  0.11297014E+003  0.14887898E+003
 -0.71029520E+000 -0.54561381E+000 -0.29240249E+000 -0.99183800E-001 -0.45828652E-001  0.62017674E+000  0.11158804E+002  0.39851913E+002  0.74941141E+002  0.11297014E+003  0.14887898E+003
 -0.71029520E+000 -0.54561381E+000 -0.29240249E+000 -0.99183800E-001 -0.45828651E-001  0.62017675E+000  0.11158804E+002  0.39851913E+002  0.74941141E+002  0.11297014E+003  0.14887898E+003
 -0.71029520E+000 -0.54561381E+000 -0.29240249E+000 -0.99183800E-001 -0.45828650E-001  0.62017676E+000  0.11158804E+002  0.39851913E+002  0.74941141E+002  0.11297014E+003  0.14887898E+003
 -0.71029520E+000 -0.54561381E+000 -0.29240249E+000 -0.99183799E-001 -0.45828649E-001  0.62017676E+000  0.11158804E+002  0.39851913E+002  0.74941141E+002  0.11297014E+003  0.14887898E+003
 -0.71029519E+000 -0.54561381E+000 -0.29240248E+000 -0.99183799E-001 -0.45828647E-001  0.62017678E+000  0.11158804E+002  0.39851913E+002  0.74941141E+002  0.11297014E+003  0.14887898E+003
 -0.71029519E+000 -0.54561381E+000 -0.29240248E+000 -0.99183799E-001 -0.45828645E-001  0.62017679E+000  0.11158804E+002  0.39851913E+002  0.74941141E+002  0.11297014E+003  0.14887898E+003
 -0.71029519E+000 -0.54561381E+000 -0.29240248E+000 -0.99183799E-001 -0.45828642E-001  0.62017680E+000  0.11158804E+002  0.39851913E+002  0.74941141E+002  0.11297014E+003  0.14887898E+003
 -0.71029519E+000 -0.54561381E+000 -0.29240248E+000 -0.99183799E-001 -0.45828640E-001  0.62017682E+000  0.11158804E+002  0.39851914E+002  0.74941141E+002  0.11297014E+003  0.14887898E+003
 -0.71029519E+000 -0.54561381E+000 -0.29240248E+000 -0.99183799E-001 -0.45828637E-001  0.62017684E+000  0.11158804E+002  0.39851914E+002  0.74941141E+002  0.11297014E+003  0.14887898E+003
 -0.71029519E+000 -0.54561380E+000 -0.29240247E+000 -0.99183798E-001 -0.45828633E-001  0.62017686E+000  0.11158804E+002  0.39851915E+002  0.74941141E+002  0.11297014E+003  0.14887898E+003
 -0.71029518E+000 -0.54561380E+000 -0.29240247E+000 -0.99183798E-001 -0.45828630E-001  0.62017688E+000  0.11158804E+002  0.39851915E+002  0.74941141E+002  0.11297014E+003  0.14887898E+003
 -0.71029517E+000 -0.54561379E+000 -0.29240246E+000 -0.99183797E-001 -0.45828625E-001  0.62017692E+000  0.11158804E+002  0.39851916E+002  0.74941141E+002  0.11297014E+003  0.14887898E+003
 -0.71029516E+000 -0.54561378E+000 -0.29240245E+000 -0.99183796E-001 -0.45828620E-001  0.62017695E+000  0.11158804E+002  0.39851917E+002  0.74941141E+002  0.11297014E+003  0.14887898E+003
