  0.19452445E+000  0.25368524E+000  0.35917488E+000  0.48209652E+000  0.75639831E+000  0.10124487E+001  0.16798130E+001  0.29454852E+001  0.40065515E+001  0.52150187E+001  0.59652775E+001
  0.19452445E+000  0.25368524E+000  0.35917488E+000  0.48209652E+000  0.75639831E+000  0.10124487E+001  0.16798130E+001  0.29454852E+001  0.40065515E+001  0.52150187E+001  0.59652775E+001
  0.19452445E+000  0.25368524E+000  0.35917488E+000  0.48209652E+000  0.75639831E+000  0.10124487E+001  0.16798130E+001  0.29454852E+001  0.40065515E+001  0.52150187E+001  0.59652775E+001
  0.19452445E+000  0.25368524E+000  0.35917488E+000  0.48209652E+000  0.75639831E+000  0.10124487E+001  0.16798130E+001  0.29454852E+001  0.40065515E+001  0.52150187E+001  0.59652775E+001
  0.19452445E+000  0.25368524E+000  0.35917488E+000  0.48209652E+000  0.75639831E+000  0.10124487E+001  0.16798130E+001  0.29454852E+001  0.40065515E+001  0.52150187E+001  0.59652775E+001
  0.19452445E+000  0.25368524E+000  0.35917488E+000  0.48209652E+000  0.75639831E+000  0.10124487E+001  0.16798130E+001  0.29454852E+001  0.40065515E+001  0.52150187E+001  0.59652775E+001
  0.19452445E+000  0.25368524E+000  0.35917488E+000  0.48209652E+000  0.75639831E+000  0.10124487E+001  0.16798130E+001  0.29454852E+001  0.40065515E+001  0.52150187E+001  0.59652775E+001
  0.19452445E+000  0.25368524E+000  0.35917488E+000  0.48209652E+000  0.75639831E+000  0.10124487E+001  0.16798130E+001  0.29454852E+001  0.40065515E+001  0.52150187E+001  0.59652775E+001
  0.19452445E+000  0.25368524E+000  0.35917488E+000  0.48209652E+000  0.75639831E+000  0.10124487E+001  0.16798130E+001  0.29454852E+001  0.40065515E+001  0.52150187E+001  0.59652775E+001
  0.19452445E+000  0.25368524E+000  0.35917488E+000  0.48209652E+000  0.75639831E+000  0.10124487E+001  0.16798130E+001  0.29454852E+001  0.40065515E+001  0.52150187E+001  0.59652775E+001
  0.19452445E+000  0.25368524E+000  0.35917488E+000  0.48209652E+000  0.75639831E+000  0.10124487E+001  0.16798130E+001  0.29454852E+001  0.40065515E+001  0.52150187E+001  0.59652775E+001
  0.19452445E+000  0.25368524E+000  0.35917488E+000  0.48209652E+000  0.75639831E+000  0.10124487E+001  0.16798130E+001  0.29454852E+001  0.40065515E+001  0.52150187E+001  0.59652775E+001
  0.19452445E+000  0.25368524E+000  0.35917488E+000  0.48209652E+000  0.75639831E+000  0.10124487E+001  0.16798130E+001  0.29454852E+001  0.40065515E+001  0.52150187E+001  0.59652775E+001
  0.19452445E+000  0.25368524E+000  0.35917488E+000  0.48209652E+000  0.75639831E+000  0.10124487E+001  0.16798130E+001  0.29454852E+001  0.40065515E+001  0.52150187E+001  0.59652775E+001
  0.19452445E+000  0.25368524E+000  0.35917488E+000  0.48209652E+000  0.75639831E+000  0.10124487E+001  0.16798130E+001  0.29454852E+001  0.40065515E+001  0.52150187E+001  0.59652775E+001
  0.19452445E+000  0.25368524E+000  0.35917488E+000  0.48209652E+000  0.75639831E+000  0.10124487E+001  0.16798130E+001  0.29454852E+001  0.40065515E+001  0.52150187E+001  0.59652775E+001
  0.19452445E+000  0.25368524E+000  0.35917488E+000  0.48209652E+000  0.75639831E+000  0.10124487E+001  0.16798130E+001  0.29454852E+001  0.40065515E+001  0.52150187E+001  0.59652775E+001
  0.19452445E+000  0.25368524E+000  0.35917488E+000  0.48209652E+000  0.75639831E+000  0.10124487E+001  0.16798130E+001  0.29454852E+001  0.40065515E+001  0.52150187E+001  0.59652775E+001
  0.19452445E+000  0.25368524E+000  0.35917488E+000  0.48209652E+000  0.75639831E+000  0.10124487E+001  0.16798130E+001  0.29454852E+001  0.40065515E+001  0.52150187E+001  0.59652775E+001
  0.19452445E+000  0.25368524E+000  0.35917488E+000  0.48209652E+000  0.75639831E+000  0.10124487E+001  0.16798130E+001  0.29454852E+001  0.40065515E+001  0.52150187E+001  0.59652775E+001
  0.19452445E+000  0.25368524E+000  0.35917488E+000  0.48209652E+000  0.75639831E+000  0.10124487E+001  0.16798130E+001  0.29454852E+001  0.40065515E+001  0.52150187E+001  0.59652775E+001
  0.19452445E+000  0.25368524E+000  0.35917488E+000  0.48209652E+000  0.75639831E+000  0.10124487E+001  0.16798130E+001  0.29454852E+001  0.40065515E+001  0.52150187E+001  0.59652775E+001
  0.19452445E+000  0.25368524E+000  0.35917488E+000  0.48209652E+000  0.75639831E+000  0.10124487E+001  0.16798130E+001  0.29454852E+001  0.40065515E+001  0.52150187E+001  0.59652775E+001
  0.19452445E+000  0.25368524E+000  0.35917488E+000  0.48209652E+000  0.75639831E+000  0.10124487E+001  0.16798130E+001  0.29454852E+001  0.40065515E+001  0.52150187E+001  0.59652775E+001
  0.19452445E+000  0.25368524E+000  0.35917488E+000  0.48209652E+000  0.75639831E+000  0.10124487E+001  0.16798130E+001  0.29454852E+001  0.40065515E+001  0.52150187E+001  0.59652775E+001
  0.19452445E+000  0.25368524E+000  0.35917488E+000  0.48209652E+000  0.75639831E+000  0.10124487E+001  0.16798130E+001  0.29454852E+001  0.40065515E+001  0.52150187E+001  0.59652775E+001
  0.19452445E+000  0.25368524E+000  0.35917488E+000  0.48209652E+000  0.75639831E+000  0.10124487E+001  0.16798130E+001  0.29454852E+001  0.40065515E+001  0.52150187E+001  0.59652775E+001
  0.19452445E+000  0.25368524E+000  0.35917488E+000  0.48209652E+000  0.75639831E+000  0.10124487E+001  0.16798130E+001  0.29454852E+001  0.40065515E+001  0.52150187E+001  0.59652775E+001
  0.19452445E+000  0.25368524E+000  0.35917488E+000  0.48209652E+000  0.75639831E+000  0.10124487E+001  0.16798130E+001  0.29454852E+001  0.40065515E+001  0.52150187E+001  0.59652775E+001
  0.19452445E+000  0.25368524E+000  0.35917488E+000  0.48209652E+000  0.75639831E+000  0.10124487E+001  0.16798130E+001  0.29454852E+001  0.40065515E+001  0.52150187E+001  0.59652775E+001
  0.19452445E+000  0.25368524E+000  0.35917488E+000  0.48209652E+000  0.75639831E+000  0.10124487E+001  0.16798130E+001  0.29454852E+001  0.40065515E+001  0.52150187E+001  0.59652775E+001
  0.19452445E+000  0.25368524E+000  0.35917488E+000  0.48209652E+000  0.75639831E+000  0.10124487E+001  0.16798130E+001  0.29454852E+001  0.40065515E+001  0.52150187E+001  0.59652775E+001
  0.19452445E+000  0.25368524E+000  0.35917488E+000  0.48209652E+000  0.75639831E+000  0.10124487E+001  0.16798130E+001  0.29454852E+001  0.40065515E+001  0.52150187E+001  0.59652775E+001
  0.19452445E+000  0.25368524E+000  0.35917488E+000  0.48209652E+000  0.75639831E+000  0.10124487E+001  0.16798130E+001  0.29454852E+001  0.40065515E+001  0.52150187E+001  0.59652775E+001
  0.19452445E+000  0.25368524E+000  0.35917488E+000  0.48209652E+000  0.75639831E+000  0.10124487E+001  0.16798130E+001  0.29454852E+001  0.40065515E+001  0.52150187E+001  0.59652775E+001
  0.19452445E+000  0.25368524E+000  0.35917488E+000  0.48209652E+000  0.75639831E+000  0.10124487E+001  0.16798130E+001  0.29454852E+001  0.40065515E+001  0.52150187E+001  0.59652775E+001
  0.19452445E+000  0.25368524E+000  0.35917488E+000  0.48209651E+000  0.75639831E+000  0.10124487E+001  0.16798130E+001  0.29454852E+001  0.40065515E+001  0.52150187E+001  0.59652775E+001
  0.19452445E+000  0.25368524E+000  0.35917488E+000  0.48209651E+000  0.75639831E+000  0.10124487E+001  0.16798130E+001  0.29454852E+001  0.40065515E+001  0.52150187E+001  0.59652775E+001
  0.19452445E+000  0.25368524E+000  0.35917488E+000  0.48209651E+000  0.75639831E+000  0.10124487E+001  0.16798130E+001  0.29454852E+001  0.40065515E+001  0.52150187E+001  0.59652775E+001
  0.19452445E+000  0.25368524E+000  0.35917488E+000  0.48209651E+000  0.75639831E+000  0.10124487E+001  0.16798130E+001  0.29454852E+001  0.40065515E+001  0.52150187E+001  0.59652775E+001
  0.19452445E+000  0.25368524E+000  0.35917488E+000  0.48209651E+000  0.75639831E+000  0.10124487E+001  0.16798130E+001  0.29454852E+001  0.40065515E+001  0.52150187E+001  0.59652775E+001
  0.19452445E+000  0.25368524E+000  0.35917488E+000  0.48209651E+000  0.75639831E+000  0.10124487E+001  0.16798130E+001  0.29454852E+001  0.40065515E+001  0.52150187E+001  0.59652775E+001
  0.19452445E+000  0.25368524E+000  0.35917488E+000  0.48209651E+000  0.75639831E+000  0.10124487E+001  0.16798130E+001  0.29454852E+001  0.40065515E+001  0.52150187E+001  0.59652775E+001
  0.19452445E+000  0.25368524E+000  0.35917488E+000  0.48209651E+000  0.75639831E+000  0.10124487E+001  0.16798130E+001  0.29454852E+001  0.40065515E+001  0.52150187E+001  0.59652775E+001
  0.19452445E+000  0.25368524E+000  0.35917488E+000  0.48209651E+000  0.75639831E+000  0.10124487E+001  0.16798130E+001  0.29454852E+001  0.40065515E+001  0.52150187E+001  0.59652775E+001
  0.19452445E+000  0.25368524E+000  0.35917488E+000  0.48209651E+000  0.75639831E+000  0.10124487E+001  0.16798130E+001  0.29454852E+001  0.40065515E+001  0.52150187E+001  0.59652775E+001
  0.19452445E+000  0.25368524E+000  0.35917488E+000  0.48209651E+000  0.75639831E+000  0.10124487E+001  0.16798130E+001  0.29454852E+001  0.40065515E+001  0.52150187E+001  0.59652775E+001
  0.19452445E+000  0.25368524E+000  0.35917488E+000  0.48209651E+000  0.75639831E+000  0.10124487E+001  0.16798130E+001  0.29454852E+001  0.40065515E+001  0.52150187E+001  0.59652775E+001
  0.19452445E+000  0.25368524E+000  0.35917488E+000  0.48209651E+000  0.75639831E+000  0.10124487E+001  0.16798130E+001  0.29454852E+001  0.40065515E+001  0.52150187E+001  0.59652775E+001
  0.19452445E+000  0.25368524E+000  0.35917488E+000  0.48209651E+000  0.75639831E+000  0.10124487E+001  0.16798130E+001  0.29454852E+001  0.40065515E+001  0.52150187E+001  0.59652775E+001
  0.19452445E+000  0.25368524E+000  0.35917488E+000  0.48209651E+000  0.75639831E+000  0.10124487E+001  0.16798130E+001  0.29454852E+001  0.40065515E+001  0.52150187E+001  0.59652775E+001
  0.19452445E+000  0.25368524E+000  0.35917488E+000  0.48209651E+000  0.75639831E+000  0.10124487E+001  0.16798130E+001  0.29454852E+001  0.40065515E+001  0.52150187E+001  0.59652775E+001
  0.19452445E+000  0.25368524E+000  0.35917488E+000  0.48209651E+000  0.75639831E+000  0.10124487E+001  0.16798130E+001  0.29454852E+001  0.40065515E+001  0.52150187E+001  0.59652775E+001
  0.19452445E+000  0.25368524E+000  0.35917488E+000  0.48209651E+000  0.75639831E+000  0.10124487E+001  0.16798130E+001  0.29454852E+001  0.40065515E+001  0.52150187E+001  0.59652775E+001
  0.19452445E+000  0.25368524E+000  0.35917488E+000  0.48209651E+000  0.75639831E+000  0.10124487E+001  0.16798130E+001  0.29454852E+001  0.40065515E+001  0.52150187E+001  0.59652775E+001
  0.19452445E+000  0.25368524E+000  0.35917488E+000  0.48209651E+000  0.75639831E+000  0.10124487E+001  0.16798130E+001  0.29454852E+001  0.40065515E+001  0.52150187E+001  0.59652775E+001
  0.19452445E+000  0.25368524E+000  0.35917488E+000  0.48209651E+000  0.75639831E+000  0.10124487E+001  0.16798130E+001  0.29454852E+001  0.40065515E+001  0.52150187E+001  0.59652775E+001
  0.19452445E+000  0.25368524E+000  0.35917488E+000  0.48209651E+000  0.75639831E+000  0.10124487E+001  0.16798130E+001  0.29454852E+001  0.40065515E+001  0.52150187E+001  0.59652775E+001
  0.19452445E+000  0.25368524E+000  0.35917488E+000  0.48209651E+000  0.75639831E+000  0.10124487E+001  0.16798130E+001  0.29454852E+001  0.40065515E+001  0.52150187E+001  0.59652775E+001
  0.19452445E+000  0.25368524E+000  0.35917488E+000  0.48209651E+000  0.75639831E+000  0.10124487E+001  0.16798130E+001  0.29454852E+001  0.40065515E+001  0.52150187E+001  0.59652775E+001
  0.19452445E+000  0.25368524E+000  0.35917488E+000  0.48209651E+000  0.75639831E+000  0.10124487E+001  0.16798130E+001  0.29454852E+001  0.40065515E+001  0.52150187E+001  0.59652775E+001
  0.19452445E+000  0.25368524E+000  0.35917488E+000  0.48209651E+000  0.75639831E+000  0.10124487E+001  0.16798130E+001  0.29454852E+001  0.40065515E+001  0.52150187E+001  0.59652775E+001
  0.19452445E+000  0.25368524E+000  0.35917488E+000  0.48209651E+000  0.75639831E+000  0.10124487E+001  0.16798130E+001  0.29454852E+001  0.40065515E+001  0.52150187E+001  0.59652775E+001
  0.19452445E+000  0.25368524E+000  0.35917488E+000  0.48209651E+000  0.75639831E+000  0.10124487E+001  0.16798130E+001  0.29454852E+001  0.40065515E+001  0.52150187E+001  0.59652775E+001
  0.19452445E+000  0.25368524E+000  0.35917488E+000  0.48209651E+000  0.75639831E+000  0.10124487E+001  0.16798130E+001  0.29454852E+001  0.40065515E+001  0.52150187E+001  0.59652775E+001
  0.19452445E+000  0.25368524E+000  0.35917488E+000  0.48209651E+000  0.75639831E+000  0.10124487E+001  0.16798130E+001  0.29454852E+001  0.40065515E+001  0.52150187E+001  0.59652775E+001
  0.19452445E+000  0.25368524E+000  0.35917488E+000  0.48209651E+000  0.75639831E+000  0.10124487E+001  0.16798130E+001  0.29454852E+001  0.40065515E+001  0.52150187E+001  0.59652775E+001
  0.19452445E+000  0.25368524E+000  0.35917488E+000  0.48209651E+000  0.75639831E+000  0.10124487E+001  0.16798130E+001  0.29454852E+001  0.40065515E+001  0.52150187E+001  0.59652775E+001
  0.19452445E+000  0.25368524E+000  0.35917488E+000  0.48209651E+000  0.75639831E+000  0.10124487E+001  0.16798130E+001  0.29454852E+001  0.40065515E+001  0.52150187E+001  0.59652775E+001
  0.19452445E+000  0.25368524E+000  0.35917488E+000  0.48209651E+000  0.75639831E+000  0.10124487E+001  0.16798130E+001  0.29454852E+001  0.40065515E+001  0.52150187E+001  0.59652775E+001
  0.19452445E+000  0.25368524E+000  0.35917488E+000  0.48209651E+000  0.75639831E+000  0.10124487E+001  0.16798130E+001  0.29454852E+001  0.40065515E+001  0.52150187E+001  0.59652775E+001
  0.19452445E+000  0.25368524E+000  0.35917488E+000  0.48209651E+000  0.75639831E+000  0.10124487E+001  0.16798130E+001  0.29454852E+001  0.40065515E+001  0.52150187E+001  0.59652775E+001
  0.19452445E+000  0.25368524E+000  0.35917488E+000  0.48209651E+000  0.75639831E+000  0.10124487E+001  0.16798130E+001  0.29454852E+001  0.40065515E+001  0.52150187E+001  0.59652775E+001
  0.19452445E+000  0.25368524E+000  0.35917488E+000  0.48209651E+000  0.75639831E+000  0.10124487E+001  0.16798130E+001  0.29454852E+001  0.40065515E+001  0.52150187E+001  0.59652775E+001
  0.19452445E+000  0.25368524E+000  0.35917488E+000  0.48209651E+000  0.75639831E+000  0.10124487E+001  0.16798130E+001  0.29454852E+001  0.40065515E+001  0.52150187E+001  0.59652775E+001
  0.19452445E+000  0.25368524E+000  0.35917488E+000  0.48209651E+000  0.75639831E+000  0.10124487E+001  0.16798130E+001  0.29454852E+001  0.40065515E+001  0.52150187E+001  0.59652775E+001
  0.19452445E+000  0.25368524E+000  0.35917488E+000  0.48209651E+000  0.75639831E+000  0.10124487E+001  0.16798130E+001  0.29454852E+001  0.40065515E+001  0.52150187E+001  0.59652775E+001
  0.19452445E+000  0.25368524E+000  0.35917488E+000  0.48209651E+000  0.75639831E+000  0.10124487E+001  0.16798130E+001  0.29454852E+001  0.40065515E+001  0.52150187E+001  0.59652775E+001
  0.19452445E+000  0.25368524E+000  0.35917488E+000  0.48209651E+000  0.75639831E+000  0.10124487E+001  0.16798130E+001  0.29454852E+001  0.40065515E+001  0.52150187E+001  0.59652775E+001
  0.19452445E+000  0.25368524E+000  0.35917488E+000  0.48209651E+000  0.75639831E+000  0.10124487E+001  0.16798130E+001  0.29454852E+001  0.40065515E+001  0.52150187E+001  0.59652775E+001
  0.19452445E+000  0.25368524E+000  0.35917488E+000  0.48209651E+000  0.75639831E+000  0.10124487E+001  0.16798130E+001  0.29454852E+001  0.40065515E+001  0.52150187E+001  0.59652775E+001
  0.19452445E+000  0.25368524E+000  0.35917488E+000  0.48209651E+000  0.75639831E+000  0.10124487E+001  0.16798130E+001  0.29454852E+001  0.40065515E+001  0.52150187E+001  0.59652775E+001
  0.19452445E+000  0.25368524E+000  0.35917488E+000  0.48209651E+000  0.75639831E+000  0.10124487E+001  0.16798130E+001  0.29454852E+001  0.40065515E+001  0.52150187E+001  0.59652775E+001
  0.19452445E+000  0.25368524E+000  0.35917488E+000  0.48209651E+000  0.75639831E+000  0.10124487E+001  0.16798130E+001  0.29454852E+001  0.40065515E+001  0.52150187E+001  0.59652775E+001
  0.19452445E+000  0.25368524E+000  0.35917488E+000  0.48209651E+000  0.75639831E+000  0.10124487E+001  0.16798130E+001  0.29454852E+001  0.40065515E+001  0.52150187E+001  0.59652775E+001
  0.19452445E+000  0.25368524E+000  0.35917488E+000  0.48209651E+000  0.75639831E+000  0.10124487E+001  0.16798130E+001  0.29454852E+001  0.40065515E+001  0.52150187E+001  0.59652775E+001
  0.19452445E+000  0.25368524E+000  0.35917488E+000  0.48209651E+000  0.75639831E+000  0.10124487E+001  0.16798130E+001  0.29454852E+001  0.40065515E+001  0.52150187E+001  0.59652775E+001
  0.19452445E+000  0.25368524E+000  0.35917488E+000  0.48209651E+000  0.75639831E+000  0.10124487E+001  0.16798130E+001  0.29454852E+001  0.40065515E+001  0.52150187E+001  0.59652775E+001
  0.19452445E+000  0.25368524E+000  0.35917488E+000  0.48209651E+000  0.75639831E+000  0.10124487E+001  0.16798130E+001  0.29454852E+001  0.40065515E+001  0.52150187E+001  0.59652775E+001
  0.19452445E+000  0.25368524E+000  0.35917488E+000  0.48209651E+000  0.75639831E+000  0.10124487E+001  0.16798130E+001  0.29454852E+001  0.40065515E+001  0.52150187E+001  0.59652775E+001
  0.19452445E+000  0.25368524E+000  0.35917488E+000  0.48209651E+000  0.75639831E+000  0.10124487E+001  0.16798130E+001  0.29454852E+001  0.40065515E+001  0.52150187E+001  0.59652775E+001
  0.19452445E+000  0.25368524E+000  0.35917488E+000  0.48209651E+000  0.75639831E+000  0.10124487E+001  0.16798130E+001  0.29454852E+001  0.40065515E+001  0.52150187E+001  0.59652775E+001
  0.19452445E+000  0.25368524E+000  0.35917488E+000  0.48209651E+000  0.75639831E+000  0.10124487E+001  0.16798130E+001  0.29454852E+001  0.40065515E+001  0.52150187E+001  0.59652775E+001
  0.19452445E+000  0.25368524E+000  0.35917488E+000  0.48209651E+000  0.75639831E+000  0.10124487E+001  0.16798130E+001  0.29454852E+001  0.40065515E+001  0.52150187E+001  0.59652775E+001
  0.19452445E+000  0.25368524E+000  0.35917488E+000  0.48209651E+000  0.75639831E+000  0.10124487E+001  0.16798130E+001  0.29454852E+001  0.40065515E+001  0.52150187E+001  0.59652775E+001
  0.19452445E+000  0.25368524E+000  0.35917488E+000  0.48209651E+000  0.75639831E+000  0.10124487E+001  0.16798130E+001  0.29454852E+001  0.40065515E+001  0.52150187E+001  0.59652775E+001
  0.19452445E+000  0.25368524E+000  0.35917488E+000  0.48209651E+000  0.75639831E+000  0.10124487E+001  0.16798130E+001  0.29454852E+001  0.40065515E+001  0.52150187E+001  0.59652775E+001
  0.19452445E+000  0.25368524E+000  0.35917488E+000  0.48209651E+000  0.75639831E+000  0.10124487E+001  0.16798130E+001  0.29454852E+001  0.40065515E+001  0.52150187E+001  0.59652775E+001
  0.19452445E+000  0.25368524E+000  0.35917488E+000  0.48209651E+000  0.75639831E+000  0.10124487E+001  0.16798130E+001  0.29454852E+001  0.40065515E+001  0.52150187E+001  0.59652775E+001
  0.19452445E+000  0.25368524E+000  0.35917488E+000  0.48209651E+000  0.75639831E+000  0.10124487E+001  0.16798130E+001  0.29454852E+001  0.40065515E+001  0.52150187E+001  0.59652775E+001
  0.19452445E+000  0.25368524E+000  0.35917488E+000  0.48209651E+000  0.75639831E+000  0.10124487E+001  0.16798130E+001  0.29454852E+001  0.40065515E+001  0.52150187E+001  0.59652775E+001
  0.19452445E+000  0.25368524E+000  0.35917488E+000  0.48209651E+000  0.75639831E+000  0.10124487E+001  0.16798130E+001  0.29454852E+001  0.40065515E+001  0.52150187E+001  0.59652775E+001
  0.19452445E+000  0.25368524E+000  0.35917488E+000  0.48209651E+000  0.75639831E+000  0.10124487E+001  0.16798130E+001  0.29454852E+001  0.40065515E+001  0.52150187E+001  0.59652775E+001
  0.19452445E+000  0.25368524E+000  0.35917488E+000  0.48209651E+000  0.75639831E+000  0.10124487E+001  0.16798130E+001  0.29454852E+001  0.40065515E+001  0.52150187E+001  0.59652775E+001
  0.19452445E+000  0.25368524E+000  0.35917488E+000  0.48209651E+000  0.75639831E+000  0.10124487E+001  0.16798130E+001  0.29454852E+001  0.40065515E+001  0.52150187E+001  0.59652775E+001
  0.19452445E+000  0.25368524E+000  0.35917488E+000  0.48209651E+000  0.75639831E+000  0.10124487E+001  0.16798130E+001  0.29454852E+001  0.40065515E+001  0.52150187E+001  0.59652775E+001
  0.19452445E+000  0.25368524E+000  0.35917488E+000  0.48209651E+000  0.75639831E+000  0.10124487E+001  0.16798130E+001  0.29454852E+001  0.40065515E+001  0.52150187E+001  0.59652775E+001
  0.19452445E+000  0.25368524E+000  0.35917488E+000  0.48209651E+000  0.75639831E+000  0.10124487E+001  0.16798130E+001  0.29454852E+001  0.40065515E+001  0.52150187E+001  0.59652775E+001
  0.19452445E+000  0.25368524E+000  0.35917488E+000  0.48209651E+000  0.75639831E+000  0.10124487E+001  0.16798130E+001  0.29454852E+001  0.40065515E+001  0.52150187E+001  0.59652775E+001
  0.19452445E+000  0.25368524E+000  0.35917488E+000  0.48209651E+000  0.75639831E+000  0.10124487E+001  0.16798130E+001  0.29454852E+001  0.40065515E+001  0.52150187E+001  0.59652775E+001
  0.19452445E+000  0.25368524E+000  0.35917488E+000  0.48209651E+000  0.75639831E+000  0.10124487E+001  0.16798130E+001  0.29454852E+001  0.40065515E+001  0.52150187E+001  0.59652775E+001
  0.19452445E+000  0.25368524E+000  0.35917488E+000  0.48209651E+000  0.75639831E+000  0.10124487E+001  0.16798130E+001  0.29454852E+001  0.40065515E+001  0.52150187E+001  0.59652775E+001
  0.19452445E+000  0.25368524E+000  0.35917488E+000  0.48209651E+000  0.75639831E+000  0.10124487E+001  0.16798130E+001  0.29454852E+001  0.40065515E+001  0.52150187E+001  0.59652775E+001
  0.19452445E+000  0.25368524E+000  0.35917488E+000  0.48209651E+000  0.75639831E+000  0.10124487E+001  0.16798130E+001  0.29454852E+001  0.40065515E+001  0.52150187E+001  0.59652775E+001
  0.19452445E+000  0.25368524E+000  0.35917488E+000  0.48209651E+000  0.75639831E+000  0.10124487E+001  0.16798130E+001  0.29454852E+001  0.40065515E+001  0.52150187E+001  0.59652775E+001
  0.19452445E+000  0.25368524E+000  0.35917488E+000  0.48209651E+000  0.75639831E+000  0.10124487E+001  0.16798130E+001  0.29454852E+001  0.40065515E+001  0.52150187E+001  0.59652775E+001
  0.19452445E+000  0.25368524E+000  0.35917488E+000  0.48209651E+000  0.75639831E+000  0.10124487E+001  0.16798130E+001  0.29454852E+001  0.40065515E+001  0.52150187E+001  0.59652775E+001
  0.19452445E+000  0.25368524E+000  0.35917488E+000  0.48209651E+000  0.75639831E+000  0.10124487E+001  0.16798130E+001  0.29454852E+001  0.40065515E+001  0.52150187E+001  0.59652775E+001
  0.19452445E+000  0.25368524E+000  0.35917488E+000  0.48209651E+000  0.75639831E+000  0.10124487E+001  0.16798130E+001  0.29454852E+001  0.40065515E+001  0.52150187E+001  0.59652775E+001
  0.19452445E+000  0.25368524E+000  0.35917488E+000  0.48209651E+000  0.75639831E+000  0.10124487E+001  0.16798130E+001  0.29454852E+001  0.40065515E+001  0.52150187E+001  0.59652775E+001
  0.19452445E+000  0.25368524E+000  0.35917488E+000  0.48209651E+000  0.75639831E+000  0.10124487E+001  0.16798130E+001  0.29454852E+001  0.40065515E+001  0.52150187E+001  0.59652775E+001
  0.19452445E+000  0.25368524E+000  0.35917488E+000  0.48209651E+000  0.75639831E+000  0.10124487E+001  0.16798130E+001  0.29454852E+001  0.40065515E+001  0.52150187E+001  0.59652775E+001
  0.19452445E+000  0.25368524E+000  0.35917488E+000  0.48209651E+000  0.75639831E+000  0.10124487E+001  0.16798130E+001  0.29454852E+001  0.40065515E+001  0.52150187E+001  0.59652775E+001
  0.19452445E+000  0.25368524E+000  0.35917488E+000  0.48209651E+000  0.75639831E+000  0.10124487E+001  0.16798130E+001  0.29454852E+001  0.40065515E+001  0.52150187E+001  0.59652775E+001
  0.19452445E+000  0.25368524E+000  0.35917488E+000  0.48209651E+000  0.75639831E+000  0.10124487E+001  0.16798130E+001  0.29454852E+001  0.40065515E+001  0.52150187E+001  0.59652775E+001
  0.19452445E+000  0.25368524E+000  0.35917488E+000  0.48209651E+000  0.75639831E+000  0.10124487E+001  0.16798130E+001  0.29454852E+001  0.40065515E+001  0.52150187E+001  0.59652775E+001
  0.19452445E+000  0.25368524E+000  0.35917488E+000  0.48209651E+000  0.75639831E+000  0.10124487E+001  0.16798130E+001  0.29454852E+001  0.40065515E+001  0.52150187E+001  0.59652775E+001
  0.19452445E+000  0.25368524E+000  0.35917488E+000  0.48209651E+000  0.75639831E+000  0.10124487E+001  0.16798130E+001  0.29454852E+001  0.40065515E+001  0.52150187E+001  0.59652775E+001
  0.19452445E+000  0.25368524E+000  0.35917488E+000  0.48209651E+000  0.75639831E+000  0.10124487E+001  0.16798130E+001  0.29454852E+001  0.40065515E+001  0.52150187E+001  0.59652775E+001
  0.19452445E+000  0.25368524E+000  0.35917488E+000  0.48209651E+000  0.75639831E+000  0.10124487E+001  0.16798130E+001  0.29454852E+001  0.40065515E+001  0.52150187E+001  0.59652775E+001
  0.19452445E+000  0.25368524E+000  0.35917488E+000  0.48209651E+000  0.75639831E+000  0.10124487E+001  0.16798130E+001  0.29454852E+001  0.40065515E+001  0.52150187E+001  0.59652775E+001
  0.19452445E+000  0.25368524E+000  0.35917488E+000  0.48209651E+000  0.75639831E+000  0.10124487E+001  0.16798130E+001  0.29454852E+001  0.40065515E+001  0.52150187E+001  0.59652775E+001
  0.19452445E+000  0.25368524E+000  0.35917488E+000  0.48209651E+000  0.75639831E+000  0.10124487E+001  0.16798130E+001  0.29454852E+001  0.40065515E+001  0.52150187E+001  0.59652775E+001
  0.19452445E+000  0.25368524E+000  0.35917488E+000  0.48209651E+000  0.75639831E+000  0.10124487E+001  0.16798130E+001  0.29454852E+001  0.40065515E+001  0.52150187E+001  0.59652775E+001
  0.19452445E+000  0.25368524E+000  0.35917488E+000  0.48209651E+000  0.75639831E+000  0.10124487E+001  0.16798130E+001  0.29454852E+001  0.40065515E+001  0.52150187E+001  0.59652775E+001
  0.19452445E+000  0.25368524E+000  0.35917488E+000  0.48209651E+000  0.75639831E+000  0.10124487E+001  0.16798130E+001  0.29454852E+001  0.40065515E+001  0.52150187E+001  0.59652775E+001
  0.19452445E+000  0.25368524E+000  0.35917488E+000  0.48209651E+000  0.75639831E+000  0.10124487E+001  0.16798130E+001  0.29454852E+001  0.40065515E+001  0.52150187E+001  0.59652775E+001
  0.19452445E+000  0.25368524E+000  0.35917488E+000  0.48209651E+000  0.75639831E+000  0.10124487E+001  0.16798130E+001  0.29454852E+001  0.40065515E+001  0.52150187E+001  0.59652775E+001
  0.19452445E+000  0.25368524E+000  0.35917488E+000  0.48209651E+000  0.75639831E+000  0.10124487E+001  0.16798130E+001  0.29454852E+001  0.40065515E+001  0.52150187E+001  0.59652775E+001
  0.19452445E+000  0.25368524E+000  0.35917488E+000  0.48209651E+000  0.75639831E+000  0.10124487E+001  0.16798130E+001  0.29454852E+001  0.40065515E+001  0.52150187E+001  0.59652775E+001
  0.19452445E+000  0.25368524E+000  0.35917488E+000  0.48209651E+000  0.75639831E+000  0.10124487E+001  0.16798130E+001  0.29454852E+001  0.40065515E+001  0.52150187E+001  0.59652775E+001
  0.19452445E+000  0.25368524E+000  0.35917488E+000  0.48209651E+000  0.75639831E+000  0.10124487E+001  0.16798130E+001  0.29454852E+001  0.40065515E+001  0.52150187E+001  0.59652775E+001
  0.19452445E+000  0.25368524E+000  0.35917488E+000  0.48209651E+000  0.75639831E+000  0.10124487E+001  0.16798130E+001  0.29454852E+001  0.40065515E+001  0.52150187E+001  0.59652775E+001
  0.19452445E+000  0.25368524E+000  0.35917488E+000  0.48209651E+000  0.75639831E+000  0.10124487E+001  0.16798130E+001  0.29454852E+001  0.40065515E+001  0.52150187E+001  0.59652775E+001
  0.19452445E+000  0.25368524E+000  0.35917488E+000  0.48209651E+000  0.75639831E+000  0.10124487E+001  0.16798130E+001  0.29454852E+001  0.40065515E+001  0.52150187E+001  0.59652775E+001
  0.19452445E+000  0.25368524E+000  0.35917488E+000  0.48209651E+000  0.75639831E+000  0.10124487E+001  0.16798130E+001  0.29454852E+001  0.40065515E+001  0.52150187E+001  0.59652775E+001
  0.19452445E+000  0.25368524E+000  0.35917488E+000  0.48209651E+000  0.75639831E+000  0.10124487E+001  0.16798130E+001  0.29454852E+001  0.40065515E+001  0.52150187E+001  0.59652775E+001
  0.19452445E+000  0.25368524E+000  0.35917488E+000  0.48209651E+000  0.75639831E+000  0.10124487E+001  0.16798130E+001  0.29454852E+001  0.40065515E+001  0.52150187E+001  0.59652775E+001
  0.19452445E+000  0.25368524E+000  0.35917488E+000  0.48209651E+000  0.75639831E+000  0.10124487E+001  0.16798130E+001  0.29454852E+001  0.40065515E+001  0.52150187E+001  0.59652775E+001
  0.19452445E+000  0.25368524E+000  0.35917488E+000  0.48209651E+000  0.75639831E+000  0.10124487E+001  0.16798130E+001  0.29454852E+001  0.40065515E+001  0.52150187E+001  0.59652775E+001
  0.19452445E+000  0.25368524E+000  0.35917488E+000  0.48209651E+000  0.75639831E+000  0.10124487E+001  0.16798130E+001  0.29454852E+001  0.40065515E+001  0.52150187E+001  0.59652775E+001
  0.19452445E+000  0.25368524E+000  0.35917488E+000  0.48209651E+000  0.75639831E+000  0.10124487E+001  0.16798130E+001  0.29454852E+001  0.40065515E+001  0.52150187E+001  0.59652775E+001
  0.19452445E+000  0.25368524E+000  0.35917488E+000  0.48209651E+000  0.75639831E+000  0.10124487E+001  0.16798130E+001  0.29454852E+001  0.40065515E+001  0.52150187E+001  0.59652775E+001
  0.19452445E+000  0.25368524E+000  0.35917488E+000  0.48209651E+000  0.75639831E+000  0.10124487E+001  0.16798130E+001  0.29454852E+001  0.40065515E+001  0.52150187E+001  0.59652775E+001
  0.19452445E+000  0.25368524E+000  0.35917488E+000  0.48209651E+000  0.75639831E+000  0.10124487E+001  0.16798130E+001  0.29454852E+001  0.40065515E+001  0.52150187E+001  0.59652775E+001
  0.19452445E+000  0.25368524E+000  0.35917488E+000  0.48209651E+000  0.75639831E+000  0.10124487E+001  0.16798130E+001  0.29454852E+001  0.40065515E+001  0.52150187E+001  0.59652775E+001
  0.19452445E+000  0.25368524E+000  0.35917488E+000  0.48209651E+000  0.75639831E+000  0.10124487E+001  0.16798130E+001  0.29454852E+001  0.40065515E+001  0.52150187E+001  0.59652775E+001
  0.19452445E+000  0.25368524E+000  0.35917488E+000  0.48209651E+000  0.75639831E+000  0.10124487E+001  0.16798130E+001  0.29454852E+001  0.40065515E+001  0.52150187E+001  0.59652775E+001
  0.19452445E+000  0.25368524E+000  0.35917488E+000  0.48209651E+000  0.75639831E+000  0.10124487E+001  0.16798130E+001  0.29454852E+001  0.40065515E+001  0.52150187E+001  0.59652775E+001
  0.19452445E+000  0.25368524E+000  0.35917488E+000  0.48209651E+000  0.75639831E+000  0.10124487E+001  0.16798130E+001  0.29454852E+001  0.40065515E+001  0.52150187E+001  0.59652775E+001
  0.19452445E+000  0.25368524E+000  0.35917488E+000  0.48209651E+000  0.75639831E+000  0.10124487E+001  0.16798130E+001  0.29454852E+001  0.40065515E+001  0.52150187E+001  0.59652775E+001
  0.19452445E+000  0.25368524E+000  0.35917488E+000  0.48209651E+000  0.75639831E+000  0.10124487E+001  0.16798130E+001  0.29454852E+001  0.40065515E+001  0.52150187E+001  0.59652775E+001
  0.19452445E+000  0.25368524E+000  0.35917488E+000  0.48209651E+000  0.75639831E+000  0.10124487E+001  0.16798130E+001  0.29454852E+001  0.40065515E+001  0.52150187E+001  0.59652775E+001
  0.19452445E+000  0.25368524E+000  0.35917488E+000  0.48209651E+000  0.75639831E+000  0.10124487E+001  0.16798130E+001  0.29454852E+001  0.40065515E+001  0.52150187E+001  0.59652775E+001
  0.19452445E+000  0.25368524E+000  0.35917488E+000  0.48209651E+000  0.75639831E+000  0.10124487E+001  0.16798130E+001  0.29454852E+001  0.40065515E+001  0.52150187E+001  0.59652775E+001
  0.19452445E+000  0.25368524E+000  0.35917488E+000  0.48209651E+000  0.75639831E+000  0.10124487E+001  0.16798130E+001  0.29454852E+001  0.40065515E+001  0.52150187E+001  0.59652775E+001
  0.19452445E+000  0.25368524E+000  0.35917488E+000  0.48209651E+000  0.75639831E+000  0.10124487E+001  0.16798130E+001  0.29454852E+001  0.40065515E+001  0.52150187E+001  0.59652775E+001
  0.19452445E+000  0.25368524E+000  0.35917488E+000  0.48209651E+000  0.75639831E+000  0.10124487E+001  0.16798130E+001  0.29454852E+001  0.40065515E+001  0.52150187E+001  0.59652775E+001
  0.19452445E+000  0.25368524E+000  0.35917488E+000  0.48209651E+000  0.75639831E+000  0.10124487E+001  0.16798130E+001  0.29454852E+001  0.40065515E+001  0.52150187E+001  0.59652775E+001
  0.19452445E+000  0.25368524E+000  0.35917488E+000  0.48209651E+000  0.75639831E+000  0.10124487E+001  0.16798130E+001  0.29454852E+001  0.40065515E+001  0.52150187E+001  0.59652775E+001
  0.19452445E+000  0.25368524E+000  0.35917488E+000  0.48209651E+000  0.75639831E+000  0.10124487E+001  0.16798130E+001  0.29454852E+001  0.40065515E+001  0.52150187E+001  0.59652775E+001
  0.19452445E+000  0.25368524E+000  0.35917488E+000  0.48209651E+000  0.75639831E+000  0.10124487E+001  0.16798130E+001  0.29454852E+001  0.40065515E+001  0.52150187E+001  0.59652775E+001
  0.19452445E+000  0.25368524E+000  0.35917488E+000  0.48209651E+000  0.75639831E+000  0.10124487E+001  0.16798130E+001  0.29454852E+001  0.40065515E+001  0.52150187E+001  0.59652775E+001
  0.19452445E+000  0.25368524E+000  0.35917488E+000  0.48209651E+000  0.75639831E+000  0.10124487E+001  0.16798130E+001  0.29454852E+001  0.40065515E+001  0.52150187E+001  0.59652775E+001
  0.19452445E+000  0.25368524E+000  0.35917488E+000  0.48209651E+000  0.75639831E+000  0.10124487E+001  0.16798130E+001  0.29454852E+001  0.40065515E+001  0.52150187E+001  0.59652775E+001
  0.19452445E+000  0.25368524E+000  0.35917488E+000  0.48209651E+000  0.75639831E+000  0.10124487E+001  0.16798130E+001  0.29454852E+001  0.40065515E+001  0.52150187E+001  0.59652775E+001
  0.19452445E+000  0.25368524E+000  0.35917488E+000  0.48209651E+000  0.75639831E+000  0.10124487E+001  0.16798130E+001  0.29454852E+001  0.40065515E+001  0.52150187E+001  0.59652775E+001
  0.19452445E+000  0.25368524E+000  0.35917488E+000  0.48209651E+000  0.75639831E+000  0.10124487E+001  0.16798130E+001  0.29454852E+001  0.40065515E+001  0.52150187E+001  0.59652775E+001
  0.19452445E+000  0.25368524E+000  0.35917488E+000  0.48209651E+000  0.75639831E+000  0.10124487E+001  0.16798130E+001  0.29454852E+001  0.40065515E+001  0.52150187E+001  0.59652775E+001
  0.19452445E+000  0.25368524E+000  0.35917488E+000  0.48209651E+000  0.75639831E+000  0.10124487E+001  0.16798130E+001  0.29454852E+001  0.40065515E+001  0.52150187E+001  0.59652775E+001
  0.19452445E+000  0.25368524E+000  0.35917488E+000  0.48209651E+000  0.75639831E+000  0.10124487E+001  0.16798130E+001  0.29454852E+001  0.40065515E+001  0.52150187E+001  0.59652775E+001
  0.19452445E+000  0.25368524E+000  0.35917488E+000  0.48209651E+000  0.75639831E+000  0.10124487E+001  0.16798130E+001  0.29454852E+001  0.40065515E+001  0.52150187E+001  0.59652775E+001
  0.19452445E+000  0.25368524E+000  0.35917488E+000  0.48209651E+000  0.75639831E+000  0.10124487E+001  0.16798130E+001  0.29454852E+001  0.40065515E+001  0.52150187E+001  0.59652775E+001
  0.19452445E+000  0.25368524E+000  0.35917488E+000  0.48209651E+000  0.75639831E+000  0.10124487E+001  0.16798130E+001  0.29454852E+001  0.40065515E+001  0.52150187E+001  0.59652775E+001
  0.19452445E+000  0.25368524E+000  0.35917488E+000  0.48209651E+000  0.75639831E+000  0.10124487E+001  0.16798130E+001  0.29454852E+001  0.40065515E+001  0.52150187E+001  0.59652775E+001
  0.19452445E+000  0.25368524E+000  0.35917488E+000  0.48209651E+000  0.75639831E+000  0.10124487E+001  0.16798130E+001  0.29454852E+001  0.40065515E+001  0.52150187E+001  0.59652775E+001
  0.19452445E+000  0.25368524E+000  0.35917488E+000  0.48209651E+000  0.75639831E+000  0.10124487E+001  0.16798130E+001  0.29454852E+001  0.40065515E+001  0.52150187E+001  0.59652775E+001
  0.19452445E+000  0.25368524E+000  0.35917488E+000  0.48209651E+000  0.75639831E+000  0.10124487E+001  0.16798130E+001  0.29454852E+001  0.40065515E+001  0.52150187E+001  0.59652775E+001
  0.19452445E+000  0.25368524E+000  0.35917488E+000  0.48209651E+000  0.75639831E+000  0.10124487E+001  0.16798130E+001  0.29454852E+001  0.40065515E+001  0.52150187E+001  0.59652775E+001
  0.19452445E+000  0.25368524E+000  0.35917488E+000  0.48209651E+000  0.75639831E+000  0.10124487E+001  0.16798130E+001  0.29454852E+001  0.40065515E+001  0.52150187E+001  0.59652775E+001
  0.19452445E+000  0.25368524E+000  0.35917488E+000  0.48209651E+000  0.75639831E+000  0.10124487E+001  0.16798130E+001  0.29454852E+001  0.40065515E+001  0.52150187E+001  0.59652775E+001
  0.19452445E+000  0.25368524E+000  0.35917489E+000  0.48209651E+000  0.75639831E+000  0.10124487E+001  0.16798130E+001  0.29454852E+001  0.40065515E+001  0.52150187E+001  0.59652775E+001
  0.19452445E+000  0.25368524E+000  0.35917489E+000  0.48209651E+000  0.75639831E+000  0.10124487E+001  0.16798130E+001  0.29454852E+001  0.40065515E+001  0.52150187E+001  0.59652775E+001
  0.19452445E+000  0.25368524E+000  0.35917489E+000  0.48209651E+000  0.75639831E+000  0.10124487E+001  0.16798130E+001  0.29454852E+001  0.40065515E+001  0.52150187E+001  0.59652775E+001
  0.19452445E+000  0.25368524E+000  0.35917489E+000  0.48209651E+000  0.75639831E+000  0.10124487E+001  0.16798130E+001  0.29454852E+001  0.40065515E+001  0.52150187E+001  0.59652775E+001
  0.19452445E+000  0.25368524E+000  0.35917489E+000  0.48209651E+000  0.75639831E+000  0.10124487E+001  0.16798130E+001  0.29454852E+001  0.40065515E+001  0.52150187E+001  0.59652775E+001
  0.19452445E+000  0.25368524E+000  0.35917489E+000  0.48209651E+000  0.75639831E+000  0.10124487E+001  0.16798130E+001  0.29454852E+001  0.40065515E+001  0.52150187E+001  0.59652775E+001
  0.19452445E+000  0.25368524E+000  0.35917489E+000  0.48209651E+000  0.75639831E+000  0.10124487E+001  0.16798130E+001  0.29454852E+001  0.40065515E+001  0.52150187E+001  0.59652775E+001
  0.19452445E+000  0.25368525E+000  0.35917489E+000  0.48209652E+000  0.75639831E+000  0.10124487E+001  0.16798130E+001  0.29454852E+001  0.40065515E+001  0.52150187E+001  0.59652775E+001
  0.19452446E+000  0.25368525E+000  0.35917489E+000  0.48209652E+000  0.75639831E+000  0.10124487E+001  0.16798131E+001  0.29454852E+001  0.40065515E+001  0.52150188E+001  0.59652775E+001
