  0.36593615E+000  0.42648754E+000  0.50515641E+000  0.57068735E+000  0.75016393E+000  0.90502254E+000  0.11286301E+001  0.16077805E+001  0.19136239E+001  0.22805502E+001  0.25092467E+001
  0.36593615E+000  0.42648754E+000  0.50515641E+000  0.57068735E+000  0.75016393E+000  0.90502254E+000  0.11286301E+001  0.16077805E+001  0.19136239E+001  0.22805502E+001  0.25092467E+001
  0.36593615E+000  0.42648754E+000  0.50515641E+000  0.57068735E+000  0.75016393E+000  0.90502254E+000  0.11286301E+001  0.16077805E+001  0.19136239E+001  0.22805502E+001  0.25092467E+001
  0.36593615E+000  0.42648754E+000  0.50515641E+000  0.57068735E+000  0.75016393E+000  0.90502254E+000  0.11286301E+001  0.16077805E+001  0.19136239E+001  0.22805502E+001  0.25092467E+001
  0.36593615E+000  0.42648754E+000  0.50515641E+000  0.57068735E+000  0.75016393E+000  0.90502254E+000  0.11286301E+001  0.16077805E+001  0.19136239E+001  0.22805502E+001  0.25092467E+001
  0.36593615E+000  0.42648754E+000  0.50515641E+000  0.57068735E+000  0.75016393E+000  0.90502254E+000  0.11286301E+001  0.16077805E+001  0.19136239E+001  0.22805502E+001  0.25092467E+001
  0.36593615E+000  0.42648754E+000  0.50515641E+000  0.57068735E+000  0.75016393E+000  0.90502254E+000  0.11286301E+001  0.16077805E+001  0.19136239E+001  0.22805502E+001  0.25092467E+001
  0.36593615E+000  0.42648754E+000  0.50515641E+000  0.57068735E+000  0.75016393E+000  0.90502254E+000  0.11286301E+001  0.16077805E+001  0.19136239E+001  0.22805502E+001  0.25092467E+001
  0.36593615E+000  0.42648754E+000  0.50515641E+000  0.57068735E+000  0.75016393E+000  0.90502254E+000  0.11286301E+001  0.16077805E+001  0.19136239E+001  0.22805502E+001  0.25092467E+001
  0.36593615E+000  0.42648754E+000  0.50515641E+000  0.57068735E+000  0.75016393E+000  0.90502254E+000  0.11286301E+001  0.16077805E+001  0.19136239E+001  0.22805502E+001  0.25092467E+001
  0.36593615E+000  0.42648754E+000  0.50515641E+000  0.57068735E+000  0.75016393E+000  0.90502254E+000  0.11286301E+001  0.16077805E+001  0.19136239E+001  0.22805502E+001  0.25092467E+001
  0.36593615E+000  0.42648754E+000  0.50515641E+000  0.57068735E+000  0.75016393E+000  0.90502254E+000  0.11286301E+001  0.16077805E+001  0.19136239E+001  0.22805502E+001  0.25092467E+001
  0.36593615E+000  0.42648754E+000  0.50515641E+000  0.57068735E+000  0.75016393E+000  0.90502254E+000  0.11286301E+001  0.16077805E+001  0.19136239E+001  0.22805502E+001  0.25092467E+001
  0.36593615E+000  0.42648754E+000  0.50515641E+000  0.57068735E+000  0.75016393E+000  0.90502254E+000  0.11286301E+001  0.16077805E+001  0.19136239E+001  0.22805502E+001  0.25092467E+001
  0.36593615E+000  0.42648754E+000  0.50515641E+000  0.57068735E+000  0.75016393E+000  0.90502254E+000  0.11286301E+001  0.16077805E+001  0.19136239E+001  0.22805502E+001  0.25092467E+001
  0.36593615E+000  0.42648754E+000  0.50515641E+000  0.57068735E+000  0.75016393E+000  0.90502254E+000  0.11286301E+001  0.16077805E+001  0.19136239E+001  0.22805502E+001  0.25092467E+001
  0.36593615E+000  0.42648754E+000  0.50515641E+000  0.57068735E+000  0.75016393E+000  0.90502254E+000  0.11286301E+001  0.16077805E+001  0.19136239E+001  0.22805502E+001  0.25092467E+001
  0.36593615E+000  0.42648754E+000  0.50515641E+000  0.57068735E+000  0.75016393E+000  0.90502254E+000  0.11286301E+001  0.16077805E+001  0.19136239E+001  0.22805502E+001  0.25092467E+001
  0.36593615E+000  0.42648754E+000  0.50515641E+000  0.57068735E+000  0.75016393E+000  0.90502254E+000  0.11286301E+001  0.16077805E+001  0.19136239E+001  0.22805502E+001  0.25092467E+001
  0.36593615E+000  0.42648754E+000  0.50515641E+000  0.57068735E+000  0.75016393E+000  0.90502254E+000  0.11286301E+001  0.16077805E+001  0.19136239E+001  0.22805502E+001  0.25092467E+001
  0.36593615E+000  0.42648754E+000  0.50515641E+000  0.57068735E+000  0.75016393E+000  0.90502254E+000  0.11286301E+001  0.16077805E+001  0.19136239E+001  0.22805502E+001  0.25092467E+001
  0.36593615E+000  0.42648754E+000  0.50515641E+000  0.57068735E+000  0.75016393E+000  0.90502254E+000  0.11286301E+001  0.16077805E+001  0.19136239E+001  0.22805502E+001  0.25092467E+001
  0.36593615E+000  0.42648754E+000  0.50515641E+000  0.57068735E+000  0.75016393E+000  0.90502254E+000  0.11286301E+001  0.16077805E+001  0.19136239E+001  0.22805502E+001  0.25092467E+001
  0.36593615E+000  0.42648754E+000  0.50515641E+000  0.57068735E+000  0.75016393E+000  0.90502254E+000  0.11286301E+001  0.16077805E+001  0.19136239E+001  0.22805502E+001  0.25092467E+001
  0.36593615E+000  0.42648754E+000  0.50515641E+000  0.57068735E+000  0.75016393E+000  0.90502254E+000  0.11286301E+001  0.16077805E+001  0.19136239E+001  0.22805502E+001  0.25092467E+001
  0.36593615E+000  0.42648754E+000  0.50515641E+000  0.57068735E+000  0.75016393E+000  0.90502254E+000  0.11286301E+001  0.16077805E+001  0.19136239E+001  0.22805502E+001  0.25092467E+001
  0.36593615E+000  0.42648754E+000  0.50515641E+000  0.57068735E+000  0.75016393E+000  0.90502254E+000  0.11286301E+001  0.16077805E+001  0.19136239E+001  0.22805502E+001  0.25092467E+001
  0.36593615E+000  0.42648754E+000  0.50515641E+000  0.57068735E+000  0.75016393E+000  0.90502254E+000  0.11286301E+001  0.16077805E+001  0.19136239E+001  0.22805502E+001  0.25092467E+001
  0.36593615E+000  0.42648754E+000  0.50515641E+000  0.57068735E+000  0.75016393E+000  0.90502254E+000  0.11286301E+001  0.16077805E+001  0.19136239E+001  0.22805502E+001  0.25092467E+001
  0.36593615E+000  0.42648754E+000  0.50515641E+000  0.57068735E+000  0.75016393E+000  0.90502254E+000  0.11286301E+001  0.16077805E+001  0.19136239E+001  0.22805502E+001  0.25092467E+001
  0.36593615E+000  0.42648754E+000  0.50515641E+000  0.57068735E+000  0.75016393E+000  0.90502254E+000  0.11286301E+001  0.16077805E+001  0.19136239E+001  0.22805502E+001  0.25092467E+001
  0.36593615E+000  0.42648754E+000  0.50515641E+000  0.57068735E+000  0.75016393E+000  0.90502254E+000  0.11286301E+001  0.16077805E+001  0.19136239E+001  0.22805502E+001  0.25092467E+001
  0.36593615E+000  0.42648754E+000  0.50515641E+000  0.57068735E+000  0.75016393E+000  0.90502254E+000  0.11286301E+001  0.16077805E+001  0.19136239E+001  0.22805502E+001  0.25092467E+001
  0.36593615E+000  0.42648754E+000  0.50515641E+000  0.57068735E+000  0.75016393E+000  0.90502254E+000  0.11286301E+001  0.16077805E+001  0.19136239E+001  0.22805502E+001  0.25092467E+001
  0.36593615E+000  0.42648754E+000  0.50515641E+000  0.57068735E+000  0.75016393E+000  0.90502254E+000  0.11286301E+001  0.16077805E+001  0.19136239E+001  0.22805502E+001  0.25092467E+001
  0.36593615E+000  0.42648754E+000  0.50515641E+000  0.57068735E+000  0.75016393E+000  0.90502254E+000  0.11286301E+001  0.16077805E+001  0.19136239E+001  0.22805502E+001  0.25092467E+001
  0.36593615E+000  0.42648754E+000  0.50515641E+000  0.57068735E+000  0.75016393E+000  0.90502254E+000  0.11286301E+001  0.16077805E+001  0.19136239E+001  0.22805502E+001  0.25092467E+001
  0.36593615E+000  0.42648754E+000  0.50515641E+000  0.57068735E+000  0.75016393E+000  0.90502254E+000  0.11286301E+001  0.16077805E+001  0.19136239E+001  0.22805502E+001  0.25092467E+001
  0.36593615E+000  0.42648754E+000  0.50515641E+000  0.57068735E+000  0.75016393E+000  0.90502254E+000  0.11286301E+001  0.16077805E+001  0.19136239E+001  0.22805502E+001  0.25092467E+001
  0.36593615E+000  0.42648754E+000  0.50515641E+000  0.57068735E+000  0.75016393E+000  0.90502254E+000  0.11286301E+001  0.16077805E+001  0.19136239E+001  0.22805502E+001  0.25092467E+001
  0.36593615E+000  0.42648754E+000  0.50515641E+000  0.57068735E+000  0.75016393E+000  0.90502254E+000  0.11286301E+001  0.16077805E+001  0.19136239E+001  0.22805502E+001  0.25092467E+001
  0.36593615E+000  0.42648754E+000  0.50515641E+000  0.57068735E+000  0.75016393E+000  0.90502254E+000  0.11286301E+001  0.16077805E+001  0.19136239E+001  0.22805502E+001  0.25092467E+001
  0.36593615E+000  0.42648754E+000  0.50515641E+000  0.57068735E+000  0.75016393E+000  0.90502254E+000  0.11286301E+001  0.16077805E+001  0.19136239E+001  0.22805502E+001  0.25092467E+001
  0.36593615E+000  0.42648754E+000  0.50515641E+000  0.57068735E+000  0.75016393E+000  0.90502254E+000  0.11286301E+001  0.16077805E+001  0.19136239E+001  0.22805502E+001  0.25092467E+001
  0.36593615E+000  0.42648754E+000  0.50515641E+000  0.57068735E+000  0.75016393E+000  0.90502254E+000  0.11286301E+001  0.16077805E+001  0.19136239E+001  0.22805502E+001  0.25092467E+001
  0.36593615E+000  0.42648754E+000  0.50515641E+000  0.57068735E+000  0.75016393E+000  0.90502254E+000  0.11286301E+001  0.16077805E+001  0.19136239E+001  0.22805502E+001  0.25092467E+001
  0.36593615E+000  0.42648754E+000  0.50515641E+000  0.57068735E+000  0.75016393E+000  0.90502254E+000  0.11286301E+001  0.16077805E+001  0.19136239E+001  0.22805502E+001  0.25092467E+001
  0.36593615E+000  0.42648754E+000  0.50515641E+000  0.57068735E+000  0.75016393E+000  0.90502254E+000  0.11286301E+001  0.16077805E+001  0.19136239E+001  0.22805502E+001  0.25092467E+001
  0.36593615E+000  0.42648754E+000  0.50515641E+000  0.57068735E+000  0.75016393E+000  0.90502254E+000  0.11286301E+001  0.16077805E+001  0.19136239E+001  0.22805502E+001  0.25092467E+001
  0.36593615E+000  0.42648754E+000  0.50515641E+000  0.57068735E+000  0.75016393E+000  0.90502254E+000  0.11286301E+001  0.16077805E+001  0.19136239E+001  0.22805502E+001  0.25092467E+001
  0.36593615E+000  0.42648754E+000  0.50515641E+000  0.57068735E+000  0.75016393E+000  0.90502254E+000  0.11286301E+001  0.16077805E+001  0.19136239E+001  0.22805502E+001  0.25092467E+001
  0.36593615E+000  0.42648754E+000  0.50515641E+000  0.57068735E+000  0.75016393E+000  0.90502254E+000  0.11286301E+001  0.16077805E+001  0.19136239E+001  0.22805502E+001  0.25092467E+001
  0.36593615E+000  0.42648754E+000  0.50515641E+000  0.57068735E+000  0.75016393E+000  0.90502254E+000  0.11286301E+001  0.16077805E+001  0.19136239E+001  0.22805502E+001  0.25092467E+001
  0.36593615E+000  0.42648754E+000  0.50515641E+000  0.57068735E+000  0.75016393E+000  0.90502254E+000  0.11286301E+001  0.16077805E+001  0.19136239E+001  0.22805502E+001  0.25092467E+001
  0.36593615E+000  0.42648754E+000  0.50515641E+000  0.57068735E+000  0.75016393E+000  0.90502254E+000  0.11286301E+001  0.16077805E+001  0.19136239E+001  0.22805502E+001  0.25092467E+001
  0.36593615E+000  0.42648754E+000  0.50515641E+000  0.57068735E+000  0.75016393E+000  0.90502254E+000  0.11286301E+001  0.16077805E+001  0.19136239E+001  0.22805502E+001  0.25092467E+001
  0.36593615E+000  0.42648754E+000  0.50515641E+000  0.57068735E+000  0.75016393E+000  0.90502254E+000  0.11286301E+001  0.16077805E+001  0.19136239E+001  0.22805502E+001  0.25092467E+001
  0.36593615E+000  0.42648754E+000  0.50515641E+000  0.57068735E+000  0.75016393E+000  0.90502254E+000  0.11286301E+001  0.16077805E+001  0.19136239E+001  0.22805502E+001  0.25092467E+001
  0.36593615E+000  0.42648754E+000  0.50515641E+000  0.57068735E+000  0.75016393E+000  0.90502254E+000  0.11286301E+001  0.16077805E+001  0.19136239E+001  0.22805502E+001  0.25092467E+001
  0.36593615E+000  0.42648754E+000  0.50515641E+000  0.57068735E+000  0.75016393E+000  0.90502254E+000  0.11286301E+001  0.16077805E+001  0.19136239E+001  0.22805502E+001  0.25092467E+001
  0.36593615E+000  0.42648754E+000  0.50515641E+000  0.57068735E+000  0.75016393E+000  0.90502254E+000  0.11286301E+001  0.16077805E+001  0.19136239E+001  0.22805502E+001  0.25092467E+001
  0.36593615E+000  0.42648754E+000  0.50515641E+000  0.57068735E+000  0.75016393E+000  0.90502254E+000  0.11286301E+001  0.16077805E+001  0.19136239E+001  0.22805502E+001  0.25092467E+001
  0.36593615E+000  0.42648754E+000  0.50515641E+000  0.57068735E+000  0.75016393E+000  0.90502254E+000  0.11286301E+001  0.16077805E+001  0.19136239E+001  0.22805502E+001  0.25092467E+001
  0.36593615E+000  0.42648754E+000  0.50515641E+000  0.57068735E+000  0.75016393E+000  0.90502254E+000  0.11286301E+001  0.16077805E+001  0.19136239E+001  0.22805502E+001  0.25092467E+001
  0.36593615E+000  0.42648754E+000  0.50515641E+000  0.57068735E+000  0.75016393E+000  0.90502254E+000  0.11286301E+001  0.16077805E+001  0.19136239E+001  0.22805502E+001  0.25092467E+001
  0.36593615E+000  0.42648754E+000  0.50515641E+000  0.57068735E+000  0.75016393E+000  0.90502254E+000  0.11286301E+001  0.16077805E+001  0.19136239E+001  0.22805502E+001  0.25092467E+001
  0.36593615E+000  0.42648754E+000  0.50515641E+000  0.57068735E+000  0.75016393E+000  0.90502254E+000  0.11286301E+001  0.16077805E+001  0.19136239E+001  0.22805502E+001  0.25092467E+001
  0.36593615E+000  0.42648754E+000  0.50515641E+000  0.57068735E+000  0.75016393E+000  0.90502254E+000  0.11286301E+001  0.16077805E+001  0.19136239E+001  0.22805502E+001  0.25092467E+001
  0.36593615E+000  0.42648754E+000  0.50515641E+000  0.57068735E+000  0.75016393E+000  0.90502254E+000  0.11286301E+001  0.16077805E+001  0.19136239E+001  0.22805502E+001  0.25092467E+001
  0.36593615E+000  0.42648754E+000  0.50515641E+000  0.57068735E+000  0.75016393E+000  0.90502254E+000  0.11286301E+001  0.16077805E+001  0.19136239E+001  0.22805502E+001  0.25092467E+001
  0.36593615E+000  0.42648754E+000  0.50515641E+000  0.57068735E+000  0.75016393E+000  0.90502254E+000  0.11286301E+001  0.16077805E+001  0.19136239E+001  0.22805502E+001  0.25092467E+001
  0.36593615E+000  0.42648754E+000  0.50515641E+000  0.57068735E+000  0.75016393E+000  0.90502254E+000  0.11286301E+001  0.16077805E+001  0.19136239E+001  0.22805502E+001  0.25092467E+001
  0.36593615E+000  0.42648754E+000  0.50515641E+000  0.57068735E+000  0.75016393E+000  0.90502254E+000  0.11286301E+001  0.16077805E+001  0.19136239E+001  0.22805502E+001  0.25092467E+001
  0.36593615E+000  0.42648754E+000  0.50515641E+000  0.57068735E+000  0.75016393E+000  0.90502254E+000  0.11286301E+001  0.16077805E+001  0.19136239E+001  0.22805502E+001  0.25092467E+001
  0.36593615E+000  0.42648754E+000  0.50515641E+000  0.57068735E+000  0.75016393E+000  0.90502254E+000  0.11286301E+001  0.16077805E+001  0.19136239E+001  0.22805502E+001  0.25092467E+001
  0.36593615E+000  0.42648754E+000  0.50515641E+000  0.57068735E+000  0.75016393E+000  0.90502254E+000  0.11286301E+001  0.16077805E+001  0.19136239E+001  0.22805502E+001  0.25092467E+001
  0.36593615E+000  0.42648754E+000  0.50515641E+000  0.57068735E+000  0.75016393E+000  0.90502254E+000  0.11286301E+001  0.16077805E+001  0.19136239E+001  0.22805502E+001  0.25092467E+001
  0.36593615E+000  0.42648754E+000  0.50515641E+000  0.57068735E+000  0.75016393E+000  0.90502254E+000  0.11286301E+001  0.16077805E+001  0.19136239E+001  0.22805502E+001  0.25092467E+001
  0.36593615E+000  0.42648754E+000  0.50515641E+000  0.57068735E+000  0.75016393E+000  0.90502254E+000  0.11286301E+001  0.16077805E+001  0.19136239E+001  0.22805502E+001  0.25092467E+001
  0.36593615E+000  0.42648754E+000  0.50515641E+000  0.57068735E+000  0.75016393E+000  0.90502254E+000  0.11286301E+001  0.16077805E+001  0.19136239E+001  0.22805502E+001  0.25092467E+001
  0.36593615E+000  0.42648754E+000  0.50515641E+000  0.57068735E+000  0.75016393E+000  0.90502254E+000  0.11286301E+001  0.16077805E+001  0.19136239E+001  0.22805502E+001  0.25092467E+001
  0.36593615E+000  0.42648754E+000  0.50515641E+000  0.57068735E+000  0.75016393E+000  0.90502254E+000  0.11286301E+001  0.16077805E+001  0.19136239E+001  0.22805502E+001  0.25092467E+001
  0.36593615E+000  0.42648754E+000  0.50515641E+000  0.57068735E+000  0.75016393E+000  0.90502254E+000  0.11286301E+001  0.16077805E+001  0.19136239E+001  0.22805502E+001  0.25092467E+001
  0.36593615E+000  0.42648754E+000  0.50515641E+000  0.57068735E+000  0.75016393E+000  0.90502254E+000  0.11286301E+001  0.16077805E+001  0.19136239E+001  0.22805502E+001  0.25092467E+001
  0.36593615E+000  0.42648754E+000  0.50515641E+000  0.57068735E+000  0.75016393E+000  0.90502254E+000  0.11286301E+001  0.16077805E+001  0.19136239E+001  0.22805502E+001  0.25092467E+001
  0.36593615E+000  0.42648754E+000  0.50515641E+000  0.57068735E+000  0.75016393E+000  0.90502254E+000  0.11286301E+001  0.16077805E+001  0.19136239E+001  0.22805502E+001  0.25092467E+001
  0.36593615E+000  0.42648754E+000  0.50515641E+000  0.57068735E+000  0.75016393E+000  0.90502254E+000  0.11286301E+001  0.16077805E+001  0.19136239E+001  0.22805502E+001  0.25092467E+001
  0.36593615E+000  0.42648754E+000  0.50515641E+000  0.57068735E+000  0.75016393E+000  0.90502254E+000  0.11286301E+001  0.16077805E+001  0.19136239E+001  0.22805502E+001  0.25092467E+001
  0.36593615E+000  0.42648754E+000  0.50515641E+000  0.57068735E+000  0.75016393E+000  0.90502254E+000  0.11286301E+001  0.16077805E+001  0.19136239E+001  0.22805502E+001  0.25092467E+001
  0.36593615E+000  0.42648754E+000  0.50515641E+000  0.57068735E+000  0.75016393E+000  0.90502254E+000  0.11286301E+001  0.16077805E+001  0.19136239E+001  0.22805502E+001  0.25092467E+001
  0.36593615E+000  0.42648754E+000  0.50515641E+000  0.57068735E+000  0.75016393E+000  0.90502254E+000  0.11286301E+001  0.16077805E+001  0.19136239E+001  0.22805502E+001  0.25092467E+001
  0.36593615E+000  0.42648754E+000  0.50515641E+000  0.57068735E+000  0.75016393E+000  0.90502254E+000  0.11286301E+001  0.16077805E+001  0.19136239E+001  0.22805502E+001  0.25092467E+001
  0.36593615E+000  0.42648754E+000  0.50515641E+000  0.57068735E+000  0.75016393E+000  0.90502254E+000  0.11286301E+001  0.16077805E+001  0.19136239E+001  0.22805502E+001  0.25092467E+001
  0.36593615E+000  0.42648754E+000  0.50515641E+000  0.57068735E+000  0.75016393E+000  0.90502254E+000  0.11286301E+001  0.16077805E+001  0.19136239E+001  0.22805502E+001  0.25092467E+001
  0.36593615E+000  0.42648754E+000  0.50515641E+000  0.57068735E+000  0.75016393E+000  0.90502254E+000  0.11286301E+001  0.16077805E+001  0.19136239E+001  0.22805502E+001  0.25092467E+001
  0.36593615E+000  0.42648754E+000  0.50515641E+000  0.57068735E+000  0.75016393E+000  0.90502254E+000  0.11286301E+001  0.16077805E+001  0.19136239E+001  0.22805502E+001  0.25092467E+001
  0.36593615E+000  0.42648754E+000  0.50515641E+000  0.57068735E+000  0.75016393E+000  0.90502254E+000  0.11286301E+001  0.16077805E+001  0.19136239E+001  0.22805502E+001  0.25092467E+001
  0.36593615E+000  0.42648754E+000  0.50515641E+000  0.57068735E+000  0.75016393E+000  0.90502254E+000  0.11286301E+001  0.16077805E+001  0.19136239E+001  0.22805502E+001  0.25092467E+001
  0.36593615E+000  0.42648754E+000  0.50515641E+000  0.57068735E+000  0.75016393E+000  0.90502254E+000  0.11286301E+001  0.16077805E+001  0.19136239E+001  0.22805502E+001  0.25092467E+001
  0.36593615E+000  0.42648754E+000  0.50515641E+000  0.57068735E+000  0.75016393E+000  0.90502254E+000  0.11286301E+001  0.16077805E+001  0.19136239E+001  0.22805502E+001  0.25092467E+001
  0.36593615E+000  0.42648754E+000  0.50515641E+000  0.57068735E+000  0.75016393E+000  0.90502254E+000  0.11286301E+001  0.16077805E+001  0.19136239E+001  0.22805502E+001  0.25092467E+001
  0.36593615E+000  0.42648754E+000  0.50515641E+000  0.57068735E+000  0.75016393E+000  0.90502254E+000  0.11286301E+001  0.16077805E+001  0.19136239E+001  0.22805502E+001  0.25092467E+001
  0.36593615E+000  0.42648754E+000  0.50515641E+000  0.57068735E+000  0.75016393E+000  0.90502254E+000  0.11286301E+001  0.16077805E+001  0.19136239E+001  0.22805502E+001  0.25092467E+001
  0.36593615E+000  0.42648754E+000  0.50515641E+000  0.57068735E+000  0.75016393E+000  0.90502254E+000  0.11286301E+001  0.16077805E+001  0.19136239E+001  0.22805502E+001  0.25092467E+001
  0.36593615E+000  0.42648754E+000  0.50515641E+000  0.57068735E+000  0.75016393E+000  0.90502254E+000  0.11286301E+001  0.16077805E+001  0.19136239E+001  0.22805502E+001  0.25092467E+001
  0.36593615E+000  0.42648754E+000  0.50515641E+000  0.57068735E+000  0.75016393E+000  0.90502254E+000  0.11286301E+001  0.16077805E+001  0.19136239E+001  0.22805502E+001  0.25092467E+001
  0.36593615E+000  0.42648754E+000  0.50515641E+000  0.57068735E+000  0.75016393E+000  0.90502254E+000  0.11286301E+001  0.16077805E+001  0.19136239E+001  0.22805502E+001  0.25092467E+001
  0.36593615E+000  0.42648754E+000  0.50515641E+000  0.57068735E+000  0.75016393E+000  0.90502254E+000  0.11286301E+001  0.16077805E+001  0.19136239E+001  0.22805502E+001  0.25092467E+001
  0.36593615E+000  0.42648754E+000  0.50515641E+000  0.57068735E+000  0.75016393E+000  0.90502254E+000  0.11286301E+001  0.16077805E+001  0.19136239E+001  0.22805502E+001  0.25092467E+001
  0.36593615E+000  0.42648754E+000  0.50515641E+000  0.57068735E+000  0.75016393E+000  0.90502254E+000  0.11286301E+001  0.16077805E+001  0.19136239E+001  0.22805502E+001  0.25092467E+001
  0.36593615E+000  0.42648754E+000  0.50515641E+000  0.57068735E+000  0.75016393E+000  0.90502254E+000  0.11286301E+001  0.16077805E+001  0.19136239E+001  0.22805502E+001  0.25092467E+001
  0.36593615E+000  0.42648754E+000  0.50515641E+000  0.57068735E+000  0.75016393E+000  0.90502254E+000  0.11286301E+001  0.16077805E+001  0.19136239E+001  0.22805502E+001  0.25092467E+001
  0.36593615E+000  0.42648754E+000  0.50515641E+000  0.57068735E+000  0.75016393E+000  0.90502254E+000  0.11286301E+001  0.16077805E+001  0.19136239E+001  0.22805502E+001  0.25092467E+001
  0.36593615E+000  0.42648754E+000  0.50515641E+000  0.57068735E+000  0.75016393E+000  0.90502254E+000  0.11286301E+001  0.16077805E+001  0.19136239E+001  0.22805502E+001  0.25092467E+001
  0.36593615E+000  0.42648754E+000  0.50515641E+000  0.57068735E+000  0.75016393E+000  0.90502254E+000  0.11286301E+001  0.16077805E+001  0.19136239E+001  0.22805502E+001  0.25092467E+001
  0.36593615E+000  0.42648754E+000  0.50515641E+000  0.57068735E+000  0.75016393E+000  0.90502254E+000  0.11286301E+001  0.16077805E+001  0.19136239E+001  0.22805502E+001  0.25092467E+001
  0.36593615E+000  0.42648754E+000  0.50515641E+000  0.57068735E+000  0.75016393E+000  0.90502254E+000  0.11286301E+001  0.16077805E+001  0.19136239E+001  0.22805502E+001  0.25092467E+001
  0.36593615E+000  0.42648754E+000  0.50515641E+000  0.57068735E+000  0.75016393E+000  0.90502254E+000  0.11286301E+001  0.16077805E+001  0.19136239E+001  0.22805502E+001  0.25092467E+001
  0.36593615E+000  0.42648754E+000  0.50515641E+000  0.57068735E+000  0.75016393E+000  0.90502254E+000  0.11286301E+001  0.16077805E+001  0.19136239E+001  0.22805502E+001  0.25092467E+001
  0.36593615E+000  0.42648754E+000  0.50515641E+000  0.57068735E+000  0.75016393E+000  0.90502254E+000  0.11286301E+001  0.16077805E+001  0.19136239E+001  0.22805502E+001  0.25092467E+001
  0.36593615E+000  0.42648754E+000  0.50515641E+000  0.57068735E+000  0.75016393E+000  0.90502254E+000  0.11286301E+001  0.16077805E+001  0.19136239E+001  0.22805502E+001  0.25092467E+001
  0.36593615E+000  0.42648754E+000  0.50515641E+000  0.57068735E+000  0.75016393E+000  0.90502254E+000  0.11286301E+001  0.16077805E+001  0.19136239E+001  0.22805502E+001  0.25092467E+001
  0.36593615E+000  0.42648754E+000  0.50515641E+000  0.57068735E+000  0.75016393E+000  0.90502254E+000  0.11286301E+001  0.16077805E+001  0.19136239E+001  0.22805502E+001  0.25092467E+001
  0.36593615E+000  0.42648754E+000  0.50515641E+000  0.57068735E+000  0.75016393E+000  0.90502254E+000  0.11286301E+001  0.16077805E+001  0.19136239E+001  0.22805502E+001  0.25092467E+001
  0.36593615E+000  0.42648754E+000  0.50515641E+000  0.57068735E+000  0.75016393E+000  0.90502254E+000  0.11286301E+001  0.16077805E+001  0.19136239E+001  0.22805502E+001  0.25092467E+001
  0.36593615E+000  0.42648754E+000  0.50515641E+000  0.57068735E+000  0.75016393E+000  0.90502254E+000  0.11286301E+001  0.16077805E+001  0.19136239E+001  0.22805502E+001  0.25092467E+001
  0.36593615E+000  0.42648754E+000  0.50515641E+000  0.57068735E+000  0.75016393E+000  0.90502254E+000  0.11286301E+001  0.16077805E+001  0.19136239E+001  0.22805502E+001  0.25092467E+001
  0.36593615E+000  0.42648754E+000  0.50515641E+000  0.57068735E+000  0.75016393E+000  0.90502254E+000  0.11286301E+001  0.16077805E+001  0.19136239E+001  0.22805502E+001  0.25092467E+001
  0.36593615E+000  0.42648754E+000  0.50515641E+000  0.57068735E+000  0.75016393E+000  0.90502254E+000  0.11286301E+001  0.16077805E+001  0.19136239E+001  0.22805502E+001  0.25092467E+001
  0.36593615E+000  0.42648754E+000  0.50515641E+000  0.57068735E+000  0.75016393E+000  0.90502254E+000  0.11286301E+001  0.16077805E+001  0.19136239E+001  0.22805502E+001  0.25092467E+001
  0.36593615E+000  0.42648754E+000  0.50515641E+000  0.57068735E+000  0.75016393E+000  0.90502254E+000  0.11286301E+001  0.16077805E+001  0.19136239E+001  0.22805502E+001  0.25092467E+001
  0.36593615E+000  0.42648754E+000  0.50515641E+000  0.57068735E+000  0.75016393E+000  0.90502254E+000  0.11286301E+001  0.16077805E+001  0.19136239E+001  0.22805502E+001  0.25092467E+001
  0.36593615E+000  0.42648754E+000  0.50515641E+000  0.57068735E+000  0.75016393E+000  0.90502254E+000  0.11286301E+001  0.16077805E+001  0.19136239E+001  0.22805502E+001  0.25092467E+001
  0.36593615E+000  0.42648754E+000  0.50515641E+000  0.57068735E+000  0.75016393E+000  0.90502254E+000  0.11286301E+001  0.16077805E+001  0.19136239E+001  0.22805502E+001  0.25092467E+001
  0.36593615E+000  0.42648754E+000  0.50515641E+000  0.57068735E+000  0.75016393E+000  0.90502254E+000  0.11286301E+001  0.16077805E+001  0.19136239E+001  0.22805502E+001  0.25092467E+001
  0.36593615E+000  0.42648754E+000  0.50515641E+000  0.57068735E+000  0.75016393E+000  0.90502254E+000  0.11286301E+001  0.16077805E+001  0.19136239E+001  0.22805502E+001  0.25092467E+001
  0.36593615E+000  0.42648754E+000  0.50515641E+000  0.57068735E+000  0.75016393E+000  0.90502254E+000  0.11286301E+001  0.16077805E+001  0.19136239E+001  0.22805502E+001  0.25092467E+001
  0.36593615E+000  0.42648754E+000  0.50515641E+000  0.57068735E+000  0.75016393E+000  0.90502254E+000  0.11286301E+001  0.16077805E+001  0.19136239E+001  0.22805502E+001  0.25092467E+001
  0.36593615E+000  0.42648754E+000  0.50515641E+000  0.57068735E+000  0.75016393E+000  0.90502254E+000  0.11286301E+001  0.16077805E+001  0.19136239E+001  0.22805502E+001  0.25092467E+001
  0.36593615E+000  0.42648754E+000  0.50515641E+000  0.57068735E+000  0.75016393E+000  0.90502254E+000  0.11286301E+001  0.16077805E+001  0.19136239E+001  0.22805502E+001  0.25092467E+001
  0.36593615E+000  0.42648754E+000  0.50515641E+000  0.57068735E+000  0.75016393E+000  0.90502254E+000  0.11286301E+001  0.16077805E+001  0.19136239E+001  0.22805502E+001  0.25092467E+001
  0.36593615E+000  0.42648754E+000  0.50515641E+000  0.57068735E+000  0.75016393E+000  0.90502254E+000  0.11286301E+001  0.16077805E+001  0.19136239E+001  0.22805502E+001  0.25092467E+001
  0.36593615E+000  0.42648754E+000  0.50515641E+000  0.57068735E+000  0.75016393E+000  0.90502254E+000  0.11286301E+001  0.16077805E+001  0.19136239E+001  0.22805502E+001  0.25092467E+001
  0.36593615E+000  0.42648754E+000  0.50515641E+000  0.57068735E+000  0.75016393E+000  0.90502254E+000  0.11286301E+001  0.16077805E+001  0.19136239E+001  0.22805502E+001  0.25092467E+001
  0.36593615E+000  0.42648754E+000  0.50515641E+000  0.57068735E+000  0.75016393E+000  0.90502254E+000  0.11286301E+001  0.16077805E+001  0.19136239E+001  0.22805502E+001  0.25092467E+001
  0.36593615E+000  0.42648754E+000  0.50515641E+000  0.57068735E+000  0.75016393E+000  0.90502254E+000  0.11286301E+001  0.16077805E+001  0.19136239E+001  0.22805502E+001  0.25092467E+001
  0.36593615E+000  0.42648754E+000  0.50515641E+000  0.57068735E+000  0.75016393E+000  0.90502254E+000  0.11286301E+001  0.16077805E+001  0.19136239E+001  0.22805502E+001  0.25092467E+001
  0.36593615E+000  0.42648754E+000  0.50515641E+000  0.57068735E+000  0.75016393E+000  0.90502254E+000  0.11286301E+001  0.16077805E+001  0.19136239E+001  0.22805502E+001  0.25092467E+001
  0.36593615E+000  0.42648754E+000  0.50515641E+000  0.57068735E+000  0.75016393E+000  0.90502254E+000  0.11286301E+001  0.16077805E+001  0.19136239E+001  0.22805502E+001  0.25092467E+001
  0.36593615E+000  0.42648754E+000  0.50515641E+000  0.57068735E+000  0.75016393E+000  0.90502254E+000  0.11286301E+001  0.16077805E+001  0.19136239E+001  0.22805502E+001  0.25092467E+001
  0.36593615E+000  0.42648754E+000  0.50515641E+000  0.57068735E+000  0.75016393E+000  0.90502254E+000  0.11286301E+001  0.16077805E+001  0.19136239E+001  0.22805502E+001  0.25092467E+001
  0.36593615E+000  0.42648754E+000  0.50515641E+000  0.57068735E+000  0.75016393E+000  0.90502254E+000  0.11286301E+001  0.16077805E+001  0.19136239E+001  0.22805502E+001  0.25092467E+001
  0.36593615E+000  0.42648754E+000  0.50515641E+000  0.57068735E+000  0.75016393E+000  0.90502254E+000  0.11286301E+001  0.16077805E+001  0.19136239E+001  0.22805502E+001  0.25092467E+001
  0.36593615E+000  0.42648754E+000  0.50515641E+000  0.57068735E+000  0.75016393E+000  0.90502254E+000  0.11286301E+001  0.16077805E+001  0.19136239E+001  0.22805502E+001  0.25092467E+001
  0.36593615E+000  0.42648754E+000  0.50515641E+000  0.57068735E+000  0.75016393E+000  0.90502254E+000  0.11286301E+001  0.16077805E+001  0.19136239E+001  0.22805502E+001  0.25092467E+001
  0.36593615E+000  0.42648754E+000  0.50515641E+000  0.57068735E+000  0.75016393E+000  0.90502254E+000  0.11286301E+001  0.16077805E+001  0.19136239E+001  0.22805502E+001  0.25092467E+001
  0.36593615E+000  0.42648754E+000  0.50515641E+000  0.57068735E+000  0.75016393E+000  0.90502254E+000  0.11286301E+001  0.16077805E+001  0.19136239E+001  0.22805502E+001  0.25092467E+001
  0.36593615E+000  0.42648754E+000  0.50515641E+000  0.57068735E+000  0.75016393E+000  0.90502254E+000  0.11286301E+001  0.16077805E+001  0.19136239E+001  0.22805502E+001  0.25092467E+001
  0.36593615E+000  0.42648754E+000  0.50515641E+000  0.57068735E+000  0.75016393E+000  0.90502254E+000  0.11286301E+001  0.16077805E+001  0.19136239E+001  0.22805502E+001  0.25092467E+001
  0.36593615E+000  0.42648754E+000  0.50515641E+000  0.57068735E+000  0.75016393E+000  0.90502254E+000  0.11286301E+001  0.16077805E+001  0.19136239E+001  0.22805502E+001  0.25092467E+001
  0.36593615E+000  0.42648754E+000  0.50515641E+000  0.57068735E+000  0.75016393E+000  0.90502254E+000  0.11286301E+001  0.16077805E+001  0.19136239E+001  0.22805502E+001  0.25092467E+001
  0.36593615E+000  0.42648754E+000  0.50515641E+000  0.57068735E+000  0.75016393E+000  0.90502254E+000  0.11286301E+001  0.16077805E+001  0.19136239E+001  0.22805502E+001  0.25092467E+001
  0.36593615E+000  0.42648754E+000  0.50515641E+000  0.57068735E+000  0.75016393E+000  0.90502254E+000  0.11286301E+001  0.16077805E+001  0.19136239E+001  0.22805502E+001  0.25092467E+001
  0.36593615E+000  0.42648754E+000  0.50515641E+000  0.57068735E+000  0.75016393E+000  0.90502254E+000  0.11286301E+001  0.16077805E+001  0.19136239E+001  0.22805502E+001  0.25092467E+001
  0.36593615E+000  0.42648754E+000  0.50515641E+000  0.57068735E+000  0.75016393E+000  0.90502254E+000  0.11286301E+001  0.16077805E+001  0.19136239E+001  0.22805502E+001  0.25092467E+001
  0.36593615E+000  0.42648754E+000  0.50515641E+000  0.57068735E+000  0.75016393E+000  0.90502254E+000  0.11286301E+001  0.16077805E+001  0.19136239E+001  0.22805502E+001  0.25092467E+001
  0.36593615E+000  0.42648754E+000  0.50515641E+000  0.57068735E+000  0.75016393E+000  0.90502254E+000  0.11286301E+001  0.16077805E+001  0.19136239E+001  0.22805502E+001  0.25092467E+001
  0.36593615E+000  0.42648754E+000  0.50515641E+000  0.57068735E+000  0.75016393E+000  0.90502254E+000  0.11286301E+001  0.16077805E+001  0.19136239E+001  0.22805502E+001  0.25092467E+001
  0.36593615E+000  0.42648754E+000  0.50515641E+000  0.57068735E+000  0.75016393E+000  0.90502254E+000  0.11286301E+001  0.16077805E+001  0.19136239E+001  0.22805502E+001  0.25092467E+001
  0.36593615E+000  0.42648754E+000  0.50515641E+000  0.57068735E+000  0.75016393E+000  0.90502254E+000  0.11286301E+001  0.16077805E+001  0.19136239E+001  0.22805502E+001  0.25092467E+001
  0.36593615E+000  0.42648754E+000  0.50515641E+000  0.57068735E+000  0.75016393E+000  0.90502254E+000  0.11286301E+001  0.16077805E+001  0.19136239E+001  0.22805502E+001  0.25092467E+001
  0.36593615E+000  0.42648754E+000  0.50515641E+000  0.57068735E+000  0.75016393E+000  0.90502254E+000  0.11286301E+001  0.16077805E+001  0.19136239E+001  0.22805502E+001  0.25092467E+001
  0.36593615E+000  0.42648754E+000  0.50515641E+000  0.57068735E+000  0.75016393E+000  0.90502254E+000  0.11286301E+001  0.16077805E+001  0.19136239E+001  0.22805502E+001  0.25092467E+001
  0.36593615E+000  0.42648754E+000  0.50515641E+000  0.57068735E+000  0.75016393E+000  0.90502254E+000  0.11286301E+001  0.16077805E+001  0.19136239E+001  0.22805502E+001  0.25092467E+001
  0.36593615E+000  0.42648754E+000  0.50515641E+000  0.57068735E+000  0.75016393E+000  0.90502254E+000  0.11286301E+001  0.16077805E+001  0.19136239E+001  0.22805502E+001  0.25092467E+001
  0.36593615E+000  0.42648754E+000  0.50515641E+000  0.57068735E+000  0.75016393E+000  0.90502254E+000  0.11286301E+001  0.16077805E+001  0.19136239E+001  0.22805502E+001  0.25092467E+001
  0.36593615E+000  0.42648754E+000  0.50515641E+000  0.57068735E+000  0.75016393E+000  0.90502254E+000  0.11286301E+001  0.16077805E+001  0.19136239E+001  0.22805502E+001  0.25092467E+001
  0.36593615E+000  0.42648754E+000  0.50515641E+000  0.57068735E+000  0.75016393E+000  0.90502254E+000  0.11286301E+001  0.16077805E+001  0.19136239E+001  0.22805502E+001  0.25092467E+001
  0.36593615E+000  0.42648754E+000  0.50515641E+000  0.57068735E+000  0.75016393E+000  0.90502254E+000  0.11286301E+001  0.16077805E+001  0.19136239E+001  0.22805502E+001  0.25092467E+001
  0.36593615E+000  0.42648754E+000  0.50515641E+000  0.57068735E+000  0.75016393E+000  0.90502254E+000  0.11286301E+001  0.16077805E+001  0.19136239E+001  0.22805502E+001  0.25092467E+001
  0.36593615E+000  0.42648754E+000  0.50515641E+000  0.57068735E+000  0.75016393E+000  0.90502254E+000  0.11286301E+001  0.16077805E+001  0.19136239E+001  0.22805502E+001  0.25092467E+001
  0.36593615E+000  0.42648754E+000  0.50515641E+000  0.57068735E+000  0.75016393E+000  0.90502254E+000  0.11286301E+001  0.16077805E+001  0.19136239E+001  0.22805502E+001  0.25092467E+001
  0.36593615E+000  0.42648754E+000  0.50515641E+000  0.57068735E+000  0.75016393E+000  0.90502254E+000  0.11286301E+001  0.16077805E+001  0.19136239E+001  0.22805502E+001  0.25092467E+001
  0.36593615E+000  0.42648754E+000  0.50515641E+000  0.57068735E+000  0.75016393E+000  0.90502254E+000  0.11286301E+001  0.16077805E+001  0.19136239E+001  0.22805502E+001  0.25092467E+001
  0.36593615E+000  0.42648754E+000  0.50515641E+000  0.57068735E+000  0.75016393E+000  0.90502254E+000  0.11286301E+001  0.16077805E+001  0.19136239E+001  0.22805502E+001  0.25092467E+001
  0.36593615E+000  0.42648754E+000  0.50515641E+000  0.57068735E+000  0.75016393E+000  0.90502254E+000  0.11286301E+001  0.16077805E+001  0.19136239E+001  0.22805502E+001  0.25092467E+001
  0.36593615E+000  0.42648754E+000  0.50515641E+000  0.57068735E+000  0.75016393E+000  0.90502254E+000  0.11286301E+001  0.16077805E+001  0.19136239E+001  0.22805502E+001  0.25092467E+001
  0.36593615E+000  0.42648754E+000  0.50515641E+000  0.57068735E+000  0.75016393E+000  0.90502254E+000  0.11286301E+001  0.16077805E+001  0.19136239E+001  0.22805502E+001  0.25092467E+001
  0.36593615E+000  0.42648754E+000  0.50515641E+000  0.57068735E+000  0.75016393E+000  0.90502254E+000  0.11286301E+001  0.16077805E+001  0.19136239E+001  0.22805502E+001  0.25092467E+001
  0.36593615E+000  0.42648754E+000  0.50515641E+000  0.57068735E+000  0.75016393E+000  0.90502254E+000  0.11286301E+001  0.16077805E+001  0.19136239E+001  0.22805502E+001  0.25092467E+001
  0.36593615E+000  0.42648754E+000  0.50515641E+000  0.57068735E+000  0.75016393E+000  0.90502254E+000  0.11286301E+001  0.16077805E+001  0.19136239E+001  0.22805502E+001  0.25092467E+001
  0.36593615E+000  0.42648754E+000  0.50515641E+000  0.57068735E+000  0.75016393E+000  0.90502254E+000  0.11286301E+001  0.16077805E+001  0.19136239E+001  0.22805502E+001  0.25092467E+001
  0.36593615E+000  0.42648754E+000  0.50515641E+000  0.57068735E+000  0.75016393E+000  0.90502254E+000  0.11286301E+001  0.16077805E+001  0.19136239E+001  0.22805502E+001  0.25092467E+001
  0.36593615E+000  0.42648754E+000  0.50515641E+000  0.57068735E+000  0.75016393E+000  0.90502254E+000  0.11286301E+001  0.16077805E+001  0.19136239E+001  0.22805502E+001  0.25092467E+001
  0.36593615E+000  0.42648754E+000  0.50515641E+000  0.57068735E+000  0.75016393E+000  0.90502254E+000  0.11286301E+001  0.16077805E+001  0.19136239E+001  0.22805502E+001  0.25092467E+001
  0.36593615E+000  0.42648754E+000  0.50515641E+000  0.57068735E+000  0.75016393E+000  0.90502254E+000  0.11286301E+001  0.16077805E+001  0.19136239E+001  0.22805502E+001  0.25092467E+001
  0.36593614E+000  0.42648754E+000  0.50515641E+000  0.57068735E+000  0.75016393E+000  0.90502254E+000  0.11286301E+001  0.16077805E+001  0.19136239E+001  0.22805502E+001  0.25092467E+001
  0.36593614E+000  0.42648753E+000  0.50515641E+000  0.57068734E+000  0.75016393E+000  0.90502254E+000  0.11286301E+001  0.16077805E+001  0.19136239E+001  0.22805502E+001  0.25092467E+001
  0.36593614E+000  0.42648753E+000  0.50515640E+000  0.57068734E+000  0.75016393E+000  0.90502254E+000  0.11286301E+001  0.16077805E+001  0.19136239E+001  0.22805501E+001  0.25092467E+001
  0.36593614E+000  0.42648752E+000  0.50515640E+000  0.57068733E+000  0.75016393E+000  0.90502254E+000  0.11286300E+001  0.16077804E+001  0.19136238E+001  0.22805501E+001  0.25092467E+001
