  0.13059086E+002
  0.13064844E+002
  0.13069046E+002
  0.13072430E+002
  0.13075217E+002
  0.13077528E+002
  0.13079451E+002
  0.13081055E+002
  0.13082395E+002
  0.13083514E+002
  0.13084449E+002
  0.13085229E+002
  0.13085877E+002
  0.13086414E+002
  0.13086856E+002
  0.13087216E+002
  0.13087505E+002
  0.13087733E+002
  0.13087909E+002
  0.13088038E+002
  0.13088128E+002
  0.13088181E+002
  0.13088204E+002
  0.13088200E+002
  0.13088172E+002
  0.13088124E+002
  0.13088057E+002
  0.13087974E+002
  0.13087878E+002
  0.13087770E+002
  0.13087652E+002
  0.13087526E+002
  0.13087393E+002
  0.13087254E+002
  0.13087111E+002
  0.13086964E+002
  0.13086815E+002
  0.13086665E+002
  0.13086513E+002
  0.13086361E+002
  0.13086208E+002
  0.13086057E+002
  0.13085906E+002
  0.13085756E+002
  0.13085607E+002
  0.13085460E+002
  0.13085315E+002
  0.13085172E+002
  0.13085030E+002
  0.13084891E+002
  0.13084754E+002
  0.13084620E+002
  0.13084487E+002
  0.13084358E+002
  0.13084231E+002
  0.13084108E+002
  0.13083987E+002
  0.13083870E+002
  0.13083756E+002
  0.13083646E+002
  0.13083540E+002
  0.13083437E+002
  0.13083338E+002
  0.13083244E+002
  0.13083153E+002
  0.13083067E+002
  0.13082985E+002
  0.13082907E+002
  0.13082833E+002
  0.13082764E+002
  0.13082699E+002
  0.13082638E+002
  0.13082581E+002
  0.13082528E+002
  0.13082479E+002
  0.13082434E+002
  0.13082393E+002
  0.13082354E+002
  0.13082320E+002
  0.13082288E+002
  0.13082259E+002
  0.13082234E+002
  0.13082210E+002
  0.13082190E+002
  0.13082171E+002
  0.13082155E+002
  0.13082141E+002
  0.13082129E+002
  0.13082118E+002
  0.13082109E+002
  0.13082101E+002
  0.13082095E+002
  0.13082089E+002
  0.13082085E+002
  0.13082082E+002
  0.13082079E+002
  0.13082078E+002
  0.13082077E+002
  0.13082076E+002
  0.13082076E+002
  0.13082076E+002
  0.13082077E+002
  0.13082078E+002
  0.13082080E+002
  0.13082081E+002
  0.13082083E+002
  0.13082085E+002
  0.13082087E+002
  0.13082089E+002
  0.13082091E+002
  0.13082093E+002
  0.13082095E+002
  0.13082098E+002
  0.13082100E+002
  0.13082102E+002
  0.13082104E+002
  0.13082106E+002
  0.13082109E+002
  0.13082111E+002
  0.13082113E+002
  0.13082115E+002
  0.13082117E+002
  0.13082119E+002
  0.13082121E+002
  0.13082122E+002
  0.13082124E+002
  0.13082126E+002
  0.13082128E+002
  0.13082129E+002
  0.13082131E+002
  0.13082132E+002
  0.13082134E+002
  0.13082135E+002
  0.13082136E+002
  0.13082138E+002
  0.13082139E+002
  0.13082140E+002
  0.13082141E+002
  0.13082142E+002
  0.13082143E+002
  0.13082144E+002
  0.13082145E+002
  0.13082146E+002
  0.13082147E+002
  0.13082148E+002
  0.13082149E+002
  0.13082149E+002
  0.13082150E+002
  0.13082151E+002
  0.13082151E+002
  0.13082152E+002
  0.13082153E+002
  0.13082153E+002
  0.13082154E+002
  0.13082154E+002
  0.13082155E+002
  0.13082155E+002
  0.13082156E+002
  0.13082156E+002
  0.13082156E+002
  0.13082157E+002
  0.13082157E+002
  0.13082157E+002
  0.13082158E+002
  0.13082158E+002
  0.13082158E+002
  0.13082159E+002
  0.13082159E+002
  0.13082159E+002
  0.13082159E+002
  0.13082159E+002
  0.13082160E+002
  0.13082160E+002
  0.13082160E+002
  0.13082160E+002
  0.13082160E+002
  0.13082160E+002
  0.13082160E+002
  0.13082160E+002
  0.13082161E+002
  0.13082161E+002
  0.13082161E+002
  0.13082161E+002
  0.13082161E+002
  0.13082161E+002
  0.13082161E+002
  0.13082161E+002
  0.13082161E+002
  0.13082161E+002
  0.13082161E+002
  0.13082161E+002
  0.13082161E+002
  0.13082161E+002
  0.13082161E+002
  0.13082161E+002
  0.13082161E+002
  0.13082161E+002
  0.13082161E+002
  0.13082162E+002
  0.13082162E+002
