  0.69555377E+000  0.11284792E+001  0.61576563E+001  0.45294250E+002
  0.71228166E+000  0.11292335E+001  0.61263497E+001  0.45330628E+002
  0.71272368E+000  0.11298674E+001  0.61454752E+001  0.45326963E+002
  0.74536922E+000  0.10974478E+001  0.61474346E+001  0.45338208E+002
  0.74538047E+000  0.10976281E+001  0.61491758E+001  0.45347402E+002
  0.74537825E+000  0.10985950E+001  0.61499154E+001  0.45354981E+002
  0.75474716E+000  0.10893048E+001  0.61513497E+001  0.45361244E+002
  0.75826101E+000  0.10893273E+001  0.61502982E+001  0.45365292E+002
  0.75828792E+000  0.10893445E+001  0.61602101E+001  0.45360837E+002
  0.75827055E+000  0.10894701E+001  0.61748177E+001  0.45350762E+002
  0.75826817E+000  0.10894924E+001  0.61479179E+001  0.45353770E+002
  0.75826944E+000  0.10895036E+001  0.61753865E+001  0.45357398E+002
  0.75827240E+000  0.10895217E+001  0.61756105E+001  0.45359957E+002
  0.75827191E+000  0.10895272E+001  0.61770372E+001  0.45360897E+002
  0.75827203E+000  0.10895290E+001  0.61812679E+001  0.45358667E+002
  0.75829747E+000  0.10895037E+001  0.61815629E+001  0.45360058E+002
  0.75829089E+000  0.10895101E+001  0.61817474E+001  0.45361286E+002
  0.75829044E+000  0.10895072E+001  0.61819114E+001  0.45362301E+002
  0.75828963E+000  0.10895045E+001  0.61820629E+001  0.45363122E+002
  0.75828906E+000  0.10895571E+001  0.61821240E+001  0.45363797E+002
  0.75828844E+000  0.10895536E+001  0.61823835E+001  0.45364171E+002
  0.75828778E+000  0.10895497E+001  0.61824558E+001  0.45364595E+002
  0.75828713E+000  0.10895457E+001  0.61825100E+001  0.45364915E+002
  0.75828649E+000  0.10895416E+001  0.61825454E+001  0.45365146E+002
  0.75828588E+000  0.10895375E+001  0.61825601E+001  0.45365304E+002
  0.75828531E+000  0.10895333E+001  0.61825584E+001  0.45365396E+002
  0.75828389E+000  0.10895301E+001  0.61832912E+001  0.45364680E+002
  0.75828342E+000  0.10895259E+001  0.61832607E+001  0.45364664E+002
  0.75828301E+000  0.10895217E+001  0.61832171E+001  0.45364606E+002
  0.75828264E+000  0.10895175E+001  0.61831658E+001  0.45364505E+002
  0.75828233E+000  0.10895133E+001  0.61831060E+001  0.45364369E+002
  0.75828206E+000  0.10895090E+001  0.61830383E+001  0.45364205E+002
  0.75828183E+000  0.10895047E+001  0.61829636E+001  0.45364018E+002
  0.75828165E+000  0.10895002E+001  0.61828830E+001  0.45363814E+002
  0.75828149E+000  0.10894956E+001  0.61827975E+001  0.45363596E+002
  0.75828136E+000  0.10894909E+001  0.61827080E+001  0.45363367E+002
  0.75828125E+000  0.10894859E+001  0.61826279E+001  0.45363119E+002
  0.75828116E+000  0.10894807E+001  0.61825509E+001  0.45362860E+002
  0.75828108E+000  0.10894752E+001  0.61824683E+001  0.45362601E+002
  0.75828100E+000  0.10894694E+001  0.61823799E+001  0.45362346E+002
  0.75828093E+000  0.10894633E+001  0.61822870E+001  0.45362095E+002
  0.75828086E+000  0.10894568E+001  0.61821910E+001  0.45361848E+002
  0.75828079E+000  0.10894498E+001  0.61820929E+001  0.45361606E+002
  0.75828071E+000  0.10894425E+001  0.61819936E+001  0.45361368E+002
  0.75828063E+000  0.10894347E+001  0.61818937E+001  0.45361134E+002
  0.75828055E+000  0.10894265E+001  0.61817940E+001  0.45360904E+002
  0.75828045E+000  0.10894178E+001  0.61816945E+001  0.45360679E+002
  0.75828036E+000  0.10894087E+001  0.61815957E+001  0.45360459E+002
  0.75828025E+000  0.10893984E+001  0.61814984E+001  0.45360243E+002
  0.75828014E+000  0.10893874E+001  0.61814022E+001  0.45360032E+002
  0.75828002E+000  0.10893769E+001  0.61813058E+001  0.45359826E+002
  0.75827989E+000  0.10893661E+001  0.61812102E+001  0.45359624E+002
  0.75827974E+000  0.10893549E+001  0.61811153E+001  0.45359428E+002
  0.75827958E+000  0.10893432E+001  0.61810211E+001  0.45359237E+002
  0.75827939E+000  0.10893313E+001  0.61809276E+001  0.45359051E+002
  0.75827918E+000  0.10893190E+001  0.61808346E+001  0.45358872E+002
  0.75827893E+000  0.10893064E+001  0.61807421E+001  0.45358699E+002
  0.75827865E+000  0.10892935E+001  0.61806502E+001  0.45358532E+002
  0.75827831E+000  0.10892804E+001  0.61805589E+001  0.45358371E+002
  0.75827793E+000  0.10892670E+001  0.61804681E+001  0.45358218E+002
  0.75827748E+000  0.10892534E+001  0.61803780E+001  0.45358072E+002
  0.75827696E+000  0.10892397E+001  0.61802886E+001  0.45357933E+002
  0.75827636E+000  0.10892259E+001  0.61802000E+001  0.45357802E+002
  0.75827566E+000  0.10892119E+001  0.61801123E+001  0.45357679E+002
  0.75827487E+000  0.10891979E+001  0.61800255E+001  0.45357564E+002
  0.75827396E+000  0.10891838E+001  0.61799397E+001  0.45357456E+002
  0.75827294E+000  0.10891697E+001  0.61798551E+001  0.45357357E+002
  0.75827178E+000  0.10891556E+001  0.61797716E+001  0.45357266E+002
  0.75827048E+000  0.10891416E+001  0.61796894E+001  0.45357183E+002
  0.75826903E+000  0.10891277E+001  0.61796084E+001  0.45357108E+002
  0.75825353E+000  0.10891277E+001  0.61795287E+001  0.45357041E+002
  0.75825175E+000  0.10891140E+001  0.61794503E+001  0.45356982E+002
  0.75824979E+000  0.10891005E+001  0.61793732E+001  0.45356931E+002
  0.75824764E+000  0.10890871E+001  0.61792974E+001  0.45356887E+002
  0.75824529E+000  0.10890739E+001  0.61792228E+001  0.45356851E+002
  0.75824273E+000  0.10890610E+001  0.61791493E+001  0.45356823E+002
  0.75823997E+000  0.10889924E+001  0.61791329E+001  0.45356801E+002
  0.75823699E+000  0.10889799E+001  0.61790617E+001  0.45356787E+002
  0.75823378E+000  0.10889677E+001  0.61789914E+001  0.45356779E+002
  0.75823035E+000  0.10889557E+001  0.61789221E+001  0.45356777E+002
  0.75822670E+000  0.10889439E+001  0.61788536E+001  0.45356782E+002
  0.75822282E+000  0.10889325E+001  0.61787859E+001  0.45356792E+002
  0.75821871E+000  0.10889212E+001  0.61787189E+001  0.45356809E+002
  0.75821438E+000  0.10889103E+001  0.61786524E+001  0.45356830E+002
  0.75820984E+000  0.10888996E+001  0.61785865E+001  0.45356857E+002
  0.75820508E+000  0.10888891E+001  0.61777769E+001  0.45357633E+002
  0.75820012E+000  0.10888789E+001  0.61777119E+001  0.45357669E+002
  0.75819497E+000  0.10888689E+001  0.61776471E+001  0.45357710E+002
  0.75818963E+000  0.10888591E+001  0.61775827E+001  0.45357755E+002
  0.75818412E+000  0.10888495E+001  0.61775185E+001  0.45357804E+002
  0.75817846E+000  0.10888402E+001  0.61774545E+001  0.45357856E+002
  0.75817265E+000  0.10888310E+001  0.61773907E+001  0.45357912E+002
  0.75816672E+000  0.10888220E+001  0.61773271E+001  0.45357970E+002
  0.75816067E+000  0.10888131E+001  0.61772636E+001  0.45358032E+002
  0.75815453E+000  0.10888044E+001  0.61772002E+001  0.45358096E+002
  0.75814831E+000  0.10887959E+001  0.61771369E+001  0.45358163E+002
  0.75814203E+000  0.10887874E+001  0.61770738E+001  0.45358231E+002
  0.75813570E+000  0.10887791E+001  0.61770108E+001  0.45358302E+002
  0.75812935E+000  0.10887709E+001  0.61769480E+001  0.45358374E+002
  0.75812299E+000  0.10887629E+001  0.61768853E+001  0.45358448E+002
  0.75811664E+000  0.10887549E+001  0.61768228E+001  0.45358523E+002
  0.75811030E+000  0.10887470E+001  0.61767605E+001  0.45358599E+002
  0.75810400E+000  0.10887392E+001  0.61766984E+001  0.45358676E+002
  0.75809775E+000  0.10887316E+001  0.61766366E+001  0.45358754E+002
  0.75809157E+000  0.10887240E+001  0.61765751E+001  0.45358833E+002
  0.75808546E+000  0.10887165E+001  0.61765138E+001  0.45358912E+002
  0.75807943E+000  0.10887091E+001  0.61764530E+001  0.45358991E+002
  0.75807351E+000  0.10887018E+001  0.61763925E+001  0.45359070E+002
  0.75806769E+000  0.10886945E+001  0.61763324E+001  0.45359149E+002
  0.75806198E+000  0.10886874E+001  0.61762728E+001  0.45359228E+002
  0.75805640E+000  0.10886804E+001  0.61762137E+001  0.45359306E+002
  0.75805094E+000  0.10886735E+001  0.61761551E+001  0.45359385E+002
  0.75804562E+000  0.10886667E+001  0.61760970E+001  0.45359462E+002
  0.75804044E+000  0.10886600E+001  0.61760396E+001  0.45359540E+002
  0.75803540E+000  0.10886535E+001  0.61759828E+001  0.45359616E+002
  0.75803051E+000  0.10886470E+001  0.61759266E+001  0.45359691E+002
  0.75802576E+000  0.10886407E+001  0.61758712E+001  0.45359766E+002
  0.75802116E+000  0.10886346E+001  0.61758164E+001  0.45359840E+002
  0.75801671E+000  0.10886285E+001  0.61757625E+001  0.45359913E+002
  0.75801242E+000  0.10886226E+001  0.61757093E+001  0.45359984E+002
  0.75800827E+000  0.10886169E+001  0.61756569E+001  0.45360055E+002
  0.75800427E+000  0.10886113E+001  0.61756053E+001  0.45360124E+002
  0.75800043E+000  0.10886058E+001  0.61755546E+001  0.45360192E+002
  0.75799672E+000  0.10886005E+001  0.61755047E+001  0.45360259E+002
  0.75799317E+000  0.10885954E+001  0.61754558E+001  0.45360324E+002
  0.75798975E+000  0.10885904E+001  0.61754078E+001  0.45360388E+002
  0.75798648E+000  0.10885856E+001  0.61753606E+001  0.45360451E+002
  0.75798334E+000  0.10885809E+001  0.61753145E+001  0.45360512E+002
  0.75798033E+000  0.10885764E+001  0.61752692E+001  0.45360572E+002
  0.75797746E+000  0.10885720E+001  0.61752250E+001  0.45360631E+002
  0.75797471E+000  0.10885678E+001  0.61751817E+001  0.45360688E+002
  0.75797209E+000  0.10885637E+001  0.61751393E+001  0.45360743E+002
  0.75796959E+000  0.10885598E+001  0.61750980E+001  0.45360798E+002
  0.75796721E+000  0.10885561E+001  0.61750576E+001  0.45360850E+002
  0.75796494E+000  0.10885525E+001  0.61750182E+001  0.45360902E+002
  0.75796278E+000  0.10885491E+001  0.61749798E+001  0.45360952E+002
  0.75796073E+000  0.10885458E+001  0.61749423E+001  0.45361000E+002
  0.75795878E+000  0.10885426E+001  0.61749058E+001  0.45361047E+002
  0.75795692E+000  0.10885396E+001  0.61748703E+001  0.45361093E+002
  0.75795517E+000  0.10885367E+001  0.61748358E+001  0.45361137E+002
  0.75795350E+000  0.10885339E+001  0.61748022E+001  0.45361180E+002
  0.75795193E+000  0.10885313E+001  0.61747695E+001  0.45361222E+002
  0.75795043E+000  0.10885288E+001  0.61747378E+001  0.45361262E+002
  0.75794902E+000  0.10885264E+001  0.61747070E+001  0.45361301E+002
  0.75794769E+000  0.10885242E+001  0.61746771E+001  0.45361339E+002
  0.75794643E+000  0.10885220E+001  0.61746482E+001  0.45361376E+002
  0.75794525E+000  0.10885200E+001  0.61746201E+001  0.45361411E+002
  0.75794413E+000  0.10885181E+001  0.61745929E+001  0.45361445E+002
  0.75794308E+000  0.10885163E+001  0.61745666E+001  0.45361478E+002
  0.75794209E+000  0.10885145E+001  0.61745411E+001  0.45361509E+002
  0.75794116E+000  0.10885129E+001  0.61745164E+001  0.45361540E+002
  0.75794029E+000  0.10885114E+001  0.61744926E+001  0.45361569E+002
  0.75793947E+000  0.10885099E+001  0.61744696E+001  0.45361597E+002
  0.75793870E+000  0.10885085E+001  0.61744474E+001  0.45361624E+002
  0.75793799E+000  0.10885073E+001  0.61744260E+001  0.45361651E+002
  0.75793732E+000  0.10885061E+001  0.61744053E+001  0.45361676E+002
  0.75793669E+000  0.10885049E+001  0.61743854E+001  0.45361700E+002
  0.75793610E+000  0.10885039E+001  0.61743662E+001  0.45361723E+002
  0.75793556E+000  0.10885029E+001  0.61743477E+001  0.45361745E+002
  0.75793505E+000  0.10885019E+001  0.61743299E+001  0.45361766E+002
  0.75793458E+000  0.10885011E+001  0.61743128E+001  0.45361787E+002
  0.75793414E+000  0.10885002E+001  0.61742963E+001  0.45361806E+002
  0.75793374E+000  0.10884995E+001  0.61742805E+001  0.45361825E+002
  0.75793336E+000  0.10884988E+001  0.61742653E+001  0.45361842E+002
  0.75793301E+000  0.10884981E+001  0.61742508E+001  0.45361859E+002
  0.75793269E+000  0.10884975E+001  0.61742368E+001  0.45361876E+002
  0.75793240E+000  0.10884970E+001  0.61742234E+001  0.45361891E+002
  0.75793213E+000  0.10884964E+001  0.61742106E+001  0.45361906E+002
  0.75793188E+000  0.10884960E+001  0.61741983E+001  0.45361920E+002
  0.75793165E+000  0.10884955E+001  0.61741865E+001  0.45361934E+002
  0.75793145E+000  0.10884951E+001  0.61741753E+001  0.45361946E+002
  0.75793126E+000  0.10884947E+001  0.61741646E+001  0.45361959E+002
  0.75793108E+000  0.10884944E+001  0.61741543E+001  0.45361970E+002
  0.75793093E+000  0.10884941E+001  0.61741445E+001  0.45361981E+002
  0.75793079E+000  0.10884938E+001  0.61741352E+001  0.45361991E+002
  0.75793066E+000  0.10884936E+001  0.61741263E+001  0.45362001E+002
  0.75793055E+000  0.10884933E+001  0.61741178E+001  0.45362011E+002
  0.75793045E+000  0.10884931E+001  0.61741097E+001  0.45362020E+002
  0.75793036E+000  0.10884929E+001  0.61741020E+001  0.45362028E+002
  0.75793028E+000  0.10884928E+001  0.61740947E+001  0.45362036E+002
  0.75793021E+000  0.10884926E+001  0.61740878E+001  0.45362043E+002
  0.75793015E+000  0.10884925E+001  0.61740812E+001  0.45362051E+002
  0.75793010E+000  0.10884924E+001  0.61740750E+001  0.45362057E+002
  0.75793006E+000  0.10884923E+001  0.61740690E+001  0.45362064E+002
  0.75793002E+000  0.10884922E+001  0.61740634E+001  0.45362069E+002
  0.75792999E+000  0.10884921E+001  0.61740581E+001  0.45362075E+002
  0.75792997E+000  0.10884920E+001  0.61740531E+001  0.45362080E+002
  0.75792995E+000  0.10884920E+001  0.61740484E+001  0.45362085E+002
  0.75792994E+000  0.10884919E+001  0.61740440E+001  0.45362090E+002
  0.75792994E+000  0.10884919E+001  0.61740398E+001  0.45362094E+002
  0.75792993E+000  0.10884919E+001  0.61740359E+001  0.45362098E+002
  0.75792994E+000  0.10884919E+001  0.61740322E+001  0.45362102E+002
  0.75792994E+000  0.10884919E+001  0.61740288E+001  0.45362106E+002
  0.75792996E+000  0.10884919E+001  0.61740256E+001  0.45362109E+002
  0.75792997E+000  0.10884919E+001  0.61740227E+001  0.45362112E+002
  0.75792999E+000  0.10884919E+001  0.61740200E+001  0.45362115E+002
  0.75793002E+000  0.10884920E+001  0.61740176E+001  0.45362117E+002
  0.75793005E+000  0.10884920E+001  0.61740154E+001  0.45362120E+002
  0.75793009E+000  0.10884921E+001  0.61740136E+001  0.45362122E+002
  0.75793013E+000  0.10884921E+001  0.61740119E+001  0.45362124E+002
