  0.79642394E-001
  0.80029592E-001
  0.80089263E-001
  0.80123200E-001
  0.80150619E-001
  0.80173043E-001
  0.80191321E-001
  0.80206277E-001
  0.80218434E-001
  0.80228259E-001
  0.80236146E-001
  0.80242417E-001
  0.80247350E-001
  0.80251162E-001
  0.80254043E-001
  0.80256147E-001
  0.80257599E-001
  0.80258507E-001
  0.80258962E-001
  0.80259039E-001
  0.80258802E-001
  0.80258298E-001
  0.80257575E-001
  0.80256665E-001
  0.80255598E-001
  0.80254402E-001
  0.80253095E-001
  0.80251695E-001
  0.80250216E-001
  0.80248671E-001
  0.80247068E-001
  0.80245417E-001
  0.80243724E-001
  0.80241995E-001
  0.80240233E-001
  0.80238446E-001
  0.80236633E-001
  0.80234800E-001
  0.80232950E-001
  0.80231081E-001
  0.80229201E-001
  0.80227310E-001
  0.80225410E-001
  0.80223504E-001
  0.80221594E-001
  0.80219685E-001
  0.80217778E-001
  0.80215875E-001
  0.80213981E-001
  0.80212100E-001
  0.80210232E-001
  0.80208384E-001
  0.80206556E-001
  0.80204757E-001
  0.80202983E-001
  0.80201243E-001
  0.80199539E-001
  0.80197873E-001
  0.80196248E-001
  0.80194670E-001
  0.80193139E-001
  0.80191657E-001
  0.80190229E-001
  0.80188855E-001
  0.80187536E-001
  0.80186276E-001
  0.80185073E-001
  0.80183929E-001
  0.80182846E-001
  0.80181822E-001
  0.80180857E-001
  0.80179950E-001
  0.80179102E-001
  0.80178308E-001
  0.80177570E-001
  0.80176886E-001
  0.80176253E-001
  0.80175667E-001
  0.80175129E-001
  0.80174636E-001
  0.80174182E-001
  0.80173771E-001
  0.80173395E-001
  0.80173055E-001
  0.80172747E-001
  0.80172468E-001
  0.80172217E-001
  0.80171993E-001
  0.80171791E-001
  0.80171612E-001
  0.80171451E-001
  0.80171310E-001
  0.80171184E-001
  0.80171073E-001
  0.80170977E-001
  0.80170891E-001
  0.80170817E-001
  0.80170752E-001
  0.80170696E-001
  0.80170649E-001
  0.80170607E-001
  0.80170571E-001
  0.80170542E-001
  0.80170518E-001
  0.80170495E-001
  0.80170477E-001
  0.80170463E-001
  0.80170451E-001
  0.80170442E-001
  0.80170432E-001
  0.80170426E-001
  0.80170422E-001
  0.80170416E-001
  0.80170413E-001
  0.80170411E-001
  0.80170409E-001
  0.80170407E-001
  0.80170406E-001
  0.80170404E-001
  0.80170404E-001
  0.80170401E-001
  0.80170401E-001
  0.80170400E-001
  0.80170398E-001
  0.80170398E-001
  0.80170396E-001
  0.80170395E-001
  0.80170394E-001
  0.80170392E-001
  0.80170391E-001
  0.80170389E-001
  0.80170387E-001
  0.80170385E-001
  0.80170382E-001
  0.80170380E-001
  0.80170378E-001
  0.80170375E-001
  0.80170374E-001
  0.80170370E-001
  0.80170367E-001
  0.80170364E-001
  0.80170361E-001
  0.80170359E-001
  0.80170354E-001
  0.80170352E-001
  0.80170349E-001
  0.80170346E-001
  0.80170342E-001
  0.80170338E-001
  0.80170335E-001
  0.80170331E-001
  0.80170328E-001
  0.80170324E-001
  0.80170321E-001
  0.80170317E-001
  0.80170313E-001
  0.80170310E-001
  0.80170306E-001
  0.80170303E-001
  0.80170299E-001
  0.80170296E-001
  0.80170293E-001
  0.80170289E-001
  0.80170286E-001
  0.80170283E-001
  0.80170280E-001
  0.80170278E-001
  0.80170273E-001
  0.80170272E-001
  0.80170268E-001
  0.80170266E-001
  0.80170263E-001
  0.80170261E-001
  0.80170258E-001
  0.80170257E-001
  0.80170254E-001
  0.80170252E-001
  0.80170250E-001
  0.80170249E-001
  0.80170245E-001
  0.80170244E-001
  0.80170244E-001
  0.80170241E-001
  0.80170241E-001
  0.80170239E-001
  0.80170239E-001
  0.80170236E-001
  0.80170235E-001
  0.80170235E-001
  0.80170235E-001
  0.80170233E-001
  0.80170232E-001
  0.80170232E-001
  0.80170231E-001
  0.80170230E-001
  0.80170231E-001
  0.80170230E-001
  0.80170229E-001
  0.80170230E-001
  0.80170227E-001
