  0.63499174E+000
  0.63509181E+000
  0.63517313E+000
  0.63523874E+000
  0.63529115E+000
  0.63533248E+000
  0.63536453E+000
  0.63538882E+000
  0.63540662E+000
  0.63541899E+000
  0.63542683E+000
  0.63543089E+000
  0.63543181E+000
  0.63543011E+000
  0.63542623E+000
  0.63542054E+000
  0.63541336E+000
  0.63540494E+000
  0.63539551E+000
  0.63538524E+000
  0.63537430E+000
  0.63536280E+000
  0.63535087E+000
  0.63533860E+000
  0.63532607E+000
  0.63531334E+000
  0.63530049E+000
  0.63528757E+000
  0.63527462E+000
  0.63526168E+000
  0.63524880E+000
  0.63523601E+000
  0.63522335E+000
  0.63521084E+000
  0.63519852E+000
  0.63518641E+000
  0.63517454E+000
  0.63516293E+000
  0.63515161E+000
  0.63514061E+000
  0.63512994E+000
  0.63511963E+000
  0.63510969E+000
  0.63510015E+000
  0.63509101E+000
  0.63508229E+000
  0.63507401E+000
  0.63506617E+000
  0.63505879E+000
  0.63505186E+000
  0.63504540E+000
  0.63503939E+000
  0.63503385E+000
  0.63502875E+000
  0.63502410E+000
  0.63501987E+000
  0.63501606E+000
  0.63501265E+000
  0.63500961E+000
  0.63500692E+000
  0.63500457E+000
  0.63500252E+000
  0.63500075E+000
  0.63499925E+000
  0.63499798E+000
  0.63499693E+000
  0.63499606E+000
  0.63499536E+000
  0.63499479E+000
  0.63499435E+000
  0.63499401E+000
  0.63499375E+000
  0.63499356E+000
  0.63499342E+000
  0.63499333E+000
  0.63499328E+000
  0.63499324E+000
  0.63499323E+000
  0.63499322E+000
  0.63499322E+000
  0.63499322E+000
  0.63499322E+000
  0.63499322E+000
  0.63499321E+000
  0.63499319E+000
  0.63499317E+000
  0.63499314E+000
  0.63499311E+000
  0.63499306E+000
  0.63499301E+000
  0.63499296E+000
  0.63499290E+000
  0.63499283E+000
  0.63499276E+000
  0.63499269E+000
  0.63499261E+000
  0.63499254E+000
  0.63499246E+000
  0.63499238E+000
  0.63499230E+000
  0.63499223E+000
  0.63499215E+000
  0.63499208E+000
  0.63499201E+000
  0.63499195E+000
  0.63499189E+000
  0.63499183E+000
  0.63499177E+000
  0.63499172E+000
  0.63499168E+000
  0.63499164E+000
  0.63499161E+000
  0.63499158E+000
  0.63499155E+000
  0.63499153E+000
  0.63499152E+000
  0.63499151E+000
  0.63499150E+000
  0.63499150E+000
  0.63499150E+000
  0.63499151E+000
  0.63499152E+000
  0.63499154E+000
  0.63499155E+000
  0.63499157E+000
  0.63499159E+000
  0.63499162E+000
  0.63499164E+000
  0.63499167E+000
  0.63499170E+000
  0.63499173E+000
  0.63499175E+000
  0.63499178E+000
  0.63499181E+000
  0.63499184E+000
  0.63499186E+000
  0.63499189E+000
  0.63499191E+000
  0.63499193E+000
  0.63499195E+000
  0.63499196E+000
  0.63499197E+000
  0.63499198E+000
  0.63499199E+000
  0.63499199E+000
  0.63499199E+000
  0.63499198E+000
  0.63499198E+000
  0.63499197E+000
  0.63499195E+000
  0.63499193E+000
  0.63499191E+000
  0.63499189E+000
  0.63499187E+000
  0.63499184E+000
  0.63499181E+000
  0.63499179E+000
  0.63499176E+000
  0.63499173E+000
  0.63499170E+000
  0.63499167E+000
  0.63499164E+000
  0.63499161E+000
  0.63499158E+000
  0.63499156E+000
  0.63499154E+000
  0.63499152E+000
  0.63499150E+000
  0.63499149E+000
  0.63499148E+000
  0.63499147E+000
  0.63499147E+000
  0.63499147E+000
  0.63499147E+000
  0.63499148E+000
  0.63499150E+000
  0.63499151E+000
  0.63499154E+000
  0.63499156E+000
  0.63499159E+000
  0.63499162E+000
  0.63499165E+000
  0.63499168E+000
  0.63499172E+000
  0.63499176E+000
  0.63499179E+000
  0.63499183E+000
  0.63499187E+000
  0.63499190E+000
  0.63499194E+000
  0.63499197E+000
  0.63499200E+000
  0.63499201E+000
  0.63499201E+000
  0.63499199E+000
  0.63499197E+000
  0.63499198E+000
  0.63499204E+000
  0.63499211E+000
  0.63499211E+000
