 -0.13445620E+000  0.00000000E+000  0.87840602E-002  0.11926209E+001
 -0.13413922E+000  0.00000000E+000  0.89050069E-002  0.11926072E+001
 -0.13390107E+000  0.00000000E+000  0.89885191E-002  0.11926304E+001
 -0.13372397E+000  0.00000000E+000  0.90467466E-002  0.11926729E+001
 -0.13359458E+000  0.00000000E+000  0.90865981E-002  0.11927254E+001
 -0.13350267E+000  0.00000000E+000  0.91126839E-002  0.11927820E+001
 -0.13344027E+000  0.00000000E+000  0.91283472E-002  0.11928391E+001
 -0.13340115E+000  0.00000000E+000  0.91361035E-002  0.11928944E+001
 -0.13338034E+000  0.00000000E+000  0.91378776E-002  0.11929464E+001
 -0.13337391E+000  0.00000000E+000  0.91351525E-002  0.11929942E+001
 -0.13337872E+000  0.00000000E+000  0.91290751E-002  0.11930374E+001
 -0.13339222E+000  0.00000000E+000  0.91205302E-002  0.11930757E+001
 -0.13341253E+000  0.00000000E+000  0.91102317E-002  0.11931092E+001
 -0.13343818E+000  0.00000000E+000  0.90987460E-002  0.11931382E+001
 -0.13346783E+000  0.00000000E+000  0.90864776E-002  0.11931628E+001
 -0.13350039E+000  0.00000000E+000  0.90737382E-002  0.11931831E+001
 -0.13353500E+000  0.00000000E+000  0.90607676E-002  0.11931994E+001
 -0.13357095E+000  0.00000000E+000  0.90477482E-002  0.11932119E+001
 -0.13360767E+000  0.00000000E+000  0.90348186E-002  0.11932208E+001
 -0.13364472E+000  0.00000000E+000  0.90220821E-002  0.11932263E+001
 -0.13368173E+000  0.00000000E+000  0.90096152E-002  0.11932288E+001
 -0.13371842E+000  0.00000000E+000  0.89974730E-002  0.11932283E+001
 -0.13375455E+000  0.00000000E+000  0.89856941E-002  0.11932251E+001
 -0.13378996E+000  0.00000000E+000  0.89743044E-002  0.11932194E+001
 -0.13382449E+000  0.00000000E+000  0.89633200E-002  0.11932114E+001
 -0.13385806E+000  0.00000000E+000  0.89527494E-002  0.11932013E+001
 -0.13389056E+000  0.00000000E+000  0.89425954E-002  0.11931893E+001
 -0.13392196E+000  0.00000000E+000  0.89328567E-002  0.11931754E+001
 -0.13395221E+000  0.00000000E+000  0.89235286E-002  0.11931600E+001
 -0.13398129E+000  0.00000000E+000  0.89146055E-002  0.11931432E+001
 -0.13400919E+000  0.00000000E+000  0.89060805E-002  0.11931251E+001
 -0.13403592E+000  0.00000000E+000  0.88979440E-002  0.11931059E+001
 -0.13406148E+000  0.00000000E+000  0.88901859E-002  0.11930858E+001
 -0.13408589E+000  0.00000000E+000  0.88827960E-002  0.11930649E+001
 -0.13410917E+000  0.00000000E+000  0.88757642E-002  0.11930433E+001
 -0.13413133E+000  0.00000000E+000  0.88690806E-002  0.11930213E+001
 -0.13415242E+000  0.00000000E+000  0.88627358E-002  0.11929990E+001
 -0.13417246E+000  0.00000000E+000  0.88567208E-002  0.11929764E+001
 -0.13419149E+000  0.00000000E+000  0.88510272E-002  0.11929539E+001
 -0.13420954E+000  0.00000000E+000  0.88456469E-002  0.11929314E+001
 -0.13422666E+000  0.00000000E+000  0.88405725E-002  0.11929092E+001
 -0.13424287E+000  0.00000000E+000  0.88357968E-002  0.11928873E+001
 -0.13425821E+000  0.00000000E+000  0.88313129E-002  0.11928658E+001
 -0.13427272E+000  0.00000000E+000  0.88271139E-002  0.11928450E+001
 -0.13428643E+000  0.00000000E+000  0.88231931E-002  0.11928248E+001
 -0.13429938E+000  0.00000000E+000  0.88195435E-002  0.11928053E+001
 -0.13431159E+000  0.00000000E+000  0.88161579E-002  0.11927867E+001
 -0.13432309E+000  0.00000000E+000  0.88130285E-002  0.11927690E+001
 -0.13433391E+000  0.00000000E+000  0.88101472E-002  0.11927523E+001
 -0.13434408E+000  0.00000000E+000  0.88075053E-002  0.11927366E+001
 -0.13435363E+000  0.00000000E+000  0.88050933E-002  0.11927219E+001
 -0.13436257E+000  0.00000000E+000  0.88029012E-002  0.11927083E+001
 -0.13437093E+000  0.00000000E+000  0.88009185E-002  0.11926957E+001
 -0.13437874E+000  0.00000000E+000  0.87991340E-002  0.11926843E+001
 -0.13438601E+000  0.00000000E+000  0.87975360E-002  0.11926739E+001
 -0.13439277E+000  0.00000000E+000  0.87961125E-002  0.11926645E+001
 -0.13439904E+000  0.00000000E+000  0.87948512E-002  0.11926562E+001
 -0.13440485E+000  0.00000000E+000  0.87937396E-002  0.11926488E+001
 -0.13441021E+000  0.00000000E+000  0.87927655E-002  0.11926424E+001
 -0.13441516E+000  0.00000000E+000  0.87919165E-002  0.11926368E+001
 -0.13441971E+000  0.00000000E+000  0.87911805E-002  0.11926321E+001
 -0.13442388E+000  0.00000000E+000  0.87905461E-002  0.11926281E+001
 -0.13442771E+000  0.00000000E+000  0.87900019E-002  0.11926248E+001
 -0.13443120E+000  0.00000000E+000  0.87895375E-002  0.11926222E+001
 -0.13443439E+000  0.00000000E+000  0.87891430E-002  0.11926201E+001
 -0.13443729E+000  0.00000000E+000  0.87888093E-002  0.11926185E+001
 -0.13443993E+000  0.00000000E+000  0.87885277E-002  0.11926174E+001
 -0.13444232E+000  0.00000000E+000  0.87882909E-002  0.11926166E+001
 -0.13444449E+000  0.00000000E+000  0.87880918E-002  0.11926162E+001
 -0.13444645E+000  0.00000000E+000  0.87879244E-002  0.11926160E+001
 -0.13444821E+000  0.00000000E+000  0.87877834E-002  0.11926160E+001
 -0.13444980E+000  0.00000000E+000  0.87876641E-002  0.11926162E+001
 -0.13445123E+000  0.00000000E+000  0.87875625E-002  0.11926165E+001
 -0.13445252E+000  0.00000000E+000  0.87874754E-002  0.11926169E+001
 -0.13445367E+000  0.00000000E+000  0.87873997E-002  0.11926174E+001
 -0.13445470E+000  0.00000000E+000  0.87873332E-002  0.11926179E+001
 -0.13445562E+000  0.00000000E+000  0.87872741E-002  0.11926185E+001
 -0.13445644E+000  0.00000000E+000  0.87872206E-002  0.11926190E+001
 -0.13445717E+000  0.00000000E+000  0.87871716E-002  0.11926196E+001
 -0.13445782E+000  0.00000000E+000  0.87871261E-002  0.11926201E+001
 -0.13445840E+000  0.00000000E+000  0.87870834E-002  0.11926205E+001
 -0.13445891E+000  0.00000000E+000  0.87870427E-002  0.11926210E+001
 -0.13445936E+000  0.00000000E+000  0.87870036E-002  0.11926214E+001
 -0.13445975E+000  0.00000000E+000  0.87869658E-002  0.11926218E+001
 -0.13446010E+000  0.00000000E+000  0.87869289E-002  0.11926221E+001
 -0.13446041E+000  0.00000000E+000  0.87868928E-002  0.11926224E+001
 -0.13446067E+000  0.00000000E+000  0.87868571E-002  0.11926227E+001
 -0.13446091E+000  0.00000000E+000  0.87868219E-002  0.11926230E+001
 -0.13446111E+000  0.00000000E+000  0.87867868E-002  0.11926232E+001
 -0.13446129E+000  0.00000000E+000  0.87867518E-002  0.11926234E+001
 -0.13446144E+000  0.00000000E+000  0.87867168E-002  0.11926236E+001
 -0.13446157E+000  0.00000000E+000  0.87866818E-002  0.11926237E+001
 -0.13446169E+000  0.00000000E+000  0.87866465E-002  0.11926238E+001
 -0.13446179E+000  0.00000000E+000  0.87866109E-002  0.11926240E+001
 -0.13446187E+000  0.00000000E+000  0.87865749E-002  0.11926241E+001
 -0.13446195E+000  0.00000000E+000  0.87865385E-002  0.11926242E+001
 -0.13446201E+000  0.00000000E+000  0.87865015E-002  0.11926243E+001
 -0.13446207E+000  0.00000000E+000  0.87864638E-002  0.11926243E+001
 -0.13446212E+000  0.00000000E+000  0.87864253E-002  0.11926244E+001
 -0.13446216E+000  0.00000000E+000  0.87863859E-002  0.11926245E+001
 -0.13446220E+000  0.00000000E+000  0.87863453E-002  0.11926245E+001
 -0.13446223E+000  0.00000000E+000  0.87863034E-002  0.11926246E+001
 -0.13446226E+000  0.00000000E+000  0.87862599E-002  0.11926247E+001
 -0.13446229E+000  0.00000000E+000  0.87862146E-002  0.11926247E+001
 -0.13446232E+000  0.00000000E+000  0.87861670E-002  0.11926248E+001
 -0.13446236E+000  0.00000000E+000  0.87861170E-002  0.11926248E+001
 -0.13446239E+000  0.00000000E+000  0.87860641E-002  0.11926249E+001
 -0.13446243E+000  0.00000000E+000  0.87860080E-002  0.11926250E+001
 -0.13446247E+000  0.00000000E+000  0.87859483E-002  0.11926250E+001
 -0.13446252E+000  0.00000000E+000  0.87858847E-002  0.11926251E+001
 -0.13446258E+000  0.00000000E+000  0.87858171E-002  0.11926252E+001
 -0.13446264E+000  0.00000000E+000  0.87857452E-002  0.11926253E+001
 -0.13446272E+000  0.00000000E+000  0.87856691E-002  0.11926254E+001
 -0.13446280E+000  0.00000000E+000  0.87855888E-002  0.11926255E+001
 -0.13446289E+000  0.00000000E+000  0.87855046E-002  0.11926256E+001
 -0.13446299E+000  0.00000000E+000  0.87854170E-002  0.11926257E+001
 -0.13446310E+000  0.00000000E+000  0.87853266E-002  0.11926258E+001
 -0.13446322E+000  0.00000000E+000  0.87852343E-002  0.11926259E+001
 -0.13446334E+000  0.00000000E+000  0.87851410E-002  0.11926261E+001
 -0.13446347E+000  0.00000000E+000  0.87850480E-002  0.11926262E+001
 -0.13446361E+000  0.00000000E+000  0.87849565E-002  0.11926263E+001
 -0.13446374E+000  0.00000000E+000  0.87848679E-002  0.11926265E+001
 -0.13446388E+000  0.00000000E+000  0.87847837E-002  0.11926266E+001
 -0.13446401E+000  0.00000000E+000  0.87847055E-002  0.11926268E+001
 -0.13446413E+000  0.00000000E+000  0.87846346E-002  0.11926270E+001
 -0.13446425E+000  0.00000000E+000  0.87845725E-002  0.11926271E+001
 -0.13446435E+000  0.00000000E+000  0.87845204E-002  0.11926273E+001
 -0.13446445E+000  0.00000000E+000  0.87844794E-002  0.11926274E+001
 -0.13446452E+000  0.00000000E+000  0.87844505E-002  0.11926276E+001
 -0.13446458E+000  0.00000000E+000  0.87844345E-002  0.11926277E+001
 -0.13446463E+000  0.00000000E+000  0.87844318E-002  0.11926278E+001
 -0.13446465E+000  0.00000000E+000  0.87844427E-002  0.11926279E+001
 -0.13446465E+000  0.00000000E+000  0.87844673E-002  0.11926280E+001
 -0.13446464E+000  0.00000000E+000  0.87845054E-002  0.11926280E+001
 -0.13446460E+000  0.00000000E+000  0.87845567E-002  0.11926281E+001
 -0.13446454E+000  0.00000000E+000  0.87846205E-002  0.11926281E+001
 -0.13446447E+000  0.00000000E+000  0.87846962E-002  0.11926281E+001
 -0.13446437E+000  0.00000000E+000  0.87847829E-002  0.11926281E+001
 -0.13446427E+000  0.00000000E+000  0.87848796E-002  0.11926280E+001
 -0.13446414E+000  0.00000000E+000  0.87849854E-002  0.11926279E+001
 -0.13446401E+000  0.00000000E+000  0.87850990E-002  0.11926278E+001
 -0.13446386E+000  0.00000000E+000  0.87852195E-002  0.11926277E+001
 -0.13446370E+000  0.00000000E+000  0.87853456E-002  0.11926276E+001
 -0.13446354E+000  0.00000000E+000  0.87854761E-002  0.11926274E+001
 -0.13446337E+000  0.00000000E+000  0.87856101E-002  0.11926272E+001
 -0.13446319E+000  0.00000000E+000  0.87857463E-002  0.11926270E+001
 -0.13446302E+000  0.00000000E+000  0.87858838E-002  0.11926268E+001
 -0.13446284E+000  0.00000000E+000  0.87860215E-002  0.11926266E+001
 -0.13446266E+000  0.00000000E+000  0.87861585E-002  0.11926263E+001
 -0.13446249E+000  0.00000000E+000  0.87862938E-002  0.11926261E+001
 -0.13446232E+000  0.00000000E+000  0.87864265E-002  0.11926258E+001
 -0.13446215E+000  0.00000000E+000  0.87865559E-002  0.11926256E+001
 -0.13446199E+000  0.00000000E+000  0.87866811E-002  0.11926253E+001
 -0.13446184E+000  0.00000000E+000  0.87868014E-002  0.11926250E+001
 -0.13446169E+000  0.00000000E+000  0.87869159E-002  0.11926248E+001
 -0.13446155E+000  0.00000000E+000  0.87870241E-002  0.11926245E+001
 -0.13446143E+000  0.00000000E+000  0.87871253E-002  0.11926243E+001
 -0.13446131E+000  0.00000000E+000  0.87872187E-002  0.11926240E+001
 -0.13446120E+000  0.00000000E+000  0.87873038E-002  0.11926238E+001
 -0.13446111E+000  0.00000000E+000  0.87873800E-002  0.11926235E+001
 -0.13446102E+000  0.00000000E+000  0.87874467E-002  0.11926233E+001
 -0.13446095E+000  0.00000000E+000  0.87875034E-002  0.11926231E+001
 -0.13446090E+000  0.00000000E+000  0.87875497E-002  0.11926229E+001
 -0.13446085E+000  0.00000000E+000  0.87875852E-002  0.11926227E+001
 -0.13446082E+000  0.00000000E+000  0.87876095E-002  0.11926226E+001
 -0.13446081E+000  0.00000000E+000  0.87876224E-002  0.11926224E+001
 -0.13446081E+000  0.00000000E+000  0.87876235E-002  0.11926223E+001
 -0.13446082E+000  0.00000000E+000  0.87876130E-002  0.11926222E+001
 -0.13446085E+000  0.00000000E+000  0.87875906E-002  0.11926221E+001
 -0.13446090E+000  0.00000000E+000  0.87875566E-002  0.11926221E+001
 -0.13446096E+000  0.00000000E+000  0.87875110E-002  0.11926221E+001
 -0.13446103E+000  0.00000000E+000  0.87874542E-002  0.11926221E+001
 -0.13446112E+000  0.00000000E+000  0.87873867E-002  0.11926221E+001
 -0.13446123E+000  0.00000000E+000  0.87873089E-002  0.11926221E+001
 -0.13446134E+000  0.00000000E+000  0.87872216E-002  0.11926222E+001
 -0.13446147E+000  0.00000000E+000  0.87871254E-002  0.11926223E+001
 -0.13446161E+000  0.00000000E+000  0.87870213E-002  0.11926224E+001
 -0.13446176E+000  0.00000000E+000  0.87869103E-002  0.11926225E+001
 -0.13446192E+000  0.00000000E+000  0.87867934E-002  0.11926227E+001
 -0.13446209E+000  0.00000000E+000  0.87866719E-002  0.11926229E+001
 -0.13446227E+000  0.00000000E+000  0.87865471E-002  0.11926230E+001
 -0.13446245E+000  0.00000000E+000  0.87864202E-002  0.11926233E+001
 -0.13446264E+000  0.00000000E+000  0.87862927E-002  0.11926235E+001
 -0.13446283E+000  0.00000000E+000  0.87861660E-002  0.11926237E+001
 -0.13446301E+000  0.00000000E+000  0.87860415E-002  0.11926240E+001
 -0.13446320E+000  0.00000000E+000  0.87859208E-002  0.11926242E+001
 -0.13446338E+000  0.00000000E+000  0.87858053E-002  0.11926245E+001
 -0.13446356E+000  0.00000000E+000  0.87856965E-002  0.11926247E+001
 -0.13446373E+000  0.00000000E+000  0.87855956E-002  0.11926250E+001
 -0.13446389E+000  0.00000000E+000  0.87855039E-002  0.11926252E+001
 -0.13446403E+000  0.00000000E+000  0.87854227E-002  0.11926255E+001
 -0.13446416E+000  0.00000000E+000  0.87853528E-002  0.11926257E+001
 -0.13446427E+000  0.00000000E+000  0.87852957E-002  0.11926259E+001
 -0.13446436E+000  0.00000000E+000  0.87852509E-002  0.11926261E+001
 -0.13446441E+000  0.00000000E+000  0.87852199E-002  0.11926262E+001
 -0.13446445E+000  0.00000000E+000  0.87851936E-002  0.11926264E+001
 -0.13446439E+000  0.00000000E+000  0.87851839E-002  0.11926264E+001
 -0.13446435E+000  0.00000000E+000  0.87851611E-002  0.11926265E+001
 -0.13446345E+000  0.00000000E+000  0.87853312E-002  0.11926272E+001
 -0.13446156E+000  0.00000000E+000  0.87856670E-002  0.11926311E+001
