 -0.12816228E-001
 -0.12755495E-001
 -0.12715104E-001
 -0.12688429E-001
 -0.12671262E-001
 -0.12661061E-001
 -0.12657530E-001
 -0.12658248E-001
 -0.12661955E-001
 -0.12667267E-001
 -0.12673513E-001
 -0.12680502E-001
 -0.12687994E-001
 -0.12695766E-001
 -0.12703601E-001
 -0.12711354E-001
 -0.12718940E-001
 -0.12726283E-001
 -0.12733331E-001
 -0.12740046E-001
 -0.12746402E-001
 -0.12752386E-001
 -0.12757992E-001
 -0.12763219E-001
 -0.12768074E-001
 -0.12772566E-001
 -0.12776708E-001
 -0.12780514E-001
 -0.12784001E-001
 -0.12787185E-001
 -0.12790084E-001
 -0.12792716E-001
 -0.12795101E-001
 -0.12797255E-001
 -0.12799197E-001
 -0.12800945E-001
 -0.12802514E-001
 -0.12803922E-001
 -0.12805182E-001
 -0.12806310E-001
 -0.12807319E-001
 -0.12808220E-001
 -0.12809026E-001
 -0.12809745E-001
 -0.12810388E-001
 -0.12810962E-001
 -0.12811476E-001
 -0.12811935E-001
 -0.12812346E-001
 -0.12812714E-001
 -0.12813044E-001
 -0.12813340E-001
 -0.12813606E-001
 -0.12813845E-001
 -0.12814060E-001
 -0.12814252E-001
 -0.12814425E-001
 -0.12814580E-001
 -0.12814719E-001
 -0.12814844E-001
 -0.12814957E-001
 -0.12815058E-001
 -0.12815149E-001
 -0.12815230E-001
 -0.12815304E-001
 -0.12815370E-001
 -0.12815430E-001
 -0.12815484E-001
 -0.12815532E-001
 -0.12815576E-001
 -0.12815616E-001
 -0.12815653E-001
 -0.12815686E-001
 -0.12815716E-001
 -0.12815743E-001
 -0.12815768E-001
 -0.12815791E-001
 -0.12815811E-001
 -0.12815830E-001
 -0.12815848E-001
 -0.12815864E-001
 -0.12815878E-001
 -0.12815892E-001
 -0.12815904E-001
 -0.12815916E-001
 -0.12815927E-001
 -0.12815937E-001
 -0.12815947E-001
 -0.12815956E-001
 -0.12815965E-001
 -0.12815973E-001
 -0.12815981E-001
 -0.12815989E-001
 -0.12815997E-001
 -0.12816004E-001
 -0.12816012E-001
 -0.12816019E-001
 -0.12816027E-001
 -0.12816034E-001
 -0.12816042E-001
 -0.12816049E-001
 -0.12816057E-001
 -0.12816064E-001
 -0.12816071E-001
 -0.12816078E-001
 -0.12816086E-001
 -0.12816093E-001
 -0.12816100E-001
 -0.12816107E-001
 -0.12816114E-001
 -0.12816121E-001
 -0.12816127E-001
 -0.12816134E-001
 -0.12816141E-001
 -0.12816147E-001
 -0.12816154E-001
 -0.12816160E-001
 -0.12816167E-001
 -0.12816173E-001
 -0.12816179E-001
 -0.12816186E-001
 -0.12816192E-001
 -0.12816198E-001
 -0.12816204E-001
 -0.12816210E-001
 -0.12816216E-001
 -0.12816221E-001
 -0.12816227E-001
 -0.12816232E-001
 -0.12816237E-001
 -0.12816241E-001
 -0.12816246E-001
 -0.12816250E-001
 -0.12816253E-001
 -0.12816256E-001
 -0.12816259E-001
 -0.12816262E-001
 -0.12816264E-001
 -0.12816265E-001
 -0.12816266E-001
 -0.12816267E-001
 -0.12816268E-001
 -0.12816268E-001
 -0.12816268E-001
 -0.12816268E-001
 -0.12816268E-001
 -0.12816267E-001
 -0.12816267E-001
 -0.12816266E-001
 -0.12816265E-001
 -0.12816264E-001
 -0.12816262E-001
 -0.12816261E-001
 -0.12816260E-001
 -0.12816258E-001
 -0.12816257E-001
 -0.12816255E-001
 -0.12816253E-001
 -0.12816251E-001
 -0.12816249E-001
 -0.12816247E-001
 -0.12816245E-001
 -0.12816243E-001
 -0.12816240E-001
 -0.12816238E-001
 -0.12816235E-001
 -0.12816233E-001
 -0.12816230E-001
 -0.12816228E-001
 -0.12816225E-001
 -0.12816223E-001
 -0.12816221E-001
 -0.12816219E-001
 -0.12816216E-001
 -0.12816215E-001
 -0.12816213E-001
 -0.12816211E-001
 -0.12816210E-001
 -0.12816209E-001
 -0.12816208E-001
 -0.12816207E-001
 -0.12816207E-001
 -0.12816207E-001
 -0.12816207E-001
 -0.12816207E-001
 -0.12816207E-001
 -0.12816208E-001
 -0.12816209E-001
 -0.12816209E-001
 -0.12816210E-001
 -0.12816212E-001
 -0.12816213E-001
 -0.12816214E-001
 -0.12816216E-001
 -0.12816219E-001
 -0.12816221E-001
 -0.12816222E-001
 -0.12816220E-001
 -0.12816217E-001
 -0.12816227E-001
