  0.11257740E+001
  0.11251160E+001
  0.11245540E+001
  0.11240780E+001
  0.11236753E+001
  0.11233336E+001
  0.11230435E+001
  0.11227974E+001
  0.11225884E+001
  0.11224109E+001
  0.11222601E+001
  0.11221320E+001
  0.11220230E+001
  0.11219304E+001
  0.11218516E+001
  0.11217846E+001
  0.11217277E+001
  0.11216793E+001
  0.11216383E+001
  0.11216035E+001
  0.11215740E+001
  0.11215491E+001
  0.11215281E+001
  0.11215104E+001
  0.11214955E+001
  0.11214830E+001
  0.11214726E+001
  0.11214639E+001
  0.11214566E+001
  0.11214506E+001
  0.11214457E+001
  0.11214415E+001
  0.11214382E+001
  0.11214353E+001
  0.11214330E+001
  0.11214311E+001
  0.11214295E+001
  0.11214281E+001
  0.11214270E+001
  0.11214259E+001
  0.11214250E+001
  0.11214242E+001
  0.11214235E+001
  0.11214228E+001
  0.11214221E+001
  0.11214214E+001
  0.11214208E+001
  0.11214201E+001
  0.11214194E+001
  0.11214188E+001
  0.11214181E+001
  0.11214173E+001
  0.11214166E+001
  0.11214158E+001
  0.11214151E+001
  0.11214142E+001
  0.11214134E+001
  0.11214126E+001
  0.11214117E+001
  0.11214108E+001
  0.11214099E+001
  0.11214089E+001
  0.11214080E+001
  0.11214070E+001
  0.11214060E+001
  0.11214050E+001
  0.11214041E+001
  0.11214030E+001
  0.11214020E+001
  0.11214010E+001
  0.11214000E+001
  0.11213990E+001
  0.11213980E+001
  0.11213970E+001
  0.11213960E+001
  0.11213950E+001
  0.11213940E+001
  0.11213930E+001
  0.11213920E+001
  0.11213911E+001
  0.11213901E+001
  0.11213892E+001
  0.11213882E+001
  0.11213873E+001
  0.11213864E+001
  0.11213855E+001
  0.11213847E+001
  0.11213838E+001
  0.11213830E+001
  0.11213821E+001
  0.11213813E+001
  0.11213805E+001
  0.11213797E+001
  0.11213790E+001
  0.11213782E+001
  0.11213775E+001
  0.11213767E+001
  0.11213760E+001
  0.11213753E+001
  0.11213746E+001
  0.11213740E+001
  0.11213733E+001
  0.11213727E+001
  0.11213720E+001
  0.11213714E+001
  0.11213708E+001
  0.11213703E+001
  0.11213697E+001
  0.11213691E+001
  0.11213686E+001
  0.11213681E+001
  0.11213676E+001
  0.11213671E+001
  0.11213667E+001
  0.11213663E+001
  0.11213658E+001
  0.11213655E+001
  0.11213651E+001
  0.11213648E+001
  0.11213645E+001
  0.11213642E+001
  0.11213640E+001
  0.11213638E+001
  0.11213636E+001
  0.11213634E+001
  0.11213633E+001
  0.11213632E+001
  0.11213632E+001
  0.11213631E+001
  0.11213631E+001
  0.11213631E+001
  0.11213631E+001
  0.11213631E+001
  0.11213632E+001
  0.11213633E+001
  0.11213633E+001
  0.11213634E+001
  0.11213635E+001
  0.11213636E+001
  0.11213637E+001
  0.11213638E+001
  0.11213639E+001
  0.11213640E+001
  0.11213640E+001
  0.11213641E+001
  0.11213642E+001
  0.11213643E+001
  0.11213644E+001
  0.11213644E+001
  0.11213645E+001
  0.11213645E+001
  0.11213646E+001
  0.11213647E+001
  0.11213647E+001
  0.11213648E+001
  0.11213648E+001
  0.11213649E+001
  0.11213649E+001
  0.11213650E+001
  0.11213650E+001
  0.11213651E+001
  0.11213651E+001
  0.11213652E+001
  0.11213652E+001
  0.11213653E+001
  0.11213653E+001
  0.11213654E+001
  0.11213654E+001
  0.11213654E+001
  0.11213655E+001
  0.11213655E+001
  0.11213655E+001
  0.11213655E+001
  0.11213655E+001
  0.11213655E+001
  0.11213655E+001
  0.11213655E+001
  0.11213655E+001
  0.11213655E+001
  0.11213654E+001
  0.11213654E+001
  0.11213654E+001
  0.11213653E+001
  0.11213653E+001
  0.11213653E+001
  0.11213652E+001
  0.11213652E+001
  0.11213651E+001
  0.11213651E+001
  0.11213650E+001
  0.11213650E+001
  0.11213650E+001
  0.11213649E+001
  0.11213649E+001
  0.11213649E+001
  0.11213648E+001
  0.11213648E+001
  0.11213648E+001
  0.11213648E+001
  0.11213649E+001
