  0.65714553E+000
  0.65792223E+000
  0.65829255E+000
  0.65831709E+000
  0.65811948E+000
  0.65779658E+000
  0.65741410E+000
  0.65701468E+000
  0.65662188E+000
  0.65624897E+000
  0.65590325E+000
  0.65558911E+000
  0.65530776E+000
  0.65505811E+000
  0.65483843E+000
  0.65464572E+000
  0.65451849E+000
  0.65444969E+000
  0.65442546E+000
  0.65443443E+000
  0.65446727E+000
  0.65451649E+000
  0.65457612E+000
  0.65464142E+000
  0.65470876E+000
  0.65477519E+000
  0.65483844E+000
  0.65489686E+000
  0.65494844E+000
  0.65498270E+000
  0.65500406E+000
  0.65501577E+000
  0.65502028E+000
  0.65501939E+000
  0.65501445E+000
  0.65500647E+000
  0.65499621E+000
  0.65498424E+000
  0.65497101E+000
  0.65495687E+000
  0.65494212E+000
  0.65492699E+000
  0.65491167E+000
  0.65489635E+000
  0.65488117E+000
  0.65486625E+000
  0.65485169E+000
  0.65483759E+000
  0.65482400E+000
  0.65481099E+000
  0.65479860E+000
  0.65478683E+000
  0.65477571E+000
  0.65476525E+000
  0.65475543E+000
  0.65474625E+000
  0.65473768E+000
  0.65472972E+000
  0.65472234E+000
  0.65471551E+000
  0.65470921E+000
  0.65470341E+000
  0.65469808E+000
  0.65469321E+000
  0.65468876E+000
  0.65468471E+000
  0.65468103E+000
  0.65467770E+000
  0.65467470E+000
  0.65467199E+000
  0.65466956E+000
  0.65466738E+000
  0.65466543E+000
  0.65466369E+000
  0.65466214E+000
  0.65466076E+000
  0.65465954E+000
  0.65465845E+000
  0.65465748E+000
  0.65465663E+000
  0.65465586E+000
  0.65465518E+000
  0.65465456E+000
  0.65465401E+000
  0.65465352E+000
  0.65465306E+000
  0.65465265E+000
  0.65465227E+000
  0.65465191E+000
  0.65465158E+000
  0.65465127E+000
  0.65465098E+000
  0.65465070E+000
  0.65465043E+000
  0.65465017E+000
  0.65464991E+000
  0.65464967E+000
  0.65464943E+000
  0.65464919E+000
  0.65464895E+000
  0.65464872E+000
  0.65464849E+000
  0.65464826E+000
  0.65464804E+000
  0.65464782E+000
  0.65464759E+000
  0.65464737E+000
  0.65464716E+000
  0.65464694E+000
  0.65464673E+000
  0.65464651E+000
  0.65464630E+000
  0.65464610E+000
  0.65464589E+000
  0.65464569E+000
  0.65464549E+000
  0.65464530E+000
  0.65464511E+000
  0.65464492E+000
  0.65464473E+000
  0.65464455E+000
  0.65464438E+000
  0.65464421E+000
  0.65464404E+000
  0.65464388E+000
  0.65464372E+000
  0.65464357E+000
  0.65464342E+000
  0.65464328E+000
  0.65464314E+000
  0.65464300E+000
  0.65464287E+000
  0.65464275E+000
  0.65464263E+000
  0.65464251E+000
  0.65464240E+000
  0.65464229E+000
  0.65464219E+000
  0.65464209E+000
  0.65464199E+000
  0.65464190E+000
  0.65464182E+000
  0.65464173E+000
  0.65464165E+000
  0.65464158E+000
  0.65464151E+000
  0.65464144E+000
  0.65464137E+000
  0.65464131E+000
  0.65464125E+000
  0.65464119E+000
  0.65464114E+000
  0.65464109E+000
  0.65464104E+000
  0.65464099E+000
  0.65464095E+000
  0.65464091E+000
  0.65464087E+000
  0.65464083E+000
  0.65464080E+000
  0.65464077E+000
  0.65464074E+000
  0.65464071E+000
  0.65464068E+000
  0.65464065E+000
  0.65464063E+000
  0.65464061E+000
  0.65464058E+000
  0.65464056E+000
  0.65464055E+000
  0.65464053E+000
  0.65464051E+000
  0.65464050E+000
  0.65464048E+000
  0.65464047E+000
  0.65464046E+000
  0.65464045E+000
  0.65464043E+000
  0.65464043E+000
  0.65464042E+000
  0.65464041E+000
  0.65464040E+000
  0.65464039E+000
  0.65464039E+000
  0.65464038E+000
  0.65464038E+000
  0.65464037E+000
  0.65464037E+000
  0.65464036E+000
  0.65464036E+000
  0.65464036E+000
  0.65464035E+000
  0.65464035E+000
  0.65464035E+000
  0.65464035E+000
  0.65464035E+000
  0.65464035E+000
  0.65464035E+000
  0.65464036E+000
  0.65464034E+000
