  0.60588287E+000  0.85130288E+000  0.10841713E+001  0.19650942E+001
  0.60540073E+000  0.85063288E+000  0.10832581E+001  0.19647347E+001
  0.60500879E+000  0.85009162E+000  0.10827476E+001  0.19641342E+001
  0.60466617E+000  0.84962667E+000  0.10822762E+001  0.19636780E+001
  0.60436477E+000  0.84922867E+000  0.10818785E+001  0.19632927E+001
  0.60411241E+000  0.84887301E+000  0.10813986E+001  0.19631084E+001
  0.60390519E+000  0.84856674E+000  0.10810729E+001  0.19628460E+001
  0.60372090E+000  0.84819259E+000  0.10808759E+001  0.19626556E+001
  0.60355625E+000  0.84796485E+000  0.10806052E+001  0.19624985E+001
  0.60341674E+000  0.84777876E+000  0.10796274E+001  0.19631037E+001
  0.60329670E+000  0.84759530E+000  0.10794605E+001  0.19629859E+001
  0.60319818E+000  0.84742920E+000  0.10793166E+001  0.19628953E+001
  0.60311019E+000  0.84731299E+000  0.10791770E+001  0.19628139E+001
  0.60303066E+000  0.84721903E+000  0.10790304E+001  0.19627706E+001
  0.60296623E+000  0.84712903E+000  0.10789219E+001  0.19627230E+001
  0.60291148E+000  0.84705038E+000  0.10788395E+001  0.19626741E+001
  0.60285953E+000  0.84698883E+000  0.10787627E+001  0.19626389E+001
  0.60281603E+000  0.84693380E+000  0.10786893E+001  0.19626179E+001
  0.60278032E+000  0.84688576E+000  0.10786351E+001  0.19625909E+001
  0.60274725E+000  0.84684663E+000  0.10785878E+001  0.19625694E+001
  0.60271957E+000  0.84681177E+000  0.10785468E+001  0.19625523E+001
  0.60269498E+000  0.84678215E+000  0.10785112E+001  0.19625391E+001
  0.60267435E+000  0.84675462E+000  0.10784811E+001  0.19625292E+001
  0.60265632E+000  0.84673184E+000  0.10784534E+001  0.19625225E+001
  0.60264051E+000  0.84671220E+000  0.10784301E+001  0.19625170E+001
  0.60262248E+000  0.84669941E+000  0.10784098E+001  0.19625132E+001
  0.60261026E+000  0.84669881E+000  0.10783765E+001  0.19625124E+001
  0.60259845E+000  0.84668788E+000  0.10783604E+001  0.19625110E+001
  0.60258896E+000  0.84667744E+000  0.10783465E+001  0.19625105E+001
  0.60258057E+000  0.84666849E+000  0.10783342E+001  0.19625106E+001
  0.60257312E+000  0.84666042E+000  0.10783238E+001  0.19625111E+001
  0.60256641E+000  0.84665334E+000  0.10783148E+001  0.19625120E+001
  0.60255977E+000  0.84664782E+000  0.10783068E+001  0.19625131E+001
  0.60255372E+000  0.84664310E+000  0.10782997E+001  0.19625143E+001
  0.60254896E+000  0.84663827E+000  0.10782933E+001  0.19625155E+001
  0.60254467E+000  0.84663405E+000  0.10782876E+001  0.19625166E+001
  0.60254079E+000  0.84663023E+000  0.10782825E+001  0.19625177E+001
  0.60253727E+000  0.84662680E+000  0.10782778E+001  0.19625186E+001
  0.60253405E+000  0.84662370E+000  0.10782735E+001  0.19625195E+001
  0.60253112E+000  0.84662087E+000  0.10782695E+001  0.19625201E+001
  0.60252842E+000  0.84661828E+000  0.10782658E+001  0.19625205E+001
  0.60252593E+000  0.84661588E+000  0.10782623E+001  0.19625208E+001
  0.60252364E+000  0.84661365E+000  0.10782590E+001  0.19625208E+001
  0.60252151E+000  0.84661155E+000  0.10782559E+001  0.19625206E+001
  0.60251953E+000  0.84660958E+000  0.10782529E+001  0.19625202E+001
  0.60251768E+000  0.84660771E+000  0.10782500E+001  0.19625196E+001
  0.60251595E+000  0.84660592E+000  0.10782472E+001  0.19625188E+001
  0.60251432E+000  0.84660420E+000  0.10782445E+001  0.19625178E+001
  0.60251279E+000  0.84660254E+000  0.10782418E+001  0.19625165E+001
  0.60251133E+000  0.84660093E+000  0.10782393E+001  0.19625151E+001
  0.60250994E+000  0.84659937E+000  0.10782367E+001  0.19625135E+001
  0.60250862E+000  0.84659785E+000  0.10782342E+001  0.19625117E+001
  0.60250735E+000  0.84659636E+000  0.10782318E+001  0.19625098E+001
  0.60250613E+000  0.84659490E+000  0.10782294E+001  0.19625076E+001
  0.60250494E+000  0.84659346E+000  0.10782270E+001  0.19625053E+001
  0.60250380E+000  0.84659204E+000  0.10782246E+001  0.19625029E+001
  0.60250268E+000  0.84659064E+000  0.10782223E+001  0.19625003E+001
  0.60250158E+000  0.84658925E+000  0.10782199E+001  0.19624976E+001
  0.60250050E+000  0.84658786E+000  0.10782176E+001  0.19624948E+001
  0.60249944E+000  0.84658649E+000  0.10782153E+001  0.19624918E+001
  0.60249839E+000  0.84658512E+000  0.10782139E+001  0.19624879E+001
  0.60249734E+000  0.84658375E+000  0.10782116E+001  0.19624848E+001
  0.60249631E+000  0.84658238E+000  0.10782094E+001  0.19624816E+001
  0.60249528E+000  0.84658101E+000  0.10782071E+001  0.19624783E+001
  0.60249425E+000  0.84657964E+000  0.10782049E+001  0.19624749E+001
  0.60249323E+000  0.84657827E+000  0.10782027E+001  0.19624715E+001
  0.60249220E+000  0.84657689E+000  0.10782005E+001  0.19624681E+001
  0.60249100E+000  0.84657571E+000  0.10781983E+001  0.19624646E+001
  0.60248997E+000  0.84657433E+000  0.10781961E+001  0.19624610E+001
  0.60248896E+000  0.84657296E+000  0.10781939E+001  0.19624575E+001
  0.60248794E+000  0.84657158E+000  0.10781917E+001  0.19624539E+001
  0.60248692E+000  0.84657021E+000  0.10781896E+001  0.19624503E+001
  0.60248591E+000  0.84656884E+000  0.10781875E+001  0.19624468E+001
  0.60248490E+000  0.84656748E+000  0.10781853E+001  0.19624432E+001
  0.60248389E+000  0.84656612E+000  0.10781832E+001  0.19624396E+001
  0.60248289E+000  0.84656477E+000  0.10781812E+001  0.19624361E+001
  0.60248189E+000  0.84656342E+000  0.10781791E+001  0.19624326E+001
  0.60248091E+000  0.84656209E+000  0.10781771E+001  0.19624291E+001
  0.60247993E+000  0.84656076E+000  0.10781750E+001  0.19624257E+001
  0.60247896E+000  0.84655945E+000  0.10781730E+001  0.19624222E+001
  0.60247800E+000  0.84655815E+000  0.10781710E+001  0.19624189E+001
  0.60247705E+000  0.84655686E+000  0.10781691E+001  0.19624155E+001
  0.60247611E+000  0.84655560E+000  0.10781671E+001  0.19624122E+001
  0.60247519E+000  0.84655434E+000  0.10781652E+001  0.19624090E+001
  0.60247429E+000  0.84655311E+000  0.10781633E+001  0.19624058E+001
  0.60247339E+000  0.84655189E+000  0.10781615E+001  0.19624027E+001
  0.60247252E+000  0.84655067E+000  0.10781597E+001  0.19623996E+001
  0.60247166E+000  0.84654949E+000  0.10781579E+001  0.19623966E+001
  0.60247082E+000  0.84654834E+000  0.10781560E+001  0.19623937E+001
  0.60247000E+000  0.84654721E+000  0.10781543E+001  0.19623907E+001
  0.60246919E+000  0.84654611E+000  0.10781526E+001  0.19623879E+001
  0.60246841E+000  0.84654503E+000  0.10781509E+001  0.19623851E+001
  0.60246764E+000  0.84654397E+000  0.10781493E+001  0.19623823E+001
  0.60246690E+000  0.84654295E+000  0.10781476E+001  0.19623796E+001
  0.60246617E+000  0.84654195E+000  0.10781461E+001  0.19623770E+001
  0.60246547E+000  0.84654097E+000  0.10781446E+001  0.19623744E+001
  0.60246478E+000  0.84654003E+000  0.10781431E+001  0.19623718E+001
  0.60246412E+000  0.84653911E+000  0.10781416E+001  0.19623694E+001
  0.60246347E+000  0.84653822E+000  0.10781402E+001  0.19623669E+001
  0.60246285E+000  0.84653735E+000  0.10781389E+001  0.19623645E+001
  0.60246225E+000  0.84653652E+000  0.10781376E+001  0.19623622E+001
  0.60246166E+000  0.84653572E+000  0.10781363E+001  0.19623598E+001
  0.60246110E+000  0.84653494E+000  0.10781351E+001  0.19623576E+001
  0.60246056E+000  0.84653420E+000  0.10781340E+001  0.19623554E+001
  0.60246004E+000  0.84653348E+000  0.10781329E+001  0.19623532E+001
  0.60245953E+000  0.84653279E+000  0.10781319E+001  0.19623511E+001
  0.60245905E+000  0.84653213E+000  0.10781309E+001  0.19623491E+001
  0.60245859E+000  0.84653151E+000  0.10781300E+001  0.19623471E+001
  0.60245815E+000  0.84653091E+000  0.10781291E+001  0.19623451E+001
  0.60245773E+000  0.84653034E+000  0.10781283E+001  0.19623433E+001
  0.60245733E+000  0.84652980E+000  0.10781275E+001  0.19623414E+001
  0.60245695E+000  0.84652929E+000  0.10781268E+001  0.19623397E+001
  0.60245659E+000  0.84652881E+000  0.10781262E+001  0.19623380E+001
  0.60245626E+000  0.84652836E+000  0.10781256E+001  0.19623364E+001
  0.60245595E+000  0.84652795E+000  0.10781250E+001  0.19623349E+001
  0.60245566E+000  0.84652756E+000  0.10781245E+001  0.19623334E+001
  0.60245540E+000  0.84652721E+000  0.10781241E+001  0.19623321E+001
  0.60245516E+000  0.84652689E+000  0.10781237E+001  0.19623308E+001
  0.60245494E+000  0.84652660E+000  0.10781233E+001  0.19623296E+001
  0.60245475E+000  0.84652634E+000  0.10781230E+001  0.19623285E+001
  0.60245458E+000  0.84652611E+000  0.10781228E+001  0.19623275E+001
  0.60245444E+000  0.84652592E+000  0.10781226E+001  0.19623266E+001
  0.60245432E+000  0.84652576E+000  0.10781224E+001  0.19623258E+001
  0.60245423E+000  0.84652563E+000  0.10781223E+001  0.19623251E+001
  0.60245416E+000  0.84652553E+000  0.10781222E+001  0.19623245E+001
  0.60245412E+000  0.84652547E+000  0.10781222E+001  0.19623239E+001
  0.60245410E+000  0.84652543E+000  0.10781222E+001  0.19623235E+001
  0.60245410E+000  0.84652542E+000  0.10781223E+001  0.19623231E+001
  0.60245412E+000  0.84652545E+000  0.10781224E+001  0.19623228E+001
  0.60245416E+000  0.84652549E+000  0.10781225E+001  0.19623226E+001
  0.60245422E+000  0.84652556E+000  0.10781227E+001  0.19623224E+001
  0.60245429E+000  0.84652566E+000  0.10781229E+001  0.19623223E+001
  0.60245439E+000  0.84652577E+000  0.10781231E+001  0.19623223E+001
  0.60245449E+000  0.84652590E+000  0.10781233E+001  0.19623223E+001
  0.60245461E+000  0.84652605E+000  0.10781236E+001  0.19623224E+001
  0.60245474E+000  0.84652622E+000  0.10781239E+001  0.19623225E+001
  0.60245488E+000  0.84652640E+000  0.10781242E+001  0.19623226E+001
  0.60245502E+000  0.84652658E+000  0.10781246E+001  0.19623228E+001
  0.60245517E+000  0.84652678E+000  0.10781249E+001  0.19623230E+001
  0.60245533E+000  0.84652698E+000  0.10781253E+001  0.19623232E+001
  0.60245549E+000  0.84652719E+000  0.10781257E+001  0.19623235E+001
  0.60245565E+000  0.84652740E+000  0.10781260E+001  0.19623237E+001
  0.60245581E+000  0.84652762E+000  0.10781264E+001  0.19623240E+001
  0.60245597E+000  0.84652783E+000  0.10781268E+001  0.19623243E+001
  0.60245613E+000  0.84652805E+000  0.10781272E+001  0.19623246E+001
  0.60245629E+000  0.84652826E+000  0.10781275E+001  0.19623249E+001
  0.60245644E+000  0.84652847E+000  0.10781279E+001  0.19623252E+001
  0.60245659E+000  0.84652868E+000  0.10781283E+001  0.19623255E+001
  0.60245674E+000  0.84652888E+000  0.10781286E+001  0.19623258E+001
  0.60245688E+000  0.84652907E+000  0.10781290E+001  0.19623262E+001
  0.60245702E+000  0.84652926E+000  0.10781293E+001  0.19623265E+001
  0.60245715E+000  0.84652944E+000  0.10781296E+001  0.19623269E+001
  0.60245727E+000  0.84652962E+000  0.10781299E+001  0.19623273E+001
  0.60245739E+000  0.84652978E+000  0.10781302E+001  0.19623277E+001
  0.60245750E+000  0.84652994E+000  0.10781304E+001  0.19623281E+001
  0.60245760E+000  0.84653008E+000  0.10781307E+001  0.19623285E+001
  0.60245769E+000  0.84653021E+000  0.10781309E+001  0.19623289E+001
  0.60245778E+000  0.84653034E+000  0.10781311E+001  0.19623293E+001
  0.60245785E+000  0.84653045E+000  0.10781312E+001  0.19623297E+001
  0.60245792E+000  0.84653055E+000  0.10781314E+001  0.19623302E+001
  0.60245797E+000  0.84653063E+000  0.10781315E+001  0.19623306E+001
  0.60245802E+000  0.84653070E+000  0.10781316E+001  0.19623310E+001
  0.60245806E+000  0.84653076E+000  0.10781316E+001  0.19623313E+001
  0.60245808E+000  0.84653080E+000  0.10781316E+001  0.19623317E+001
  0.60245810E+000  0.84653083E+000  0.10781316E+001  0.19623320E+001
  0.60245811E+000  0.84653085E+000  0.10781316E+001  0.19623324E+001
  0.60245810E+000  0.84653085E+000  0.10781316E+001  0.19623327E+001
  0.60245809E+000  0.84653084E+000  0.10781315E+001  0.19623329E+001
  0.60245807E+000  0.84653081E+000  0.10781314E+001  0.19623331E+001
  0.60245804E+000  0.84653077E+000  0.10781313E+001  0.19623333E+001
  0.60245800E+000  0.84653072E+000  0.10781312E+001  0.19623335E+001
  0.60245795E+000  0.84653066E+000  0.10781310E+001  0.19623336E+001
  0.60245790E+000  0.84653059E+000  0.10781308E+001  0.19623337E+001
  0.60245784E+000  0.84653050E+000  0.10781307E+001  0.19623337E+001
  0.60245777E+000  0.84653041E+000  0.10781305E+001  0.19623337E+001
  0.60245770E+000  0.84653032E+000  0.10781303E+001  0.19623337E+001
  0.60245762E+000  0.84653021E+000  0.10781301E+001  0.19623337E+001
  0.60245754E+000  0.84653011E+000  0.10781299E+001  0.19623336E+001
  0.60245746E+000  0.84653000E+000  0.10781297E+001  0.19623334E+001
  0.60245738E+000  0.84652989E+000  0.10781295E+001  0.19623333E+001
  0.60245730E+000  0.84652977E+000  0.10781293E+001  0.19623331E+001
  0.60245722E+000  0.84652966E+000  0.10781291E+001  0.19623329E+001
  0.60245714E+000  0.84652955E+000  0.10781289E+001  0.19623327E+001
  0.60245707E+000  0.84652945E+000  0.10781287E+001  0.19623324E+001
  0.60245700E+000  0.84652934E+000  0.10781286E+001  0.19623322E+001
  0.60245693E+000  0.84652925E+000  0.10781284E+001  0.19623319E+001
  0.60245686E+000  0.84652916E+000  0.10781283E+001  0.19623316E+001
  0.60245681E+000  0.84652907E+000  0.10781281E+001  0.19623314E+001
  0.60245675E+000  0.84652900E+000  0.10781280E+001  0.19623311E+001
  0.60245670E+000  0.84652893E+000  0.10781279E+001  0.19623309E+001
  0.60245666E+000  0.84652887E+000  0.10781279E+001  0.19623306E+001
  0.60245663E+000  0.84652882E+000  0.10781278E+001  0.19623304E+001
  0.60245660E+000  0.84652877E+000  0.10781277E+001  0.19623302E+001
  0.60245658E+000  0.84652874E+000  0.10781277E+001  0.19623300E+001
  0.60245656E+000  0.84652871E+000  0.10781277E+001  0.19623298E+001
  0.60245654E+000  0.84652869E+000  0.10781277E+001  0.19623296E+001
  0.60245653E+000  0.84652868E+000  0.10781277E+001  0.19623294E+001
  0.60245653E+000  0.84652867E+000  0.10781277E+001  0.19623292E+001
  0.60245656E+000  0.84652869E+000  0.10781278E+001  0.19623293E+001
  0.60245675E+000  0.84652890E+000  0.10781283E+001  0.19623301E+001
