 -0.32862653E+000
 -0.32985305E+000
 -0.33010355E+000
 -0.33026278E+000
 -0.33039466E+000
 -0.33050285E+000
 -0.33059176E+000
 -0.33066509E+000
 -0.33072526E+000
 -0.33077449E+000
 -0.33081458E+000
 -0.33084704E+000
 -0.33087314E+000
 -0.33089389E+000
 -0.33091018E+000
 -0.33092272E+000
 -0.33093210E+000
 -0.33093884E+000
 -0.33094335E+000
 -0.33094599E+000
 -0.33094706E+000
 -0.33094679E+000
 -0.33094541E+000
 -0.33094309E+000
 -0.33093996E+000
 -0.33093616E+000
 -0.33093179E+000
 -0.33092693E+000
 -0.33092165E+000
 -0.33091603E+000
 -0.33091011E+000
 -0.33090393E+000
 -0.33089753E+000
 -0.33089095E+000
 -0.33088420E+000
 -0.33087732E+000
 -0.33087031E+000
 -0.33086320E+000
 -0.33085600E+000
 -0.33084873E+000
 -0.33084139E+000
 -0.33083400E+000
 -0.33082657E+000
 -0.33081911E+000
 -0.33081164E+000
 -0.33080416E+000
 -0.33079668E+000
 -0.33078922E+000
 -0.33078180E+000
 -0.33077442E+000
 -0.33076709E+000
 -0.33075984E+000
 -0.33075267E+000
 -0.33074560E+000
 -0.33073863E+000
 -0.33073180E+000
 -0.33072510E+000
 -0.33071855E+000
 -0.33071216E+000
 -0.33070595E+000
 -0.33069992E+000
 -0.33069409E+000
 -0.33068846E+000
 -0.33068304E+000
 -0.33067784E+000
 -0.33067287E+000
 -0.33066812E+000
 -0.33066361E+000
 -0.33065933E+000
 -0.33065528E+000
 -0.33065146E+000
 -0.33064787E+000
 -0.33064451E+000
 -0.33064137E+000
 -0.33063844E+000
 -0.33063572E+000
 -0.33063320E+000
 -0.33063087E+000
 -0.33062872E+000
 -0.33062675E+000
 -0.33062493E+000
 -0.33062328E+000
 -0.33062176E+000
 -0.33062038E+000
 -0.33061912E+000
 -0.33061798E+000
 -0.33061694E+000
 -0.33061601E+000
 -0.33061516E+000
 -0.33061440E+000
 -0.33061372E+000
 -0.33061310E+000
 -0.33061255E+000
 -0.33061206E+000
 -0.33061162E+000
 -0.33061123E+000
 -0.33061088E+000
 -0.33061057E+000
 -0.33061030E+000
 -0.33061006E+000
 -0.33060984E+000
 -0.33060965E+000
 -0.33060949E+000
 -0.33060934E+000
 -0.33060921E+000
 -0.33060910E+000
 -0.33060900E+000
 -0.33060891E+000
 -0.33060884E+000
 -0.33060877E+000
 -0.33060871E+000
 -0.33060866E+000
 -0.33060861E+000
 -0.33060857E+000
 -0.33060854E+000
 -0.33060851E+000
 -0.33060847E+000
 -0.33060845E+000
 -0.33060842E+000
 -0.33060841E+000
 -0.33060838E+000
 -0.33060837E+000
 -0.33060835E+000
 -0.33060833E+000
 -0.33060832E+000
 -0.33060830E+000
 -0.33060829E+000
 -0.33060828E+000
 -0.33060827E+000
 -0.33060826E+000
 -0.33060824E+000
 -0.33060823E+000
 -0.33060822E+000
 -0.33060821E+000
 -0.33060820E+000
 -0.33060819E+000
 -0.33060818E+000
 -0.33060818E+000
 -0.33060816E+000
 -0.33060816E+000
 -0.33060815E+000
 -0.33060814E+000
 -0.33060813E+000
 -0.33060812E+000
 -0.33060811E+000
 -0.33060811E+000
 -0.33060810E+000
 -0.33060809E+000
 -0.33060808E+000
 -0.33060807E+000
 -0.33060807E+000
 -0.33060806E+000
 -0.33060805E+000
 -0.33060804E+000
 -0.33060804E+000
 -0.33060803E+000
 -0.33060802E+000
 -0.33060802E+000
 -0.33060801E+000
 -0.33060800E+000
 -0.33060800E+000
 -0.33060799E+000
 -0.33060799E+000
 -0.33060798E+000
 -0.33060798E+000
 -0.33060797E+000
 -0.33060797E+000
 -0.33060796E+000
 -0.33060796E+000
 -0.33060795E+000
 -0.33060795E+000
 -0.33060795E+000
 -0.33060795E+000
 -0.33060794E+000
 -0.33060794E+000
 -0.33060794E+000
 -0.33060793E+000
 -0.33060793E+000
 -0.33060793E+000
 -0.33060793E+000
 -0.33060793E+000
 -0.33060793E+000
 -0.33060793E+000
 -0.33060793E+000
 -0.33060792E+000
 -0.33060793E+000
 -0.33060792E+000
 -0.33060792E+000
 -0.33060792E+000
 -0.33060793E+000
 -0.33060792E+000
 -0.33060793E+000
 -0.33060793E+000
 -0.33060793E+000
 -0.33060793E+000
 -0.33060793E+000
 -0.33060793E+000
 -0.33060793E+000
 -0.33060793E+000
 -0.33060792E+000
