  0.10065281E+001
  0.10025955E+001
  0.99936908E+000
  0.99671378E+000
  0.99450979E+000
  0.99264521E+000
  0.99108430E+000
  0.98977506E+000
  0.98867120E+000
  0.98774847E+000
  0.98697778E+000
  0.98633113E+000
  0.98578765E+000
  0.98532981E+000
  0.98494396E+000
  0.98461979E+000
  0.98434756E+000
  0.98411860E+000
  0.98392631E+000
  0.98376521E+000
  0.98363058E+000
  0.98351844E+000
  0.98342537E+000
  0.98334845E+000
  0.98328521E+000
  0.98323345E+000
  0.98319146E+000
  0.98315763E+000
  0.98313063E+000
  0.98310928E+000
  0.98309260E+000
  0.98307975E+000
  0.98306999E+000
  0.98306272E+000
  0.98305742E+000
  0.98305366E+000
  0.98305109E+000
  0.98304941E+000
  0.98304839E+000
  0.98304783E+000
  0.98304759E+000
  0.98304755E+000
  0.98304762E+000
  0.98304772E+000
  0.98304781E+000
  0.98304785E+000
  0.98304781E+000
  0.98304768E+000
  0.98304745E+000
  0.98304712E+000
  0.98304670E+000
  0.98304620E+000
  0.98304562E+000
  0.98304498E+000
  0.98304429E+000
  0.98304355E+000
  0.98304275E+000
  0.98304190E+000
  0.98304102E+000
  0.98304010E+000
  0.98303916E+000
  0.98303819E+000
  0.98303719E+000
  0.98303618E+000
  0.98303514E+000
  0.98303410E+000
  0.98303303E+000
  0.98303196E+000
  0.98303089E+000
  0.98302980E+000
  0.98302872E+000
  0.98302763E+000
  0.98302655E+000
  0.98302547E+000
  0.98302439E+000
  0.98302333E+000
  0.98302227E+000
  0.98302122E+000
  0.98302019E+000
  0.98301917E+000
  0.98301816E+000
  0.98301717E+000
  0.98301619E+000
  0.98301523E+000
  0.98301429E+000
  0.98301336E+000
  0.98301245E+000
  0.98301156E+000
  0.98301069E+000
  0.98300983E+000
  0.98300899E+000
  0.98300817E+000
  0.98300737E+000
  0.98300659E+000
  0.98300583E+000
  0.98300509E+000
  0.98300436E+000
  0.98300366E+000
  0.98300297E+000
  0.98300230E+000
  0.98300165E+000
  0.98300102E+000
  0.98300041E+000
  0.98299982E+000
  0.98299926E+000
  0.98299871E+000
  0.98299818E+000
  0.98299768E+000
  0.98299719E+000
  0.98299673E+000
  0.98299629E+000
  0.98299588E+000
  0.98299549E+000
  0.98299512E+000
  0.98299478E+000
  0.98299446E+000
  0.98299417E+000
  0.98299390E+000
  0.98299366E+000
  0.98299344E+000
  0.98299325E+000
  0.98299309E+000
  0.98299295E+000
  0.98299283E+000
  0.98299274E+000
  0.98299268E+000
  0.98299264E+000
  0.98299261E+000
  0.98299261E+000
  0.98299263E+000
  0.98299267E+000
  0.98299272E+000
  0.98299279E+000
  0.98299287E+000
  0.98299296E+000
  0.98299306E+000
  0.98299317E+000
  0.98299328E+000
  0.98299340E+000
  0.98299353E+000
  0.98299365E+000
  0.98299378E+000
  0.98299391E+000
  0.98299404E+000
  0.98299418E+000
  0.98299431E+000
  0.98299444E+000
  0.98299457E+000
  0.98299469E+000
  0.98299482E+000
  0.98299494E+000
  0.98299506E+000
  0.98299518E+000
  0.98299530E+000
  0.98299541E+000
  0.98299552E+000
  0.98299562E+000
  0.98299571E+000
  0.98299581E+000
  0.98299589E+000
  0.98299597E+000
  0.98299604E+000
  0.98299610E+000
  0.98299615E+000
  0.98299620E+000
  0.98299623E+000
  0.98299626E+000
  0.98299628E+000
  0.98299628E+000
  0.98299628E+000
  0.98299627E+000
  0.98299625E+000
  0.98299622E+000
  0.98299618E+000
  0.98299613E+000
  0.98299608E+000
  0.98299602E+000
  0.98299596E+000
  0.98299589E+000
  0.98299582E+000
  0.98299575E+000
  0.98299567E+000
  0.98299559E+000
  0.98299552E+000
  0.98299544E+000
  0.98299537E+000
  0.98299530E+000
  0.98299523E+000
  0.98299517E+000
  0.98299511E+000
  0.98299506E+000
  0.98299501E+000
  0.98299496E+000
  0.98299492E+000
  0.98299488E+000
  0.98299486E+000
  0.98299485E+000
  0.98299485E+000
  0.98299485E+000
  0.98299465E+000
