 -0.12999404E+000  0.29453123E-001  0.40413274E+001  0.50866256E+002
 -0.12934976E+000  0.30216187E-001  0.40437129E+001  0.50882413E+002
 -0.12892749E+000  0.30580366E-001  0.40454069E+001  0.50894615E+002
 -0.12861740E+000  0.30787512E-001  0.40468181E+001  0.50904606E+002
 -0.12838714E+000  0.30904949E-001  0.40480195E+001  0.50912929E+002
 -0.12821825E+000  0.30962192E-001  0.40490379E+001  0.50919912E+002
 -0.12809784E+000  0.30977727E-001  0.40499039E+001  0.50925789E+002
 -0.12801601E+000  0.30963927E-001  0.40506421E+001  0.50930747E+002
 -0.12796493E+000  0.30929378E-001  0.40512725E+001  0.50934938E+002
 -0.12793835E+000  0.30880178E-001  0.40518117E+001  0.50938487E+002
 -0.12793140E+000  0.30820499E-001  0.40522742E+001  0.50941494E+002
 -0.12794001E+000  0.30753627E-001  0.40526711E+001  0.50944045E+002
 -0.12796091E+000  0.30681958E-001  0.40530116E+001  0.50946209E+002
 -0.12799148E+000  0.30607284E-001  0.40533031E+001  0.50948044E+002
 -0.12802960E+000  0.30530938E-001  0.40535517E+001  0.50949598E+002
 -0.12807357E+000  0.30453909E-001  0.40537626E+001  0.50950911E+002
 -0.12812737E+000  0.30382845E-001  0.40539398E+001  0.50952015E+002
 -0.12818925E+000  0.30318107E-001  0.40540870E+001  0.50952937E+002
 -0.12825693E+000  0.30259059E-001  0.40542073E+001  0.50953699E+002
 -0.12832840E+000  0.30205098E-001  0.40543033E+001  0.50954322E+002
 -0.12840218E+000  0.30155718E-001  0.40543772E+001  0.50954821E+002
 -0.12847709E+000  0.30110479E-001  0.40544312E+001  0.50955211E+002
 -0.12855219E+000  0.30068990E-001  0.40544672E+001  0.50955506E+002
 -0.12862673E+000  0.30030912E-001  0.40544869E+001  0.50955716E+002
 -0.12870010E+000  0.29995947E-001  0.40544920E+001  0.50955852E+002
 -0.12877182E+000  0.29963835E-001  0.40544839E+001  0.50955921E+002
 -0.12884152E+000  0.29934347E-001  0.40544640E+001  0.50955932E+002
 -0.12890891E+000  0.29907283E-001  0.40544334E+001  0.50955891E+002
 -0.12897330E+000  0.29882412E-001  0.40543932E+001  0.50955805E+002
 -0.12903385E+000  0.29859389E-001  0.40543437E+001  0.50955676E+002
 -0.12909098E+000  0.29838165E-001  0.40542866E+001  0.50955511E+002
 -0.12914496E+000  0.29818679E-001  0.40542230E+001  0.50955316E+002
 -0.12919603E+000  0.29800852E-001  0.40541542E+001  0.50955096E+002
 -0.12924435E+000  0.29784596E-001  0.40540811E+001  0.50954855E+002
 -0.12929007E+000  0.29769814E-001  0.40540048E+001  0.50954597E+002
 -0.12933330E+000  0.29756404E-001  0.40539261E+001  0.50954326E+002
 -0.12937414E+000  0.29744263E-001  0.40538455E+001  0.50954045E+002
 -0.12941270E+000  0.29733284E-001  0.40537638E+001  0.50953756E+002
 -0.12944907E+000  0.29723365E-001  0.40536815E+001  0.50953461E+002
 -0.12948335E+000  0.29714403E-001  0.40535991E+001  0.50953163E+002
 -0.12951563E+000  0.29706300E-001  0.40535169E+001  0.50952863E+002
 -0.12954601E+000  0.29698960E-001  0.40534353E+001  0.50952562E+002
 -0.12957458E+000  0.29692293E-001  0.40533545E+001  0.50952262E+002
 -0.12960146E+000  0.29686215E-001  0.40532748E+001  0.50951963E+002
 -0.12962672E+000  0.29680650E-001  0.40531963E+001  0.50951666E+002
 -0.12965047E+000  0.29675528E-001  0.40531191E+001  0.50951373E+002
 -0.12967279E+000  0.29670785E-001  0.40530433E+001  0.50951082E+002
 -0.12969377E+000  0.29666368E-001  0.40529689E+001  0.50950796E+002
 -0.12971349E+000  0.29662230E-001  0.40528959E+001  0.50950514E+002
 -0.12973202E+000  0.29658331E-001  0.40528244E+001  0.50950237E+002
 -0.12974943E+000  0.29654637E-001  0.40527543E+001  0.50949965E+002
 -0.12976579E+000  0.29651122E-001  0.40526855E+001  0.50949699E+002
 -0.12978114E+000  0.29647763E-001  0.40526180E+001  0.50949438E+002
 -0.12979554E+000  0.29644542E-001  0.40525516E+001  0.50949183E+002
 -0.12980904E+000  0.29641446E-001  0.40524864E+001  0.50948934E+002
 -0.12982167E+000  0.29638464E-001  0.40524223E+001  0.50948692E+002
 -0.12983348E+000  0.29635586E-001  0.40523590E+001  0.50948457E+002
 -0.12984450E+000  0.29632803E-001  0.40522967E+001  0.50948230E+002
 -0.12985477E+000  0.29630111E-001  0.40522350E+001  0.50948010E+002
 -0.12986432E+000  0.29627502E-001  0.40521741E+001  0.50947799E+002
 -0.12987318E+000  0.29624971E-001  0.40521137E+001  0.50947596E+002
 -0.12988138E+000  0.29622512E-001  0.40520537E+001  0.50947401E+002
 -0.12988896E+000  0.29620120E-001  0.40519942E+001  0.50947216E+002
 -0.12989595E+000  0.29617789E-001  0.40519349E+001  0.50947040E+002
 -0.12990238E+000  0.29615514E-001  0.40518758E+001  0.50946874E+002
 -0.12990829E+000  0.29613289E-001  0.40518168E+001  0.50946718E+002
 -0.12991370E+000  0.29611111E-001  0.40517579E+001  0.50946571E+002
 -0.12991865E+000  0.29608975E-001  0.40516988E+001  0.50946435E+002
 -0.12992317E+000  0.29606875E-001  0.40516396E+001  0.50946308E+002
 -0.12992730E+000  0.29604810E-001  0.40515802E+001  0.50946192E+002
 -0.12993106E+000  0.29602775E-001  0.40515205E+001  0.50946086E+002
 -0.12993448E+000  0.29600767E-001  0.40514605E+001  0.50945989E+002
 -0.12993759E+000  0.29598784E-001  0.40514000E+001  0.50945903E+002
 -0.12994043E+000  0.29596825E-001  0.40513391E+001  0.50945826E+002
 -0.12994300E+000  0.29594889E-001  0.40512778E+001  0.50945759E+002
 -0.12994535E+000  0.29592973E-001  0.40512159E+001  0.50945701E+002
 -0.12994749E+000  0.29591078E-001  0.40511535E+001  0.50945652E+002
 -0.12994944E+000  0.29589204E-001  0.40510907E+001  0.50945611E+002
 -0.12995122E+000  0.29587350E-001  0.40510273E+001  0.50945579E+002
 -0.12995286E+000  0.29585517E-001  0.40509634E+001  0.50945555E+002
 -0.12995436E+000  0.29583705E-001  0.40508991E+001  0.50945538E+002
 -0.12995574E+000  0.29581915E-001  0.40508344E+001  0.50945529E+002
 -0.12995701E+000  0.29580147E-001  0.40507693E+001  0.50945527E+002
 -0.12995819E+000  0.29578403E-001  0.40507039E+001  0.50945531E+002
 -0.12995929E+000  0.29576682E-001  0.40506382E+001  0.50945541E+002
 -0.12996032E+000  0.29574986E-001  0.40505723E+001  0.50945557E+002
 -0.12996128E+000  0.29573316E-001  0.40505063E+001  0.50945578E+002
 -0.12996219E+000  0.29571671E-001  0.40504403E+001  0.50945604E+002
 -0.12996304E+000  0.29570053E-001  0.40503742E+001  0.50945635E+002
 -0.12996386E+000  0.29568461E-001  0.40503083E+001  0.50945669E+002
 -0.12996463E+000  0.29566897E-001  0.40502425E+001  0.50945708E+002
 -0.12996537E+000  0.29565360E-001  0.40501770E+001  0.50945749E+002
 -0.12996607E+000  0.29563851E-001  0.40501119E+001  0.50945794E+002
 -0.12996675E+000  0.29562369E-001  0.40500471E+001  0.50945841E+002
 -0.12996741E+000  0.29560916E-001  0.40499828E+001  0.50945891E+002
 -0.12996804E+000  0.29559491E-001  0.40499191E+001  0.50945943E+002
 -0.12996866E+000  0.29558093E-001  0.40498560E+001  0.50945997E+002
 -0.12996926E+000  0.29556724E-001  0.40497936E+001  0.50946052E+002
 -0.12996984E+000  0.29555383E-001  0.40497319E+001  0.50946108E+002
 -0.12997041E+000  0.29554070E-001  0.40496710E+001  0.50946166E+002
 -0.12997096E+000  0.29552784E-001  0.40496110E+001  0.50946224E+002
 -0.12997150E+000  0.29551527E-001  0.40495519E+001  0.50946283E+002
 -0.12997203E+000  0.29550297E-001  0.40494938E+001  0.50946342E+002
 -0.12997255E+000  0.29549095E-001  0.40494366E+001  0.50946401E+002
 -0.12997306E+000  0.29547920E-001  0.40493805E+001  0.50946460E+002
 -0.12997356E+000  0.29546773E-001  0.40493254E+001  0.50946519E+002
 -0.12997404E+000  0.29545654E-001  0.40492715E+001  0.50946578E+002
 -0.12997452E+000  0.29544561E-001  0.40492186E+001  0.50946636E+002
 -0.12997499E+000  0.29543496E-001  0.40491669E+001  0.50946694E+002
 -0.12997544E+000  0.29542457E-001  0.40491163E+001  0.50946751E+002
 -0.12997589E+000  0.29541445E-001  0.40490669E+001  0.50946808E+002
 -0.12997633E+000  0.29540460E-001  0.40490187E+001  0.50946864E+002
 -0.12997675E+000  0.29539501E-001  0.40489716E+001  0.50946918E+002
 -0.12997717E+000  0.29538569E-001  0.40489258E+001  0.50946972E+002
 -0.12997758E+000  0.29537662E-001  0.40488811E+001  0.50947025E+002
 -0.12997797E+000  0.29536782E-001  0.40488376E+001  0.50947077E+002
 -0.12997836E+000  0.29535926E-001  0.40487953E+001  0.50947127E+002
 -0.12997873E+000  0.29535096E-001  0.40487541E+001  0.50947177E+002
 -0.12997910E+000  0.29534291E-001  0.40487142E+001  0.50947226E+002
 -0.12997945E+000  0.29533511E-001  0.40486754E+001  0.50947273E+002
 -0.12997980E+000  0.29532755E-001  0.40486377E+001  0.50947319E+002
 -0.12998013E+000  0.29532022E-001  0.40486012E+001  0.50947364E+002
 -0.12998046E+000  0.29531314E-001  0.40485658E+001  0.50947407E+002
 -0.12998077E+000  0.29530628E-001  0.40485315E+001  0.50947450E+002
 -0.12998108E+000  0.29529965E-001  0.40484983E+001  0.50947491E+002
 -0.12998137E+000  0.29529325E-001  0.40484661E+001  0.50947531E+002
 -0.12998165E+000  0.29528706E-001  0.40484350E+001  0.50947570E+002
 -0.12998193E+000  0.29528109E-001  0.40484050E+001  0.50947608E+002
 -0.12998219E+000  0.29527533E-001  0.40483760E+001  0.50947644E+002
 -0.12998245E+000  0.29526977E-001  0.40483480E+001  0.50947680E+002
 -0.12998270E+000  0.29526442E-001  0.40483209E+001  0.50947714E+002
 -0.12998294E+000  0.29525926E-001  0.40482948E+001  0.50947747E+002
 -0.12998317E+000  0.29525429E-001  0.40482697E+001  0.50947779E+002
 -0.12998339E+000  0.29524951E-001  0.40482454E+001  0.50947810E+002
 -0.12998360E+000  0.29524491E-001  0.40482221E+001  0.50947839E+002
 -0.12998381E+000  0.29524049E-001  0.40481996E+001  0.50947868E+002
 -0.12998400E+000  0.29523624E-001  0.40481780E+001  0.50947896E+002
 -0.12998419E+000  0.29523216E-001  0.40481572E+001  0.50947922E+002
 -0.12998438E+000  0.29522824E-001  0.40481372E+001  0.50947948E+002
 -0.12998455E+000  0.29522448E-001  0.40481179E+001  0.50947973E+002
 -0.12998472E+000  0.29522088E-001  0.40480995E+001  0.50947996E+002
 -0.12998488E+000  0.29521742E-001  0.40480818E+001  0.50948019E+002
 -0.12998504E+000  0.29521411E-001  0.40480648E+001  0.50948041E+002
 -0.12998518E+000  0.29521094E-001  0.40480485E+001  0.50948062E+002
 -0.12998532E+000  0.29520791E-001  0.40480329E+001  0.50948082E+002
 -0.12998546E+000  0.29520500E-001  0.40480179E+001  0.50948101E+002
 -0.12998559E+000  0.29520223E-001  0.40480036E+001  0.50948119E+002
 -0.12998571E+000  0.29519957E-001  0.40479899E+001  0.50948137E+002
 -0.12998583E+000  0.29519704E-001  0.40479768E+001  0.50948154E+002
 -0.12998595E+000  0.29519462E-001  0.40479642E+001  0.50948170E+002
 -0.12998605E+000  0.29519232E-001  0.40479523E+001  0.50948185E+002
 -0.12998616E+000  0.29519012E-001  0.40479408E+001  0.50948200E+002
 -0.12998626E+000  0.29518802E-001  0.40479299E+001  0.50948214E+002
 -0.12998635E+000  0.29518603E-001  0.40479195E+001  0.50948227E+002
 -0.12998644E+000  0.29518413E-001  0.40479096E+001  0.50948240E+002
 -0.12998652E+000  0.29518232E-001  0.40479001E+001  0.50948252E+002
 -0.12998660E+000  0.29518060E-001  0.40478911E+001  0.50948263E+002
 -0.12998668E+000  0.29517897E-001  0.40478826E+001  0.50948274E+002
 -0.12998675E+000  0.29517741E-001  0.40478744E+001  0.50948284E+002
 -0.12998682E+000  0.29517594E-001  0.40478667E+001  0.50948294E+002
 -0.12998688E+000  0.29517455E-001  0.40478593E+001  0.50948303E+002
 -0.12998695E+000  0.29517322E-001  0.40478523E+001  0.50948312E+002
 -0.12998700E+000  0.29517197E-001  0.40478457E+001  0.50948321E+002
 -0.12998706E+000  0.29517078E-001  0.40478394E+001  0.50948328E+002
 -0.12998711E+000  0.29516966E-001  0.40478334E+001  0.50948336E+002
 -0.12998716E+000  0.29516860E-001  0.40478277E+001  0.50948343E+002
 -0.12998721E+000  0.29516760E-001  0.40478224E+001  0.50948350E+002
 -0.12998725E+000  0.29516665E-001  0.40478173E+001  0.50948356E+002
 -0.12998729E+000  0.29516576E-001  0.40478126E+001  0.50948362E+002
 -0.12998733E+000  0.29516491E-001  0.40478080E+001  0.50948367E+002
 -0.12998737E+000  0.29516412E-001  0.40478038E+001  0.50948372E+002
 -0.12998740E+000  0.29516338E-001  0.40477998E+001  0.50948377E+002
 -0.12998743E+000  0.29516267E-001  0.40477960E+001  0.50948382E+002
 -0.12998746E+000  0.29516201E-001  0.40477924E+001  0.50948386E+002
 -0.12998749E+000  0.29516139E-001  0.40477890E+001  0.50948390E+002
 -0.12998752E+000  0.29516081E-001  0.40477859E+001  0.50948394E+002
 -0.12998754E+000  0.29516027E-001  0.40477829E+001  0.50948397E+002
 -0.12998756E+000  0.29515976E-001  0.40477801E+001  0.50948401E+002
 -0.12998759E+000  0.29515928E-001  0.40477775E+001  0.50948404E+002
 -0.12998761E+000  0.29515884E-001  0.40477751E+001  0.50948406E+002
 -0.12998762E+000  0.29515842E-001  0.40477728E+001  0.50948409E+002
 -0.12998764E+000  0.29515803E-001  0.40477707E+001  0.50948412E+002
 -0.12998766E+000  0.29515767E-001  0.40477687E+001  0.50948414E+002
 -0.12998767E+000  0.29515734E-001  0.40477668E+001  0.50948416E+002
 -0.12998769E+000  0.29515703E-001  0.40477651E+001  0.50948418E+002
 -0.12998770E+000  0.29515674E-001  0.40477635E+001  0.50948419E+002
 -0.12998771E+000  0.29515648E-001  0.40477620E+001  0.50948421E+002
 -0.12998772E+000  0.29515623E-001  0.40477606E+001  0.50948423E+002
 -0.12998773E+000  0.29515601E-001  0.40477593E+001  0.50948424E+002
 -0.12998774E+000  0.29515581E-001  0.40477582E+001  0.50948425E+002
 -0.12998775E+000  0.29515562E-001  0.40477571E+001  0.50948426E+002
 -0.12998775E+000  0.29515546E-001  0.40477562E+001  0.50948427E+002
 -0.12998776E+000  0.29515531E-001  0.40477553E+001  0.50948428E+002
 -0.12998777E+000  0.29515518E-001  0.40477545E+001  0.50948429E+002
 -0.12998777E+000  0.29515507E-001  0.40477538E+001  0.50948430E+002
 -0.12998777E+000  0.29515497E-001  0.40477533E+001  0.50948431E+002
 -0.12998778E+000  0.29515490E-001  0.40477528E+001  0.50948432E+002
 -0.12998778E+000  0.29515485E-001  0.40477525E+001  0.50948432E+002
 -0.12998777E+000  0.29515483E-001  0.40477523E+001  0.50948433E+002
 -0.12998776E+000  0.29515484E-001  0.40477522E+001  0.50948434E+002
