  0.63807146E+000
  0.63679754E+000
  0.63628278E+000
  0.63587911E+000
  0.63555699E+000
  0.63529483E+000
  0.63507930E+000
  0.63490131E+000
  0.63475270E+000
  0.63462864E+000
  0.63452456E+000
  0.63443684E+000
  0.63436263E+000
  0.63429952E+000
  0.63424450E+000
  0.63419772E+000
  0.63415820E+000
  0.63412467E+000
  0.63409625E+000
  0.63407219E+000
  0.63405188E+000
  0.63403481E+000
  0.63402057E+000
  0.63400878E+000
  0.63399915E+000
  0.63399140E+000
  0.63398531E+000
  0.63398067E+000
  0.63397728E+000
  0.63397499E+000
  0.63397364E+000
  0.63397310E+000
  0.63397323E+000
  0.63397393E+000
  0.63397509E+000
  0.63397662E+000
  0.63397843E+000
  0.63398046E+000
  0.63398264E+000
  0.63398493E+000
  0.63398728E+000
  0.63398965E+000
  0.63399202E+000
  0.63399437E+000
  0.63399669E+000
  0.63399895E+000
  0.63400117E+000
  0.63400333E+000
  0.63400544E+000
  0.63400749E+000
  0.63400949E+000
  0.63401143E+000
  0.63401333E+000
  0.63401518E+000
  0.63401699E+000
  0.63401875E+000
  0.63402046E+000
  0.63402213E+000
  0.63402376E+000
  0.63402535E+000
  0.63402689E+000
  0.63402840E+000
  0.63402988E+000
  0.63403132E+000
  0.63403273E+000
  0.63403411E+000
  0.63403546E+000
  0.63403676E+000
  0.63403801E+000
  0.63403922E+000
  0.63404036E+000
  0.63404144E+000
  0.63404247E+000
  0.63404343E+000
  0.63404434E+000
  0.63404521E+000
  0.63404604E+000
  0.63404684E+000
  0.63404761E+000
  0.63404832E+000
  0.63404899E+000
  0.63404962E+000
  0.63405021E+000
  0.63405077E+000
  0.63405129E+000
  0.63405177E+000
  0.63405222E+000
  0.63405264E+000
  0.63405303E+000
  0.63405339E+000
  0.63405372E+000
  0.63405402E+000
  0.63405430E+000
  0.63405456E+000
  0.63405480E+000
  0.63405502E+000
  0.63405522E+000
  0.63405541E+000
  0.63405557E+000
  0.63405573E+000
  0.63405587E+000
  0.63405601E+000
  0.63405613E+000
  0.63405624E+000
  0.63405635E+000
  0.63405645E+000
  0.63405654E+000
  0.63405663E+000
  0.63405671E+000
  0.63405680E+000
  0.63405687E+000
  0.63405695E+000
  0.63405702E+000
  0.63405709E+000
  0.63405716E+000
  0.63405723E+000
  0.63405729E+000
  0.63405736E+000
  0.63405743E+000
  0.63405749E+000
  0.63405755E+000
  0.63405762E+000
  0.63405768E+000
  0.63405774E+000
  0.63405780E+000
  0.63405786E+000
  0.63405792E+000
  0.63405798E+000
  0.63405804E+000
  0.63405809E+000
  0.63405815E+000
  0.63405820E+000
  0.63405826E+000
  0.63405831E+000
  0.63405836E+000
  0.63405841E+000
  0.63405846E+000
  0.63405851E+000
  0.63405856E+000
  0.63405860E+000
  0.63405865E+000
  0.63405869E+000
  0.63405873E+000
  0.63405877E+000
  0.63405881E+000
  0.63405885E+000
  0.63405889E+000
  0.63405893E+000
  0.63405896E+000
  0.63405900E+000
  0.63405903E+000
  0.63405906E+000
  0.63405909E+000
  0.63405912E+000
  0.63405915E+000
  0.63405918E+000
  0.63405921E+000
  0.63405923E+000
  0.63405926E+000
  0.63405928E+000
  0.63405930E+000
  0.63405933E+000
  0.63405935E+000
  0.63405937E+000
  0.63405939E+000
  0.63405941E+000
  0.63405943E+000
  0.63405944E+000
  0.63405946E+000
  0.63405948E+000
  0.63405949E+000
  0.63405951E+000
  0.63405952E+000
  0.63405953E+000
  0.63405955E+000
  0.63405956E+000
  0.63405957E+000
  0.63405958E+000
  0.63405959E+000
  0.63405960E+000
  0.63405961E+000
  0.63405962E+000
  0.63405963E+000
  0.63405964E+000
  0.63405964E+000
  0.63405965E+000
  0.63405966E+000
  0.63405966E+000
  0.63405967E+000
  0.63405968E+000
  0.63405968E+000
  0.63405969E+000
  0.63405969E+000
  0.63405970E+000
  0.63405970E+000
  0.63405971E+000
  0.63405971E+000
  0.63405972E+000
  0.63405972E+000
  0.63405973E+000
