  0.83493485E+000
  0.82997041E+000
  0.82721771E+000
  0.82516049E+000
  0.82350489E+000
  0.82214345E+000
  0.82101472E+000
  0.82007338E+000
  0.81928447E+000
  0.81862023E+000
  0.81805864E+000
  0.81758197E+000
  0.81717591E+000
  0.81682888E+000
  0.81653148E+000
  0.81627601E+000
  0.81605613E+000
  0.81586666E+000
  0.81570326E+000
  0.81556230E+000
  0.81544059E+000
  0.81533559E+000
  0.81524536E+000
  0.81516807E+000
  0.81510213E+000
  0.81504613E+000
  0.81499887E+000
  0.81495909E+000
  0.81492599E+000
  0.81489879E+000
  0.81487667E+000
  0.81485890E+000
  0.81484481E+000
  0.81483381E+000
  0.81482537E+000
  0.81481902E+000
  0.81481435E+000
  0.81481100E+000
  0.81480866E+000
  0.81480706E+000
  0.81480599E+000
  0.81480527E+000
  0.81480476E+000
  0.81480436E+000
  0.81480397E+000
  0.81480355E+000
  0.81480305E+000
  0.81480247E+000
  0.81480177E+000
  0.81480098E+000
  0.81480010E+000
  0.81479913E+000
  0.81479811E+000
  0.81479703E+000
  0.81479593E+000
  0.81479481E+000
  0.81479368E+000
  0.81479257E+000
  0.81479148E+000
  0.81479042E+000
  0.81478939E+000
  0.81478841E+000
  0.81478746E+000
  0.81478657E+000
  0.81478572E+000
  0.81478493E+000
  0.81478418E+000
  0.81478348E+000
  0.81478283E+000
  0.81478223E+000
  0.81478168E+000
  0.81478118E+000
  0.81478072E+000
  0.81478030E+000
  0.81477993E+000
  0.81477960E+000
  0.81477931E+000
  0.81477906E+000
  0.81477885E+000
  0.81477868E+000
  0.81477853E+000
  0.81477842E+000
  0.81477834E+000
  0.81477829E+000
  0.81477827E+000
  0.81477827E+000
  0.81477829E+000
  0.81477833E+000
  0.81477839E+000
  0.81477847E+000
  0.81477857E+000
  0.81477867E+000
  0.81477880E+000
  0.81477893E+000
  0.81477907E+000
  0.81477922E+000
  0.81477937E+000
  0.81477953E+000
  0.81477970E+000
  0.81477987E+000
  0.81478004E+000
  0.81478022E+000
  0.81478039E+000
  0.81478057E+000
  0.81478075E+000
  0.81478092E+000
  0.81478110E+000
  0.81478128E+000
  0.81478145E+000
  0.81478162E+000
  0.81478179E+000
  0.81478196E+000
  0.81478212E+000
  0.81478228E+000
  0.81478244E+000
  0.81478259E+000
  0.81478275E+000
  0.81478290E+000
  0.81478304E+000
  0.81478318E+000
  0.81478332E+000
  0.81478346E+000
  0.81478359E+000
  0.81478372E+000
  0.81478384E+000
  0.81478396E+000
  0.81478408E+000
  0.81478420E+000
  0.81478431E+000
  0.81478442E+000
  0.81478452E+000
  0.81478462E+000
  0.81478472E+000
  0.81478482E+000
  0.81478491E+000
  0.81478500E+000
  0.81478509E+000
  0.81478517E+000
  0.81478525E+000
  0.81478533E+000
  0.81478541E+000
  0.81478548E+000
  0.81478555E+000
  0.81478562E+000
  0.81478569E+000
  0.81478575E+000
  0.81478581E+000
  0.81478587E+000
  0.81478593E+000
  0.81478598E+000
  0.81478604E+000
  0.81478609E+000
  0.81478614E+000
  0.81478618E+000
  0.81478623E+000
  0.81478627E+000
  0.81478631E+000
  0.81478635E+000
  0.81478639E+000
  0.81478643E+000
  0.81478646E+000
  0.81478650E+000
  0.81478653E+000
  0.81478656E+000
  0.81478659E+000
  0.81478662E+000
  0.81478664E+000
  0.81478667E+000
  0.81478669E+000
  0.81478672E+000
  0.81478674E+000
  0.81478676E+000
  0.81478678E+000
  0.81478680E+000
  0.81478681E+000
  0.81478683E+000
  0.81478685E+000
  0.81478686E+000
  0.81478688E+000
  0.81478689E+000
  0.81478691E+000
  0.81478692E+000
  0.81478693E+000
  0.81478694E+000
  0.81478695E+000
  0.81478696E+000
  0.81478697E+000
  0.81478698E+000
  0.81478699E+000
  0.81478700E+000
  0.81478700E+000
  0.81478701E+000
  0.81478702E+000
  0.81478702E+000
  0.81478703E+000
  0.81478704E+000
  0.81478705E+000
  0.81478706E+000
  0.81478707E+000
  0.81478709E+000
