  0.18575134E+001
  0.18513487E+001
  0.18478960E+001
  0.18453087E+001
  0.18432190E+001
  0.18414931E+001
  0.18400561E+001
  0.18388527E+001
  0.18378400E+001
  0.18369840E+001
  0.18362574E+001
  0.18356381E+001
  0.18351085E+001
  0.18346539E+001
  0.18342625E+001
  0.18339248E+001
  0.18336326E+001
  0.18333795E+001
  0.18331600E+001
  0.18329693E+001
  0.18328035E+001
  0.18326593E+001
  0.18325342E+001
  0.18324259E+001
  0.18323323E+001
  0.18322518E+001
  0.18321827E+001
  0.18321233E+001
  0.18320727E+001
  0.18320300E+001
  0.18319940E+001
  0.18319638E+001
  0.18319385E+001
  0.18319174E+001
  0.18318998E+001
  0.18318850E+001
  0.18318726E+001
  0.18318621E+001
  0.18318530E+001
  0.18318450E+001
  0.18318378E+001
  0.18318313E+001
  0.18318251E+001
  0.18318192E+001
  0.18318134E+001
  0.18318077E+001
  0.18318020E+001
  0.18317963E+001
  0.18317906E+001
  0.18317848E+001
  0.18317790E+001
  0.18317733E+001
  0.18317675E+001
  0.18317619E+001
  0.18317562E+001
  0.18317507E+001
  0.18317453E+001
  0.18317401E+001
  0.18317350E+001
  0.18317300E+001
  0.18317252E+001
  0.18317207E+001
  0.18317162E+001
  0.18317120E+001
  0.18317080E+001
  0.18317041E+001
  0.18317005E+001
  0.18316970E+001
  0.18316937E+001
  0.18316906E+001
  0.18316877E+001
  0.18316849E+001
  0.18316824E+001
  0.18316799E+001
  0.18316777E+001
  0.18316756E+001
  0.18316736E+001
  0.18316718E+001
  0.18316701E+001
  0.18316686E+001
  0.18316672E+001
  0.18316659E+001
  0.18316647E+001
  0.18316636E+001
  0.18316626E+001
  0.18316617E+001
  0.18316609E+001
  0.18316602E+001
  0.18316595E+001
  0.18316590E+001
  0.18316584E+001
  0.18316580E+001
  0.18316575E+001
  0.18316572E+001
  0.18316568E+001
  0.18316565E+001
  0.18316563E+001
  0.18316561E+001
  0.18316558E+001
  0.18316557E+001
  0.18316555E+001
  0.18316554E+001
  0.18316553E+001
  0.18316551E+001
  0.18316550E+001
  0.18316550E+001
  0.18316549E+001
  0.18316548E+001
  0.18316548E+001
  0.18316547E+001
  0.18316547E+001
  0.18316546E+001
  0.18316546E+001
  0.18316545E+001
  0.18316545E+001
  0.18316545E+001
  0.18316544E+001
  0.18316544E+001
  0.18316544E+001
  0.18316544E+001
  0.18316543E+001
  0.18316543E+001
  0.18316543E+001
  0.18316543E+001
  0.18316542E+001
  0.18316542E+001
  0.18316542E+001
  0.18316542E+001
  0.18316542E+001
  0.18316541E+001
  0.18316541E+001
  0.18316541E+001
  0.18316541E+001
  0.18316541E+001
  0.18316540E+001
  0.18316540E+001
  0.18316540E+001
  0.18316540E+001
  0.18316540E+001
  0.18316539E+001
  0.18316539E+001
  0.18316539E+001
  0.18316539E+001
  0.18316539E+001
  0.18316539E+001
  0.18316538E+001
  0.18316538E+001
  0.18316538E+001
  0.18316538E+001
  0.18316538E+001
  0.18316538E+001
  0.18316537E+001
  0.18316537E+001
  0.18316537E+001
  0.18316537E+001
  0.18316537E+001
  0.18316537E+001
  0.18316537E+001
  0.18316536E+001
  0.18316536E+001
  0.18316536E+001
  0.18316536E+001
  0.18316536E+001
  0.18316536E+001
  0.18316536E+001
  0.18316536E+001
  0.18316535E+001
  0.18316535E+001
  0.18316535E+001
  0.18316535E+001
  0.18316535E+001
  0.18316535E+001
  0.18316535E+001
  0.18316535E+001
  0.18316535E+001
  0.18316535E+001
  0.18316535E+001
  0.18316534E+001
  0.18316534E+001
  0.18316534E+001
  0.18316534E+001
  0.18316534E+001
  0.18316534E+001
  0.18316534E+001
  0.18316534E+001
  0.18316534E+001
  0.18316534E+001
  0.18316534E+001
  0.18316534E+001
  0.18316534E+001
  0.18316534E+001
  0.18316534E+001
  0.18316533E+001
  0.18316533E+001
  0.18316533E+001
  0.18316533E+001
  0.18316533E+001
  0.18316533E+001
  0.18316533E+001
  0.18316533E+001
