  0.46832715E+000
  0.48522271E+000
  0.48324420E+000
  0.47877686E+000
  0.47539972E+000
  0.47311537E+000
  0.47171732E+000
  0.47098319E+000
  0.47076071E+000
  0.47057349E+000
  0.47040820E+000
  0.47026431E+000
  0.47014046E+000
  0.47003310E+000
  0.46993958E+000
  0.46988096E+000
  0.46985472E+000
  0.46985583E+000
  0.46987499E+000
  0.46990515E+000
  0.46994120E+000
  0.46997945E+000
  0.47001722E+000
  0.47005265E+000
  0.47008447E+000
  0.47011184E+000
  0.47013426E+000
  0.47015149E+000
  0.47016346E+000
  0.47017026E+000
  0.47017207E+000
  0.47016916E+000
  0.47016184E+000
  0.47015045E+000
  0.47013536E+000
  0.47011695E+000
  0.47009561E+000
  0.47007169E+000
  0.47004556E+000
  0.47001754E+000
  0.46998796E+000
  0.46995708E+000
  0.46992515E+000
  0.46989238E+000
  0.46985896E+000
  0.46982503E+000
  0.46979071E+000
  0.46975608E+000
  0.46972121E+000
  0.46968615E+000
  0.46965091E+000
  0.46961551E+000
  0.46957996E+000
  0.46954425E+000
  0.46950839E+000
  0.46947236E+000
  0.46943618E+000
  0.46939985E+000
  0.46936337E+000
  0.46932679E+000
  0.46929012E+000
  0.46925340E+000
  0.46921669E+000
  0.46918002E+000
  0.46914346E+000
  0.46910706E+000
  0.46907090E+000
  0.46903503E+000
  0.46899952E+000
  0.46896444E+000
  0.46892986E+000
  0.46889582E+000
  0.46886236E+000
  0.46882954E+000
  0.46879738E+000
  0.46876592E+000
  0.46873519E+000
  0.46870525E+000
  0.46867793E+000
  0.46865457E+000
  0.46863335E+000
  0.46861343E+000
  0.46859446E+000
  0.46857631E+000
  0.46855892E+000
  0.46854229E+000
  0.46852641E+000
  0.46851129E+000
  0.46849692E+000
  0.46848331E+000
  0.46847045E+000
  0.46845834E+000
  0.46844696E+000
  0.46843630E+000
  0.46842635E+000
  0.46841709E+000
  0.46840850E+000
  0.46840055E+000
  0.46839323E+000
  0.46838649E+000
  0.46838033E+000
  0.46837470E+000
  0.46836958E+000
  0.46836494E+000
  0.46836074E+000
  0.46835697E+000
  0.46835358E+000
  0.46835055E+000
  0.46834785E+000
  0.46834545E+000
  0.46834333E+000
  0.46834146E+000
  0.46833982E+000
  0.46833837E+000
  0.46833711E+000
  0.46833601E+000
  0.46833506E+000
  0.46833423E+000
  0.46833351E+000
  0.46833289E+000
  0.46833236E+000
  0.46833190E+000
  0.46833150E+000
  0.46833115E+000
  0.46833085E+000
  0.46833059E+000
  0.46833037E+000
  0.46833017E+000
  0.46832999E+000
  0.46832983E+000
  0.46832969E+000
  0.46832957E+000
  0.46832945E+000
  0.46832935E+000
  0.46832925E+000
  0.46832916E+000
  0.46832907E+000
  0.46832899E+000
  0.46832891E+000
  0.46832883E+000
  0.46832876E+000
  0.46832869E+000
  0.46832863E+000
  0.46832856E+000
  0.46832850E+000
  0.46832844E+000
  0.46832838E+000
  0.46832832E+000
  0.46832827E+000
  0.46832822E+000
  0.46832816E+000
  0.46832811E+000
  0.46832806E+000
  0.46832802E+000
  0.46832797E+000
  0.46832793E+000
  0.46832788E+000
  0.46832784E+000
  0.46832780E+000
  0.46832777E+000
  0.46832773E+000
  0.46832769E+000
  0.46832766E+000
  0.46832763E+000
  0.46832760E+000
  0.46832757E+000
  0.46832754E+000
  0.46832751E+000
  0.46832748E+000
  0.46832746E+000
  0.46832744E+000
  0.46832741E+000
  0.46832739E+000
  0.46832737E+000
  0.46832735E+000
  0.46832733E+000
  0.46832732E+000
  0.46832730E+000
  0.46832728E+000
  0.46832727E+000
  0.46832725E+000
  0.46832724E+000
  0.46832723E+000
  0.46832722E+000
  0.46832721E+000
  0.46832720E+000
  0.46832719E+000
  0.46832718E+000
  0.46832717E+000
  0.46832716E+000
  0.46832715E+000
  0.46832714E+000
  0.46832714E+000
  0.46832713E+000
  0.46832712E+000
  0.46832712E+000
  0.46832711E+000
  0.46832710E+000
  0.46832711E+000
  0.46832718E+000
