  0.77248832E-001
  0.24783111E-001
  0.43998096E-001
  0.37158674E-001
  0.46318888E-001
  0.52563261E-001
  0.65775496E-001
  0.69553317E-001
  0.72175152E-001
  0.73938461E-001
  0.75105075E-001
  0.75949896E-001
  0.76453833E-001
  0.76815686E-001
  0.77068321E-001
  0.77244073E-001
  0.77331958E-001
  0.77355491E-001
  0.77378698E-001
  0.77380139E-001
  0.77375787E-001
  0.77375223E-001
  0.77340089E-001
  0.77307482E-001
  0.77288720E-001
  0.77274037E-001
  0.77264284E-001
  0.77260466E-001
  0.77260004E-001
  0.77260970E-001
  0.77263028E-001
  0.77266263E-001
  0.77269921E-001
  0.77274015E-001
  0.77278550E-001
  0.77283130E-001
  0.77287930E-001
  0.77292631E-001
  0.77296254E-001
  0.77298822E-001
  0.77301099E-001
  0.77304202E-001
  0.77306769E-001
  0.77309363E-001
  0.77311926E-001
  0.77314054E-001
  0.77316175E-001
  0.77317785E-001
  0.77319177E-001
  0.77320359E-001
  0.77320846E-001
  0.77321419E-001
  0.77321555E-001
  0.77321325E-001
  0.77320897E-001
  0.77320170E-001
  0.77319279E-001
  0.77318102E-001
  0.77316808E-001
  0.77315385E-001
  0.77313709E-001
  0.77312036E-001
  0.77310257E-001
  0.77308339E-001
  0.77306483E-001
  0.77304506E-001
  0.77302547E-001
  0.77300617E-001
  0.77298706E-001
  0.77296802E-001
  0.77294971E-001
  0.77293179E-001
  0.77291482E-001
  0.77289849E-001
  0.77288276E-001
  0.77286790E-001
  0.77285438E-001
  0.77284126E-001
  0.77282919E-001
  0.77281810E-001
  0.77280765E-001
  0.77279846E-001
  0.77278962E-001
  0.77278186E-001
  0.77277483E-001
  0.77276842E-001
  0.77276279E-001
  0.77275766E-001
  0.77275319E-001
  0.77274929E-001
  0.77274606E-001
  0.77274301E-001
  0.77274068E-001
  0.77273856E-001
  0.77273701E-001
  0.77273577E-001
  0.77273476E-001
  0.77273423E-001
  0.77273375E-001
  0.77273358E-001
  0.77273359E-001
  0.77273397E-001
  0.77273434E-001
  0.77273498E-001
  0.77273575E-001
  0.77273657E-001
  0.77273739E-001
  0.77273829E-001
  0.77273938E-001
  0.77274039E-001
  0.77274144E-001
  0.77274250E-001
  0.77274354E-001
  0.77274460E-001
  0.77274561E-001
  0.77274671E-001
  0.77274754E-001
  0.77274844E-001
  0.77274923E-001
  0.77275006E-001
  0.77275079E-001
  0.77275138E-001
  0.77275185E-001
  0.77275243E-001
  0.77275284E-001
  0.77275332E-001
  0.77275351E-001
  0.77275378E-001
  0.77275390E-001
  0.77275407E-001
  0.77275420E-001
  0.77275425E-001
  0.77275419E-001
  0.77275416E-001
  0.77275400E-001
  0.77275379E-001
  0.77275361E-001
  0.77275337E-001
  0.77275321E-001
  0.77275289E-001
  0.77275254E-001
  0.77275221E-001
  0.77275182E-001
  0.77275155E-001
  0.77275104E-001
  0.77275072E-001
  0.77275030E-001
  0.77274977E-001
  0.77274936E-001
  0.77274888E-001
  0.77274852E-001
  0.77274797E-001
  0.77274754E-001
  0.77274721E-001
  0.77274677E-001
  0.77274630E-001
  0.77274577E-001
  0.77274536E-001
  0.77274486E-001
  0.77274443E-001
  0.77274398E-001
  0.77274357E-001
  0.77274307E-001
  0.77274267E-001
  0.77274227E-001
  0.77274194E-001
  0.77274152E-001
  0.77274109E-001
  0.77274081E-001
  0.77274045E-001
  0.77274021E-001
  0.77273979E-001
  0.77273948E-001
  0.77273916E-001
  0.77273889E-001
  0.77273868E-001
  0.77273837E-001
  0.77273807E-001
  0.77273785E-001
  0.77273768E-001
  0.77273742E-001
  0.77273730E-001
  0.77273705E-001
  0.77273684E-001
  0.77273673E-001
  0.77273662E-001
  0.77273638E-001
  0.77273629E-001
  0.77273625E-001
  0.77273616E-001
  0.77273605E-001
  0.77273594E-001
  0.77273583E-001
  0.77273576E-001
  0.77273577E-001
  0.77273567E-001
  0.77273570E-001
  0.77273568E-001
  0.77273563E-001
  0.77273569E-001
