  0.12840178E+000
  0.12493104E+000
  0.12356439E+000
  0.12359533E+000
  0.12405312E+000
  0.12445138E+000
  0.12477150E+000
  0.12506165E+000
  0.12533437E+000
  0.12559144E+000
  0.12583393E+000
  0.12605943E+000
  0.12626697E+000
  0.12645637E+000
  0.12662641E+000
  0.12678650E+000
  0.12693469E+000
  0.12707202E+000
  0.12719783E+000
  0.12731265E+000
  0.12741723E+000
  0.12751234E+000
  0.12759876E+000
  0.12767722E+000
  0.12774840E+000
  0.12781290E+000
  0.12787130E+000
  0.12792410E+000
  0.12797177E+000
  0.12801476E+000
  0.12805348E+000
  0.12808829E+000
  0.12811954E+000
  0.12814756E+000
  0.12817263E+000
  0.12819505E+000
  0.12821507E+000
  0.12823294E+000
  0.12824887E+000
  0.12826308E+000
  0.12827574E+000
  0.12828703E+000
  0.12829711E+000
  0.12830610E+000
  0.12831414E+000
  0.12832134E+000
  0.12832778E+000
  0.12833355E+000
  0.12833874E+000
  0.12834339E+000
  0.12834757E+000
  0.12835132E+000
  0.12835469E+000
  0.12835772E+000
  0.12836044E+000
  0.12836288E+000
  0.12836509E+000
  0.12836709E+000
  0.12836890E+000
  0.12837052E+000
  0.12837200E+000
  0.12837334E+000
  0.12837457E+000
  0.12837570E+000
  0.12837674E+000
  0.12837770E+000
  0.12837860E+000
  0.12837944E+000
  0.12838022E+000
  0.12838094E+000
  0.12838163E+000
  0.12838228E+000
  0.12838290E+000
  0.12838348E+000
  0.12838404E+000
  0.12838457E+000
  0.12838508E+000
  0.12838557E+000
  0.12838603E+000
  0.12838648E+000
  0.12838690E+000
  0.12838731E+000
  0.12838771E+000
  0.12838809E+000
  0.12838846E+000
  0.12838882E+000
  0.12838917E+000
  0.12838951E+000
  0.12838985E+000
  0.12839018E+000
  0.12839051E+000
  0.12839084E+000
  0.12839116E+000
  0.12839149E+000
  0.12839182E+000
  0.12839216E+000
  0.12839249E+000
  0.12839283E+000
  0.12839318E+000
  0.12839353E+000
  0.12839388E+000
  0.12839424E+000
  0.12839460E+000
  0.12839495E+000
  0.12839531E+000
  0.12839567E+000
  0.12839602E+000
  0.12839637E+000
  0.12839672E+000
  0.12839706E+000
  0.12839739E+000
  0.12839772E+000
  0.12839804E+000
  0.12839835E+000
  0.12839865E+000
  0.12839894E+000
  0.12839923E+000
  0.12839951E+000
  0.12839978E+000
  0.12840004E+000
  0.12840030E+000
  0.12840056E+000
  0.12840080E+000
  0.12840104E+000
  0.12840128E+000
  0.12840151E+000
  0.12840173E+000
  0.12840195E+000
  0.12840215E+000
  0.12840235E+000
  0.12840254E+000
  0.12840272E+000
  0.12840289E+000
  0.12840305E+000
  0.12840319E+000
  0.12840333E+000
  0.12840345E+000
  0.12840356E+000
  0.12840365E+000
  0.12840374E+000
  0.12840380E+000
  0.12840386E+000
  0.12840390E+000
  0.12840393E+000
  0.12840395E+000
  0.12840395E+000
  0.12840395E+000
  0.12840393E+000
  0.12840389E+000
  0.12840385E+000
  0.12840379E+000
  0.12840372E+000
  0.12840364E+000
  0.12840355E+000
  0.12840345E+000
  0.12840334E+000
  0.12840322E+000
  0.12840309E+000
  0.12840296E+000
  0.12840281E+000
  0.12840267E+000
  0.12840251E+000
  0.12840236E+000
  0.12840220E+000
  0.12840205E+000
  0.12840189E+000
  0.12840174E+000
  0.12840159E+000
  0.12840145E+000
  0.12840131E+000
  0.12840119E+000
  0.12840107E+000
  0.12840097E+000
  0.12840087E+000
  0.12840079E+000
  0.12840072E+000
  0.12840066E+000
  0.12840062E+000
  0.12840059E+000
  0.12840058E+000
  0.12840057E+000
  0.12840058E+000
  0.12840060E+000
  0.12840063E+000
  0.12840068E+000
  0.12840073E+000
  0.12840079E+000
  0.12840085E+000
  0.12840092E+000
  0.12840100E+000
  0.12840107E+000
  0.12840115E+000
  0.12840124E+000
  0.12840134E+000
  0.12840144E+000
  0.12840153E+000
  0.12840158E+000
  0.12840155E+000
  0.12840147E+000
  0.12840158E+000
