  0.51652327E+000
  0.51650055E+000
  0.51648111E+000
  0.51646456E+000
  0.51645054E+000
  0.51643875E+000
  0.51642897E+000
  0.51642079E+000
  0.51641398E+000
  0.51640832E+000
  0.51640364E+000
  0.51639980E+000
  0.51639667E+000
  0.51639416E+000
  0.51639219E+000
  0.51639067E+000
  0.51638956E+000
  0.51638879E+000
  0.51638833E+000
  0.51638814E+000
  0.51638818E+000
  0.51638843E+000
  0.51638886E+000
  0.51638946E+000
  0.51639020E+000
  0.51639108E+000
  0.51639207E+000
  0.51639318E+000
  0.51639439E+000
  0.51639569E+000
  0.51639707E+000
  0.51639853E+000
  0.51640007E+000
  0.51640168E+000
  0.51640336E+000
  0.51640510E+000
  0.51640690E+000
  0.51640876E+000
  0.51641067E+000
  0.51641263E+000
  0.51641465E+000
  0.51641672E+000
  0.51641883E+000
  0.51642098E+000
  0.51642317E+000
  0.51642540E+000
  0.51642766E+000
  0.51642996E+000
  0.51643228E+000
  0.51643462E+000
  0.51643699E+000
  0.51643936E+000
  0.51644175E+000
  0.51644414E+000
  0.51644653E+000
  0.51644891E+000
  0.51645128E+000
  0.51645363E+000
  0.51645596E+000
  0.51645826E+000
  0.51646052E+000
  0.51646273E+000
  0.51646490E+000
  0.51646701E+000
  0.51646906E+000
  0.51647105E+000
  0.51647295E+000
  0.51647478E+000
  0.51647653E+000
  0.51647818E+000
  0.51647974E+000
  0.51648120E+000
  0.51648256E+000
  0.51648381E+000
  0.51648495E+000
  0.51648597E+000
  0.51648688E+000
  0.51648767E+000
  0.51648834E+000
  0.51648889E+000
  0.51648932E+000
  0.51648963E+000
  0.51648982E+000
  0.51648989E+000
  0.51648985E+000
  0.51648969E+000
  0.51648942E+000
  0.51648904E+000
  0.51648856E+000
  0.51648798E+000
  0.51648730E+000
  0.51648654E+000
  0.51648568E+000
  0.51648476E+000
  0.51648375E+000
  0.51648269E+000
  0.51648156E+000
  0.51648038E+000
  0.51647916E+000
  0.51647790E+000
  0.51647661E+000
  0.51647530E+000
  0.51647397E+000
  0.51647263E+000
  0.51647129E+000
  0.51646996E+000
  0.51646864E+000
  0.51646734E+000
  0.51646607E+000
  0.51646483E+000
  0.51646363E+000
  0.51646248E+000
  0.51646137E+000
  0.51646032E+000
  0.51645933E+000
  0.51645841E+000
  0.51645755E+000
  0.51645676E+000
  0.51645604E+000
  0.51645540E+000
  0.51645484E+000
  0.51645435E+000
  0.51645394E+000
  0.51645361E+000
  0.51645336E+000
  0.51645318E+000
  0.51645308E+000
  0.51645305E+000
  0.51645309E+000
  0.51645319E+000
  0.51645337E+000
  0.51645360E+000
  0.51645389E+000
  0.51645423E+000
  0.51645462E+000
  0.51645505E+000
  0.51645552E+000
  0.51645603E+000
  0.51645657E+000
  0.51645713E+000
  0.51645772E+000
  0.51645832E+000
  0.51645893E+000
  0.51645955E+000
  0.51646017E+000
  0.51646080E+000
  0.51646141E+000
  0.51646202E+000
  0.51646261E+000
  0.51646318E+000
  0.51646374E+000
  0.51646427E+000
  0.51646477E+000
  0.51646524E+000
  0.51646568E+000
  0.51646609E+000
  0.51646646E+000
  0.51646679E+000
  0.51646707E+000
  0.51646732E+000
  0.51646752E+000
  0.51646768E+000
  0.51646780E+000
  0.51646788E+000
  0.51646791E+000
  0.51646790E+000
  0.51646786E+000
  0.51646777E+000
  0.51646765E+000
  0.51646750E+000
  0.51646732E+000
  0.51646711E+000
  0.51646688E+000
  0.51646663E+000
  0.51646637E+000
  0.51646609E+000
  0.51646580E+000
  0.51646550E+000
  0.51646521E+000
  0.51646492E+000
  0.51646463E+000
  0.51646435E+000
  0.51646409E+000
  0.51646383E+000
  0.51646360E+000
  0.51646339E+000
  0.51646319E+000
  0.51646302E+000
  0.51646288E+000
  0.51646276E+000
  0.51646266E+000
  0.51646259E+000
  0.51646255E+000
  0.51646253E+000
  0.51646253E+000
  0.51646256E+000
  0.51646261E+000
  0.51646268E+000
  0.51646277E+000
  0.51646287E+000
