  0.51608519E+000
  0.51606305E+000
  0.51604431E+000
  0.51602854E+000
  0.51601530E+000
  0.51600419E+000
  0.51599488E+000
  0.51598710E+000
  0.51598064E+000
  0.51597528E+000
  0.51597087E+000
  0.51596728E+000
  0.51596438E+000
  0.51596209E+000
  0.51596030E+000
  0.51595897E+000
  0.51595801E+000
  0.51595739E+000
  0.51595705E+000
  0.51595697E+000
  0.51595711E+000
  0.51595745E+000
  0.51595795E+000
  0.51595861E+000
  0.51595941E+000
  0.51596032E+000
  0.51596135E+000
  0.51596247E+000
  0.51596369E+000
  0.51596499E+000
  0.51596637E+000
  0.51596783E+000
  0.51596935E+000
  0.51597093E+000
  0.51597257E+000
  0.51597428E+000
  0.51597603E+000
  0.51597784E+000
  0.51597970E+000
  0.51598161E+000
  0.51598356E+000
  0.51598556E+000
  0.51598760E+000
  0.51598967E+000
  0.51599179E+000
  0.51599394E+000
  0.51599612E+000
  0.51599832E+000
  0.51600055E+000
  0.51600280E+000
  0.51600507E+000
  0.51600735E+000
  0.51600964E+000
  0.51601192E+000
  0.51601421E+000
  0.51601648E+000
  0.51601874E+000
  0.51602098E+000
  0.51602320E+000
  0.51602538E+000
  0.51602753E+000
  0.51602963E+000
  0.51603167E+000
  0.51603367E+000
  0.51603560E+000
  0.51603746E+000
  0.51603924E+000
  0.51604095E+000
  0.51604257E+000
  0.51604410E+000
  0.51604554E+000
  0.51604687E+000
  0.51604810E+000
  0.51604923E+000
  0.51605024E+000
  0.51605114E+000
  0.51605192E+000
  0.51605259E+000
  0.51605314E+000
  0.51605356E+000
  0.51605387E+000
  0.51605406E+000
  0.51605413E+000
  0.51605408E+000
  0.51605391E+000
  0.51605363E+000
  0.51605325E+000
  0.51605275E+000
  0.51605215E+000
  0.51605146E+000
  0.51605067E+000
  0.51604979E+000
  0.51604883E+000
  0.51604779E+000
  0.51604669E+000
  0.51604551E+000
  0.51604428E+000
  0.51604301E+000
  0.51604168E+000
  0.51604033E+000
  0.51603894E+000
  0.51603753E+000
  0.51603611E+000
  0.51603468E+000
  0.51603326E+000
  0.51603184E+000
  0.51603044E+000
  0.51602906E+000
  0.51602771E+000
  0.51602640E+000
  0.51602512E+000
  0.51602390E+000
  0.51602273E+000
  0.51602161E+000
  0.51602056E+000
  0.51601957E+000
  0.51601866E+000
  0.51601782E+000
  0.51601705E+000
  0.51601636E+000
  0.51601576E+000
  0.51601523E+000
  0.51601478E+000
  0.51601442E+000
  0.51601414E+000
  0.51601393E+000
  0.51601381E+000
  0.51601376E+000
  0.51601379E+000
  0.51601389E+000
  0.51601406E+000
  0.51601429E+000
  0.51601459E+000
  0.51601494E+000
  0.51601535E+000
  0.51601580E+000
  0.51601630E+000
  0.51601684E+000
  0.51601741E+000
  0.51601802E+000
  0.51601865E+000
  0.51601930E+000
  0.51601997E+000
  0.51602064E+000
  0.51602133E+000
  0.51602201E+000
  0.51602269E+000
  0.51602336E+000
  0.51602402E+000
  0.51602467E+000
  0.51602529E+000
  0.51602589E+000
  0.51602646E+000
  0.51602699E+000
  0.51602749E+000
  0.51602796E+000
  0.51602838E+000
  0.51602876E+000
  0.51602909E+000
  0.51602938E+000
  0.51602962E+000
  0.51602981E+000
  0.51602995E+000
  0.51603005E+000
  0.51603009E+000
  0.51603010E+000
  0.51603005E+000
  0.51602997E+000
  0.51602984E+000
  0.51602968E+000
  0.51602948E+000
  0.51602925E+000
  0.51602900E+000
  0.51602872E+000
  0.51602842E+000
  0.51602811E+000
  0.51602778E+000
  0.51602746E+000
  0.51602712E+000
  0.51602680E+000
  0.51602647E+000
  0.51602616E+000
  0.51602586E+000
  0.51602557E+000
  0.51602531E+000
  0.51602507E+000
  0.51602485E+000
  0.51602466E+000
  0.51602449E+000
  0.51602435E+000
  0.51602424E+000
  0.51602416E+000
  0.51602411E+000
  0.51602409E+000
  0.51602409E+000
  0.51602412E+000
  0.51602417E+000
  0.51602425E+000
  0.51602435E+000
  0.51602446E+000
