  0.46132405E+000
  0.46029183E+000
  0.45933088E+000
  0.45872892E+000
  0.45841932E+000
  0.45830328E+000
  0.45830334E+000
  0.45837580E+000
  0.45849243E+000
  0.45863751E+000
  0.45880092E+000
  0.45897135E+000
  0.45914233E+000
  0.45931132E+000
  0.45947556E+000
  0.45963291E+000
  0.45978198E+000
  0.45992202E+000
  0.46005275E+000
  0.46017409E+000
  0.46028617E+000
  0.46038923E+000
  0.46048360E+000
  0.46056960E+000
  0.46064759E+000
  0.46071810E+000
  0.46078168E+000
  0.46083884E+000
  0.46089010E+000
  0.46093597E+000
  0.46097691E+000
  0.46101340E+000
  0.46104587E+000
  0.46107473E+000
  0.46110037E+000
  0.46112315E+000
  0.46114340E+000
  0.46116141E+000
  0.46117747E+000
  0.46119181E+000
  0.46120466E+000
  0.46121619E+000
  0.46122659E+000
  0.46123599E+000
  0.46124452E+000
  0.46125227E+000
  0.46125934E+000
  0.46126579E+000
  0.46127168E+000
  0.46127707E+000
  0.46128200E+000
  0.46128649E+000
  0.46129058E+000
  0.46129429E+000
  0.46129766E+000
  0.46130069E+000
  0.46130343E+000
  0.46130588E+000
  0.46130808E+000
  0.46131004E+000
  0.46131179E+000
  0.46131334E+000
  0.46131472E+000
  0.46131592E+000
  0.46131698E+000
  0.46131789E+000
  0.46131869E+000
  0.46131938E+000
  0.46131998E+000
  0.46132050E+000
  0.46132094E+000
  0.46132132E+000
  0.46132164E+000
  0.46132191E+000
  0.46132214E+000
  0.46132233E+000
  0.46132248E+000
  0.46132260E+000
  0.46132270E+000
  0.46132277E+000
  0.46132282E+000
  0.46132285E+000
  0.46132286E+000
  0.46132286E+000
  0.46132285E+000
  0.46132283E+000
  0.46132280E+000
  0.46132276E+000
  0.46132272E+000
  0.46132267E+000
  0.46132262E+000
  0.46132257E+000
  0.46132251E+000
  0.46132246E+000
  0.46132240E+000
  0.46132235E+000
  0.46132229E+000
  0.46132224E+000
  0.46132219E+000
  0.46132214E+000
  0.46132210E+000
  0.46132206E+000
  0.46132202E+000
  0.46132199E+000
  0.46132196E+000
  0.46132195E+000
  0.46132194E+000
  0.46132194E+000
  0.46132195E+000
  0.46132196E+000
  0.46132199E+000
  0.46132203E+000
  0.46132208E+000
  0.46132213E+000
  0.46132220E+000
  0.46132227E+000
  0.46132236E+000
  0.46132245E+000
  0.46132255E+000
  0.46132265E+000
  0.46132275E+000
  0.46132286E+000
  0.46132297E+000
  0.46132308E+000
  0.46132319E+000
  0.46132329E+000
  0.46132339E+000
  0.46132349E+000
  0.46132358E+000
  0.46132366E+000
  0.46132374E+000
  0.46132381E+000
  0.46132387E+000
  0.46132392E+000
  0.46132397E+000
  0.46132401E+000
  0.46132404E+000
  0.46132407E+000
  0.46132409E+000
  0.46132410E+000
  0.46132412E+000
  0.46132413E+000
  0.46132414E+000
  0.46132414E+000
  0.46132415E+000
  0.46132416E+000
  0.46132417E+000
  0.46132418E+000
  0.46132420E+000
  0.46132421E+000
  0.46132423E+000
  0.46132425E+000
  0.46132427E+000
  0.46132429E+000
  0.46132431E+000
  0.46132433E+000
  0.46132435E+000
  0.46132436E+000
  0.46132438E+000
  0.46132439E+000
  0.46132441E+000
  0.46132441E+000
  0.46132442E+000
  0.46132442E+000
  0.46132441E+000
  0.46132441E+000
  0.46132439E+000
  0.46132438E+000
  0.46132436E+000
  0.46132434E+000
  0.46132431E+000
  0.46132428E+000
  0.46132425E+000
  0.46132422E+000
  0.46132419E+000
  0.46132416E+000
  0.46132412E+000
  0.46132409E+000
  0.46132406E+000
  0.46132403E+000
  0.46132400E+000
  0.46132397E+000
  0.46132395E+000
  0.46132393E+000
  0.46132391E+000
  0.46132389E+000
  0.46132388E+000
  0.46132387E+000
  0.46132387E+000
  0.46132386E+000
  0.46132386E+000
  0.46132387E+000
  0.46132387E+000
  0.46132389E+000
  0.46132391E+000
  0.46132393E+000
  0.46132395E+000
  0.46132394E+000
  0.46132394E+000
  0.46132400E+000
