  0.31904575E+000
  0.31085822E+000
  0.30817041E+000
  0.30689000E+000
  0.30663867E+000
  0.30706402E+000
  0.30795351E+000
  0.30916871E+000
  0.31061111E+000
  0.31184285E+000
  0.31288570E+000
  0.31376974E+000
  0.31452001E+000
  0.31515731E+000
  0.31569893E+000
  0.31617062E+000
  0.31659191E+000
  0.31697271E+000
  0.31731384E+000
  0.31761702E+000
  0.31788453E+000
  0.31811893E+000
  0.31832296E+000
  0.31849934E+000
  0.31865072E+000
  0.31877967E+000
  0.31888858E+000
  0.31897970E+000
  0.31905509E+000
  0.31911666E+000
  0.31916616E+000
  0.31920516E+000
  0.31923510E+000
  0.31925726E+000
  0.31927281E+000
  0.31928279E+000
  0.31928809E+000
  0.31928956E+000
  0.31928788E+000
  0.31928370E+000
  0.31927754E+000
  0.31926986E+000
  0.31926106E+000
  0.31925145E+000
  0.31924130E+000
  0.31923083E+000
  0.31922020E+000
  0.31920955E+000
  0.31919895E+000
  0.31918849E+000
  0.31917820E+000
  0.31916811E+000
  0.31915822E+000
  0.31914855E+000
  0.31913909E+000
  0.31912983E+000
  0.31912076E+000
  0.31911187E+000
  0.31910315E+000
  0.31909460E+000
  0.31908621E+000
  0.31907797E+000
  0.31906988E+000
  0.31906194E+000
  0.31905414E+000
  0.31904648E+000
  0.31903896E+000
  0.31903160E+000
  0.31902439E+000
  0.31901736E+000
  0.31901053E+000
  0.31900391E+000
  0.31899752E+000
  0.31899136E+000
  0.31898544E+000
  0.31897974E+000
  0.31897426E+000
  0.31896897E+000
  0.31896571E+000
  0.31896582E+000
  0.31896737E+000
  0.31896951E+000
  0.31897186E+000
  0.31897426E+000
  0.31897664E+000
  0.31897896E+000
  0.31898122E+000
  0.31898341E+000
  0.31898552E+000
  0.31898755E+000
  0.31898949E+000
  0.31899135E+000
  0.31899313E+000
  0.31899482E+000
  0.31899644E+000
  0.31899797E+000
  0.31899942E+000
  0.31900079E+000
  0.31900209E+000
  0.31900332E+000
  0.31900448E+000
  0.31900557E+000
  0.31900659E+000
  0.31900756E+000
  0.31900846E+000
  0.31900932E+000
  0.31901012E+000
  0.31901087E+000
  0.31901158E+000
  0.31901225E+000
  0.31901287E+000
  0.31901346E+000
  0.31901402E+000
  0.31901454E+000
  0.31901504E+000
  0.31901550E+000
  0.31901595E+000
  0.31901636E+000
  0.31901676E+000
  0.31901714E+000
  0.31901750E+000
  0.31901784E+000
  0.31901817E+000
  0.31901848E+000
  0.31901877E+000
  0.31901906E+000
  0.31901933E+000
  0.31901959E+000
  0.31901984E+000
  0.31902008E+000
  0.31902031E+000
  0.31902053E+000
  0.31902074E+000
  0.31902094E+000
  0.31902114E+000
  0.31902133E+000
  0.31902150E+000
  0.31902168E+000
  0.31902184E+000
  0.31902200E+000
  0.31902215E+000
  0.31902230E+000
  0.31902244E+000
  0.31902257E+000
  0.31902270E+000
  0.31902282E+000
  0.31902294E+000
  0.31902305E+000
  0.31902316E+000
  0.31902327E+000
  0.31902336E+000
  0.31902346E+000
  0.31902355E+000
  0.31902363E+000
  0.31902372E+000
  0.31902379E+000
  0.31902387E+000
  0.31902394E+000
  0.31902401E+000
  0.31902407E+000
  0.31902413E+000
  0.31902419E+000
  0.31902424E+000
  0.31902430E+000
  0.31902435E+000
  0.31902439E+000
  0.31902444E+000
  0.31902448E+000
  0.31902452E+000
  0.31902456E+000
  0.31902459E+000
  0.31902463E+000
  0.31902466E+000
  0.31902469E+000
  0.31902472E+000
  0.31902475E+000
  0.31902477E+000
  0.31902480E+000
  0.31902482E+000
  0.31902484E+000
  0.31902486E+000
  0.31902488E+000
  0.31902490E+000
  0.31902491E+000
  0.31902493E+000
  0.31902494E+000
  0.31902496E+000
  0.31902497E+000
  0.31902498E+000
  0.31902499E+000
  0.31902500E+000
  0.31902501E+000
  0.31902502E+000
  0.31902503E+000
  0.31902503E+000
  0.31902504E+000
  0.31902504E+000
  0.31902505E+000
  0.31902505E+000
  0.31902505E+000
