  0.29441662E+000
  0.29517954E+000
  0.29533674E+000
  0.29473782E+000
  0.29415920E+000
  0.29389631E+000
  0.29377292E+000
  0.29371825E+000
  0.29370123E+000
  0.29370663E+000
  0.29372602E+000
  0.29375413E+000
  0.29378741E+000
  0.29382343E+000
  0.29386041E+000
  0.29389723E+000
  0.29393303E+000
  0.29396721E+000
  0.29399950E+000
  0.29402969E+000
  0.29405771E+000
  0.29408358E+000
  0.29410736E+000
  0.29412916E+000
  0.29414910E+000
  0.29416732E+000
  0.29418398E+000
  0.29419921E+000
  0.29421316E+000
  0.29422596E+000
  0.29423773E+000
  0.29424859E+000
  0.29425864E+000
  0.29426798E+000
  0.29427668E+000
  0.29428483E+000
  0.29429249E+000
  0.29429970E+000
  0.29430652E+000
  0.29431298E+000
  0.29431912E+000
  0.29432496E+000
  0.29433052E+000
  0.29433582E+000
  0.29434087E+000
  0.29434569E+000
  0.29435028E+000
  0.29435464E+000
  0.29435880E+000
  0.29436274E+000
  0.29436648E+000
  0.29437003E+000
  0.29437339E+000
  0.29437656E+000
  0.29437955E+000
  0.29438238E+000
  0.29438504E+000
  0.29438754E+000
  0.29438989E+000
  0.29439210E+000
  0.29439418E+000
  0.29439612E+000
  0.29439793E+000
  0.29439963E+000
  0.29440121E+000
  0.29440267E+000
  0.29440403E+000
  0.29440529E+000
  0.29440644E+000
  0.29440749E+000
  0.29440845E+000
  0.29440930E+000
  0.29441007E+000
  0.29441074E+000
  0.29441132E+000
  0.29441181E+000
  0.29441221E+000
  0.29441253E+000
  0.29441276E+000
  0.29441290E+000
  0.29441296E+000
  0.29441295E+000
  0.29441285E+000
  0.29441268E+000
  0.29441244E+000
  0.29441212E+000
  0.29441174E+000
  0.29441130E+000
  0.29441079E+000
  0.29441023E+000
  0.29440962E+000
  0.29440895E+000
  0.29440825E+000
  0.29440750E+000
  0.29440672E+000
  0.29440591E+000
  0.29440507E+000
  0.29440420E+000
  0.29440332E+000
  0.29440243E+000
  0.29440153E+000
  0.29440062E+000
  0.29439972E+000
  0.29439882E+000
  0.29439793E+000
  0.29439705E+000
  0.29439619E+000
  0.29439535E+000
  0.29439453E+000
  0.29439375E+000
  0.29439299E+000
  0.29439227E+000
  0.29439159E+000
  0.29439095E+000
  0.29439036E+000
  0.29438980E+000
  0.29438930E+000
  0.29438884E+000
  0.29438844E+000
  0.29438808E+000
  0.29438778E+000
  0.29438752E+000
  0.29438732E+000
  0.29438717E+000
  0.29438706E+000
  0.29438701E+000
  0.29438701E+000
  0.29438705E+000
  0.29438713E+000
  0.29438726E+000
  0.29438743E+000
  0.29438763E+000
  0.29438787E+000
  0.29438814E+000
  0.29438845E+000
  0.29438878E+000
  0.29438913E+000
  0.29438950E+000
  0.29438990E+000
  0.29439030E+000
  0.29439072E+000
  0.29439115E+000
  0.29439159E+000
  0.29439203E+000
  0.29439247E+000
  0.29439290E+000
  0.29439333E+000
  0.29439375E+000
  0.29439416E+000
  0.29439456E+000
  0.29439494E+000
  0.29439530E+000
  0.29439565E+000
  0.29439596E+000
  0.29439626E+000
  0.29439653E+000
  0.29439676E+000
  0.29439697E+000
  0.29439716E+000
  0.29439730E+000
  0.29439742E+000
  0.29439751E+000
  0.29439757E+000
  0.29439759E+000
  0.29439759E+000
  0.29439755E+000
  0.29439749E+000
  0.29439740E+000
  0.29439729E+000
  0.29439716E+000
  0.29439701E+000
  0.29439684E+000
  0.29439665E+000
  0.29439645E+000
  0.29439625E+000
  0.29439603E+000
  0.29439581E+000
  0.29439559E+000
  0.29439538E+000
  0.29439516E+000
  0.29439496E+000
  0.29439476E+000
  0.29439457E+000
  0.29439440E+000
  0.29439424E+000
  0.29439410E+000
  0.29439397E+000
  0.29439386E+000
  0.29439377E+000
  0.29439370E+000
  0.29439365E+000
  0.29439361E+000
  0.29439360E+000
  0.29439361E+000
  0.29439364E+000
  0.29439368E+000
  0.29439374E+000
  0.29439379E+000
  0.29439386E+000
  0.29439396E+000
