  0.85300062E+000
  0.85300095E+000
  0.85300089E+000
  0.85300075E+000
  0.85300055E+000
  0.85300033E+000
  0.85300011E+000
  0.85299988E+000
  0.85299965E+000
  0.85299942E+000
  0.85299921E+000
  0.85299900E+000
  0.85299879E+000
  0.85299860E+000
  0.85299840E+000
  0.85299822E+000
  0.85299803E+000
  0.85299785E+000
  0.85299767E+000
  0.85299750E+000
  0.85299733E+000
  0.85299715E+000
  0.85299698E+000
  0.85299681E+000
  0.85299664E+000
  0.85299647E+000
  0.85299630E+000
  0.85299613E+000
  0.85299596E+000
  0.85299578E+000
  0.85299561E+000
  0.85299544E+000
  0.85299527E+000
  0.85299509E+000
  0.85299492E+000
  0.85299475E+000
  0.85299458E+000
  0.85299441E+000
  0.85299424E+000
  0.85299407E+000
  0.85299391E+000
  0.85299375E+000
  0.85299359E+000
  0.85299343E+000
  0.85299328E+000
  0.85299314E+000
  0.85299300E+000
  0.85299286E+000
  0.85299273E+000
  0.85299261E+000
  0.85299250E+000
  0.85299239E+000
  0.85299229E+000
  0.85299220E+000
  0.85299212E+000
  0.85299205E+000
  0.85299198E+000
  0.85299193E+000
  0.85299189E+000
  0.85299186E+000
  0.85299183E+000
  0.85299182E+000
  0.85299182E+000
  0.85299183E+000
  0.85299185E+000
  0.85299188E+000
  0.85299192E+000
  0.85299197E+000
  0.85299204E+000
  0.85299211E+000
  0.85299219E+000
  0.85299228E+000
  0.85299238E+000
  0.85299249E+000
  0.85299261E+000
  0.85299274E+000
  0.85299287E+000
  0.85299302E+000
  0.85299316E+000
  0.85299332E+000
  0.85299348E+000
  0.85299364E+000
  0.85299381E+000
  0.85299398E+000
  0.85299415E+000
  0.85299433E+000
  0.85299450E+000
  0.85299467E+000
  0.85299485E+000
  0.85299502E+000
  0.85299519E+000
  0.85299535E+000
  0.85299551E+000
  0.85299567E+000
  0.85299582E+000
  0.85299596E+000
  0.85299610E+000
  0.85299624E+000
  0.85299636E+000
  0.85299648E+000
  0.85299659E+000
  0.85299670E+000
  0.85299679E+000
  0.85299688E+000
  0.85299696E+000
  0.85299704E+000
  0.85299710E+000
  0.85299716E+000
  0.85299721E+000
  0.85299725E+000
  0.85299728E+000
  0.85299731E+000
  0.85299733E+000
  0.85299734E+000
  0.85299735E+000
  0.85299735E+000
  0.85299734E+000
  0.85299733E+000
  0.85299731E+000
  0.85299729E+000
  0.85299726E+000
  0.85299723E+000
  0.85299719E+000
  0.85299715E+000
  0.85299710E+000
  0.85299705E+000
  0.85299700E+000
  0.85299694E+000
  0.85299688E+000
  0.85299681E+000
  0.85299675E+000
  0.85299668E+000
  0.85299661E+000
  0.85299653E+000
  0.85299646E+000
  0.85299639E+000
  0.85299631E+000
  0.85299623E+000
  0.85299615E+000
  0.85299607E+000
  0.85299600E+000
  0.85299592E+000
  0.85299584E+000
  0.85299576E+000
  0.85299568E+000
  0.85299560E+000
  0.85299552E+000
  0.85299545E+000
  0.85299537E+000
  0.85299530E+000
  0.85299522E+000
  0.85299515E+000
  0.85299508E+000
  0.85299501E+000
  0.85299495E+000
  0.85299488E+000
  0.85299482E+000
  0.85299475E+000
  0.85299469E+000
  0.85299464E+000
  0.85299458E+000
  0.85299452E+000
  0.85299447E+000
  0.85299442E+000
  0.85299437E+000
  0.85299433E+000
  0.85299428E+000
  0.85299424E+000
  0.85299420E+000
  0.85299416E+000
  0.85299412E+000
  0.85299409E+000
  0.85299406E+000
  0.85299403E+000
  0.85299400E+000
  0.85299397E+000
  0.85299395E+000
  0.85299392E+000
  0.85299390E+000
  0.85299388E+000
  0.85299386E+000
  0.85299385E+000
  0.85299383E+000
  0.85299382E+000
  0.85299381E+000
  0.85299380E+000
  0.85299379E+000
  0.85299378E+000
  0.85299377E+000
  0.85299376E+000
  0.85299376E+000
  0.85299376E+000
  0.85299375E+000
  0.85299375E+000
  0.85299375E+000
  0.85299375E+000
  0.85299375E+000
  0.85299375E+000
  0.85299375E+000
  0.85299375E+000
