  0.10029507E+001
  0.10021997E+001
  0.10018777E+001
  0.10016484E+001
  0.10014639E+001
  0.10013169E+001
  0.10012037E+001
  0.10011206E+001
  0.10010637E+001
  0.10010291E+001
  0.10010136E+001
  0.10010139E+001
  0.10010271E+001
  0.10010506E+001
  0.10010823E+001
  0.10011204E+001
  0.10011697E+001
  0.10012285E+001
  0.10012942E+001
  0.10013649E+001
  0.10014388E+001
  0.10015145E+001
  0.10015909E+001
  0.10016670E+001
  0.10017421E+001
  0.10018155E+001
  0.10018867E+001
  0.10019553E+001
  0.10020210E+001
  0.10020825E+001
  0.10021401E+001
  0.10021942E+001
  0.10022449E+001
  0.10022925E+001
  0.10023371E+001
  0.10023788E+001
  0.10024179E+001
  0.10024544E+001
  0.10024885E+001
  0.10025203E+001
  0.10025500E+001
  0.10025778E+001
  0.10026037E+001
  0.10026279E+001
  0.10026505E+001
  0.10026717E+001
  0.10026915E+001
  0.10027100E+001
  0.10027273E+001
  0.10027436E+001
  0.10027587E+001
  0.10027729E+001
  0.10027862E+001
  0.10027985E+001
  0.10028100E+001
  0.10028207E+001
  0.10028306E+001
  0.10028397E+001
  0.10028481E+001
  0.10028559E+001
  0.10028630E+001
  0.10028695E+001
  0.10028754E+001
  0.10028808E+001
  0.10028857E+001
  0.10028901E+001
  0.10028941E+001
  0.10028977E+001
  0.10029009E+001
  0.10029038E+001
  0.10029065E+001
  0.10029089E+001
  0.10029110E+001
  0.10029130E+001
  0.10029148E+001
  0.10029164E+001
  0.10029179E+001
  0.10029193E+001
  0.10029206E+001
  0.10029217E+001
  0.10029228E+001
  0.10029238E+001
  0.10029248E+001
  0.10029257E+001
  0.10029265E+001
  0.10029273E+001
  0.10029281E+001
  0.10029288E+001
  0.10029295E+001
  0.10029301E+001
  0.10029307E+001
  0.10029313E+001
  0.10029319E+001
  0.10029324E+001
  0.10029329E+001
  0.10029335E+001
  0.10029339E+001
  0.10029344E+001
  0.10029349E+001
  0.10029354E+001
  0.10029358E+001
  0.10029363E+001
  0.10029367E+001
  0.10029371E+001
  0.10029375E+001
  0.10029380E+001
  0.10029384E+001
  0.10029388E+001
  0.10029392E+001
  0.10029396E+001
  0.10029399E+001
  0.10029403E+001
  0.10029407E+001
  0.10029411E+001
  0.10029414E+001
  0.10029418E+001
  0.10029421E+001
  0.10029425E+001
  0.10029428E+001
  0.10029431E+001
  0.10029434E+001
  0.10029437E+001
  0.10029440E+001
  0.10029443E+001
  0.10029446E+001
  0.10029449E+001
  0.10029451E+001
  0.10029454E+001
  0.10029456E+001
  0.10029458E+001
  0.10029461E+001
  0.10029463E+001
  0.10029465E+001
  0.10029467E+001
  0.10029469E+001
  0.10029471E+001
  0.10029472E+001
  0.10029474E+001
  0.10029476E+001
  0.10029477E+001
  0.10029479E+001
  0.10029480E+001
  0.10029482E+001
  0.10029483E+001
  0.10029484E+001
  0.10029486E+001
  0.10029487E+001
  0.10029488E+001
  0.10029489E+001
  0.10029490E+001
  0.10029491E+001
  0.10029492E+001
  0.10029493E+001
  0.10029494E+001
  0.10029495E+001
  0.10029495E+001
  0.10029496E+001
  0.10029497E+001
  0.10029498E+001
  0.10029498E+001
  0.10029499E+001
  0.10029499E+001
  0.10029500E+001
  0.10029500E+001
  0.10029501E+001
  0.10029501E+001
  0.10029502E+001
  0.10029502E+001
  0.10029503E+001
  0.10029503E+001
  0.10029503E+001
  0.10029504E+001
  0.10029504E+001
  0.10029504E+001
  0.10029504E+001
  0.10029505E+001
  0.10029505E+001
  0.10029505E+001
  0.10029505E+001
  0.10029505E+001
  0.10029506E+001
  0.10029506E+001
  0.10029506E+001
  0.10029506E+001
  0.10029506E+001
  0.10029506E+001
  0.10029506E+001
  0.10029507E+001
  0.10029507E+001
  0.10029507E+001
  0.10029507E+001
  0.10029507E+001
  0.10029507E+001
  0.10029507E+001
  0.10029507E+001
  0.10029507E+001
  0.10029507E+001
  0.10029507E+001
  0.10029507E+001
  0.10029507E+001
