  0.35265028E+000
  0.35191585E+000
  0.35140834E+000
  0.35099116E+000
  0.35064879E+000
  0.35036428E+000
  0.35015931E+000
  0.34997051E+000
  0.34982615E+000
  0.34969962E+000
  0.34958499E+000
  0.34950066E+000
  0.34942667E+000
  0.34934777E+000
  0.34930664E+000
  0.34926724E+000
  0.34923405E+000
  0.34920639E+000
  0.34918016E+000
  0.34916103E+000
  0.34914297E+000
  0.34912979E+000
  0.34911971E+000
  0.34911144E+000
  0.34910491E+000
  0.34909998E+000
  0.34909528E+000
  0.34909366E+000
  0.34909152E+000
  0.34908915E+000
  0.34908754E+000
  0.34908632E+000
  0.34908597E+000
  0.34908618E+000
  0.34908593E+000
  0.34908533E+000
  0.34908578E+000
  0.34908634E+000
  0.34908689E+000
  0.34908850E+000
  0.34908869E+000
  0.34908941E+000
  0.34908998E+000
  0.34909081E+000
  0.34909117E+000
  0.34909181E+000
  0.34909260E+000
  0.34909334E+000
  0.34909435E+000
  0.34909474E+000
  0.34909523E+000
  0.34909591E+000
  0.34909651E+000
  0.34909716E+000
  0.34909794E+000
  0.34909826E+000
  0.34909867E+000
  0.34909896E+000
  0.34909920E+000
  0.34909963E+000
  0.34910011E+000
  0.34910063E+000
  0.34910119E+000
  0.34910160E+000
  0.34910208E+000
  0.34910260E+000
  0.34910330E+000
  0.34910373E+000
  0.34910422E+000
  0.34910514E+000
  0.34910548E+000
  0.34910646E+000
  0.34910692E+000
  0.34910747E+000
  0.34910793E+000
  0.34910834E+000
  0.34910872E+000
  0.34910913E+000
  0.34910951E+000
  0.34910988E+000
  0.34911030E+000
  0.34911062E+000
  0.34911095E+000
  0.34911139E+000
  0.34911180E+000
  0.34911228E+000
  0.34911268E+000
  0.34911310E+000
  0.34911394E+000
  0.34911424E+000
  0.34911469E+000
  0.34911496E+000
  0.34911526E+000
  0.34911555E+000
  0.34911596E+000
  0.34911617E+000
  0.34911649E+000
  0.34911675E+000
  0.34911700E+000
  0.34911726E+000
  0.34911751E+000
  0.34911778E+000
  0.34911797E+000
  0.34911823E+000
  0.34911848E+000
  0.34911868E+000
  0.34911886E+000
  0.34911904E+000
  0.34911922E+000
  0.34911939E+000
  0.34911955E+000
  0.34911971E+000
  0.34911979E+000
  0.34911985E+000
  0.34911998E+000
  0.34912008E+000
  0.34912019E+000
  0.34912027E+000
  0.34912034E+000
  0.34912041E+000
  0.34912048E+000
  0.34912052E+000
  0.34912059E+000
  0.34912061E+000
  0.34912065E+000
  0.34912066E+000
  0.34912067E+000
  0.34912070E+000
  0.34912071E+000
  0.34912070E+000
  0.34912071E+000
  0.34912071E+000
  0.34912069E+000
  0.34912068E+000
  0.34912065E+000
  0.34912057E+000
  0.34912053E+000
  0.34912049E+000
  0.34912046E+000
  0.34912041E+000
  0.34912037E+000
  0.34912032E+000
  0.34912027E+000
  0.34912021E+000
  0.34912016E+000
  0.34912010E+000
  0.34912003E+000
  0.34911998E+000
  0.34911992E+000
  0.34911985E+000
  0.34911978E+000
  0.34911971E+000
  0.34911964E+000
  0.34911957E+000
  0.34911950E+000
  0.34911943E+000
  0.34911936E+000
  0.34911929E+000
  0.34911923E+000
  0.34911916E+000
  0.34911909E+000
  0.34911903E+000
  0.34911897E+000
  0.34911890E+000
  0.34911884E+000
  0.34911880E+000
  0.34911873E+000
  0.34911873E+000
  0.34911868E+000
  0.34911863E+000
  0.34911858E+000
  0.34911853E+000
  0.34911849E+000
  0.34911845E+000
  0.34911842E+000
  0.34911839E+000
  0.34911835E+000
  0.34911832E+000
  0.34911828E+000
  0.34911825E+000
  0.34911823E+000
  0.34911821E+000
  0.34911819E+000
  0.34911817E+000
  0.34911816E+000
  0.34911815E+000
  0.34911814E+000
  0.34911814E+000
  0.34911814E+000
  0.34911814E+000
  0.34911813E+000
  0.34911813E+000
  0.34911813E+000
  0.34911813E+000
  0.34911813E+000
  0.34911813E+000
  0.34911813E+000
  0.34911814E+000
  0.34911814E+000
  0.34911815E+000
