  0.50345526E-001
  0.49838519E-001
  0.49529003E-001
  0.49286185E-001
  0.49086205E-001
  0.48919410E-001
  0.48779707E-001
  0.48662357E-001
  0.48563542E-001
  0.48479994E-001
  0.48409382E-001
  0.48349551E-001
  0.48298762E-001
  0.48255558E-001
  0.48218723E-001
  0.48187102E-001
  0.48159966E-001
  0.48136671E-001
  0.48116626E-001
  0.48099402E-001
  0.48084610E-001
  0.48071919E-001
  0.48061045E-001
  0.48051746E-001
  0.48043812E-001
  0.48037061E-001
  0.48031335E-001
  0.48026462E-001
  0.48022215E-001
  0.48018714E-001
  0.48015851E-001
  0.48013522E-001
  0.48011640E-001
  0.48010128E-001
  0.48008918E-001
  0.48007954E-001
  0.48007187E-001
  0.48006577E-001
  0.48006088E-001
  0.48005691E-001
  0.48005361E-001
  0.48005079E-001
  0.48004828E-001
  0.48004598E-001
  0.48004377E-001
  0.48004161E-001
  0.48003944E-001
  0.48003724E-001
  0.48003498E-001
  0.48003267E-001
  0.48003030E-001
  0.48002788E-001
  0.48002542E-001
  0.48002294E-001
  0.48002045E-001
  0.48001797E-001
  0.48001550E-001
  0.48001306E-001
  0.48001066E-001
  0.48000832E-001
  0.48000604E-001
  0.48000382E-001
  0.48000169E-001
  0.47999963E-001
  0.47999767E-001
  0.47999579E-001
  0.47999401E-001
  0.47999232E-001
  0.47999073E-001
  0.47998924E-001
  0.47998785E-001
  0.47998655E-001
  0.47998536E-001
  0.47998426E-001
  0.47998326E-001
  0.47998235E-001
  0.47998153E-001
  0.47998080E-001
  0.47998015E-001
  0.47997958E-001
  0.47997910E-001
  0.47997869E-001
  0.47997835E-001
  0.47997807E-001
  0.47997787E-001
  0.47997772E-001
  0.47997763E-001
  0.47997759E-001
  0.47997760E-001
  0.47997766E-001
  0.47997776E-001
  0.47997790E-001
  0.47997808E-001
  0.47997829E-001
  0.47997853E-001
  0.47997880E-001
  0.47997909E-001
  0.47997941E-001
  0.47997974E-001
  0.47998010E-001
  0.47998047E-001
  0.47998085E-001
  0.47998125E-001
  0.47998165E-001
  0.47998206E-001
  0.47998248E-001
  0.47998291E-001
  0.47998334E-001
  0.47998377E-001
  0.47998420E-001
  0.47998464E-001
  0.47998507E-001
  0.47998550E-001
  0.47998593E-001
  0.47998635E-001
  0.47998677E-001
  0.47998719E-001
  0.47998760E-001
  0.47998800E-001
  0.47998840E-001
  0.47998880E-001
  0.47998918E-001
  0.47998956E-001
  0.47998993E-001
  0.47999030E-001
  0.47999065E-001
  0.47999100E-001
  0.47999134E-001
  0.47999167E-001
  0.47999199E-001
  0.47999231E-001
  0.47999262E-001
  0.47999292E-001
  0.47999321E-001
  0.47999349E-001
  0.47999376E-001
  0.47999403E-001
  0.47999429E-001
  0.47999454E-001
  0.47999478E-001
  0.47999502E-001
  0.47999525E-001
  0.47999547E-001
  0.47999568E-001
  0.47999588E-001
  0.47999608E-001
  0.47999627E-001
  0.47999646E-001
  0.47999663E-001
  0.47999680E-001
  0.47999697E-001
  0.47999713E-001
  0.47999728E-001
  0.47999743E-001
  0.47999757E-001
  0.47999770E-001
  0.47999783E-001
  0.47999795E-001
  0.47999807E-001
  0.47999818E-001
  0.47999829E-001
  0.47999839E-001
  0.47999849E-001
  0.47999859E-001
  0.47999868E-001
  0.47999876E-001
  0.47999884E-001
  0.47999892E-001
  0.47999899E-001
  0.47999906E-001
  0.47999913E-001
  0.47999919E-001
  0.47999925E-001
  0.47999931E-001
  0.47999936E-001
  0.47999941E-001
  0.47999946E-001
  0.47999951E-001
  0.47999955E-001
  0.47999959E-001
  0.47999963E-001
  0.47999966E-001
  0.47999969E-001
  0.47999973E-001
  0.47999976E-001
  0.47999978E-001
  0.47999981E-001
  0.47999983E-001
  0.47999986E-001
  0.47999988E-001
  0.47999990E-001
  0.47999992E-001
  0.47999994E-001
  0.47999996E-001
  0.47999998E-001
  0.47999999E-001
  0.48000001E-001
  0.48000004E-001
  0.48000007E-001
  0.48000015E-001
