  0.12424251E+001
  0.12396698E+001
  0.12375628E+001
  0.12359072E+001
  0.12345825E+001
  0.12335091E+001
  0.12326315E+001
  0.12319090E+001
  0.12313124E+001
  0.12308170E+001
  0.12304042E+001
  0.12300593E+001
  0.12297708E+001
  0.12295289E+001
  0.12293258E+001
  0.12291552E+001
  0.12290117E+001
  0.12288909E+001
  0.12287892E+001
  0.12287035E+001
  0.12286312E+001
  0.12285703E+001
  0.12285190E+001
  0.12284757E+001
  0.12284391E+001
  0.12284082E+001
  0.12283821E+001
  0.12283600E+001
  0.12283412E+001
  0.12283252E+001
  0.12283115E+001
  0.12282998E+001
  0.12282897E+001
  0.12282809E+001
  0.12282732E+001
  0.12282665E+001
  0.12282605E+001
  0.12282552E+001
  0.12282504E+001
  0.12282461E+001
  0.12282422E+001
  0.12282386E+001
  0.12282354E+001
  0.12282323E+001
  0.12282296E+001
  0.12282270E+001
  0.12282247E+001
  0.12282226E+001
  0.12282206E+001
  0.12282188E+001
  0.12282172E+001
  0.12282158E+001
  0.12282144E+001
  0.12282132E+001
  0.12282122E+001
  0.12282112E+001
  0.12282104E+001
  0.12282097E+001
  0.12282091E+001
  0.12282085E+001
  0.12282081E+001
  0.12282077E+001
  0.12282074E+001
  0.12282071E+001
  0.12282069E+001
  0.12282067E+001
  0.12282066E+001
  0.12282066E+001
  0.12282065E+001
  0.12282065E+001
  0.12282065E+001
  0.12282065E+001
  0.12282066E+001
  0.12282067E+001
  0.12282068E+001
  0.12282069E+001
  0.12282070E+001
  0.12282071E+001
  0.12282072E+001
  0.12282073E+001
  0.12282075E+001
  0.12282076E+001
  0.12282077E+001
  0.12282079E+001
  0.12282080E+001
  0.12282082E+001
  0.12282083E+001
  0.12282084E+001
  0.12282086E+001
  0.12282087E+001
  0.12282089E+001
  0.12282090E+001
  0.12282091E+001
  0.12282093E+001
  0.12282094E+001
  0.12282095E+001
  0.12282096E+001
  0.12282098E+001
  0.12282099E+001
  0.12282100E+001
  0.12282101E+001
  0.12282102E+001
  0.12282104E+001
  0.12282105E+001
  0.12282106E+001
  0.12282107E+001
  0.12282108E+001
  0.12282109E+001
  0.12282110E+001
  0.12282111E+001
  0.12282112E+001
  0.12282114E+001
  0.12282115E+001
  0.12282116E+001
  0.12282117E+001
  0.12282118E+001
  0.12282119E+001
  0.12282120E+001
  0.12282122E+001
  0.12282123E+001
  0.12282124E+001
  0.12282125E+001
  0.12282127E+001
  0.12282128E+001
  0.12282129E+001
  0.12282131E+001
  0.12282132E+001
  0.12282133E+001
  0.12282135E+001
  0.12282136E+001
  0.12282137E+001
  0.12282138E+001
  0.12282140E+001
  0.12282141E+001
  0.12282142E+001
  0.12282143E+001
  0.12282145E+001
  0.12282146E+001
  0.12282147E+001
  0.12282148E+001
  0.12282148E+001
  0.12282149E+001
  0.12282150E+001
  0.12282150E+001
  0.12282150E+001
  0.12282151E+001
  0.12282151E+001
  0.12282151E+001
  0.12282150E+001
  0.12282150E+001
  0.12282149E+001
  0.12282149E+001
  0.12282148E+001
  0.12282147E+001
  0.12282145E+001
  0.12282144E+001
  0.12282142E+001
  0.12282141E+001
  0.12282139E+001
  0.12282137E+001
  0.12282135E+001
  0.12282132E+001
  0.12282130E+001
  0.12282127E+001
  0.12282125E+001
  0.12282122E+001
  0.12282119E+001
  0.12282116E+001
  0.12282113E+001
  0.12282110E+001
  0.12282107E+001
  0.12282104E+001
  0.12282101E+001
  0.12282098E+001
  0.12282095E+001
  0.12282092E+001
  0.12282090E+001
  0.12282087E+001
  0.12282084E+001
  0.12282082E+001
  0.12282079E+001
  0.12282077E+001
  0.12282075E+001
  0.12282073E+001
  0.12282071E+001
  0.12282069E+001
  0.12282067E+001
  0.12282066E+001
  0.12282065E+001
  0.12282064E+001
  0.12282063E+001
  0.12282062E+001
  0.12282061E+001
  0.12282061E+001
  0.12282061E+001
  0.12282061E+001
  0.12282061E+001
  0.12282062E+001
  0.12282066E+001
  0.12282070E+001
