 -0.40787912E+000 -0.24136117E+000 -0.31480901E-001 -0.34448998E-005 -0.12522673E-005  0.47555579E+000  0.48987910E+001  0.29361532E+002  0.77039018E+002  0.16749214E+003  0.19535241E+003
 -0.40785921E+000 -0.24133394E+000 -0.28261471E-001 -0.17335220E-005  0.51235922E-005  0.47652669E+000  0.48989107E+001  0.29362883E+002  0.77039002E+002  0.16749209E+003  0.19535203E+003
 -0.40784637E+000 -0.24131521E+000 -0.17821196E-001 -0.31031310E-005  0.10022523E-005  0.47721360E+000  0.48990085E+001  0.29366468E+002  0.77039005E+002  0.16749211E+003  0.19535206E+003
 -0.40783749E+000 -0.24130095E+000 -0.13730730E-001 -0.33112948E-005 -0.70618369E-006  0.47777800E+000  0.48991004E+001  0.29370013E+002  0.77039007E+002  0.16749212E+003  0.19535209E+003
 -0.40783252E+000 -0.24129167E+000 -0.13572894E-001 -0.33217081E-005 -0.75615645E-006  0.47817086E+000  0.48992622E+001  0.29373409E+002  0.77039009E+002  0.16749212E+003  0.19535213E+003
 -0.40782999E+000 -0.24128573E+000 -0.13474796E-001 -0.33262290E-005 -0.77764764E-006  0.47845878E+000  0.48996839E+001  0.29376521E+002  0.77039012E+002  0.16749213E+003  0.19535219E+003
 -0.40782919E+000 -0.24128239E+000 -0.13421806E-001 -0.34261073E-005 -0.12234167E-005  0.47866397E+000  0.49000516E+001  0.29379098E+002  0.77039013E+002  0.16749213E+003  0.19535224E+003
 -0.40782966E+000 -0.24128117E+000 -0.13418148E-001 -0.34277344E-005 -0.12290668E-005  0.47879930E+000  0.49003678E+001  0.29381572E+002  0.77039015E+002  0.16749214E+003  0.19535228E+003
 -0.40783097E+000 -0.24128154E+000 -0.13418979E-001 -0.34295014E-005 -0.12348860E-005  0.47888067E+000  0.49006402E+001  0.29384408E+002  0.77039017E+002  0.16749214E+003  0.19535231E+003
 -0.40783285E+000 -0.24128310E+000 -0.13444243E-001 -0.34304584E-005 -0.12367349E-005  0.47891911E+000  0.49008745E+001  0.29386801E+002  0.77039018E+002  0.16749214E+003  0.19535234E+003
 -0.40783509E+000 -0.24128554E+000 -0.13487666E-001 -0.34313214E-005 -0.12379602E-005  0.47892356E+000  0.49010761E+001  0.29388817E+002  0.77039019E+002  0.16749215E+003  0.19535236E+003
 -0.40783753E+000 -0.24128860E+000 -0.13541078E-001 -0.34321665E-005 -0.12389974E-005  0.47890105E+000  0.49012493E+001  0.29390512E+002  0.77039020E+002  0.16749215E+003  0.19535238E+003
 -0.40784007E+000 -0.24129208E+000 -0.13601239E-001 -0.34330056E-005 -0.12399740E-005  0.47885725E+000  0.49013981E+001  0.29391933E+002  0.77039021E+002  0.16749215E+003  0.19535239E+003
 -0.40784263E+000 -0.24129582E+000 -0.13665587E-001 -0.34338215E-005 -0.12408851E-005  0.47879680E+000  0.49015257E+001  0.29393120E+002  0.77039022E+002  0.16749215E+003  0.19535240E+003
 -0.40784515E+000 -0.24129969E+000 -0.13732262E-001 -0.34346162E-005 -0.12417496E-005  0.47872327E+000  0.49016347E+001  0.29394106E+002  0.77039022E+002  0.16749215E+003  0.19535241E+003
 -0.40784762E+000 -0.24130361E+000 -0.13799715E-001 -0.34353773E-005 -0.12425607E-005  0.47863977E+000  0.49017275E+001  0.29394970E+002  0.77039023E+002  0.16749215E+003  0.19535242E+003
 -0.40784999E+000 -0.24130750E+000 -0.13866798E-001 -0.34361008E-005 -0.12433195E-005  0.47854878E+000  0.49018059E+001  0.29395778E+002  0.77039023E+002  0.16749215E+003  0.19535243E+003
 -0.40785225E+000 -0.24131131E+000 -0.15999772E-001 -0.34367880E-005 -0.12440312E-005  0.47845229E+000  0.49018716E+001  0.29396426E+002  0.77039023E+002  0.16749215E+003  0.19535243E+003
 -0.40785440E+000 -0.24131500E+000 -0.18141015E-001 -0.34374390E-005 -0.12446994E-005  0.47835201E+000  0.49019258E+001  0.29396937E+002  0.77039024E+002  0.16749215E+003  0.19535244E+003
 -0.40785642E+000 -0.24131855E+000 -0.20203838E-001 -0.34380481E-005 -0.12453204E-005  0.47824947E+000  0.49019697E+001  0.29397329E+002  0.77039024E+002  0.16749215E+003  0.19535244E+003
 -0.40785833E+000 -0.24132193E+000 -0.22177396E-001 -0.34386189E-005 -0.12458993E-005  0.47814587E+000  0.49020044E+001  0.29397616E+002  0.77039024E+002  0.16749215E+003  0.19535244E+003
 -0.40786011E+000 -0.24132514E+000 -0.24053657E-001 -0.34391514E-005 -0.12464371E-005  0.47804225E+000  0.49020307E+001  0.29397811E+002  0.77039024E+002  0.16749215E+003  0.19535245E+003
 -0.40786177E+000 -0.24132816E+000 -0.25636122E-001 -0.34396460E-005 -0.12469351E-005  0.47793953E+000  0.49020492E+001  0.29397926E+002  0.77039025E+002  0.16749215E+003  0.19535245E+003
 -0.40786332E+000 -0.24133100E+000 -0.27094230E-001 -0.34401057E-005 -0.12473967E-005  0.47783844E+000  0.49020606E+001  0.29397971E+002  0.77039025E+002  0.16749215E+003  0.19535245E+003
 -0.40786475E+000 -0.24133365E+000 -0.28459331E-001 -0.34405282E-005 -0.12478205E-005  0.47773967E+000  0.49020654E+001  0.29397953E+002  0.77039025E+002  0.16749215E+003  0.19535245E+003
 -0.40786607E+000 -0.24133612E+000 -0.29732837E-001 -0.34409200E-005 -0.12482122E-005  0.47764372E+000  0.49020639E+001  0.29397880E+002  0.77039025E+002  0.16749216E+003  0.19535245E+003
 -0.40786729E+000 -0.24133841E+000 -0.30915102E-001 -0.34412773E-005 -0.12485690E-005  0.47755109E+000  0.49020567E+001  0.29397758E+002  0.77039025E+002  0.16749216E+003  0.19535245E+003
 -0.40786842E+000 -0.24134053E+000 -0.31468466E-001 -0.34416064E-005 -0.12488966E-005  0.47746210E+000  0.49020441E+001  0.29397592E+002  0.77039025E+002  0.16749216E+003  0.19535245E+003
 -0.40786945E+000 -0.24134249E+000 -0.31469641E-001 -0.34419053E-005 -0.12491936E-005  0.47737708E+000  0.49020263E+001  0.29397387E+002  0.77039025E+002  0.16749216E+003  0.19535245E+003
 -0.40787039E+000 -0.24134428E+000 -0.31470721E-001 -0.34421780E-005 -0.12494633E-005  0.47729623E+000  0.49020036E+001  0.29397147E+002  0.77039025E+002  0.16749216E+003  0.19535245E+003
 -0.40787125E+000 -0.24134593E+000 -0.31471709E-001 -0.34424254E-005 -0.12497069E-005  0.47721969E+000  0.49019765E+001  0.29396876E+002  0.77039025E+002  0.16749216E+003  0.19535245E+003
 -0.40787203E+000 -0.24134742E+000 -0.31472609E-001 -0.34426475E-005 -0.12499246E-005  0.47714756E+000  0.49019451E+001  0.29396577E+002  0.77039025E+002  0.16749216E+003  0.19535245E+003
 -0.40787274E+000 -0.24134879E+000 -0.31473427E-001 -0.34428492E-005 -0.12501205E-005  0.47707983E+000  0.49019097E+001  0.29396253E+002  0.77039025E+002  0.16749215E+003  0.19535245E+003
 -0.40787338E+000 -0.24135002E+000 -0.31474168E-001 -0.34430295E-005 -0.12502943E-005  0.47701648E+000  0.49018706E+001  0.29395906E+002  0.77039025E+002  0.16749215E+003  0.19535245E+003
 -0.40787395E+000 -0.24135114E+000 -0.31474835E-001 -0.34431901E-005 -0.12504474E-005  0.47695744E+000  0.49018283E+001  0.29395538E+002  0.77039025E+002  0.16749215E+003  0.19535245E+003
 -0.40787447E+000 -0.24135215E+000 -0.31475436E-001 -0.34433340E-005 -0.12505828E-005  0.47690254E+000  0.49017829E+001  0.29395153E+002  0.77039025E+002  0.16749215E+003  0.19535245E+003
 -0.40787493E+000 -0.24135305E+000 -0.31475974E-001 -0.34434610E-005 -0.12507006E-005  0.47685163E+000  0.49017349E+001  0.29394751E+002  0.77039025E+002  0.16749215E+003  0.19535245E+003
 -0.40787535E+000 -0.24135386E+000 -0.31476455E-001 -0.34435742E-005 -0.12508037E-005  0.47680448E+000  0.49016847E+001  0.29394396E+002  0.77039025E+002  0.16749215E+003  0.19535245E+003
 -0.40787571E+000 -0.24135458E+000 -0.31476883E-001 -0.34436735E-005 -0.12508925E-005  0.47676088E+000  0.49016325E+001  0.29394043E+002  0.77039025E+002  0.16749215E+003  0.19535245E+003
 -0.40787604E+000 -0.24135522E+000 -0.31477262E-001 -0.34437609E-005 -0.12509691E-005  0.47672057E+000  0.49015788E+001  0.29393681E+002  0.77039025E+002  0.16749215E+003  0.19535245E+003
 -0.40787633E+000 -0.24135579E+000 -0.31477598E-001 -0.34438384E-005 -0.12510356E-005  0.47668327E+000  0.49015239E+001  0.29393310E+002  0.77039025E+002  0.16749215E+003  0.19535245E+003
 -0.40787658E+000 -0.24135629E+000 -0.31477895E-001 -0.34439054E-005 -0.12510919E-005  0.47664877E+000  0.49014681E+001  0.29392932E+002  0.77039025E+002  0.16749215E+003  0.19535245E+003
 -0.40787680E+000 -0.24135673E+000 -0.31478157E-001 -0.34439651E-005 -0.12511411E-005  0.47661677E+000  0.49014118E+001  0.29392549E+002  0.77039024E+002  0.16749215E+003  0.19535245E+003
 -0.40787700E+000 -0.24135712E+000 -0.31478387E-001 -0.34440174E-005 -0.12511836E-005  0.47658704E+000  0.49013552E+001  0.29392159E+002  0.77039024E+002  0.16749215E+003  0.19535245E+003
 -0.40787717E+000 -0.24135746E+000 -0.31478589E-001 -0.34440632E-005 -0.12512207E-005  0.47655937E+000  0.49012987E+001  0.29391766E+002  0.77039024E+002  0.16749215E+003  0.19535245E+003
 -0.40787732E+000 -0.24135776E+000 -0.31478767E-001 -0.34441041E-005 -0.12512538E-005  0.47653352E+000  0.49012424E+001  0.29391370E+002  0.77039024E+002  0.16749215E+003  0.19535244E+003
 -0.40787745E+000 -0.24135803E+000 -0.31478923E-001 -0.34441401E-005 -0.12512834E-005  0.47650933E+000  0.49011865E+001  0.29390972E+002  0.77039024E+002  0.16749215E+003  0.19535244E+003
 -0.40787756E+000 -0.24135826E+000 -0.31479061E-001 -0.34441728E-005 -0.12513110E-005  0.47648662E+000  0.49011312E+001  0.29390572E+002  0.77039024E+002  0.16749215E+003  0.19535244E+003
 -0.40787766E+000 -0.24135846E+000 -0.31479182E-001 -0.34442021E-005 -0.12513367E-005  0.47646526E+000  0.49010765E+001  0.29390172E+002  0.77039024E+002  0.16749215E+003  0.19535244E+003
 -0.40787775E+000 -0.24135864E+000 -0.31479289E-001 -0.34442287E-005 -0.12513614E-005  0.47644512E+000  0.49010226E+001  0.29389772E+002  0.77039024E+002  0.16749215E+003  0.19535244E+003
 -0.40787783E+000 -0.24135879E+000 -0.31479384E-001 -0.34442538E-005 -0.12513859E-005  0.47642608E+000  0.49009696E+001  0.29389373E+002  0.77039024E+002  0.16749215E+003  0.19535244E+003
 -0.40787789E+000 -0.24135893E+000 -0.31479469E-001 -0.34442764E-005 -0.12514096E-005  0.47640811E+000  0.49009175E+001  0.29388977E+002  0.77039024E+002  0.16749215E+003  0.19535244E+003
 -0.40787795E+000 -0.24135905E+000 -0.31479544E-001 -0.34442979E-005 -0.12514334E-005  0.47639111E+000  0.49008664E+001  0.29388584E+002  0.77039024E+002  0.16749215E+003  0.19535244E+003
 -0.40787800E+000 -0.24135916E+000 -0.31479612E-001 -0.34443184E-005 -0.12514575E-005  0.47637501E+000  0.49008162E+001  0.29388194E+002  0.77039024E+002  0.16749215E+003  0.19535244E+003
 -0.40787805E+000 -0.24135926E+000 -0.31479674E-001 -0.34443377E-005 -0.12514815E-005  0.47635980E+000  0.49007670E+001  0.29387809E+002  0.77039024E+002  0.16749215E+003  0.19535244E+003
 -0.40787809E+000 -0.24135935E+000 -0.31479730E-001 -0.34443564E-005 -0.12515056E-005  0.47634542E+000  0.49007188E+001  0.29387429E+002  0.77039024E+002  0.16749215E+003  0.19535244E+003
 -0.40787813E+000 -0.24135943E+000 -0.31479781E-001 -0.34443742E-005 -0.12515296E-005  0.47633185E+000  0.49006717E+001  0.29387055E+002  0.77039024E+002  0.16749215E+003  0.19535244E+003
 -0.40787816E+000 -0.24135950E+000 -0.31479827E-001 -0.34443916E-005 -0.12515536E-005  0.47631906E+000  0.49006256E+001  0.29386688E+002  0.77039024E+002  0.16749215E+003  0.19535244E+003
 -0.40787819E+000 -0.24135956E+000 -0.31479870E-001 -0.34444083E-005 -0.12515773E-005  0.47630702E+000  0.49005806E+001  0.29386328E+002  0.77039024E+002  0.16749215E+003  0.19535244E+003
 -0.40787821E+000 -0.24135962E+000 -0.31479910E-001 -0.34444244E-005 -0.12516006E-005  0.47629573E+000  0.49005366E+001  0.29385976E+002  0.77039024E+002  0.16749215E+003  0.19535244E+003
 -0.40787824E+000 -0.24135967E+000 -0.31479947E-001 -0.34444403E-005 -0.12516236E-005  0.47628513E+000  0.49004938E+001  0.29385632E+002  0.77039024E+002  0.16749215E+003  0.19535244E+003
 -0.40787826E+000 -0.24135972E+000 -0.31479981E-001 -0.34444555E-005 -0.12516460E-005  0.47627522E+000  0.49004521E+001  0.29385297E+002  0.77039024E+002  0.16749215E+003  0.19535244E+003
 -0.40787828E+000 -0.24135976E+000 -0.31480013E-001 -0.34444702E-005 -0.12516676E-005  0.47626597E+000  0.49004115E+001  0.29384972E+002  0.77039024E+002  0.16749215E+003  0.19535244E+003
 -0.40787830E+000 -0.24135980E+000 -0.31480043E-001 -0.34444846E-005 -0.12516887E-005  0.47625734E+000  0.49003721E+001  0.29384657E+002  0.77039024E+002  0.16749215E+003  0.19535244E+003
 -0.40787831E+000 -0.24135984E+000 -0.31480071E-001 -0.34444982E-005 -0.12517087E-005  0.47624933E+000  0.49003338E+001  0.29384351E+002  0.77039023E+002  0.16749215E+003  0.19535244E+003
 -0.40787833E+000 -0.24135987E+000 -0.31480097E-001 -0.34445116E-005 -0.12517281E-005  0.47624187E+000  0.49002967E+001  0.29384056E+002  0.77039023E+002  0.16749215E+003  0.19535244E+003
 -0.40787834E+000 -0.24135990E+000 -0.31480122E-001 -0.34445244E-005 -0.12517467E-005  0.47623495E+000  0.49002608E+001  0.29383771E+002  0.77039023E+002  0.16749215E+003  0.19535244E+003
 -0.40787835E+000 -0.24135993E+000 -0.31480145E-001 -0.34445367E-005 -0.12517642E-005  0.47622854E+000  0.49002261E+001  0.29383497E+002  0.77039023E+002  0.16749215E+003  0.19535244E+003
 -0.40787836E+000 -0.24135996E+000 -0.31480167E-001 -0.34445486E-005 -0.12517809E-005  0.47622260E+000  0.49001925E+001  0.29383233E+002  0.77039023E+002  0.16749215E+003  0.19535244E+003
 -0.40787838E+000 -0.24135998E+000 -0.31480187E-001 -0.34445599E-005 -0.12517967E-005  0.47621709E+000  0.49001601E+001  0.29382980E+002  0.77039023E+002  0.16749215E+003  0.19535243E+003
 -0.40787838E+000 -0.24136000E+000 -0.31480207E-001 -0.34445708E-005 -0.12518115E-005  0.47621198E+000  0.49001288E+001  0.29382737E+002  0.77039023E+002  0.16749215E+003  0.19535243E+003
 -0.40787839E+000 -0.24136003E+000 -0.31480225E-001 -0.34445812E-005 -0.12518255E-005  0.47620724E+000  0.49000987E+001  0.29382504E+002  0.77039023E+002  0.16749215E+003  0.19535243E+003
 -0.40787840E+000 -0.24136004E+000 -0.31480242E-001 -0.34445910E-005 -0.12518386E-005  0.47620285E+000  0.49000697E+001  0.29382281E+002  0.77039023E+002  0.16749215E+003  0.19535243E+003
 -0.40787841E+000 -0.24136006E+000 -0.31480259E-001 -0.34446003E-005 -0.12518507E-005  0.47619877E+000  0.49000418E+001  0.29382067E+002  0.77039023E+002  0.16749215E+003  0.19535243E+003
 -0.40787842E+000 -0.24136008E+000 -0.31480274E-001 -0.34446093E-005 -0.12518621E-005  0.47619498E+000  0.49000150E+001  0.29381863E+002  0.77039023E+002  0.16749215E+003  0.19535243E+003
 -0.40787842E+000 -0.24136010E+000 -0.31480288E-001 -0.34446177E-005 -0.12518726E-005  0.47619146E+000  0.48999892E+001  0.29381667E+002  0.77039023E+002  0.16749215E+003  0.19535243E+003
 -0.40787843E+000 -0.24136011E+000 -0.31480302E-001 -0.34446255E-005 -0.12518822E-005  0.47618820E+000  0.48999644E+001  0.29381480E+002  0.77039023E+002  0.16749215E+003  0.19535243E+003
 -0.40787844E+000 -0.24136012E+000 -0.31480314E-001 -0.34446329E-005 -0.12518911E-005  0.47618517E+000  0.48999406E+001  0.29381300E+002  0.77039023E+002  0.16749215E+003  0.19535243E+003
 -0.40787844E+000 -0.24136014E+000 -0.31480326E-001 -0.34446399E-005 -0.12518991E-005  0.47618237E+000  0.48999178E+001  0.29381128E+002  0.77039023E+002  0.16749215E+003  0.19535243E+003
 -0.40787845E+000 -0.24136015E+000 -0.31480337E-001 -0.34446463E-005 -0.12519064E-005  0.47617980E+000  0.48998959E+001  0.29380963E+002  0.77039023E+002  0.16749215E+003  0.19535243E+003
 -0.40787845E+000 -0.24136016E+000 -0.31480347E-001 -0.34446523E-005 -0.12519129E-005  0.47617744E+000  0.48998750E+001  0.29380804E+002  0.77039023E+002  0.16749215E+003  0.19535243E+003
 -0.40787846E+000 -0.24136017E+000 -0.31480357E-001 -0.34446578E-005 -0.12519186E-005  0.47617530E+000  0.48998550E+001  0.29380663E+002  0.77039023E+002  0.16749215E+003  0.19535243E+003
 -0.40787846E+000 -0.24136018E+000 -0.31480365E-001 -0.34446630E-005 -0.12519238E-005  0.47617336E+000  0.48998359E+001  0.29380558E+002  0.77039023E+002  0.16749215E+003  0.19535243E+003
 -0.40787846E+000 -0.24136019E+000 -0.31480373E-001 -0.34446676E-005 -0.12519281E-005  0.47617163E+000  0.48998178E+001  0.29380456E+002  0.77039023E+002  0.16749215E+003  0.19535243E+003
 -0.40787847E+000 -0.24136019E+000 -0.31480380E-001 -0.34446719E-005 -0.12519319E-005  0.47617010E+000  0.48998005E+001  0.29380357E+002  0.77039023E+002  0.16749215E+003  0.19535243E+003
 -0.40787847E+000 -0.24136020E+000 -0.31480386E-001 -0.34446757E-005 -0.12519350E-005  0.47616878E+000  0.48997842E+001  0.29380263E+002  0.77039023E+002  0.16749215E+003  0.19535243E+003
 -0.40787847E+000 -0.24136021E+000 -0.31480392E-001 -0.34446792E-005 -0.12519375E-005  0.47616765E+000  0.48997688E+001  0.29380171E+002  0.77039023E+002  0.16749215E+003  0.19535243E+003
 -0.40787847E+000 -0.24136021E+000 -0.31480396E-001 -0.34446823E-005 -0.12519395E-005  0.47616673E+000  0.48997544E+001  0.29380082E+002  0.77039023E+002  0.16749215E+003  0.19535243E+003
 -0.40787847E+000 -0.24136021E+000 -0.31480401E-001 -0.34446850E-005 -0.12519409E-005  0.47616600E+000  0.48997408E+001  0.29379996E+002  0.77039023E+002  0.16749215E+003  0.19535243E+003
 -0.40787848E+000 -0.24136022E+000 -0.31480404E-001 -0.34446874E-005 -0.12519418E-005  0.47616547E+000  0.48997281E+001  0.29379913E+002  0.77039023E+002  0.16749215E+003  0.19535243E+003
 -0.40787848E+000 -0.24136022E+000 -0.31480407E-001 -0.34446894E-005 -0.12519423E-005  0.47616512E+000  0.48997164E+001  0.29379832E+002  0.77039023E+002  0.16749215E+003  0.19535243E+003
 -0.40787848E+000 -0.24136022E+000 -0.31480409E-001 -0.34446912E-005 -0.12519423E-005  0.47616495E+000  0.48997056E+001  0.29379753E+002  0.77039023E+002  0.16749215E+003  0.19535243E+003
 -0.40787848E+000 -0.24136022E+000 -0.31480411E-001 -0.34446927E-005 -0.12519420E-005  0.47616495E+000  0.48996956E+001  0.29379677E+002  0.77039023E+002  0.16749215E+003  0.19535243E+003
 -0.40787848E+000 -0.24136022E+000 -0.31480413E-001 -0.34446940E-005 -0.12519413E-005  0.47616513E+000  0.48996865E+001  0.29379603E+002  0.77039023E+002  0.16749215E+003  0.19535243E+003
 -0.40787847E+000 -0.24136022E+000 -0.31480414E-001 -0.34446950E-005 -0.12519403E-005  0.47616546E+000  0.48996783E+001  0.29379531E+002  0.77039023E+002  0.16749215E+003  0.19535243E+003
 -0.40787847E+000 -0.24136022E+000 -0.31480414E-001 -0.34446958E-005 -0.12519390E-005  0.47616595E+000  0.48996709E+001  0.29379462E+002  0.77039023E+002  0.16749215E+003  0.19535243E+003
 -0.40787847E+000 -0.24136022E+000 -0.31480414E-001 -0.34446964E-005 -0.12519374E-005  0.47616658E+000  0.48996643E+001  0.29379394E+002  0.77039023E+002  0.16749215E+003  0.19535243E+003
 -0.40787847E+000 -0.24136022E+000 -0.31480414E-001 -0.34446968E-005 -0.12519356E-005  0.47616734E+000  0.48996586E+001  0.29379329E+002  0.77039023E+002  0.16749215E+003  0.19535243E+003
 -0.40787847E+000 -0.24136021E+000 -0.31480414E-001 -0.34446970E-005 -0.12519337E-005  0.47616824E+000  0.48996535E+001  0.29379265E+002  0.77039023E+002  0.16749215E+003  0.19535243E+003
 -0.40787847E+000 -0.24136021E+000 -0.31480413E-001 -0.34446971E-005 -0.12519315E-005  0.47616925E+000  0.48996492E+001  0.29379203E+002  0.77039023E+002  0.16749215E+003  0.19535243E+003
 -0.40787846E+000 -0.24136021E+000 -0.31480412E-001 -0.34446971E-005 -0.12519292E-005  0.47617037E+000  0.48996456E+001  0.29379144E+002  0.77039023E+002  0.16749215E+003  0.19535243E+003
 -0.40787846E+000 -0.24136020E+000 -0.31480411E-001 -0.34446969E-005 -0.12519267E-005  0.47617160E+000  0.48996426E+001  0.29379086E+002  0.77039023E+002  0.16749215E+003  0.19535243E+003
 -0.40787846E+000 -0.24136020E+000 -0.31480409E-001 -0.34446967E-005 -0.12519242E-005  0.47617293E+000  0.48996403E+001  0.29379031E+002  0.77039023E+002  0.16749215E+003  0.19535243E+003
 -0.40787846E+000 -0.24136020E+000 -0.31480408E-001 -0.34446963E-005 -0.12519215E-005  0.47617434E+000  0.48996386E+001  0.29378977E+002  0.77039023E+002  0.16749215E+003  0.19535243E+003
 -0.40787845E+000 -0.24136019E+000 -0.31480406E-001 -0.34446959E-005 -0.12519188E-005  0.47617584E+000  0.48996374E+001  0.29378925E+002  0.77039023E+002  0.16749215E+003  0.19535243E+003
 -0.40787845E+000 -0.24136019E+000 -0.31480404E-001 -0.34446954E-005 -0.12519160E-005  0.47617741E+000  0.48996368E+001  0.29378875E+002  0.77039023E+002  0.16749215E+003  0.19535243E+003
 -0.40787845E+000 -0.24136018E+000 -0.31480402E-001 -0.34446948E-005 -0.12519132E-005  0.47617905E+000  0.48996366E+001  0.29378827E+002  0.77039023E+002  0.16749215E+003  0.19535243E+003
 -0.40787844E+000 -0.24136018E+000 -0.31480400E-001 -0.34446941E-005 -0.12519104E-005  0.47618076E+000  0.48996370E+001  0.29378781E+002  0.77039023E+002  0.16749215E+003  0.19535243E+003
 -0.40787844E+000 -0.24136017E+000 -0.31480398E-001 -0.34446934E-005 -0.12519075E-005  0.47618253E+000  0.48996377E+001  0.29378736E+002  0.77039023E+002  0.16749215E+003  0.19535243E+003
 -0.40787844E+000 -0.24136017E+000 -0.31480396E-001 -0.34446927E-005 -0.12519047E-005  0.47618435E+000  0.48996389E+001  0.29378694E+002  0.77039023E+002  0.16749215E+003  0.19535243E+003
 -0.40787843E+000 -0.24136016E+000 -0.31480393E-001 -0.34446919E-005 -0.12519018E-005  0.47618621E+000  0.48996405E+001  0.29378653E+002  0.77039023E+002  0.16749215E+003  0.19535243E+003
 -0.40787843E+000 -0.24136016E+000 -0.31480391E-001 -0.34446911E-005 -0.12518989E-005  0.47618812E+000  0.48996425E+001  0.29378614E+002  0.77039023E+002  0.16749215E+003  0.19535243E+003
 -0.40787843E+000 -0.24136015E+000 -0.31480388E-001 -0.34446902E-005 -0.12518961E-005  0.47619007E+000  0.48996448E+001  0.29378577E+002  0.77039023E+002  0.16749215E+003  0.19535243E+003
 -0.40787842E+000 -0.24136015E+000 -0.31480386E-001 -0.34446894E-005 -0.12518932E-005  0.47619205E+000  0.48996475E+001  0.29378542E+002  0.77039023E+002  0.16749215E+003  0.19535243E+003
 -0.40787842E+000 -0.24136014E+000 -0.31480383E-001 -0.34446885E-005 -0.12518905E-005  0.47619406E+000  0.48996504E+001  0.29378509E+002  0.77039023E+002  0.16749215E+003  0.19535243E+003
 -0.40787842E+000 -0.24136014E+000 -0.31480381E-001 -0.34446876E-005 -0.12518877E-005  0.47619609E+000  0.48996537E+001  0.29378478E+002  0.77039023E+002  0.16749215E+003  0.19535243E+003
 -0.40787841E+000 -0.24136013E+000 -0.31480378E-001 -0.34446867E-005 -0.12518850E-005  0.47619814E+000  0.48996572E+001  0.29378448E+002  0.77039023E+002  0.16749215E+003  0.19535243E+003
 -0.40787841E+000 -0.24136013E+000 -0.31480375E-001 -0.34446858E-005 -0.12518823E-005  0.47620020E+000  0.48996609E+001  0.29378420E+002  0.77039023E+002  0.16749215E+003  0.19535243E+003
 -0.40787841E+000 -0.24136012E+000 -0.31480373E-001 -0.34446849E-005 -0.12518797E-005  0.47620226E+000  0.48996649E+001  0.29378394E+002  0.77039023E+002  0.16749215E+003  0.19535243E+003
 -0.40787840E+000 -0.24136011E+000 -0.31480370E-001 -0.34446840E-005 -0.12518771E-005  0.47620434E+000  0.48996691E+001  0.29378370E+002  0.77039023E+002  0.16749215E+003  0.19535243E+003
 -0.40787840E+000 -0.24136011E+000 -0.31480367E-001 -0.34446831E-005 -0.12518746E-005  0.47620641E+000  0.48996735E+001  0.29378348E+002  0.77039023E+002  0.16749215E+003  0.19535243E+003
 -0.40787840E+000 -0.24136010E+000 -0.31480365E-001 -0.34446822E-005 -0.12518721E-005  0.47620847E+000  0.48996781E+001  0.29378327E+002  0.77039023E+002  0.16749215E+003  0.19535243E+003
 -0.40787839E+000 -0.24136010E+000 -0.31480362E-001 -0.34446812E-005 -0.12518697E-005  0.47621052E+000  0.48996828E+001  0.29378308E+002  0.77039023E+002  0.16749215E+003  0.19535243E+003
 -0.40787839E+000 -0.24136009E+000 -0.31480360E-001 -0.34446804E-005 -0.12518673E-005  0.47621256E+000  0.48996877E+001  0.29378290E+002  0.77039023E+002  0.16749215E+003  0.19535243E+003
 -0.40787839E+000 -0.24136009E+000 -0.31480357E-001 -0.34446795E-005 -0.12518650E-005  0.47621457E+000  0.48996927E+001  0.29378275E+002  0.77039023E+002  0.16749215E+003  0.19535243E+003
 -0.40787838E+000 -0.24136008E+000 -0.31480354E-001 -0.34446786E-005 -0.12518628E-005  0.47621656E+000  0.48996978E+001  0.29378261E+002  0.77039023E+002  0.16749215E+003  0.19535243E+003
 -0.40787838E+000 -0.24136008E+000 -0.31480352E-001 -0.34446778E-005 -0.12518607E-005  0.47621853E+000  0.48997030E+001  0.29378248E+002  0.77039023E+002  0.16749215E+003  0.19535243E+003
 -0.40787838E+000 -0.24136007E+000 -0.31480349E-001 -0.34446769E-005 -0.12518586E-005  0.47622046E+000  0.48997083E+001  0.29378237E+002  0.77039023E+002  0.16749215E+003  0.19535243E+003
 -0.40787837E+000 -0.24136007E+000 -0.31480347E-001 -0.34446761E-005 -0.12518566E-005  0.47622235E+000  0.48997136E+001  0.29378228E+002  0.77039023E+002  0.16749215E+003  0.19535243E+003
 -0.40787837E+000 -0.24136006E+000 -0.31480345E-001 -0.34446753E-005 -0.12518547E-005  0.47622420E+000  0.48997190E+001  0.29378220E+002  0.77039023E+002  0.16749215E+003  0.19535243E+003
 -0.40787837E+000 -0.24136006E+000 -0.31480342E-001 -0.34446746E-005 -0.12518528E-005  0.47622602E+000  0.48997244E+001  0.29378214E+002  0.77039023E+002  0.16749215E+003  0.19535243E+003
 -0.40787836E+000 -0.24136005E+000 -0.31480340E-001 -0.34446738E-005 -0.12518511E-005  0.47622778E+000  0.48997298E+001  0.29378208E+002  0.77039023E+002  0.16749215E+003  0.19535243E+003
 -0.40787836E+000 -0.24136005E+000 -0.31480338E-001 -0.34446731E-005 -0.12518493E-005  0.47622950E+000  0.48997353E+001  0.29378205E+002  0.77039023E+002  0.16749215E+003  0.19535243E+003
 -0.40787836E+000 -0.24136004E+000 -0.31480336E-001 -0.34446724E-005 -0.12518477E-005  0.47623117E+000  0.48997407E+001  0.29378202E+002  0.77039023E+002  0.16749215E+003  0.19535243E+003
 -0.40787836E+000 -0.24136004E+000 -0.31480334E-001 -0.34446717E-005 -0.12518462E-005  0.47623279E+000  0.48997461E+001  0.29378201E+002  0.77039023E+002  0.16749215E+003  0.19535243E+003
 -0.40787835E+000 -0.24136004E+000 -0.31480332E-001 -0.34446711E-005 -0.12518447E-005  0.47623436E+000  0.48997515E+001  0.29378201E+002  0.77039023E+002  0.16749215E+003  0.19535243E+003
 -0.40787835E+000 -0.24136003E+000 -0.31480330E-001 -0.34446704E-005 -0.12518433E-005  0.47623587E+000  0.48997568E+001  0.29378202E+002  0.77039023E+002  0.16749215E+003  0.19535243E+003
 -0.40787835E+000 -0.24136003E+000 -0.31480328E-001 -0.34446698E-005 -0.12518420E-005  0.47623732E+000  0.48997621E+001  0.29378204E+002  0.77039023E+002  0.16749215E+003  0.19535243E+003
 -0.40787835E+000 -0.24136002E+000 -0.31480326E-001 -0.34446693E-005 -0.12518407E-005  0.47623872E+000  0.48997673E+001  0.29378207E+002  0.77039023E+002  0.16749215E+003  0.19535243E+003
 -0.40787834E+000 -0.24136002E+000 -0.31480324E-001 -0.34446687E-005 -0.12518395E-005  0.47624006E+000  0.48997724E+001  0.29378212E+002  0.77039023E+002  0.16749215E+003  0.19535243E+003
 -0.40787834E+000 -0.24136002E+000 -0.31480323E-001 -0.34446682E-005 -0.12518384E-005  0.47624134E+000  0.48997775E+001  0.29378217E+002  0.77039023E+002  0.16749215E+003  0.19535243E+003
 -0.40787834E+000 -0.24136001E+000 -0.31480321E-001 -0.34446677E-005 -0.12518373E-005  0.47624257E+000  0.48997825E+001  0.29378223E+002  0.77039023E+002  0.16749215E+003  0.19535243E+003
 -0.40787834E+000 -0.24136001E+000 -0.31480320E-001 -0.34446672E-005 -0.12518364E-005  0.47624374E+000  0.48997873E+001  0.29378230E+002  0.77039023E+002  0.16749215E+003  0.19535243E+003
 -0.40787834E+000 -0.24136001E+000 -0.31480318E-001 -0.34446668E-005 -0.12518355E-005  0.47624485E+000  0.48997921E+001  0.29378237E+002  0.77039023E+002  0.16749215E+003  0.19535243E+003
 -0.40787833E+000 -0.24136001E+000 -0.31480317E-001 -0.34446664E-005 -0.12518346E-005  0.47624590E+000  0.48997968E+001  0.29378246E+002  0.77039023E+002  0.16749215E+003  0.19535243E+003
 -0.40787833E+000 -0.24136000E+000 -0.31480316E-001 -0.34446660E-005 -0.12518338E-005  0.47624690E+000  0.48998013E+001  0.29378255E+002  0.77039023E+002  0.16749215E+003  0.19535243E+003
 -0.40787833E+000 -0.24136000E+000 -0.31480315E-001 -0.34446656E-005 -0.12518331E-005  0.47624785E+000  0.48998057E+001  0.29378264E+002  0.77039023E+002  0.16749215E+003  0.19535243E+003
 -0.40787833E+000 -0.24136000E+000 -0.31480314E-001 -0.34446653E-005 -0.12518324E-005  0.47624874E+000  0.48998100E+001  0.29378275E+002  0.77039023E+002  0.16749215E+003  0.19535243E+003
 -0.40787833E+000 -0.24136000E+000 -0.31480313E-001 -0.34446649E-005 -0.12518318E-005  0.47624958E+000  0.48998142E+001  0.29378286E+002  0.77039023E+002  0.16749215E+003  0.19535243E+003
 -0.40787833E+000 -0.24136000E+000 -0.31480312E-001 -0.34446646E-005 -0.12518312E-005  0.47625037E+000  0.48998182E+001  0.29378297E+002  0.77039023E+002  0.16749215E+003  0.19535243E+003
 -0.40787833E+000 -0.24135999E+000 -0.31480311E-001 -0.34446643E-005 -0.12518307E-005  0.47625111E+000  0.48998221E+001  0.29378308E+002  0.77039023E+002  0.16749215E+003  0.19535243E+003
 -0.40787833E+000 -0.24135999E+000 -0.31480310E-001 -0.34446641E-005 -0.12518302E-005  0.47625180E+000  0.48998259E+001  0.29378321E+002  0.77039023E+002  0.16749215E+003  0.19535243E+003
 -0.40787832E+000 -0.24135999E+000 -0.31480309E-001 -0.34446638E-005 -0.12518298E-005  0.47625244E+000  0.48998295E+001  0.29378333E+002  0.77039023E+002  0.16749215E+003  0.19535243E+003
 -0.40787832E+000 -0.24135999E+000 -0.31480309E-001 -0.34446636E-005 -0.12518295E-005  0.47625304E+000  0.48998330E+001  0.29378346E+002  0.77039023E+002  0.16749215E+003  0.19535243E+003
 -0.40787832E+000 -0.24135999E+000 -0.31480308E-001 -0.34446634E-005 -0.12518291E-005  0.47625359E+000  0.48998363E+001  0.29378358E+002  0.77039023E+002  0.16749215E+003  0.19535243E+003
 -0.40787832E+000 -0.24135999E+000 -0.31480307E-001 -0.34446632E-005 -0.12518288E-005  0.47625410E+000  0.48998395E+001  0.29378372E+002  0.77039023E+002  0.16749215E+003  0.19535243E+003
 -0.40787832E+000 -0.24135999E+000 -0.31480307E-001 -0.34446630E-005 -0.12518286E-005  0.47625457E+000  0.48998425E+001  0.29378385E+002  0.77039023E+002  0.16749215E+003  0.19535243E+003
 -0.40787832E+000 -0.24135998E+000 -0.31480306E-001 -0.34446629E-005 -0.12518284E-005  0.47625500E+000  0.48998455E+001  0.29378398E+002  0.77039023E+002  0.16749215E+003  0.19535243E+003
 -0.40787832E+000 -0.24135998E+000 -0.31480306E-001 -0.34446628E-005 -0.12518282E-005  0.47625539E+000  0.48998482E+001  0.29378411E+002  0.77039023E+002  0.16749215E+003  0.19535243E+003
 -0.40787832E+000 -0.24135998E+000 -0.31480305E-001 -0.34446626E-005 -0.12518281E-005  0.47625575E+000  0.48998509E+001  0.29378425E+002  0.77039023E+002  0.16749215E+003  0.19535243E+003
 -0.40787832E+000 -0.24135998E+000 -0.31480305E-001 -0.34446625E-005 -0.12518280E-005  0.47625606E+000  0.48998533E+001  0.29378438E+002  0.77039023E+002  0.16749215E+003  0.19535243E+003
 -0.40787832E+000 -0.24135998E+000 -0.31480305E-001 -0.34446624E-005 -0.12518279E-005  0.47625635E+000  0.48998557E+001  0.29378452E+002  0.77039023E+002  0.16749215E+003  0.19535243E+003
 -0.40787832E+000 -0.24135998E+000 -0.31480304E-001 -0.34446623E-005 -0.12518278E-005  0.47625660E+000  0.48998579E+001  0.29378465E+002  0.77039023E+002  0.16749215E+003  0.19535243E+003
 -0.40787832E+000 -0.24135998E+000 -0.31480304E-001 -0.34446623E-005 -0.12518278E-005  0.47625682E+000  0.48998600E+001  0.29378478E+002  0.77039023E+002  0.16749215E+003  0.19535243E+003
 -0.40787832E+000 -0.24135998E+000 -0.31480304E-001 -0.34446622E-005 -0.12518278E-005  0.47625701E+000  0.48998619E+001  0.29378491E+002  0.77039023E+002  0.16749215E+003  0.19535243E+003
 -0.40787832E+000 -0.24135998E+000 -0.31480304E-001 -0.34446622E-005 -0.12518278E-005  0.47625718E+000  0.48998638E+001  0.29378504E+002  0.77039023E+002  0.16749215E+003  0.19535243E+003
 -0.40787832E+000 -0.24135998E+000 -0.31480304E-001 -0.34446621E-005 -0.12518279E-005  0.47625731E+000  0.48998655E+001  0.29378516E+002  0.77039023E+002  0.16749215E+003  0.19535243E+003
 -0.40787832E+000 -0.24135998E+000 -0.31480303E-001 -0.34446621E-005 -0.12518279E-005  0.47625743E+000  0.48998670E+001  0.29378529E+002  0.77039023E+002  0.16749215E+003  0.19535243E+003
 -0.40787832E+000 -0.24135998E+000 -0.31480303E-001 -0.34446621E-005 -0.12518280E-005  0.47625751E+000  0.48998685E+001  0.29378541E+002  0.77039023E+002  0.16749215E+003  0.19535243E+003
 -0.40787832E+000 -0.24135998E+000 -0.31480303E-001 -0.34446621E-005 -0.12518281E-005  0.47625758E+000  0.48998698E+001  0.29378553E+002  0.77039023E+002  0.16749215E+003  0.19535243E+003
 -0.40787832E+000 -0.24135998E+000 -0.31480303E-001 -0.34446621E-005 -0.12518282E-005  0.47625763E+000  0.48998711E+001  0.29378564E+002  0.77039023E+002  0.16749215E+003  0.19535243E+003
 -0.40787832E+000 -0.24135998E+000 -0.31480303E-001 -0.34446621E-005 -0.12518284E-005  0.47625765E+000  0.48998722E+001  0.29378576E+002  0.77039023E+002  0.16749215E+003  0.19535243E+003
 -0.40787832E+000 -0.24135998E+000 -0.31480303E-001 -0.34446621E-005 -0.12518285E-005  0.47625766E+000  0.48998732E+001  0.29378587E+002  0.77039023E+002  0.16749215E+003  0.19535243E+003
 -0.40787832E+000 -0.24135998E+000 -0.31480303E-001 -0.34446621E-005 -0.12518287E-005  0.47625765E+000  0.48998741E+001  0.29378597E+002  0.77039023E+002  0.16749215E+003  0.19535243E+003
 -0.40787832E+000 -0.24135998E+000 -0.31480303E-001 -0.34446621E-005 -0.12518288E-005  0.47625762E+000  0.48998749E+001  0.29378607E+002  0.77039023E+002  0.16749215E+003  0.19535243E+003
 -0.40787832E+000 -0.24135998E+000 -0.31480303E-001 -0.34446621E-005 -0.12518290E-005  0.47625758E+000  0.48998756E+001  0.29378617E+002  0.77039023E+002  0.16749215E+003  0.19535243E+003
 -0.40787832E+000 -0.24135998E+000 -0.31480304E-001 -0.34446622E-005 -0.12518292E-005  0.47625752E+000  0.48998763E+001  0.29378627E+002  0.77039023E+002  0.16749215E+003  0.19535243E+003
 -0.40787832E+000 -0.24135998E+000 -0.31480304E-001 -0.34446622E-005 -0.12518293E-005  0.47625745E+000  0.48998768E+001  0.29378636E+002  0.77039023E+002  0.16749215E+003  0.19535243E+003
 -0.40787832E+000 -0.24135998E+000 -0.31480304E-001 -0.34446623E-005 -0.12518295E-005  0.47625737E+000  0.48998773E+001  0.29378645E+002  0.77039023E+002  0.16749215E+003  0.19535243E+003
 -0.40787832E+000 -0.24135998E+000 -0.31480304E-001 -0.34446623E-005 -0.12518297E-005  0.47625728E+000  0.48998777E+001  0.29378653E+002  0.77039023E+002  0.16749215E+003  0.19535243E+003
 -0.40787832E+000 -0.24135998E+000 -0.31480304E-001 -0.34446624E-005 -0.12518299E-005  0.47625718E+000  0.48998780E+001  0.29378661E+002  0.77039023E+002  0.16749215E+003  0.19535243E+003
 -0.40787832E+000 -0.24135998E+000 -0.31480304E-001 -0.34446624E-005 -0.12518301E-005  0.47625708E+000  0.48998783E+001  0.29378669E+002  0.77039023E+002  0.16749215E+003  0.19535243E+003
 -0.40787832E+000 -0.24135998E+000 -0.31480304E-001 -0.34446625E-005 -0.12518303E-005  0.47625696E+000  0.48998785E+001  0.29378676E+002  0.77039023E+002  0.16749215E+003  0.19535243E+003
 -0.40787832E+000 -0.24135998E+000 -0.31480305E-001 -0.34446625E-005 -0.12518305E-005  0.47625684E+000  0.48998786E+001  0.29378683E+002  0.77039023E+002  0.16749215E+003  0.19535243E+003
 -0.40787832E+000 -0.24135998E+000 -0.31480305E-001 -0.34446626E-005 -0.12518307E-005  0.47625671E+000  0.48998787E+001  0.29378689E+002  0.77039023E+002  0.16749215E+003  0.19535243E+003
 -0.40787832E+000 -0.24135998E+000 -0.31480305E-001 -0.34446627E-005 -0.12518310E-005  0.47625658E+000  0.48998787E+001  0.29378696E+002  0.77039023E+002  0.16749215E+003  0.19535243E+003
 -0.40787832E+000 -0.24135998E+000 -0.31480305E-001 -0.34446627E-005 -0.12518312E-005  0.47625645E+000  0.48998787E+001  0.29378701E+002  0.77039023E+002  0.16749215E+003  0.19535243E+003
 -0.40787832E+000 -0.24135998E+000 -0.31480305E-001 -0.34446628E-005 -0.12518314E-005  0.47625631E+000  0.48998786E+001  0.29378707E+002  0.77039023E+002  0.16749215E+003  0.19535243E+003
 -0.40787832E+000 -0.24135998E+000 -0.31480306E-001 -0.34446628E-005 -0.12518315E-005  0.47625617E+000  0.48998785E+001  0.29378712E+002  0.77039023E+002  0.16749215E+003  0.19535243E+003
 -0.40787832E+000 -0.24135998E+000 -0.31480306E-001 -0.34446629E-005 -0.12518317E-005  0.47625603E+000  0.48998783E+001  0.29378716E+002  0.77039023E+002  0.16749215E+003  0.19535243E+003
 -0.40787832E+000 -0.24135998E+000 -0.31480306E-001 -0.34446630E-005 -0.12518319E-005  0.47625588E+000  0.48998782E+001  0.29378721E+002  0.77039023E+002  0.16749215E+003  0.19535243E+003
 -0.40787832E+000 -0.24135999E+000 -0.31480306E-001 -0.34446630E-005 -0.12518321E-005  0.47625574E+000  0.48998780E+001  0.29378725E+002  0.77039023E+002  0.16749215E+003  0.19535243E+003
 -0.40787832E+000 -0.24135999E+000 -0.31480306E-001 -0.34446631E-005 -0.12518323E-005  0.47625560E+000  0.48998777E+001  0.29378728E+002  0.77039023E+002  0.16749215E+003  0.19535243E+003
 -0.40787832E+000 -0.24135999E+000 -0.31480307E-001 -0.34446632E-005 -0.12518325E-005  0.47625546E+000  0.48998775E+001  0.29378732E+002  0.77039023E+002  0.16749215E+003  0.19535243E+003
 -0.40787832E+000 -0.24135999E+000 -0.31480307E-001 -0.34446632E-005 -0.12518326E-005  0.47625532E+000  0.48998772E+001  0.29378735E+002  0.77039023E+002  0.16749215E+003  0.19535243E+003
 -0.40787832E+000 -0.24135999E+000 -0.31480307E-001 -0.34446633E-005 -0.12518328E-005  0.47625519E+000  0.48998769E+001  0.29378737E+002  0.77039023E+002  0.16749215E+003  0.19535243E+003
 -0.40787832E+000 -0.24135999E+000 -0.31480307E-001 -0.34446633E-005 -0.12518329E-005  0.47625506E+000  0.48998766E+001  0.29378740E+002  0.77039023E+002  0.16749215E+003  0.19535243E+003
 -0.40787832E+000 -0.24135999E+000 -0.31480307E-001 -0.34446634E-005 -0.12518331E-005  0.47625493E+000  0.48998763E+001  0.29378742E+002  0.77039023E+002  0.16749215E+003  0.19535243E+003
 -0.40787832E+000 -0.24135999E+000 -0.31480307E-001 -0.34446635E-005 -0.12518332E-005  0.47625482E+000  0.48998759E+001  0.29378744E+002  0.77039023E+002  0.16749215E+003  0.19535243E+003
 -0.40787832E+000 -0.24135999E+000 -0.31480307E-001 -0.34446635E-005 -0.12518333E-005  0.47625471E+000  0.48998756E+001  0.29378746E+002  0.77039023E+002  0.16749215E+003  0.19535243E+003
