 -0.73593315E+000 -0.57338805E+000 -0.33057788E+000 -0.14034309E+000 -0.71058858E-001 -0.17677370E-001  0.73921509E-002  0.10062105E+001  0.23339154E+001  0.44474438E+001  0.62508614E+001
 -0.73532416E+000 -0.57297973E+000 -0.33034723E+000 -0.14018057E+000 -0.72049521E-001 -0.20526787E-001  0.73814582E-002  0.10056640E+001  0.23323315E+001  0.44439638E+001  0.62452179E+001
 -0.73514916E+000 -0.57288511E+000 -0.33038221E+000 -0.14020593E+000 -0.71933987E-001 -0.20200307E-001  0.73831895E-002  0.10048807E+001  0.23307156E+001  0.44408174E+001  0.62402889E+001
 -0.73505879E+000 -0.57282376E+000 -0.33038669E+000 -0.14017818E+000 -0.71666735E-001 -0.19450342E-001  0.73914883E-002  0.10041938E+001  0.23293722E+001  0.44383127E+001  0.62364116E+001
 -0.73503512E+000 -0.57279526E+000 -0.33038761E+000 -0.14013349E+000 -0.71458845E-001 -0.18871518E-001  0.73960274E-002  0.10035834E+001  0.23282343E+001  0.44363052E+001  0.62333710E+001
 -0.73504988E+000 -0.57278752E+000 -0.33038677E+000 -0.14007958E+000 -0.71313865E-001 -0.18472630E-001  0.73975771E-002  0.10030489E+001  0.23272734E+001  0.44346998E+001  0.62310104E+001
 -0.73508777E+000 -0.57279560E+000 -0.33038825E+000 -0.14002346E+000 -0.71221710E-001 -0.18223867E-001  0.73969789E-002  0.10025840E+001  0.23264660E+001  0.44334215E+001  0.62291972E+001
 -0.73514033E+000 -0.57281691E+000 -0.33039526E+000 -0.13997043E+000 -0.71170192E-001 -0.18089741E-001  0.73949157E-002  0.10021807E+001  0.23257920E+001  0.44324112E+001  0.62278244E+001
 -0.73520225E+000 -0.57284930E+000 -0.33040968E+000 -0.13992345E+000 -0.71150603E-001 -0.18045065E-001  0.73918465E-002  0.10018316E+001  0.23252342E+001  0.44316227E+001  0.62268077E+001
 -0.73527034E+000 -0.57289102E+000 -0.33043268E+000 -0.13992462E+000 -0.71139037E-001 -0.18012372E-001  0.73888300E-002  0.10015297E+001  0.23247771E+001  0.44310184E+001  0.62260788E+001
 -0.73534245E+000 -0.57294116E+000 -0.33046466E+000 -0.13996258E+000 -0.71133188E-001 -0.17987855E-001  0.73859215E-002  0.10012689E+001  0.23244069E+001  0.44305673E+001  0.62255831E+001
 -0.73541704E+000 -0.57299820E+000 -0.33050540E+000 -0.14002716E+000 -0.71131723E-001 -0.17970128E-001  0.73831449E-002  0.10010439E+001  0.23241113E+001  0.44302435E+001  0.62252758E+001
 -0.73549298E+000 -0.57306061E+000 -0.33055430E+000 -0.14011052E+000 -0.71133582E-001 -0.17957983E-001  0.73805137E-002  0.10008502E+001  0.23238798E+001  0.44300256E+001  0.62251208E+001
 -0.73556945E+000 -0.57312709E+000 -0.33061058E+000 -0.14020660E+000 -0.71137810E-001 -0.17950065E-001  0.73780352E-002  0.10006842E+001  0.23237029E+001  0.44298951E+001  0.62250877E+001
 -0.73564583E+000 -0.57319654E+000 -0.33067333E+000 -0.14031081E+000 -0.71143692E-001 -0.17945363E-001  0.73757529E-002  0.10005426E+001  0.23235726E+001  0.44298366E+001  0.62251518E+001
 -0.73572273E+000 -0.57326902E+000 -0.33074277E+000 -0.14040267E+000 -0.71149894E-001 -0.17944928E-001  0.73735042E-002  0.10004212E+001  0.23234802E+001  0.44298344E+001  0.62252891E+001
 -0.73579930E+000 -0.57334334E+000 -0.33081752E+000 -0.14048489E+000 -0.71156638E-001 -0.17948701E-001  0.73712963E-002  0.10003183E+001  0.23234204E+001  0.44298780E+001  0.62254832E+001
 -0.73587476E+000 -0.57341843E+000 -0.33089622E+000 -0.14056009E+000 -0.71163986E-001 -0.17956175E-001  0.73691605E-002  0.10002324E+001  0.23233887E+001  0.44299587E+001  0.62257209E+001
 -0.73594855E+000 -0.57349347E+000 -0.33097779E+000 -0.14063022E+000 -0.71171648E-001 -0.17966006E-001  0.73671236E-002  0.10001623E+001  0.23233812E+001  0.44300690E+001  0.62259909E+001
 -0.73602030E+000 -0.57356786E+000 -0.33106125E+000 -0.14069664E+000 -0.71179395E-001 -0.17977167E-001  0.73651997E-002  0.10001066E+001  0.23233944E+001  0.44302027E+001  0.62262842E+001
 -0.73608971E+000 -0.57364111E+000 -0.33114575E+000 -0.14076028E+000 -0.71187062E-001 -0.17988916E-001  0.73633995E-002  0.10000642E+001  0.23234253E+001  0.44303543E+001  0.62265932E+001
 -0.73615661E+000 -0.57371286E+000 -0.33123057E+000 -0.14082175E+000 -0.71194526E-001 -0.18000710E-001  0.73617300E-002  0.10000342E+001  0.23234713E+001  0.44305195E+001  0.62269118E+001
 -0.73622088E+000 -0.57378281E+000 -0.33131509E+000 -0.14088142E+000 -0.71201698E-001 -0.18012156E-001  0.73601955E-002  0.10000154E+001  0.23235299E+001  0.44306943E+001  0.62272348E+001
 -0.73628243E+000 -0.57385076E+000 -0.33139875E+000 -0.14093946E+000 -0.71208509E-001 -0.18022977E-001  0.73587988E-002  0.10000069E+001  0.23235992E+001  0.44308756E+001  0.62275585E+001
 -0.73634123E+000 -0.57391652E+000 -0.33148108E+000 -0.14099595E+000 -0.71214910E-001 -0.18032978E-001  0.73575408E-002  0.10000079E+001  0.23236772E+001  0.44310609E+001  0.62278796E+001
 -0.73639726E+000 -0.57397997E+000 -0.33156167E+000 -0.14105084E+000 -0.71220866E-001 -0.18042031E-001  0.73564218E-002  0.10000174E+001  0.23237624E+001  0.44312481E+001  0.62281958E+001
 -0.73645052E+000 -0.57404098E+000 -0.33164015E+000 -0.14110402E+000 -0.71226351E-001 -0.18050052E-001  0.73554404E-002  0.10000348E+001  0.23238535E+001  0.44314354E+001  0.62285054E+001
 -0.73650102E+000 -0.57409947E+000 -0.33171620E+000 -0.14115536E+000 -0.71231348E-001 -0.18056996E-001  0.73545946E-002  0.10000593E+001  0.23239491E+001  0.44316217E+001  0.62288073E+001
 -0.73654876E+000 -0.57415537E+000 -0.33178954E+000 -0.14120469E+000 -0.71235847E-001 -0.18062849E-001  0.73538819E-002  0.10000902E+001  0.23240484E+001  0.44318060E+001  0.62291009E+001
 -0.73659376E+000 -0.57420863E+000 -0.33185993E+000 -0.14125182E+000 -0.71239843E-001 -0.18067614E-001  0.73532986E-002  0.10001267E+001  0.23241505E+001  0.44319879E+001  0.62293860E+001
 -0.73663605E+000 -0.57425919E+000 -0.33192715E+000 -0.14129657E+000 -0.71243336E-001 -0.18071313E-001  0.73528403E-002  0.10001683E+001  0.23242546E+001  0.44321670E+001  0.62296628E+001
 -0.73667566E+000 -0.57430702E+000 -0.33199101E+000 -0.14133878E+000 -0.71246332E-001 -0.18073979E-001  0.73525019E-002  0.10002145E+001  0.23243603E+001  0.44323432E+001  0.62299317E+001
 -0.73671261E+000 -0.57435211E+000 -0.33205136E+000 -0.14137827E+000 -0.71248837E-001 -0.18075656E-001  0.73522775E-002  0.10002646E+001  0.23244672E+001  0.44325168E+001  0.62301937E+001
 -0.73674694E+000 -0.57439444E+000 -0.33210809E+000 -0.14141491E+000 -0.71250864E-001 -0.18076395E-001  0.73521604E-002  0.10003182E+001  0.23245749E+001  0.44326881E+001  0.62304496E+001
 -0.73677870E+000 -0.57443400E+000 -0.33216107E+000 -0.14144858E+000 -0.71252426E-001 -0.18076250E-001  0.73521433E-002  0.10003750E+001  0.23246833E+001  0.44328577E+001  0.62307005E+001
 -0.73680792E+000 -0.57447080E+000 -0.33221025E+000 -0.14147919E+000 -0.71253539E-001 -0.18075282E-001  0.73522187E-002  0.10004345E+001  0.23247923E+001  0.44330261E+001  0.62309479E+001
 -0.73683467E+000 -0.57450486E+000 -0.33225556E+000 -0.14150669E+000 -0.71254224E-001 -0.18073551E-001  0.73523784E-002  0.10004965E+001  0.23249020E+001  0.44331940E+001  0.62311928E+001
 -0.73685900E+000 -0.57453619E+000 -0.33229696E+000 -0.14153102E+000 -0.71254500E-001 -0.18071122E-001  0.73526145E-002  0.10005607E+001  0.23250125E+001  0.44333622E+001  0.62314367E+001
 -0.73688097E+000 -0.57456484E+000 -0.33233445E+000 -0.14155219E+000 -0.71254389E-001 -0.18068054E-001  0.73529188E-002  0.10006270E+001  0.23251239E+001  0.44335315E+001  0.62316809E+001
 -0.73690064E+000 -0.57459081E+000 -0.33236803E+000 -0.14157021E+000 -0.71253915E-001 -0.18064410E-001  0.73532834E-002  0.10006952E+001  0.23252366E+001  0.44337027E+001  0.62319266E+001
 -0.73691808E+000 -0.57461417E+000 -0.33239771E+000 -0.14158512E+000 -0.71253100E-001 -0.18060247E-001  0.73537009E-002  0.10007653E+001  0.23253506E+001  0.44338766E+001  0.62321751E+001
 -0.73693335E+000 -0.57463493E+000 -0.33242352E+000 -0.14159697E+000 -0.71251969E-001 -0.18055621E-001  0.73541643E-002  0.10008373E+001  0.23254665E+001  0.44340538E+001  0.62324273E+001
 -0.73694653E+000 -0.57465315E+000 -0.33244549E+000 -0.14160584E+000 -0.71250544E-001 -0.18050581E-001  0.73546673E-002  0.10009110E+001  0.23255843E+001  0.44342350E+001  0.62326843E+001
 -0.73695765E+000 -0.57466885E+000 -0.33246367E+000 -0.14161183E+000 -0.71248847E-001 -0.18045174E-001  0.73552043E-002  0.10009867E+001  0.23257045E+001  0.44344208E+001  0.62329469E+001
 -0.73696679E+000 -0.57468207E+000 -0.33247811E+000 -0.14161503E+000 -0.71246899E-001 -0.18039442E-001  0.73557703E-002  0.10010643E+001  0.23258273E+001  0.44346117E+001  0.62332157E+001
 -0.73697400E+000 -0.57469284E+000 -0.33248885E+000 -0.14161555E+000 -0.71244719E-001 -0.18033419E-001  0.73563613E-002  0.10011439E+001  0.23259530E+001  0.44348081E+001  0.62334914E+001
 -0.73697931E+000 -0.57470119E+000 -0.33249596E+000 -0.14161350E+000 -0.71242325E-001 -0.18027138E-001  0.73569739E-002  0.10012255E+001  0.23260817E+001  0.44350102E+001  0.62337744E+001
 -0.73698278E+000 -0.57470715E+000 -0.33249947E+000 -0.14160899E+000 -0.71239733E-001 -0.18020623E-001  0.73576055E-002  0.10013093E+001  0.23262137E+001  0.44352184E+001  0.62340651E+001
 -0.73698444E+000 -0.57471073E+000 -0.33249946E+000 -0.14160213E+000 -0.71236957E-001 -0.18013897E-001  0.73582540E-002  0.10013953E+001  0.23263492E+001  0.44354327E+001  0.62343635E+001
 -0.73698431E+000 -0.57471195E+000 -0.33249597E+000 -0.14159305E+000 -0.71234010E-001 -0.18006976E-001  0.73589179E-002  0.10014836E+001  0.23264882E+001  0.44356532E+001  0.62346699E+001
 -0.73698244E+000 -0.57471082E+000 -0.33248906E+000 -0.14158183E+000 -0.71230903E-001 -0.17999876E-001  0.73595960E-002  0.10015742E+001  0.23266307E+001  0.44358798E+001  0.62349841E+001
 -0.73697883E+000 -0.57470737E+000 -0.33247880E+000 -0.14156860E+000 -0.71227646E-001 -0.17992606E-001  0.73602877E-002  0.10016670E+001  0.23267769E+001  0.44361126E+001  0.62353062E+001
 -0.73697353E+000 -0.57470161E+000 -0.33246525E+000 -0.14155345E+000 -0.71224248E-001 -0.17985178E-001  0.73609925E-002  0.10017622E+001  0.23269266E+001  0.44363512E+001  0.62356360E+001
 -0.73696654E+000 -0.57469355E+000 -0.33244849E+000 -0.14153649E+000 -0.71220718E-001 -0.17977599E-001  0.73617098E-002  0.10018596E+001  0.23270799E+001  0.44365956E+001  0.62359731E+001
 -0.73695790E+000 -0.57468321E+000 -0.33242858E+000 -0.14151780E+000 -0.71217062E-001 -0.17969876E-001  0.73624393E-002  0.10019592E+001  0.23272365E+001  0.44368455E+001  0.62363174E+001
 -0.73694763E+000 -0.57467064E+000 -0.33240563E+000 -0.14149750E+000 -0.71213289E-001 -0.17962017E-001  0.73631807E-002  0.10020609E+001  0.23273964E+001  0.44371005E+001  0.62366685E+001
 -0.73693577E+000 -0.57465586E+000 -0.33237973E+000 -0.14147567E+000 -0.71209405E-001 -0.17954028E-001  0.73639333E-002  0.10021646E+001  0.23275593E+001  0.44373603E+001  0.62370259E+001
 -0.73692234E+000 -0.57463892E+000 -0.33235099E+000 -0.14145242E+000 -0.71205418E-001 -0.17945919E-001  0.73646965E-002  0.10022702E+001  0.23277251E+001  0.44376246E+001  0.62373893E+001
 -0.73690739E+000 -0.57461988E+000 -0.33231954E+000 -0.14142785E+000 -0.71201336E-001 -0.17937699E-001  0.73654694E-002  0.10023775E+001  0.23278936E+001  0.44378930E+001  0.62377580E+001
 -0.73689098E+000 -0.57459880E+000 -0.33228551E+000 -0.14140205E+000 -0.71197167E-001 -0.17929378E-001  0.73662510E-002  0.10024863E+001  0.23280644E+001  0.44381649E+001  0.62381315E+001
 -0.73687315E+000 -0.57457576E+000 -0.33224905E+000 -0.14137513E+000 -0.71192921E-001 -0.17920969E-001  0.73670402E-002  0.10025966E+001  0.23282373E+001  0.44384401E+001  0.62385093E+001
 -0.73685398E+000 -0.57455085E+000 -0.33221033E+000 -0.14134720E+000 -0.71188606E-001 -0.17912487E-001  0.73678355E-002  0.10027080E+001  0.23284119E+001  0.44387179E+001  0.62388906E+001
 -0.73683352E+000 -0.57452416E+000 -0.33216950E+000 -0.14131837E+000 -0.71184233E-001 -0.17903945E-001  0.73686356E-002  0.10028203E+001  0.23285881E+001  0.44389979E+001  0.62392749E+001
 -0.73681186E+000 -0.57449580E+000 -0.33212675E+000 -0.14128873E+000 -0.71179812E-001 -0.17895360E-001  0.73694392E-002  0.10029334E+001  0.23287654E+001  0.44392796E+001  0.62396614E+001
 -0.73678908E+000 -0.57446590E+000 -0.33208227E+000 -0.14125841E+000 -0.71175353E-001 -0.17886749E-001  0.73702450E-002  0.10030471E+001  0.23289435E+001  0.44395625E+001  0.62400495E+001
 -0.73676525E+000 -0.57443456E+000 -0.33203623E+000 -0.14122749E+000 -0.71170867E-001 -0.17878128E-001  0.73710517E-002  0.10031610E+001  0.23291220E+001  0.44398459E+001  0.62404383E+001
 -0.73674048E+000 -0.57440192E+000 -0.33198883E+000 -0.14119609E+000 -0.71166364E-001 -0.17869516E-001  0.73718583E-002  0.10032750E+001  0.23293006E+001  0.44401294E+001  0.62408272E+001
 -0.73671485E+000 -0.57436812E+000 -0.33194027E+000 -0.14116430E+000 -0.71161855E-001 -0.17860931E-001  0.73726632E-002  0.10033888E+001  0.23294790E+001  0.44404124E+001  0.62412154E+001
 -0.73668848E+000 -0.57433330E+000 -0.33189075E+000 -0.14113224E+000 -0.71157351E-001 -0.17852391E-001  0.73734652E-002  0.10035022E+001  0.23296567E+001  0.44406943E+001  0.62416020E+001
 -0.73666146E+000 -0.57429761E+000 -0.33184049E+000 -0.14110001E+000 -0.71152862E-001 -0.17843916E-001  0.73742624E-002  0.10036150E+001  0.23298333E+001  0.44409744E+001  0.62419863E+001
 -0.73663391E+000 -0.57426123E+000 -0.33178969E+000 -0.14106772E+000 -0.71148401E-001 -0.17835523E-001  0.73750529E-002  0.10037268E+001  0.23300086E+001  0.44412523E+001  0.62423675E+001
 -0.73660596E+000 -0.57422430E+000 -0.33173857E+000 -0.14103549E+000 -0.71143977E-001 -0.17827229E-001  0.73758349E-002  0.10038374E+001  0.23301820E+001  0.44415274E+001  0.62427448E+001
 -0.73657770E+000 -0.57418699E+000 -0.33168732E+000 -0.14100341E+000 -0.71139602E-001 -0.17819049E-001  0.73766064E-002  0.10039466E+001  0.23303533E+001  0.44417991E+001  0.62431175E+001
 -0.73654927E+000 -0.57414945E+000 -0.33163615E+000 -0.14097160E+000 -0.71135284E-001 -0.17810998E-001  0.73773654E-002  0.10040543E+001  0.23305221E+001  0.44420668E+001  0.62434849E+001
 -0.73652078E+000 -0.57411185E+000 -0.33158524E+000 -0.14094015E+000 -0.71131033E-001 -0.17803089E-001  0.73781102E-002  0.10041600E+001  0.23306881E+001  0.44423302E+001  0.62438463E+001
 -0.73649233E+000 -0.57407433E+000 -0.33153477E+000 -0.14090915E+000 -0.71126858E-001 -0.17795335E-001  0.73788393E-002  0.10042638E+001  0.23308511E+001  0.44425887E+001  0.62442010E+001
 -0.73646403E+000 -0.57403703E+000 -0.33148490E+000 -0.14087867E+000 -0.71122765E-001 -0.17787746E-001  0.73795518E-002  0.10043654E+001  0.23310107E+001  0.44428419E+001  0.62445487E+001
 -0.73643597E+000 -0.57400007E+000 -0.33143577E+000 -0.14084879E+000 -0.71118762E-001 -0.17780336E-001  0.73802468E-002  0.10044647E+001  0.23311667E+001  0.44430896E+001  0.62448886E+001
 -0.73640823E+000 -0.57396357E+000 -0.33138749E+000 -0.14081956E+000 -0.71114968E-001 -0.17773432E-001  0.73809209E-002  0.10045616E+001  0.23313190E+001  0.44433313E+001  0.62452204E+001
 -0.73638090E+000 -0.57392763E+000 -0.33134019E+000 -0.14079105E+000 -0.71111471E-001 -0.17767276E-001  0.73815713E-002  0.10046559E+001  0.23314673E+001  0.44435667E+001  0.62455437E+001
 -0.73635408E+000 -0.57389263E+000 -0.33129401E+000 -0.14076334E+000 -0.71108164E-001 -0.17761554E-001  0.73821993E-002  0.10047475E+001  0.23316114E+001  0.44437955E+001  0.62458579E+001
 -0.73632785E+000 -0.57385908E+000 -0.33124907E+000 -0.14073647E+000 -0.71104996E-001 -0.17756119E-001  0.73828064E-002  0.10048363E+001  0.23317510E+001  0.44440173E+001  0.62461625E+001
 -0.73630231E+000 -0.57382698E+000 -0.33120548E+000 -0.14071047E+000 -0.71101951E-001 -0.17750914E-001  0.73833925E-002  0.10049221E+001  0.23318861E+001  0.44442319E+001  0.62464572E+001
 -0.73627753E+000 -0.57379629E+000 -0.33116333E+000 -0.14068540E+000 -0.71099021E-001 -0.17745917E-001  0.73839572E-002  0.10050049E+001  0.23320164E+001  0.44444389E+001  0.62467415E+001
 -0.73625358E+000 -0.57376702E+000 -0.33112268E+000 -0.14066127E+000 -0.71096206E-001 -0.17741122E-001  0.73845002E-002  0.10050845E+001  0.23321418E+001  0.44446381E+001  0.62470152E+001
 -0.73623054E+000 -0.57373913E+000 -0.33108362E+000 -0.14063813E+000 -0.71093507E-001 -0.17736530E-001  0.73850212E-002  0.10051609E+001  0.23322622E+001  0.44448294E+001  0.62472780E+001
 -0.73620844E+000 -0.57371260E+000 -0.33104619E+000 -0.14061599E+000 -0.71090926E-001 -0.17732140E-001  0.73855198E-002  0.10052340E+001  0.23323775E+001  0.44450126E+001  0.62475297E+001
 -0.73618733E+000 -0.57368742E+000 -0.33101043E+000 -0.14059487E+000 -0.71088465E-001 -0.17727956E-001  0.73859958E-002  0.10053038E+001  0.23324876E+001  0.44451876E+001  0.62477702E+001
 -0.73616722E+000 -0.57366357E+000 -0.33097637E+000 -0.14057478E+000 -0.71086123E-001 -0.17723979E-001  0.73864491E-002  0.10053703E+001  0.23325925E+001  0.44453544E+001  0.62479993E+001
 -0.73614813E+000 -0.57364102E+000 -0.33094403E+000 -0.14055572E+000 -0.71083903E-001 -0.17720208E-001  0.73868796E-002  0.10054335E+001  0.23326922E+001  0.44455128E+001  0.62482171E+001
 -0.73613006E+000 -0.57361975E+000 -0.33091342E+000 -0.14053771E+000 -0.71081803E-001 -0.17716643E-001  0.73872875E-002  0.10054934E+001  0.23327867E+001  0.44456631E+001  0.62484235E+001
 -0.73611302E+000 -0.57359974E+000 -0.33088453E+000 -0.14052072E+000 -0.71079823E-001 -0.17713284E-001  0.73876729E-002  0.10055500E+001  0.23328761E+001  0.44458051E+001  0.62486187E+001
 -0.73609700E+000 -0.57358095E+000 -0.33085736E+000 -0.14050475E+000 -0.71077962E-001 -0.17710126E-001  0.73880359E-002  0.10056033E+001  0.23329603E+001  0.44459389E+001  0.62488026E+001
 -0.73608197E+000 -0.57356336E+000 -0.33083188E+000 -0.14048980E+000 -0.71076218E-001 -0.17707168E-001  0.73883771E-002  0.10056534E+001  0.23330394E+001  0.44460647E+001  0.62489755E+001
 -0.73606793E+000 -0.57354693E+000 -0.33080807E+000 -0.14047582E+000 -0.71074589E-001 -0.17704405E-001  0.73886967E-002  0.10057004E+001  0.23331137E+001  0.44461827E+001  0.62491375E+001
 -0.73605485E+000 -0.57353164E+000 -0.33078588E+000 -0.14046281E+000 -0.71073072E-001 -0.17701833E-001  0.73889953E-002  0.10057443E+001  0.23331830E+001  0.44462929E+001  0.62492889E+001
 -0.73604269E+000 -0.57351743E+000 -0.33076527E+000 -0.14045074E+000 -0.71071663E-001 -0.17699445E-001  0.73892736E-002  0.10057852E+001  0.23332477E+001  0.44463956E+001  0.62494300E+001
 -0.73603144E+000 -0.57350428E+000 -0.33074620E+000 -0.14043957E+000 -0.71070360E-001 -0.17697237E-001  0.73895320E-002  0.10058232E+001  0.23333078E+001  0.44464910E+001  0.62495611E+001
 -0.73602106E+000 -0.57349215E+000 -0.33072860E+000 -0.14042927E+000 -0.71069158E-001 -0.17695200E-001  0.73897714E-002  0.10058584E+001  0.23333635E+001  0.44465795E+001  0.62496826E+001
 -0.73601150E+000 -0.57348099E+000 -0.33071242E+000 -0.14041981E+000 -0.71068053E-001 -0.17693328E-001  0.73899924E-002  0.10058909E+001  0.23334149E+001  0.44466611E+001  0.62497947E+001
 -0.73600274E+000 -0.57347075E+000 -0.33069760E+000 -0.14041115E+000 -0.71067042E-001 -0.17691614E-001  0.73901959E-002  0.10059209E+001  0.23334623E+001  0.44467363E+001  0.62498980E+001
 -0.73599474E+000 -0.57346139E+000 -0.33068406E+000 -0.14040324E+000 -0.71066118E-001 -0.17690049E-001  0.73903827E-002  0.10059484E+001  0.23335058E+001  0.44468053E+001  0.62499928E+001
 -0.73598745E+000 -0.57345287E+000 -0.33067175E+000 -0.14039606E+000 -0.71065279E-001 -0.17688626E-001  0.73905537E-002  0.10059736E+001  0.23335456E+001  0.44468685E+001  0.62500795E+001
 -0.73598084E+000 -0.57344513E+000 -0.33066059E+000 -0.14038955E+000 -0.71064518E-001 -0.17687336E-001  0.73907097E-002  0.10059965E+001  0.23335820E+001  0.44469262E+001  0.62501586E+001
 -0.73597487E+000 -0.57343814E+000 -0.33065050E+000 -0.14038368E+000 -0.71063831E-001 -0.17686171E-001  0.73908516E-002  0.10060175E+001  0.23336151E+001  0.44469786E+001  0.62502305E+001
 -0.73596949E+000 -0.57343183E+000 -0.33064143E+000 -0.14037840E+000 -0.71063212E-001 -0.17685122E-001  0.73909803E-002  0.10060364E+001  0.23336451E+001  0.44470262E+001  0.62502958E+001
 -0.73596466E+000 -0.57342617E+000 -0.33063330E+000 -0.14037368E+000 -0.71062659E-001 -0.17684182E-001  0.73910968E-002  0.10060536E+001  0.23336723E+001  0.44470692E+001  0.62503547E+001
 -0.73596034E+000 -0.57342111E+000 -0.33062604E+000 -0.14036947E+000 -0.71062164E-001 -0.17683343E-001  0.73912018E-002  0.10060691E+001  0.23336968E+001  0.44471079E+001  0.62504079E+001
 -0.73595650E+000 -0.57341660E+000 -0.33061958E+000 -0.14036572E+000 -0.71061725E-001 -0.17682596E-001  0.73912962E-002  0.10060831E+001  0.23337188E+001  0.44471428E+001  0.62504556E+001
 -0.73595310E+000 -0.57341260E+000 -0.33061386E+000 -0.14036241E+000 -0.71061335E-001 -0.17681933E-001  0.73913810E-002  0.10060956E+001  0.23337386E+001  0.44471740E+001  0.62504984E+001
 -0.73595010E+000 -0.57340907E+000 -0.33060881E+000 -0.14035950E+000 -0.71060992E-001 -0.17681348E-001  0.73914567E-002  0.10061068E+001  0.23337563E+001  0.44472020E+001  0.62505366E+001
 -0.73594746E+000 -0.57340596E+000 -0.33060438E+000 -0.14035694E+000 -0.71060690E-001 -0.17680833E-001  0.73915244E-002  0.10061168E+001  0.23337721E+001  0.44472268E+001  0.62505707E+001
 -0.73594516E+000 -0.57340323E+000 -0.33060050E+000 -0.14035472E+000 -0.71060427E-001 -0.17680382E-001  0.73915846E-002  0.10061257E+001  0.23337862E+001  0.44472490E+001  0.62506010E+001
 -0.73594315E+000 -0.57340086E+000 -0.33059712E+000 -0.14035278E+000 -0.71060197E-001 -0.17679988E-001  0.73916382E-002  0.10061337E+001  0.23337987E+001  0.44472686E+001  0.62506278E+001
 -0.73594141E+000 -0.57339880E+000 -0.33059419E+000 -0.14035111E+000 -0.71059997E-001 -0.17679645E-001  0.73916856E-002  0.10061407E+001  0.23338098E+001  0.44472860E+001  0.62506516E+001
 -0.73593992E+000 -0.57339702E+000 -0.33059166E+000 -0.14034967E+000 -0.71059825E-001 -0.17679347E-001  0.73917277E-002  0.10061470E+001  0.23338196E+001  0.44473014E+001  0.62506725E+001
 -0.73593863E+000 -0.57339549E+000 -0.33058949E+000 -0.14034844E+000 -0.71059677E-001 -0.17679090E-001  0.73917649E-002  0.10061525E+001  0.23338283E+001  0.44473150E+001  0.62506910E+001
 -0.73593754E+000 -0.57339418E+000 -0.33058763E+000 -0.14034739E+000 -0.71059551E-001 -0.17678869E-001  0.73917978E-002  0.10061574E+001  0.23338360E+001  0.44473269E+001  0.62507073E+001
 -0.73593662E+000 -0.57339307E+000 -0.33058605E+000 -0.14034651E+000 -0.71059443E-001 -0.17678680E-001  0.73918269E-002  0.10061617E+001  0.23338428E+001  0.44473375E+001  0.62507216E+001
 -0.73593584E+000 -0.57339213E+000 -0.33058471E+000 -0.14034576E+000 -0.71059351E-001 -0.17678518E-001  0.73918526E-002  0.10061656E+001  0.23338487E+001  0.44473467E+001  0.62507342E+001
 -0.73593520E+000 -0.57339134E+000 -0.33058359E+000 -0.14034514E+000 -0.71059274E-001 -0.17678379E-001  0.73918753E-002  0.10061690E+001  0.23338540E+001  0.44473549E+001  0.62507452E+001
 -0.73593466E+000 -0.57339068E+000 -0.33058264E+000 -0.14034463E+000 -0.71059209E-001 -0.17678262E-001  0.73918954E-002  0.10061720E+001  0.23338587E+001  0.44473621E+001  0.62507550E+001
 -0.73593422E+000 -0.57339013E+000 -0.33058185E+000 -0.14034421E+000 -0.71059155E-001 -0.17678162E-001  0.73919133E-002  0.10061746E+001  0.23338628E+001  0.44473684E+001  0.62507635E+001
 -0.73593386E+000 -0.57338968E+000 -0.33058120E+000 -0.14034386E+000 -0.71059110E-001 -0.17678077E-001  0.73919292E-002  0.10061770E+001  0.23338665E+001  0.44473741E+001  0.62507711E+001
 -0.73593358E+000 -0.57338931E+000 -0.33058066E+000 -0.14034358E+000 -0.71059072E-001 -0.17678006E-001  0.73919433E-002  0.10061791E+001  0.23338698E+001  0.44473790E+001  0.62507777E+001
 -0.73593335E+000 -0.57338902E+000 -0.33058022E+000 -0.14034336E+000 -0.71059041E-001 -0.17677945E-001  0.73919560E-002  0.10061811E+001  0.23338727E+001  0.44473834E+001  0.62507836E+001
 -0.73593317E+000 -0.57338878E+000 -0.33057986E+000 -0.14034319E+000 -0.71059016E-001 -0.17677894E-001  0.73919674E-002  0.10061828E+001  0.23338753E+001  0.44473874E+001  0.62507889E+001
 -0.73593304E+000 -0.57338859E+000 -0.33057957E+000 -0.14034305E+000 -0.71058995E-001 -0.17677850E-001  0.73919777E-002  0.10061843E+001  0.23338777E+001  0.44473909E+001  0.62507936E+001
 -0.73593294E+000 -0.57338844E+000 -0.33057934E+000 -0.14034295E+000 -0.71058978E-001 -0.17677813E-001  0.73919871E-002  0.10061857E+001  0.23338798E+001  0.44473941E+001  0.62507978E+001
 -0.73593287E+000 -0.57338833E+000 -0.33057915E+000 -0.14034287E+000 -0.71058964E-001 -0.17677782E-001  0.73919956E-002  0.10061870E+001  0.23338818E+001  0.44473970E+001  0.62508016E+001
 -0.73593282E+000 -0.57338824E+000 -0.33057900E+000 -0.14034282E+000 -0.71058953E-001 -0.17677755E-001  0.73920035E-002  0.10061882E+001  0.23338835E+001  0.44473996E+001  0.62508050E+001
 -0.73593279E+000 -0.57338818E+000 -0.33057888E+000 -0.14034278E+000 -0.71058944E-001 -0.17677731E-001  0.73920108E-002  0.10061893E+001  0.23338852E+001  0.44474020E+001  0.62508082E+001
 -0.73593278E+000 -0.57338814E+000 -0.33057879E+000 -0.14034276E+000 -0.71058937E-001 -0.17677710E-001  0.73920175E-002  0.10061903E+001  0.23338867E+001  0.44474042E+001  0.62508111E+001
 -0.73593277E+000 -0.57338811E+000 -0.33057872E+000 -0.14034275E+000 -0.71058930E-001 -0.17677692E-001  0.73920238E-002  0.10061913E+001  0.23338881E+001  0.44474062E+001  0.62508138E+001
 -0.73593278E+000 -0.57338809E+000 -0.33057866E+000 -0.14034275E+000 -0.71058926E-001 -0.17677676E-001  0.73920297E-002  0.10061922E+001  0.23338894E+001  0.44474081E+001  0.62508162E+001
 -0.73593279E+000 -0.57338808E+000 -0.33057862E+000 -0.14034275E+000 -0.71058921E-001 -0.17677662E-001  0.73920353E-002  0.10061930E+001  0.23338907E+001  0.44474099E+001  0.62508185E+001
 -0.73593281E+000 -0.57338808E+000 -0.33057858E+000 -0.14034276E+000 -0.71058918E-001 -0.17677648E-001  0.73920405E-002  0.10061938E+001  0.23338919E+001  0.44474116E+001  0.62508207E+001
 -0.73593283E+000 -0.57338808E+000 -0.33057856E+000 -0.14034277E+000 -0.71058915E-001 -0.17677636E-001  0.73920455E-002  0.10061946E+001  0.23338930E+001  0.44474132E+001  0.62508228E+001
 -0.73593285E+000 -0.57338808E+000 -0.33057853E+000 -0.14034278E+000 -0.71058912E-001 -0.17677624E-001  0.73920503E-002  0.10061953E+001  0.23338940E+001  0.44474147E+001  0.62508247E+001
 -0.73593288E+000 -0.57338809E+000 -0.33057852E+000 -0.14034280E+000 -0.71058910E-001 -0.17677614E-001  0.73920548E-002  0.10061960E+001  0.23338950E+001  0.44474161E+001  0.62508265E+001
 -0.73593290E+000 -0.57338810E+000 -0.33057850E+000 -0.14034281E+000 -0.71058908E-001 -0.17677604E-001  0.73920592E-002  0.10061967E+001  0.23338960E+001  0.44474174E+001  0.62508283E+001
 -0.73593293E+000 -0.57338811E+000 -0.33057849E+000 -0.14034283E+000 -0.71058906E-001 -0.17677594E-001  0.73920634E-002  0.10061973E+001  0.23338969E+001  0.44474187E+001  0.62508299E+001
 -0.73593295E+000 -0.57338812E+000 -0.33057847E+000 -0.14034285E+000 -0.71058904E-001 -0.17677584E-001  0.73920674E-002  0.10061979E+001  0.23338978E+001  0.44474200E+001  0.62508315E+001
 -0.73593297E+000 -0.57338813E+000 -0.33057846E+000 -0.14034286E+000 -0.71058903E-001 -0.17677575E-001  0.73920712E-002  0.10061985E+001  0.23338986E+001  0.44474212E+001  0.62508330E+001
 -0.73593300E+000 -0.57338814E+000 -0.33057845E+000 -0.14034288E+000 -0.71058901E-001 -0.17677567E-001  0.73920749E-002  0.10061991E+001  0.23338994E+001  0.44474223E+001  0.62508345E+001
 -0.73593302E+000 -0.57338815E+000 -0.33057844E+000 -0.14034289E+000 -0.71058900E-001 -0.17677558E-001  0.73920785E-002  0.10061996E+001  0.23339002E+001  0.44474234E+001  0.62508359E+001
 -0.73593304E+000 -0.57338815E+000 -0.33057843E+000 -0.14034291E+000 -0.71058898E-001 -0.17677550E-001  0.73920819E-002  0.10062002E+001  0.23339010E+001  0.44474244E+001  0.62508372E+001
 -0.73593306E+000 -0.57338816E+000 -0.33057842E+000 -0.14034292E+000 -0.71058896E-001 -0.17677542E-001  0.73920852E-002  0.10062007E+001  0.23339017E+001  0.44474254E+001  0.62508385E+001
 -0.73593307E+000 -0.57338817E+000 -0.33057840E+000 -0.14034294E+000 -0.71058895E-001 -0.17677534E-001  0.73920884E-002  0.10062011E+001  0.23339024E+001  0.44474264E+001  0.62508397E+001
 -0.73593309E+000 -0.57338817E+000 -0.33057839E+000 -0.14034295E+000 -0.71058893E-001 -0.17677526E-001  0.73920915E-002  0.10062016E+001  0.23339031E+001  0.44474273E+001  0.62508409E+001
 -0.73593310E+000 -0.57338818E+000 -0.33057838E+000 -0.14034296E+000 -0.71058892E-001 -0.17677519E-001  0.73920944E-002  0.10062021E+001  0.23339037E+001  0.44474282E+001  0.62508420E+001
 -0.73593312E+000 -0.57338818E+000 -0.33057836E+000 -0.14034297E+000 -0.71058890E-001 -0.17677511E-001  0.73920973E-002  0.10062025E+001  0.23339043E+001  0.44474291E+001  0.62508431E+001
 -0.73593313E+000 -0.57338818E+000 -0.33057835E+000 -0.14034298E+000 -0.71058889E-001 -0.17677504E-001  0.73921000E-002  0.10062029E+001  0.23339049E+001  0.44474299E+001  0.62508442E+001
 -0.73593314E+000 -0.57338818E+000 -0.33057833E+000 -0.14034299E+000 -0.71058887E-001 -0.17677497E-001  0.73921027E-002  0.10062033E+001  0.23339055E+001  0.44474307E+001  0.62508452E+001
 -0.73593315E+000 -0.57338818E+000 -0.33057832E+000 -0.14034299E+000 -0.71058886E-001 -0.17677491E-001  0.73921052E-002  0.10062037E+001  0.23339060E+001  0.44474314E+001  0.62508461E+001
 -0.73593315E+000 -0.57338818E+000 -0.33057830E+000 -0.14034300E+000 -0.71058884E-001 -0.17677484E-001  0.73921076E-002  0.10062041E+001  0.23339066E+001  0.44474322E+001  0.62508470E+001
 -0.73593316E+000 -0.57338818E+000 -0.33057829E+000 -0.14034301E+000 -0.71058883E-001 -0.17677478E-001  0.73921099E-002  0.10062044E+001  0.23339071E+001  0.44474329E+001  0.62508479E+001
 -0.73593317E+000 -0.57338818E+000 -0.33057827E+000 -0.14034301E+000 -0.71058881E-001 -0.17677472E-001  0.73921122E-002  0.10062048E+001  0.23339075E+001  0.44474335E+001  0.62508488E+001
 -0.73593317E+000 -0.57338818E+000 -0.33057826E+000 -0.14034302E+000 -0.71058880E-001 -0.17677466E-001  0.73921143E-002  0.10062051E+001  0.23339080E+001  0.44474342E+001  0.62508496E+001
 -0.73593318E+000 -0.57338818E+000 -0.33057824E+000 -0.14034302E+000 -0.71058878E-001 -0.17677460E-001  0.73921164E-002  0.10062054E+001  0.23339084E+001  0.44474348E+001  0.62508503E+001
 -0.73593318E+000 -0.57338817E+000 -0.33057823E+000 -0.14034302E+000 -0.71058877E-001 -0.17677454E-001  0.73921184E-002  0.10062057E+001  0.23339089E+001  0.44474353E+001  0.62508510E+001
 -0.73593318E+000 -0.57338817E+000 -0.33057821E+000 -0.14034303E+000 -0.71058876E-001 -0.17677449E-001  0.73921202E-002  0.10062060E+001  0.23339093E+001  0.44474359E+001  0.62508517E+001
 -0.73593319E+000 -0.57338817E+000 -0.33057819E+000 -0.14034303E+000 -0.71058874E-001 -0.17677444E-001  0.73921220E-002  0.10062062E+001  0.23339097E+001  0.44474364E+001  0.62508524E+001
 -0.73593319E+000 -0.57338816E+000 -0.33057818E+000 -0.14034303E+000 -0.71058873E-001 -0.17677439E-001  0.73921238E-002  0.10062065E+001  0.23339100E+001  0.44474369E+001  0.62508530E+001
 -0.73593319E+000 -0.57338816E+000 -0.33057816E+000 -0.14034303E+000 -0.71058872E-001 -0.17677434E-001  0.73921254E-002  0.10062068E+001  0.23339104E+001  0.44474374E+001  0.62508536E+001
 -0.73593319E+000 -0.57338816E+000 -0.33057815E+000 -0.14034304E+000 -0.71058871E-001 -0.17677429E-001  0.73921270E-002  0.10062070E+001  0.23339107E+001  0.44474379E+001  0.62508542E+001
 -0.73593319E+000 -0.57338815E+000 -0.33057813E+000 -0.14034304E+000 -0.71058869E-001 -0.17677425E-001  0.73921285E-002  0.10062072E+001  0.23339110E+001  0.44474383E+001  0.62508548E+001
 -0.73593319E+000 -0.57338815E+000 -0.33057812E+000 -0.14034304E+000 -0.71058868E-001 -0.17677421E-001  0.73921299E-002  0.10062074E+001  0.23339113E+001  0.44474387E+001  0.62508553E+001
 -0.73593319E+000 -0.57338814E+000 -0.33057810E+000 -0.14034304E+000 -0.71058867E-001 -0.17677417E-001  0.73921313E-002  0.10062076E+001  0.23339116E+001  0.44474391E+001  0.62508558E+001
 -0.73593319E+000 -0.57338814E+000 -0.33057809E+000 -0.14034304E+000 -0.71058866E-001 -0.17677413E-001  0.73921326E-002  0.10062078E+001  0.23339119E+001  0.44474395E+001  0.62508562E+001
 -0.73593319E+000 -0.57338813E+000 -0.33057808E+000 -0.14034304E+000 -0.71058865E-001 -0.17677409E-001  0.73921338E-002  0.10062080E+001  0.23339121E+001  0.44474398E+001  0.62508567E+001
 -0.73593319E+000 -0.57338813E+000 -0.33057806E+000 -0.14034304E+000 -0.71058864E-001 -0.17677405E-001  0.73921350E-002  0.10062082E+001  0.23339124E+001  0.44474401E+001  0.62508571E+001
 -0.73593319E+000 -0.57338812E+000 -0.33057805E+000 -0.14034304E+000 -0.71058863E-001 -0.17677402E-001  0.73921361E-002  0.10062084E+001  0.23339126E+001  0.44474404E+001  0.62508575E+001
 -0.73593318E+000 -0.57338812E+000 -0.33057804E+000 -0.14034304E+000 -0.71058862E-001 -0.17677399E-001  0.73921372E-002  0.10062085E+001  0.23339128E+001  0.44474407E+001  0.62508578E+001
 -0.73593318E+000 -0.57338811E+000 -0.33057802E+000 -0.14034304E+000 -0.71058861E-001 -0.17677396E-001  0.73921382E-002  0.10062087E+001  0.23339131E+001  0.44474410E+001  0.62508582E+001
 -0.73593318E+000 -0.57338811E+000 -0.33057801E+000 -0.14034304E+000 -0.71058860E-001 -0.17677393E-001  0.73921392E-002  0.10062088E+001  0.23339133E+001  0.44474413E+001  0.62508585E+001
 -0.73593318E+000 -0.57338810E+000 -0.33057800E+000 -0.14034304E+000 -0.71058860E-001 -0.17677390E-001  0.73921401E-002  0.10062089E+001  0.23339134E+001  0.44474415E+001  0.62508588E+001
 -0.73593318E+000 -0.57338810E+000 -0.33057799E+000 -0.14034304E+000 -0.71058859E-001 -0.17677387E-001  0.73921409E-002  0.10062091E+001  0.23339136E+001  0.44474418E+001  0.62508591E+001
 -0.73593317E+000 -0.57338809E+000 -0.33057798E+000 -0.14034304E+000 -0.71058858E-001 -0.17677385E-001  0.73921417E-002  0.10062092E+001  0.23339138E+001  0.44474420E+001  0.62508594E+001
 -0.73593317E+000 -0.57338809E+000 -0.33057797E+000 -0.14034304E+000 -0.71058858E-001 -0.17677383E-001  0.73921425E-002  0.10062093E+001  0.23339139E+001  0.44474422E+001  0.62508596E+001
 -0.73593317E+000 -0.57338808E+000 -0.33057796E+000 -0.14034304E+000 -0.71058857E-001 -0.17677380E-001  0.73921432E-002  0.10062094E+001  0.23339141E+001  0.44474424E+001  0.62508599E+001
 -0.73593317E+000 -0.57338808E+000 -0.33057795E+000 -0.14034304E+000 -0.71058856E-001 -0.17677378E-001  0.73921439E-002  0.10062095E+001  0.23339142E+001  0.44474426E+001  0.62508601E+001
 -0.73593316E+000 -0.57338807E+000 -0.33057794E+000 -0.14034304E+000 -0.71058856E-001 -0.17677376E-001  0.73921446E-002  0.10062096E+001  0.23339144E+001  0.44474427E+001  0.62508603E+001
 -0.73593316E+000 -0.57338807E+000 -0.33057793E+000 -0.14034304E+000 -0.71058855E-001 -0.17677374E-001  0.73921452E-002  0.10062097E+001  0.23339145E+001  0.44474429E+001  0.62508605E+001
 -0.73593316E+000 -0.57338806E+000 -0.33057792E+000 -0.14034304E+000 -0.71058855E-001 -0.17677373E-001  0.73921458E-002  0.10062098E+001  0.23339146E+001  0.44474431E+001  0.62508607E+001
 -0.73593315E+000 -0.57338806E+000 -0.33057791E+000 -0.14034304E+000 -0.71058854E-001 -0.17677371E-001  0.73921463E-002  0.10062099E+001  0.23339147E+001  0.44474432E+001  0.62508608E+001
 -0.73593315E+000 -0.57338805E+000 -0.33057790E+000 -0.14034304E+000 -0.71058854E-001 -0.17677369E-001  0.73921468E-002  0.10062099E+001  0.23339148E+001  0.44474433E+001  0.62508610E+001
 -0.73593315E+000 -0.57338805E+000 -0.33057789E+000 -0.14034304E+000 -0.71058853E-001 -0.17677368E-001  0.73921473E-002  0.10062100E+001  0.23339149E+001  0.44474434E+001  0.62508612E+001
 -0.73593315E+000 -0.57338805E+000 -0.33057789E+000 -0.14034304E+000 -0.71058853E-001 -0.17677366E-001  0.73921477E-002  0.10062101E+001  0.23339150E+001  0.44474436E+001  0.62508613E+001
 -0.73593314E+000 -0.57338804E+000 -0.33057788E+000 -0.14034303E+000 -0.71058852E-001 -0.17677365E-001  0.73921482E-002  0.10062101E+001  0.23339151E+001  0.44474437E+001  0.62508614E+001
 -0.73593314E+000 -0.57338804E+000 -0.33057787E+000 -0.14034303E+000 -0.71058852E-001 -0.17677364E-001  0.73921486E-002  0.10062102E+001  0.23339151E+001  0.44474438E+001  0.62508615E+001
 -0.73593314E+000 -0.57338803E+000 -0.33057786E+000 -0.14034303E+000 -0.71058852E-001 -0.17677362E-001  0.73921489E-002  0.10062102E+001  0.23339152E+001  0.44474439E+001  0.62508617E+001
 -0.73593313E+000 -0.57338803E+000 -0.33057785E+000 -0.14034303E+000 -0.71058851E-001 -0.17677361E-001  0.73921493E-002  0.10062103E+001  0.23339153E+001  0.44474439E+001  0.62508618E+001
 -0.73593313E+000 -0.57338802E+000 -0.33057785E+000 -0.14034303E+000 -0.71058851E-001 -0.17677360E-001  0.73921496E-002  0.10062103E+001  0.23339153E+001  0.44474440E+001  0.62508619E+001
 -0.73593313E+000 -0.57338802E+000 -0.33057784E+000 -0.14034303E+000 -0.71058850E-001 -0.17677359E-001  0.73921499E-002  0.10062104E+001  0.23339154E+001  0.44474441E+001  0.62508619E+001
 -0.73593313E+000 -0.57338802E+000 -0.33057784E+000 -0.14034303E+000 -0.71058850E-001 -0.17677358E-001  0.73921502E-002  0.10062104E+001  0.23339154E+001  0.44474441E+001  0.62508620E+001
 -0.73593312E+000 -0.57338802E+000 -0.33057783E+000 -0.14034303E+000 -0.71058850E-001 -0.17677357E-001  0.73921504E-002  0.10062105E+001  0.23339155E+001  0.44474442E+001  0.62508620E+001
 -0.73593312E+000 -0.57338801E+000 -0.33057783E+000 -0.14034303E+000 -0.71058850E-001 -0.17677356E-001  0.73921506E-002  0.10062105E+001  0.23339155E+001  0.44474442E+001  0.62508620E+001
 -0.73593312E+000 -0.57338801E+000 -0.33057783E+000 -0.14034303E+000 -0.71058851E-001 -0.17677358E-001  0.73921507E-002  0.10062105E+001  0.23339155E+001  0.44474442E+001  0.62508620E+001
 -0.73593313E+000 -0.57338803E+000 -0.33057786E+000 -0.14034306E+000 -0.71058857E-001 -0.17677372E-001  0.73921503E-002  0.10062104E+001  0.23339154E+001  0.44474440E+001  0.62508618E+001
