  0.36140175E+000  0.41801697E+000  0.50506515E+000  0.58597387E+000  0.74069963E+000  0.89810210E+000  0.13077757E+001  0.17257007E+001  0.22751996E+001  0.43960065E+001  0.45958534E+001
  0.36168534E+000  0.41763222E+000  0.50458674E+000  0.58608638E+000  0.74002779E+000  0.89753154E+000  0.13070593E+001  0.17246606E+001  0.22748449E+001  0.43947527E+001  0.45949174E+001
  0.36166667E+000  0.41718925E+000  0.50415753E+000  0.58598232E+000  0.73944876E+000  0.89708861E+000  0.13065055E+001  0.17239166E+001  0.22745004E+001  0.43933601E+001  0.45941082E+001
  0.36155358E+000  0.41693581E+000  0.50378833E+000  0.58585407E+000  0.73895021E+000  0.89668793E+000  0.13059929E+001  0.17235263E+001  0.22742362E+001  0.43904310E+001  0.45933877E+001
  0.36140783E+000  0.41666134E+000  0.50347353E+000  0.58583144E+000  0.73852502E+000  0.89632271E+000  0.13055637E+001  0.17232041E+001  0.22740579E+001  0.43874411E+001  0.45928192E+001
  0.36220389E+000  0.41642888E+000  0.50318684E+000  0.58572685E+000  0.73815182E+000  0.89604998E+000  0.13051494E+001  0.17229483E+001  0.22738246E+001  0.43868235E+001  0.45923331E+001
  0.36216574E+000  0.41619889E+000  0.50297562E+000  0.58560450E+000  0.73786131E+000  0.89578290E+000  0.13048117E+001  0.17226961E+001  0.22736797E+001  0.43863293E+001  0.45918498E+001
  0.36211854E+000  0.41606573E+000  0.50276549E+000  0.58562780E+000  0.73760402E+000  0.89558871E+000  0.13045467E+001  0.17225199E+001  0.22735006E+001  0.43860155E+001  0.45915397E+001
  0.36206315E+000  0.41592441E+000  0.50262894E+000  0.58553906E+000  0.73738582E+000  0.89540984E+000  0.13043446E+001  0.17223457E+001  0.22733479E+001  0.43857703E+001  0.45910086E+001
  0.36200096E+000  0.41580441E+000  0.50249149E+000  0.58545815E+000  0.73720059E+000  0.89527072E+000  0.13041284E+001  0.17221582E+001  0.22732754E+001  0.43874864E+001  0.45906167E+001
  0.36193355E+000  0.41570157E+000  0.50237461E+000  0.58537512E+000  0.73704311E+000  0.89513947E+000  0.13039991E+001  0.17220450E+001  0.22731556E+001  0.43872596E+001  0.45907086E+001
  0.36186242E+000  0.41561440E+000  0.50227515E+000  0.58517411E+000  0.73690910E+000  0.89501511E+000  0.13038241E+001  0.17219527E+001  0.22730916E+001  0.43880208E+001  0.45905180E+001
  0.36178893E+000  0.41549340E+000  0.50219049E+000  0.58511871E+000  0.73679503E+000  0.89492714E+000  0.13037310E+001  0.17218632E+001  0.22730135E+001  0.43877961E+001  0.45903356E+001
  0.36171426E+000  0.41547869E+000  0.50211839E+000  0.58507103E+000  0.73669787E+000  0.89486092E+000  0.13036724E+001  0.17217905E+001  0.22729245E+001  0.43876054E+001  0.45901813E+001
  0.36135925E+000  0.41542517E+000  0.50202279E+000  0.58503008E+000  0.73661525E+000  0.89475259E+000  0.13035658E+001  0.17217279E+001  0.22729070E+001  0.43874720E+001  0.45899533E+001
  0.36083042E+000  0.41536324E+000  0.50200487E+000  0.58498618E+000  0.73653427E+000  0.89470205E+000  0.13035156E+001  0.17216739E+001  0.22728788E+001  0.43873793E+001  0.45897830E+001
  0.36062625E+000  0.41533281E+000  0.50188033E+000  0.58496231E+000  0.73648487E+000  0.89465920E+000  0.13034370E+001  0.17216274E+001  0.22728044E+001  0.43872931E+001  0.45896388E+001
  0.36060555E+000  0.41530693E+000  0.50192255E+000  0.58490129E+000  0.73643386E+000  0.89462427E+000  0.13033946E+001  0.17215874E+001  0.22727984E+001  0.43871735E+001  0.45895168E+001
  0.36058875E+000  0.41527969E+000  0.50183162E+000  0.58488415E+000  0.73639043E+000  0.89459551E+000  0.13033499E+001  0.17215530E+001  0.22727759E+001  0.43870842E+001  0.45894138E+001
  0.36057521E+000  0.41525582E+000  0.50186300E+000  0.58486941E+000  0.73635349E+000  0.89457118E+000  0.13033169E+001  0.17215234E+001  0.22727496E+001  0.43870146E+001  0.45893271E+001
  0.36056439E+000  0.41523556E+000  0.50179646E+000  0.58485673E+000  0.73632210E+000  0.89454393E+000  0.13032392E+001  0.17214981E+001  0.22727231E+001  0.43926264E+001  0.45892542E+001
  0.36055485E+000  0.41514263E+000  0.50178472E+000  0.58484478E+000  0.73629546E+000  0.89452527E+000  0.13032145E+001  0.17214764E+001  0.22727007E+001  0.43925880E+001  0.45891975E+001
  0.36054643E+000  0.41512870E+000  0.50177638E+000  0.58461581E+000  0.73627288E+000  0.89449074E+000  0.13031935E+001  0.17214568E+001  0.22726816E+001  0.43989221E+001  0.45895420E+001
  0.36053904E+000  0.41519153E+000  0.50178922E+000  0.58451609E+000  0.73625377E+000  0.89447913E+000  0.13031756E+001  0.17214357E+001  0.22726827E+001  0.43988819E+001  0.45895116E+001
  0.36053257E+000  0.41518115E+000  0.50177730E+000  0.58442629E+000  0.73623763E+000  0.89446938E+000  0.13031605E+001  0.17214234E+001  0.22726630E+001  0.43988660E+001  0.45971076E+001
  0.36052658E+000  0.41517241E+000  0.50176725E+000  0.58439606E+000  0.73622401E+000  0.89446121E+000  0.13031476E+001  0.17214129E+001  0.22726463E+001  0.43988460E+001  0.46018177E+001
  0.36051733E+000  0.41516507E+000  0.50175880E+000  0.58436666E+000  0.73621254E+000  0.89445460E+000  0.13031368E+001  0.17214066E+001  0.22726322E+001  0.44082911E+001  0.46017962E+001
  0.36050894E+000  0.41515891E+000  0.50175171E+000  0.58433759E+000  0.73620291E+000  0.89444745E+000  0.13031276E+001  0.17213965E+001  0.22726220E+001  0.44091726E+001  0.46017790E+001
  0.36050131E+000  0.41515375E+000  0.50174577E+000  0.58429604E+000  0.73619482E+000  0.89442091E+000  0.13031199E+001  0.17213903E+001  0.22726475E+001  0.44091579E+001  0.46017655E+001
  0.36049437E+000  0.41514945E+000  0.50174080E+000  0.58425793E+000  0.73618804E+000  0.89441643E+000  0.13031134E+001  0.17213850E+001  0.22726404E+001  0.44091469E+001  0.46046855E+001
  0.36048804E+000  0.41514585E+000  0.50172498E+000  0.58422310E+000  0.73618235E+000  0.89441269E+000  0.13031079E+001  0.17213805E+001  0.22726316E+001  0.44091387E+001  0.46047233E+001
  0.36048227E+000  0.41514285E+000  0.50172256E+000  0.58419138E+000  0.73617759E+000  0.89440958E+000  0.13031032E+001  0.17213571E+001  0.22726046E+001  0.44091328E+001  0.46047586E+001
  0.36047601E+000  0.41514035E+000  0.50172052E+000  0.58415114E+000  0.73617360E+000  0.89440699E+000  0.13030993E+001  0.17213514E+001  0.22725996E+001  0.44091286E+001  0.46047916E+001
  0.36046433E+000  0.41513826E+000  0.50172784E+000  0.58413731E+000  0.73617025E+000  0.89440482E+000  0.13030960E+001  0.17213466E+001  0.22725955E+001  0.44091258E+001  0.46055756E+001
  0.36045348E+000  0.41513651E+000  0.50172580E+000  0.58413158E+000  0.73616742E+000  0.89440302E+000  0.13030932E+001  0.17213425E+001  0.22725921E+001  0.44091239E+001  0.46055735E+001
  0.36044342E+000  0.41513504E+000  0.50172408E+000  0.58412504E+000  0.73616502E+000  0.89440150E+000  0.13030909E+001  0.17213389E+001  0.22725891E+001  0.44091228E+001  0.46055723E+001
  0.36043407E+000  0.41513379E+000  0.50171502E+000  0.58412053E+000  0.73616296E+000  0.89440022E+000  0.13030888E+001  0.17213359E+001  0.22725867E+001  0.44091223E+001  0.46055718E+001
  0.36042538E+000  0.41513273E+000  0.50171408E+000  0.58411654E+000  0.73616119E+000  0.89439914E+000  0.13030870E+001  0.17213333E+001  0.22725845E+001  0.44091221E+001  0.46055719E+001
  0.36041731E+000  0.41513181E+000  0.50171325E+000  0.58411301E+000  0.73615965E+000  0.89439820E+000  0.13030855E+001  0.17213310E+001  0.22725827E+001  0.44091223E+001  0.46055725E+001
  0.36040981E+000  0.41513100E+000  0.50171250E+000  0.58410988E+000  0.73615827E+000  0.89439739E+000  0.13030841E+001  0.17213289E+001  0.22725811E+001  0.44091227E+001  0.46055734E+001
  0.36040283E+000  0.41513028E+000  0.50171184E+000  0.58410710E+000  0.73615704E+000  0.89439668E+000  0.13030829E+001  0.17213270E+001  0.22725797E+001  0.44091232E+001  0.46055747E+001
  0.36034248E+000  0.41512963E+000  0.50171126E+000  0.58410463E+000  0.73615591E+000  0.89439604E+000  0.13030817E+001  0.17213253E+001  0.22725784E+001  0.44091239E+001  0.46055761E+001
  0.36029493E+000  0.41506103E+000  0.50171696E+000  0.58410242E+000  0.73615487E+000  0.89439546E+000  0.13030807E+001  0.17213236E+001  0.22725772E+001  0.44091246E+001  0.46065096E+001
  0.36025855E+000  0.41506058E+000  0.50171629E+000  0.58410044E+000  0.73615388E+000  0.89439491E+000  0.13030797E+001  0.17213230E+001  0.22725761E+001  0.44091253E+001  0.46065113E+001
  0.36022483E+000  0.41506015E+000  0.50171564E+000  0.58409865E+000  0.73615293E+000  0.89439440E+000  0.13030787E+001  0.17213228E+001  0.22725750E+001  0.44104581E+001  0.46065131E+001
  0.36019361E+000  0.41505972E+000  0.50171502E+000  0.58409702E+000  0.73615202E+000  0.89439391E+000  0.13030777E+001  0.17213226E+001  0.22725740E+001  0.44104597E+001  0.46065149E+001
  0.36016470E+000  0.41505929E+000  0.50171441E+000  0.58409554E+000  0.73615112E+000  0.89439343E+000  0.13030768E+001  0.17213224E+001  0.22725729E+001  0.44116650E+001  0.46065168E+001
  0.36013796E+000  0.41505887E+000  0.50171381E+000  0.58409417E+000  0.73615024E+000  0.89439295E+000  0.13030758E+001  0.17213222E+001  0.22725718E+001  0.44126337E+001  0.46065188E+001
  0.36011324E+000  0.41505844E+000  0.50171321E+000  0.58409289E+000  0.73614936E+000  0.89439247E+000  0.13030749E+001  0.17213219E+001  0.22725708E+001  0.44126362E+001  0.46065208E+001
  0.36009039E+000  0.41505800E+000  0.50171262E+000  0.58409170E+000  0.73614848E+000  0.89439199E+000  0.13030739E+001  0.17213217E+001  0.22725696E+001  0.44126387E+001  0.46065227E+001
  0.36006928E+000  0.41505755E+000  0.50171201E+000  0.58409057E+000  0.73614760E+000  0.89439150E+000  0.13030729E+001  0.17213214E+001  0.22725685E+001  0.44126412E+001  0.46065247E+001
  0.36004977E+000  0.41505710E+000  0.50171141E+000  0.58408948E+000  0.73614671E+000  0.89439099E+000  0.13030718E+001  0.17213211E+001  0.22725672E+001  0.44126436E+001  0.46065267E+001
  0.36003094E+000  0.41505663E+000  0.50171079E+000  0.58408844E+000  0.73614581E+000  0.89439048E+000  0.13030707E+001  0.17213208E+001  0.22725660E+001  0.44126461E+001  0.46065286E+001
  0.36000772E+000  0.41505615E+000  0.50171016E+000  0.58408744E+000  0.73614490E+000  0.89438994E+000  0.13030696E+001  0.17213204E+001  0.22725646E+001  0.44126486E+001  0.46065305E+001
  0.35998629E+000  0.41505565E+000  0.50170952E+000  0.58408645E+000  0.73614397E+000  0.89435520E+000  0.13030685E+001  0.17213200E+001  0.22725632E+001  0.44126510E+001  0.46065324E+001
  0.35989037E+000  0.41505514E+000  0.50170887E+000  0.58408549E+000  0.73614303E+000  0.89435418E+000  0.13030673E+001  0.17213195E+001  0.22725618E+001  0.44126534E+001  0.46065342E+001
  0.35988987E+000  0.41505462E+000  0.50170820E+000  0.58408453E+000  0.73614207E+000  0.89435313E+000  0.13030660E+001  0.17213190E+001  0.22725617E+001  0.44126558E+001  0.46065360E+001
  0.35988937E+000  0.41505408E+000  0.50170752E+000  0.58408358E+000  0.73614108E+000  0.89435206E+000  0.13030647E+001  0.17213185E+001  0.22725617E+001  0.44126581E+001  0.46065378E+001
  0.35988886E+000  0.41505353E+000  0.50170682E+000  0.58408264E+000  0.73614009E+000  0.89435096E+000  0.13030634E+001  0.17213179E+001  0.22725569E+001  0.44126605E+001  0.46065395E+001
  0.35988834E+000  0.41505296E+000  0.50170611E+000  0.58408170E+000  0.73613907E+000  0.89434985E+000  0.13030620E+001  0.17213173E+001  0.22725552E+001  0.44126627E+001  0.46065412E+001
  0.35988780E+000  0.41505238E+000  0.50170539E+000  0.58408076E+000  0.73613804E+000  0.89434870E+000  0.13030605E+001  0.17213167E+001  0.22725534E+001  0.44127111E+001  0.46065429E+001
  0.35988727E+000  0.41505179E+000  0.50169968E+000  0.58407982E+000  0.73613699E+000  0.89434754E+000  0.13030591E+001  0.17213160E+001  0.22725515E+001  0.44127129E+001  0.46065445E+001
  0.35988672E+000  0.41505119E+000  0.50169896E+000  0.58407887E+000  0.73613593E+000  0.89434635E+000  0.13030576E+001  0.17213153E+001  0.22725496E+001  0.44127146E+001  0.46065460E+001
  0.35988616E+000  0.41505057E+000  0.50169823E+000  0.58407792E+000  0.73613485E+000  0.89434515E+000  0.13030560E+001  0.17213145E+001  0.22725476E+001  0.44126942E+001  0.46065475E+001
  0.35988560E+000  0.41504995E+000  0.50169749E+000  0.58407697E+000  0.73613375E+000  0.89434392E+000  0.13030544E+001  0.17213138E+001  0.22725455E+001  0.44126949E+001  0.46065490E+001
  0.35988503E+000  0.41504932E+000  0.50169674E+000  0.58407601E+000  0.73613265E+000  0.89434269E+000  0.13030528E+001  0.17213304E+001  0.22725434E+001  0.44126956E+001  0.46065504E+001
  0.35988446E+000  0.41511553E+000  0.50170081E+000  0.58407505E+000  0.73613153E+000  0.89434143E+000  0.13030512E+001  0.17213283E+001  0.22725413E+001  0.44126963E+001  0.46065518E+001
  0.35988388E+000  0.41511486E+000  0.50170002E+000  0.58407409E+000  0.73613041E+000  0.89434017E+000  0.13030495E+001  0.17213263E+001  0.22725150E+001  0.44126969E+001  0.46065531E+001
  0.35988330E+000  0.41511418E+000  0.50169922E+000  0.58407312E+000  0.73612929E+000  0.89433890E+000  0.13030478E+001  0.17213242E+001  0.22725134E+001  0.44126976E+001  0.46065544E+001
  0.35988271E+000  0.41511350E+000  0.50169842E+000  0.58407215E+000  0.73612816E+000  0.89433761E+000  0.13030461E+001  0.17213221E+001  0.22725118E+001  0.44126981E+001  0.46065556E+001
  0.35988213E+000  0.41511282E+000  0.50169761E+000  0.58407118E+000  0.73612702E+000  0.89433633E+000  0.13030444E+001  0.17213200E+001  0.22725102E+001  0.44126987E+001  0.46065568E+001
  0.35988154E+000  0.41511214E+000  0.50169681E+000  0.58407021E+000  0.73612589E+000  0.89433503E+000  0.13030426E+001  0.17213179E+001  0.22725086E+001  0.44126992E+001  0.46065580E+001
  0.35988096E+000  0.41511145E+000  0.50169600E+000  0.58406924E+000  0.73612475E+000  0.89433374E+000  0.13030409E+001  0.17213158E+001  0.22725070E+001  0.44126997E+001  0.46065591E+001
  0.35988037E+000  0.41511077E+000  0.50169520E+000  0.58406827E+000  0.73612362E+000  0.89433244E+000  0.13030391E+001  0.17213136E+001  0.22725054E+001  0.44127002E+001  0.46065602E+001
  0.35987979E+000  0.41511009E+000  0.50169440E+000  0.58406730E+000  0.73612249E+000  0.89433115E+000  0.13030374E+001  0.17213115E+001  0.22725037E+001  0.44127006E+001  0.46065613E+001
  0.35987920E+000  0.41510941E+000  0.50169360E+000  0.58406633E+000  0.73612137E+000  0.89432986E+000  0.13030356E+001  0.17213094E+001  0.22725021E+001  0.44127010E+001  0.46065623E+001
  0.35987862E+000  0.41510874E+000  0.50169281E+000  0.58406537E+000  0.73612025E+000  0.89432885E+000  0.13030338E+001  0.17213072E+001  0.22725004E+001  0.44127014E+001  0.46066393E+001
  0.35987805E+000  0.41510807E+000  0.50169202E+000  0.58406441E+000  0.73611914E+000  0.89432805E+000  0.13030320E+001  0.17213051E+001  0.22724987E+001  0.44127018E+001  0.46066402E+001
  0.35987748E+000  0.41510740E+000  0.50169124E+000  0.58406346E+000  0.73611805E+000  0.89432726E+000  0.13030303E+001  0.17213030E+001  0.22724971E+001  0.44127021E+001  0.46066410E+001
  0.35987691E+000  0.41510674E+000  0.50169047E+000  0.58406252E+000  0.73611696E+000  0.89432647E+000  0.13030285E+001  0.17213009E+001  0.22724955E+001  0.44127025E+001  0.46066418E+001
  0.35987636E+000  0.41510609E+000  0.50168970E+000  0.58406158E+000  0.73611588E+000  0.89432570E+000  0.13030268E+001  0.17212994E+001  0.22724938E+001  0.44127028E+001  0.46066425E+001
  0.35987580E+000  0.41510545E+000  0.50168895E+000  0.58406065E+000  0.73611482E+000  0.89432493E+000  0.13030251E+001  0.17212985E+001  0.22724922E+001  0.44127033E+001  0.46066432E+001
  0.35987526E+000  0.41510482E+000  0.50168820E+000  0.58405973E+000  0.73611378E+000  0.89432417E+000  0.13030234E+001  0.17212976E+001  0.22724906E+001  0.44127047E+001  0.46066439E+001
  0.35987472E+000  0.41510419E+000  0.50168747E+000  0.58405883E+000  0.73611274E+000  0.89432342E+000  0.13030217E+001  0.17212967E+001  0.22724890E+001  0.44127060E+001  0.46066445E+001
  0.35987419E+000  0.41510358E+000  0.50168674E+000  0.58405793E+000  0.73611173E+000  0.89432268E+000  0.13030200E+001  0.17212959E+001  0.22724875E+001  0.44127074E+001  0.46066451E+001
  0.35987366E+000  0.41510297E+000  0.50168603E+000  0.58405705E+000  0.73611073E+000  0.89432195E+000  0.13030184E+001  0.17212950E+001  0.22724859E+001  0.44127087E+001  0.46066456E+001
  0.35987315E+000  0.41510237E+000  0.50168533E+000  0.58405618E+000  0.73610975E+000  0.89432124E+000  0.13030167E+001  0.17212941E+001  0.22724546E+001  0.44127099E+001  0.46066462E+001
  0.35987264E+000  0.41510179E+000  0.50168464E+000  0.58405533E+000  0.73610878E+000  0.89432053E+000  0.13030151E+001  0.17212933E+001  0.22724519E+001  0.44127111E+001  0.46066467E+001
  0.35987215E+000  0.41510121E+000  0.50168397E+000  0.58405449E+000  0.73610783E+000  0.89431985E+000  0.13030136E+001  0.17212925E+001  0.22724492E+001  0.44127123E+001  0.46066472E+001
  0.35987166E+000  0.41510065E+000  0.50168331E+000  0.58405367E+000  0.73610691E+000  0.89431917E+000  0.13030120E+001  0.17212917E+001  0.22724466E+001  0.44127135E+001  0.46066476E+001
  0.35987118E+000  0.41510010E+000  0.50168266E+000  0.58405287E+000  0.73610600E+000  0.89431851E+000  0.13030105E+001  0.17212996E+001  0.22724440E+001  0.44127146E+001  0.46066481E+001
  0.35987072E+000  0.41509956E+000  0.50168203E+000  0.58405208E+000  0.73610511E+000  0.89431786E+000  0.13030090E+001  0.17212978E+001  0.22724414E+001  0.44127157E+001  0.46066485E+001
  0.35987026E+000  0.41509903E+000  0.50168141E+000  0.58405132E+000  0.73610424E+000  0.89431723E+000  0.13030076E+001  0.17212960E+001  0.22724390E+001  0.44127167E+001  0.46066488E+001
  0.35986981E+000  0.41509852E+000  0.50168080E+000  0.58405057E+000  0.73610339E+000  0.89431662E+000  0.13030062E+001  0.17212943E+001  0.22724365E+001  0.44127177E+001  0.46066492E+001
  0.35986938E+000  0.41509801E+000  0.50168021E+000  0.58404985E+000  0.73610256E+000  0.89431602E+000  0.13030048E+001  0.17212925E+001  0.22724342E+001  0.44127187E+001  0.46066495E+001
  0.35986895E+000  0.41509752E+000  0.50167963E+000  0.58404914E+000  0.73610175E+000  0.89431543E+000  0.13030035E+001  0.17212908E+001  0.22724319E+001  0.44127196E+001  0.46066498E+001
  0.35986853E+000  0.41509704E+000  0.50167907E+000  0.58404846E+000  0.73610096E+000  0.89431486E+000  0.13030022E+001  0.17212892E+001  0.22724296E+001  0.44127205E+001  0.46066501E+001
  0.35986813E+000  0.41509658E+000  0.50167853E+000  0.58404779E+000  0.73610019E+000  0.89431431E+000  0.13030009E+001  0.17212930E+001  0.22724282E+001  0.44127214E+001  0.46066504E+001
  0.35986774E+000  0.41509613E+000  0.50167394E+000  0.58404715E+000  0.73609945E+000  0.89431377E+000  0.13029996E+001  0.17212919E+001  0.22724269E+001  0.44127222E+001  0.46066506E+001
  0.35986736E+000  0.41509569E+000  0.50167345E+000  0.58404654E+000  0.73609872E+000  0.89431325E+000  0.13029984E+001  0.17212908E+001  0.22724256E+001  0.44127229E+001  0.46066508E+001
  0.35986699E+000  0.41509526E+000  0.50167297E+000  0.58404594E+000  0.73609802E+000  0.89431275E+000  0.13029973E+001  0.17212897E+001  0.22724243E+001  0.44127236E+001  0.46066510E+001
  0.35986663E+000  0.41509485E+000  0.50167251E+000  0.58404537E+000  0.73609734E+000  0.89431226E+000  0.13029961E+001  0.17212886E+001  0.22724230E+001  0.44127243E+001  0.46066512E+001
  0.35986628E+000  0.41509445E+000  0.50167602E+000  0.58404482E+000  0.73609669E+000  0.89431179E+000  0.13029950E+001  0.17212876E+001  0.22724218E+001  0.44127249E+001  0.46066513E+001
  0.35986595E+000  0.41509406E+000  0.50167557E+000  0.58404429E+000  0.73609605E+000  0.89431134E+000  0.13029940E+001  0.17212866E+001  0.22724207E+001  0.44127254E+001  0.46066514E+001
  0.35986563E+000  0.41509369E+000  0.50167513E+000  0.58404378E+000  0.73609544E+000  0.89431091E+000  0.13029930E+001  0.17212856E+001  0.22724195E+001  0.44127259E+001  0.46066515E+001
  0.35986532E+000  0.41509333E+000  0.50167471E+000  0.58404330E+000  0.73609485E+000  0.89431049E+000  0.13029920E+001  0.17212846E+001  0.22724184E+001  0.44127263E+001  0.46066515E+001
  0.35986502E+000  0.41509299E+000  0.50167431E+000  0.58404284E+000  0.73609429E+000  0.89431009E+000  0.13029911E+001  0.17212837E+001  0.22724174E+001  0.44127267E+001  0.46066515E+001
  0.35986474E+000  0.41509266E+000  0.50167392E+000  0.58404240E+000  0.73609374E+000  0.89430970E+000  0.13029902E+001  0.17212828E+001  0.22724164E+001  0.44127270E+001  0.46066515E+001
  0.35986447E+000  0.41509234E+000  0.50167355E+000  0.58404198E+000  0.73609323E+000  0.89430934E+000  0.13029893E+001  0.17212820E+001  0.22724154E+001  0.44127273E+001  0.46066515E+001
  0.35986421E+000  0.41509204E+000  0.50167320E+000  0.58404159E+000  0.73609274E+000  0.89430899E+000  0.13029885E+001  0.17212812E+001  0.22724145E+001  0.44127275E+001  0.46066514E+001
  0.35986397E+000  0.41509175E+000  0.50167287E+000  0.58404121E+000  0.73609227E+000  0.89430867E+000  0.13029877E+001  0.17212804E+001  0.22724136E+001  0.44127276E+001  0.46066513E+001
  0.35986374E+000  0.41509148E+000  0.50167255E+000  0.58404087E+000  0.73609183E+000  0.89430836E+000  0.13029870E+001  0.17212797E+001  0.22724127E+001  0.44127277E+001  0.46066512E+001
  0.35986352E+000  0.41509123E+000  0.50167225E+000  0.58404054E+000  0.73609141E+000  0.89430807E+000  0.13029863E+001  0.17212790E+001  0.22724119E+001  0.44127277E+001  0.46066511E+001
  0.35986332E+000  0.41509099E+000  0.50167197E+000  0.58404023E+000  0.73609102E+000  0.89430780E+000  0.13029857E+001  0.17212670E+001  0.22724112E+001  0.44127277E+001  0.46066509E+001
  0.35986313E+000  0.41509077E+000  0.50167171E+000  0.58403995E+000  0.73609066E+000  0.89430755E+000  0.13029851E+001  0.17212653E+001  0.22724104E+001  0.44127276E+001  0.46066507E+001
  0.35986296E+000  0.41509056E+000  0.50167147E+000  0.58403969E+000  0.73609032E+000  0.89430731E+000  0.13029845E+001  0.17212637E+001  0.22724098E+001  0.44127275E+001  0.46066505E+001
  0.35986280E+000  0.41509037E+000  0.50167125E+000  0.58403946E+000  0.73609001E+000  0.89430710E+000  0.13029840E+001  0.17212623E+001  0.22724091E+001  0.44127273E+001  0.46066503E+001
  0.35986266E+000  0.41509020E+000  0.50167105E+000  0.58403924E+000  0.73608973E+000  0.89430691E+000  0.13029835E+001  0.17212610E+001  0.22724086E+001  0.44127271E+001  0.46066501E+001
  0.35986253E+000  0.41509004E+000  0.50167086E+000  0.58403905E+000  0.73608947E+000  0.89430674E+000  0.13029831E+001  0.17212600E+001  0.22724080E+001  0.44127268E+001  0.46066498E+001
  0.35986242E+000  0.41508990E+000  0.50167070E+000  0.58403889E+000  0.73608925E+000  0.89430658E+000  0.13029827E+001  0.17212591E+001  0.22724075E+001  0.44127265E+001  0.46066496E+001
  0.35986232E+000  0.41508977E+000  0.50167055E+000  0.58403875E+000  0.73608904E+000  0.89430645E+000  0.13029824E+001  0.17212584E+001  0.22724071E+001  0.44127262E+001  0.46066493E+001
  0.35986223E+000  0.41508966E+000  0.50167043E+000  0.58403863E+000  0.73608887E+000  0.89430634E+000  0.13029821E+001  0.17212578E+001  0.22724067E+001  0.44127258E+001  0.46066490E+001
  0.35986216E+000  0.41508957E+000  0.50167032E+000  0.58403853E+000  0.73608872E+000  0.89430624E+000  0.13029818E+001  0.17212573E+001  0.22724064E+001  0.44127254E+001  0.46066487E+001
  0.35986211E+000  0.41508949E+000  0.50167023E+000  0.58403846E+000  0.73608860E+000  0.89430617E+000  0.13029816E+001  0.17212570E+001  0.22724061E+001  0.44127249E+001  0.46066484E+001
  0.35986207E+000  0.41508943E+000  0.50167016E+000  0.58403841E+000  0.73608850E+000  0.89430611E+000  0.13029815E+001  0.17212568E+001  0.22724058E+001  0.44127245E+001  0.46066481E+001
  0.35986204E+000  0.41508939E+000  0.50167011E+000  0.58403838E+000  0.73608843E+000  0.89430607E+000  0.13029814E+001  0.17212568E+001  0.22724057E+001  0.44127240E+001  0.46066478E+001
  0.35986202E+000  0.41508935E+000  0.50167007E+000  0.58403838E+000  0.73608839E+000  0.89430604E+000  0.13029813E+001  0.17212568E+001  0.22724055E+001  0.44127235E+001  0.46066475E+001
  0.35986201E+000  0.41508934E+000  0.50167005E+000  0.58403839E+000  0.73608836E+000  0.89430604E+000  0.13029813E+001  0.17212569E+001  0.22724054E+001  0.44127230E+001  0.46066472E+001
  0.35986202E+000  0.41508933E+000  0.50167005E+000  0.58403843E+000  0.73608836E+000  0.89430604E+000  0.13029813E+001  0.17212571E+001  0.22724053E+001  0.44127225E+001  0.46066470E+001
  0.35986204E+000  0.41508934E+000  0.50167006E+000  0.58403848E+000  0.73608837E+000  0.89430606E+000  0.13029813E+001  0.17212574E+001  0.22724053E+001  0.44127220E+001  0.46066467E+001
  0.35986206E+000  0.41508936E+000  0.50167008E+000  0.58403855E+000  0.73608841E+000  0.89430610E+000  0.13029814E+001  0.17212577E+001  0.22724053E+001  0.44127215E+001  0.46066464E+001
  0.35986210E+000  0.41508939E+000  0.50167012E+000  0.58403863E+000  0.73608846E+000  0.89430614E+000  0.13029815E+001  0.17212581E+001  0.22724054E+001  0.44127210E+001  0.46066461E+001
  0.35986214E+000  0.41508943E+000  0.50167016E+000  0.58403874E+000  0.73608853E+000  0.89430620E+000  0.13029816E+001  0.17212585E+001  0.22724054E+001  0.44127205E+001  0.46066459E+001
  0.35986219E+000  0.41508948E+000  0.50167022E+000  0.58403885E+000  0.73608862E+000  0.89430627E+000  0.13029817E+001  0.17212590E+001  0.22724056E+001  0.44127200E+001  0.46066456E+001
  0.35986225E+000  0.41508953E+000  0.50167029E+000  0.58403898E+000  0.73608872E+000  0.89430635E+000  0.13029819E+001  0.17212595E+001  0.22724057E+001  0.44127195E+001  0.46066454E+001
  0.35986232E+000  0.41508960E+000  0.50167036E+000  0.58403912E+000  0.73608882E+000  0.89430643E+000  0.13029821E+001  0.17212601E+001  0.22724059E+001  0.44127191E+001  0.46066452E+001
  0.35986239E+000  0.41508967E+000  0.50167045E+000  0.58403926E+000  0.73608894E+000  0.89430652E+000  0.13029823E+001  0.17212606E+001  0.22724060E+001  0.44127186E+001  0.46066450E+001
  0.35986246E+000  0.41508974E+000  0.50167054E+000  0.58403942E+000  0.73608907E+000  0.89430662E+000  0.13029825E+001  0.17212612E+001  0.22724063E+001  0.44127182E+001  0.46066448E+001
  0.35986253E+000  0.41508982E+000  0.50167063E+000  0.58403958E+000  0.73608921E+000  0.89430672E+000  0.13029828E+001  0.17212619E+001  0.22724065E+001  0.44127177E+001  0.46066446E+001
  0.35986261E+000  0.41508991E+000  0.50167073E+000  0.58403975E+000  0.73608935E+000  0.89430683E+000  0.13029830E+001  0.17212625E+001  0.22724067E+001  0.44127173E+001  0.46066444E+001
  0.35986270E+000  0.41508999E+000  0.50167084E+000  0.58403992E+000  0.73608950E+000  0.89430694E+000  0.13029833E+001  0.17212632E+001  0.22724070E+001  0.44127169E+001  0.46066442E+001
  0.35986278E+000  0.41509008E+000  0.50167094E+000  0.58404010E+000  0.73608965E+000  0.89430705E+000  0.13029835E+001  0.17212639E+001  0.22724073E+001  0.44127165E+001  0.46066441E+001
  0.35986287E+000  0.41509018E+000  0.50167105E+000  0.58404028E+000  0.73608980E+000  0.89430717E+000  0.13029838E+001  0.17212647E+001  0.22724075E+001  0.44127162E+001  0.46066439E+001
  0.35986295E+000  0.41509027E+000  0.50167116E+000  0.58404045E+000  0.73608996E+000  0.89430729E+000  0.13029841E+001  0.17212655E+001  0.22724078E+001  0.44127158E+001  0.46066438E+001
  0.35986304E+000  0.41509037E+000  0.50167128E+000  0.58404063E+000  0.73609012E+000  0.89430740E+000  0.13029844E+001  0.17212663E+001  0.22724081E+001  0.44127155E+001  0.46066436E+001
  0.35986313E+000  0.41509046E+000  0.50167139E+000  0.58404081E+000  0.73609028E+000  0.89430752E+000  0.13029847E+001  0.17212769E+001  0.22724085E+001  0.44127152E+001  0.46066435E+001
  0.35986322E+000  0.41509056E+000  0.50167150E+000  0.58404098E+000  0.73609044E+000  0.89430764E+000  0.13029850E+001  0.17212771E+001  0.22724088E+001  0.44127149E+001  0.46066434E+001
  0.35986330E+000  0.41509065E+000  0.50167162E+000  0.58404116E+000  0.73609060E+000  0.89430776E+000  0.13029853E+001  0.17212774E+001  0.22724091E+001  0.44127147E+001  0.46066433E+001
  0.35986339E+000  0.41509075E+000  0.50167173E+000  0.58404132E+000  0.73609076E+000  0.89430788E+000  0.13029855E+001  0.17212777E+001  0.22724094E+001  0.44127145E+001  0.46066432E+001
  0.35986348E+000  0.41509085E+000  0.50167184E+000  0.58404149E+000  0.73609092E+000  0.89430799E+000  0.13029858E+001  0.17212780E+001  0.22724097E+001  0.44127143E+001  0.46066431E+001
  0.35986356E+000  0.41509094E+000  0.50167195E+000  0.58404164E+000  0.73609108E+000  0.89430811E+000  0.13029861E+001  0.17212783E+001  0.22724100E+001  0.44127141E+001  0.46066431E+001
  0.35986364E+000  0.41509103E+000  0.50167206E+000  0.58404179E+000  0.73609123E+000  0.89430822E+000  0.13029864E+001  0.17212786E+001  0.22724104E+001  0.44127139E+001  0.46066430E+001
  0.35986372E+000  0.41509112E+000  0.50167217E+000  0.58404194E+000  0.73609138E+000  0.89430833E+000  0.13029867E+001  0.17212789E+001  0.22724107E+001  0.44127138E+001  0.46066430E+001
  0.35986380E+000  0.41509121E+000  0.50167227E+000  0.58404207E+000  0.73609153E+000  0.89430843E+000  0.13029869E+001  0.17212792E+001  0.22724110E+001  0.44127138E+001  0.46066430E+001
  0.35986387E+000  0.41509130E+000  0.50167237E+000  0.58404220E+000  0.73609167E+000  0.89430853E+000  0.13029872E+001  0.17212794E+001  0.22724113E+001  0.44127137E+001  0.46066429E+001
  0.35986394E+000  0.41509138E+000  0.50167247E+000  0.58404232E+000  0.73609181E+000  0.89430863E+000  0.13029874E+001  0.17212797E+001  0.22724116E+001  0.44127137E+001  0.46066430E+001
  0.35986401E+000  0.41509146E+000  0.50167256E+000  0.58404242E+000  0.73609193E+000  0.89430872E+000  0.13029876E+001  0.17212799E+001  0.22724119E+001  0.44127137E+001  0.46066430E+001
  0.35986407E+000  0.41509153E+000  0.50167265E+000  0.58404252E+000  0.73609205E+000  0.89430880E+000  0.13029879E+001  0.17212802E+001  0.22724121E+001  0.44127138E+001  0.46066430E+001
  0.35986413E+000  0.41509160E+000  0.50167273E+000  0.58404260E+000  0.73609217E+000  0.89430888E+000  0.13029880E+001  0.17212804E+001  0.22724124E+001  0.44127138E+001  0.46066431E+001
  0.35986418E+000  0.41509166E+000  0.50167280E+000  0.58404267E+000  0.73609227E+000  0.89430895E+000  0.13029882E+001  0.17212806E+001  0.22724126E+001  0.44127139E+001  0.46066431E+001
  0.35986422E+000  0.41509172E+000  0.50167287E+000  0.58404274E+000  0.73609236E+000  0.89430902E+000  0.13029884E+001  0.17212808E+001  0.22724128E+001  0.44127141E+001  0.46066432E+001
  0.35986426E+000  0.41509177E+000  0.50167293E+000  0.58404278E+000  0.73609245E+000  0.89430907E+000  0.13029885E+001  0.17212809E+001  0.22724130E+001  0.44127142E+001  0.46066433E+001
  0.35986430E+000  0.41509182E+000  0.50167298E+000  0.58404282E+000  0.73609252E+000  0.89430912E+000  0.13029887E+001  0.17212810E+001  0.22724132E+001  0.44127144E+001  0.46066434E+001
  0.35986433E+000  0.41509186E+000  0.50167303E+000  0.58404284E+000  0.73609258E+000  0.89430916E+000  0.13029888E+001  0.17212812E+001  0.22724134E+001  0.44127146E+001  0.46066435E+001
  0.35986435E+000  0.41509189E+000  0.50167306E+000  0.58404285E+000  0.73609263E+000  0.89430919E+000  0.13029888E+001  0.17212812E+001  0.22724135E+001  0.44127148E+001  0.46066437E+001
  0.35986436E+000  0.41509191E+000  0.50167309E+000  0.58404285E+000  0.73609267E+000  0.89430921E+000  0.13029889E+001  0.17212813E+001  0.22724136E+001  0.44127151E+001  0.46066438E+001
  0.35986437E+000  0.41509193E+000  0.50167311E+000  0.58404284E+000  0.73609269E+000  0.89430922E+000  0.13029889E+001  0.17212813E+001  0.22724136E+001  0.44127153E+001  0.46066439E+001
  0.35986437E+000  0.41509194E+000  0.50167312E+000  0.58404281E+000  0.73609270E+000  0.89430922E+000  0.13029889E+001  0.17212814E+001  0.22724137E+001  0.44127156E+001  0.46066441E+001
  0.35986437E+000  0.41509194E+000  0.50167312E+000  0.58404277E+000  0.73609270E+000  0.89430921E+000  0.13029889E+001  0.17212814E+001  0.22724137E+001  0.44127159E+001  0.46066442E+001
  0.35986435E+000  0.41509193E+000  0.50167311E+000  0.58404273E+000  0.73609269E+000  0.89430920E+000  0.13029889E+001  0.17212813E+001  0.22724137E+001  0.44127162E+001  0.46066444E+001
  0.35986434E+000  0.41509192E+000  0.50167310E+000  0.58404267E+000  0.73609267E+000  0.89430917E+000  0.13029888E+001  0.17212813E+001  0.22724137E+001  0.44127164E+001  0.46066445E+001
  0.35986431E+000  0.41509190E+000  0.50167307E+000  0.58404261E+000  0.73609263E+000  0.89430914E+000  0.13029888E+001  0.17212812E+001  0.22724136E+001  0.44127167E+001  0.46066447E+001
  0.35986428E+000  0.41509188E+000  0.50167304E+000  0.58404253E+000  0.73609259E+000  0.89430910E+000  0.13029887E+001  0.17212811E+001  0.22724135E+001  0.44127170E+001  0.46066448E+001
  0.35986425E+000  0.41509184E+000  0.50167300E+000  0.58404245E+000  0.73609253E+000  0.89430906E+000  0.13029886E+001  0.17212810E+001  0.22724134E+001  0.44127172E+001  0.46066449E+001
  0.35986421E+000  0.41509181E+000  0.50167296E+000  0.58404237E+000  0.73609247E+000  0.89430901E+000  0.13029884E+001  0.17212809E+001  0.22724133E+001  0.44127175E+001  0.46066451E+001
  0.35986417E+000  0.41509177E+000  0.50167291E+000  0.58404228E+000  0.73609240E+000  0.89430895E+000  0.13029883E+001  0.17212807E+001  0.22724132E+001  0.44127177E+001  0.46066452E+001
  0.35986413E+000  0.41509172E+000  0.50167286E+000  0.58404218E+000  0.73609232E+000  0.89430889E+000  0.13029882E+001  0.17212806E+001  0.22724130E+001  0.44127179E+001  0.46066453E+001
  0.35986408E+000  0.41509167E+000  0.50167280E+000  0.58404209E+000  0.73609223E+000  0.89430883E+000  0.13029880E+001  0.17212804E+001  0.22724129E+001  0.44127181E+001  0.46066454E+001
  0.35986403E+000  0.41509162E+000  0.50167273E+000  0.58404199E+000  0.73609215E+000  0.89430876E+000  0.13029878E+001  0.17212803E+001  0.22724127E+001  0.44127183E+001  0.46066455E+001
  0.35986398E+000  0.41509156E+000  0.50167267E+000  0.58404189E+000  0.73609205E+000  0.89430869E+000  0.13029877E+001  0.17212801E+001  0.22724125E+001  0.44127185E+001  0.46066455E+001
  0.35986393E+000  0.41509151E+000  0.50167260E+000  0.58404180E+000  0.73609196E+000  0.89430862E+000  0.13029875E+001  0.17212799E+001  0.22724123E+001  0.44127186E+001  0.46066456E+001
  0.35986388E+000  0.41509145E+000  0.50167254E+000  0.58404170E+000  0.73609186E+000  0.89430855E+000  0.13029873E+001  0.17212797E+001  0.22724121E+001  0.44127187E+001  0.46066457E+001
  0.35986382E+000  0.41509139E+000  0.50167247E+000  0.58404161E+000  0.73609177E+000  0.89430848E+000  0.13029872E+001  0.17212795E+001  0.22724119E+001  0.44127188E+001  0.46066457E+001
  0.35986377E+000  0.41509133E+000  0.50167240E+000  0.58404152E+000  0.73609168E+000  0.89430841E+000  0.13029870E+001  0.17212794E+001  0.22724117E+001  0.44127189E+001  0.46066457E+001
  0.35986373E+000  0.41509128E+000  0.50167234E+000  0.58404144E+000  0.73609158E+000  0.89430835E+000  0.13029868E+001  0.17212792E+001  0.22724115E+001  0.44127189E+001  0.46066457E+001
  0.35986368E+000  0.41509123E+000  0.50167227E+000  0.58404137E+000  0.73609150E+000  0.89430828E+000  0.13029867E+001  0.17212790E+001  0.22724113E+001  0.44127189E+001  0.46066457E+001
  0.35986363E+000  0.41509117E+000  0.50167221E+000  0.58404130E+000  0.73609141E+000  0.89430822E+000  0.13029865E+001  0.17212789E+001  0.22724111E+001  0.44127189E+001  0.46066457E+001
  0.35986359E+000  0.41509113E+000  0.50167216E+000  0.58404123E+000  0.73609133E+000  0.89430817E+000  0.13029864E+001  0.17212787E+001  0.22724110E+001  0.44127189E+001  0.46066457E+001
  0.35986356E+000  0.41509108E+000  0.50167210E+000  0.58404118E+000  0.73609126E+000  0.89430812E+000  0.13029863E+001  0.17212786E+001  0.22724108E+001  0.44127188E+001  0.46066456E+001
  0.35986352E+000  0.41509104E+000  0.50167205E+000  0.58404113E+000  0.73609119E+000  0.89430807E+000  0.13029861E+001  0.17212785E+001  0.22724107E+001  0.44127187E+001  0.46066456E+001
  0.35986349E+000  0.41509100E+000  0.50167201E+000  0.58404109E+000  0.73609113E+000  0.89430803E+000  0.13029860E+001  0.17212784E+001  0.22724106E+001  0.44127186E+001  0.46066456E+001
  0.35986347E+000  0.41509097E+000  0.50167197E+000  0.58404105E+000  0.73609107E+000  0.89430800E+000  0.13029860E+001  0.17212783E+001  0.22724104E+001  0.44127185E+001  0.46066455E+001
  0.35986345E+000  0.41509094E+000  0.50167194E+000  0.58404103E+000  0.73609103E+000  0.89430797E+000  0.13029859E+001  0.17212783E+001  0.22724104E+001  0.44127184E+001  0.46066455E+001
  0.35986343E+000  0.41509091E+000  0.50167191E+000  0.58404101E+000  0.73609099E+000  0.89430795E+000  0.13029859E+001  0.17212782E+001  0.22724103E+001  0.44127181E+001  0.46066453E+001
  0.35986342E+000  0.41509089E+000  0.50167188E+000  0.58404100E+000  0.73609095E+000  0.89430794E+000  0.13029858E+001  0.17212781E+001  0.22724102E+001  0.44127178E+001  0.46066451E+001
  0.35986340E+000  0.41509087E+000  0.50167186E+000  0.58404099E+000  0.73609092E+000  0.89430792E+000  0.13029858E+001  0.17212780E+001  0.22724102E+001  0.44127173E+001  0.46066448E+001
  0.35986338E+000  0.41509086E+000  0.50167185E+000  0.58404097E+000  0.73609090E+000  0.89430790E+000  0.13029857E+001  0.17212781E+001  0.22724101E+001  0.44127168E+001  0.46066443E+001
  0.35986337E+000  0.41509085E+000  0.50167183E+000  0.58404097E+000  0.73609089E+000  0.89430785E+000  0.13029857E+001  0.17212780E+001  0.22724101E+001  0.44127162E+001  0.46066438E+001
  0.35986337E+000  0.41509083E+000  0.50167182E+000  0.58404126E+000  0.73609088E+000  0.89430781E+000  0.13029857E+001  0.17212790E+001  0.22724102E+001  0.44127171E+001  0.46066449E+001
  0.35986372E+000  0.41509081E+000  0.50167180E+000  0.58404151E+000  0.73609088E+000  0.89430834E+000  0.13029868E+001  0.17212791E+001  0.22724112E+001  0.44127173E+001  0.46066453E+001
