  0.14820945E+000
  0.15129753E+000
  0.15385019E+000
  0.15596916E+000
  0.15773463E+000
  0.15921042E+000
  0.16044769E+000
  0.16148769E+000
  0.16236388E+000
  0.16310356E+000
  0.16372919E+000
  0.16425842E+000
  0.16470625E+000
  0.16508639E+000
  0.16540933E+000
  0.16568384E+000
  0.16591725E+000
  0.16611575E+000
  0.16628453E+000
  0.16642800E+000
  0.16654987E+000
  0.16665334E+000
  0.16674108E+000
  0.16681542E+000
  0.16687831E+000
  0.16693146E+000
  0.16697630E+000
  0.16701409E+000
  0.16704587E+000
  0.16707255E+000
  0.16709497E+000
  0.16711378E+000
  0.16712957E+000
  0.16714283E+000
  0.16715398E+000
  0.16716337E+000
  0.16717130E+000
  0.16717800E+000
  0.16718370E+000
  0.16718855E+000
  0.16719270E+000
  0.16719626E+000
  0.16719933E+000
  0.16720197E+000
  0.16720425E+000
  0.16720622E+000
  0.16720792E+000
  0.16720938E+000
  0.16721063E+000
  0.16721169E+000
  0.16721260E+000
  0.16721335E+000
  0.16721398E+000
  0.16721450E+000
  0.16721492E+000
  0.16721525E+000
  0.16721551E+000
  0.16721571E+000
  0.16721586E+000
  0.16721596E+000
  0.16721602E+000
  0.16721606E+000
  0.16721607E+000
  0.16721607E+000
  0.16721605E+000
  0.16721603E+000
  0.16721599E+000
  0.16721596E+000
  0.16721592E+000
  0.16721588E+000
  0.16721585E+000
  0.16721581E+000
  0.16721578E+000
  0.16721574E+000
  0.16721571E+000
  0.16721568E+000
  0.16721566E+000
  0.16721563E+000
  0.16721561E+000
  0.16721558E+000
  0.16721556E+000
  0.16721554E+000
  0.16721551E+000
  0.16721549E+000
  0.16721547E+000
  0.16721545E+000
  0.16721543E+000
  0.16721541E+000
  0.16721539E+000
  0.16721537E+000
  0.16721534E+000
  0.16721532E+000
  0.16721530E+000
  0.16721529E+000
  0.16721527E+000
  0.16721525E+000
  0.16721523E+000
  0.16721521E+000
  0.16721520E+000
  0.16721518E+000
  0.16721517E+000
  0.16721515E+000
  0.16721514E+000
  0.16721513E+000
  0.16721512E+000
  0.16721511E+000
  0.16721510E+000
  0.16721509E+000
  0.16721508E+000
  0.16721508E+000
  0.16721507E+000
  0.16721507E+000
  0.16721506E+000
  0.16721506E+000
  0.16721507E+000
  0.16721507E+000
  0.16721508E+000
  0.16721509E+000
  0.16721511E+000
  0.16721514E+000
  0.16721517E+000
  0.16721520E+000
  0.16721524E+000
  0.16721529E+000
  0.16721535E+000
  0.16721542E+000
  0.16721548E+000
  0.16721556E+000
  0.16721564E+000
  0.16721572E+000
  0.16721580E+000
  0.16721588E+000
  0.16721597E+000
  0.16721604E+000
  0.16721612E+000
  0.16721619E+000
  0.16721625E+000
  0.16721630E+000
  0.16721634E+000
  0.16721637E+000
  0.16721639E+000
  0.16721640E+000
  0.16721640E+000
  0.16721638E+000
  0.16721636E+000
  0.16721632E+000
  0.16721626E+000
  0.16721620E+000
  0.16721613E+000
  0.16721605E+000
  0.16721596E+000
  0.16721586E+000
  0.16721575E+000
  0.16721564E+000
  0.16721553E+000
  0.16721541E+000
  0.16721528E+000
  0.16721516E+000
  0.16721504E+000
  0.16721491E+000
  0.16721479E+000
  0.16721467E+000
  0.16721455E+000
  0.16721444E+000
  0.16721433E+000
  0.16721423E+000
  0.16721413E+000
  0.16721404E+000
  0.16721396E+000
  0.16721389E+000
  0.16721383E+000
  0.16721378E+000
  0.16721373E+000
  0.16721370E+000
  0.16721368E+000
  0.16721368E+000
  0.16721368E+000
  0.16721370E+000
  0.16721373E+000
  0.16721377E+000
  0.16721382E+000
  0.16721388E+000
  0.16721396E+000
  0.16721405E+000
  0.16721414E+000
  0.16721425E+000
  0.16721437E+000
  0.16721449E+000
  0.16721462E+000
  0.16721476E+000
  0.16721490E+000
  0.16721504E+000
  0.16721519E+000
  0.16721534E+000
  0.16721549E+000
  0.16721564E+000
  0.16721579E+000
  0.16721603E+000
  0.16721693E+000
  0.16721825E+000
