  0.78961221E-002
  0.81899731E-002
  0.84511381E-002
  0.86736408E-002
  0.88628077E-002
  0.90234231E-002
  0.91597125E-002
  0.92753246E-002
  0.93733670E-002
  0.94565026E-002
  0.95269926E-002
  0.95867583E-002
  0.96374302E-002
  0.96803924E-002
  0.97168208E-002
  0.97477632E-002
  0.97740485E-002
  0.97963744E-002
  0.98153386E-002
  0.98314499E-002
  0.98451419E-002
  0.98567844E-002
  0.98666929E-002
  0.98751364E-002
  0.98823448E-002
  0.98885140E-002
  0.98938115E-002
  0.98983797E-002
  0.99023404E-002
  0.99057967E-002
  0.99088363E-002
  0.99115337E-002
  0.99139513E-002
  0.99161419E-002
  0.99181496E-002
  0.99200113E-002
  0.99217573E-002
  0.99234129E-002
  0.99249987E-002
  0.99265317E-002
  0.99280256E-002
  0.99294914E-002
  0.99309382E-002
  0.99323730E-002
  0.99338017E-002
  0.99352288E-002
  0.99366578E-002
  0.99380916E-002
  0.99395323E-002
  0.99409814E-002
  0.99424399E-002
  0.99439085E-002
  0.99453873E-002
  0.99468764E-002
  0.99483752E-002
  0.99498833E-002
  0.99513996E-002
  0.99529232E-002
  0.99544530E-002
  0.99559874E-002
  0.99575250E-002
  0.99590638E-002
  0.99606015E-002
  0.99621353E-002
  0.99636618E-002
  0.99651773E-002
  0.99666777E-002
  0.99681590E-002
  0.99696172E-002
  0.99710494E-002
  0.99724531E-002
  0.99738267E-002
  0.99751697E-002
  0.99764821E-002
  0.99777639E-002
  0.99790153E-002
  0.99802352E-002
  0.99814218E-002
  0.99825716E-002
  0.99836815E-002
  0.99847514E-002
  0.99857801E-002
  0.99867671E-002
  0.99877120E-002
  0.99886143E-002
  0.99894738E-002
  0.99902905E-002
  0.99910644E-002
  0.99917960E-002
  0.99924855E-002
  0.99931337E-002
  0.99937413E-002
  0.99943091E-002
  0.99948381E-002
  0.99953297E-002
  0.99957849E-002
  0.99962052E-002
  0.99965919E-002
  0.99969467E-002
  0.99972710E-002
  0.99975665E-002
  0.99978349E-002
  0.99980777E-002
  0.99982967E-002
  0.99984935E-002
  0.99986697E-002
  0.99988268E-002
  0.99989666E-002
  0.99990903E-002
  0.99991995E-002
  0.99992956E-002
  0.99993798E-002
  0.99994533E-002
  0.99995173E-002
  0.99995728E-002
  0.99996209E-002
  0.99996623E-002
  0.99996980E-002
  0.99997286E-002
  0.99997549E-002
  0.99997775E-002
  0.99997968E-002
  0.99998134E-002
  0.99998276E-002
  0.99998399E-002
  0.99998505E-002
  0.99998597E-002
  0.99998677E-002
  0.99998749E-002
  0.99998812E-002
  0.99998868E-002
  0.99998920E-002
  0.99998967E-002
  0.99999010E-002
  0.99999050E-002
  0.99999088E-002
  0.99999124E-002
  0.99999158E-002
  0.99999191E-002
  0.99999222E-002
  0.99999253E-002
  0.99999282E-002
  0.99999311E-002
  0.99999338E-002
  0.99999365E-002
  0.99999391E-002
  0.99999416E-002
  0.99999441E-002
  0.99999465E-002
  0.99999488E-002
  0.99999511E-002
  0.99999533E-002
  0.99999554E-002
  0.99999574E-002
  0.99999594E-002
  0.99999614E-002
  0.99999632E-002
  0.99999650E-002
  0.99999668E-002
  0.99999684E-002
  0.99999701E-002
  0.99999716E-002
  0.99999731E-002
  0.99999746E-002
  0.99999760E-002
  0.99999773E-002
  0.99999786E-002
  0.99999798E-002
  0.99999810E-002
  0.99999822E-002
  0.99999832E-002
  0.99999843E-002
  0.99999853E-002
  0.99999862E-002
  0.99999871E-002
  0.99999880E-002
  0.99999888E-002
  0.99999896E-002
  0.99999904E-002
  0.99999911E-002
  0.99999918E-002
  0.99999924E-002
  0.99999931E-002
  0.99999937E-002
  0.99999942E-002
  0.99999948E-002
  0.99999953E-002
  0.99999958E-002
  0.99999962E-002
  0.99999967E-002
  0.99999971E-002
  0.99999976E-002
  0.99999980E-002
  0.99999985E-002
  0.99999989E-002
  0.99999992E-002
  0.99999995E-002
  0.10000000E-001
  0.99999997E-002
  0.99999949E-002
